0 beaver_vis 30 0.985 0.052 0.001 0.458 0.220 0.008 0.002 0.016 0.000 0.002 0.000 0.004 0.002 0.000 0.000 0.063 0.001 0.002 0.000 0.000 0.000 0.000 0.030 0.202 0.005 0.036 0.028 0.168 0.009 0.001 0.001 0.001 0.006 0.001 0.001 0.003 0.001 0.001 0.001 0.000 0.001 0.001 0.024 0.003 0.013 0.001 0.001 0.000 0.000 0.001 0.000 0.001 0.001 0.000 0.007 0.001 0.000 0.000 
1 bear_vis 30 0.987 0.069 0.001 0.522 0.145 0.009 0.001 0.032 0.000 0.002 0.000 0.010 0.001 0.000 0.000 0.110 0.000 0.001 0.000 0.000 0.000 0.000 0.027 0.435 0.003 0.038 0.028 0.089 0.008 0.001 0.001 0.001 0.005 0.001 0.001 0.002 0.001 0.001 0.001 0.000 0.002 0.001 0.015 0.003 0.025 0.001 0.001 0.000 0.000 0.001 0.000 0.001 0.001 0.000 0.010 0.001 0.000 0.000 
2 sheep_vis 30 0.979 0.021 0.001 0.386 0.302 0.010 0.002 0.005 0.000 0.002 0.000 0.003 0.002 0.000 0.000 0.031 0.001 0.003 0.001 0.000 0.000 0.000 0.018 0.104 0.010 0.061 0.015 0.162 0.011 0.001 0.001 0.001 0.010 0.001 0.001 0.004 0.002 0.001 0.002 0.000 0.001 0.001 0.014 0.001 0.006 0.000 0.001 0.000 0.000 0.001 0.000 0.001 0.002 0.000 0.006 0.001 0.000 0.001 
3 buffalo_vis 30 0.989 0.054 0.001 0.605 0.149 0.006 0.001 0.034 0.000 0.001 0.000 0.007 0.001 0.000 0.000 0.106 0.000 0.001 0.000 0.000 0.000 0.000 0.025 0.369 0.003 0.047 0.034 0.127 0.010 0.001 0.001 0.001 0.005 0.001 0.001 0.002 0.001 0.001 0.001 0.000 0.001 0.001 0.017 0.002 0.025 0.001 0.001 0.000 0.000 0.000 0.000 0.000 0.001 0.000 0.006 0.001 0.000 0.000 
4 poodle_vis 30 0.987 0.038 0.001 0.512 0.244 0.006 0.001 0.013 0.000 0.002 0.001 0.003 0.002 0.000 0.000 0.056 0.001 0.002 0.000 0.000 0.000 0.000 0.027 0.154 0.006 0.042 0.029 0.222 0.010 0.001 0.001 0.001 0.006 0.001 0.001 0.002 0.001 0.001 0.001 0.000 0.001 0.001 0.024 0.002 0.011 0.000 0.001 0.000 0.000 0.000 0.000 0.001 0.001 0.000 0.005 0.001 0.000 0.000 
5 giraffe_vis 30 0.988 0.054 0.001 0.558 0.172 0.007 0.001 0.028 0.000 0.002 0.000 0.006 0.001 0.000 0.000 0.095 0.000 0.001 0.000 0.000 0.000 0.000 0.027 0.323 0.003 0.043 0.032 0.143 0.010 0.001 0.001 0.001 0.005 0.001 0.001 0.002 0.001 0.001 0.001 0.000 0.001 0.001 0.019 0.002 0.022 0.001 0.001 0.000 0.000 0.000 0.000 0.001 0.001 0.000 0.006 0.001 0.000 0.000 
6 robin_vis 30 0.987 0.010 0.001 0.298 0.427 0.006 0.002 0.002 0.000 0.002 0.000 0.001 0.002 0.000 0.000 0.012 0.001 0.004 0.001 0.000 0.000 0.000 0.013 0.035 0.020 0.047 0.009 0.159 0.009 0.001 0.001 0.002 0.010 0.000 0.001 0.005 0.002 0.001 0.001 0.000 0.000 0.001 0.013 0.001 0.002 0.000 0.001 0.000 0.000 0.000 0.001 0.001 0.003 0.000 0.003 0.001 0.000 0.000 
7 swan_vis 30 0.977 0.001 0.002 0.096 0.808 0.009 0.005 0.002 0.001 0.003 0.000 0.001 0.004 0.000 0.000 0.002 0.006 0.024 0.003 0.001 0.000 0.000 0.003 0.006 0.122 0.085 0.002 0.059 0.024 0.001 0.000 0.025 0.071 0.000 0.002 0.038 0.005 0.001 0.002 0.000 0.000 0.001 0.002 0.001 0.001 0.000 0.001 0.000 0.000 0.001 0.001 0.001 0.009 0.000 0.004 0.001 0.000 0.001 
8 woodpecker_vis 30 0.982 0.009 0.001 0.238 0.473 0.008 0.002 0.002 0.000 0.002 0.000 0.001 0.002 0.000 0.000 0.010 0.001 0.005 0.001 0.000 0.000 0.000 0.011 0.031 0.021 0.052 0.007 0.136 0.010 0.001 0.001 0.002 0.013 0.000 0.001 0.006 0.002 0.001 0.001 0.000 0.000 0.001 0.011 0.001 0.002 0.000 0.001 0.000 0.000 0.001 0.001 0.001 0.004 0.000 0.004 0.001 0.000 0.001 
9 peacock_vis 30 0.987 0.003 0.001 0.106 0.730 0.006 0.002 0.001 0.000 0.002 0.000 0.001 0.002 0.000 0.000 0.002 0.003 0.006 0.001 0.000 0.000 0.000 0.006 0.008 0.038 0.038 0.003 0.071 0.012 0.001 0.000 0.005 0.022 0.000 0.001 0.015 0.002 0.001 0.001 0.000 0.000 0.001 0.005 0.001 0.001 0.000 0.001 0.000 0.000 0.000 0.001 0.001 0.007 0.000 0.004 0.001 0.000 0.000 
10 crow_vis 30 0.987 0.003 0.001 0.174 0.637 0.006 0.002 0.001 0.000 0.002 0.000 0.001 0.002 0.000 0.000 0.004 0.002 0.007 0.001 0.000 0.000 0.000 0.006 0.011 0.047 0.056 0.004 0.094 0.011 0.001 0.000 0.004 0.020 0.000 0.001 0.011 0.003 0.001 0.001 0.000 0.000 0.001 0.005 0.001 0.001 0.000 0.001 0.000 0.000 0.000 0.001 0.001 0.005 0.000 0.003 0.001 0.000 0.000 
11 eagle_vis 30 0.982 0.002 0.001 0.084 0.775 0.008 0.003 0.002 0.000 0.002 0.000 0.001 0.002 0.000 0.000 0.002 0.004 0.008 0.002 0.001 0.000 0.000 0.005 0.007 0.045 0.043 0.002 0.064 0.017 0.001 0.000 0.008 0.030 0.000 0.001 0.019 0.003 0.001 0.001 0.000 0.000 0.001 0.004 0.001 0.001 0.000 0.001 0.000 0.000 0.001 0.001 0.001 0.007 0.000 0.004 0.001 0.000 0.001 
12 tuna_vis 30 0.982 0.007 0.001 0.239 0.504 0.008 0.002 0.002 0.000 0.002 0.000 0.001 0.002 0.000 0.000 0.009 0.001 0.005 0.001 0.000 0.000 0.000 0.010 0.026 0.026 0.057 0.006 0.130 0.010 0.001 0.001 0.002 0.014 0.000 0.001 0.008 0.002 0.001 0.001 0.000 0.000 0.001 0.010 0.001 0.002 0.000 0.001 0.000 0.000 0.001 0.001 0.001 0.004 0.000 0.005 0.001 0.000 0.001 
13 goldfish_vis 30 0.989 0.021 0.001 0.555 0.240 0.006 0.001 0.007 0.000 0.001 0.000 0.002 0.002 0.000 0.000 0.042 0.001 0.002 0.000 0.000 0.000 0.000 0.016 0.120 0.010 0.070 0.021 0.188 0.010 0.001 0.001 0.001 0.007 0.001 0.001 0.003 0.001 0.001 0.001 0.000 0.000 0.001 0.017 0.001 0.008 0.000 0.001 0.000 0.000 0.000 0.000 0.001 0.001 0.000 0.004 0.001 0.000 0.000 
14 salmon_vis 30 0.989 0.024 0.001 0.522 0.277 0.005 0.001 0.007 0.000 0.001 0.001 0.002 0.002 0.000 0.000 0.038 0.001 0.002 0.000 0.000 0.000 0.000 0.021 0.103 0.010 0.052 0.024 0.249 0.010 0.001 0.001 0.001 0.006 0.001 0.001 0.002 0.001 0.001 0.001 0.000 0.000 0.001 0.020 0.001 0.007 0.000 0.001 0.000 0.000 0.000 0.000 0.000 0.001 0.000 0.003 0.001 0.000 0.000 
15 sardine_vis 30 0.988 0.016 0.001 0.563 0.252 0.005 0.001 0.006 0.000 0.001 0.001 0.002 0.002 0.000 0.000 0.035 0.001 0.003 0.000 0.000 0.000 0.000 0.015 0.115 0.012 0.085 0.022 0.224 0.012 0.001 0.001 0.001 0.007 0.001 0.001 0.002 0.001 0.001 0.001 0.000 0.000 0.001 0.013 0.001 0.007 0.000 0.001 0.000 0.000 0.000 0.000 0.000 0.001 0.000 0.003 0.001 0.000 0.000 
16 catfish_vis 30 0.991 0.009 0.001 0.438 0.384 0.004 0.001 0.002 0.000 0.001 0.000 0.001 0.002 0.000 0.000 0.013 0.001 0.004 0.001 0.000 0.000 0.000 0.011 0.034 0.029 0.070 0.009 0.177 0.008 0.001 0.000 0.001 0.009 0.000 0.001 0.005 0.002 0.000 0.000 0.000 0.000 0.001 0.012 0.001 0.002 0.000 0.001 0.000 0.000 0.000 0.001 0.001 0.002 0.000 0.003 0.001 0.000 0.000 
17 cod_vis 30 0.986 0.008 0.001 0.554 0.269 0.007 0.002 0.003 0.000 0.002 0.000 0.002 0.002 0.000 0.000 0.022 0.001 0.005 0.001 0.000 0.000 0.000 0.008 0.072 0.022 0.148 0.011 0.135 0.012 0.001 0.001 0.002 0.012 0.000 0.001 0.004 0.002 0.001 0.001 0.000 0.000 0.001 0.007 0.001 0.004 0.000 0.001 0.000 0.000 0.001 0.001 0.001 0.001 0.000 0.003 0.001 0.000 0.001 
18 turtle_vis 30 0.991 0.005 0.001 0.162 0.626 0.004 0.001 0.001 0.000 0.001 0.000 0.001 0.001 0.000 0.000 0.004 0.002 0.003 0.001 0.000 0.000 0.000 0.008 0.012 0.027 0.031 0.004 0.095 0.007 0.001 0.000 0.002 0.013 0.000 0.001 0.008 0.002 0.000 0.000 0.000 0.000 0.001 0.008 0.000 0.001 0.000 0.001 0.000 0.000 0.000 0.001 0.001 0.005 0.000 0.003 0.001 0.000 0.000 
19 rattlesnake_vis 30 0.991 0.004 0.001 0.156 0.636 0.004 0.001 0.001 0.000 0.001 0.000 0.001 0.001 0.000 0.000 0.004 0.002 0.003 0.001 0.000 0.000 0.000 0.007 0.009 0.031 0.033 0.004 0.082 0.008 0.001 0.000 0.003 0.014 0.000 0.001 0.011 0.002 0.000 0.000 0.000 0.000 0.001 0.007 0.000 0.001 0.000 0.001 0.000 0.000 0.000 0.001 0.001 0.005 0.000 0.003 0.001 0.000 0.000 
20 crab_vis 30 0.990 0.004 0.001 0.136 0.663 0.005 0.001 0.001 0.000 0.002 0.000 0.001 0.002 0.000 0.000 0.004 0.002 0.004 0.001 0.000 0.000 0.000 0.007 0.011 0.028 0.032 0.003 0.087 0.008 0.001 0.000 0.003 0.015 0.000 0.001 0.010 0.002 0.000 0.000 0.000 0.000 0.001 0.008 0.001 0.001 0.000 0.001 0.000 0.000 0.000 0.001 0.001 0.006 0.000 0.003 0.001 0.000 0.000 
21 frog_vis 30 0.991 0.004 0.001 0.204 0.597 0.004 0.001 0.001 0.000 0.001 0.000 0.001 0.002 0.000 0.000 0.004 0.002 0.005 0.001 0.000 0.000 0.000 0.007 0.012 0.042 0.047 0.004 0.099 0.008 0.001 0.000 0.003 0.015 0.000 0.001 0.008 0.002 0.000 0.000 0.000 0.000 0.001 0.006 0.000 0.001 0.000 0.001 0.000 0.000 0.000 0.001 0.001 0.004 0.000 0.002 0.001 0.000 0.000 
22 gecko_vis 30 0.985 0.002 0.001 0.088 0.768 0.007 0.002 0.001 0.000 0.002 0.000 0.001 0.002 0.000 0.000 0.002 0.004 0.007 0.002 0.000 0.000 0.000 0.005 0.007 0.042 0.038 0.002 0.064 0.014 0.001 0.000 0.007 0.026 0.000 0.001 0.018 0.003 0.001 0.001 0.000 0.000 0.001 0.005 0.001 0.001 0.000 0.001 0.000 0.000 0.000 0.001 0.001 0.007 0.000 0.004 0.001 0.000 0.000 
23 crocodile_vis 30 0.990 0.003 0.001 0.119 0.706 0.005 0.001 0.001 0.000 0.002 0.000 0.001 0.002 0.000 0.000 0.003 0.002 0.004 0.001 0.000 0.000 0.000 0.006 0.009 0.034 0.032 0.003 0.074 0.009 0.001 0.000 0.004 0.018 0.000 0.001 0.012 0.002 0.000 0.000 0.000 0.000 0.001 0.006 0.000 0.001 0.000 0.001 0.000 0.000 0.000 0.001 0.001 0.006 0.000 0.003 0.001 0.000 0.000 
24 axe_vis 30 0.009 0.000 0.001 0.005 0.073 0.962 0.854 0.146 0.001 0.137 0.000 0.000 0.003 0.000 0.000 0.001 0.002 0.020 0.000 0.000 0.001 0.000 0.002 0.002 0.018 0.017 0.000 0.084 0.004 0.002 0.000 0.002 0.020 0.000 0.160 0.021 0.103 0.001 0.056 0.000 0.000 0.001 0.063 0.001 0.080 0.000 0.001 0.000 0.000 0.001 0.014 0.005 0.042 0.000 0.009 0.021 0.001 0.107 
25 hammer_vis 30 0.011 0.000 0.001 0.008 0.055 0.964 0.774 0.169 0.002 0.120 0.000 0.000 0.003 0.000 0.000 0.001 0.001 0.013 0.000 0.000 0.002 0.000 0.002 0.004 0.011 0.033 0.000 0.037 0.006 0.001 0.001 0.003 0.023 0.000 0.046 0.041 0.033 0.001 0.163 0.001 0.000 0.001 0.026 0.001 0.074 0.000 0.001 0.000 0.000 0.001 0.006 0.006 0.017 0.000 0.011 0.009 0.001 0.112 
26 screwdriver_vis 30 0.013 0.000 0.001 0.007 0.073 0.932 0.954 0.068 0.002 0.120 0.000 0.000 0.009 0.000 0.001 0.001 0.001 0.022 0.000 0.000 0.004 0.000 0.003 0.008 0.019 0.023 0.000 0.073 0.003 0.002 0.001 0.002 0.042 0.000 0.435 0.013 0.129 0.001 0.289 0.001 0.000 0.001 0.025 0.001 0.072 0.001 0.001 0.000 0.000 0.001 0.004 0.006 0.027 0.000 0.016 0.036 0.001 0.158 
27 chisel_vis 30 0.010 0.000 0.001 0.006 0.075 0.963 0.827 0.155 0.001 0.157 0.000 0.000 0.003 0.000 0.000 0.001 0.002 0.019 0.000 0.000 0.001 0.000 0.002 0.002 0.017 0.018 0.000 0.083 0.004 0.002 0.000 0.002 0.020 0.000 0.149 0.022 0.086 0.001 0.058 0.000 0.000 0.001 0.069 0.001 0.086 0.000 0.001 0.000 0.000 0.001 0.014 0.006 0.045 0.000 0.010 0.018 0.000 0.112 
28 saw_vis 30 0.012 0.000 0.001 0.009 0.039 0.962 0.772 0.125 0.003 0.087 0.000 0.001 0.002 0.000 0.000 0.001 0.001 0.009 0.000 0.000 0.004 0.000 0.001 0.007 0.007 0.050 0.000 0.016 0.006 0.001 0.001 0.003 0.027 0.000 0.029 0.048 0.014 0.001 0.354 0.001 0.000 0.001 0.010 0.001 0.068 0.001 0.001 0.000 0.000 0.001 0.003 0.007 0.007 0.000 0.012 0.006 0.001 0.127 
29 drill_vis 30 0.009 0.000 0.001 0.007 0.061 0.962 0.855 0.174 0.001 0.071 0.000 0.000 0.003 0.000 0.000 0.001 0.002 0.020 0.000 0.000 0.002 0.000 0.002 0.002 0.017 0.020 0.000 0.063 0.005 0.001 0.001 0.003 0.019 0.000 0.063 0.036 0.124 0.001 0.063 0.000 0.000 0.001 0.038 0.001 0.052 0.000 0.001 0.000 0.000 0.001 0.012 0.004 0.024 0.000 0.006 0.015 0.000 0.069 
30 clamp_vis 30 0.027 0.000 0.001 0.038 0.031 0.883 0.002 0.767 0.001 0.149 0.003 0.001 0.001 0.000 0.000 0.055 0.045 0.029 0.018 0.000 0.001 0.000 0.002 0.001 0.018 0.075 0.004 0.020 0.068 0.001 0.000 0.026 0.007 0.000 0.001 0.124 0.006 0.000 0.006 0.000 0.001 0.002 0.111 0.001 0.202 0.000 0.001 0.001 0.000 0.001 0.126 0.004 0.015 0.001 0.005 0.002 0.000 0.068 
31 hoe_vis 30 0.035 0.000 0.001 0.030 0.071 0.904 0.006 0.545 0.001 0.270 0.001 0.000 0.001 0.000 0.000 0.022 0.019 0.022 0.007 0.000 0.000 0.000 0.002 0.001 0.018 0.065 0.001 0.039 0.034 0.001 0.000 0.021 0.012 0.000 0.003 0.120 0.006 0.000 0.011 0.000 0.000 0.001 0.142 0.001 0.190 0.000 0.001 0.000 0.000 0.001 0.089 0.010 0.034 0.000 0.015 0.003 0.000 0.077 
32 rake_vis 30 0.023 0.000 0.001 0.034 0.041 0.928 0.002 0.718 0.001 0.235 0.002 0.001 0.001 0.000 0.000 0.039 0.035 0.014 0.020 0.000 0.000 0.000 0.002 0.001 0.013 0.053 0.003 0.020 0.051 0.001 0.000 0.026 0.008 0.000 0.001 0.175 0.004 0.000 0.005 0.000 0.001 0.002 0.140 0.002 0.198 0.000 0.001 0.000 0.000 0.001 0.140 0.008 0.023 0.000 0.010 0.002 0.000 0.050 
33 shovel_vis 30 0.019 0.000 0.001 0.049 0.045 0.889 0.012 0.813 0.001 0.173 0.002 0.001 0.001 0.000 0.000 0.048 0.028 0.072 0.004 0.000 0.001 0.000 0.002 0.001 0.030 0.123 0.003 0.053 0.065 0.001 0.000 0.024 0.012 0.000 0.004 0.082 0.018 0.000 0.029 0.000 0.000 0.001 0.139 0.001 0.316 0.000 0.001 0.000 0.000 0.001 0.129 0.003 0.017 0.000 0.006 0.004 0.000 0.143 
34 spade_vis 30 0.030 0.000 0.001 0.052 0.041 0.864 0.002 0.742 0.001 0.113 0.002 0.001 0.001 0.000 0.000 0.056 0.049 0.020 0.018 0.000 0.001 0.000 0.002 0.001 0.016 0.075 0.005 0.020 0.087 0.001 0.000 0.033 0.008 0.000 0.001 0.165 0.004 0.000 0.006 0.000 0.001 0.001 0.114 0.002 0.209 0.000 0.001 0.001 0.000 0.001 0.160 0.005 0.011 0.000 0.006 0.002 0.000 0.044 
35 wrench_vis 30 0.011 0.000 0.001 0.010 0.072 0.987 0.011 0.503 0.001 0.838 0.000 0.000 0.001 0.000 0.000 0.005 0.006 0.005 0.006 0.000 0.000 0.000 0.002 0.001 0.009 0.018 0.000 0.033 0.007 0.001 0.000 0.010 0.010 0.000 0.008 0.176 0.005 0.000 0.006 0.000 0.000 0.001 0.234 0.001 0.167 0.000 0.001 0.000 0.000 0.001 0.066 0.049 0.208 0.000 0.087 0.005 0.001 0.079 
36 accordion_vis 30 0.017 0.000 0.001 0.009 0.085 0.932 0.108 0.213 0.001 0.315 0.000 0.000 0.002 0.000 0.001 0.003 0.006 0.014 0.002 0.000 0.001 0.000 0.003 0.002 0.014 0.023 0.001 0.047 0.009 0.003 0.001 0.009 0.018 0.000 0.030 0.065 0.018 0.001 0.023 0.000 0.001 0.001 0.109 0.002 0.103 0.001 0.001 0.000 0.000 0.001 0.031 0.021 0.073 0.000 0.029 0.010 0.001 0.076 
37 cello_vis 30 0.033 0.000 0.001 0.033 0.034 0.860 0.002 0.680 0.001 0.131 0.003 0.001 0.001 0.000 0.000 0.050 0.058 0.015 0.034 0.000 0.001 0.000 0.002 0.001 0.013 0.053 0.005 0.014 0.071 0.001 0.000 0.030 0.007 0.000 0.001 0.153 0.004 0.001 0.003 0.000 0.001 0.002 0.109 0.002 0.167 0.000 0.001 0.001 0.000 0.001 0.140 0.006 0.015 0.000 0.007 0.002 0.000 0.040 
38 flute_vis 30 0.019 0.000 0.001 0.015 0.066 0.933 0.021 0.436 0.001 0.302 0.001 0.000 0.001 0.000 0.000 0.010 0.014 0.016 0.005 0.000 0.001 0.000 0.002 0.001 0.015 0.036 0.001 0.037 0.019 0.002 0.000 0.014 0.012 0.000 0.009 0.094 0.010 0.001 0.010 0.000 0.000 0.001 0.148 0.001 0.152 0.000 0.001 0.000 0.000 0.001 0.072 0.014 0.052 0.000 0.017 0.005 0.001 0.074 
39 guitar_vis 30 0.012 0.000 0.001 0.006 0.079 0.978 0.043 0.288 0.001 0.629 0.000 0.000 0.001 0.000 0.000 0.003 0.005 0.006 0.002 0.000 0.000 0.000 0.002 0.001 0.009 0.015 0.000 0.037 0.005 0.002 0.000 0.007 0.012 0.000 0.018 0.100 0.008 0.001 0.009 0.000 0.000 0.001 0.182 0.001 0.117 0.001 0.001 0.000 0.000 0.001 0.042 0.038 0.148 0.000 0.049 0.008 0.001 0.075 
40 piano_vis 30 0.029 0.000 0.001 0.025 0.056 0.829 0.016 0.523 0.001 0.136 0.002 0.001 0.001 0.000 0.000 0.029 0.034 0.020 0.012 0.000 0.001 0.000 0.002 0.002 0.015 0.053 0.003 0.025 0.053 0.002 0.001 0.026 0.012 0.000 0.006 0.110 0.008 0.001 0.010 0.000 0.001 0.002 0.109 0.002 0.166 0.001 0.001 0.001 0.000 0.001 0.097 0.008 0.021 0.000 0.011 0.004 0.001 0.052 
41 trumpet_vis 30 0.037 0.000 0.002 0.031 0.024 0.857 0.001 0.709 0.001 0.118 0.005 0.001 0.001 0.000 0.000 0.057 0.068 0.016 0.051 0.000 0.000 0.000 0.001 0.001 0.013 0.052 0.005 0.011 0.073 0.001 0.000 0.028 0.006 0.000 0.001 0.142 0.003 0.000 0.002 0.000 0.001 0.002 0.092 0.001 0.152 0.000 0.001 0.001 0.000 0.001 0.127 0.004 0.012 0.001 0.005 0.002 0.000 0.041 
42 fork_vis 30 0.015 0.000 0.001 0.013 0.073 0.948 0.041 0.444 0.001 0.318 0.000 0.000 0.001 0.000 0.000 0.008 0.010 0.015 0.003 0.000 0.001 0.000 0.002 0.002 0.013 0.036 0.001 0.039 0.017 0.002 0.001 0.013 0.014 0.000 0.013 0.092 0.010 0.001 0.020 0.000 0.001 0.001 0.139 0.001 0.171 0.001 0.001 0.000 0.000 0.001 0.059 0.015 0.049 0.000 0.021 0.006 0.001 0.082 
43 spoon_vis 30 0.010 0.000 0.001 0.005 0.090 0.985 0.078 0.306 0.001 0.756 0.000 0.000 0.001 0.000 0.000 0.002 0.003 0.005 0.001 0.000 0.000 0.000 0.002 0.001 0.009 0.014 0.000 0.046 0.004 0.002 0.000 0.006 0.013 0.000 0.031 0.102 0.009 0.001 0.013 0.000 0.000 0.001 0.210 0.001 0.131 0.001 0.001 0.000 0.000 0.001 0.036 0.050 0.209 0.000 0.076 0.009 0.001 0.097 
44 tongs_vis 30 0.012 0.000 0.001 0.010 0.078 0.977 0.031 0.464 0.001 0.634 0.000 0.000 0.001 0.000 0.000 0.006 0.007 0.010 0.003 0.000 0.000 0.000 0.002 0.001 0.012 0.026 0.001 0.048 0.008 0.002 0.000 0.010 0.012 0.000 0.015 0.111 0.009 0.001 0.012 0.000 0.000 0.001 0.215 0.001 0.169 0.000 0.001 0.000 0.000 0.001 0.061 0.028 0.129 0.000 0.041 0.007 0.001 0.097 
45 ladle_vis 30 0.014 0.000 0.001 0.006 0.102 0.978 0.075 0.297 0.001 0.759 0.000 0.000 0.001 0.000 0.000 0.002 0.003 0.007 0.002 0.000 0.000 0.000 0.002 0.001 0.010 0.016 0.000 0.056 0.004 0.002 0.000 0.006 0.014 0.000 0.033 0.108 0.010 0.001 0.014 0.000 0.000 0.001 0.220 0.001 0.128 0.001 0.001 0.000 0.000 0.001 0.036 0.054 0.237 0.000 0.084 0.009 0.001 0.099 
46 knife_vis 30 0.009 0.000 0.001 0.005 0.103 0.988 0.072 0.326 0.001 0.883 0.000 0.000 0.001 0.000 0.000 0.002 0.002 0.004 0.002 0.000 0.000 0.000 0.002 0.001 0.008 0.013 0.000 0.052 0.003 0.002 0.000 0.006 0.013 0.000 0.037 0.140 0.007 0.001 0.014 0.000 0.000 0.001 0.265 0.001 0.132 0.001 0.001 0.000 0.000 0.001 0.035 0.096 0.364 0.000 0.163 0.009 0.001 0.104 
47 chopsticks_vis 30 0.010 0.000 0.001 0.006 0.087 0.983 0.060 0.335 0.001 0.721 0.000 0.000 0.001 0.000 0.000 0.003 0.004 0.007 0.002 0.000 0.000 0.000 0.002 0.001 0.010 0.017 0.000 0.048 0.004 0.002 0.000 0.007 0.013 0.000 0.026 0.103 0.009 0.001 0.012 0.000 0.000 0.001 0.212 0.001 0.139 0.001 0.001 0.000 0.000 0.001 0.041 0.042 0.188 0.000 0.063 0.008 0.001 0.096 
