0 beaver_vis 30 0.994 0.010 0.000 0.005 0.041 0.002 0.000 0.001 0.001 0.001 0.001 0.000 0.002 0.000 0.010 0.002 0.001 0.001 0.000 0.000 0.000 0.001 0.005 0.001 0.001 0.001 0.009 0.004 0.004 0.021 0.002 0.002 0.002 0.004 0.000 0.000 0.000 0.000 0.000 0.003 0.000 0.001 0.001 0.000 0.001 0.001 0.000 0.000 0.000 0.001 0.001 0.000 0.000 0.000 0.001 0.001 0.000 0.000 
1 bear_vis 30 0.994 0.871 0.002 0.195 0.000 0.002 0.000 0.001 0.001 0.000 0.001 0.001 0.001 0.003 0.177 0.008 0.001 0.001 0.001 0.001 0.001 0.000 0.001 0.006 0.001 0.003 0.008 0.079 0.000 0.003 0.001 0.000 0.001 0.000 0.000 0.000 0.000 0.000 0.000 0.001 0.000 0.000 0.000 0.000 0.000 0.000 0.000 0.000 0.000 0.001 0.001 0.000 0.000 0.000 0.000 0.000 0.000 0.000 
2 sheep_vis 30 0.994 0.006 0.000 0.196 0.020 0.002 0.000 0.001 0.001 0.000 0.001 0.000 0.003 0.000 0.014 0.001 0.000 0.001 0.000 0.001 0.000 0.000 0.005 0.037 0.002 0.006 0.103 0.007 0.002 0.004 0.002 0.007 0.002 0.002 0.000 0.001 0.000 0.001 0.000 0.005 0.000 0.001 0.001 0.000 0.002 0.001 0.000 0.000 0.000 0.001 0.001 0.001 0.000 0.000 0.001 0.001 0.000 0.000 
3 buffalo_vis 30 0.990 0.972 0.010 0.002 0.000 0.002 0.000 0.001 0.001 0.000 0.038 0.001 0.004 0.012 0.149 0.043 0.005 0.001 0.001 0.003 0.006 0.000 0.000 0.002 0.001 0.001 0.001 0.001 0.000 0.001 0.000 0.000 0.001 0.000 0.000 0.000 0.000 0.000 0.000 0.002 0.000 0.000 0.000 0.000 0.000 0.000 0.001 0.000 0.001 0.001 0.001 0.000 0.000 0.000 0.000 0.000 0.000 0.000 
4 poodle_vis 30 0.993 0.988 0.003 0.001 0.000 0.002 0.000 0.001 0.001 0.000 0.036 0.001 0.001 0.056 0.696 0.008 0.002 0.001 0.000 0.001 0.020 0.001 0.001 0.001 0.001 0.001 0.001 0.003 0.000 0.005 0.000 0.000 0.001 0.000 0.000 0.000 0.000 0.000 0.000 0.003 0.000 0.000 0.000 0.001 0.000 0.001 0.000 0.000 0.000 0.001 0.001 0.000 0.000 0.000 0.000 0.000 0.002 0.000 
5 giraffe_vis 30 0.993 0.701 0.004 0.229 0.000 0.002 0.000 0.001 0.001 0.000 0.001 0.001 0.001 0.004 0.083 0.014 0.001 0.001 0.001 0.001 0.001 0.000 0.001 0.003 0.001 0.012 0.006 0.035 0.000 0.002 0.001 0.000 0.001 0.000 0.000 0.000 0.000 0.000 0.000 0.001 0.000 0.001 0.000 0.000 0.000 0.001 0.001 0.000 0.001 0.001 0.001 0.000 0.000 0.000 0.000 0.000 0.000 0.000 
6 robin_vis 30 0.994 0.001 0.001 0.016 0.099 0.002 0.000 0.001 0.001 0.001 0.000 0.000 0.002 0.000 0.002 0.001 0.000 0.001 0.000 0.000 0.000 0.002 0.003 0.001 0.001 0.002 0.018 0.001 0.025 0.001 0.001 0.005 0.001 0.006 0.000 0.001 0.000 0.002 0.000 0.001 0.000 0.001 0.001 0.000 0.002 0.001 0.000 0.001 0.000 0.001 0.001 0.001 0.001 0.000 0.001 0.001 0.000 0.001 
7 swan_vis 30 0.993 0.004 0.975 0.001 0.002 0.002 0.009 0.001 0.002 0.000 0.000 0.000 0.001 0.004 0.012 0.001 0.018 0.002 0.000 0.512 0.662 0.001 0.000 0.000 0.006 0.001 0.001 0.000 0.029 0.000 0.000 0.002 0.000 0.000 0.000 0.000 0.007 0.000 0.001 0.046 0.000 0.000 0.000 0.000 0.000 0.001 0.001 0.001 0.001 0.000 0.010 0.000 0.000 0.000 0.000 0.000 0.000 0.000 
8 woodpecker_vis 30 0.994 0.002 0.000 0.098 0.021 0.002 0.000 0.001 0.001 0.000 0.000 0.000 0.004 0.000 0.024 0.001 0.000 0.001 0.000 0.000 0.000 0.000 0.003 0.006 0.001 0.004 0.112 0.004 0.003 0.001 0.001 0.001 0.001 0.002 0.000 0.000 0.000 0.002 0.000 0.002 0.000 0.003 0.001 0.000 0.006 0.001 0.000 0.000 0.000 0.001 0.001 0.001 0.000 0.000 0.000 0.000 0.000 0.000 
9 peacock_vis 30 0.993 0.011 0.810 0.001 0.000 0.002 0.001 0.001 0.002 0.000 0.000 0.000 0.001 0.002 0.010 0.001 0.009 0.001 0.001 0.212 0.190 0.000 0.000 0.001 0.002 0.001 0.002 0.000 0.002 0.000 0.000 0.001 0.000 0.000 0.000 0.000 0.001 0.000 0.000 0.054 0.000 0.000 0.000 0.000 0.000 0.000 0.001 0.000 0.001 0.000 0.004 0.000 0.000 0.000 0.000 0.000 0.000 0.000 
10 crow_vis 30 0.991 0.004 0.965 0.001 0.002 0.003 0.006 0.001 0.002 0.000 0.000 0.000 0.001 0.004 0.012 0.001 0.022 0.003 0.000 0.409 0.659 0.001 0.000 0.000 0.004 0.001 0.001 0.000 0.028 0.000 0.000 0.002 0.000 0.000 0.000 0.000 0.006 0.000 0.001 0.031 0.000 0.000 0.000 0.000 0.000 0.001 0.001 0.000 0.001 0.000 0.010 0.000 0.001 0.000 0.000 0.000 0.000 0.000 
11 eagle_vis 30 0.993 0.004 0.505 0.001 0.017 0.002 0.002 0.001 0.001 0.000 0.000 0.000 0.001 0.001 0.005 0.001 0.006 0.001 0.000 0.197 0.102 0.001 0.000 0.000 0.007 0.001 0.003 0.000 0.019 0.001 0.000 0.010 0.000 0.000 0.000 0.000 0.001 0.000 0.000 0.063 0.000 0.000 0.000 0.000 0.000 0.000 0.000 0.000 0.000 0.000 0.007 0.000 0.000 0.000 0.000 0.000 0.000 0.000 
12 tuna_vis 30 0.994 0.029 0.001 0.946 0.002 0.002 0.000 0.001 0.002 0.000 0.001 0.000 0.001 0.001 0.102 0.002 0.001 0.001 0.001 0.000 0.000 0.000 0.001 0.097 0.001 0.014 0.372 0.215 0.000 0.002 0.000 0.001 0.003 0.000 0.000 0.000 0.000 0.000 0.000 0.001 0.000 0.000 0.000 0.001 0.000 0.001 0.000 0.000 0.000 0.001 0.001 0.001 0.000 0.000 0.000 0.000 0.000 0.000 
13 goldfish_vis 30 0.994 0.004 0.001 0.988 0.001 0.002 0.000 0.001 0.002 0.000 0.000 0.000 0.000 0.009 0.001 0.004 0.000 0.001 0.000 0.001 0.000 0.000 0.001 0.886 0.029 0.047 0.072 0.046 0.000 0.001 0.000 0.001 0.001 0.000 0.000 0.000 0.000 0.000 0.000 0.001 0.000 0.000 0.000 0.002 0.001 0.001 0.001 0.001 0.002 0.001 0.001 0.000 0.000 0.000 0.000 0.000 0.000 0.000 
14 salmon_vis 30 0.993 0.013 0.001 0.937 0.010 0.002 0.000 0.001 0.001 0.000 0.001 0.000 0.000 0.001 0.045 0.001 0.001 0.001 0.000 0.003 0.000 0.000 0.001 0.010 0.214 0.002 0.749 0.012 0.001 0.003 0.000 0.006 0.001 0.000 0.000 0.001 0.000 0.001 0.000 0.024 0.001 0.000 0.000 0.006 0.000 0.001 0.000 0.000 0.003 0.000 0.001 0.000 0.000 0.000 0.000 0.000 0.000 0.000 
15 sardine_vis 30 0.994 0.003 0.000 0.983 0.004 0.002 0.000 0.083 0.002 0.000 0.000 0.000 0.001 0.000 0.000 0.297 0.000 0.001 0.001 0.000 0.000 0.000 0.002 0.133 0.002 0.872 0.044 0.004 0.000 0.002 0.000 0.008 0.005 0.000 0.000 0.001 0.000 0.000 0.000 0.000 0.001 0.001 0.003 0.001 0.001 0.001 0.001 0.001 0.000 0.001 0.000 0.004 0.000 0.000 0.000 0.000 0.000 0.000 
16 catfish_vis 30 0.994 0.006 0.001 0.964 0.001 0.002 0.000 0.001 0.002 0.000 0.001 0.000 0.000 0.001 0.034 0.001 0.000 0.001 0.000 0.001 0.000 0.000 0.001 0.085 0.018 0.009 0.770 0.016 0.000 0.001 0.000 0.002 0.002 0.000 0.000 0.000 0.000 0.000 0.000 0.004 0.000 0.000 0.000 0.001 0.000 0.001 0.001 0.001 0.001 0.001 0.001 0.000 0.000 0.000 0.000 0.000 0.000 0.000 
17 cod_vis 30 0.993 0.003 0.000 0.988 0.001 0.002 0.000 0.002 0.002 0.000 0.000 0.000 0.000 0.008 0.001 0.004 0.000 0.001 0.000 0.001 0.000 0.000 0.001 0.871 0.042 0.061 0.079 0.041 0.000 0.001 0.000 0.002 0.002 0.000 0.000 0.001 0.000 0.000 0.000 0.001 0.001 0.000 0.001 0.002 0.001 0.001 0.001 0.000 0.001 0.001 0.001 0.001 0.000 0.000 0.000 0.000 0.000 0.000 
18 turtle_vis 30 0.994 0.001 0.001 0.004 0.909 0.002 0.000 0.001 0.002 0.002 0.001 0.000 0.006 0.000 0.009 0.001 0.001 0.003 0.000 0.000 0.001 0.006 0.019 0.000 0.002 0.005 0.002 0.001 0.093 0.002 0.048 0.003 0.019 0.056 0.000 0.001 0.000 0.022 0.000 0.000 0.001 0.001 0.002 0.000 0.000 0.001 0.000 0.003 0.000 0.001 0.001 0.002 0.030 0.001 0.004 0.006 0.001 0.005 
19 rattlesnake_vis 30 0.994 0.001 0.011 0.012 0.959 0.002 0.000 0.002 0.004 0.000 0.000 0.000 0.000 0.000 0.000 0.002 0.006 0.002 0.000 0.001 0.000 0.000 0.002 0.000 0.006 0.045 0.002 0.000 0.003 0.031 0.000 0.564 0.066 0.002 0.000 0.001 0.000 0.000 0.000 0.000 0.056 0.000 0.005 0.001 0.000 0.001 0.001 0.109 0.001 0.001 0.005 0.004 0.000 0.000 0.000 0.002 0.000 0.001 
20 crab_vis 30 0.995 0.007 0.001 0.008 0.956 0.002 0.000 0.001 0.001 0.001 0.002 0.000 0.008 0.000 0.005 0.002 0.000 0.047 0.000 0.000 0.003 0.002 0.049 0.000 0.001 0.006 0.002 0.002 0.105 0.001 0.367 0.001 0.130 0.049 0.000 0.001 0.000 0.034 0.000 0.000 0.001 0.001 0.002 0.000 0.000 0.007 0.000 0.005 0.000 0.003 0.001 0.003 0.038 0.001 0.004 0.008 0.001 0.005 
21 frog_vis 30 0.994 0.001 0.014 0.008 0.974 0.002 0.000 0.002 0.003 0.000 0.000 0.000 0.001 0.000 0.000 0.001 0.005 0.001 0.000 0.001 0.000 0.001 0.004 0.000 0.008 0.040 0.002 0.000 0.007 0.007 0.000 0.772 0.056 0.010 0.002 0.002 0.000 0.001 0.000 0.001 0.035 0.001 0.012 0.001 0.001 0.001 0.001 0.075 0.001 0.000 0.005 0.004 0.000 0.000 0.001 0.002 0.000 0.001 
22 gecko_vis 30 0.994 0.436 0.000 0.280 0.889 0.002 0.000 0.001 0.002 0.000 0.085 0.001 0.028 0.000 0.003 0.080 0.000 0.002 0.000 0.000 0.000 0.001 0.426 0.000 0.002 0.031 0.013 0.042 0.001 0.005 0.430 0.003 0.841 0.079 0.000 0.001 0.000 0.001 0.000 0.000 0.008 0.003 0.004 0.000 0.000 0.027 0.000 0.001 0.000 0.006 0.001 0.005 0.001 0.000 0.005 0.025 0.000 0.003 
23 crocodile_vis 30 0.994 0.002 0.001 0.002 0.944 0.002 0.000 0.001 0.002 0.002 0.001 0.000 0.011 0.000 0.002 0.001 0.001 0.004 0.000 0.000 0.001 0.014 0.034 0.000 0.001 0.003 0.001 0.001 0.032 0.002 0.053 0.002 0.034 0.115 0.000 0.001 0.000 0.010 0.000 0.000 0.001 0.002 0.002 0.000 0.000 0.002 0.000 0.005 0.000 0.002 0.001 0.002 0.041 0.001 0.006 0.012 0.000 0.012 
24 axe_vis 30 0.002 0.001 0.267 0.001 0.000 0.995 0.980 0.126 0.093 0.001 0.000 0.000 0.000 0.004 0.040 0.000 0.017 0.002 0.000 0.117 0.142 0.012 0.000 0.033 0.002 0.000 0.004 0.002 0.037 0.000 0.000 0.001 0.000 0.000 0.974 0.007 0.027 0.092 0.014 0.008 0.000 0.040 0.001 0.026 0.000 0.002 0.001 0.000 0.105 0.039 0.006 0.000 0.003 0.000 0.001 0.001 0.045 0.000 
25 hammer_vis 30 0.001 0.001 0.001 0.001 0.000 0.995 0.980 0.017 0.003 0.002 0.000 0.000 0.000 0.003 0.011 0.000 0.001 0.001 0.000 0.003 0.013 0.000 0.000 0.050 0.002 0.000 0.003 0.001 0.010 0.000 0.000 0.000 0.000 0.000 0.003 0.674 0.008 0.017 0.123 0.156 0.001 0.000 0.006 0.011 0.003 0.003 0.001 0.000 0.018 0.000 0.001 0.000 0.000 0.000 0.005 0.001 0.005 0.001 
26 screwdriver_vis 30 0.001 0.001 0.001 0.001 0.000 0.995 0.990 0.002 0.009 0.011 0.000 0.001 0.000 0.013 0.016 0.000 0.000 0.002 0.000 0.023 0.023 0.000 0.000 0.001 0.042 0.000 0.003 0.000 0.028 0.000 0.000 0.000 0.000 0.000 0.002 0.148 0.843 0.115 0.016 0.074 0.011 0.000 0.001 0.004 0.006 0.016 0.001 0.000 0.014 0.000 0.001 0.000 0.000 0.000 0.100 0.000 0.015 0.001 
27 chisel_vis 30 0.001 0.001 0.003 0.001 0.000 0.996 0.991 0.037 0.004 0.003 0.000 0.000 0.000 0.002 0.011 0.000 0.001 0.001 0.000 0.020 0.017 0.000 0.000 0.003 0.003 0.000 0.002 0.001 0.007 0.000 0.000 0.000 0.000 0.000 0.047 0.066 0.054 0.685 0.010 0.126 0.002 0.005 0.001 0.023 0.001 0.006 0.001 0.000 0.097 0.000 0.001 0.000 0.000 0.000 0.004 0.001 0.014 0.000 
28 saw_vis 30 0.001 0.001 0.001 0.001 0.000 0.995 0.988 0.003 0.003 0.003 0.000 0.000 0.000 0.003 0.011 0.000 0.001 0.001 0.000 0.005 0.013 0.000 0.000 0.072 0.002 0.000 0.004 0.001 0.019 0.000 0.000 0.001 0.000 0.000 0.002 0.156 0.005 0.052 0.831 0.386 0.001 0.000 0.003 0.002 0.023 0.001 0.001 0.000 0.005 0.000 0.001 0.001 0.000 0.000 0.005 0.000 0.005 0.000 
29 drill_vis 30 0.001 0.001 0.001 0.001 0.000 0.995 0.989 0.002 0.003 0.006 0.000 0.000 0.000 0.003 0.010 0.000 0.000 0.001 0.000 0.010 0.010 0.000 0.000 0.008 0.002 0.000 0.002 0.000 0.018 0.000 0.000 0.001 0.000 0.000 0.001 0.054 0.027 0.049 0.540 0.550 0.001 0.000 0.001 0.002 0.018 0.001 0.001 0.000 0.005 0.000 0.001 0.000 0.000 0.000 0.015 0.000 0.007 0.000 
30 clamp_vis 30 0.001 0.000 0.000 0.001 0.001 0.995 0.004 0.993 0.007 0.001 0.000 0.000 0.000 0.000 0.000 0.001 0.002 0.001 0.000 0.000 0.000 0.000 0.001 0.000 0.001 0.001 0.000 0.001 0.000 0.001 0.000 0.002 0.000 0.000 0.001 0.004 0.000 0.001 0.000 0.001 0.934 0.026 0.008 0.022 0.005 0.045 0.001 0.001 0.001 0.000 0.000 0.007 0.000 0.000 0.003 0.001 0.000 0.001 
31 hoe_vis 30 0.001 0.002 0.000 0.001 0.000 0.996 0.000 0.991 0.002 0.008 0.000 0.000 0.000 0.000 0.000 0.051 0.000 0.001 0.001 0.000 0.000 0.002 0.001 0.000 0.000 0.000 0.000 0.001 0.000 0.000 0.000 0.000 0.000 0.001 0.001 0.000 0.000 0.006 0.000 0.000 0.033 0.885 0.001 0.001 0.003 0.138 0.000 0.000 0.001 0.002 0.000 0.001 0.000 0.000 0.026 0.018 0.000 0.001 
32 rake_vis 30 0.001 0.000 0.000 0.001 0.002 0.984 0.015 0.986 0.009 0.001 0.000 0.000 0.000 0.000 0.000 0.001 0.002 0.001 0.000 0.000 0.000 0.000 0.001 0.001 0.001 0.023 0.000 0.000 0.000 0.003 0.000 0.014 0.000 0.001 0.005 0.024 0.000 0.001 0.001 0.052 0.010 0.001 0.927 0.007 0.023 0.002 0.001 0.001 0.001 0.000 0.001 0.007 0.000 0.000 0.019 0.001 0.000 0.017 
33 shovel_vis 30 0.001 0.001 0.000 0.001 0.000 0.996 0.136 0.957 0.004 0.001 0.000 0.000 0.000 0.005 0.002 0.001 0.002 0.001 0.000 0.001 0.001 0.000 0.000 0.042 0.001 0.001 0.001 0.015 0.000 0.001 0.000 0.001 0.000 0.000 0.005 0.027 0.000 0.013 0.008 0.055 0.006 0.001 0.012 0.946 0.000 0.019 0.001 0.000 0.065 0.000 0.001 0.001 0.000 0.000 0.002 0.001 0.029 0.001 
34 spade_vis 30 0.001 0.000 0.000 0.008 0.000 0.995 0.001 0.979 0.030 0.000 0.000 0.000 0.000 0.000 0.000 0.000 0.000 0.000 0.001 0.000 0.000 0.000 0.001 0.000 0.001 0.028 0.000 0.000 0.000 0.001 0.000 0.028 0.000 0.000 0.000 0.000 0.000 0.001 0.000 0.003 0.042 0.050 0.178 0.000 0.940 0.001 0.001 0.001 0.000 0.000 0.000 0.022 0.000 0.000 0.048 0.001 0.000 0.001 
35 wrench_vis 30 0.001 0.005 0.000 0.001 0.000 0.995 0.000 0.990 0.004 0.004 0.012 0.000 0.000 0.002 0.000 0.122 0.001 0.006 0.000 0.000 0.000 0.000 0.001 0.002 0.001 0.001 0.000 0.003 0.000 0.000 0.000 0.000 0.000 0.000 0.000 0.000 0.000 0.008 0.001 0.000 0.008 0.030 0.001 0.005 0.001 0.894 0.001 0.000 0.001 0.008 0.000 0.005 0.000 0.000 0.006 0.011 0.001 0.001 
36 accordion_vis 30 0.002 0.001 0.010 0.001 0.001 0.991 0.034 0.002 0.992 0.010 0.001 0.000 0.001 0.002 0.000 0.001 0.017 0.010 0.002 0.001 0.007 0.000 0.001 0.000 0.001 0.003 0.000 0.000 0.000 0.001 0.000 0.002 0.001 0.001 0.010 0.066 0.001 0.000 0.000 0.000 0.004 0.000 0.045 0.000 0.001 0.002 0.710 0.023 0.200 0.005 0.444 0.001 0.000 0.014 0.000 0.001 0.005 0.240 
37 cello_vis 30 0.002 0.001 0.001 0.003 0.001 0.990 0.002 0.002 0.993 0.006 0.000 0.000 0.000 0.001 0.000 0.001 0.001 0.005 0.000 0.001 0.000 0.000 0.002 0.001 0.004 0.003 0.001 0.000 0.001 0.001 0.000 0.004 0.010 0.000 0.000 0.003 0.002 0.001 0.000 0.000 0.177 0.000 0.002 0.000 0.015 0.014 0.064 0.945 0.036 0.005 0.013 0.086 0.000 0.002 0.001 0.003 0.002 0.037 
38 flute_vis 30 0.002 0.001 0.002 0.001 0.000 0.993 0.102 0.002 0.941 0.002 0.000 0.000 0.000 0.009 0.011 0.001 0.002 0.001 0.000 0.002 0.014 0.000 0.001 0.008 0.001 0.001 0.003 0.001 0.001 0.000 0.000 0.001 0.000 0.000 0.005 0.027 0.001 0.029 0.001 0.008 0.000 0.000 0.001 0.002 0.000 0.001 0.011 0.002 0.930 0.001 0.036 0.001 0.000 0.001 0.000 0.001 0.104 0.002 
39 guitar_vis 30 0.001 0.002 0.008 0.001 0.000 0.994 0.000 0.002 0.992 0.001 0.000 0.001 0.001 0.001 0.000 0.003 0.024 0.002 0.006 0.000 0.001 0.000 0.001 0.001 0.001 0.007 0.000 0.001 0.000 0.000 0.000 0.001 0.000 0.000 0.003 0.000 0.000 0.001 0.000 0.000 0.001 0.002 0.000 0.000 0.002 0.002 0.005 0.021 0.010 0.857 0.003 0.084 0.001 0.004 0.000 0.002 0.002 0.001 
40 piano_vis 30 0.003 0.001 0.003 0.002 0.001 0.988 0.004 0.004 0.992 0.003 0.000 0.000 0.001 0.001 0.000 0.001 0.012 0.006 0.001 0.001 0.003 0.000 0.001 0.001 0.002 0.005 0.001 0.000 0.001 0.001 0.000 0.003 0.002 0.001 0.004 0.043 0.000 0.000 0.000 0.000 0.003 0.000 0.047 0.001 0.001 0.002 0.537 0.039 0.125 0.004 0.422 0.003 0.000 0.008 0.000 0.001 0.004 0.141 
41 trumpet_vis 30 0.002 0.001 0.000 0.006 0.000 0.992 0.000 0.004 0.993 0.000 0.000 0.000 0.000 0.001 0.000 0.001 0.001 0.001 0.000 0.000 0.000 0.000 0.001 0.001 0.001 0.073 0.002 0.001 0.000 0.000 0.000 0.002 0.003 0.000 0.000 0.001 0.000 0.003 0.000 0.000 0.007 0.001 0.001 0.000 0.043 0.003 0.003 0.200 0.010 0.125 0.003 0.912 0.000 0.001 0.000 0.001 0.001 0.002 
42 fork_vis 30 0.173 0.001 0.002 0.001 0.415 0.411 0.046 0.003 0.034 0.275 0.000 0.000 0.001 0.000 0.000 0.000 0.001 0.001 0.000 0.001 0.001 0.250 0.003 0.000 0.001 0.001 0.000 0.000 0.004 0.176 0.001 0.010 0.000 0.173 0.333 0.000 0.001 0.002 0.001 0.027 0.004 0.043 0.031 0.001 0.021 0.001 0.001 0.007 0.001 0.002 0.004 0.002 0.125 0.015 0.148 0.016 0.003 0.046 
43 spoon_vis 30 0.002 0.004 0.001 0.001 0.000 0.994 0.000 0.001 0.223 0.891 0.000 0.001 0.003 0.001 0.001 0.001 0.001 0.001 0.002 0.000 0.002 0.011 0.001 0.000 0.000 0.000 0.000 0.000 0.000 0.013 0.000 0.000 0.000 0.005 0.007 0.000 0.000 0.000 0.000 0.000 0.001 0.002 0.000 0.000 0.005 0.001 0.001 0.066 0.001 0.152 0.020 0.000 0.238 0.937 0.001 0.043 0.045 0.007 
44 tongs_vis 30 0.002 0.001 0.000 0.001 0.011 0.995 0.005 0.024 0.002 0.977 0.000 0.000 0.002 0.000 0.000 0.001 0.000 0.001 0.000 0.000 0.000 0.006 0.019 0.000 0.000 0.000 0.000 0.000 0.000 0.002 0.001 0.000 0.000 0.042 0.002 0.001 0.000 0.005 0.000 0.014 0.071 0.023 0.031 0.001 0.087 0.004 0.000 0.011 0.000 0.001 0.000 0.002 0.005 0.002 0.952 0.178 0.001 0.129 
45 ladle_vis 30 0.001 0.009 0.000 0.001 0.000 0.995 0.001 0.003 0.004 0.836 0.001 0.001 0.001 0.000 0.000 0.001 0.001 0.001 0.000 0.000 0.000 0.001 0.001 0.000 0.000 0.000 0.000 0.000 0.000 0.000 0.000 0.000 0.000 0.001 0.010 0.000 0.000 0.027 0.000 0.001 0.131 0.087 0.000 0.000 0.000 0.003 0.001 0.000 0.001 0.008 0.000 0.000 0.002 0.003 0.002 0.856 0.015 0.006 
46 knife_vis 30 0.002 0.046 0.001 0.001 0.000 0.995 0.010 0.001 0.010 0.986 0.000 0.000 0.000 0.021 0.087 0.001 0.000 0.001 0.000 0.000 0.010 0.002 0.001 0.000 0.000 0.000 0.000 0.001 0.000 0.001 0.001 0.000 0.000 0.001 0.011 0.000 0.012 0.004 0.000 0.080 0.000 0.000 0.000 0.001 0.000 0.001 0.001 0.000 0.039 0.006 0.005 0.000 0.001 0.050 0.001 0.022 0.945 0.016 
47 chopsticks_vis 30 0.004 0.001 0.000 0.001 0.013 0.993 0.003 0.002 0.040 0.980 0.000 0.000 0.002 0.000 0.000 0.001 0.000 0.001 0.000 0.000 0.000 0.008 0.014 0.000 0.000 0.000 0.000 0.000 0.000 0.009 0.001 0.000 0.000 0.056 0.010 0.000 0.000 0.001 0.000 0.008 0.015 0.002 0.016 0.000 0.029 0.001 0.001 0.113 0.001 0.002 0.001 0.006 0.008 0.033 0.176 0.243 0.005 0.587 
