0 beaver_vis 30 0.958 0.002 0.001 0.038 0.009 0.094 0.030 0.001 0.002 0.005 0.001 0.000 0.001 0.001 0.000 0.001 0.000 0.000 0.001 0.001 0.000 0.001 0.016 0.001 0.001 0.001 0.001 0.011 0.000 0.070 0.002 0.001 0.007 0.001 0.001 0.001 0.003 0.001 0.002 0.002 0.001 0.002 0.000 0.001 0.001 0.001 0.001 0.001 0.002 0.007 0.002 0.001 0.002 0.000 0.002 0.002 0.002 0.000 
1 bear_vis 30 0.977 0.001 0.001 0.681 0.059 0.004 0.108 0.001 0.002 0.004 0.001 0.000 0.002 0.001 0.000 0.001 0.000 0.000 0.001 0.001 0.000 0.001 0.008 0.001 0.024 0.002 0.001 0.158 0.001 0.026 0.007 0.001 0.021 0.001 0.002 0.001 0.002 0.001 0.003 0.001 0.001 0.002 0.000 0.001 0.000 0.001 0.001 0.001 0.002 0.011 0.001 0.001 0.001 0.000 0.002 0.001 0.002 0.000 
2 sheep_vis 30 0.976 0.001 0.001 0.507 0.071 0.005 0.090 0.001 0.002 0.004 0.001 0.000 0.002 0.001 0.000 0.001 0.000 0.000 0.001 0.001 0.000 0.001 0.006 0.001 0.009 0.001 0.001 0.123 0.000 0.037 0.007 0.001 0.023 0.001 0.002 0.001 0.002 0.001 0.003 0.001 0.001 0.002 0.000 0.001 0.000 0.001 0.001 0.001 0.002 0.010 0.001 0.001 0.001 0.000 0.002 0.002 0.002 0.000 
3 buffalo_vis 30 0.975 0.001 0.001 0.647 0.046 0.005 0.116 0.001 0.002 0.004 0.001 0.000 0.002 0.001 0.000 0.001 0.000 0.000 0.001 0.001 0.000 0.001 0.009 0.001 0.016 0.001 0.001 0.167 0.000 0.028 0.007 0.001 0.018 0.001 0.002 0.001 0.002 0.001 0.004 0.001 0.001 0.002 0.000 0.001 0.000 0.001 0.001 0.001 0.002 0.011 0.001 0.001 0.001 0.000 0.002 0.002 0.002 0.000 
4 poodle_vis 30 0.977 0.001 0.001 0.567 0.066 0.004 0.083 0.001 0.002 0.004 0.001 0.000 0.002 0.001 0.000 0.001 0.000 0.000 0.001 0.001 0.000 0.001 0.006 0.001 0.014 0.001 0.001 0.129 0.000 0.032 0.007 0.001 0.022 0.001 0.002 0.001 0.002 0.001 0.003 0.001 0.001 0.002 0.000 0.001 0.000 0.001 0.001 0.001 0.002 0.011 0.001 0.001 0.001 0.000 0.002 0.002 0.002 0.000 
5 giraffe_vis 30 0.978 0.001 0.001 0.670 0.063 0.004 0.089 0.001 0.002 0.004 0.001 0.000 0.002 0.001 0.000 0.001 0.000 0.000 0.001 0.001 0.000 0.001 0.007 0.001 0.033 0.002 0.001 0.128 0.001 0.025 0.007 0.001 0.021 0.001 0.002 0.001 0.002 0.001 0.003 0.001 0.001 0.002 0.000 0.001 0.000 0.001 0.001 0.001 0.001 0.011 0.001 0.001 0.001 0.000 0.002 0.001 0.002 0.000 
6 robin_vis 30 0.930 0.001 0.001 0.124 0.024 0.288 0.169 0.001 0.003 0.004 0.000 0.000 0.001 0.001 0.000 0.001 0.000 0.000 0.001 0.001 0.000 0.001 0.005 0.001 0.001 0.001 0.001 0.022 0.000 0.102 0.005 0.001 0.007 0.001 0.003 0.001 0.002 0.001 0.002 0.001 0.001 0.002 0.000 0.001 0.000 0.001 0.001 0.001 0.002 0.010 0.001 0.001 0.001 0.000 0.002 0.001 0.002 0.000 
7 swan_vis 30 0.954 0.002 0.001 0.009 0.009 0.308 0.004 0.002 0.002 0.005 0.001 0.000 0.001 0.001 0.000 0.001 0.000 0.001 0.001 0.001 0.000 0.001 0.025 0.001 0.001 0.001 0.001 0.002 0.000 0.250 0.003 0.001 0.004 0.001 0.001 0.001 0.003 0.001 0.001 0.001 0.001 0.002 0.000 0.001 0.001 0.001 0.001 0.001 0.002 0.004 0.001 0.001 0.003 0.000 0.002 0.003 0.002 0.000 
8 woodpecker_vis 30 0.981 0.001 0.001 0.605 0.151 0.003 0.072 0.001 0.001 0.003 0.000 0.000 0.002 0.001 0.000 0.001 0.000 0.000 0.001 0.001 0.000 0.001 0.005 0.001 0.021 0.001 0.001 0.128 0.001 0.037 0.008 0.001 0.030 0.001 0.002 0.001 0.001 0.001 0.003 0.001 0.001 0.001 0.000 0.001 0.000 0.001 0.001 0.001 0.001 0.012 0.001 0.001 0.001 0.000 0.002 0.001 0.002 0.000 
9 peacock_vis 30 0.979 0.001 0.001 0.653 0.094 0.004 0.096 0.001 0.001 0.004 0.000 0.000 0.002 0.001 0.000 0.001 0.000 0.000 0.001 0.001 0.000 0.001 0.007 0.001 0.021 0.002 0.001 0.150 0.001 0.031 0.008 0.001 0.026 0.001 0.002 0.001 0.002 0.001 0.003 0.001 0.001 0.001 0.000 0.001 0.000 0.001 0.001 0.001 0.001 0.012 0.001 0.001 0.001 0.000 0.002 0.001 0.002 0.000 
10 crow_vis 30 0.980 0.001 0.001 0.389 0.069 0.005 0.039 0.001 0.002 0.003 0.000 0.000 0.001 0.001 0.000 0.001 0.000 0.000 0.001 0.001 0.000 0.001 0.007 0.001 0.002 0.001 0.001 0.044 0.000 0.062 0.006 0.001 0.015 0.001 0.001 0.001 0.001 0.001 0.002 0.001 0.001 0.001 0.000 0.001 0.000 0.001 0.001 0.001 0.001 0.011 0.001 0.001 0.001 0.000 0.002 0.001 0.002 0.000 
11 eagle_vis 30 0.930 0.001 0.001 0.111 0.016 0.212 0.174 0.001 0.004 0.004 0.001 0.000 0.001 0.001 0.000 0.001 0.000 0.000 0.001 0.001 0.000 0.001 0.005 0.001 0.001 0.001 0.001 0.018 0.000 0.072 0.004 0.001 0.006 0.001 0.003 0.001 0.003 0.001 0.003 0.001 0.001 0.002 0.000 0.001 0.000 0.001 0.001 0.001 0.002 0.013 0.001 0.001 0.001 0.000 0.002 0.002 0.002 0.000 
12 tuna_vis 30 0.973 0.001 0.001 0.843 0.043 0.006 0.253 0.001 0.001 0.004 0.000 0.000 0.001 0.001 0.000 0.001 0.000 0.000 0.001 0.001 0.000 0.001 0.017 0.001 0.011 0.001 0.001 0.279 0.000 0.027 0.013 0.001 0.022 0.001 0.003 0.001 0.002 0.001 0.005 0.001 0.001 0.001 0.000 0.001 0.000 0.001 0.001 0.001 0.002 0.012 0.001 0.001 0.001 0.000 0.002 0.001 0.002 0.000 
13 goldfish_vis 30 0.976 0.001 0.001 0.815 0.054 0.004 0.179 0.001 0.001 0.004 0.000 0.000 0.001 0.001 0.000 0.001 0.000 0.000 0.001 0.001 0.000 0.001 0.014 0.001 0.017 0.001 0.001 0.221 0.000 0.025 0.011 0.001 0.022 0.001 0.003 0.001 0.001 0.001 0.004 0.001 0.001 0.002 0.000 0.001 0.000 0.001 0.001 0.001 0.001 0.013 0.001 0.001 0.001 0.000 0.002 0.001 0.002 0.000 
14 salmon_vis 30 0.980 0.001 0.001 0.794 0.075 0.003 0.137 0.001 0.001 0.003 0.000 0.000 0.002 0.001 0.000 0.001 0.000 0.000 0.001 0.001 0.000 0.001 0.010 0.001 0.029 0.002 0.001 0.173 0.001 0.025 0.009 0.001 0.025 0.001 0.003 0.001 0.001 0.001 0.004 0.001 0.001 0.001 0.000 0.001 0.000 0.001 0.001 0.001 0.001 0.014 0.001 0.001 0.001 0.000 0.002 0.001 0.002 0.000 
15 sardine_vis 30 0.974 0.001 0.001 0.791 0.037 0.005 0.201 0.001 0.001 0.004 0.000 0.000 0.001 0.001 0.000 0.001 0.000 0.000 0.001 0.001 0.000 0.001 0.017 0.001 0.009 0.001 0.001 0.200 0.000 0.027 0.010 0.001 0.019 0.001 0.003 0.001 0.002 0.001 0.004 0.001 0.001 0.002 0.000 0.001 0.000 0.001 0.001 0.001 0.001 0.012 0.001 0.001 0.001 0.000 0.002 0.001 0.002 0.000 
16 catfish_vis 30 0.973 0.001 0.001 0.826 0.039 0.006 0.209 0.001 0.002 0.004 0.000 0.000 0.001 0.001 0.000 0.001 0.000 0.000 0.001 0.001 0.000 0.001 0.018 0.001 0.012 0.001 0.001 0.258 0.000 0.024 0.012 0.001 0.020 0.001 0.003 0.001 0.002 0.001 0.005 0.001 0.001 0.002 0.000 0.001 0.000 0.001 0.001 0.001 0.002 0.012 0.001 0.001 0.001 0.000 0.002 0.001 0.002 0.000 
17 cod_vis 30 0.978 0.001 0.001 0.797 0.054 0.004 0.157 0.001 0.001 0.003 0.000 0.000 0.001 0.001 0.000 0.001 0.000 0.000 0.001 0.001 0.000 0.001 0.013 0.001 0.019 0.001 0.001 0.180 0.000 0.025 0.009 0.001 0.022 0.001 0.003 0.001 0.001 0.001 0.004 0.001 0.001 0.001 0.000 0.001 0.000 0.001 0.001 0.001 0.001 0.013 0.001 0.001 0.001 0.000 0.002 0.001 0.002 0.000 
18 turtle_vis 30 0.986 0.001 0.006 0.245 0.513 0.002 0.011 0.001 0.001 0.003 0.000 0.000 0.002 0.001 0.000 0.001 0.000 0.000 0.001 0.001 0.001 0.002 0.002 0.000 0.037 0.001 0.001 0.053 0.004 0.035 0.006 0.007 0.063 0.001 0.001 0.001 0.001 0.001 0.002 0.001 0.001 0.001 0.000 0.000 0.000 0.001 0.001 0.001 0.001 0.021 0.001 0.000 0.001 0.000 0.002 0.002 0.002 0.000 
19 rattlesnake_vis 30 0.987 0.001 0.008 0.143 0.562 0.002 0.007 0.001 0.001 0.003 0.000 0.000 0.001 0.001 0.000 0.001 0.000 0.000 0.001 0.001 0.001 0.002 0.003 0.000 0.023 0.001 0.001 0.040 0.004 0.035 0.006 0.007 0.082 0.001 0.001 0.000 0.001 0.001 0.002 0.001 0.001 0.001 0.000 0.000 0.000 0.001 0.001 0.000 0.001 0.013 0.001 0.000 0.001 0.000 0.001 0.002 0.002 0.000 
20 crab_vis 30 0.985 0.001 0.003 0.428 0.320 0.002 0.025 0.001 0.001 0.003 0.000 0.000 0.002 0.001 0.000 0.001 0.000 0.000 0.001 0.001 0.000 0.001 0.003 0.001 0.045 0.001 0.001 0.064 0.002 0.032 0.006 0.003 0.050 0.001 0.001 0.001 0.001 0.001 0.002 0.001 0.001 0.001 0.000 0.000 0.000 0.001 0.001 0.001 0.001 0.022 0.001 0.001 0.001 0.000 0.002 0.002 0.002 0.000 
21 frog_vis 30 0.986 0.001 0.005 0.205 0.615 0.002 0.009 0.001 0.001 0.003 0.000 0.000 0.002 0.001 0.000 0.001 0.000 0.000 0.001 0.001 0.001 0.002 0.002 0.000 0.027 0.001 0.001 0.066 0.004 0.040 0.007 0.007 0.078 0.001 0.001 0.001 0.001 0.001 0.002 0.001 0.001 0.001 0.000 0.000 0.000 0.001 0.001 0.001 0.001 0.017 0.001 0.000 0.001 0.000 0.002 0.002 0.001 0.000 
22 gecko_vis 30 0.986 0.001 0.006 0.223 0.553 0.002 0.011 0.001 0.001 0.003 0.000 0.000 0.002 0.001 0.000 0.001 0.000 0.000 0.001 0.001 0.001 0.002 0.002 0.000 0.033 0.001 0.001 0.055 0.004 0.036 0.007 0.007 0.072 0.001 0.001 0.001 0.001 0.001 0.002 0.001 0.001 0.001 0.000 0.000 0.000 0.001 0.001 0.001 0.001 0.019 0.001 0.000 0.001 0.000 0.002 0.002 0.002 0.000 
23 crocodile_vis 30 0.985 0.001 0.004 0.351 0.434 0.002 0.017 0.001 0.001 0.003 0.000 0.000 0.002 0.001 0.000 0.001 0.000 0.000 0.001 0.001 0.000 0.001 0.003 0.001 0.033 0.001 0.001 0.061 0.002 0.038 0.006 0.004 0.058 0.001 0.001 0.001 0.001 0.001 0.002 0.001 0.001 0.001 0.000 0.000 0.000 0.001 0.001 0.001 0.001 0.026 0.001 0.000 0.001 0.000 0.002 0.002 0.002 0.000 
24 axe_vis 30 0.030 0.002 0.001 0.186 0.001 0.980 0.958 0.009 0.140 0.049 0.001 0.000 0.003 0.001 0.004 0.001 0.002 0.000 0.002 0.001 0.000 0.000 0.018 0.003 0.034 0.004 0.013 0.048 0.000 0.013 0.001 0.001 0.001 0.001 0.798 0.093 0.007 0.005 0.028 0.004 0.010 0.003 0.003 0.011 0.000 0.001 0.001 0.001 0.018 0.092 0.006 0.004 0.007 0.001 0.014 0.001 0.004 0.004 
25 hammer_vis 30 0.015 0.003 0.001 0.028 0.001 0.989 0.685 0.018 0.163 0.454 0.001 0.000 0.003 0.001 0.003 0.001 0.001 0.000 0.002 0.001 0.000 0.000 0.002 0.002 0.004 0.001 0.005 0.004 0.000 0.011 0.001 0.001 0.001 0.001 0.052 0.131 0.015 0.004 0.005 0.014 0.016 0.005 0.004 0.013 0.001 0.001 0.001 0.001 0.020 0.041 0.007 0.005 0.014 0.001 0.047 0.003 0.004 0.001 
26 screwdriver_vis 30 0.083 0.008 0.001 0.012 0.001 0.846 0.918 0.002 0.081 0.012 0.007 0.000 0.026 0.001 0.004 0.001 0.001 0.000 0.006 0.001 0.000 0.001 0.006 0.001 0.003 0.002 0.002 0.003 0.000 0.005 0.001 0.001 0.001 0.000 0.093 0.023 0.093 0.002 0.031 0.041 0.003 0.001 0.000 0.002 0.002 0.001 0.001 0.001 0.004 0.009 0.030 0.002 0.012 0.005 0.001 0.001 0.004 0.001 
27 chisel_vis 30 0.017 0.002 0.001 0.120 0.001 0.989 0.921 0.017 0.136 0.138 0.001 0.000 0.002 0.001 0.003 0.001 0.001 0.000 0.002 0.001 0.000 0.000 0.006 0.003 0.018 0.003 0.009 0.015 0.000 0.010 0.001 0.001 0.001 0.001 0.480 0.106 0.005 0.005 0.013 0.003 0.012 0.003 0.004 0.015 0.000 0.001 0.001 0.001 0.018 0.089 0.003 0.004 0.006 0.001 0.029 0.001 0.004 0.004 
28 saw_vis 30 0.041 0.003 0.001 0.062 0.001 0.967 0.960 0.007 0.043 0.177 0.001 0.000 0.004 0.001 0.003 0.001 0.001 0.000 0.002 0.001 0.000 0.000 0.007 0.002 0.008 0.002 0.005 0.014 0.000 0.016 0.001 0.001 0.001 0.001 0.329 0.341 0.033 0.004 0.021 0.019 0.013 0.003 0.002 0.007 0.001 0.001 0.001 0.001 0.009 0.029 0.023 0.002 0.042 0.001 0.023 0.002 0.004 0.001 
29 drill_vis 30 0.056 0.003 0.001 0.019 0.001 0.932 0.904 0.004 0.018 0.239 0.001 0.000 0.004 0.001 0.002 0.001 0.001 0.000 0.002 0.001 0.000 0.000 0.003 0.001 0.003 0.002 0.002 0.003 0.000 0.009 0.001 0.001 0.001 0.001 0.026 0.290 0.095 0.003 0.019 0.049 0.007 0.002 0.001 0.003 0.001 0.001 0.001 0.001 0.005 0.010 0.055 0.002 0.074 0.001 0.013 0.002 0.004 0.001 
30 clamp_vis 30 0.003 0.005 0.000 0.001 0.001 0.991 0.001 0.976 0.069 0.019 0.002 0.000 0.000 0.002 0.001 0.001 0.000 0.001 0.001 0.001 0.000 0.000 0.000 0.005 0.000 0.001 0.006 0.000 0.000 0.015 0.002 0.001 0.001 0.001 0.001 0.001 0.001 0.002 0.001 0.001 0.084 0.004 0.180 0.336 0.001 0.055 0.001 0.001 0.033 0.007 0.001 0.131 0.001 0.001 0.002 0.002 0.005 0.001 
31 hoe_vis 30 0.003 0.022 0.000 0.001 0.001 0.991 0.001 0.972 0.090 0.033 0.008 0.000 0.000 0.007 0.001 0.002 0.000 0.002 0.001 0.001 0.000 0.000 0.000 0.004 0.000 0.001 0.003 0.000 0.000 0.015 0.002 0.001 0.001 0.001 0.000 0.001 0.001 0.002 0.001 0.001 0.079 0.004 0.101 0.254 0.011 0.068 0.001 0.001 0.040 0.003 0.001 0.347 0.001 0.002 0.002 0.002 0.009 0.001 
32 rake_vis 30 0.003 0.005 0.000 0.001 0.001 0.991 0.001 0.977 0.039 0.120 0.002 0.000 0.000 0.003 0.001 0.002 0.000 0.001 0.001 0.001 0.001 0.000 0.000 0.006 0.000 0.001 0.008 0.000 0.000 0.015 0.004 0.001 0.001 0.001 0.001 0.001 0.001 0.002 0.001 0.001 0.188 0.012 0.680 0.220 0.002 0.094 0.001 0.001 0.023 0.005 0.001 0.165 0.001 0.001 0.007 0.002 0.004 0.003 
33 shovel_vis 30 0.002 0.003 0.000 0.001 0.001 0.992 0.001 0.976 0.060 0.004 0.001 0.000 0.000 0.001 0.001 0.001 0.000 0.001 0.001 0.001 0.000 0.000 0.000 0.004 0.000 0.001 0.004 0.000 0.000 0.015 0.001 0.001 0.001 0.001 0.002 0.001 0.001 0.003 0.001 0.001 0.023 0.002 0.021 0.393 0.001 0.147 0.001 0.001 0.041 0.013 0.001 0.052 0.001 0.000 0.001 0.001 0.007 0.001 
34 spade_vis 30 0.003 0.007 0.000 0.001 0.001 0.991 0.001 0.975 0.026 0.330 0.002 0.000 0.000 0.006 0.001 0.004 0.000 0.001 0.001 0.001 0.002 0.000 0.000 0.006 0.000 0.001 0.009 0.000 0.001 0.017 0.006 0.001 0.001 0.001 0.001 0.001 0.001 0.002 0.001 0.001 0.251 0.019 0.864 0.137 0.004 0.095 0.001 0.002 0.019 0.004 0.001 0.179 0.001 0.001 0.029 0.002 0.003 0.003 
35 wrench_vis 30 0.002 0.003 0.000 0.001 0.001 0.992 0.001 0.973 0.039 0.004 0.001 0.000 0.000 0.002 0.001 0.002 0.000 0.001 0.001 0.001 0.001 0.000 0.000 0.004 0.000 0.001 0.003 0.000 0.000 0.015 0.003 0.001 0.001 0.001 0.001 0.001 0.001 0.003 0.001 0.001 0.019 0.003 0.021 0.232 0.001 0.594 0.001 0.001 0.033 0.007 0.001 0.067 0.001 0.000 0.001 0.002 0.007 0.001 
36 accordion_vis 30 0.041 0.020 0.001 0.006 0.001 0.950 0.093 0.005 0.819 0.090 0.020 0.000 0.045 0.001 0.012 0.002 0.001 0.001 0.012 0.001 0.000 0.001 0.003 0.002 0.001 0.002 0.002 0.002 0.000 0.013 0.001 0.001 0.001 0.001 0.009 0.012 0.082 0.002 0.005 0.095 0.005 0.027 0.001 0.003 0.002 0.001 0.049 0.001 0.010 0.079 0.016 0.015 0.006 0.050 0.003 0.013 0.004 0.001 
37 cello_vis 30 0.006 0.002 0.001 0.010 0.001 0.989 0.008 0.002 0.977 0.056 0.001 0.000 0.003 0.001 0.019 0.002 0.000 0.000 0.014 0.001 0.000 0.000 0.001 0.002 0.001 0.006 0.001 0.001 0.000 0.004 0.000 0.002 0.001 0.001 0.001 0.002 0.002 0.002 0.003 0.006 0.004 0.039 0.001 0.004 0.000 0.001 0.117 0.016 0.051 0.652 0.011 0.193 0.001 0.009 0.003 0.007 0.004 0.001 
38 flute_vis 30 0.005 0.002 0.001 0.011 0.001 0.991 0.017 0.003 0.978 0.138 0.001 0.000 0.004 0.001 0.016 0.001 0.000 0.000 0.009 0.001 0.000 0.000 0.001 0.003 0.001 0.004 0.002 0.001 0.000 0.003 0.000 0.001 0.001 0.001 0.003 0.002 0.002 0.003 0.003 0.007 0.005 0.006 0.001 0.006 0.000 0.001 0.038 0.002 0.068 0.251 0.010 0.084 0.001 0.012 0.003 0.003 0.005 0.001 
39 guitar_vis 30 0.004 0.002 0.001 0.007 0.001 0.991 0.007 0.003 0.979 0.224 0.001 0.000 0.003 0.001 0.017 0.002 0.000 0.000 0.007 0.001 0.000 0.000 0.001 0.003 0.001 0.003 0.001 0.001 0.000 0.003 0.000 0.001 0.001 0.001 0.001 0.001 0.002 0.003 0.002 0.006 0.005 0.003 0.001 0.007 0.000 0.001 0.053 0.004 0.172 0.180 0.024 0.149 0.001 0.004 0.004 0.003 0.005 0.001 
40 piano_vis 30 0.010 0.005 0.001 0.008 0.001 0.986 0.007 0.002 0.976 0.029 0.001 0.001 0.014 0.001 0.096 0.002 0.000 0.000 0.079 0.001 0.000 0.000 0.002 0.002 0.001 0.007 0.001 0.001 0.000 0.004 0.000 0.001 0.001 0.001 0.001 0.002 0.003 0.002 0.003 0.022 0.004 0.030 0.001 0.003 0.001 0.001 0.476 0.006 0.068 0.515 0.023 0.445 0.001 0.054 0.002 0.007 0.005 0.001 
41 trumpet_vis 30 0.004 0.005 0.001 0.002 0.001 0.990 0.001 0.019 0.969 0.262 0.001 0.000 0.005 0.001 0.020 0.003 0.000 0.000 0.016 0.001 0.000 0.000 0.001 0.003 0.001 0.001 0.001 0.000 0.000 0.004 0.000 0.001 0.001 0.001 0.000 0.001 0.002 0.002 0.001 0.015 0.009 0.053 0.003 0.008 0.001 0.002 0.420 0.006 0.090 0.334 0.006 0.416 0.001 0.069 0.004 0.022 0.007 0.001 
42 fork_vis 30 0.034 0.010 0.001 0.004 0.002 0.777 0.073 0.012 0.014 0.730 0.001 0.000 0.003 0.011 0.002 0.029 0.000 0.001 0.002 0.001 0.000 0.002 0.001 0.002 0.001 0.001 0.002 0.001 0.000 0.029 0.001 0.001 0.006 0.001 0.002 0.430 0.158 0.009 0.004 0.063 0.017 0.023 0.003 0.007 0.012 0.001 0.002 0.008 0.010 0.007 0.156 0.007 0.295 0.001 0.199 0.045 0.004 0.001 
43 spoon_vis 30 0.069 0.051 0.001 0.002 0.001 0.906 0.406 0.004 0.024 0.594 0.002 0.000 0.012 0.015 0.001 0.006 0.000 0.001 0.002 0.001 0.000 0.002 0.001 0.001 0.001 0.001 0.001 0.001 0.000 0.060 0.001 0.001 0.002 0.001 0.003 0.088 0.714 0.002 0.002 0.143 0.003 0.002 0.001 0.002 0.003 0.001 0.009 0.001 0.015 0.005 0.197 0.003 0.124 0.001 0.019 0.019 0.005 0.000 
44 tongs_vis 30 0.010 0.009 0.001 0.005 0.001 0.982 0.014 0.091 0.067 0.817 0.002 0.000 0.002 0.010 0.002 0.031 0.000 0.001 0.001 0.001 0.000 0.001 0.001 0.003 0.001 0.001 0.002 0.001 0.000 0.018 0.001 0.001 0.002 0.001 0.002 0.064 0.014 0.007 0.002 0.023 0.031 0.077 0.030 0.015 0.014 0.003 0.004 0.018 0.028 0.018 0.011 0.019 0.037 0.004 0.460 0.094 0.007 0.002 
45 ladle_vis 30 0.005 0.023 0.001 0.001 0.001 0.989 0.003 0.032 0.658 0.884 0.001 0.000 0.003 0.012 0.002 0.009 0.000 0.000 0.001 0.001 0.000 0.000 0.000 0.001 0.001 0.001 0.001 0.000 0.000 0.010 0.000 0.001 0.001 0.001 0.001 0.002 0.052 0.003 0.001 0.013 0.005 0.003 0.002 0.008 0.007 0.003 0.069 0.001 0.268 0.009 0.006 0.031 0.003 0.005 0.090 0.079 0.033 0.000 
46 knife_vis 30 0.007 0.013 0.001 0.003 0.001 0.990 0.009 0.052 0.358 0.759 0.001 0.000 0.002 0.007 0.002 0.009 0.000 0.000 0.001 0.001 0.000 0.000 0.001 0.002 0.001 0.001 0.002 0.000 0.000 0.020 0.001 0.001 0.001 0.001 0.002 0.008 0.021 0.004 0.002 0.011 0.009 0.010 0.004 0.010 0.003 0.004 0.015 0.002 0.047 0.020 0.006 0.017 0.007 0.004 0.149 0.069 0.006 0.001 
47 chopsticks_vis 30 0.015 0.007 0.001 0.004 0.002 0.921 0.018 0.032 0.018 0.812 0.001 0.000 0.002 0.011 0.002 0.041 0.001 0.001 0.002 0.001 0.000 0.001 0.001 0.002 0.001 0.001 0.002 0.001 0.000 0.022 0.001 0.001 0.007 0.001 0.001 0.312 0.055 0.019 0.003 0.030 0.028 0.067 0.008 0.013 0.016 0.002 0.003 0.029 0.014 0.011 0.059 0.011 0.169 0.001 0.399 0.111 0.006 0.001 
