0 beaver_vis 30 0.990 0.815 0.081 0.005 0.089 0.002 0.015 0.000 0.000 0.001 0.103 0.008 0.572 0.002 0.000 0.015 0.005 0.010 0.109 0.001 0.001 0.002 0.001 0.000 0.001 0.004 0.001 0.004 0.020 0.014 0.017 0.019 0.005 0.026 0.006 0.002 0.032 0.001 0.002 0.016 0.000 0.001 0.000 0.000 0.000 0.000 0.001 0.001 0.000 0.001 0.000 0.000 0.000 0.000 0.001 0.000 0.002 0.004 
1 bear_vis 30 0.992 0.497 0.015 0.070 0.450 0.001 0.003 0.000 0.000 0.001 0.036 0.009 0.308 0.003 0.000 0.006 0.003 0.004 0.075 0.001 0.001 0.001 0.001 0.001 0.002 0.033 0.006 0.006 0.172 0.015 0.060 0.079 0.006 0.073 0.001 0.002 0.004 0.001 0.001 0.011 0.000 0.002 0.000 0.000 0.000 0.000 0.001 0.002 0.000 0.001 0.001 0.000 0.000 0.000 0.001 0.000 0.001 0.002 
2 sheep_vis 30 0.990 0.844 0.118 0.004 0.068 0.002 0.017 0.000 0.000 0.001 0.117 0.009 0.589 0.002 0.000 0.015 0.006 0.011 0.106 0.001 0.001 0.003 0.001 0.000 0.001 0.003 0.001 0.003 0.018 0.013 0.018 0.014 0.006 0.021 0.007 0.002 0.028 0.002 0.002 0.020 0.000 0.001 0.000 0.000 0.000 0.000 0.000 0.001 0.000 0.001 0.000 0.000 0.000 0.000 0.001 0.000 0.002 0.006 
3 buffalo_vis 30 0.992 0.522 0.017 0.069 0.417 0.001 0.004 0.000 0.000 0.001 0.041 0.011 0.350 0.003 0.000 0.005 0.003 0.004 0.087 0.001 0.001 0.001 0.001 0.001 0.002 0.030 0.006 0.006 0.168 0.015 0.063 0.070 0.006 0.064 0.002 0.002 0.004 0.001 0.001 0.013 0.000 0.001 0.000 0.000 0.000 0.000 0.001 0.002 0.000 0.001 0.000 0.000 0.000 0.000 0.001 0.000 0.001 0.003 
4 poodle_vis 30 0.989 0.810 0.103 0.004 0.082 0.002 0.014 0.000 0.000 0.001 0.110 0.007 0.586 0.002 0.000 0.015 0.006 0.012 0.111 0.001 0.001 0.003 0.001 0.000 0.001 0.004 0.001 0.004 0.021 0.013 0.019 0.015 0.004 0.025 0.006 0.002 0.030 0.002 0.002 0.017 0.000 0.001 0.000 0.000 0.000 0.000 0.001 0.001 0.000 0.001 0.000 0.000 0.000 0.000 0.001 0.000 0.002 0.005 
5 giraffe_vis 30 0.992 0.512 0.015 0.068 0.432 0.001 0.003 0.000 0.000 0.001 0.038 0.009 0.318 0.003 0.000 0.006 0.003 0.004 0.076 0.001 0.001 0.001 0.001 0.001 0.002 0.031 0.006 0.006 0.159 0.016 0.056 0.077 0.006 0.071 0.001 0.002 0.004 0.001 0.001 0.010 0.000 0.002 0.000 0.000 0.000 0.000 0.001 0.002 0.000 0.001 0.001 0.000 0.000 0.000 0.001 0.000 0.001 0.002 
6 robin_vis 30 0.989 0.113 0.948 0.001 0.006 0.002 0.007 0.000 0.000 0.001 0.007 0.000 0.111 0.001 0.000 0.005 0.025 0.215 0.134 0.002 0.003 0.062 0.001 0.000 0.002 0.002 0.003 0.002 0.003 0.004 0.007 0.000 0.002 0.004 0.009 0.003 0.003 0.004 0.002 0.006 0.001 0.001 0.000 0.000 0.000 0.000 0.000 0.001 0.000 0.001 0.000 0.000 0.001 0.000 0.001 0.001 0.002 0.009 
7 swan_vis 30 0.991 0.671 0.043 0.017 0.197 0.002 0.005 0.000 0.000 0.001 0.072 0.006 0.459 0.003 0.000 0.010 0.004 0.008 0.108 0.001 0.001 0.002 0.001 0.000 0.002 0.012 0.002 0.005 0.050 0.013 0.027 0.044 0.005 0.049 0.002 0.002 0.018 0.001 0.001 0.011 0.000 0.001 0.000 0.000 0.000 0.000 0.000 0.001 0.000 0.001 0.000 0.000 0.000 0.000 0.001 0.000 0.001 0.002 
8 woodpecker_vis 30 0.989 0.159 0.905 0.001 0.009 0.002 0.007 0.000 0.000 0.001 0.010 0.001 0.180 0.001 0.000 0.006 0.018 0.124 0.122 0.001 0.002 0.065 0.001 0.000 0.002 0.002 0.003 0.003 0.004 0.005 0.008 0.001 0.002 0.005 0.008 0.003 0.003 0.003 0.002 0.008 0.001 0.001 0.000 0.000 0.000 0.000 0.000 0.001 0.000 0.001 0.000 0.000 0.001 0.000 0.001 0.001 0.002 0.010 
9 peacock_vis 30 0.978 0.012 0.189 0.634 0.034 0.006 0.006 0.001 0.000 0.002 0.001 0.000 0.019 0.001 0.001 0.007 0.091 0.017 0.054 0.002 0.001 0.001 0.001 0.029 0.002 0.691 0.012 0.073 0.035 0.021 0.005 0.003 0.002 0.023 0.002 0.003 0.003 0.009 0.002 0.001 0.001 0.027 0.001 0.004 0.000 0.000 0.003 0.001 0.000 0.001 0.000 0.000 0.001 0.000 0.001 0.001 0.002 0.004 
10 crow_vis 30 0.991 0.727 0.073 0.011 0.141 0.002 0.008 0.000 0.000 0.001 0.095 0.007 0.534 0.002 0.000 0.012 0.005 0.013 0.134 0.001 0.001 0.002 0.001 0.000 0.002 0.009 0.002 0.005 0.040 0.012 0.030 0.027 0.004 0.040 0.005 0.002 0.021 0.001 0.001 0.013 0.000 0.001 0.000 0.000 0.000 0.000 0.000 0.001 0.000 0.001 0.000 0.000 0.000 0.000 0.001 0.001 0.001 0.003 
11 eagle_vis 30 0.987 0.037 0.968 0.002 0.002 0.003 0.005 0.000 0.000 0.002 0.003 0.000 0.043 0.001 0.000 0.004 0.134 0.608 0.151 0.003 0.005 0.040 0.001 0.000 0.001 0.006 0.003 0.004 0.002 0.003 0.004 0.000 0.001 0.003 0.007 0.003 0.003 0.006 0.002 0.002 0.001 0.001 0.001 0.001 0.000 0.000 0.000 0.001 0.000 0.001 0.000 0.000 0.001 0.000 0.001 0.001 0.002 0.005 
12 tuna_vis 30 0.991 0.161 0.004 0.409 0.534 0.002 0.001 0.000 0.001 0.001 0.005 0.001 0.011 0.011 0.000 0.011 0.002 0.001 0.006 0.001 0.001 0.000 0.001 0.001 0.002 0.155 0.002 0.023 0.018 0.040 0.008 0.577 0.015 0.483 0.000 0.001 0.002 0.001 0.001 0.001 0.000 0.005 0.000 0.000 0.000 0.000 0.001 0.002 0.000 0.001 0.001 0.000 0.000 0.001 0.001 0.001 0.001 0.001 
13 goldfish_vis 30 0.992 0.445 0.016 0.071 0.471 0.001 0.004 0.000 0.000 0.001 0.029 0.017 0.322 0.003 0.000 0.004 0.003 0.003 0.087 0.001 0.001 0.001 0.001 0.001 0.002 0.031 0.009 0.005 0.229 0.012 0.084 0.074 0.006 0.053 0.002 0.002 0.002 0.001 0.001 0.019 0.000 0.001 0.000 0.000 0.000 0.000 0.001 0.002 0.000 0.001 0.000 0.000 0.000 0.001 0.001 0.000 0.001 0.003 
14 salmon_vis 30 0.992 0.166 0.006 0.411 0.558 0.001 0.001 0.000 0.000 0.001 0.005 0.001 0.013 0.010 0.000 0.009 0.002 0.001 0.007 0.001 0.001 0.000 0.001 0.001 0.002 0.155 0.003 0.018 0.027 0.030 0.008 0.556 0.015 0.404 0.000 0.001 0.002 0.001 0.001 0.001 0.000 0.004 0.000 0.000 0.000 0.000 0.001 0.002 0.000 0.001 0.001 0.000 0.000 0.001 0.001 0.000 0.001 0.001 
15 sardine_vis 30 0.992 0.454 0.017 0.077 0.470 0.001 0.003 0.000 0.000 0.001 0.031 0.015 0.313 0.003 0.000 0.004 0.003 0.003 0.083 0.001 0.001 0.001 0.001 0.001 0.002 0.033 0.009 0.006 0.220 0.013 0.083 0.075 0.006 0.058 0.002 0.002 0.002 0.001 0.001 0.017 0.000 0.001 0.000 0.000 0.000 0.000 0.001 0.002 0.000 0.001 0.000 0.000 0.000 0.001 0.001 0.000 0.001 0.003 
16 catfish_vis 30 0.992 0.259 0.008 0.213 0.723 0.001 0.001 0.000 0.000 0.001 0.011 0.003 0.046 0.005 0.000 0.006 0.003 0.001 0.017 0.001 0.001 0.000 0.001 0.001 0.002 0.104 0.011 0.009 0.198 0.019 0.031 0.310 0.008 0.202 0.000 0.002 0.002 0.001 0.001 0.003 0.000 0.002 0.000 0.000 0.000 0.000 0.001 0.002 0.000 0.001 0.001 0.000 0.000 0.001 0.001 0.000 0.001 0.001 
17 cod_vis 30 0.992 0.329 0.017 0.075 0.492 0.001 0.005 0.000 0.000 0.001 0.016 0.053 0.319 0.003 0.000 0.003 0.003 0.001 0.100 0.001 0.001 0.002 0.002 0.001 0.003 0.030 0.015 0.005 0.300 0.009 0.116 0.073 0.008 0.028 0.002 0.002 0.001 0.002 0.002 0.057 0.001 0.001 0.000 0.000 0.000 0.000 0.000 0.002 0.000 0.001 0.000 0.000 0.000 0.001 0.001 0.000 0.001 0.005 
18 turtle_vis 30 0.992 0.457 0.014 0.075 0.494 0.001 0.002 0.000 0.000 0.001 0.030 0.009 0.264 0.003 0.000 0.005 0.003 0.003 0.065 0.001 0.001 0.001 0.001 0.001 0.002 0.036 0.007 0.006 0.193 0.015 0.063 0.089 0.005 0.080 0.001 0.002 0.003 0.001 0.001 0.010 0.000 0.002 0.000 0.000 0.000 0.000 0.001 0.002 0.000 0.001 0.001 0.000 0.000 0.000 0.001 0.000 0.001 0.002 
19 rattlesnake_vis 30 0.991 0.330 0.012 0.100 0.633 0.002 0.001 0.000 0.000 0.001 0.015 0.005 0.105 0.004 0.000 0.006 0.003 0.002 0.031 0.001 0.001 0.001 0.001 0.001 0.002 0.059 0.008 0.007 0.197 0.017 0.042 0.181 0.006 0.127 0.000 0.002 0.002 0.001 0.001 0.005 0.000 0.002 0.000 0.000 0.000 0.000 0.001 0.002 0.000 0.001 0.001 0.000 0.000 0.001 0.001 0.000 0.001 0.001 
20 crab_vis 30 0.992 0.420 0.013 0.075 0.530 0.001 0.002 0.000 0.000 0.001 0.026 0.008 0.226 0.003 0.000 0.005 0.003 0.003 0.058 0.001 0.001 0.001 0.001 0.001 0.002 0.039 0.008 0.006 0.212 0.014 0.066 0.100 0.005 0.086 0.001 0.002 0.003 0.001 0.001 0.009 0.000 0.002 0.000 0.000 0.000 0.000 0.001 0.002 0.000 0.001 0.001 0.000 0.000 0.000 0.001 0.000 0.001 0.002 
21 frog_vis 30 0.992 0.396 0.013 0.097 0.559 0.001 0.001 0.000 0.000 0.001 0.023 0.008 0.197 0.003 0.000 0.005 0.003 0.002 0.051 0.001 0.001 0.001 0.001 0.001 0.002 0.045 0.010 0.007 0.219 0.016 0.067 0.111 0.006 0.090 0.001 0.002 0.002 0.001 0.001 0.008 0.000 0.002 0.000 0.000 0.000 0.000 0.001 0.002 0.000 0.001 0.000 0.000 0.000 0.001 0.001 0.000 0.001 0.002 
22 gecko_vis 30 0.991 0.357 0.013 0.080 0.584 0.002 0.001 0.000 0.000 0.001 0.017 0.004 0.112 0.004 0.000 0.006 0.003 0.002 0.032 0.001 0.001 0.001 0.001 0.001 0.002 0.052 0.007 0.007 0.164 0.016 0.036 0.179 0.006 0.126 0.000 0.002 0.003 0.001 0.001 0.005 0.000 0.002 0.000 0.000 0.000 0.000 0.001 0.002 0.000 0.001 0.000 0.000 0.000 0.000 0.001 0.000 0.001 0.001 
23 crocodile_vis 30 0.991 0.174 0.006 0.401 0.572 0.002 0.001 0.000 0.001 0.001 0.005 0.001 0.014 0.009 0.000 0.012 0.002 0.001 0.008 0.001 0.001 0.000 0.001 0.001 0.002 0.169 0.003 0.024 0.027 0.042 0.009 0.559 0.012 0.441 0.000 0.002 0.002 0.001 0.001 0.001 0.000 0.005 0.000 0.000 0.000 0.000 0.001 0.002 0.000 0.001 0.001 0.000 0.000 0.001 0.001 0.001 0.001 0.001 
24 axe_vis 30 0.004 0.000 0.013 0.001 0.000 0.990 0.975 0.007 0.002 0.183 0.000 0.000 0.001 0.000 0.000 0.000 0.071 0.001 0.001 0.001 0.000 0.000 0.000 0.000 0.000 0.000 0.000 0.000 0.000 0.000 0.000 0.000 0.000 0.000 0.826 0.027 0.002 0.171 0.085 0.001 0.001 0.002 0.004 0.001 0.002 0.059 0.008 0.001 0.001 0.003 0.001 0.000 0.076 0.001 0.023 0.018 0.004 0.015 
25 hammer_vis 30 0.003 0.000 0.004 0.000 0.000 0.993 0.958 0.008 0.000 0.222 0.000 0.000 0.001 0.000 0.000 0.000 0.015 0.001 0.000 0.002 0.000 0.001 0.000 0.000 0.000 0.000 0.000 0.000 0.000 0.000 0.000 0.000 0.000 0.000 0.025 0.402 0.002 0.055 0.060 0.001 0.001 0.020 0.009 0.000 0.002 0.005 0.007 0.000 0.000 0.001 0.000 0.000 0.119 0.001 0.027 0.008 0.003 0.013 
26 screwdriver_vis 30 0.004 0.000 0.004 0.001 0.000 0.990 0.874 0.026 0.003 0.133 0.000 0.000 0.001 0.000 0.000 0.000 0.025 0.001 0.001 0.005 0.000 0.000 0.000 0.000 0.001 0.001 0.000 0.001 0.000 0.000 0.000 0.000 0.000 0.000 0.089 0.051 0.002 0.048 0.144 0.001 0.001 0.004 0.007 0.001 0.008 0.043 0.039 0.002 0.000 0.002 0.001 0.000 0.032 0.001 0.030 0.026 0.001 0.006 
27 chisel_vis 30 0.004 0.000 0.007 0.001 0.000 0.991 0.945 0.017 0.002 0.124 0.000 0.000 0.001 0.000 0.000 0.000 0.038 0.001 0.001 0.003 0.000 0.000 0.000 0.000 0.001 0.000 0.000 0.000 0.000 0.000 0.000 0.000 0.000 0.000 0.282 0.052 0.002 0.068 0.115 0.001 0.001 0.002 0.006 0.001 0.004 0.039 0.016 0.001 0.000 0.001 0.001 0.000 0.045 0.001 0.026 0.017 0.002 0.008 
28 saw_vis 30 0.003 0.000 0.004 0.000 0.000 0.993 0.915 0.019 0.001 0.151 0.000 0.000 0.001 0.000 0.000 0.000 0.013 0.001 0.000 0.004 0.000 0.001 0.000 0.000 0.000 0.000 0.000 0.000 0.000 0.000 0.000 0.000 0.000 0.000 0.019 0.406 0.002 0.040 0.073 0.001 0.001 0.055 0.012 0.000 0.005 0.007 0.019 0.001 0.000 0.001 0.001 0.000 0.056 0.000 0.020 0.011 0.003 0.012 
29 drill_vis 30 0.003 0.000 0.004 0.000 0.000 0.993 0.937 0.016 0.000 0.114 0.000 0.000 0.001 0.000 0.000 0.000 0.024 0.001 0.000 0.004 0.000 0.000 0.000 0.000 0.000 0.000 0.000 0.000 0.000 0.000 0.000 0.000 0.000 0.000 0.060 0.093 0.002 0.043 0.101 0.001 0.000 0.005 0.004 0.000 0.003 0.021 0.019 0.000 0.000 0.001 0.000 0.000 0.055 0.000 0.021 0.010 0.003 0.008 
30 clamp_vis 30 0.004 0.000 0.001 0.001 0.000 0.992 0.006 0.935 0.006 0.173 0.000 0.000 0.000 0.000 0.000 0.000 0.005 0.001 0.000 0.007 0.001 0.000 0.001 0.000 0.001 0.001 0.000 0.001 0.000 0.000 0.000 0.000 0.002 0.001 0.001 0.005 0.001 0.009 0.005 0.001 0.006 0.008 0.375 0.001 0.231 0.149 0.006 0.004 0.000 0.001 0.002 0.001 0.001 0.003 0.070 0.067 0.002 0.010 
31 hoe_vis 30 0.005 0.001 0.001 0.002 0.002 0.990 0.002 0.198 0.738 0.119 0.003 0.000 0.000 0.000 0.001 0.001 0.001 0.000 0.001 0.002 0.001 0.000 0.005 0.001 0.001 0.002 0.001 0.001 0.000 0.005 0.010 0.000 0.013 0.004 0.001 0.004 0.002 0.003 0.001 0.000 0.025 0.006 0.040 0.001 0.011 0.184 0.003 0.168 0.001 0.033 0.017 0.144 0.001 0.108 0.078 0.017 0.001 0.194 
32 rake_vis 30 0.005 0.000 0.001 0.001 0.000 0.991 0.004 0.874 0.083 0.149 0.001 0.000 0.000 0.000 0.000 0.000 0.002 0.000 0.001 0.010 0.001 0.000 0.002 0.001 0.001 0.002 0.000 0.001 0.000 0.001 0.001 0.000 0.007 0.002 0.001 0.003 0.001 0.005 0.004 0.000 0.019 0.004 0.328 0.001 0.130 0.493 0.004 0.090 0.000 0.007 0.006 0.008 0.001 0.026 0.157 0.047 0.001 0.066 
33 shovel_vis 30 0.005 0.000 0.001 0.002 0.000 0.990 0.003 0.515 0.060 0.166 0.000 0.000 0.000 0.000 0.000 0.000 0.002 0.000 0.001 0.002 0.000 0.000 0.001 0.001 0.001 0.002 0.001 0.001 0.000 0.001 0.000 0.000 0.004 0.001 0.001 0.004 0.001 0.004 0.004 0.000 0.004 0.005 0.036 0.001 0.047 0.100 0.006 0.005 0.001 0.010 0.008 0.005 0.001 0.016 0.093 0.025 0.001 0.011 
34 spade_vis 30 0.004 0.000 0.001 0.001 0.000 0.991 0.005 0.954 0.017 0.070 0.000 0.000 0.000 0.000 0.000 0.000 0.002 0.000 0.001 0.011 0.001 0.000 0.001 0.001 0.001 0.004 0.000 0.001 0.000 0.001 0.000 0.000 0.006 0.003 0.001 0.002 0.002 0.005 0.003 0.000 0.012 0.020 0.357 0.002 0.552 0.129 0.004 0.006 0.000 0.002 0.008 0.002 0.001 0.007 0.046 0.083 0.001 0.004 
35 wrench_vis 30 0.006 0.001 0.001 0.002 0.001 0.990 0.002 0.216 0.497 0.226 0.003 0.000 0.000 0.001 0.002 0.001 0.002 0.000 0.001 0.003 0.001 0.000 0.003 0.001 0.001 0.002 0.001 0.001 0.000 0.003 0.004 0.000 0.012 0.001 0.001 0.005 0.001 0.003 0.002 0.000 0.012 0.004 0.057 0.001 0.018 0.421 0.004 0.081 0.001 0.053 0.011 0.081 0.001 0.156 0.233 0.012 0.001 0.285 
36 accordion_vis 30 0.005 0.000 0.001 0.004 0.000 0.984 0.029 0.012 0.810 0.033 0.000 0.000 0.001 0.000 0.001 0.000 0.007 0.000 0.001 0.001 0.000 0.000 0.000 0.001 0.001 0.009 0.001 0.002 0.001 0.002 0.000 0.000 0.002 0.000 0.005 0.020 0.002 0.023 0.023 0.001 0.002 0.003 0.007 0.001 0.035 0.011 0.082 0.012 0.003 0.035 0.014 0.002 0.001 0.001 0.045 0.016 0.001 0.004 
37 cello_vis 30 0.006 0.001 0.001 0.002 0.046 0.989 0.001 0.205 0.911 0.044 0.004 0.001 0.001 0.001 0.001 0.001 0.001 0.000 0.004 0.001 0.001 0.000 0.017 0.007 0.001 0.003 0.001 0.001 0.000 0.014 0.077 0.000 0.013 0.093 0.000 0.003 0.003 0.002 0.001 0.001 0.159 0.015 0.026 0.003 0.008 0.024 0.002 0.467 0.000 0.008 0.093 0.485 0.001 0.073 0.006 0.019 0.001 0.106 
38 flute_vis 30 0.005 0.000 0.001 0.001 0.000 0.986 0.038 0.416 0.017 0.173 0.000 0.000 0.000 0.000 0.000 0.000 0.007 0.000 0.001 0.002 0.000 0.000 0.000 0.001 0.001 0.005 0.001 0.001 0.000 0.000 0.000 0.000 0.001 0.000 0.002 0.012 0.001 0.037 0.024 0.001 0.001 0.018 0.005 0.001 0.155 0.028 0.193 0.002 0.001 0.020 0.003 0.001 0.002 0.004 0.073 0.028 0.001 0.003 
39 guitar_vis 30 0.006 0.000 0.001 0.002 0.000 0.985 0.018 0.164 0.046 0.555 0.000 0.000 0.000 0.000 0.000 0.000 0.004 0.000 0.001 0.001 0.000 0.000 0.000 0.001 0.001 0.002 0.001 0.001 0.000 0.001 0.000 0.000 0.001 0.000 0.003 0.010 0.002 0.019 0.015 0.001 0.001 0.012 0.007 0.001 0.030 0.023 0.060 0.003 0.001 0.205 0.004 0.001 0.001 0.022 0.059 0.056 0.002 0.004 
40 piano_vis 30 0.005 0.001 0.001 0.002 0.088 0.990 0.001 0.124 0.915 0.019 0.002 0.001 0.002 0.001 0.000 0.001 0.001 0.000 0.007 0.001 0.001 0.000 0.017 0.009 0.001 0.004 0.000 0.001 0.000 0.021 0.047 0.000 0.019 0.212 0.000 0.003 0.005 0.002 0.001 0.001 0.095 0.019 0.016 0.003 0.004 0.004 0.002 0.366 0.000 0.004 0.242 0.345 0.000 0.035 0.002 0.021 0.001 0.038 
41 trumpet_vis 30 0.004 0.000 0.001 0.002 0.115 0.992 0.001 0.124 0.962 0.031 0.002 0.000 0.003 0.000 0.000 0.001 0.001 0.000 0.008 0.001 0.001 0.000 0.027 0.008 0.001 0.002 0.000 0.001 0.000 0.009 0.137 0.000 0.008 0.170 0.000 0.009 0.005 0.002 0.001 0.001 0.574 0.043 0.022 0.002 0.003 0.006 0.001 0.414 0.000 0.004 0.136 0.891 0.000 0.014 0.004 0.008 0.001 0.164 
42 fork_vis 30 0.004 0.000 0.001 0.001 0.000 0.990 0.008 0.861 0.006 0.136 0.000 0.000 0.000 0.000 0.000 0.000 0.003 0.000 0.001 0.003 0.000 0.000 0.000 0.000 0.001 0.001 0.000 0.001 0.000 0.000 0.000 0.000 0.002 0.000 0.002 0.004 0.001 0.008 0.007 0.001 0.002 0.007 0.125 0.001 0.131 0.023 0.008 0.001 0.000 0.002 0.003 0.001 0.001 0.002 0.018 0.053 0.001 0.004 
43 spoon_vis 30 0.005 0.000 0.001 0.001 0.000 0.989 0.011 0.007 0.012 0.938 0.000 0.000 0.000 0.000 0.000 0.000 0.002 0.000 0.000 0.000 0.000 0.000 0.000 0.000 0.001 0.001 0.000 0.001 0.000 0.000 0.000 0.000 0.001 0.000 0.003 0.004 0.001 0.008 0.012 0.001 0.001 0.028 0.012 0.001 0.004 0.001 0.019 0.002 0.000 0.039 0.003 0.001 0.009 0.002 0.011 0.376 0.010 0.010 
44 tongs_vis 30 0.007 0.000 0.001 0.001 0.000 0.993 0.006 0.023 0.000 0.988 0.000 0.000 0.000 0.001 0.003 0.000 0.026 0.000 0.000 0.000 0.001 0.001 0.001 0.002 0.001 0.000 0.000 0.001 0.000 0.000 0.000 0.000 0.000 0.000 0.001 0.005 0.001 0.016 0.004 0.001 0.001 0.006 0.014 0.000 0.003 0.003 0.002 0.000 0.000 0.001 0.000 0.001 0.017 0.004 0.824 0.050 0.004 0.025 
45 ladle_vis 30 0.005 0.000 0.001 0.001 0.000 0.989 0.003 0.024 0.023 0.959 0.000 0.000 0.000 0.000 0.000 0.000 0.001 0.000 0.000 0.001 0.001 0.000 0.001 0.000 0.001 0.001 0.000 0.001 0.000 0.000 0.000 0.000 0.002 0.001 0.001 0.003 0.001 0.003 0.005 0.000 0.001 0.021 0.050 0.001 0.006 0.002 0.006 0.004 0.000 0.079 0.005 0.001 0.002 0.040 0.024 0.547 0.004 0.062 
46 knife_vis 30 0.005 0.000 0.001 0.001 0.000 0.991 0.009 0.002 0.004 0.983 0.000 0.000 0.000 0.000 0.000 0.000 0.003 0.000 0.000 0.000 0.001 0.000 0.000 0.000 0.001 0.000 0.000 0.001 0.000 0.000 0.000 0.000 0.001 0.000 0.002 0.004 0.001 0.006 0.010 0.001 0.001 0.008 0.026 0.000 0.001 0.001 0.007 0.001 0.000 0.009 0.001 0.000 0.030 0.002 0.009 0.751 0.037 0.110 
47 chopsticks_vis 30 0.005 0.000 0.001 0.002 0.000 0.992 0.011 0.014 0.001 0.987 0.000 0.000 0.000 0.000 0.001 0.000 0.014 0.000 0.000 0.000 0.001 0.001 0.001 0.001 0.001 0.000 0.000 0.002 0.000 0.000 0.000 0.000 0.000 0.000 0.002 0.005 0.001 0.014 0.006 0.001 0.001 0.026 0.018 0.000 0.006 0.001 0.003 0.001 0.000 0.001 0.001 0.000 0.027 0.002 0.409 0.157 0.008 0.020 
