0 beaver_vis 30 0.068 0.001 0.001 0.036 0.090 0.156 0.001 0.001 0.057 0.003 0.000 0.013 0.295 0.001 0.002 0.002 0.002 0.993 0.076 0.004 
1 bear_vis 30 0.937 0.006 0.009 0.019 0.024 0.012 0.004 0.002 0.062 0.002 0.003 0.002 0.002 0.004 0.001 0.001 0.001 0.984 0.014 0.008 
2 sheep_vis 30 0.001 0.000 0.007 0.002 0.301 0.000 0.001 0.001 0.245 0.172 0.000 0.034 0.090 0.003 0.001 0.000 0.000 0.995 0.005 0.003 
3 buffalo_vis 30 0.712 0.034 0.012 0.001 0.033 0.000 0.002 0.002 0.020 0.002 0.011 0.008 0.001 0.002 0.002 0.007 0.001 0.991 0.003 0.002 
4 poodle_vis 30 0.302 0.000 0.036 0.019 0.038 0.001 0.000 0.001 0.686 0.092 0.001 0.004 0.055 0.001 0.001 0.000 0.000 0.992 0.052 0.030 
5 giraffe_vis 30 0.940 0.007 0.010 0.013 0.022 0.005 0.004 0.002 0.060 0.002 0.004 0.002 0.002 0.003 0.001 0.001 0.001 0.985 0.011 0.007 
6 robin_vis 30 0.109 0.016 0.001 0.003 0.120 0.002 0.013 0.001 0.011 0.001 0.002 0.011 0.005 0.001 0.002 0.004 0.001 0.994 0.004 0.001 
7 swan_vis 30 0.315 0.009 0.000 0.002 0.026 0.001 0.000 0.002 0.037 0.001 0.001 0.049 0.010 0.000 0.002 0.020 0.001 0.991 0.034 0.002 
8 woodpecker_vis 30 0.853 0.009 0.003 0.029 0.031 0.076 0.006 0.001 0.041 0.002 0.002 0.002 0.004 0.002 0.001 0.003 0.002 0.987 0.018 0.005 
9 peacock_vis 30 0.698 0.000 0.135 0.002 0.015 0.000 0.000 0.001 0.618 0.028 0.001 0.005 0.004 0.001 0.001 0.000 0.000 0.993 0.022 0.020 
10 crow_vis 30 0.946 0.036 0.015 0.002 0.013 0.001 0.001 0.001 0.033 0.001 0.008 0.003 0.001 0.001 0.001 0.004 0.001 0.989 0.004 0.003 
11 eagle_vis 30 0.063 0.001 0.001 0.026 0.065 0.003 0.001 0.001 0.039 0.007 0.000 0.036 0.049 0.000 0.001 0.033 0.001 0.991 0.287 0.003 
12 tuna_vis 30 0.631 0.000 0.148 0.001 0.014 0.000 0.000 0.001 0.483 0.042 0.001 0.011 0.002 0.001 0.001 0.001 0.000 0.992 0.030 0.013 
13 goldfish_vis 30 0.533 0.001 0.008 0.010 0.017 0.000 0.072 0.010 0.014 0.020 0.055 0.006 0.000 0.001 0.000 0.306 0.005 0.974 0.206 0.002 
14 salmon_vis 30 0.019 0.001 0.011 0.000 0.151 0.000 0.000 0.001 0.105 0.062 0.001 0.286 0.002 0.001 0.001 0.001 0.000 0.995 0.002 0.003 
15 sardine_vis 30 0.039 0.016 0.003 0.001 0.142 0.000 0.002 0.001 0.011 0.008 0.007 0.103 0.001 0.002 0.001 0.006 0.000 0.994 0.001 0.001 
16 catfish_vis 30 0.222 0.000 0.016 0.005 0.013 0.000 0.001 0.002 0.108 0.270 0.008 0.009 0.000 0.001 0.000 0.040 0.000 0.984 0.303 0.005 
17 cod_vis 30 0.020 0.010 0.002 0.001 0.162 0.000 0.006 0.001 0.005 0.007 0.010 0.076 0.001 0.002 0.001 0.018 0.001 0.993 0.002 0.001 
18 turtle_vis 30 0.202 0.001 0.002 0.006 0.029 0.000 0.064 0.004 0.006 0.014 0.047 0.006 0.000 0.001 0.000 0.302 0.002 0.978 0.092 0.001 
19 rattlesnake_vis 30 0.316 0.007 0.006 0.001 0.062 0.000 0.002 0.001 0.026 0.006 0.007 0.025 0.001 0.001 0.001 0.006 0.001 0.990 0.004 0.003 
20 crab_vis 30 0.617 0.002 0.005 0.009 0.015 0.000 0.039 0.003 0.010 0.007 0.042 0.003 0.001 0.001 0.001 0.188 0.003 0.972 0.105 0.002 
21 frog_vis 30 0.096 0.047 0.002 0.001 0.130 0.000 0.002 0.001 0.007 0.002 0.008 0.062 0.001 0.002 0.001 0.005 0.000 0.993 0.001 0.001 
22 gecko_vis 30 0.676 0.015 0.011 0.001 0.031 0.000 0.003 0.001 0.019 0.003 0.015 0.008 0.001 0.001 0.001 0.014 0.001 0.987 0.004 0.003 
23 crocodile_vis 30 0.896 0.001 0.152 0.001 0.012 0.000 0.000 0.001 0.454 0.013 0.001 0.011 0.001 0.001 0.001 0.000 0.000 0.990 0.009 0.018 
24 axe_vis 30 0.155 0.996 0.001 0.001 0.989 0.011 0.958 0.998 0.004 0.001 0.962 0.982 0.007 0.000 0.009 0.008 0.001 0.988 0.001 0.413 
25 hammer_vis 30 0.773 0.039 0.997 0.092 0.451 0.002 0.001 0.998 0.993 0.991 0.919 0.994 0.035 0.054 0.036 0.000 0.000 0.582 0.034 0.063 
26 screwdriver_vis 30 0.983 0.996 0.046 0.001 0.003 0.992 0.008 0.998 0.000 0.063 0.232 0.907 0.001 0.000 0.141 0.027 0.034 0.966 0.001 0.291 
27 chisel_vis 30 0.030 0.994 0.987 0.105 0.790 0.112 0.057 0.998 0.931 0.083 0.437 0.996 0.993 0.000 0.978 0.054 0.004 0.391 0.001 0.967 
28 saw_vis 30 0.993 0.988 0.976 0.001 0.604 0.006 0.979 0.973 0.227 0.002 0.910 0.060 0.001 0.003 0.002 0.000 0.000 0.970 0.001 0.020 
29 drill_vis 30 0.991 0.993 0.996 0.001 0.042 0.157 0.469 0.997 0.879 0.008 0.868 0.668 0.000 0.017 0.072 0.000 0.001 0.984 0.001 0.002 
30 clamp_vis 30 0.000 0.000 0.996 0.754 0.988 0.006 0.725 0.997 0.988 0.989 0.003 0.981 0.996 0.784 0.913 0.000 0.001 0.994 0.001 0.136 
31 hoe_vis 30 0.019 0.945 0.033 0.978 0.290 0.997 0.996 0.985 0.002 0.003 0.005 0.090 0.996 0.407 0.994 0.580 0.996 0.252 0.964 0.966 
32 rake_vis 30 0.003 0.000 0.993 0.987 0.134 0.519 0.054 0.026 0.994 0.993 0.002 0.093 0.996 0.896 0.171 0.001 0.053 0.952 0.175 0.165 
33 shovel_vis 30 0.000 0.004 0.014 0.010 0.992 0.562 0.315 0.998 0.010 0.549 0.001 0.996 0.997 0.020 0.979 0.018 0.009 0.994 0.002 0.838 
34 spade_vis 30 0.005 0.001 0.793 0.979 0.261 0.971 0.994 0.016 0.146 0.108 0.000 0.010 0.996 0.722 0.546 0.004 0.749 0.782 0.011 0.134 
35 wrench_vis 30 0.000 0.002 0.147 0.162 0.912 0.997 0.007 0.960 0.001 0.995 0.004 0.991 0.996 0.064 0.994 0.940 0.010 0.988 0.002 0.944 
36 accordion_vis 30 0.892 0.986 0.000 0.039 0.002 0.997 0.001 0.123 0.000 0.965 0.079 0.137 0.001 0.001 0.300 0.996 0.010 0.032 0.005 0.041 
37 cello_vis 30 0.725 0.001 0.926 0.690 0.001 0.904 0.001 0.004 0.005 0.997 0.057 0.011 0.005 0.127 0.055 0.701 0.001 0.011 0.057 0.029 
38 flute_vis 30 0.020 0.995 0.390 0.065 0.031 0.864 0.001 0.998 0.001 0.995 0.987 0.984 0.048 0.001 0.991 0.971 0.001 0.019 0.004 0.836 
39 guitar_vis 30 0.003 0.008 0.002 0.020 0.963 0.013 0.085 0.997 0.000 0.996 0.993 0.986 0.003 0.001 0.018 0.997 0.002 0.018 0.993 0.640 
40 piano_vis 30 0.995 0.086 0.085 0.012 0.002 0.996 0.002 0.001 0.000 0.980 0.063 0.003 0.000 0.068 0.006 0.015 0.000 0.890 0.001 0.001 
41 trumpet_vis 30 0.366 0.000 0.994 0.836 0.330 0.997 0.088 0.342 0.304 0.997 0.004 0.320 0.995 0.985 0.980 0.020 0.002 0.572 0.002 0.023 
42 fork_vis 30 0.193 0.000 0.922 0.039 0.982 0.005 0.996 0.997 0.025 0.021 0.059 0.134 0.011 0.052 0.000 0.002 0.005 0.995 0.244 0.003 
43 spoon_vis 30 0.004 0.023 0.001 0.037 0.954 0.010 0.995 0.998 0.000 0.003 0.166 0.303 0.004 0.000 0.000 0.895 0.176 0.949 0.993 0.115 
44 tongs_vis 30 0.002 0.001 0.995 0.988 0.991 0.510 0.996 0.998 0.032 0.979 0.180 0.969 0.993 0.989 0.003 0.048 0.026 0.531 0.032 0.005 
45 ladle_vis 30 0.006 0.003 0.001 0.993 0.042 0.994 0.997 0.998 0.000 0.942 0.043 0.081 0.990 0.154 0.007 0.995 0.996 0.023 0.996 0.653 
46 knife_vis 30 0.049 0.982 0.159 0.053 0.059 0.036 0.996 0.998 0.001 0.113 0.992 0.902 0.001 0.001 0.011 0.995 0.990 0.063 0.995 0.833 
47 chopsticks_vis 30 0.010 0.001 0.995 0.962 0.978 0.007 0.996 0.998 0.374 0.788 0.985 0.640 0.023 0.573 0.000 0.027 0.018 0.119 0.992 0.003 
