0 beaver_vis 30 0.995 0.001 0.321 0.447 0.000 0.001 0.000 0.005 0.001 0.000 0.002 0.000 0.000 0.000 0.001 0.000 0.023 0.137 0.002 0.001 0.092 0.000 0.012 0.003 0.004 0.005 0.442 0.000 0.001 0.001 0.001 0.000 0.000 0.000 0.001 0.000 0.000 0.000 0.001 0.000 0.002 0.000 0.000 0.009 0.000 0.000 0.000 0.000 0.001 0.000 0.000 0.000 0.001 0.001 0.000 0.000 0.001 0.004 
1 bear_vis 30 0.994 0.003 0.061 0.035 0.000 0.004 0.001 0.003 0.001 0.000 0.009 0.001 0.001 0.000 0.001 0.000 0.004 0.335 0.002 0.001 0.006 0.000 0.024 0.007 0.001 0.001 0.016 0.000 0.000 0.006 0.001 0.000 0.000 0.000 0.003 0.000 0.000 0.001 0.001 0.001 0.001 0.000 0.000 0.008 0.000 0.000 0.000 0.000 0.001 0.000 0.000 0.001 0.000 0.001 0.000 0.000 0.006 0.001 
2 sheep_vis 30 0.994 0.001 0.028 0.189 0.001 0.015 0.001 0.002 0.001 0.000 0.002 0.001 0.001 0.000 0.001 0.000 0.002 0.213 0.004 0.001 0.006 0.000 0.421 0.059 0.001 0.001 0.006 0.000 0.000 0.013 0.008 0.000 0.001 0.000 0.002 0.000 0.000 0.001 0.002 0.001 0.001 0.000 0.000 0.005 0.000 0.000 0.000 0.000 0.001 0.001 0.000 0.001 0.001 0.001 0.000 0.000 0.005 0.001 
3 buffalo_vis 30 0.995 0.002 0.086 0.069 0.000 0.002 0.000 0.004 0.001 0.000 0.006 0.000 0.001 0.000 0.001 0.000 0.005 0.254 0.002 0.001 0.010 0.000 0.019 0.006 0.001 0.001 0.036 0.000 0.000 0.004 0.001 0.000 0.000 0.000 0.002 0.000 0.000 0.001 0.001 0.001 0.001 0.000 0.000 0.008 0.000 0.000 0.000 0.000 0.001 0.000 0.000 0.001 0.000 0.001 0.000 0.000 0.003 0.001 
4 poodle_vis 30 0.994 0.002 0.169 0.292 0.000 0.001 0.000 0.004 0.001 0.000 0.002 0.000 0.001 0.000 0.001 0.000 0.012 0.119 0.002 0.001 0.044 0.000 0.015 0.005 0.002 0.003 0.210 0.000 0.000 0.001 0.001 0.000 0.000 0.000 0.001 0.000 0.000 0.001 0.001 0.001 0.001 0.000 0.000 0.011 0.000 0.000 0.000 0.000 0.001 0.000 0.000 0.000 0.000 0.001 0.000 0.000 0.002 0.002 
5 giraffe_vis 30 0.994 0.003 0.075 0.090 0.000 0.002 0.001 0.004 0.001 0.000 0.005 0.000 0.001 0.000 0.001 0.000 0.006 0.148 0.002 0.001 0.013 0.000 0.014 0.006 0.001 0.001 0.042 0.000 0.000 0.003 0.001 0.000 0.000 0.000 0.002 0.000 0.000 0.001 0.001 0.001 0.001 0.000 0.000 0.012 0.000 0.000 0.000 0.000 0.001 0.000 0.000 0.001 0.000 0.001 0.000 0.000 0.003 0.001 
6 robin_vis 30 0.993 0.003 0.887 0.053 0.000 0.002 0.001 0.001 0.001 0.000 0.001 0.001 0.004 0.000 0.001 0.000 0.293 0.011 0.047 0.001 0.010 0.010 0.004 0.001 0.037 0.004 0.008 0.000 0.000 0.001 0.000 0.001 0.001 0.000 0.001 0.000 0.000 0.001 0.003 0.001 0.001 0.000 0.000 0.001 0.000 0.000 0.001 0.000 0.001 0.001 0.000 0.000 0.000 0.001 0.000 0.000 0.015 0.002 
7 swan_vis 30 0.994 0.010 0.523 0.022 0.000 0.002 0.001 0.002 0.001 0.000 0.025 0.001 0.001 0.000 0.001 0.000 0.014 0.736 0.007 0.001 0.008 0.001 0.005 0.001 0.002 0.003 0.056 0.000 0.000 0.001 0.001 0.000 0.000 0.000 0.001 0.000 0.000 0.001 0.001 0.001 0.001 0.000 0.000 0.002 0.000 0.000 0.000 0.000 0.001 0.001 0.000 0.001 0.000 0.001 0.000 0.000 0.002 0.001 
8 woodpecker_vis 30 0.993 0.004 0.911 0.054 0.000 0.002 0.001 0.001 0.001 0.000 0.001 0.001 0.009 0.000 0.001 0.000 0.268 0.006 0.090 0.001 0.007 0.019 0.005 0.001 0.042 0.004 0.005 0.000 0.000 0.001 0.000 0.000 0.001 0.000 0.002 0.000 0.000 0.001 0.003 0.001 0.001 0.000 0.000 0.001 0.000 0.000 0.001 0.000 0.001 0.001 0.000 0.001 0.000 0.001 0.000 0.000 0.015 0.001 
9 peacock_vis 30 0.991 0.002 0.798 0.146 0.000 0.003 0.003 0.001 0.001 0.001 0.001 0.001 0.002 0.000 0.001 0.000 0.296 0.009 0.010 0.001 0.042 0.003 0.027 0.001 0.071 0.004 0.013 0.002 0.000 0.001 0.000 0.000 0.001 0.000 0.017 0.000 0.000 0.001 0.003 0.001 0.001 0.000 0.000 0.001 0.000 0.001 0.001 0.000 0.001 0.001 0.000 0.001 0.000 0.001 0.000 0.000 0.006 0.002 
10 crow_vis 30 0.989 0.002 0.827 0.032 0.000 0.004 0.003 0.001 0.001 0.001 0.001 0.001 0.002 0.000 0.001 0.000 0.294 0.047 0.012 0.001 0.054 0.002 0.010 0.001 0.029 0.003 0.023 0.000 0.000 0.001 0.000 0.000 0.001 0.000 0.012 0.000 0.000 0.001 0.002 0.001 0.001 0.000 0.000 0.002 0.000 0.001 0.001 0.000 0.001 0.001 0.000 0.001 0.000 0.001 0.000 0.001 0.007 0.002 
11 eagle_vis 30 0.994 0.005 0.702 0.016 0.000 0.001 0.001 0.001 0.001 0.000 0.001 0.001 0.001 0.000 0.001 0.000 0.042 0.088 0.015 0.001 0.007 0.003 0.003 0.001 0.008 0.003 0.009 0.000 0.000 0.001 0.000 0.001 0.000 0.000 0.001 0.000 0.000 0.001 0.002 0.001 0.001 0.000 0.000 0.001 0.000 0.000 0.001 0.000 0.001 0.001 0.000 0.000 0.000 0.001 0.000 0.000 0.004 0.001 
12 tuna_vis 30 0.992 0.001 0.024 0.773 0.002 0.006 0.001 0.001 0.001 0.001 0.001 0.000 0.001 0.000 0.001 0.000 0.002 0.012 0.003 0.001 0.013 0.001 0.578 0.037 0.002 0.001 0.006 0.006 0.000 0.005 0.008 0.000 0.004 0.000 0.010 0.000 0.000 0.001 0.005 0.001 0.001 0.000 0.000 0.001 0.000 0.000 0.001 0.000 0.001 0.001 0.000 0.000 0.001 0.001 0.000 0.000 0.004 0.007 
13 goldfish_vis 30 0.994 0.001 0.008 0.819 0.002 0.116 0.001 0.002 0.001 0.000 0.001 0.000 0.001 0.000 0.001 0.000 0.002 0.010 0.002 0.001 0.007 0.000 0.157 0.352 0.001 0.004 0.019 0.001 0.000 0.033 0.002 0.000 0.001 0.002 0.005 0.000 0.000 0.001 0.002 0.001 0.002 0.000 0.000 0.046 0.000 0.000 0.000 0.000 0.001 0.001 0.000 0.003 0.001 0.001 0.000 0.000 0.004 0.002 
14 salmon_vis 30 0.994 0.001 0.030 0.635 0.001 0.002 0.001 0.001 0.001 0.000 0.001 0.001 0.001 0.000 0.001 0.000 0.004 0.023 0.003 0.001 0.012 0.001 0.093 0.034 0.002 0.002 0.022 0.001 0.000 0.004 0.005 0.000 0.001 0.000 0.006 0.000 0.000 0.001 0.002 0.001 0.001 0.000 0.000 0.004 0.000 0.000 0.001 0.000 0.001 0.001 0.000 0.000 0.000 0.001 0.000 0.000 0.003 0.002 
15 sardine_vis 30 0.993 0.001 0.014 0.680 0.002 0.009 0.001 0.001 0.001 0.000 0.001 0.001 0.001 0.000 0.001 0.000 0.001 0.037 0.002 0.001 0.010 0.000 0.542 0.087 0.001 0.001 0.008 0.002 0.000 0.011 0.013 0.000 0.002 0.000 0.006 0.000 0.000 0.001 0.003 0.001 0.001 0.000 0.000 0.003 0.000 0.000 0.001 0.000 0.001 0.001 0.000 0.000 0.001 0.001 0.000 0.000 0.004 0.004 
16 catfish_vis 30 0.995 0.001 0.220 0.708 0.000 0.001 0.000 0.003 0.001 0.000 0.001 0.000 0.001 0.000 0.001 0.000 0.018 0.072 0.002 0.001 0.063 0.000 0.010 0.003 0.007 0.013 0.593 0.000 0.001 0.001 0.001 0.001 0.000 0.000 0.003 0.000 0.000 0.001 0.009 0.000 0.001 0.000 0.000 0.017 0.000 0.000 0.000 0.000 0.001 0.000 0.000 0.000 0.001 0.001 0.000 0.000 0.003 0.006 
17 cod_vis 30 0.993 0.001 0.018 0.729 0.001 0.008 0.001 0.001 0.001 0.001 0.001 0.001 0.001 0.000 0.001 0.000 0.002 0.042 0.003 0.001 0.010 0.000 0.536 0.132 0.001 0.002 0.010 0.002 0.000 0.008 0.012 0.000 0.001 0.000 0.007 0.000 0.000 0.001 0.003 0.001 0.001 0.000 0.000 0.004 0.000 0.000 0.001 0.000 0.001 0.001 0.000 0.001 0.001 0.001 0.000 0.000 0.003 0.004 
18 turtle_vis 30 0.994 0.005 0.234 0.077 0.000 0.001 0.001 0.003 0.001 0.001 0.002 0.001 0.001 0.001 0.001 0.000 0.047 0.108 0.003 0.001 0.029 0.002 0.002 0.001 0.004 0.001 0.180 0.000 0.001 0.003 0.000 0.001 0.001 0.000 0.002 0.000 0.000 0.001 0.001 0.001 0.001 0.000 0.000 0.028 0.000 0.001 0.001 0.000 0.001 0.000 0.000 0.000 0.001 0.001 0.000 0.001 0.008 0.001 
19 rattlesnake_vis 30 0.775 0.002 0.444 0.001 0.001 0.100 0.002 0.001 0.001 0.265 0.000 0.001 0.002 0.002 0.000 0.001 0.123 0.006 0.004 0.008 0.007 0.166 0.001 0.000 0.008 0.000 0.001 0.000 0.001 0.000 0.000 0.001 0.002 0.000 0.006 0.000 0.001 0.014 0.008 0.001 0.001 0.000 0.000 0.001 0.001 0.005 0.001 0.001 0.001 0.001 0.005 0.001 0.032 0.003 0.003 0.066 0.030 0.003 
20 crab_vis 30 0.992 0.001 0.021 0.174 0.001 0.078 0.001 0.001 0.001 0.001 0.001 0.001 0.001 0.000 0.001 0.000 0.004 0.077 0.003 0.001 0.006 0.001 0.313 0.034 0.001 0.001 0.004 0.001 0.000 0.026 0.003 0.000 0.002 0.000 0.009 0.000 0.000 0.001 0.002 0.001 0.001 0.000 0.000 0.006 0.000 0.001 0.001 0.000 0.001 0.001 0.000 0.000 0.001 0.001 0.000 0.000 0.038 0.002 
21 frog_vis 30 0.994 0.007 0.186 0.049 0.000 0.001 0.001 0.004 0.001 0.001 0.003 0.001 0.001 0.001 0.001 0.000 0.023 0.137 0.003 0.001 0.019 0.002 0.001 0.001 0.003 0.001 0.131 0.000 0.001 0.003 0.000 0.001 0.001 0.000 0.001 0.000 0.000 0.001 0.001 0.001 0.001 0.000 0.000 0.018 0.000 0.001 0.001 0.000 0.001 0.000 0.000 0.000 0.001 0.001 0.000 0.001 0.006 0.001 
22 gecko_vis 30 0.969 0.001 0.045 0.110 0.001 0.227 0.006 0.001 0.001 0.021 0.001 0.001 0.002 0.001 0.001 0.000 0.010 0.004 0.009 0.001 0.004 0.005 0.436 0.002 0.001 0.000 0.001 0.012 0.000 0.009 0.001 0.000 0.052 0.000 0.031 0.000 0.001 0.001 0.004 0.001 0.001 0.000 0.000 0.001 0.001 0.001 0.001 0.000 0.002 0.001 0.001 0.001 0.001 0.007 0.000 0.001 0.127 0.003 
23 crocodile_vis 30 0.994 0.004 0.296 0.071 0.000 0.001 0.001 0.002 0.001 0.001 0.001 0.001 0.001 0.001 0.001 0.000 0.044 0.113 0.003 0.001 0.026 0.002 0.003 0.001 0.005 0.002 0.139 0.000 0.001 0.002 0.000 0.001 0.001 0.000 0.002 0.000 0.000 0.001 0.002 0.001 0.001 0.000 0.000 0.013 0.000 0.001 0.001 0.000 0.001 0.000 0.000 0.000 0.001 0.001 0.000 0.001 0.007 0.001 
24 axe_vis 30 0.010 0.002 0.001 0.054 0.001 0.950 0.947 0.003 0.085 0.001 0.001 0.001 0.005 0.000 0.001 0.000 0.000 0.001 0.007 0.001 0.000 0.000 0.006 0.004 0.019 0.003 0.001 0.009 0.000 0.001 0.001 0.000 0.001 0.000 0.346 0.046 0.002 0.005 0.362 0.006 0.002 0.001 0.000 0.004 0.002 0.001 0.001 0.000 0.001 0.007 0.006 0.001 0.002 0.002 0.001 0.001 0.003 0.004 
25 hammer_vis 30 0.011 0.009 0.001 0.010 0.000 0.985 0.904 0.005 0.138 0.007 0.002 0.000 0.011 0.001 0.003 0.001 0.000 0.001 0.003 0.001 0.000 0.000 0.001 0.004 0.002 0.000 0.001 0.005 0.000 0.003 0.000 0.000 0.001 0.000 0.030 0.597 0.024 0.010 0.026 0.469 0.017 0.001 0.001 0.019 0.002 0.001 0.001 0.000 0.003 0.002 0.073 0.001 0.034 0.002 0.006 0.001 0.003 0.001 
26 screwdriver_vis 30 0.009 0.113 0.001 0.001 0.000 0.993 0.887 0.004 0.257 0.001 0.004 0.001 0.082 0.003 0.002 0.000 0.000 0.001 0.007 0.001 0.000 0.001 0.000 0.001 0.001 0.000 0.000 0.000 0.000 0.021 0.000 0.000 0.001 0.000 0.025 0.005 0.726 0.074 0.003 0.174 0.001 0.000 0.000 0.036 0.005 0.001 0.007 0.000 0.039 0.002 0.018 0.001 0.001 0.002 0.001 0.002 0.028 0.000 
27 chisel_vis 30 0.009 0.009 0.001 0.002 0.000 0.990 0.915 0.003 0.120 0.001 0.001 0.000 0.012 0.001 0.001 0.000 0.000 0.001 0.004 0.001 0.000 0.000 0.001 0.002 0.001 0.000 0.000 0.001 0.000 0.008 0.000 0.000 0.001 0.000 0.041 0.051 0.121 0.043 0.009 0.065 0.002 0.000 0.000 0.046 0.001 0.001 0.001 0.000 0.007 0.004 0.013 0.001 0.002 0.001 0.001 0.001 0.005 0.001 
28 saw_vis 30 0.009 0.003 0.001 0.044 0.000 0.984 0.955 0.006 0.080 0.006 0.001 0.000 0.003 0.000 0.001 0.001 0.000 0.001 0.003 0.001 0.000 0.000 0.001 0.006 0.005 0.000 0.001 0.008 0.000 0.003 0.000 0.000 0.001 0.000 0.083 0.604 0.007 0.021 0.089 0.133 0.018 0.001 0.001 0.026 0.001 0.001 0.001 0.000 0.002 0.004 0.034 0.001 0.023 0.001 0.008 0.001 0.003 0.002 
29 drill_vis 30 0.011 0.063 0.001 0.002 0.001 0.988 0.860 0.005 0.189 0.006 0.006 0.001 0.050 0.002 0.009 0.001 0.000 0.001 0.005 0.001 0.000 0.001 0.001 0.002 0.001 0.000 0.000 0.002 0.000 0.006 0.000 0.000 0.001 0.000 0.017 0.162 0.097 0.009 0.019 0.819 0.012 0.000 0.000 0.008 0.004 0.001 0.001 0.000 0.006 0.001 0.103 0.001 0.023 0.004 0.002 0.001 0.004 0.000 
30 clamp_vis 30 0.003 0.002 0.001 0.002 0.001 0.991 0.000 0.987 0.285 0.001 0.020 0.000 0.000 0.001 0.001 0.001 0.000 0.002 0.001 0.001 0.000 0.000 0.000 0.057 0.000 0.000 0.004 0.000 0.000 0.002 0.001 0.000 0.000 0.000 0.000 0.003 0.000 0.001 0.001 0.004 0.346 0.055 0.036 0.259 0.045 0.001 0.001 0.001 0.001 0.001 0.000 0.321 0.001 0.008 0.001 0.001 0.001 0.001 
31 hoe_vis 30 0.003 0.001 0.001 0.001 0.013 0.988 0.000 0.986 0.066 0.001 0.003 0.000 0.000 0.001 0.000 0.001 0.000 0.018 0.001 0.001 0.000 0.000 0.000 0.003 0.000 0.000 0.002 0.000 0.013 0.002 0.006 0.000 0.000 0.000 0.000 0.001 0.000 0.001 0.001 0.001 0.034 0.882 0.010 0.006 0.071 0.003 0.001 0.014 0.001 0.008 0.001 0.098 0.001 0.002 0.001 0.004 0.001 0.001 
32 rake_vis 30 0.003 0.001 0.001 0.001 0.002 0.986 0.000 0.986 0.028 0.004 0.003 0.000 0.000 0.002 0.000 0.001 0.000 0.004 0.001 0.001 0.001 0.000 0.000 0.014 0.000 0.000 0.005 0.000 0.041 0.003 0.051 0.000 0.000 0.001 0.001 0.001 0.000 0.001 0.001 0.001 0.062 0.038 0.635 0.034 0.032 0.018 0.001 0.004 0.001 0.001 0.000 0.174 0.001 0.003 0.005 0.001 0.001 0.007 
33 shovel_vis 30 0.003 0.001 0.001 0.007 0.001 0.992 0.001 0.986 0.143 0.001 0.005 0.000 0.000 0.000 0.001 0.000 0.000 0.001 0.001 0.001 0.000 0.000 0.000 0.139 0.000 0.000 0.010 0.000 0.000 0.002 0.001 0.000 0.000 0.000 0.000 0.002 0.000 0.001 0.001 0.001 0.343 0.067 0.032 0.425 0.007 0.001 0.001 0.001 0.001 0.003 0.000 0.174 0.001 0.001 0.001 0.001 0.001 0.003 
34 spade_vis 30 0.004 0.001 0.001 0.001 0.003 0.984 0.000 0.984 0.026 0.003 0.002 0.000 0.000 0.002 0.000 0.001 0.000 0.006 0.001 0.001 0.001 0.000 0.000 0.007 0.000 0.000 0.003 0.000 0.039 0.002 0.046 0.000 0.000 0.001 0.000 0.001 0.000 0.001 0.001 0.001 0.040 0.077 0.270 0.013 0.061 0.011 0.001 0.006 0.001 0.001 0.000 0.141 0.001 0.004 0.003 0.001 0.001 0.004 
35 wrench_vis 30 0.003 0.001 0.001 0.002 0.001 0.990 0.000 0.986 0.138 0.001 0.003 0.000 0.000 0.001 0.001 0.001 0.000 0.001 0.001 0.001 0.000 0.000 0.000 0.147 0.000 0.000 0.007 0.000 0.001 0.003 0.001 0.000 0.000 0.000 0.000 0.001 0.000 0.002 0.001 0.001 0.264 0.018 0.082 0.732 0.003 0.002 0.001 0.001 0.001 0.002 0.000 0.193 0.001 0.001 0.001 0.001 0.001 0.002 
36 accordion_vis 30 0.004 0.012 0.001 0.001 0.001 0.990 0.003 0.001 0.989 0.005 0.000 0.001 0.006 0.002 0.003 0.014 0.000 0.001 0.003 0.003 0.000 0.001 0.000 0.001 0.001 0.000 0.000 0.001 0.000 0.004 0.000 0.001 0.002 0.001 0.004 0.001 0.005 0.009 0.001 0.004 0.001 0.000 0.000 0.001 0.002 0.034 0.807 0.005 0.637 0.009 0.176 0.081 0.001 0.001 0.003 0.018 0.004 0.000 
37 cello_vis 30 0.006 0.007 0.001 0.001 0.001 0.989 0.001 0.002 0.977 0.001 0.000 0.001 0.001 0.001 0.001 0.030 0.000 0.001 0.001 0.001 0.000 0.000 0.000 0.001 0.000 0.000 0.000 0.000 0.000 0.026 0.000 0.001 0.001 0.001 0.001 0.001 0.002 0.003 0.001 0.004 0.001 0.001 0.001 0.002 0.001 0.019 0.591 0.044 0.039 0.048 0.026 0.316 0.001 0.001 0.001 0.188 0.001 0.000 
38 flute_vis 30 0.004 0.009 0.001 0.001 0.001 0.988 0.013 0.001 0.984 0.001 0.000 0.001 0.005 0.001 0.006 0.002 0.000 0.001 0.004 0.001 0.000 0.001 0.000 0.001 0.001 0.001 0.000 0.000 0.000 0.005 0.000 0.001 0.001 0.001 0.005 0.001 0.014 0.041 0.001 0.010 0.001 0.000 0.000 0.009 0.001 0.003 0.017 0.001 0.694 0.004 0.113 0.036 0.001 0.001 0.001 0.003 0.007 0.000 
39 guitar_vis 30 0.003 0.002 0.001 0.001 0.001 0.989 0.005 0.001 0.988 0.001 0.000 0.001 0.001 0.001 0.001 0.001 0.000 0.001 0.002 0.001 0.000 0.000 0.000 0.001 0.001 0.001 0.000 0.002 0.000 0.014 0.000 0.001 0.001 0.001 0.009 0.000 0.001 0.051 0.001 0.001 0.001 0.001 0.000 0.005 0.001 0.021 0.025 0.034 0.189 0.825 0.005 0.038 0.000 0.001 0.001 0.087 0.003 0.000 
40 piano_vis 30 0.008 0.015 0.001 0.001 0.001 0.990 0.002 0.001 0.984 0.001 0.000 0.001 0.003 0.001 0.007 0.016 0.000 0.001 0.003 0.001 0.000 0.001 0.000 0.001 0.000 0.000 0.000 0.000 0.000 0.011 0.000 0.000 0.001 0.001 0.001 0.001 0.009 0.012 0.001 0.022 0.001 0.000 0.001 0.002 0.001 0.002 0.064 0.002 0.345 0.003 0.420 0.085 0.002 0.001 0.001 0.005 0.002 0.000 
41 trumpet_vis 30 0.004 0.002 0.001 0.001 0.001 0.988 0.000 0.982 0.021 0.017 0.003 0.000 0.000 0.010 0.000 0.006 0.000 0.004 0.001 0.001 0.000 0.000 0.000 0.002 0.000 0.000 0.001 0.000 0.003 0.004 0.005 0.000 0.000 0.000 0.000 0.001 0.000 0.001 0.001 0.002 0.045 0.012 0.207 0.015 0.484 0.005 0.001 0.002 0.001 0.001 0.001 0.291 0.003 0.004 0.008 0.002 0.001 0.000 
42 fork_vis 30 0.004 0.001 0.003 0.001 0.001 0.986 0.003 0.003 0.005 0.981 0.000 0.001 0.001 0.001 0.000 0.000 0.003 0.001 0.002 0.003 0.008 0.001 0.028 0.000 0.002 0.000 0.000 0.000 0.000 0.001 0.001 0.000 0.008 0.001 0.015 0.001 0.000 0.001 0.034 0.001 0.001 0.001 0.001 0.001 0.001 0.002 0.001 0.010 0.001 0.002 0.006 0.001 0.048 0.012 0.011 0.005 0.029 0.905 
43 spoon_vis 30 0.004 0.001 0.011 0.000 0.000 0.992 0.001 0.001 0.076 0.987 0.000 0.001 0.001 0.001 0.000 0.000 0.000 0.019 0.011 0.012 0.001 0.087 0.001 0.000 0.000 0.000 0.000 0.000 0.000 0.000 0.000 0.000 0.033 0.001 0.004 0.000 0.001 0.001 0.001 0.001 0.001 0.000 0.000 0.000 0.021 0.006 0.057 0.001 0.004 0.001 0.005 0.001 0.019 0.873 0.001 0.019 0.094 0.005 
44 tongs_vis 30 0.004 0.001 0.001 0.001 0.002 0.980 0.004 0.010 0.177 0.929 0.000 0.001 0.001 0.001 0.000 0.002 0.000 0.001 0.001 0.001 0.001 0.001 0.001 0.001 0.003 0.000 0.000 0.002 0.006 0.001 0.001 0.001 0.004 0.001 0.006 0.006 0.001 0.008 0.005 0.002 0.001 0.007 0.013 0.001 0.004 0.006 0.002 0.159 0.002 0.004 0.009 0.001 0.020 0.003 0.847 0.073 0.002 0.022 
45 ladle_vis 30 0.003 0.001 0.003 0.000 0.001 0.991 0.001 0.004 0.027 0.985 0.000 0.001 0.001 0.001 0.000 0.000 0.001 0.003 0.002 0.005 0.001 0.003 0.001 0.000 0.000 0.000 0.000 0.000 0.000 0.001 0.000 0.000 0.011 0.001 0.002 0.000 0.001 0.002 0.001 0.002 0.001 0.041 0.000 0.001 0.002 0.017 0.010 0.208 0.002 0.021 0.003 0.001 0.030 0.037 0.005 0.949 0.005 0.065 
46 knife_vis 30 0.003 0.001 0.013 0.001 0.001 0.992 0.001 0.003 0.242 0.978 0.000 0.001 0.001 0.004 0.001 0.000 0.000 0.007 0.012 0.011 0.001 0.027 0.001 0.000 0.001 0.000 0.000 0.000 0.000 0.001 0.000 0.001 0.121 0.001 0.006 0.000 0.001 0.003 0.002 0.001 0.001 0.000 0.000 0.001 0.022 0.043 0.174 0.001 0.009 0.001 0.003 0.001 0.002 0.306 0.001 0.055 0.495 0.006 
47 chopsticks_vis 30 0.003 0.001 0.003 0.001 0.001 0.988 0.002 0.003 0.003 0.986 0.000 0.001 0.000 0.001 0.000 0.000 0.002 0.001 0.001 0.004 0.019 0.001 0.009 0.000 0.001 0.000 0.000 0.000 0.000 0.001 0.001 0.000 0.007 0.001 0.012 0.001 0.000 0.003 0.005 0.001 0.001 0.001 0.002 0.001 0.001 0.003 0.001 0.014 0.001 0.001 0.003 0.001 0.051 0.005 0.019 0.046 0.013 0.845 
