0 beaver_vis 30 0.996 0.991 0.003 0.015 0.003 0.002 0.001 0.001 0.002 0.002 0.037 0.008 0.027 0.006 0.011 0.914 0.001 0.002 0.003 0.002 0.001 0.003 0.002 0.001 0.002 0.001 0.033 0.001 0.001 0.001 0.003 0.006 0.001 0.002 0.001 0.002 0.000 0.001 0.006 0.001 0.002 0.002 0.001 0.000 0.002 0.001 0.001 0.001 0.001 0.001 0.001 0.001 0.001 0.004 0.003 0.001 0.001 0.038 
1 bear_vis 30 0.996 0.990 0.001 0.005 0.044 0.001 0.001 0.001 0.001 0.001 0.177 0.938 0.005 0.017 0.001 0.154 0.000 0.024 0.001 0.000 0.001 0.001 0.001 0.001 0.001 0.032 0.006 0.001 0.032 0.001 0.002 0.052 0.005 0.001 0.000 0.006 0.000 0.001 0.001 0.028 0.006 0.000 0.000 0.000 0.001 0.000 0.001 0.004 0.001 0.000 0.001 0.001 0.001 0.001 0.000 0.000 0.001 0.025 
2 sheep_vis 30 0.996 0.988 0.008 0.013 0.001 0.001 0.001 0.001 0.001 0.002 0.195 0.002 0.088 0.005 0.735 0.203 0.035 0.002 0.002 0.002 0.011 0.003 0.007 0.000 0.022 0.001 0.001 0.001 0.001 0.001 0.002 0.001 0.000 0.001 0.001 0.002 0.000 0.001 0.001 0.007 0.002 0.006 0.004 0.001 0.001 0.002 0.001 0.024 0.001 0.001 0.003 0.001 0.001 0.001 0.002 0.001 0.001 0.138 
3 buffalo_vis 30 0.996 0.897 0.001 0.111 0.004 0.001 0.001 0.001 0.001 0.001 0.001 0.004 0.002 0.857 0.024 0.014 0.001 0.001 0.001 0.000 0.002 0.002 0.001 0.009 0.002 0.001 0.002 0.510 0.006 0.001 0.018 0.001 0.001 0.001 0.002 0.001 0.000 0.001 0.008 0.021 0.002 0.001 0.002 0.001 0.001 0.001 0.001 0.001 0.000 0.000 0.001 0.001 0.002 0.001 0.000 0.000 0.000 0.001 
4 poodle_vis 30 0.995 0.979 0.008 0.006 0.001 0.002 0.001 0.001 0.002 0.001 0.059 0.001 0.014 0.041 0.936 0.013 0.084 0.001 0.001 0.001 0.026 0.005 0.012 0.000 0.012 0.000 0.001 0.001 0.001 0.001 0.004 0.001 0.001 0.001 0.001 0.001 0.000 0.001 0.002 0.006 0.001 0.024 0.002 0.002 0.001 0.001 0.001 0.011 0.001 0.001 0.007 0.002 0.002 0.001 0.000 0.001 0.001 0.055 
5 giraffe_vis 30 0.996 0.974 0.001 0.011 0.008 0.001 0.001 0.001 0.001 0.001 0.002 0.009 0.002 0.663 0.014 0.054 0.001 0.001 0.001 0.000 0.001 0.001 0.001 0.002 0.001 0.001 0.003 0.049 0.005 0.001 0.018 0.001 0.001 0.001 0.001 0.001 0.000 0.001 0.004 0.013 0.002 0.001 0.001 0.001 0.001 0.001 0.001 0.001 0.000 0.000 0.001 0.001 0.001 0.001 0.000 0.000 0.000 0.003 
6 robin_vis 30 0.996 0.011 0.985 0.010 0.016 0.002 0.001 0.001 0.002 0.002 0.006 0.001 0.002 0.000 0.026 0.001 0.161 0.006 0.003 0.035 0.671 0.016 0.018 0.000 0.017 0.002 0.001 0.002 0.003 0.001 0.016 0.001 0.010 0.001 0.001 0.001 0.001 0.001 0.001 0.005 0.001 0.003 0.002 0.002 0.001 0.001 0.001 0.007 0.001 0.001 0.023 0.002 0.010 0.001 0.000 0.002 0.001 0.003 
7 swan_vis 30 0.996 0.027 0.988 0.021 0.024 0.003 0.001 0.001 0.002 0.054 0.350 0.002 0.003 0.000 0.007 0.004 0.026 0.794 0.001 0.418 0.916 0.008 0.012 0.000 0.080 0.061 0.003 0.001 0.025 0.001 0.013 0.007 0.002 0.002 0.001 0.002 0.000 0.006 0.001 0.017 0.023 0.001 0.001 0.001 0.002 0.002 0.001 0.287 0.001 0.001 0.001 0.006 0.013 0.001 0.001 0.003 0.001 0.254 
8 woodpecker_vis 30 0.996 0.007 0.991 0.008 0.006 0.005 0.001 0.001 0.003 0.004 0.006 0.005 0.004 0.000 0.001 0.001 0.049 0.274 0.323 0.020 0.027 0.178 0.016 0.000 0.007 0.003 0.001 0.000 0.001 0.001 0.003 0.002 0.003 0.003 0.001 0.016 0.003 0.004 0.001 0.004 0.001 0.003 0.000 0.010 0.001 0.001 0.003 0.001 0.002 0.002 0.001 0.002 0.001 0.003 0.001 0.008 0.033 0.003 
9 peacock_vis 30 0.994 0.004 0.985 0.005 0.006 0.380 0.001 0.001 0.004 0.011 0.001 0.003 0.002 0.000 0.001 0.001 0.030 0.003 0.941 0.028 0.001 0.432 0.016 0.000 0.001 0.001 0.001 0.000 0.001 0.001 0.001 0.002 0.003 0.013 0.004 0.001 0.014 0.007 0.002 0.000 0.001 0.027 0.000 0.011 0.001 0.003 0.001 0.001 0.001 0.131 0.001 0.001 0.001 0.008 0.001 0.057 0.147 0.001 
10 crow_vis 30 0.995 0.008 0.977 0.018 0.022 0.002 0.001 0.001 0.001 0.082 0.259 0.001 0.001 0.000 0.028 0.001 0.022 0.232 0.002 0.020 0.974 0.012 0.033 0.000 0.023 0.007 0.002 0.001 0.184 0.001 0.007 0.001 0.001 0.001 0.001 0.003 0.000 0.016 0.001 0.001 0.113 0.001 0.000 0.001 0.001 0.001 0.001 0.009 0.001 0.001 0.001 0.048 0.002 0.001 0.000 0.087 0.000 0.161 
11 eagle_vis 30 0.984 0.005 0.869 0.007 0.008 0.608 0.001 0.004 0.002 0.117 0.001 0.001 0.002 0.000 0.013 0.001 0.632 0.002 0.161 0.014 0.091 0.076 0.028 0.000 0.006 0.001 0.001 0.001 0.001 0.001 0.031 0.001 0.001 0.004 0.001 0.001 0.002 0.002 0.139 0.003 0.001 0.960 0.000 0.002 0.001 0.001 0.001 0.001 0.001 0.007 0.001 0.002 0.001 0.004 0.001 0.493 0.006 0.025 
12 tuna_vis 30 0.991 0.002 0.007 0.949 0.002 0.004 0.004 0.008 0.001 0.004 0.001 0.001 0.001 0.000 0.008 0.002 0.039 0.001 0.024 0.001 0.056 0.001 0.434 0.038 0.467 0.006 0.006 0.057 0.001 0.001 0.006 0.001 0.002 0.007 0.002 0.010 0.013 0.001 0.006 0.001 0.007 0.002 0.025 0.005 0.004 0.002 0.001 0.001 0.000 0.000 0.001 0.001 0.001 0.002 0.003 0.001 0.000 0.001 
13 goldfish_vis 30 0.996 0.003 0.001 0.978 0.024 0.002 0.004 0.005 0.001 0.001 0.001 0.001 0.001 0.006 0.001 0.002 0.001 0.001 0.016 0.000 0.001 0.000 0.036 0.844 0.003 0.021 0.036 0.152 0.002 0.005 0.073 0.001 0.004 0.014 0.001 0.052 0.004 0.001 0.025 0.007 0.085 0.001 0.011 0.003 0.002 0.001 0.001 0.001 0.000 0.000 0.001 0.001 0.001 0.001 0.002 0.000 0.000 0.001 
14 salmon_vis 30 0.996 0.004 0.012 0.970 0.001 0.001 0.002 0.027 0.001 0.001 0.002 0.001 0.003 0.000 0.003 0.001 0.005 0.005 0.002 0.024 0.035 0.002 0.010 0.001 0.501 0.429 0.035 0.027 0.001 0.001 0.002 0.002 0.001 0.001 0.014 0.003 0.002 0.001 0.001 0.003 0.021 0.001 0.087 0.009 0.017 0.014 0.001 0.001 0.000 0.000 0.001 0.001 0.001 0.001 0.041 0.000 0.000 0.001 
15 sardine_vis 30 0.996 0.002 0.001 0.968 0.019 0.001 0.002 0.012 0.001 0.001 0.001 0.003 0.001 0.000 0.000 0.002 0.000 0.002 0.020 0.001 0.001 0.000 0.002 0.028 0.002 0.960 0.070 0.003 0.002 0.001 0.002 0.044 0.031 0.001 0.001 0.007 0.000 0.001 0.012 0.001 0.066 0.000 0.024 0.001 0.016 0.001 0.000 0.001 0.000 0.000 0.000 0.000 0.001 0.001 0.038 0.000 0.000 0.001 
16 catfish_vis 30 0.996 0.007 0.001 0.982 0.007 0.002 0.002 0.003 0.001 0.001 0.001 0.001 0.001 0.000 0.001 0.040 0.001 0.003 0.018 0.001 0.001 0.001 0.001 0.032 0.022 0.202 0.904 0.020 0.002 0.001 0.003 0.011 0.001 0.002 0.001 0.011 0.000 0.001 0.018 0.001 0.084 0.001 0.012 0.001 0.005 0.001 0.001 0.001 0.000 0.000 0.000 0.001 0.001 0.001 0.073 0.000 0.000 0.001 
17 cod_vis 30 0.996 0.002 0.001 0.965 0.015 0.001 0.003 0.004 0.001 0.001 0.000 0.001 0.001 0.003 0.001 0.001 0.001 0.001 0.009 0.000 0.001 0.001 0.006 0.402 0.009 0.010 0.036 0.455 0.002 0.003 0.045 0.001 0.001 0.004 0.001 0.017 0.002 0.001 0.020 0.003 0.047 0.001 0.008 0.003 0.001 0.001 0.001 0.001 0.000 0.000 0.001 0.001 0.001 0.001 0.001 0.000 0.000 0.001 
18 turtle_vis 30 0.995 0.016 0.009 0.011 0.964 0.003 0.001 0.001 0.002 0.001 0.001 0.001 0.001 0.014 0.002 0.008 0.044 0.003 0.001 0.000 0.004 0.002 0.002 0.002 0.001 0.001 0.014 0.071 0.165 0.020 0.388 0.007 0.001 0.076 0.001 0.002 0.000 0.005 0.001 0.001 0.008 0.001 0.000 0.001 0.001 0.001 0.001 0.001 0.002 0.000 0.001 0.008 0.002 0.001 0.001 0.002 0.001 0.009 
19 rattlesnake_vis 30 0.947 0.014 0.001 0.002 0.964 0.041 0.002 0.004 0.015 0.005 0.000 0.003 0.001 0.151 0.001 0.008 0.004 0.001 0.001 0.000 0.001 0.002 0.001 0.055 0.001 0.001 0.009 0.029 0.025 0.895 0.132 0.021 0.056 0.044 0.027 0.006 0.001 0.001 0.087 0.013 0.008 0.060 0.001 0.001 0.005 0.002 0.002 0.002 0.007 0.001 0.066 0.021 0.048 0.001 0.004 0.009 0.004 0.012 
20 crab_vis 30 0.995 0.028 0.001 0.042 0.974 0.002 0.001 0.001 0.002 0.004 0.001 0.002 0.001 0.109 0.002 0.041 0.009 0.002 0.005 0.000 0.001 0.001 0.028 0.408 0.000 0.002 0.003 0.003 0.009 0.099 0.951 0.003 0.067 0.179 0.001 0.007 0.001 0.001 0.003 0.063 0.006 0.005 0.001 0.001 0.001 0.001 0.001 0.004 0.002 0.000 0.015 0.001 0.003 0.001 0.001 0.001 0.002 0.069 
21 frog_vis 30 0.996 0.013 0.025 0.046 0.932 0.002 0.001 0.001 0.001 0.001 0.001 0.047 0.001 0.000 0.001 0.012 0.001 0.019 0.001 0.026 0.002 0.001 0.001 0.001 0.001 0.147 0.061 0.002 0.220 0.001 0.002 0.902 0.004 0.023 0.003 0.001 0.000 0.042 0.001 0.001 0.019 0.000 0.001 0.001 0.002 0.020 0.000 0.001 0.002 0.000 0.001 0.006 0.001 0.001 0.001 0.002 0.000 0.002 
22 gecko_vis 30 0.995 0.007 0.002 0.010 0.988 0.004 0.001 0.001 0.002 0.005 0.001 0.019 0.000 0.020 0.001 0.002 0.001 0.001 0.002 0.001 0.001 0.001 0.012 0.094 0.000 0.051 0.001 0.001 0.014 0.021 0.140 0.011 0.941 0.041 0.001 0.002 0.001 0.001 0.006 0.019 0.004 0.004 0.001 0.001 0.002 0.001 0.001 0.001 0.003 0.000 0.022 0.001 0.005 0.002 0.001 0.002 0.002 0.003 
23 crocodile_vis 30 0.995 0.017 0.002 0.019 0.991 0.014 0.001 0.001 0.005 0.004 0.000 0.003 0.001 0.023 0.002 0.028 0.004 0.001 0.003 0.001 0.001 0.001 0.023 0.098 0.000 0.001 0.005 0.001 0.043 0.102 0.191 0.031 0.051 0.976 0.059 0.001 0.000 0.084 0.002 0.007 0.009 0.005 0.000 0.001 0.001 0.023 0.001 0.001 0.049 0.001 0.001 0.024 0.004 0.002 0.001 0.054 0.002 0.015 
24 axe_vis 30 0.002 0.001 0.001 0.002 0.001 0.996 0.988 0.003 0.002 0.002 0.000 0.002 0.002 0.000 0.000 0.000 0.001 0.001 0.001 0.000 0.000 0.000 0.002 0.001 0.002 0.001 0.002 0.001 0.000 0.003 0.000 0.001 0.001 0.004 0.061 0.006 0.001 0.888 0.001 0.014 0.002 0.001 0.000 0.007 0.001 0.003 0.001 0.000 0.019 0.002 0.000 0.000 0.001 0.001 0.003 0.001 0.008 0.001 
25 hammer_vis 30 0.004 0.044 0.001 0.004 0.001 0.992 0.987 0.002 0.002 0.008 0.004 0.006 0.066 0.007 0.001 0.000 0.001 0.012 0.001 0.000 0.000 0.000 0.013 0.007 0.017 0.001 0.001 0.001 0.000 0.003 0.000 0.000 0.000 0.001 0.002 0.973 0.004 0.131 0.001 0.139 0.034 0.000 0.001 0.005 0.001 0.001 0.036 0.013 0.007 0.001 0.000 0.000 0.001 0.001 0.003 0.001 0.007 0.027 
26 screwdriver_vis 30 0.002 0.001 0.001 0.003 0.001 0.996 0.988 0.003 0.001 0.003 0.000 0.002 0.002 0.000 0.000 0.000 0.001 0.001 0.002 0.000 0.000 0.000 0.002 0.001 0.002 0.001 0.001 0.001 0.000 0.002 0.000 0.000 0.001 0.003 0.021 0.005 0.002 0.928 0.003 0.017 0.003 0.001 0.000 0.006 0.000 0.001 0.001 0.000 0.010 0.001 0.000 0.000 0.001 0.001 0.002 0.001 0.012 0.001 
27 chisel_vis 30 0.002 0.001 0.001 0.003 0.001 0.996 0.970 0.004 0.001 0.006 0.000 0.001 0.001 0.000 0.000 0.000 0.001 0.001 0.005 0.000 0.000 0.000 0.009 0.001 0.003 0.001 0.003 0.001 0.001 0.002 0.000 0.000 0.001 0.006 0.015 0.004 0.001 0.861 0.003 0.002 0.005 0.001 0.000 0.012 0.000 0.002 0.001 0.000 0.005 0.005 0.000 0.000 0.000 0.001 0.001 0.006 0.028 0.001 
28 saw_vis 30 0.007 0.027 0.001 0.005 0.001 0.984 0.976 0.002 0.002 0.006 0.004 0.005 0.073 0.004 0.001 0.000 0.001 0.016 0.001 0.000 0.000 0.000 0.013 0.010 0.020 0.001 0.001 0.001 0.000 0.004 0.000 0.000 0.001 0.001 0.001 0.983 0.005 0.054 0.003 0.055 0.017 0.001 0.001 0.002 0.001 0.001 0.065 0.024 0.003 0.001 0.000 0.000 0.001 0.001 0.002 0.000 0.005 0.014 
29 drill_vis 30 0.004 0.064 0.001 0.005 0.001 0.994 0.993 0.002 0.001 0.009 0.006 0.006 0.089 0.007 0.002 0.000 0.001 0.012 0.001 0.000 0.000 0.000 0.013 0.006 0.018 0.001 0.001 0.001 0.000 0.003 0.000 0.000 0.001 0.001 0.001 0.964 0.008 0.123 0.002 0.478 0.057 0.000 0.001 0.004 0.001 0.001 0.020 0.009 0.003 0.001 0.000 0.000 0.001 0.001 0.003 0.000 0.013 0.074 
30 clamp_vis 30 0.002 0.001 0.001 0.004 0.001 0.996 0.002 0.963 0.002 0.002 0.001 0.001 0.000 0.000 0.001 0.000 0.001 0.001 0.001 0.000 0.026 0.000 0.013 0.000 0.003 0.001 0.001 0.001 0.001 0.001 0.000 0.000 0.001 0.001 0.001 0.002 0.000 0.024 0.001 0.001 0.938 0.002 0.011 0.020 0.002 0.045 0.001 0.003 0.001 0.001 0.001 0.015 0.001 0.001 0.001 0.013 0.000 0.004 
31 hoe_vis 30 0.001 0.001 0.001 0.008 0.001 0.996 0.002 0.993 0.001 0.003 0.001 0.001 0.000 0.000 0.001 0.000 0.001 0.001 0.002 0.001 0.001 0.000 0.080 0.001 0.005 0.001 0.001 0.002 0.000 0.001 0.000 0.001 0.003 0.001 0.001 0.001 0.040 0.001 0.014 0.000 0.005 0.935 0.001 0.016 0.065 0.012 0.001 0.000 0.001 0.004 0.009 0.002 0.001 0.001 0.001 0.011 0.000 0.001 
32 rake_vis 30 0.002 0.001 0.001 0.005 0.001 0.995 0.001 0.980 0.004 0.002 0.001 0.001 0.000 0.000 0.001 0.000 0.001 0.001 0.002 0.001 0.001 0.000 0.014 0.000 0.002 0.001 0.001 0.001 0.000 0.001 0.000 0.001 0.001 0.001 0.001 0.003 0.001 0.001 0.001 0.000 0.027 0.006 0.913 0.028 0.017 0.042 0.001 0.002 0.001 0.001 0.004 0.003 0.001 0.001 0.013 0.001 0.000 0.001 
33 shovel_vis 30 0.001 0.001 0.001 0.003 0.001 0.996 0.011 0.992 0.002 0.001 0.000 0.001 0.000 0.000 0.000 0.000 0.001 0.001 0.030 0.000 0.000 0.000 0.006 0.000 0.001 0.001 0.001 0.001 0.000 0.001 0.000 0.000 0.001 0.003 0.003 0.001 0.008 0.028 0.003 0.002 0.019 0.071 0.003 0.979 0.001 0.034 0.001 0.000 0.037 0.103 0.000 0.001 0.000 0.001 0.001 0.012 0.001 0.001 
34 spade_vis 30 0.002 0.001 0.001 0.014 0.001 0.995 0.002 0.993 0.002 0.002 0.002 0.001 0.000 0.000 0.001 0.000 0.001 0.001 0.002 0.002 0.001 0.000 0.027 0.001 0.004 0.016 0.003 0.001 0.000 0.001 0.000 0.001 0.011 0.001 0.001 0.001 0.014 0.001 0.003 0.000 0.004 0.288 0.006 0.005 0.922 0.037 0.002 0.001 0.001 0.001 0.015 0.001 0.001 0.005 0.002 0.001 0.000 0.001 
35 wrench_vis 30 0.001 0.001 0.001 0.004 0.001 0.996 0.001 0.954 0.009 0.002 0.001 0.001 0.001 0.000 0.001 0.001 0.001 0.001 0.005 0.002 0.000 0.000 0.024 0.000 0.004 0.001 0.192 0.000 0.000 0.001 0.000 0.001 0.001 0.014 0.008 0.001 0.000 0.003 0.001 0.000 0.005 0.045 0.001 0.014 0.066 0.864 0.001 0.001 0.001 0.311 0.001 0.018 0.001 0.001 0.002 0.050 0.000 0.001 
36 accordion_vis 30 0.003 0.003 0.014 0.001 0.003 0.996 0.002 0.003 0.006 0.993 0.055 0.006 0.001 0.000 0.001 0.002 0.002 0.001 0.013 0.153 0.001 0.001 0.014 0.000 0.001 0.004 0.003 0.000 0.000 0.002 0.000 0.010 0.017 0.001 0.010 0.001 0.003 0.001 0.003 0.001 0.001 0.008 0.000 0.001 0.073 0.003 0.001 0.001 0.001 0.010 0.009 0.001 0.007 0.972 0.046 0.113 0.028 0.005 
37 cello_vis 30 0.020 0.003 0.002 0.001 0.006 0.995 0.001 0.004 0.992 0.004 0.001 0.002 0.001 0.002 0.001 0.009 0.003 0.056 0.001 0.001 0.000 0.000 0.002 0.006 0.001 0.000 0.004 0.001 0.001 0.025 0.021 0.001 0.001 0.001 0.001 0.026 0.000 0.001 0.001 0.004 0.007 0.001 0.013 0.001 0.002 0.001 0.006 0.950 0.035 0.001 0.010 0.017 0.021 0.001 0.001 0.001 0.000 0.042 
38 flute_vis 30 0.002 0.003 0.001 0.001 0.005 0.996 0.003 0.004 0.982 0.003 0.000 0.078 0.003 0.000 0.000 0.007 0.002 0.016 0.002 0.000 0.000 0.001 0.001 0.000 0.000 0.000 0.091 0.000 0.001 0.002 0.000 0.028 0.001 0.026 0.002 0.001 0.001 0.018 0.001 0.002 0.001 0.002 0.000 0.004 0.001 0.003 0.002 0.001 0.323 0.633 0.000 0.004 0.001 0.001 0.001 0.002 0.009 0.004 
39 guitar_vis 30 0.002 0.002 0.003 0.001 0.002 0.996 0.001 0.048 0.917 0.012 0.000 0.007 0.001 0.000 0.001 0.001 0.002 0.001 0.166 0.002 0.000 0.001 0.003 0.000 0.000 0.000 0.015 0.000 0.000 0.001 0.000 0.010 0.001 0.070 0.002 0.001 0.001 0.001 0.001 0.000 0.001 0.120 0.000 0.008 0.002 0.024 0.004 0.001 0.018 0.973 0.001 0.014 0.001 0.006 0.001 0.027 0.005 0.001 
40 piano_vis 30 0.038 0.006 0.002 0.001 0.020 0.973 0.001 0.006 0.979 0.003 0.001 0.005 0.001 0.123 0.001 0.020 0.002 0.001 0.001 0.001 0.000 0.001 0.002 0.020 0.001 0.001 0.013 0.005 0.004 0.061 0.114 0.003 0.007 0.001 0.001 0.003 0.001 0.001 0.001 0.000 0.001 0.006 0.004 0.001 0.031 0.001 0.022 0.050 0.001 0.001 0.810 0.110 0.035 0.001 0.001 0.001 0.000 0.001 
41 trumpet_vis 30 0.005 0.002 0.003 0.001 0.005 0.996 0.001 0.008 0.991 0.003 0.001 0.003 0.000 0.001 0.005 0.004 0.002 0.002 0.001 0.001 0.007 0.000 0.012 0.000 0.001 0.000 0.011 0.001 0.068 0.005 0.001 0.002 0.001 0.018 0.000 0.002 0.000 0.001 0.001 0.000 0.015 0.001 0.001 0.001 0.005 0.028 0.005 0.011 0.003 0.003 0.006 0.989 0.006 0.001 0.001 0.051 0.000 0.002 
42 fork_vis 30 0.003 0.003 0.005 0.001 0.017 0.995 0.003 0.001 0.002 0.994 0.002 0.001 0.001 0.000 0.009 0.001 0.010 0.003 0.001 0.000 0.020 0.000 0.021 0.000 0.001 0.001 0.001 0.000 0.007 0.008 0.001 0.001 0.001 0.013 0.002 0.001 0.001 0.657 0.002 0.003 0.098 0.003 0.000 0.000 0.001 0.003 0.001 0.001 0.002 0.002 0.001 0.023 0.036 0.004 0.002 0.930 0.039 0.862 
43 spoon_vis 30 0.002 0.002 0.016 0.001 0.005 0.996 0.004 0.001 0.006 0.987 0.001 0.005 0.001 0.000 0.001 0.001 0.003 0.024 0.005 0.001 0.002 0.001 0.012 0.000 0.000 0.001 0.001 0.000 0.002 0.003 0.000 0.001 0.003 0.002 0.002 0.001 0.002 0.013 0.004 0.019 0.001 0.004 0.000 0.001 0.001 0.001 0.001 0.001 0.002 0.006 0.001 0.002 0.011 0.008 0.001 0.085 0.901 0.115 
44 tongs_vis 30 0.003 0.003 0.002 0.001 0.002 0.996 0.003 0.001 0.003 0.994 0.002 0.001 0.001 0.000 0.015 0.001 0.033 0.018 0.001 0.000 0.005 0.000 0.016 0.000 0.001 0.000 0.001 0.000 0.001 0.003 0.001 0.001 0.001 0.001 0.001 0.001 0.001 0.021 0.001 0.042 0.009 0.001 0.000 0.000 0.001 0.001 0.001 0.054 0.001 0.001 0.001 0.001 0.068 0.002 0.007 0.009 0.026 0.975 
45 ladle_vis 30 0.007 0.002 0.068 0.001 0.225 0.996 0.002 0.003 0.001 0.991 0.073 0.021 0.000 0.000 0.003 0.000 0.001 0.001 0.003 0.002 0.399 0.002 0.056 0.000 0.000 0.001 0.001 0.000 0.407 0.005 0.000 0.001 0.091 0.016 0.002 0.001 0.000 0.206 0.017 0.001 0.115 0.049 0.000 0.001 0.001 0.011 0.000 0.000 0.001 0.029 0.001 0.465 0.102 0.004 0.001 0.993 0.159 0.099 
46 knife_vis 30 0.006 0.002 0.061 0.001 0.180 0.996 0.004 0.002 0.002 0.992 0.057 0.019 0.001 0.000 0.003 0.001 0.002 0.001 0.003 0.002 0.311 0.002 0.053 0.000 0.000 0.001 0.001 0.000 0.340 0.005 0.000 0.001 0.066 0.013 0.002 0.001 0.001 0.210 0.011 0.001 0.081 0.026 0.000 0.001 0.001 0.008 0.001 0.000 0.001 0.025 0.000 0.368 0.090 0.007 0.001 0.991 0.178 0.089 
47 chopsticks_vis 30 0.003 0.002 0.005 0.001 0.009 0.996 0.003 0.001 0.002 0.994 0.003 0.001 0.001 0.000 0.003 0.001 0.003 0.003 0.001 0.000 0.016 0.000 0.011 0.000 0.000 0.000 0.001 0.000 0.005 0.003 0.000 0.001 0.001 0.003 0.001 0.001 0.000 0.479 0.002 0.002 0.030 0.001 0.000 0.000 0.001 0.002 0.001 0.001 0.001 0.001 0.001 0.006 0.016 0.002 0.002 0.763 0.021 0.598 
