0 beaver_vis 30 0.996 0.992 0.003 0.001 0.014 0.001 0.000 0.001 0.001 0.002 0.001 0.265 0.110 0.984 0.030 0.011 0.013 0.001 0.001 0.060 0.004 0.000 0.001 0.002 0.001 0.001 0.001 0.001 0.000 0.017 0.038 0.000 0.007 0.001 0.000 0.001 0.000 0.000 0.001 0.000 0.001 0.026 0.179 0.000 0.000 0.003 0.142 0.003 0.010 0.001 0.009 0.003 0.001 0.005 0.002 0.011 0.001 0.000 
1 bear_vis 30 0.996 0.989 0.004 0.001 0.017 0.001 0.000 0.001 0.000 0.002 0.001 0.371 0.190 0.973 0.012 0.003 0.002 0.001 0.001 0.100 0.009 0.000 0.001 0.001 0.001 0.001 0.001 0.001 0.000 0.004 0.016 0.001 0.018 0.001 0.000 0.001 0.001 0.000 0.001 0.000 0.001 0.017 0.176 0.000 0.000 0.002 0.128 0.001 0.011 0.001 0.007 0.001 0.000 0.005 0.006 0.004 0.001 0.000 
2 sheep_vis 30 0.996 0.010 0.984 0.001 0.002 0.002 0.000 0.001 0.000 0.002 0.002 0.001 0.006 0.279 0.004 0.001 0.013 0.005 0.006 0.811 0.132 0.002 0.004 0.001 0.002 0.001 0.001 0.001 0.000 0.002 0.002 0.000 0.043 0.005 0.000 0.002 0.000 0.000 0.001 0.000 0.001 0.001 0.001 0.001 0.000 0.004 0.000 0.003 0.006 0.001 0.000 0.004 0.001 0.006 0.000 0.088 0.001 0.005 
3 buffalo_vis 30 0.996 0.862 0.017 0.001 0.077 0.001 0.000 0.001 0.000 0.001 0.002 0.135 0.012 0.866 0.008 0.001 0.001 0.001 0.001 0.064 0.018 0.000 0.000 0.001 0.001 0.001 0.001 0.001 0.000 0.002 0.025 0.001 0.020 0.001 0.000 0.002 0.001 0.000 0.001 0.000 0.001 0.002 0.010 0.001 0.000 0.001 0.006 0.005 0.006 0.001 0.002 0.003 0.000 0.005 0.002 0.002 0.001 0.001 
4 poodle_vis 30 0.996 0.989 0.005 0.001 0.016 0.001 0.000 0.001 0.000 0.002 0.001 0.080 0.038 0.975 0.042 0.011 0.034 0.001 0.001 0.048 0.006 0.000 0.001 0.003 0.000 0.001 0.001 0.001 0.000 0.018 0.029 0.000 0.008 0.001 0.000 0.001 0.001 0.000 0.001 0.000 0.001 0.037 0.121 0.000 0.000 0.001 0.086 0.002 0.005 0.001 0.014 0.005 0.001 0.007 0.001 0.008 0.001 0.000 
5 giraffe_vis 30 0.996 0.990 0.004 0.001 0.019 0.001 0.000 0.001 0.001 0.001 0.001 0.040 0.019 0.979 0.035 0.017 0.062 0.001 0.001 0.011 0.005 0.000 0.000 0.005 0.000 0.001 0.001 0.000 0.000 0.098 0.038 0.000 0.003 0.001 0.000 0.003 0.000 0.000 0.001 0.000 0.001 0.008 0.036 0.000 0.000 0.001 0.013 0.124 0.005 0.001 0.004 0.076 0.001 0.005 0.001 0.008 0.001 0.000 
6 robin_vis 30 0.995 0.005 0.991 0.002 0.001 0.002 0.000 0.001 0.000 0.002 0.002 0.001 0.004 0.054 0.003 0.001 0.034 0.095 0.020 0.901 0.006 0.009 0.008 0.002 0.006 0.001 0.003 0.001 0.000 0.002 0.001 0.000 0.002 0.005 0.000 0.001 0.001 0.000 0.001 0.000 0.001 0.001 0.001 0.001 0.000 0.001 0.000 0.002 0.001 0.001 0.000 0.001 0.001 0.019 0.000 0.021 0.002 0.003 
7 swan_vis 30 0.996 0.005 0.993 0.002 0.001 0.001 0.001 0.001 0.000 0.001 0.002 0.016 0.004 0.012 0.002 0.003 0.001 0.156 0.016 0.140 0.775 0.001 0.001 0.001 0.009 0.129 0.001 0.001 0.000 0.001 0.002 0.004 0.002 0.001 0.002 0.021 0.001 0.001 0.001 0.000 0.001 0.001 0.001 0.002 0.000 0.008 0.000 0.009 0.085 0.006 0.000 0.026 0.000 0.003 0.000 0.001 0.001 0.001 
8 woodpecker_vis 30 0.989 0.241 0.015 0.003 0.503 0.083 0.000 0.003 0.000 0.001 0.001 0.001 0.902 0.010 0.001 0.002 0.005 0.002 0.007 0.002 0.005 0.002 0.012 0.002 0.033 0.000 0.001 0.001 0.000 0.444 0.001 0.001 0.494 0.001 0.000 0.000 0.000 0.001 0.001 0.000 0.001 0.024 0.083 0.001 0.001 0.057 0.002 0.001 0.001 0.007 0.000 0.081 0.000 0.001 0.001 0.167 0.001 0.000 
9 peacock_vis 30 0.982 0.073 0.009 0.002 0.645 0.354 0.000 0.222 0.000 0.001 0.001 0.002 0.079 0.022 0.004 0.001 0.004 0.001 0.001 0.005 0.009 0.003 0.040 0.001 0.002 0.000 0.001 0.003 0.000 0.090 0.003 0.001 0.708 0.002 0.000 0.000 0.000 0.000 0.001 0.000 0.001 0.043 0.203 0.001 0.000 0.005 0.001 0.000 0.001 0.001 0.000 0.001 0.000 0.002 0.001 0.055 0.001 0.000 
10 crow_vis 30 0.996 0.007 0.991 0.001 0.003 0.001 0.000 0.001 0.000 0.001 0.002 0.010 0.002 0.729 0.007 0.001 0.002 0.012 0.002 0.712 0.290 0.001 0.001 0.001 0.001 0.009 0.001 0.001 0.001 0.001 0.020 0.001 0.010 0.002 0.001 0.033 0.001 0.000 0.001 0.000 0.001 0.001 0.001 0.001 0.000 0.002 0.000 0.033 0.193 0.001 0.000 0.010 0.000 0.013 0.000 0.023 0.001 0.002 
11 eagle_vis 30 0.996 0.018 0.959 0.001 0.006 0.263 0.000 0.001 0.000 0.001 0.001 0.002 0.005 0.051 0.017 0.002 0.165 0.002 0.002 0.033 0.034 0.011 0.001 0.013 0.001 0.001 0.001 0.001 0.000 0.002 0.008 0.000 0.034 0.004 0.000 0.003 0.001 0.000 0.001 0.000 0.001 0.001 0.001 0.001 0.000 0.002 0.000 0.000 0.001 0.002 0.000 0.001 0.000 0.006 0.000 0.029 0.002 0.000 
12 tuna_vis 30 0.996 0.002 0.937 0.023 0.017 0.001 0.000 0.005 0.000 0.004 0.001 0.000 0.003 0.013 0.001 0.000 0.048 0.002 0.127 0.958 0.007 0.025 0.855 0.001 0.007 0.001 0.001 0.002 0.000 0.001 0.001 0.001 0.394 0.021 0.000 0.000 0.000 0.000 0.001 0.002 0.001 0.021 0.005 0.006 0.001 0.004 0.000 0.000 0.000 0.001 0.001 0.001 0.031 0.002 0.000 0.003 0.001 0.011 
13 goldfish_vis 30 0.990 0.006 0.002 0.629 0.036 0.049 0.000 0.016 0.001 0.001 0.001 0.000 0.002 0.016 0.001 0.001 0.018 0.000 0.001 0.001 0.002 0.002 0.011 0.887 0.001 0.002 0.001 0.034 0.000 0.026 0.025 0.001 0.024 0.026 0.000 0.002 0.000 0.000 0.000 0.000 0.001 0.004 0.054 0.001 0.000 0.014 0.004 0.000 0.001 0.001 0.004 0.004 0.000 0.001 0.000 0.055 0.001 0.000 
14 salmon_vis 30 0.996 0.003 0.993 0.003 0.002 0.001 0.000 0.001 0.000 0.001 0.002 0.004 0.005 0.333 0.002 0.000 0.004 0.050 0.026 0.899 0.095 0.002 0.005 0.001 0.015 0.010 0.002 0.001 0.000 0.001 0.005 0.001 0.005 0.006 0.001 0.010 0.000 0.000 0.001 0.000 0.001 0.001 0.001 0.002 0.000 0.002 0.000 0.016 0.020 0.001 0.000 0.006 0.000 0.013 0.000 0.009 0.001 0.004 
15 sardine_vis 30 0.996 0.002 0.991 0.025 0.008 0.001 0.000 0.001 0.000 0.002 0.001 0.001 0.001 0.089 0.004 0.000 0.019 0.003 0.008 0.880 0.048 0.040 0.156 0.002 0.006 0.002 0.010 0.003 0.001 0.002 0.001 0.001 0.072 0.045 0.001 0.018 0.000 0.000 0.001 0.001 0.001 0.002 0.001 0.001 0.000 0.001 0.000 0.000 0.001 0.001 0.000 0.001 0.002 0.002 0.000 0.008 0.001 0.011 
16 catfish_vis 30 0.996 0.002 0.991 0.004 0.004 0.001 0.000 0.003 0.000 0.001 0.001 0.001 0.004 0.379 0.006 0.000 0.005 0.005 0.023 0.933 0.240 0.002 0.026 0.001 0.013 0.005 0.001 0.001 0.000 0.001 0.002 0.001 0.049 0.010 0.000 0.007 0.000 0.000 0.001 0.000 0.001 0.001 0.002 0.004 0.000 0.002 0.000 0.001 0.008 0.001 0.000 0.002 0.000 0.008 0.000 0.006 0.001 0.007 
17 cod_vis 30 0.996 0.002 0.992 0.011 0.004 0.001 0.000 0.001 0.000 0.001 0.001 0.003 0.002 0.029 0.011 0.000 0.014 0.010 0.012 0.814 0.273 0.023 0.034 0.002 0.005 0.008 0.006 0.002 0.001 0.001 0.001 0.001 0.014 0.025 0.001 0.019 0.000 0.000 0.001 0.000 0.001 0.001 0.001 0.002 0.000 0.001 0.000 0.001 0.003 0.001 0.000 0.001 0.001 0.002 0.000 0.003 0.001 0.005 
18 turtle_vis 30 0.986 0.002 0.003 0.955 0.009 0.003 0.000 0.003 0.001 0.001 0.001 0.002 0.002 0.002 0.001 0.002 0.001 0.001 0.001 0.001 0.001 0.001 0.016 0.733 0.003 0.024 0.011 0.014 0.001 0.005 0.011 0.001 0.004 0.006 0.000 0.002 0.000 0.000 0.001 0.000 0.001 0.002 0.004 0.001 0.001 0.003 0.001 0.008 0.002 0.001 0.003 0.001 0.000 0.001 0.000 0.012 0.001 0.001 
19 rattlesnake_vis 30 0.913 0.003 0.002 0.003 0.930 0.014 0.000 0.230 0.000 0.002 0.001 0.000 0.002 0.001 0.001 0.000 0.002 0.000 0.001 0.001 0.001 0.002 0.038 0.001 0.001 0.001 0.001 0.001 0.002 0.039 0.001 0.001 0.680 0.013 0.001 0.001 0.000 0.000 0.001 0.036 0.001 0.006 0.373 0.001 0.001 0.001 0.000 0.000 0.001 0.001 0.001 0.001 0.003 0.001 0.001 0.001 0.001 0.001 
20 crab_vis 30 0.995 0.499 0.006 0.003 0.149 0.140 0.000 0.010 0.003 0.001 0.001 0.001 0.006 0.040 0.015 0.389 0.015 0.000 0.001 0.000 0.008 0.000 0.001 0.060 0.001 0.001 0.001 0.002 0.001 0.079 0.030 0.001 0.023 0.003 0.000 0.012 0.000 0.004 0.000 0.000 0.003 0.003 0.056 0.001 0.000 0.015 0.017 0.001 0.010 0.002 0.001 0.004 0.000 0.001 0.000 0.007 0.018 0.000 
21 frog_vis 30 0.995 0.002 0.923 0.089 0.109 0.001 0.000 0.001 0.000 0.001 0.001 0.000 0.001 0.001 0.005 0.001 0.006 0.016 0.005 0.053 0.021 0.740 0.101 0.008 0.008 0.001 0.102 0.009 0.003 0.003 0.002 0.001 0.023 0.407 0.001 0.001 0.000 0.003 0.001 0.002 0.001 0.001 0.001 0.001 0.001 0.001 0.000 0.000 0.000 0.002 0.000 0.001 0.001 0.001 0.000 0.029 0.008 0.002 
22 gecko_vis 30 0.995 0.004 0.003 0.030 0.768 0.006 0.000 0.009 0.001 0.001 0.001 0.001 0.003 0.031 0.001 0.001 0.012 0.000 0.001 0.002 0.001 0.001 0.011 0.617 0.001 0.001 0.002 0.003 0.000 0.050 0.299 0.001 0.066 0.132 0.000 0.001 0.000 0.000 0.000 0.000 0.010 0.010 0.024 0.001 0.000 0.008 0.009 0.001 0.001 0.001 0.029 0.003 0.001 0.001 0.000 0.265 0.001 0.001 
23 crocodile_vis 30 0.996 0.002 0.920 0.089 0.041 0.001 0.000 0.004 0.000 0.009 0.001 0.000 0.003 0.025 0.030 0.000 0.007 0.001 0.044 0.932 0.167 0.402 0.744 0.001 0.027 0.001 0.003 0.285 0.000 0.002 0.001 0.002 0.820 0.202 0.000 0.002 0.001 0.000 0.001 0.021 0.001 0.016 0.005 0.040 0.001 0.001 0.000 0.000 0.000 0.001 0.000 0.001 0.007 0.001 0.001 0.040 0.004 0.089 
24 axe_vis 30 0.004 0.002 0.002 0.002 0.003 0.994 0.004 0.002 0.969 0.002 0.001 0.001 0.005 0.001 0.000 0.009 0.001 0.021 0.001 0.000 0.002 0.000 0.000 0.035 0.005 0.001 0.002 0.001 0.007 0.009 0.003 0.001 0.001 0.001 0.002 0.001 0.002 0.002 0.002 0.002 0.001 0.001 0.001 0.001 0.001 0.039 0.011 0.003 0.111 0.804 0.004 0.001 0.000 0.008 0.001 0.005 0.001 0.001 
25 hammer_vis 30 0.899 0.006 0.002 0.002 0.931 0.018 0.000 0.002 0.009 0.001 0.001 0.001 0.005 0.001 0.000 0.001 0.003 0.001 0.001 0.000 0.001 0.000 0.001 0.007 0.001 0.001 0.001 0.000 0.096 0.801 0.024 0.001 0.003 0.002 0.001 0.006 0.000 0.001 0.001 0.000 0.001 0.002 0.003 0.001 0.001 0.002 0.001 0.021 0.001 0.002 0.013 0.002 0.000 0.001 0.001 0.003 0.001 0.001 
26 screwdriver_vis 30 0.638 0.296 0.002 0.115 0.475 0.062 0.000 0.002 0.018 0.004 0.002 0.150 0.047 0.002 0.001 0.002 0.002 0.008 0.001 0.001 0.001 0.000 0.004 0.016 0.029 0.011 0.020 0.001 0.236 0.305 0.033 0.003 0.002 0.003 0.004 0.001 0.001 0.001 0.001 0.000 0.001 0.002 0.005 0.001 0.001 0.003 0.018 0.008 0.002 0.006 0.001 0.001 0.001 0.006 0.003 0.006 0.001 0.001 
27 chisel_vis 30 0.889 0.006 0.006 0.003 0.840 0.136 0.000 0.002 0.202 0.001 0.001 0.008 0.024 0.004 0.000 0.023 0.001 0.119 0.001 0.000 0.008 0.000 0.001 0.042 0.007 0.001 0.020 0.000 0.671 0.161 0.608 0.009 0.008 0.001 0.001 0.021 0.001 0.001 0.001 0.001 0.001 0.002 0.002 0.001 0.001 0.039 0.002 0.025 0.045 0.168 0.005 0.003 0.000 0.003 0.000 0.006 0.001 0.001 
28 saw_vis 30 0.878 0.013 0.001 0.809 0.008 0.017 0.001 0.002 0.052 0.002 0.001 0.098 0.001 0.001 0.001 0.003 0.001 0.001 0.001 0.000 0.001 0.000 0.001 0.643 0.001 0.140 0.010 0.002 0.003 0.006 0.036 0.001 0.001 0.002 0.001 0.021 0.001 0.001 0.002 0.001 0.001 0.001 0.003 0.001 0.001 0.001 0.005 0.018 0.003 0.001 0.038 0.003 0.001 0.001 0.001 0.001 0.001 0.001 
29 drill_vis 30 0.003 0.001 0.002 0.001 0.004 0.994 0.001 0.002 0.001 0.993 0.001 0.000 0.001 0.001 0.002 0.000 0.018 0.000 0.001 0.002 0.001 0.001 0.002 0.001 0.001 0.000 0.001 0.001 0.001 0.007 0.000 0.000 0.001 0.007 0.001 0.001 0.003 0.001 0.002 0.002 0.001 0.001 0.005 0.001 0.001 0.001 0.001 0.001 0.001 0.001 0.001 0.001 0.321 0.101 0.048 0.003 0.008 0.014 
30 clamp_vis 30 0.003 0.002 0.001 0.001 0.003 0.995 0.000 0.768 0.248 0.002 0.000 0.000 0.002 0.001 0.000 0.001 0.001 0.000 0.001 0.000 0.000 0.000 0.001 0.011 0.001 0.000 0.000 0.000 0.000 0.002 0.001 0.001 0.002 0.001 0.000 0.003 0.000 0.000 0.000 0.000 0.660 0.013 0.017 0.001 0.001 0.014 0.002 0.000 0.002 0.000 0.048 0.181 0.000 0.001 0.001 0.001 0.001 0.001 
31 hoe_vis 30 0.003 0.002 0.001 0.003 0.003 0.994 0.000 0.973 0.014 0.004 0.000 0.000 0.002 0.001 0.000 0.000 0.001 0.000 0.001 0.000 0.000 0.000 0.003 0.004 0.001 0.000 0.001 0.001 0.000 0.002 0.001 0.001 0.003 0.001 0.000 0.000 0.000 0.000 0.001 0.001 0.008 0.571 0.005 0.001 0.016 0.025 0.044 0.000 0.001 0.000 0.020 0.021 0.001 0.001 0.001 0.008 0.001 0.001 
32 rake_vis 30 0.003 0.002 0.001 0.001 0.003 0.995 0.000 0.767 0.303 0.003 0.000 0.000 0.002 0.001 0.000 0.001 0.001 0.000 0.001 0.000 0.000 0.000 0.001 0.013 0.001 0.000 0.000 0.000 0.000 0.002 0.001 0.001 0.002 0.001 0.000 0.005 0.000 0.000 0.000 0.000 0.672 0.017 0.028 0.001 0.001 0.012 0.003 0.001 0.002 0.000 0.065 0.245 0.000 0.001 0.001 0.001 0.001 0.001 
33 shovel_vis 30 0.003 0.003 0.001 0.003 0.002 0.995 0.000 0.947 0.059 0.001 0.000 0.000 0.004 0.001 0.000 0.000 0.001 0.000 0.001 0.000 0.001 0.000 0.001 0.002 0.001 0.000 0.001 0.000 0.001 0.002 0.000 0.001 0.003 0.001 0.000 0.000 0.000 0.001 0.000 0.000 0.008 0.015 0.025 0.002 0.001 0.220 0.021 0.000 0.001 0.001 0.001 0.027 0.000 0.001 0.001 0.002 0.001 0.001 
34 spade_vis 30 0.003 0.002 0.001 0.002 0.003 0.994 0.000 0.635 0.165 0.002 0.000 0.000 0.002 0.001 0.000 0.000 0.001 0.000 0.001 0.000 0.000 0.000 0.001 0.005 0.001 0.000 0.000 0.000 0.000 0.002 0.000 0.001 0.002 0.001 0.000 0.000 0.000 0.000 0.001 0.000 0.078 0.139 0.004 0.001 0.012 0.014 0.009 0.001 0.000 0.000 0.014 0.269 0.001 0.001 0.001 0.002 0.001 0.001 
35 wrench_vis 30 0.003 0.002 0.001 0.001 0.002 0.994 0.000 0.876 0.158 0.001 0.000 0.000 0.003 0.001 0.000 0.001 0.001 0.000 0.001 0.000 0.001 0.000 0.001 0.012 0.001 0.000 0.001 0.001 0.000 0.001 0.001 0.001 0.002 0.001 0.000 0.006 0.000 0.001 0.001 0.000 0.701 0.015 0.019 0.003 0.001 0.027 0.002 0.000 0.002 0.001 0.077 0.115 0.000 0.001 0.001 0.001 0.001 0.001 
36 accordion_vis 30 0.004 0.010 0.001 0.002 0.003 0.993 0.000 0.001 0.992 0.002 0.000 0.005 0.002 0.001 0.000 0.003 0.001 0.001 0.001 0.000 0.001 0.000 0.000 0.010 0.001 0.000 0.001 0.000 0.002 0.003 0.002 0.001 0.001 0.001 0.001 0.001 0.002 0.001 0.001 0.000 0.001 0.002 0.001 0.001 0.001 0.006 0.789 0.016 0.006 0.019 0.031 0.003 0.000 0.002 0.008 0.003 0.001 0.000 
37 cello_vis 30 0.004 0.006 0.001 0.001 0.005 0.992 0.000 0.001 0.992 0.001 0.000 0.002 0.001 0.001 0.000 0.003 0.001 0.000 0.001 0.000 0.001 0.000 0.000 0.011 0.001 0.000 0.001 0.000 0.002 0.042 0.002 0.001 0.001 0.001 0.000 0.026 0.000 0.001 0.001 0.000 0.013 0.001 0.002 0.000 0.001 0.002 0.005 0.854 0.019 0.002 0.121 0.047 0.000 0.001 0.022 0.002 0.001 0.000 
38 flute_vis 30 0.004 0.002 0.001 0.002 0.003 0.994 0.004 0.002 0.973 0.002 0.000 0.001 0.003 0.001 0.000 0.017 0.001 0.005 0.001 0.000 0.004 0.000 0.000 0.048 0.002 0.001 0.001 0.000 0.003 0.004 0.006 0.001 0.001 0.000 0.001 0.001 0.038 0.001 0.001 0.001 0.001 0.002 0.001 0.001 0.001 0.041 0.042 0.002 0.299 0.598 0.004 0.002 0.000 0.004 0.000 0.004 0.002 0.000 
39 guitar_vis 30 0.004 0.002 0.001 0.003 0.003 0.993 0.002 0.001 0.975 0.002 0.000 0.001 0.006 0.001 0.000 0.012 0.001 0.015 0.001 0.000 0.002 0.000 0.000 0.039 0.005 0.000 0.002 0.000 0.007 0.007 0.003 0.001 0.001 0.001 0.001 0.001 0.003 0.002 0.002 0.002 0.001 0.002 0.001 0.001 0.001 0.054 0.037 0.003 0.061 0.911 0.005 0.002 0.000 0.012 0.000 0.006 0.002 0.000 
40 piano_vis 30 0.004 0.004 0.001 0.001 0.004 0.970 0.000 0.003 0.969 0.001 0.000 0.006 0.001 0.001 0.000 0.007 0.001 0.000 0.001 0.000 0.000 0.000 0.000 0.048 0.000 0.000 0.001 0.000 0.001 0.008 0.006 0.001 0.001 0.001 0.000 0.540 0.000 0.001 0.001 0.001 0.246 0.002 0.107 0.001 0.001 0.001 0.003 0.016 0.034 0.001 0.954 0.010 0.001 0.001 0.003 0.001 0.001 0.000 
41 trumpet_vis 30 0.003 0.004 0.001 0.001 0.005 0.993 0.000 0.003 0.989 0.001 0.000 0.001 0.001 0.001 0.000 0.002 0.001 0.000 0.001 0.000 0.000 0.000 0.000 0.013 0.001 0.000 0.001 0.000 0.002 0.032 0.001 0.001 0.001 0.000 0.000 0.007 0.000 0.001 0.001 0.000 0.033 0.002 0.069 0.001 0.001 0.006 0.010 0.277 0.003 0.001 0.017 0.740 0.000 0.001 0.011 0.001 0.001 0.000 
42 fork_vis 30 0.003 0.002 0.001 0.001 0.005 0.994 0.000 0.002 0.002 0.993 0.000 0.000 0.001 0.001 0.001 0.000 0.003 0.000 0.001 0.002 0.000 0.000 0.001 0.001 0.002 0.000 0.001 0.000 0.001 0.007 0.001 0.000 0.001 0.005 0.000 0.000 0.001 0.000 0.001 0.001 0.001 0.002 0.005 0.001 0.001 0.001 0.006 0.001 0.001 0.001 0.001 0.001 0.053 0.073 0.409 0.009 0.003 0.006 
43 spoon_vis 30 0.004 0.001 0.002 0.001 0.005 0.995 0.000 0.001 0.026 0.991 0.000 0.000 0.002 0.011 0.001 0.000 0.016 0.001 0.001 0.001 0.001 0.000 0.001 0.005 0.005 0.000 0.001 0.000 0.001 0.036 0.002 0.000 0.003 0.002 0.000 0.000 0.001 0.000 0.001 0.000 0.001 0.002 0.001 0.000 0.000 0.002 0.016 0.001 0.001 0.040 0.001 0.001 0.005 0.737 0.001 0.055 0.012 0.003 
44 tongs_vis 30 0.003 0.003 0.001 0.001 0.004 0.994 0.000 0.007 0.904 0.020 0.000 0.000 0.001 0.001 0.000 0.001 0.001 0.000 0.001 0.000 0.000 0.000 0.001 0.005 0.001 0.000 0.001 0.000 0.001 0.006 0.001 0.001 0.001 0.001 0.000 0.001 0.000 0.001 0.001 0.000 0.064 0.004 0.005 0.001 0.001 0.003 0.008 0.053 0.003 0.000 0.002 0.379 0.001 0.001 0.009 0.002 0.001 0.001 
45 ladle_vis 30 0.004 0.001 0.001 0.001 0.012 0.995 0.000 0.001 0.055 0.984 0.000 0.000 0.005 0.010 0.001 0.000 0.007 0.000 0.001 0.001 0.001 0.001 0.001 0.007 0.003 0.000 0.001 0.000 0.001 0.057 0.004 0.000 0.011 0.001 0.000 0.000 0.000 0.001 0.001 0.001 0.001 0.004 0.001 0.000 0.001 0.004 0.063 0.001 0.004 0.069 0.001 0.001 0.003 0.079 0.001 0.788 0.052 0.007 
46 knife_vis 30 0.005 0.001 0.003 0.001 0.008 0.994 0.000 0.001 0.274 0.986 0.000 0.000 0.007 0.073 0.001 0.001 0.039 0.001 0.001 0.003 0.001 0.000 0.002 0.020 0.006 0.000 0.001 0.000 0.001 0.050 0.013 0.000 0.009 0.001 0.000 0.000 0.001 0.000 0.002 0.000 0.001 0.003 0.001 0.000 0.000 0.007 0.247 0.002 0.004 0.348 0.001 0.001 0.003 0.970 0.001 0.567 0.005 0.002 
47 chopsticks_vis 30 0.003 0.003 0.001 0.001 0.008 0.994 0.000 0.001 0.414 0.832 0.000 0.001 0.002 0.003 0.000 0.000 0.001 0.000 0.001 0.001 0.000 0.000 0.001 0.002 0.001 0.000 0.001 0.000 0.001 0.014 0.001 0.000 0.001 0.001 0.000 0.000 0.000 0.000 0.001 0.000 0.001 0.004 0.002 0.001 0.001 0.001 0.437 0.005 0.001 0.001 0.002 0.001 0.002 0.009 0.060 0.045 0.001 0.002 
