0 beaver_vis 30 0.994 0.874 0.030 0.001 0.014 0.003 0.001 0.001 0.002 0.016 0.500 0.071 0.002 0.001 0.002 0.007 0.001 0.003 0.002 0.000 0.739 0.000 0.001 0.000 0.000 0.000 0.000 0.001 0.002 0.004 0.008 0.000 0.009 0.224 0.001 0.001 0.000 0.000 0.001 0.001 0.224 0.000 0.000 0.000 0.001 0.192 0.003 0.001 0.000 0.003 0.001 0.001 0.167 0.002 0.042 0.002 0.002 0.005 
1 bear_vis 30 0.996 0.981 0.045 0.001 0.061 0.002 0.001 0.001 0.001 0.001 0.084 0.831 0.009 0.015 0.031 0.043 0.001 0.002 0.023 0.024 0.001 0.000 0.001 0.001 0.000 0.001 0.000 0.001 0.003 0.013 0.001 0.348 0.014 0.001 0.000 0.001 0.001 0.001 0.001 0.000 0.001 0.000 0.000 0.000 0.000 0.003 0.002 0.001 0.000 0.002 0.001 0.001 0.001 0.001 0.006 0.000 0.001 0.001 
2 sheep_vis 30 0.995 0.029 0.935 0.058 0.005 0.002 0.001 0.001 0.012 0.006 0.001 0.001 0.000 0.003 0.084 0.004 0.518 0.000 0.075 0.016 0.002 0.005 0.009 0.004 0.000 0.047 0.000 0.001 0.000 0.006 0.001 0.001 0.005 0.000 0.000 0.001 0.000 0.001 0.000 0.001 0.000 0.000 0.000 0.000 0.001 0.001 0.004 0.001 0.000 0.013 0.009 0.001 0.006 0.003 0.006 0.004 0.001 0.001 
3 buffalo_vis 30 0.995 0.902 0.137 0.001 0.014 0.003 0.001 0.001 0.002 0.001 0.030 0.027 0.000 0.029 0.117 0.834 0.002 0.002 0.006 0.004 0.002 0.000 0.002 0.047 0.000 0.001 0.000 0.000 0.013 0.029 0.000 0.003 0.001 0.000 0.000 0.001 0.001 0.001 0.001 0.000 0.001 0.000 0.000 0.000 0.000 0.001 0.002 0.000 0.000 0.003 0.001 0.001 0.001 0.001 0.003 0.001 0.001 0.001 
4 poodle_vis 30 0.992 0.163 0.124 0.001 0.002 0.051 0.639 0.001 0.002 0.014 0.046 0.001 0.000 0.066 0.001 0.069 0.001 0.003 0.001 0.000 0.266 0.000 0.005 0.001 0.000 0.000 0.000 0.000 0.001 0.008 0.000 0.000 0.002 0.000 0.064 0.001 0.029 0.022 0.107 0.007 0.003 0.000 0.000 0.001 0.000 0.002 0.002 0.001 0.001 0.007 0.001 0.001 0.004 0.002 0.035 0.359 0.103 0.004 
5 giraffe_vis 30 0.995 0.985 0.013 0.001 0.039 0.004 0.006 0.001 0.001 0.002 0.081 0.054 0.000 0.083 0.160 0.859 0.001 0.002 0.003 0.003 0.002 0.000 0.001 0.044 0.000 0.000 0.000 0.001 0.033 0.041 0.000 0.009 0.001 0.000 0.001 0.001 0.002 0.002 0.003 0.001 0.001 0.000 0.000 0.000 0.000 0.001 0.001 0.001 0.001 0.004 0.001 0.001 0.001 0.001 0.004 0.001 0.001 0.001 
6 robin_vis 30 0.995 0.005 0.983 0.024 0.002 0.002 0.001 0.001 0.010 0.006 0.001 0.001 0.000 0.001 0.003 0.085 0.307 0.000 0.024 0.255 0.076 0.000 0.068 0.001 0.000 0.010 0.001 0.000 0.000 0.006 0.001 0.000 0.004 0.001 0.001 0.001 0.001 0.002 0.000 0.001 0.000 0.000 0.000 0.000 0.003 0.001 0.029 0.001 0.000 0.012 0.002 0.001 0.010 0.002 0.029 0.009 0.000 0.001 
7 swan_vis 30 0.994 0.002 0.988 0.003 0.001 0.004 0.001 0.001 0.002 0.003 0.001 0.002 0.000 0.000 0.001 0.004 0.540 0.002 0.005 0.097 0.061 0.000 0.184 0.000 0.000 0.000 0.000 0.000 0.000 0.017 0.000 0.000 0.001 0.030 0.000 0.001 0.000 0.006 0.000 0.001 0.003 0.000 0.000 0.001 0.001 0.014 0.011 0.000 0.000 0.004 0.007 0.001 0.082 0.004 0.005 0.038 0.000 0.001 
8 woodpecker_vis 30 0.993 0.020 0.986 0.013 0.003 0.002 0.001 0.001 0.075 0.017 0.001 0.007 0.000 0.003 0.083 0.107 0.099 0.001 0.954 0.015 0.002 0.003 0.134 0.008 0.000 0.000 0.000 0.002 0.000 0.007 0.001 0.000 0.337 0.002 0.014 0.001 0.010 0.005 0.001 0.001 0.001 0.000 0.000 0.002 0.006 0.007 0.370 0.001 0.001 0.358 0.003 0.001 0.019 0.087 0.270 0.078 0.002 0.002 
9 peacock_vis 30 0.995 0.022 0.941 0.001 0.004 0.002 0.001 0.001 0.002 0.002 0.001 0.023 0.000 0.000 0.001 0.007 0.070 0.001 0.003 0.372 0.090 0.000 0.014 0.000 0.000 0.000 0.001 0.000 0.000 0.036 0.000 0.000 0.002 0.021 0.000 0.001 0.001 0.003 0.001 0.001 0.001 0.000 0.000 0.000 0.000 0.009 0.015 0.000 0.000 0.002 0.002 0.001 0.023 0.003 0.003 0.001 0.000 0.001 
10 crow_vis 30 0.994 0.009 0.947 0.002 0.002 0.003 0.001 0.001 0.005 0.003 0.001 0.001 0.000 0.000 0.004 0.162 0.431 0.001 0.002 0.009 0.072 0.000 0.420 0.001 0.000 0.000 0.000 0.000 0.000 0.078 0.000 0.000 0.001 0.005 0.000 0.001 0.001 0.018 0.001 0.001 0.002 0.000 0.000 0.000 0.001 0.008 0.022 0.000 0.000 0.007 0.007 0.002 0.063 0.007 0.003 0.032 0.000 0.001 
11 eagle_vis 30 0.992 0.019 0.982 0.003 0.004 0.005 0.001 0.002 0.002 0.010 0.009 0.026 0.000 0.001 0.002 0.005 0.011 0.133 0.011 0.071 0.484 0.002 0.050 0.000 0.000 0.000 0.006 0.001 0.000 0.022 0.001 0.000 0.008 0.059 0.001 0.001 0.003 0.009 0.001 0.002 0.031 0.000 0.000 0.009 0.019 0.136 0.026 0.001 0.000 0.004 0.001 0.001 0.132 0.005 0.074 0.095 0.001 0.003 
12 tuna_vis 30 0.991 0.000 0.020 0.980 0.016 0.003 0.014 0.002 0.007 0.001 0.000 0.000 0.000 0.001 0.000 0.843 0.005 0.002 0.001 0.003 0.083 0.000 0.454 0.300 0.000 0.018 0.660 0.001 0.022 0.034 0.000 0.000 0.002 0.006 0.002 0.002 0.009 0.045 0.001 0.002 0.009 0.002 0.000 0.004 0.003 0.001 0.009 0.001 0.001 0.001 0.002 0.002 0.003 0.001 0.001 0.008 0.001 0.001 
13 goldfish_vis 30 0.991 0.000 0.055 0.988 0.029 0.005 0.060 0.003 0.010 0.001 0.000 0.000 0.000 0.001 0.000 0.403 0.007 0.000 0.001 0.003 0.100 0.000 0.869 0.066 0.001 0.020 0.393 0.001 0.002 0.163 0.000 0.000 0.001 0.003 0.002 0.004 0.011 0.589 0.001 0.003 0.036 0.002 0.000 0.020 0.003 0.001 0.009 0.001 0.002 0.001 0.001 0.012 0.002 0.001 0.001 0.002 0.000 0.001 
14 salmon_vis 30 0.995 0.003 0.982 0.022 0.002 0.002 0.001 0.001 0.002 0.002 0.000 0.004 0.000 0.000 0.001 0.005 0.151 0.032 0.006 0.348 0.008 0.000 0.042 0.001 0.000 0.003 0.006 0.000 0.000 0.011 0.001 0.000 0.001 0.004 0.000 0.001 0.000 0.002 0.000 0.001 0.000 0.000 0.000 0.000 0.001 0.002 0.003 0.001 0.000 0.002 0.004 0.001 0.010 0.002 0.001 0.005 0.000 0.001 
15 sardine_vis 30 0.992 0.000 0.043 0.965 0.040 0.004 0.009 0.003 0.006 0.001 0.000 0.000 0.000 0.001 0.000 0.186 0.036 0.000 0.001 0.041 0.012 0.000 0.248 0.019 0.000 0.392 0.074 0.001 0.001 0.050 0.001 0.000 0.002 0.005 0.001 0.002 0.004 0.016 0.000 0.002 0.002 0.001 0.000 0.002 0.003 0.001 0.014 0.001 0.000 0.001 0.006 0.001 0.002 0.001 0.001 0.000 0.000 0.001 
16 catfish_vis 30 0.995 0.212 0.157 0.001 0.037 0.002 0.001 0.001 0.002 0.002 0.001 0.005 0.000 0.001 0.007 0.322 0.008 0.000 0.001 0.001 0.064 0.000 0.031 0.001 0.000 0.000 0.000 0.001 0.001 0.104 0.001 0.000 0.003 0.011 0.000 0.001 0.001 0.001 0.001 0.001 0.001 0.000 0.000 0.000 0.001 0.005 0.007 0.001 0.000 0.002 0.001 0.001 0.045 0.004 0.002 0.001 0.001 0.001 
17 cod_vis 30 0.992 0.000 0.034 0.984 0.019 0.004 0.018 0.003 0.009 0.001 0.000 0.000 0.000 0.001 0.000 0.768 0.008 0.002 0.001 0.006 0.097 0.000 0.669 0.169 0.000 0.016 0.541 0.001 0.008 0.062 0.000 0.000 0.001 0.005 0.001 0.003 0.010 0.076 0.001 0.002 0.009 0.001 0.000 0.005 0.002 0.001 0.010 0.001 0.001 0.001 0.002 0.003 0.003 0.001 0.001 0.007 0.001 0.001 
18 turtle_vis 30 0.992 0.016 0.001 0.003 0.969 0.003 0.002 0.001 0.001 0.002 0.000 0.002 0.004 0.001 0.004 0.317 0.001 0.000 0.000 0.000 0.002 0.000 0.075 0.031 0.000 0.000 0.000 0.001 0.022 0.400 0.003 0.002 0.007 0.739 0.000 0.001 0.000 0.001 0.231 0.006 0.007 0.003 0.000 0.000 0.001 0.006 0.003 0.001 0.000 0.000 0.007 0.001 0.027 0.022 0.001 0.000 0.001 0.002 
19 rattlesnake_vis 30 0.989 0.004 0.001 0.008 0.966 0.005 0.003 0.009 0.001 0.002 0.000 0.004 0.001 0.001 0.000 0.346 0.001 0.000 0.000 0.000 0.025 0.000 0.055 0.001 0.000 0.000 0.001 0.001 0.017 0.402 0.003 0.002 0.019 0.165 0.000 0.001 0.001 0.002 0.005 0.007 0.014 0.004 0.000 0.000 0.001 0.005 0.011 0.001 0.000 0.000 0.002 0.001 0.017 0.002 0.001 0.000 0.001 0.001 
20 crab_vis 30 0.993 0.002 0.001 0.029 0.988 0.002 0.002 0.001 0.003 0.001 0.000 0.004 0.000 0.001 0.001 0.062 0.001 0.000 0.001 0.000 0.003 0.000 0.022 0.002 0.000 0.000 0.000 0.001 0.008 0.146 0.004 0.006 0.152 0.148 0.001 0.001 0.001 0.001 0.007 0.002 0.002 0.001 0.001 0.000 0.001 0.001 0.010 0.001 0.000 0.000 0.003 0.001 0.004 0.003 0.001 0.000 0.001 0.001 
21 frog_vis 30 0.978 0.355 0.135 0.001 0.035 0.936 0.001 0.241 0.001 0.349 0.000 0.009 0.003 0.000 0.061 0.065 0.272 0.000 0.001 0.000 0.148 0.000 0.056 0.000 0.000 0.000 0.000 0.000 0.001 0.897 0.001 0.000 0.002 0.823 0.000 0.001 0.000 0.001 0.003 0.001 0.627 0.001 0.000 0.000 0.001 0.952 0.006 0.001 0.000 0.001 0.001 0.001 0.926 0.442 0.001 0.207 0.000 0.006 
22 gecko_vis 30 0.992 0.003 0.001 0.017 0.984 0.003 0.002 0.002 0.003 0.001 0.000 0.006 0.001 0.001 0.001 0.305 0.001 0.000 0.001 0.000 0.003 0.000 0.027 0.004 0.000 0.000 0.001 0.001 0.015 0.199 0.002 0.003 0.083 0.159 0.001 0.001 0.001 0.001 0.012 0.002 0.003 0.001 0.000 0.000 0.001 0.002 0.010 0.001 0.000 0.000 0.003 0.001 0.005 0.004 0.001 0.000 0.001 0.001 
23 crocodile_vis 30 0.991 0.397 0.188 0.001 0.055 0.858 0.001 0.216 0.001 0.069 0.000 0.013 0.009 0.000 0.032 0.017 0.099 0.000 0.001 0.000 0.042 0.000 0.027 0.000 0.000 0.000 0.000 0.000 0.001 0.716 0.002 0.000 0.002 0.934 0.000 0.001 0.000 0.001 0.009 0.002 0.742 0.001 0.000 0.000 0.001 0.965 0.004 0.001 0.000 0.001 0.001 0.001 0.887 0.362 0.001 0.172 0.001 0.008 
24 axe_vis 30 0.974 0.864 0.001 0.001 0.737 0.004 0.002 0.003 0.003 0.002 0.003 0.742 0.012 0.039 0.077 0.006 0.002 0.000 0.007 0.001 0.001 0.000 0.003 0.004 0.001 0.004 0.000 0.002 0.006 0.029 0.026 0.740 0.332 0.033 0.001 0.002 0.001 0.001 0.022 0.002 0.002 0.002 0.007 0.000 0.002 0.004 0.008 0.002 0.000 0.002 0.010 0.001 0.005 0.039 0.006 0.000 0.002 0.001 
25 hammer_vis 30 0.957 0.075 0.001 0.001 0.960 0.404 0.001 0.885 0.001 0.018 0.001 0.014 0.003 0.002 0.010 0.696 0.001 0.001 0.001 0.000 0.022 0.000 0.278 0.030 0.000 0.000 0.001 0.001 0.098 0.653 0.005 0.002 0.023 0.966 0.000 0.001 0.001 0.002 0.190 0.004 0.891 0.362 0.001 0.001 0.055 0.776 0.010 0.001 0.000 0.000 0.001 0.001 0.489 0.051 0.010 0.076 0.001 0.002 
26 screwdriver_vis 30 0.986 0.573 0.001 0.001 0.787 0.007 0.001 0.003 0.001 0.002 0.000 0.433 0.028 0.003 0.031 0.188 0.000 0.000 0.001 0.000 0.001 0.000 0.002 0.012 0.000 0.000 0.000 0.001 0.008 0.033 0.002 0.026 0.065 0.881 0.000 0.001 0.001 0.000 0.790 0.002 0.003 0.002 0.000 0.000 0.001 0.022 0.003 0.001 0.000 0.000 0.019 0.001 0.009 0.162 0.001 0.000 0.003 0.001 
27 chisel_vis 30 0.978 0.717 0.002 0.001 0.526 0.004 0.003 0.003 0.002 0.097 0.396 0.001 0.004 0.023 0.061 0.345 0.001 0.000 0.000 0.000 0.415 0.000 0.060 0.004 0.014 0.000 0.000 0.001 0.374 0.071 0.119 0.006 0.018 0.011 0.015 0.002 0.001 0.001 0.003 0.004 0.010 0.018 0.002 0.000 0.008 0.002 0.003 0.014 0.000 0.002 0.002 0.003 0.094 0.001 0.058 0.002 0.172 0.014 
28 saw_vis 30 0.971 0.036 0.001 0.001 0.896 0.007 0.001 0.002 0.001 0.002 0.000 0.601 0.423 0.001 0.001 0.001 0.000 0.000 0.000 0.000 0.001 0.000 0.002 0.001 0.000 0.000 0.000 0.001 0.004 0.019 0.002 0.051 0.012 0.987 0.000 0.001 0.000 0.000 0.918 0.004 0.002 0.002 0.000 0.000 0.001 0.030 0.001 0.001 0.000 0.000 0.051 0.001 0.018 0.057 0.001 0.000 0.001 0.001 
29 drill_vis 30 0.922 0.077 0.001 0.001 0.916 0.021 0.003 0.001 0.001 0.003 0.000 0.738 0.687 0.001 0.001 0.001 0.000 0.001 0.000 0.000 0.001 0.000 0.002 0.001 0.000 0.000 0.000 0.001 0.015 0.021 0.006 0.052 0.035 0.984 0.000 0.001 0.001 0.000 0.963 0.013 0.002 0.006 0.000 0.000 0.001 0.058 0.001 0.001 0.000 0.000 0.084 0.001 0.026 0.121 0.001 0.000 0.012 0.002 
30 clamp_vis 30 0.015 0.005 0.001 0.001 0.728 0.544 0.001 0.980 0.001 0.100 0.012 0.136 0.013 0.001 0.001 0.024 0.000 0.002 0.000 0.000 0.053 0.000 0.022 0.001 0.001 0.000 0.001 0.009 0.258 0.012 0.200 0.019 0.069 0.960 0.010 0.001 0.000 0.000 0.030 0.003 0.810 0.092 0.002 0.000 0.881 0.205 0.002 0.001 0.000 0.000 0.001 0.001 0.566 0.001 0.123 0.001 0.001 0.002 
31 hoe_vis 30 0.009 0.001 0.002 0.010 0.029 0.883 0.003 0.932 0.008 0.027 0.006 0.001 0.001 0.001 0.002 0.002 0.001 0.001 0.002 0.001 0.008 0.001 0.054 0.002 0.028 0.001 0.001 0.071 0.011 0.005 0.084 0.013 0.057 0.134 0.122 0.004 0.002 0.001 0.002 0.006 0.044 0.124 0.062 0.005 0.955 0.027 0.011 0.104 0.001 0.001 0.002 0.005 0.061 0.002 0.177 0.008 0.004 0.004 
32 rake_vis 30 0.022 0.001 0.003 0.013 0.045 0.413 0.004 0.841 0.003 0.099 0.014 0.001 0.002 0.003 0.002 0.004 0.012 0.001 0.001 0.004 0.155 0.002 0.057 0.002 0.294 0.009 0.005 0.005 0.018 0.010 0.089 0.016 0.008 0.299 0.085 0.006 0.001 0.001 0.001 0.014 0.577 0.104 0.128 0.009 0.888 0.019 0.004 0.021 0.001 0.001 0.001 0.006 0.269 0.001 0.460 0.029 0.002 0.006 
33 shovel_vis 30 0.062 0.029 0.001 0.001 0.826 0.058 0.002 0.825 0.002 0.450 0.056 0.003 0.013 0.006 0.033 0.023 0.001 0.000 0.001 0.000 0.023 0.000 0.038 0.003 0.021 0.000 0.000 0.002 0.376 0.027 0.485 0.116 0.142 0.352 0.157 0.002 0.001 0.001 0.007 0.004 0.511 0.383 0.021 0.000 0.850 0.009 0.003 0.012 0.000 0.001 0.001 0.002 0.338 0.003 0.353 0.002 0.012 0.010 
34 spade_vis 30 0.037 0.336 0.001 0.002 0.520 0.536 0.003 0.860 0.003 0.046 0.046 0.272 0.072 0.012 0.014 0.067 0.002 0.002 0.001 0.001 0.026 0.001 0.007 0.004 0.005 0.001 0.002 0.002 0.425 0.014 0.135 0.414 0.016 0.766 0.005 0.003 0.001 0.001 0.023 0.004 0.746 0.142 0.076 0.001 0.223 0.257 0.003 0.004 0.001 0.001 0.002 0.002 0.256 0.004 0.102 0.008 0.003 0.003 
35 wrench_vis 30 0.004 0.000 0.001 0.016 0.005 0.855 0.038 0.718 0.008 0.051 0.001 0.000 0.001 0.002 0.000 0.001 0.002 0.000 0.001 0.001 0.011 0.001 0.059 0.001 0.167 0.001 0.001 0.018 0.002 0.003 0.026 0.001 0.005 0.036 0.611 0.011 0.001 0.002 0.180 0.016 0.068 0.015 0.082 0.005 0.875 0.001 0.002 0.045 0.001 0.001 0.001 0.006 0.025 0.001 0.139 0.045 0.002 0.010 
36 accordion_vis 30 0.003 0.000 0.001 0.003 0.003 0.987 0.002 0.023 0.232 0.008 0.001 0.000 0.010 0.001 0.001 0.001 0.001 0.000 0.001 0.000 0.002 0.001 0.005 0.001 0.002 0.000 0.000 0.002 0.003 0.002 0.012 0.001 0.004 0.008 0.002 0.002 0.003 0.001 0.000 0.001 0.000 0.006 0.009 0.001 0.063 0.107 0.010 0.207 0.003 0.005 0.015 0.009 0.032 0.000 0.004 0.001 0.025 0.002 
37 cello_vis 30 0.081 0.254 0.399 0.001 0.001 0.118 0.002 0.001 0.009 0.438 0.523 0.028 0.002 0.004 0.026 0.017 0.033 0.076 0.041 0.116 0.152 0.362 0.003 0.001 0.003 0.004 0.001 0.001 0.001 0.002 0.002 0.001 0.001 0.000 0.011 0.003 0.001 0.004 0.000 0.001 0.001 0.001 0.001 0.001 0.003 0.004 0.004 0.007 0.001 0.075 0.001 0.032 0.020 0.003 0.113 0.070 0.007 0.023 
38 flute_vis 30 0.058 0.073 0.004 0.004 0.089 0.035 0.034 0.008 0.012 0.055 0.061 0.025 0.033 0.042 0.015 0.017 0.010 0.004 0.003 0.008 0.055 0.005 0.022 0.006 0.050 0.009 0.005 0.003 0.081 0.034 0.126 0.061 0.021 0.014 0.051 0.020 0.007 0.008 0.028 0.014 0.023 0.014 0.031 0.002 0.030 0.008 0.008 0.033 0.006 0.013 0.010 0.022 0.030 0.011 0.055 0.006 0.028 0.045 
39 guitar_vis 30 0.006 0.000 0.002 0.010 0.004 0.668 0.855 0.002 0.007 0.015 0.002 0.000 0.000 0.007 0.000 0.001 0.002 0.000 0.001 0.004 0.028 0.001 0.019 0.001 0.548 0.014 0.001 0.002 0.003 0.004 0.036 0.001 0.002 0.001 0.928 0.185 0.002 0.043 0.059 0.024 0.002 0.001 0.008 0.001 0.091 0.001 0.001 0.034 0.003 0.003 0.001 0.007 0.003 0.001 0.042 0.001 0.003 0.107 
40 piano_vis 30 0.052 0.230 0.003 0.003 0.270 0.094 0.004 0.305 0.034 0.045 0.048 0.145 0.084 0.035 0.042 0.030 0.005 0.004 0.007 0.005 0.017 0.002 0.009 0.013 0.005 0.006 0.004 0.006 0.115 0.030 0.118 0.210 0.056 0.254 0.006 0.006 0.005 0.002 0.041 0.007 0.216 0.086 0.090 0.004 0.067 0.125 0.016 0.013 0.003 0.007 0.013 0.007 0.084 0.020 0.081 0.012 0.015 0.008 
41 trumpet_vis 30 0.004 0.001 0.002 0.002 0.002 0.892 0.283 0.007 0.005 0.067 0.003 0.001 0.000 0.019 0.001 0.002 0.001 0.001 0.001 0.002 0.003 0.002 0.006 0.001 0.009 0.004 0.001 0.006 0.003 0.002 0.004 0.002 0.003 0.000 0.856 0.012 0.003 0.010 0.033 0.003 0.001 0.003 0.004 0.004 0.077 0.001 0.001 0.010 0.041 0.009 0.001 0.003 0.002 0.002 0.077 0.022 0.011 0.015 
42 fork_vis 30 0.006 0.033 0.002 0.001 0.002 0.991 0.001 0.001 0.002 0.994 0.001 0.002 0.049 0.002 0.006 0.000 0.013 0.000 0.001 0.000 0.003 0.006 0.002 0.000 0.000 0.000 0.000 0.000 0.000 0.002 0.037 0.001 0.002 0.003 0.000 0.001 0.000 0.000 0.001 0.057 0.000 0.003 0.000 0.000 0.001 0.001 0.002 0.001 0.000 0.001 0.001 0.001 0.450 0.114 0.154 0.003 0.035 0.039 
43 spoon_vis 30 0.005 0.007 0.002 0.001 0.003 0.990 0.001 0.001 0.950 0.320 0.000 0.038 0.025 0.001 0.027 0.001 0.005 0.000 0.001 0.000 0.001 0.001 0.002 0.001 0.000 0.000 0.000 0.001 0.000 0.003 0.002 0.001 0.075 0.001 0.000 0.001 0.001 0.000 0.000 0.004 0.000 0.003 0.000 0.000 0.001 0.003 0.445 0.004 0.000 0.034 0.066 0.001 0.028 0.073 0.003 0.001 0.840 0.001 
44 tongs_vis 30 0.005 0.039 0.002 0.001 0.002 0.971 0.002 0.001 0.002 0.991 0.003 0.002 0.346 0.001 0.005 0.000 0.002 0.000 0.001 0.000 0.010 0.022 0.001 0.000 0.001 0.000 0.000 0.000 0.001 0.001 0.130 0.001 0.001 0.001 0.001 0.001 0.000 0.000 0.003 0.003 0.000 0.001 0.000 0.000 0.000 0.001 0.001 0.001 0.000 0.006 0.001 0.001 0.091 0.015 0.017 0.001 0.081 0.957 
45 ladle_vis 30 0.003 0.001 0.001 0.002 0.002 0.996 0.001 0.216 0.047 0.493 0.001 0.001 0.009 0.001 0.001 0.001 0.001 0.000 0.001 0.000 0.002 0.002 0.003 0.001 0.000 0.000 0.000 0.001 0.001 0.001 0.046 0.001 0.004 0.022 0.000 0.001 0.001 0.000 0.000 0.006 0.000 0.254 0.001 0.001 0.171 0.065 0.020 0.130 0.002 0.001 0.007 0.001 0.339 0.001 0.124 0.001 0.103 0.000 
46 knife_vis 30 0.007 0.031 0.003 0.001 0.002 0.959 0.008 0.001 0.003 0.987 0.006 0.001 0.122 0.001 0.005 0.000 0.002 0.000 0.001 0.000 0.015 0.022 0.002 0.000 0.001 0.000 0.000 0.000 0.001 0.002 0.044 0.000 0.002 0.001 0.003 0.002 0.000 0.001 0.023 0.002 0.000 0.001 0.000 0.000 0.001 0.001 0.002 0.002 0.000 0.015 0.001 0.001 0.039 0.014 0.018 0.002 0.032 0.967 
47 chopsticks_vis 30 0.005 0.039 0.002 0.001 0.002 0.960 0.001 0.001 0.002 0.992 0.004 0.002 0.386 0.001 0.006 0.000 0.002 0.000 0.001 0.000 0.011 0.026 0.002 0.000 0.001 0.000 0.000 0.000 0.001 0.002 0.148 0.001 0.002 0.001 0.001 0.001 0.000 0.000 0.002 0.003 0.000 0.001 0.000 0.000 0.001 0.001 0.001 0.001 0.000 0.004 0.001 0.001 0.151 0.017 0.014 0.001 0.096 0.936 
