0 beaver_vis 30 0.996 0.968 0.069 0.006 0.001 0.002 0.001 0.001 0.002 0.005 0.844 0.159 0.021 0.000 0.003 0.005 0.001 0.005 0.140 0.018 0.004 0.002 0.003 0.000 0.001 0.003 0.001 0.000 0.001 0.000 0.001 0.001 0.001 0.001 0.001 0.005 0.001 0.001 0.001 0.001 0.001 0.001 0.001 0.004 0.003 0.001 0.001 0.001 0.001 0.001 0.001 0.001 0.001 0.003 0.002 0.001 0.001 0.005 
1 bear_vis 30 0.996 0.987 0.001 0.004 0.085 0.001 0.001 0.001 0.008 0.001 0.028 0.984 0.022 0.003 0.001 0.020 0.000 0.039 0.001 0.001 0.001 0.002 0.001 0.001 0.000 0.012 0.004 0.001 0.050 0.001 0.001 0.134 0.004 0.001 0.001 0.017 0.000 0.043 0.001 0.014 0.002 0.000 0.000 0.001 0.001 0.001 0.001 0.001 0.058 0.001 0.001 0.002 0.001 0.001 0.000 0.000 0.004 0.003 
2 sheep_vis 30 0.996 0.979 0.053 0.009 0.001 0.002 0.001 0.001 0.008 0.001 0.065 0.016 0.943 0.000 0.005 0.044 0.010 0.060 0.125 0.003 0.001 0.005 0.003 0.000 0.015 0.001 0.001 0.000 0.001 0.000 0.001 0.001 0.000 0.001 0.001 0.025 0.007 0.007 0.001 0.025 0.001 0.001 0.001 0.025 0.001 0.001 0.018 0.003 0.017 0.008 0.001 0.001 0.001 0.002 0.011 0.000 0.006 0.022 
3 buffalo_vis 30 0.996 0.991 0.001 0.007 0.049 0.001 0.001 0.001 0.001 0.001 0.236 0.580 0.004 0.141 0.005 0.747 0.001 0.015 0.001 0.000 0.003 0.002 0.001 0.001 0.001 0.010 0.021 0.002 0.063 0.001 0.014 0.029 0.001 0.001 0.000 0.002 0.000 0.001 0.001 0.023 0.018 0.000 0.000 0.000 0.001 0.001 0.001 0.020 0.000 0.000 0.001 0.002 0.002 0.001 0.000 0.000 0.000 0.132 
4 poodle_vis 30 0.996 0.991 0.003 0.006 0.005 0.002 0.001 0.001 0.017 0.001 0.013 0.056 0.711 0.239 0.160 0.081 0.006 0.163 0.001 0.001 0.003 0.013 0.002 0.001 0.018 0.001 0.003 0.005 0.016 0.001 0.027 0.001 0.001 0.001 0.001 0.044 0.000 0.024 0.001 0.272 0.002 0.001 0.000 0.001 0.001 0.001 0.004 0.043 0.011 0.001 0.001 0.003 0.003 0.001 0.000 0.001 0.005 0.164 
5 giraffe_vis 30 0.996 0.991 0.001 0.006 0.086 0.001 0.001 0.001 0.002 0.001 0.210 0.950 0.005 0.029 0.001 0.188 0.001 0.022 0.001 0.000 0.001 0.002 0.001 0.001 0.001 0.043 0.007 0.001 0.073 0.001 0.003 0.086 0.008 0.001 0.001 0.005 0.000 0.002 0.001 0.023 0.006 0.000 0.000 0.000 0.001 0.001 0.001 0.005 0.001 0.000 0.001 0.002 0.001 0.001 0.000 0.000 0.001 0.020 
6 robin_vis 30 0.996 0.015 0.972 0.020 0.009 0.002 0.001 0.001 0.003 0.003 0.001 0.001 0.003 0.000 0.177 0.001 0.969 0.009 0.016 0.010 0.115 0.008 0.038 0.000 0.114 0.001 0.001 0.004 0.001 0.001 0.171 0.001 0.001 0.004 0.001 0.002 0.006 0.002 0.001 0.014 0.001 0.016 0.005 0.007 0.001 0.002 0.001 0.026 0.001 0.001 0.017 0.001 0.002 0.001 0.001 0.001 0.001 0.042 
7 swan_vis 30 0.996 0.020 0.992 0.009 0.005 0.004 0.001 0.001 0.014 0.002 0.010 0.026 0.138 0.000 0.001 0.001 0.021 0.853 0.075 0.131 0.004 0.127 0.004 0.000 0.025 0.028 0.002 0.000 0.002 0.001 0.001 0.014 0.002 0.002 0.001 0.010 0.013 0.012 0.000 0.028 0.001 0.000 0.001 0.017 0.001 0.001 0.006 0.003 0.015 0.004 0.000 0.002 0.001 0.002 0.007 0.001 0.017 0.004 
8 woodpecker_vis 30 0.996 0.006 0.987 0.013 0.030 0.004 0.001 0.002 0.005 0.254 0.038 0.002 0.001 0.000 0.001 0.001 0.009 0.008 0.633 0.948 0.021 0.002 0.009 0.000 0.001 0.007 0.001 0.000 0.001 0.001 0.000 0.121 0.002 0.039 0.003 0.001 0.000 0.142 0.001 0.000 0.008 0.001 0.002 0.007 0.001 0.092 0.001 0.001 0.004 0.002 0.001 0.012 0.000 0.002 0.011 0.486 0.001 0.004 
9 peacock_vis 30 0.995 0.086 0.993 0.081 0.456 0.069 0.001 0.001 0.812 0.004 0.103 0.791 0.239 0.000 0.002 0.001 0.090 0.892 0.299 0.951 0.169 0.981 0.060 0.000 0.122 0.037 0.013 0.000 0.507 0.001 0.001 0.782 0.006 0.152 0.007 0.017 0.000 0.849 0.001 0.000 0.002 0.001 0.000 0.041 0.024 0.140 0.202 0.001 0.152 0.727 0.001 0.713 0.002 0.010 0.001 0.420 0.116 0.001 
10 crow_vis 30 0.996 0.006 0.989 0.005 0.064 0.009 0.001 0.001 0.094 0.001 0.011 0.006 0.001 0.000 0.035 0.001 0.031 0.098 0.001 0.017 0.919 0.073 0.014 0.000 0.019 0.001 0.001 0.001 0.645 0.001 0.002 0.002 0.001 0.007 0.001 0.001 0.000 0.223 0.001 0.000 0.030 0.001 0.000 0.014 0.001 0.034 0.001 0.002 0.006 0.002 0.001 0.860 0.008 0.001 0.000 0.111 0.001 0.002 
11 eagle_vis 30 0.995 0.008 0.992 0.007 0.010 0.004 0.001 0.001 0.009 0.002 0.002 0.019 0.010 0.000 0.002 0.001 0.083 0.028 0.063 0.015 0.044 0.964 0.017 0.000 0.018 0.002 0.001 0.001 0.004 0.001 0.011 0.002 0.019 0.003 0.001 0.003 0.019 0.003 0.001 0.001 0.001 0.001 0.000 0.024 0.001 0.001 0.033 0.001 0.002 0.006 0.001 0.002 0.002 0.002 0.001 0.002 0.067 0.001 
12 tuna_vis 30 0.855 0.003 0.310 0.004 0.095 0.989 0.001 0.002 0.003 0.918 0.037 0.006 0.001 0.000 0.007 0.001 0.001 0.001 0.062 0.143 0.224 0.001 0.792 0.000 0.000 0.002 0.001 0.000 0.007 0.001 0.001 0.004 0.208 0.122 0.022 0.001 0.001 0.006 0.002 0.001 0.001 0.015 0.000 0.001 0.002 0.016 0.001 0.001 0.001 0.014 0.001 0.006 0.003 0.019 0.004 0.937 0.019 0.003 
13 goldfish_vis 30 0.995 0.003 0.001 0.976 0.060 0.002 0.002 0.024 0.001 0.003 0.001 0.012 0.001 0.001 0.000 0.002 0.000 0.001 0.029 0.001 0.001 0.000 0.013 0.685 0.001 0.962 0.011 0.003 0.001 0.002 0.002 0.024 0.649 0.003 0.002 0.031 0.002 0.001 0.019 0.003 0.088 0.001 0.064 0.001 0.032 0.001 0.001 0.001 0.001 0.000 0.001 0.001 0.001 0.001 0.245 0.000 0.000 0.001 
14 salmon_vis 30 0.995 0.024 0.990 0.010 0.008 0.006 0.001 0.001 0.035 0.003 0.038 0.087 0.141 0.000 0.001 0.001 0.017 0.963 0.016 0.098 0.013 0.094 0.004 0.000 0.049 0.020 0.002 0.000 0.004 0.001 0.001 0.037 0.001 0.002 0.001 0.020 0.001 0.455 0.001 0.012 0.002 0.001 0.000 0.006 0.001 0.001 0.004 0.008 0.058 0.005 0.001 0.001 0.001 0.002 0.002 0.001 0.013 0.027 
15 sardine_vis 30 0.996 0.002 0.001 0.923 0.022 0.002 0.001 0.009 0.001 0.001 0.001 0.003 0.001 0.000 0.000 0.001 0.000 0.001 0.022 0.001 0.000 0.000 0.001 0.002 0.001 0.867 0.092 0.001 0.001 0.001 0.000 0.113 0.004 0.002 0.005 0.003 0.000 0.002 0.003 0.001 0.046 0.000 0.012 0.004 0.003 0.002 0.001 0.001 0.001 0.000 0.001 0.001 0.000 0.001 0.010 0.000 0.000 0.001 
16 catfish_vis 30 0.996 0.405 0.001 0.718 0.014 0.002 0.001 0.002 0.002 0.001 0.016 0.129 0.001 0.001 0.001 0.006 0.001 0.003 0.001 0.001 0.001 0.001 0.001 0.003 0.001 0.673 0.015 0.002 0.002 0.001 0.001 0.013 0.004 0.002 0.002 0.003 0.000 0.001 0.017 0.001 0.016 0.000 0.009 0.001 0.011 0.001 0.001 0.001 0.001 0.001 0.001 0.001 0.001 0.001 0.002 0.001 0.001 0.001 
17 cod_vis 30 0.995 0.002 0.001 0.955 0.014 0.002 0.003 0.008 0.001 0.001 0.001 0.001 0.001 0.000 0.001 0.001 0.001 0.001 0.009 0.001 0.001 0.001 0.002 0.038 0.005 0.600 0.036 0.095 0.001 0.001 0.005 0.005 0.006 0.002 0.002 0.006 0.001 0.001 0.014 0.001 0.033 0.001 0.016 0.002 0.003 0.001 0.001 0.001 0.001 0.000 0.001 0.001 0.001 0.001 0.005 0.000 0.000 0.001 
18 turtle_vis 30 0.996 0.025 0.069 0.006 0.983 0.002 0.001 0.001 0.005 0.001 0.001 0.416 0.001 0.000 0.000 0.010 0.001 0.467 0.001 0.004 0.001 0.002 0.001 0.001 0.001 0.060 0.086 0.001 0.779 0.002 0.001 0.958 0.002 0.035 0.001 0.002 0.000 0.524 0.001 0.001 0.024 0.000 0.000 0.001 0.001 0.005 0.001 0.001 0.024 0.001 0.001 0.020 0.001 0.001 0.001 0.002 0.001 0.006 
19 rattlesnake_vis 30 0.320 0.004 0.001 0.001 0.671 0.687 0.012 0.002 0.906 0.002 0.000 0.062 0.002 0.006 0.000 0.001 0.004 0.001 0.011 0.001 0.000 0.041 0.001 0.006 0.000 0.001 0.003 0.006 0.005 0.558 0.001 0.038 0.006 0.356 0.650 0.014 0.002 0.013 0.001 0.000 0.001 0.002 0.001 0.007 0.001 0.004 0.030 0.001 0.678 0.009 0.001 0.007 0.002 0.001 0.001 0.002 0.182 0.001 
20 crab_vis 30 0.996 0.005 0.006 0.006 0.988 0.043 0.001 0.001 0.002 0.024 0.001 0.015 0.000 0.000 0.000 0.002 0.000 0.001 0.024 0.002 0.001 0.001 0.002 0.001 0.000 0.010 0.001 0.001 0.027 0.003 0.002 0.178 0.339 0.487 0.008 0.001 0.000 0.018 0.001 0.001 0.007 0.003 0.000 0.001 0.001 0.005 0.001 0.001 0.004 0.001 0.001 0.003 0.001 0.002 0.001 0.148 0.001 0.002 
21 frog_vis 30 0.996 0.019 0.180 0.005 0.971 0.003 0.001 0.001 0.021 0.001 0.001 0.788 0.002 0.000 0.000 0.001 0.001 0.669 0.005 0.002 0.000 0.011 0.001 0.000 0.001 0.032 0.021 0.000 0.366 0.001 0.001 0.942 0.002 0.034 0.003 0.004 0.000 0.763 0.001 0.003 0.003 0.000 0.000 0.003 0.001 0.001 0.001 0.001 0.447 0.002 0.000 0.002 0.000 0.001 0.001 0.001 0.007 0.002 
22 gecko_vis 30 0.991 0.005 0.003 0.004 0.992 0.346 0.002 0.002 0.005 0.040 0.000 0.384 0.001 0.001 0.000 0.001 0.001 0.001 0.030 0.006 0.000 0.003 0.011 0.004 0.000 0.010 0.001 0.000 0.068 0.010 0.005 0.337 0.972 0.831 0.893 0.001 0.001 0.003 0.023 0.001 0.001 0.086 0.000 0.001 0.002 0.053 0.001 0.001 0.005 0.026 0.001 0.002 0.007 0.031 0.004 0.370 0.096 0.001 
23 crocodile_vis 30 0.785 0.004 0.906 0.002 0.017 0.655 0.001 0.001 0.148 0.021 0.001 0.156 0.005 0.000 0.001 0.001 0.006 0.004 0.357 0.211 0.000 0.678 0.011 0.000 0.001 0.001 0.001 0.000 0.001 0.001 0.000 0.180 0.006 0.022 0.209 0.001 0.001 0.025 0.001 0.000 0.001 0.001 0.000 0.004 0.002 0.033 0.005 0.001 0.011 0.376 0.001 0.003 0.001 0.015 0.003 0.020 0.118 0.001 
24 axe_vis 30 0.039 0.010 0.001 0.009 0.001 0.996 0.994 0.004 0.002 0.001 0.000 0.421 0.005 0.000 0.000 0.000 0.001 0.001 0.023 0.000 0.000 0.001 0.001 0.026 0.001 0.001 0.149 0.003 0.000 0.008 0.000 0.004 0.002 0.077 0.993 0.002 0.014 0.029 0.031 0.001 0.001 0.001 0.001 0.008 0.001 0.034 0.002 0.000 0.004 0.018 0.000 0.000 0.000 0.006 0.012 0.001 0.014 0.000 
25 hammer_vis 30 0.004 0.029 0.001 0.005 0.001 0.990 0.979 0.002 0.003 0.017 0.004 0.004 0.066 0.005 0.001 0.000 0.001 0.020 0.001 0.000 0.000 0.000 0.019 0.006 0.025 0.001 0.001 0.001 0.000 0.002 0.000 0.000 0.000 0.001 0.001 0.985 0.008 0.078 0.001 0.069 0.020 0.000 0.001 0.003 0.001 0.001 0.056 0.022 0.004 0.001 0.000 0.000 0.001 0.001 0.006 0.000 0.006 0.020 
26 screwdriver_vis 30 0.002 0.001 0.001 0.004 0.001 0.995 0.994 0.004 0.001 0.002 0.000 0.005 0.004 0.005 0.000 0.000 0.001 0.001 0.004 0.000 0.000 0.001 0.003 0.015 0.001 0.001 0.001 0.014 0.000 0.002 0.000 0.000 0.001 0.001 0.117 0.004 0.913 0.002 0.062 0.005 0.001 0.001 0.001 0.005 0.001 0.001 0.003 0.000 0.001 0.001 0.000 0.000 0.001 0.001 0.005 0.000 0.032 0.001 
27 chisel_vis 30 0.002 0.005 0.001 0.003 0.001 0.996 0.980 0.003 0.003 0.006 0.000 0.006 0.005 0.000 0.001 0.000 0.001 0.002 0.002 0.000 0.000 0.000 0.003 0.001 0.003 0.001 0.002 0.001 0.000 0.002 0.000 0.000 0.001 0.002 0.006 0.128 0.001 0.970 0.001 0.006 0.007 0.000 0.000 0.005 0.001 0.001 0.001 0.001 0.025 0.001 0.000 0.000 0.000 0.001 0.004 0.001 0.006 0.002 
28 saw_vis 30 0.004 0.044 0.001 0.012 0.001 0.994 0.995 0.008 0.001 0.004 0.001 0.087 0.029 0.110 0.001 0.000 0.001 0.001 0.002 0.000 0.000 0.003 0.005 0.030 0.003 0.001 0.002 0.008 0.000 0.005 0.000 0.001 0.001 0.001 0.013 0.012 0.166 0.002 0.891 0.085 0.002 0.012 0.001 0.010 0.002 0.001 0.005 0.001 0.001 0.004 0.001 0.000 0.001 0.003 0.005 0.001 0.110 0.001 
29 drill_vis 30 0.003 0.035 0.001 0.004 0.001 0.995 0.995 0.003 0.001 0.008 0.001 0.006 0.046 0.007 0.001 0.000 0.001 0.002 0.001 0.000 0.000 0.000 0.005 0.004 0.008 0.001 0.001 0.001 0.000 0.002 0.000 0.000 0.001 0.001 0.004 0.062 0.025 0.047 0.015 0.956 0.014 0.001 0.001 0.003 0.001 0.001 0.001 0.001 0.001 0.001 0.000 0.000 0.002 0.001 0.005 0.000 0.050 0.062 
30 clamp_vis 30 0.002 0.001 0.001 0.005 0.001 0.996 0.002 0.954 0.003 0.003 0.002 0.001 0.000 0.000 0.001 0.000 0.001 0.001 0.001 0.000 0.024 0.000 0.015 0.000 0.004 0.001 0.001 0.000 0.001 0.001 0.000 0.000 0.001 0.001 0.001 0.005 0.000 0.026 0.001 0.001 0.942 0.001 0.025 0.018 0.002 0.054 0.001 0.007 0.001 0.001 0.001 0.021 0.001 0.001 0.002 0.012 0.000 0.004 
31 hoe_vis 30 0.001 0.001 0.001 0.003 0.001 0.996 0.001 0.994 0.002 0.001 0.000 0.001 0.000 0.000 0.000 0.000 0.001 0.001 0.002 0.001 0.001 0.000 0.020 0.000 0.001 0.001 0.001 0.001 0.000 0.001 0.000 0.001 0.005 0.002 0.002 0.001 0.007 0.001 0.001 0.000 0.012 0.448 0.005 0.163 0.007 0.079 0.001 0.001 0.001 0.004 0.001 0.003 0.001 0.001 0.001 0.007 0.000 0.001 
32 rake_vis 30 0.002 0.001 0.001 0.005 0.001 0.993 0.001 0.978 0.005 0.002 0.001 0.001 0.000 0.000 0.000 0.000 0.001 0.001 0.002 0.001 0.001 0.000 0.014 0.000 0.003 0.002 0.001 0.000 0.000 0.001 0.000 0.001 0.001 0.001 0.001 0.008 0.003 0.001 0.001 0.000 0.026 0.002 0.975 0.016 0.018 0.011 0.001 0.010 0.001 0.001 0.010 0.002 0.000 0.001 0.028 0.001 0.000 0.001 
33 shovel_vis 30 0.001 0.001 0.001 0.002 0.001 0.996 0.010 0.994 0.002 0.001 0.000 0.001 0.000 0.000 0.000 0.000 0.001 0.001 0.030 0.000 0.000 0.000 0.004 0.000 0.001 0.001 0.001 0.000 0.000 0.001 0.000 0.000 0.001 0.002 0.002 0.001 0.009 0.056 0.001 0.005 0.034 0.051 0.005 0.989 0.001 0.025 0.001 0.000 0.086 0.092 0.000 0.001 0.000 0.001 0.001 0.004 0.000 0.001 
34 spade_vis 30 0.002 0.001 0.001 0.010 0.001 0.995 0.001 0.991 0.002 0.008 0.003 0.001 0.000 0.000 0.000 0.000 0.001 0.001 0.002 0.002 0.001 0.000 0.015 0.000 0.003 0.033 0.002 0.001 0.000 0.001 0.000 0.001 0.003 0.001 0.001 0.001 0.007 0.001 0.001 0.000 0.007 0.018 0.468 0.006 0.699 0.019 0.002 0.001 0.001 0.001 0.020 0.002 0.001 0.001 0.064 0.001 0.000 0.001 
35 wrench_vis 30 0.001 0.001 0.001 0.003 0.001 0.996 0.001 0.987 0.010 0.001 0.000 0.001 0.000 0.000 0.001 0.001 0.001 0.001 0.001 0.001 0.000 0.000 0.007 0.000 0.004 0.001 0.011 0.000 0.000 0.001 0.000 0.001 0.001 0.005 0.143 0.001 0.000 0.003 0.001 0.000 0.011 0.005 0.016 0.034 0.007 0.983 0.001 0.001 0.001 0.005 0.001 0.010 0.001 0.001 0.069 0.002 0.000 0.001 
36 accordion_vis 30 0.007 0.002 0.005 0.001 0.018 0.996 0.001 0.004 0.995 0.001 0.000 0.074 0.003 0.002 0.000 0.001 0.004 0.002 0.002 0.001 0.000 0.007 0.001 0.001 0.001 0.000 0.002 0.001 0.001 0.021 0.000 0.010 0.001 0.056 0.001 0.006 0.001 0.001 0.001 0.000 0.001 0.001 0.002 0.013 0.002 0.005 0.441 0.002 0.780 0.113 0.001 0.232 0.001 0.001 0.001 0.001 0.002 0.001 
37 cello_vis 30 0.016 0.003 0.002 0.001 0.005 0.996 0.001 0.003 0.994 0.004 0.001 0.003 0.001 0.001 0.001 0.006 0.003 0.101 0.001 0.001 0.000 0.000 0.001 0.004 0.001 0.000 0.004 0.000 0.001 0.020 0.013 0.001 0.001 0.001 0.000 0.043 0.000 0.001 0.000 0.005 0.005 0.001 0.011 0.001 0.001 0.001 0.010 0.927 0.096 0.001 0.004 0.012 0.011 0.001 0.002 0.000 0.000 0.033 
38 flute_vis 30 0.014 0.003 0.002 0.001 0.010 0.996 0.001 0.003 0.995 0.002 0.000 0.047 0.004 0.000 0.000 0.003 0.002 0.123 0.001 0.000 0.000 0.000 0.001 0.001 0.000 0.000 0.011 0.000 0.001 0.018 0.000 0.016 0.000 0.016 0.001 0.089 0.000 0.033 0.000 0.001 0.002 0.001 0.006 0.004 0.001 0.003 0.029 0.148 0.986 0.006 0.001 0.075 0.001 0.001 0.004 0.000 0.001 0.002 
39 guitar_vis 30 0.009 0.002 0.003 0.001 0.009 0.996 0.001 0.003 0.995 0.001 0.000 0.022 0.002 0.000 0.000 0.001 0.003 0.014 0.001 0.001 0.000 0.000 0.001 0.001 0.001 0.000 0.002 0.000 0.001 0.012 0.000 0.004 0.001 0.015 0.001 0.038 0.000 0.011 0.000 0.000 0.001 0.001 0.004 0.007 0.001 0.003 0.042 0.033 0.982 0.009 0.001 0.064 0.001 0.001 0.002 0.001 0.001 0.001 
40 piano_vis 30 0.013 0.005 0.003 0.001 0.017 0.994 0.001 0.004 0.697 0.004 0.001 0.002 0.001 0.008 0.001 0.028 0.002 0.004 0.001 0.001 0.000 0.000 0.002 0.004 0.001 0.000 0.012 0.001 0.002 0.026 0.039 0.001 0.002 0.001 0.000 0.002 0.000 0.001 0.001 0.005 0.003 0.001 0.003 0.001 0.006 0.001 0.013 0.239 0.002 0.001 0.084 0.016 0.157 0.001 0.001 0.000 0.000 0.059 
41 trumpet_vis 30 0.006 0.002 0.003 0.001 0.005 0.996 0.001 0.007 0.992 0.003 0.001 0.003 0.000 0.001 0.005 0.004 0.002 0.002 0.001 0.001 0.008 0.000 0.011 0.000 0.001 0.000 0.011 0.000 0.073 0.005 0.001 0.002 0.001 0.018 0.000 0.002 0.000 0.001 0.000 0.000 0.015 0.001 0.002 0.001 0.005 0.026 0.005 0.012 0.003 0.002 0.006 0.991 0.006 0.001 0.001 0.052 0.000 0.002 
42 fork_vis 30 0.004 0.028 0.002 0.001 0.004 0.995 0.007 0.002 0.003 0.988 0.037 0.002 0.002 0.001 0.011 0.029 0.004 0.002 0.001 0.004 0.003 0.001 0.031 0.001 0.001 0.001 0.009 0.001 0.001 0.011 0.004 0.001 0.003 0.001 0.014 0.001 0.001 0.001 0.006 0.002 0.001 0.008 0.000 0.001 0.011 0.002 0.001 0.001 0.001 0.004 0.015 0.001 0.330 0.735 0.013 0.046 0.051 0.098 
43 spoon_vis 30 0.003 0.003 0.019 0.001 0.004 0.996 0.004 0.002 0.003 0.995 0.064 0.008 0.001 0.000 0.001 0.003 0.001 0.002 0.024 0.208 0.001 0.001 0.018 0.000 0.001 0.004 0.004 0.000 0.000 0.002 0.000 0.016 0.020 0.001 0.018 0.001 0.001 0.001 0.004 0.001 0.001 0.004 0.000 0.001 0.067 0.005 0.001 0.001 0.001 0.010 0.008 0.001 0.008 0.975 0.056 0.253 0.036 0.009 
44 tongs_vis 30 0.003 0.003 0.001 0.002 0.001 0.991 0.006 0.002 0.002 0.993 0.003 0.001 0.001 0.000 0.000 0.004 0.001 0.002 0.004 0.001 0.000 0.000 0.007 0.001 0.002 0.002 0.006 0.000 0.000 0.001 0.000 0.001 0.001 0.001 0.011 0.007 0.016 0.002 0.001 0.002 0.003 0.000 0.004 0.001 0.002 0.002 0.001 0.009 0.001 0.000 0.001 0.000 0.001 0.023 0.976 0.000 0.001 0.067 
45 ladle_vis 30 0.003 0.001 0.002 0.041 0.001 0.995 0.079 0.866 0.002 0.858 0.028 0.006 0.001 0.000 0.000 0.000 0.001 0.001 0.020 0.079 0.001 0.001 0.029 0.000 0.002 0.464 0.008 0.000 0.000 0.001 0.000 0.002 0.100 0.002 0.592 0.001 0.003 0.002 0.692 0.000 0.015 0.069 0.000 0.002 0.837 0.268 0.001 0.000 0.001 0.004 0.001 0.001 0.001 0.318 0.120 0.682 0.001 0.001 
46 knife_vis 30 0.002 0.002 0.018 0.001 0.002 0.996 0.006 0.001 0.011 0.990 0.001 0.018 0.001 0.000 0.000 0.001 0.002 0.028 0.008 0.000 0.000 0.001 0.005 0.000 0.000 0.001 0.001 0.000 0.001 0.001 0.000 0.001 0.006 0.001 0.002 0.002 0.004 0.010 0.001 0.018 0.001 0.001 0.000 0.001 0.001 0.001 0.001 0.001 0.003 0.007 0.000 0.001 0.004 0.005 0.003 0.005 0.949 0.050 
47 chopsticks_vis 30 0.003 0.005 0.001 0.001 0.001 0.996 0.002 0.001 0.003 0.995 0.003 0.001 0.001 0.000 0.005 0.009 0.016 0.042 0.001 0.000 0.002 0.000 0.012 0.000 0.001 0.001 0.002 0.000 0.000 0.002 0.001 0.001 0.001 0.001 0.001 0.001 0.001 0.050 0.001 0.016 0.010 0.001 0.000 0.000 0.001 0.001 0.001 0.047 0.001 0.001 0.001 0.001 0.015 0.002 0.025 0.010 0.014 0.982 
