0 beaver_vis 30 0.995 0.992 0.015 0.001 0.005 0.003 0.000 0.001 0.001 0.005 0.959 0.001 0.037 0.002 0.034 0.091 0.072 0.002 0.001 0.000 0.023 0.011 0.001 0.000 0.000 0.000 0.000 0.002 0.000 0.026 0.022 0.000 0.009 0.002 0.000 0.000 0.000 0.000 0.000 0.001 0.001 0.000 0.000 0.002 0.000 0.001 0.000 0.000 0.000 0.001 0.001 0.000 0.005 0.001 0.001 0.001 0.001 0.001 
1 bear_vis 30 0.995 0.990 0.084 0.016 0.000 0.003 0.000 0.001 0.001 0.005 0.001 0.968 0.264 0.006 0.001 0.268 0.001 0.011 0.490 0.000 0.000 0.030 0.008 0.006 0.001 0.003 0.000 0.001 0.000 0.000 0.001 0.000 0.000 0.001 0.000 0.000 0.000 0.000 0.000 0.000 0.000 0.512 0.000 0.000 0.000 0.001 0.000 0.000 0.000 0.029 0.000 0.000 0.001 0.007 0.002 0.001 0.000 0.000 
2 sheep_vis 30 0.995 0.983 0.028 0.001 0.023 0.003 0.001 0.001 0.001 0.009 0.135 0.045 0.951 0.000 0.034 0.003 0.039 0.001 0.012 0.000 0.030 0.076 0.004 0.000 0.000 0.001 0.001 0.001 0.000 0.004 0.029 0.000 0.082 0.078 0.000 0.000 0.000 0.000 0.000 0.003 0.001 0.005 0.001 0.000 0.000 0.001 0.000 0.000 0.000 0.001 0.002 0.000 0.029 0.001 0.007 0.003 0.000 0.002 
3 buffalo_vis 30 0.995 0.260 0.010 0.885 0.001 0.005 0.001 0.001 0.001 0.016 0.001 0.014 0.000 0.188 0.018 0.018 0.000 0.007 0.000 0.000 0.001 0.002 0.065 0.024 0.022 0.000 0.001 0.595 0.001 0.006 0.003 0.000 0.000 0.000 0.000 0.000 0.001 0.000 0.001 0.005 0.000 0.001 0.000 0.003 0.000 0.001 0.001 0.000 0.005 0.004 0.001 0.000 0.000 0.014 0.006 0.001 0.021 0.000 
4 poodle_vis 30 0.995 0.990 0.004 0.001 0.002 0.003 0.001 0.001 0.001 0.007 0.213 0.000 0.004 0.066 0.895 0.001 0.005 0.001 0.000 0.000 0.113 0.002 0.001 0.000 0.000 0.000 0.003 0.035 0.000 0.019 0.017 0.000 0.000 0.001 0.000 0.000 0.001 0.000 0.000 0.018 0.000 0.000 0.000 0.005 0.000 0.001 0.000 0.000 0.000 0.001 0.002 0.000 0.002 0.001 0.001 0.000 0.024 0.001 
5 giraffe_vis 30 0.995 0.363 0.014 0.904 0.001 0.004 0.001 0.001 0.001 0.007 0.001 0.063 0.001 0.032 0.002 0.032 0.000 0.020 0.000 0.000 0.001 0.002 0.034 0.053 0.001 0.002 0.001 0.268 0.000 0.001 0.003 0.000 0.000 0.000 0.000 0.000 0.001 0.000 0.001 0.000 0.000 0.005 0.000 0.000 0.000 0.001 0.000 0.000 0.001 0.015 0.001 0.000 0.000 0.007 0.001 0.003 0.002 0.000 
6 robin_vis 30 0.994 0.003 0.987 0.001 0.044 0.003 0.002 0.001 0.001 0.001 0.005 0.000 0.003 0.000 0.000 0.001 0.963 0.001 0.011 0.015 0.097 0.012 0.000 0.000 0.000 0.000 0.000 0.000 0.000 0.075 0.000 0.056 0.000 0.002 0.011 0.000 0.001 0.000 0.000 0.006 0.002 0.000 0.000 0.002 0.000 0.000 0.000 0.000 0.000 0.000 0.053 0.000 0.005 0.000 0.000 0.000 0.000 0.001 
7 swan_vis 30 0.995 0.191 0.989 0.001 0.006 0.003 0.004 0.001 0.001 0.006 0.007 0.005 0.003 0.007 0.000 0.017 0.017 0.587 0.004 0.001 0.056 0.778 0.002 0.000 0.000 0.000 0.000 0.000 0.001 0.001 0.001 0.000 0.000 0.004 0.001 0.000 0.003 0.000 0.005 0.000 0.000 0.000 0.000 0.000 0.000 0.001 0.001 0.000 0.000 0.000 0.001 0.000 0.058 0.065 0.020 0.001 0.000 0.001 
8 woodpecker_vis 30 0.994 0.021 0.982 0.001 0.007 0.003 0.001 0.001 0.001 0.003 0.001 0.015 0.063 0.000 0.000 0.004 0.169 0.020 0.386 0.010 0.004 0.808 0.003 0.000 0.000 0.001 0.000 0.000 0.000 0.002 0.000 0.007 0.000 0.018 0.004 0.000 0.001 0.000 0.000 0.005 0.000 0.002 0.001 0.000 0.000 0.000 0.001 0.000 0.000 0.000 0.002 0.000 0.031 0.027 0.036 0.001 0.000 0.001 
9 peacock_vis 30 0.995 0.002 0.991 0.001 0.001 0.002 0.004 0.001 0.001 0.001 0.000 0.006 0.002 0.003 0.000 0.001 0.016 0.018 0.240 0.840 0.002 0.018 0.001 0.000 0.038 0.000 0.000 0.000 0.001 0.000 0.000 0.009 0.000 0.000 0.001 0.000 0.002 0.000 0.002 0.028 0.000 0.000 0.000 0.000 0.001 0.000 0.065 0.001 0.000 0.000 0.001 0.000 0.001 0.001 0.002 0.000 0.000 0.000 
10 crow_vis 30 0.994 0.005 0.993 0.013 0.006 0.003 0.051 0.001 0.001 0.001 0.001 0.004 0.001 0.627 0.002 0.000 0.017 0.936 0.000 0.789 0.688 0.002 0.000 0.004 0.221 0.000 0.000 0.000 0.203 0.000 0.001 0.000 0.000 0.001 0.002 0.000 0.511 0.000 0.670 0.001 0.000 0.000 0.000 0.000 0.000 0.000 0.072 0.001 0.001 0.000 0.006 0.000 0.003 0.002 0.001 0.000 0.001 0.001 
11 eagle_vis 30 0.995 0.136 0.959 0.001 0.070 0.003 0.001 0.001 0.001 0.011 0.003 0.001 0.236 0.000 0.000 0.001 0.191 0.006 0.011 0.000 0.072 0.882 0.001 0.000 0.000 0.000 0.000 0.000 0.000 0.002 0.001 0.000 0.000 0.093 0.001 0.000 0.001 0.000 0.001 0.002 0.000 0.001 0.000 0.000 0.000 0.000 0.000 0.000 0.000 0.000 0.001 0.000 0.307 0.008 0.013 0.001 0.000 0.002 
12 tuna_vis 30 0.996 0.055 0.000 0.908 0.108 0.002 0.000 0.003 0.001 0.001 0.000 0.084 0.012 0.000 0.000 0.073 0.000 0.004 0.001 0.000 0.000 0.007 0.947 0.001 0.018 0.019 0.001 0.096 0.001 0.003 0.011 0.000 0.060 0.103 0.000 0.001 0.000 0.001 0.000 0.001 0.000 0.045 0.010 0.000 0.003 0.003 0.001 0.001 0.001 0.020 0.000 0.001 0.000 0.005 0.151 0.031 0.000 0.000 
13 goldfish_vis 30 0.996 0.001 0.000 0.993 0.002 0.002 0.001 0.001 0.001 0.001 0.000 0.012 0.000 0.001 0.001 0.000 0.000 0.001 0.000 0.001 0.000 0.000 0.003 0.916 0.108 0.125 0.141 0.012 0.002 0.000 0.002 0.001 0.001 0.000 0.000 0.001 0.000 0.001 0.000 0.002 0.000 0.001 0.001 0.000 0.052 0.001 0.001 0.000 0.002 0.001 0.000 0.001 0.000 0.000 0.000 0.000 0.000 0.000 
14 salmon_vis 30 0.995 0.001 0.001 0.993 0.005 0.002 0.001 0.001 0.002 0.000 0.000 0.003 0.000 0.002 0.001 0.000 0.000 0.001 0.000 0.042 0.000 0.000 0.061 0.023 0.962 0.003 0.039 0.006 0.008 0.001 0.001 0.011 0.002 0.000 0.000 0.004 0.001 0.001 0.000 0.021 0.000 0.000 0.000 0.001 0.016 0.001 0.022 0.000 0.026 0.001 0.001 0.000 0.000 0.000 0.001 0.000 0.000 0.000 
15 sardine_vis 30 0.995 0.001 0.001 0.344 0.867 0.003 0.001 0.002 0.002 0.001 0.000 0.000 0.029 0.000 0.000 0.001 0.002 0.001 0.001 0.000 0.000 0.000 0.027 0.000 0.013 0.298 0.266 0.001 0.001 0.004 0.002 0.508 0.942 0.007 0.000 0.001 0.000 0.001 0.000 0.002 0.201 0.002 0.024 0.001 0.001 0.001 0.000 0.006 0.000 0.001 0.001 0.016 0.000 0.000 0.001 0.001 0.000 0.001 
16 catfish_vis 30 0.996 0.117 0.001 0.496 0.769 0.002 0.001 0.001 0.001 0.002 0.001 0.001 0.027 0.000 0.441 0.000 0.000 0.002 0.000 0.000 0.002 0.000 0.038 0.000 0.005 0.001 0.579 0.590 0.026 0.002 0.762 0.000 0.080 0.003 0.000 0.006 0.001 0.118 0.000 0.018 0.000 0.001 0.001 0.000 0.000 0.001 0.000 0.000 0.001 0.001 0.001 0.001 0.001 0.000 0.003 0.001 0.002 0.001 
17 cod_vis 30 0.995 0.280 0.000 0.145 0.045 0.003 0.001 0.001 0.001 0.001 0.001 0.000 0.000 0.000 0.366 0.001 0.000 0.001 0.000 0.000 0.000 0.000 0.002 0.001 0.001 0.001 0.419 0.975 0.001 0.022 0.258 0.000 0.001 0.001 0.000 0.002 0.000 0.282 0.000 0.005 0.000 0.053 0.001 0.695 0.000 0.002 0.000 0.000 0.007 0.034 0.001 0.001 0.000 0.000 0.000 0.014 0.010 0.000 
18 turtle_vis 30 0.995 0.000 0.038 0.002 0.991 0.002 0.002 0.001 0.005 0.001 0.000 0.000 0.001 0.000 0.000 0.000 0.041 0.004 0.000 0.001 0.001 0.000 0.003 0.000 0.002 0.038 0.002 0.000 0.018 0.021 0.002 0.896 0.297 0.022 0.005 0.001 0.001 0.001 0.000 0.001 0.051 0.000 0.025 0.001 0.000 0.001 0.000 0.058 0.000 0.000 0.011 0.006 0.001 0.000 0.001 0.001 0.000 0.001 
19 rattlesnake_vis 30 0.995 0.001 0.001 0.001 0.991 0.003 0.001 0.003 0.005 0.001 0.002 0.000 0.001 0.000 0.000 0.000 0.027 0.001 0.000 0.000 0.000 0.015 0.002 0.000 0.000 0.004 0.001 0.001 0.001 0.805 0.021 0.036 0.004 0.222 0.002 0.001 0.000 0.001 0.000 0.001 0.016 0.001 0.017 0.003 0.000 0.001 0.000 0.002 0.000 0.001 0.007 0.006 0.029 0.000 0.002 0.003 0.000 0.005 
20 crab_vis 30 0.996 0.001 0.002 0.003 0.992 0.002 0.001 0.001 0.001 0.005 0.001 0.000 0.005 0.000 0.021 0.000 0.001 0.011 0.000 0.000 0.061 0.003 0.011 0.000 0.001 0.001 0.008 0.009 0.347 0.003 0.906 0.001 0.019 0.042 0.000 0.003 0.003 0.054 0.000 0.001 0.000 0.000 0.002 0.000 0.000 0.001 0.000 0.000 0.000 0.001 0.004 0.001 0.037 0.001 0.004 0.001 0.004 0.005 
21 frog_vis 30 0.995 0.000 0.005 0.001 0.992 0.002 0.002 0.008 0.010 0.001 0.000 0.000 0.000 0.000 0.000 0.002 0.522 0.001 0.001 0.005 0.000 0.001 0.002 0.000 0.002 0.033 0.003 0.000 0.007 0.862 0.001 0.978 0.011 0.025 0.036 0.001 0.000 0.000 0.000 0.009 0.282 0.001 0.077 0.134 0.000 0.001 0.001 0.023 0.000 0.000 0.214 0.005 0.001 0.000 0.001 0.002 0.000 0.001 
22 gecko_vis 30 0.995 0.000 0.015 0.003 0.991 0.002 0.001 0.001 0.003 0.001 0.000 0.000 0.005 0.000 0.000 0.000 0.046 0.001 0.000 0.001 0.000 0.001 0.004 0.000 0.002 0.039 0.004 0.000 0.004 0.031 0.001 0.940 0.179 0.047 0.008 0.001 0.000 0.001 0.000 0.004 0.076 0.001 0.047 0.001 0.001 0.001 0.000 0.029 0.000 0.000 0.009 0.005 0.001 0.000 0.001 0.001 0.000 0.001 
23 crocodile_vis 30 0.995 0.001 0.002 0.001 0.993 0.002 0.001 0.001 0.002 0.001 0.000 0.000 0.044 0.000 0.000 0.000 0.010 0.001 0.000 0.000 0.001 0.048 0.022 0.000 0.000 0.002 0.001 0.000 0.002 0.048 0.037 0.009 0.083 0.858 0.003 0.001 0.000 0.001 0.000 0.001 0.005 0.004 0.045 0.000 0.000 0.001 0.000 0.002 0.000 0.001 0.003 0.001 0.061 0.000 0.007 0.006 0.000 0.028 
24 axe_vis 30 0.004 0.000 0.095 0.001 0.001 0.996 0.960 0.053 0.013 0.001 0.000 0.000 0.000 0.001 0.056 0.000 0.038 0.000 0.000 0.054 0.057 0.002 0.000 0.017 0.001 0.000 0.009 0.001 0.007 0.001 0.000 0.001 0.000 0.000 0.979 0.002 0.019 0.011 0.007 0.003 0.000 0.050 0.000 0.014 0.000 0.001 0.000 0.000 0.043 0.005 0.075 0.000 0.003 0.000 0.000 0.000 0.028 0.000 
25 hammer_vis 30 0.004 0.000 0.000 0.034 0.002 0.997 0.942 0.025 0.036 0.001 0.000 0.000 0.000 0.000 0.003 0.000 0.000 0.000 0.000 0.000 0.000 0.000 0.000 0.011 0.003 0.001 0.112 0.004 0.039 0.001 0.002 0.001 0.000 0.000 0.001 0.961 0.017 0.099 0.006 0.003 0.008 0.001 0.023 0.004 0.018 0.033 0.000 0.000 0.009 0.000 0.001 0.010 0.000 0.000 0.004 0.000 0.003 0.001 
26 screwdriver_vis 30 0.003 0.000 0.002 0.001 0.001 0.996 0.995 0.001 0.006 0.007 0.000 0.000 0.000 0.001 0.009 0.000 0.000 0.001 0.000 0.039 0.025 0.000 0.000 0.000 0.010 0.000 0.002 0.000 0.010 0.001 0.000 0.001 0.000 0.000 0.006 0.049 0.980 0.014 0.011 0.028 0.059 0.000 0.000 0.002 0.003 0.002 0.000 0.000 0.003 0.000 0.004 0.000 0.001 0.000 0.112 0.000 0.015 0.000 
27 chisel_vis 30 0.003 0.000 0.000 0.002 0.001 0.997 0.991 0.006 0.011 0.001 0.000 0.000 0.000 0.001 0.008 0.000 0.000 0.000 0.000 0.002 0.002 0.000 0.000 0.003 0.003 0.000 0.022 0.002 0.019 0.000 0.001 0.001 0.000 0.000 0.005 0.219 0.316 0.648 0.011 0.004 0.026 0.002 0.001 0.010 0.026 0.027 0.000 0.000 0.013 0.000 0.001 0.005 0.000 0.000 0.005 0.001 0.012 0.001 
28 saw_vis 30 0.006 0.001 0.007 0.001 0.002 0.975 0.987 0.001 0.004 0.012 0.000 0.000 0.000 0.004 0.026 0.000 0.002 0.001 0.000 0.008 0.111 0.000 0.000 0.047 0.001 0.000 0.006 0.000 0.030 0.001 0.000 0.001 0.000 0.000 0.003 0.007 0.148 0.115 0.969 0.070 0.000 0.001 0.001 0.001 0.045 0.001 0.000 0.000 0.001 0.000 0.006 0.003 0.011 0.000 0.005 0.000 0.027 0.001 
29 drill_vis 30 0.004 0.000 0.001 0.001 0.001 0.996 0.994 0.001 0.002 0.004 0.000 0.000 0.000 0.001 0.015 0.000 0.001 0.000 0.000 0.007 0.016 0.000 0.000 0.009 0.001 0.000 0.004 0.000 0.003 0.001 0.000 0.001 0.000 0.000 0.002 0.021 0.037 0.015 0.567 0.660 0.001 0.001 0.001 0.001 0.046 0.000 0.000 0.000 0.002 0.000 0.003 0.000 0.001 0.000 0.004 0.000 0.007 0.000 
30 clamp_vis 30 0.002 0.000 0.000 0.001 0.001 0.997 0.003 0.995 0.044 0.001 0.000 0.000 0.000 0.000 0.000 0.000 0.000 0.000 0.000 0.000 0.000 0.000 0.001 0.000 0.000 0.005 0.000 0.000 0.000 0.012 0.000 0.039 0.000 0.001 0.001 0.002 0.000 0.001 0.000 0.000 0.983 0.009 0.036 0.077 0.010 0.020 0.000 0.000 0.001 0.000 0.000 0.057 0.000 0.000 0.002 0.001 0.000 0.001 
31 hoe_vis 30 0.002 0.001 0.000 0.001 0.001 0.997 0.001 0.989 0.001 0.050 0.000 0.002 0.000 0.000 0.000 0.001 0.000 0.000 0.001 0.000 0.000 0.001 0.001 0.000 0.000 0.000 0.000 0.001 0.000 0.000 0.000 0.000 0.000 0.001 0.001 0.000 0.000 0.002 0.000 0.000 0.042 0.914 0.004 0.001 0.037 0.079 0.000 0.000 0.000 0.002 0.000 0.001 0.001 0.000 0.105 0.004 0.000 0.001 
32 rake_vis 30 0.003 0.000 0.000 0.001 0.002 0.996 0.031 0.994 0.004 0.001 0.000 0.000 0.000 0.000 0.000 0.000 0.001 0.000 0.037 0.001 0.000 0.001 0.001 0.001 0.000 0.008 0.000 0.000 0.000 0.002 0.000 0.016 0.000 0.001 0.006 0.013 0.000 0.001 0.001 0.044 0.016 0.002 0.848 0.005 0.026 0.001 0.005 0.000 0.000 0.000 0.000 0.002 0.000 0.000 0.023 0.001 0.000 0.001 
33 shovel_vis 30 0.003 0.000 0.000 0.002 0.001 0.997 0.027 0.994 0.002 0.001 0.000 0.000 0.000 0.000 0.000 0.000 0.000 0.000 0.000 0.000 0.000 0.000 0.001 0.001 0.000 0.000 0.009 0.012 0.000 0.021 0.001 0.001 0.000 0.000 0.029 0.091 0.000 0.007 0.000 0.096 0.070 0.003 0.065 0.986 0.000 0.008 0.000 0.000 0.078 0.000 0.002 0.002 0.000 0.000 0.001 0.002 0.003 0.001 
34 spade_vis 30 0.002 0.000 0.000 0.006 0.001 0.996 0.008 0.982 0.057 0.001 0.000 0.001 0.000 0.000 0.000 0.000 0.000 0.000 0.031 0.001 0.000 0.000 0.001 0.001 0.000 0.014 0.000 0.000 0.000 0.000 0.000 0.014 0.000 0.000 0.001 0.001 0.000 0.000 0.001 0.001 0.012 0.015 0.022 0.000 0.967 0.001 0.000 0.001 0.000 0.000 0.000 0.001 0.000 0.000 0.072 0.000 0.000 0.000 
35 wrench_vis 30 0.003 0.001 0.000 0.009 0.001 0.997 0.001 0.994 0.008 0.003 0.002 0.000 0.000 0.000 0.000 0.118 0.000 0.006 0.000 0.000 0.000 0.000 0.002 0.003 0.000 0.019 0.000 0.023 0.000 0.001 0.001 0.000 0.000 0.001 0.001 0.002 0.000 0.005 0.001 0.000 0.028 0.026 0.142 0.123 0.001 0.987 0.000 0.000 0.001 0.013 0.000 0.018 0.000 0.000 0.013 0.005 0.001 0.002 
36 accordion_vis 30 0.004 0.002 0.006 0.001 0.001 0.996 0.621 0.001 0.906 0.003 0.000 0.000 0.000 0.114 0.036 0.000 0.001 0.001 0.000 0.005 0.057 0.000 0.000 0.057 0.001 0.000 0.004 0.000 0.002 0.001 0.000 0.000 0.000 0.000 0.003 0.597 0.019 0.000 0.082 0.002 0.000 0.000 0.001 0.000 0.000 0.000 0.053 0.001 0.433 0.001 0.928 0.000 0.000 0.002 0.000 0.000 0.143 0.002 
37 cello_vis 30 0.005 0.001 0.001 0.001 0.004 0.995 0.005 0.001 0.994 0.017 0.001 0.000 0.001 0.000 0.000 0.000 0.003 0.001 0.000 0.000 0.001 0.000 0.001 0.000 0.001 0.004 0.001 0.000 0.001 0.001 0.001 0.003 0.017 0.001 0.001 0.003 0.003 0.002 0.001 0.000 0.049 0.000 0.002 0.000 0.002 0.003 0.003 0.840 0.002 0.003 0.102 0.443 0.001 0.001 0.000 0.001 0.003 0.134 
38 flute_vis 30 0.003 0.000 0.000 0.002 0.001 0.996 0.981 0.015 0.010 0.001 0.000 0.000 0.000 0.001 0.015 0.000 0.000 0.001 0.000 0.001 0.005 0.000 0.000 0.009 0.002 0.000 0.015 0.002 0.012 0.001 0.001 0.000 0.000 0.000 0.003 0.801 0.142 0.040 0.016 0.005 0.002 0.001 0.004 0.013 0.001 0.012 0.000 0.000 0.022 0.000 0.003 0.001 0.000 0.000 0.004 0.000 0.011 0.001 
39 guitar_vis 30 0.003 0.001 0.001 0.005 0.001 0.996 0.001 0.014 0.994 0.001 0.000 0.002 0.000 0.003 0.000 0.010 0.000 0.012 0.003 0.000 0.000 0.000 0.001 0.011 0.001 0.026 0.000 0.001 0.000 0.001 0.000 0.000 0.000 0.000 0.002 0.000 0.000 0.001 0.001 0.000 0.000 0.001 0.001 0.001 0.008 0.025 0.037 0.006 0.033 0.894 0.001 0.018 0.000 0.003 0.000 0.002 0.003 0.001 
40 piano_vis 30 0.005 0.001 0.016 0.001 0.002 0.995 0.032 0.001 0.993 0.006 0.001 0.000 0.000 0.002 0.001 0.000 0.012 0.003 0.000 0.001 0.054 0.000 0.000 0.000 0.001 0.001 0.001 0.000 0.002 0.001 0.001 0.002 0.003 0.000 0.006 0.004 0.048 0.000 0.001 0.000 0.008 0.000 0.001 0.000 0.000 0.001 0.017 0.254 0.005 0.002 0.931 0.003 0.002 0.001 0.000 0.000 0.021 0.019 
41 trumpet_vis 30 0.004 0.000 0.000 0.002 0.002 0.996 0.001 0.275 0.881 0.002 0.000 0.000 0.000 0.000 0.000 0.000 0.001 0.001 0.000 0.000 0.000 0.000 0.001 0.000 0.000 0.031 0.007 0.001 0.000 0.001 0.001 0.011 0.001 0.001 0.001 0.006 0.000 0.086 0.000 0.000 0.592 0.005 0.031 0.003 0.032 0.021 0.000 0.004 0.002 0.002 0.002 0.915 0.000 0.000 0.001 0.003 0.001 0.008 
42 fork_vis 30 0.092 0.000 0.225 0.001 0.065 0.346 0.469 0.003 0.003 0.030 0.000 0.000 0.001 0.000 0.000 0.000 0.152 0.001 0.029 0.010 0.006 0.607 0.001 0.000 0.000 0.001 0.000 0.000 0.001 0.510 0.000 0.103 0.000 0.041 0.913 0.000 0.002 0.001 0.022 0.284 0.008 0.067 0.016 0.001 0.019 0.001 0.002 0.002 0.000 0.001 0.043 0.001 0.478 0.012 0.025 0.003 0.001 0.004 
43 spoon_vis 30 0.005 0.002 0.002 0.001 0.001 0.996 0.002 0.001 0.013 0.993 0.000 0.020 0.001 0.002 0.000 0.001 0.000 0.001 0.021 0.000 0.000 0.090 0.023 0.000 0.000 0.000 0.000 0.000 0.000 0.003 0.001 0.000 0.000 0.010 0.015 0.000 0.002 0.000 0.004 0.003 0.000 0.001 0.003 0.000 0.004 0.001 0.136 0.026 0.001 0.014 0.002 0.000 0.024 0.957 0.102 0.056 0.027 0.050 
44 tongs_vis 30 0.003 0.001 0.000 0.001 0.002 0.996 0.002 0.472 0.001 0.694 0.000 0.025 0.001 0.000 0.000 0.000 0.000 0.000 0.003 0.000 0.000 0.002 0.004 0.000 0.000 0.001 0.000 0.001 0.000 0.001 0.001 0.000 0.000 0.003 0.001 0.001 0.000 0.001 0.001 0.001 0.005 0.088 0.036 0.001 0.521 0.003 0.000 0.000 0.000 0.001 0.000 0.001 0.003 0.000 0.897 0.002 0.000 0.003 
45 ladle_vis 30 0.003 0.001 0.000 0.001 0.001 0.997 0.002 0.138 0.051 0.895 0.000 0.000 0.000 0.000 0.000 0.035 0.000 0.001 0.000 0.000 0.000 0.001 0.009 0.000 0.000 0.000 0.000 0.002 0.000 0.002 0.001 0.000 0.000 0.001 0.006 0.000 0.000 0.008 0.001 0.000 0.225 0.030 0.001 0.033 0.001 0.029 0.000 0.013 0.003 0.098 0.000 0.001 0.001 0.005 0.009 0.963 0.017 0.003 
46 knife_vis 30 0.003 0.008 0.000 0.001 0.000 0.997 0.002 0.001 0.002 0.957 0.000 0.000 0.000 0.013 0.001 0.000 0.000 0.001 0.000 0.000 0.000 0.000 0.000 0.000 0.000 0.000 0.000 0.003 0.000 0.001 0.001 0.000 0.000 0.000 0.002 0.000 0.014 0.001 0.001 0.002 0.001 0.000 0.000 0.020 0.000 0.001 0.000 0.000 0.034 0.002 0.001 0.000 0.000 0.003 0.001 0.037 0.908 0.001 
47 chopsticks_vis 30 0.005 0.003 0.000 0.001 0.007 0.996 0.028 0.007 0.002 0.991 0.000 0.000 0.025 0.000 0.000 0.000 0.002 0.001 0.000 0.000 0.001 0.009 0.002 0.000 0.000 0.000 0.000 0.001 0.000 0.003 0.005 0.000 0.000 0.045 0.011 0.001 0.002 0.007 0.000 0.056 0.027 0.007 0.023 0.003 0.002 0.005 0.000 0.001 0.001 0.001 0.001 0.003 0.136 0.003 0.758 0.019 0.009 0.543 
