0 beaver_vis 30 0.995 0.031 0.949 0.000 0.007 0.001 0.001 0.000 0.001 0.001 0.028 0.000 0.001 0.002 0.002 0.015 0.615 0.000 0.073 0.004 0.007 0.150 0.000 0.000 0.001 0.000 0.000 0.001 0.002 0.003 0.001 0.006 0.001 0.000 0.001 0.001 0.000 0.000 0.001 0.001 0.001 0.000 0.000 0.000 0.000 0.000 0.000 0.001 0.001 0.001 0.000 0.000 0.001 0.000 0.000 0.000 0.001 0.001 
1 bear_vis 30 0.996 0.929 0.044 0.001 0.185 0.001 0.001 0.000 0.001 0.000 0.029 0.002 0.004 0.252 0.001 0.848 0.582 0.000 0.004 0.001 0.150 0.003 0.000 0.001 0.001 0.000 0.000 0.003 0.868 0.001 0.010 0.015 0.001 0.001 0.001 0.001 0.000 0.000 0.024 0.001 0.002 0.000 0.000 0.001 0.000 0.000 0.000 0.003 0.039 0.000 0.000 0.000 0.001 0.000 0.000 0.000 0.000 0.001 
2 sheep_vis 30 0.995 0.007 0.992 0.001 0.001 0.004 0.089 0.001 0.007 0.001 0.001 0.001 0.003 0.002 0.000 0.007 0.972 0.065 0.003 0.002 0.432 0.613 0.000 0.000 0.001 0.001 0.000 0.046 0.003 0.001 0.000 0.001 0.004 0.000 0.006 0.001 0.000 0.003 0.002 0.003 0.005 0.000 0.000 0.001 0.000 0.000 0.002 0.002 0.003 0.000 0.001 0.000 0.001 0.000 0.000 0.000 0.001 0.000 
3 buffalo_vis 30 0.996 0.267 0.014 0.001 0.818 0.001 0.001 0.000 0.002 0.000 0.018 0.001 0.001 0.085 0.000 0.241 0.247 0.000 0.001 0.001 0.036 0.001 0.000 0.003 0.001 0.000 0.000 0.017 0.960 0.001 0.027 0.080 0.001 0.002 0.001 0.001 0.000 0.000 0.009 0.003 0.002 0.000 0.000 0.001 0.000 0.000 0.000 0.007 0.085 0.000 0.000 0.000 0.001 0.000 0.000 0.000 0.000 0.000 
4 poodle_vis 30 0.996 0.024 0.804 0.000 0.009 0.011 0.001 0.000 0.001 0.001 0.002 0.001 0.003 0.003 0.004 0.008 0.386 0.064 0.108 0.001 0.008 0.604 0.000 0.000 0.001 0.000 0.000 0.001 0.002 0.007 0.001 0.004 0.003 0.077 0.000 0.003 0.000 0.000 0.000 0.000 0.002 0.001 0.002 0.000 0.000 0.000 0.000 0.000 0.001 0.006 0.000 0.000 0.001 0.000 0.001 0.001 0.002 0.001 
5 giraffe_vis 30 0.996 0.167 0.012 0.001 0.892 0.001 0.001 0.000 0.001 0.000 0.005 0.001 0.001 0.025 0.001 0.160 0.097 0.000 0.001 0.001 0.025 0.001 0.000 0.003 0.001 0.000 0.000 0.018 0.873 0.002 0.019 0.121 0.002 0.002 0.002 0.001 0.000 0.000 0.002 0.002 0.001 0.000 0.000 0.001 0.000 0.000 0.000 0.002 0.066 0.000 0.000 0.000 0.000 0.000 0.000 0.000 0.000 0.001 
6 robin_vis 30 0.994 0.004 0.993 0.000 0.000 0.011 0.016 0.001 0.003 0.001 0.001 0.000 0.002 0.001 0.000 0.005 0.875 0.029 0.008 0.002 0.015 0.105 0.000 0.000 0.001 0.000 0.000 0.002 0.000 0.001 0.000 0.000 0.000 0.000 0.002 0.001 0.000 0.000 0.010 0.001 0.002 0.001 0.000 0.000 0.000 0.000 0.002 0.001 0.001 0.000 0.001 0.000 0.001 0.000 0.000 0.000 0.001 0.001 
7 swan_vis 30 0.995 0.004 0.994 0.000 0.001 0.001 0.001 0.001 0.001 0.001 0.001 0.000 0.002 0.001 0.001 0.003 0.171 0.002 0.007 0.002 0.075 0.673 0.000 0.000 0.002 0.000 0.000 0.002 0.001 0.004 0.001 0.000 0.001 0.001 0.000 0.001 0.000 0.000 0.000 0.001 0.001 0.001 0.000 0.000 0.000 0.000 0.000 0.001 0.000 0.000 0.000 0.000 0.001 0.000 0.000 0.001 0.000 0.001 
8 woodpecker_vis 30 0.995 0.005 0.994 0.000 0.001 0.002 0.001 0.001 0.001 0.001 0.001 0.000 0.006 0.001 0.001 0.006 0.690 0.004 0.008 0.002 0.231 0.551 0.000 0.000 0.002 0.000 0.000 0.004 0.001 0.031 0.000 0.002 0.002 0.004 0.001 0.001 0.000 0.000 0.001 0.001 0.004 0.002 0.000 0.000 0.000 0.000 0.001 0.001 0.001 0.001 0.001 0.000 0.001 0.000 0.001 0.013 0.001 0.001 
9 peacock_vis 30 0.995 0.004 0.994 0.000 0.003 0.001 0.001 0.001 0.001 0.001 0.001 0.001 0.001 0.001 0.001 0.008 0.645 0.001 0.007 0.001 0.496 0.904 0.000 0.000 0.003 0.000 0.000 0.014 0.001 0.024 0.001 0.002 0.001 0.001 0.001 0.001 0.000 0.001 0.000 0.001 0.003 0.001 0.000 0.000 0.000 0.000 0.000 0.000 0.001 0.000 0.000 0.000 0.001 0.000 0.000 0.001 0.001 0.001 
10 crow_vis 30 0.995 0.005 0.994 0.001 0.005 0.001 0.001 0.001 0.001 0.000 0.001 0.001 0.001 0.002 0.001 0.007 0.749 0.001 0.001 0.001 0.752 0.643 0.000 0.000 0.002 0.000 0.000 0.078 0.001 0.021 0.001 0.003 0.001 0.000 0.001 0.001 0.000 0.001 0.000 0.001 0.021 0.004 0.000 0.000 0.000 0.000 0.000 0.001 0.001 0.000 0.000 0.000 0.001 0.000 0.000 0.000 0.001 0.000 
11 eagle_vis 30 0.994 0.004 0.993 0.001 0.001 0.004 0.001 0.002 0.001 0.001 0.001 0.000 0.024 0.001 0.001 0.004 0.317 0.006 0.001 0.001 0.481 0.946 0.001 0.000 0.003 0.000 0.000 0.025 0.001 0.018 0.000 0.003 0.004 0.004 0.000 0.001 0.000 0.001 0.000 0.001 0.010 0.013 0.000 0.000 0.000 0.000 0.001 0.001 0.001 0.001 0.001 0.000 0.001 0.000 0.001 0.142 0.001 0.001 
12 tuna_vis 30 0.995 0.989 0.002 0.010 0.003 0.001 0.001 0.001 0.001 0.001 0.329 0.312 0.077 0.166 0.013 0.010 0.001 0.008 0.060 0.002 0.001 0.028 0.002 0.044 0.007 0.022 0.026 0.001 0.002 0.001 0.001 0.001 0.001 0.008 0.000 0.001 0.000 0.000 0.001 0.000 0.001 0.001 0.001 0.006 0.001 0.001 0.000 0.001 0.000 0.001 0.001 0.001 0.002 0.000 0.001 0.003 0.000 0.001 
13 goldfish_vis 30 0.995 0.047 0.002 0.015 0.975 0.001 0.001 0.001 0.001 0.000 0.002 0.005 0.001 0.006 0.001 0.087 0.004 0.000 0.017 0.001 0.002 0.001 0.001 0.048 0.001 0.000 0.007 0.003 0.017 0.006 0.954 0.023 0.002 0.052 0.004 0.001 0.001 0.002 0.002 0.087 0.001 0.001 0.000 0.005 0.000 0.000 0.000 0.001 0.011 0.000 0.000 0.001 0.001 0.000 0.000 0.000 0.001 0.001 
14 salmon_vis 30 0.995 0.029 0.990 0.018 0.173 0.001 0.027 0.001 0.002 0.000 0.001 0.034 0.002 0.001 0.000 0.896 0.201 0.002 0.564 0.008 0.941 0.008 0.001 0.000 0.768 0.002 0.000 0.001 0.000 0.837 0.006 0.005 0.001 0.001 0.927 0.002 0.001 0.000 0.025 0.004 0.001 0.000 0.000 0.001 0.001 0.000 0.001 0.001 0.175 0.000 0.001 0.000 0.001 0.001 0.000 0.000 0.001 0.001 
15 sardine_vis 30 0.995 0.030 0.090 0.841 0.006 0.002 0.009 0.001 0.005 0.000 0.004 0.003 0.061 0.027 0.000 0.001 0.009 0.038 0.006 0.003 0.129 0.001 0.001 0.002 0.039 0.102 0.001 0.776 0.034 0.000 0.001 0.000 0.001 0.000 0.001 0.001 0.000 0.001 0.024 0.001 0.004 0.001 0.000 0.005 0.000 0.000 0.002 0.004 0.009 0.000 0.001 0.001 0.001 0.000 0.000 0.000 0.000 0.000 
16 catfish_vis 30 0.995 0.067 0.002 0.010 0.957 0.001 0.001 0.001 0.001 0.000 0.002 0.005 0.001 0.004 0.001 0.089 0.004 0.000 0.020 0.001 0.001 0.001 0.001 0.017 0.001 0.000 0.008 0.001 0.012 0.004 0.920 0.014 0.001 0.033 0.003 0.001 0.001 0.001 0.003 0.076 0.001 0.000 0.000 0.004 0.000 0.000 0.000 0.001 0.010 0.000 0.001 0.001 0.001 0.000 0.000 0.000 0.000 0.001 
17 cod_vis 30 0.995 0.007 0.010 0.018 0.656 0.001 0.001 0.001 0.001 0.000 0.002 0.001 0.001 0.007 0.000 0.006 0.011 0.000 0.001 0.001 0.019 0.001 0.001 0.004 0.001 0.001 0.000 0.073 0.606 0.001 0.004 0.008 0.002 0.009 0.001 0.001 0.000 0.001 0.003 0.001 0.003 0.001 0.000 0.002 0.000 0.000 0.000 0.002 0.009 0.000 0.001 0.000 0.001 0.000 0.000 0.000 0.000 0.000 
18 turtle_vis 30 0.994 0.014 0.001 0.003 0.961 0.001 0.001 0.001 0.001 0.001 0.003 0.000 0.001 0.013 0.001 0.005 0.006 0.000 0.000 0.000 0.002 0.001 0.001 0.009 0.000 0.000 0.001 0.022 0.900 0.001 0.008 0.041 0.007 0.023 0.000 0.001 0.000 0.001 0.001 0.001 0.002 0.001 0.000 0.001 0.000 0.000 0.000 0.002 0.009 0.001 0.000 0.000 0.000 0.000 0.001 0.001 0.001 0.001 
19 rattlesnake_vis 30 0.993 0.001 0.003 0.053 0.974 0.002 0.001 0.001 0.001 0.001 0.000 0.000 0.001 0.001 0.002 0.001 0.001 0.000 0.004 0.000 0.003 0.001 0.077 0.001 0.001 0.000 0.000 0.001 0.001 0.962 0.001 0.015 0.025 0.088 0.038 0.001 0.001 0.001 0.000 0.000 0.001 0.001 0.000 0.000 0.000 0.000 0.000 0.000 0.001 0.009 0.000 0.000 0.000 0.001 0.002 0.001 0.003 0.002 
20 crab_vis 30 0.995 0.028 0.001 0.005 0.959 0.001 0.001 0.001 0.001 0.001 0.002 0.001 0.001 0.007 0.001 0.016 0.003 0.000 0.002 0.000 0.001 0.002 0.001 0.020 0.000 0.000 0.004 0.003 0.199 0.004 0.168 0.022 0.007 0.135 0.000 0.001 0.000 0.001 0.001 0.002 0.001 0.001 0.001 0.001 0.000 0.000 0.000 0.001 0.004 0.001 0.000 0.000 0.000 0.000 0.001 0.001 0.001 0.001 
21 frog_vis 30 0.995 0.004 0.001 0.002 0.983 0.001 0.001 0.001 0.001 0.001 0.000 0.000 0.001 0.002 0.001 0.002 0.002 0.000 0.000 0.000 0.003 0.000 0.001 0.002 0.000 0.000 0.000 0.004 0.088 0.024 0.001 0.911 0.013 0.001 0.022 0.001 0.000 0.001 0.000 0.000 0.001 0.001 0.000 0.000 0.000 0.000 0.000 0.001 0.030 0.036 0.000 0.000 0.000 0.000 0.000 0.001 0.001 0.001 
22 gecko_vis 30 0.994 0.002 0.010 0.049 0.840 0.004 0.001 0.001 0.001 0.001 0.000 0.000 0.001 0.001 0.001 0.001 0.001 0.004 0.000 0.000 0.016 0.002 0.003 0.003 0.001 0.000 0.001 0.004 0.001 0.025 0.001 0.004 0.835 0.082 0.004 0.241 0.000 0.003 0.000 0.000 0.001 0.001 0.001 0.000 0.000 0.000 0.000 0.000 0.001 0.001 0.000 0.000 0.000 0.000 0.115 0.002 0.002 0.002 
23 crocodile_vis 30 0.994 0.001 0.002 0.019 0.933 0.008 0.001 0.001 0.001 0.003 0.000 0.000 0.001 0.001 0.001 0.001 0.001 0.001 0.000 0.000 0.008 0.001 0.005 0.001 0.000 0.000 0.000 0.006 0.001 0.026 0.001 0.007 0.932 0.012 0.007 0.043 0.000 0.002 0.000 0.000 0.001 0.001 0.000 0.000 0.000 0.000 0.000 0.000 0.001 0.001 0.000 0.000 0.000 0.000 0.023 0.002 0.005 0.005 
24 axe_vis 30 0.004 0.001 0.005 0.000 0.000 0.994 0.992 0.001 0.004 0.002 0.000 0.001 0.001 0.000 0.000 0.001 0.008 0.008 0.000 0.001 0.001 0.000 0.000 0.000 0.000 0.000 0.000 0.000 0.000 0.000 0.001 0.000 0.000 0.000 0.152 0.007 0.816 0.112 0.001 0.865 0.001 0.000 0.000 0.004 0.001 0.000 0.000 0.000 0.019 0.000 0.002 0.001 0.005 0.004 0.001 0.000 0.184 0.002 
25 hammer_vis 30 0.004 0.001 0.017 0.000 0.000 0.995 0.931 0.001 0.001 0.010 0.000 0.000 0.001 0.000 0.000 0.000 0.018 0.001 0.001 0.000 0.001 0.001 0.000 0.000 0.000 0.000 0.000 0.000 0.000 0.000 0.000 0.000 0.001 0.000 0.001 0.953 0.001 0.026 0.016 0.008 0.027 0.000 0.005 0.001 0.001 0.000 0.000 0.000 0.000 0.000 0.001 0.000 0.002 0.000 0.005 0.001 0.001 0.002 
26 screwdriver_vis 30 0.002 0.001 0.002 0.000 0.000 0.985 0.977 0.001 0.001 0.025 0.000 0.000 0.001 0.001 0.000 0.000 0.003 0.047 0.000 0.001 0.001 0.000 0.000 0.000 0.000 0.001 0.000 0.000 0.000 0.000 0.000 0.000 0.000 0.000 0.002 0.012 0.918 0.035 0.000 0.306 0.001 0.001 0.000 0.002 0.001 0.000 0.000 0.000 0.002 0.000 0.001 0.006 0.027 0.001 0.003 0.001 0.016 0.013 
27 chisel_vis 30 0.002 0.001 0.003 0.000 0.000 0.995 0.992 0.001 0.001 0.006 0.000 0.000 0.000 0.000 0.000 0.000 0.004 0.002 0.000 0.001 0.001 0.001 0.000 0.000 0.000 0.000 0.000 0.000 0.000 0.000 0.001 0.000 0.000 0.000 0.001 0.011 0.151 0.811 0.000 0.235 0.001 0.000 0.001 0.048 0.001 0.000 0.000 0.000 0.001 0.000 0.001 0.001 0.005 0.000 0.002 0.001 0.029 0.004 
28 saw_vis 30 0.023 0.001 0.504 0.000 0.000 0.989 0.979 0.001 0.001 0.002 0.000 0.000 0.001 0.000 0.000 0.001 0.568 0.087 0.146 0.001 0.001 0.001 0.000 0.000 0.001 0.000 0.000 0.000 0.000 0.000 0.001 0.000 0.000 0.000 0.002 0.012 0.001 0.003 0.244 0.038 0.001 0.000 0.001 0.001 0.001 0.000 0.000 0.001 0.001 0.000 0.001 0.000 0.027 0.000 0.001 0.001 0.001 0.001 
29 drill_vis 30 0.002 0.001 0.011 0.000 0.000 0.994 0.993 0.001 0.003 0.001 0.001 0.000 0.001 0.000 0.000 0.000 0.085 0.011 0.001 0.001 0.001 0.000 0.000 0.000 0.000 0.000 0.000 0.000 0.000 0.000 0.001 0.000 0.000 0.000 0.002 0.006 0.091 0.061 0.006 0.976 0.001 0.000 0.001 0.015 0.001 0.000 0.000 0.000 0.003 0.000 0.001 0.001 0.019 0.000 0.001 0.001 0.039 0.001 
30 clamp_vis 30 0.007 0.001 0.002 0.001 0.157 0.989 0.005 0.942 0.001 0.002 0.002 0.000 0.004 0.001 0.000 0.095 0.032 0.000 0.002 0.000 0.014 0.053 0.001 0.000 0.001 0.000 0.001 0.025 0.008 0.000 0.294 0.006 0.003 0.004 0.000 0.002 0.001 0.225 0.005 0.006 0.548 0.001 0.023 0.013 0.003 0.002 0.001 0.002 0.001 0.000 0.001 0.001 0.002 0.000 0.002 0.002 0.241 0.001 
31 hoe_vis 30 0.003 0.001 0.001 0.005 0.001 0.995 0.001 0.992 0.003 0.002 0.002 0.001 0.001 0.001 0.009 0.000 0.000 0.000 0.000 0.002 0.003 0.001 0.010 0.000 0.000 0.000 0.001 0.125 0.000 0.001 0.000 0.007 0.000 0.000 0.000 0.001 0.002 0.012 0.000 0.000 0.006 0.953 0.001 0.074 0.040 0.101 0.101 0.000 0.013 0.001 0.001 0.001 0.001 0.001 0.004 0.026 0.009 0.001 
32 rake_vis 30 0.001 0.001 0.002 0.001 0.016 0.988 0.001 0.965 0.001 0.008 0.001 0.000 0.009 0.001 0.000 0.007 0.002 0.000 0.041 0.001 0.002 0.044 0.001 0.000 0.001 0.000 0.010 0.001 0.000 0.001 0.006 0.000 0.001 0.107 0.000 0.004 0.001 0.003 0.004 0.001 0.038 0.001 0.954 0.002 0.012 0.011 0.000 0.006 0.001 0.000 0.001 0.001 0.001 0.000 0.014 0.002 0.001 0.008 
33 shovel_vis 30 0.001 0.001 0.001 0.002 0.001 0.995 0.001 0.988 0.004 0.002 0.002 0.000 0.004 0.001 0.000 0.001 0.001 0.000 0.000 0.000 0.007 0.001 0.001 0.000 0.001 0.000 0.002 0.035 0.000 0.000 0.001 0.000 0.000 0.000 0.000 0.001 0.001 0.029 0.000 0.000 0.008 0.010 0.006 0.685 0.003 0.219 0.001 0.000 0.018 0.000 0.001 0.006 0.002 0.000 0.009 0.003 0.009 0.001 
34 spade_vis 30 0.005 0.001 0.001 0.014 0.000 0.995 0.002 0.992 0.001 0.013 0.001 0.010 0.003 0.001 0.046 0.000 0.000 0.000 0.000 0.004 0.002 0.003 0.045 0.000 0.001 0.000 0.013 0.005 0.000 0.001 0.001 0.006 0.000 0.000 0.000 0.001 0.284 0.052 0.000 0.000 0.003 0.841 0.020 0.080 0.923 0.026 0.011 0.001 0.008 0.000 0.009 0.001 0.001 0.001 0.035 0.016 0.026 0.001 
35 wrench_vis 30 0.002 0.001 0.001 0.005 0.000 0.995 0.001 0.991 0.005 0.003 0.002 0.000 0.008 0.001 0.003 0.000 0.000 0.000 0.000 0.001 0.003 0.001 0.009 0.000 0.000 0.000 0.002 0.085 0.000 0.000 0.000 0.004 0.000 0.000 0.000 0.001 0.002 0.008 0.000 0.000 0.004 0.811 0.003 0.055 0.022 0.336 0.070 0.000 0.011 0.001 0.001 0.007 0.002 0.001 0.009 0.024 0.007 0.001 
36 accordion_vis 30 0.115 0.153 0.009 0.001 0.001 0.989 0.002 0.004 0.918 0.001 0.007 0.005 0.006 0.001 0.022 0.436 0.037 0.000 0.058 0.002 0.020 0.000 0.002 0.000 0.000 0.002 0.000 0.003 0.000 0.001 0.000 0.045 0.000 0.000 0.011 0.001 0.000 0.001 0.000 0.001 0.005 0.002 0.000 0.001 0.001 0.001 0.754 0.008 0.011 0.002 0.008 0.001 0.002 0.010 0.000 0.001 0.002 0.001 
37 cello_vis 30 0.002 0.001 0.001 0.001 0.002 0.966 0.002 0.005 0.972 0.001 0.083 0.001 0.003 0.001 0.003 0.001 0.011 0.000 0.009 0.006 0.001 0.000 0.010 0.000 0.000 0.045 0.004 0.004 0.003 0.001 0.000 0.002 0.000 0.000 0.001 0.002 0.000 0.000 0.002 0.002 0.021 0.003 0.001 0.001 0.001 0.007 0.430 0.547 0.006 0.025 0.018 0.008 0.018 0.001 0.001 0.001 0.000 0.001 
38 flute_vis 30 0.005 0.001 0.001 0.001 0.001 0.995 0.964 0.001 0.011 0.001 0.000 0.001 0.001 0.001 0.000 0.000 0.001 0.000 0.000 0.001 0.001 0.000 0.001 0.000 0.000 0.000 0.000 0.000 0.000 0.000 0.000 0.000 0.001 0.000 0.936 0.001 0.017 0.002 0.005 0.003 0.001 0.001 0.000 0.001 0.001 0.000 0.001 0.001 0.024 0.001 0.003 0.001 0.001 0.007 0.001 0.001 0.042 0.001 
39 guitar_vis 30 0.002 0.001 0.001 0.001 0.011 0.995 0.001 0.002 0.990 0.003 0.001 0.001 0.001 0.001 0.004 0.001 0.001 0.000 0.000 0.001 0.003 0.000 0.008 0.000 0.000 0.002 0.001 0.001 0.001 0.028 0.000 0.018 0.000 0.000 0.001 0.001 0.000 0.000 0.000 0.001 0.001 0.004 0.000 0.001 0.001 0.036 0.120 0.007 0.014 0.800 0.004 0.004 0.001 0.003 0.001 0.001 0.079 0.001 
40 piano_vis 30 0.071 0.039 0.373 0.001 0.000 0.994 0.003 0.014 0.955 0.002 0.083 0.004 0.021 0.001 0.054 0.077 0.323 0.007 0.303 0.016 0.007 0.000 0.001 0.000 0.001 0.002 0.000 0.001 0.000 0.001 0.000 0.001 0.000 0.000 0.003 0.001 0.000 0.000 0.001 0.001 0.011 0.003 0.000 0.001 0.002 0.000 0.983 0.011 0.005 0.001 0.034 0.001 0.042 0.006 0.000 0.001 0.000 0.001 
41 trumpet_vis 30 0.001 0.001 0.001 0.001 0.020 0.995 0.001 0.003 0.991 0.010 0.017 0.001 0.002 0.001 0.001 0.003 0.003 0.000 0.006 0.003 0.001 0.000 0.001 0.000 0.000 0.038 0.007 0.001 0.005 0.001 0.001 0.000 0.000 0.003 0.000 0.002 0.001 0.001 0.000 0.008 0.001 0.001 0.013 0.046 0.001 0.047 0.001 0.009 0.015 0.041 0.106 0.957 0.014 0.000 0.017 0.001 0.009 0.003 
42 fork_vis 30 0.002 0.007 0.001 0.001 0.001 0.995 0.008 0.001 0.019 0.922 0.002 0.001 0.003 0.024 0.002 0.000 0.002 0.007 0.000 0.001 0.001 0.000 0.006 0.000 0.000 0.005 0.031 0.003 0.001 0.000 0.000 0.002 0.009 0.000 0.002 0.001 0.003 0.001 0.003 0.001 0.007 0.002 0.000 0.001 0.001 0.002 0.010 0.020 0.001 0.003 0.001 0.003 0.678 0.347 0.001 0.038 0.002 0.005 
43 spoon_vis 30 0.005 0.004 0.001 0.000 0.001 0.995 0.003 0.001 0.013 0.974 0.000 0.002 0.001 0.002 0.007 0.000 0.001 0.003 0.000 0.000 0.001 0.000 0.084 0.000 0.000 0.000 0.004 0.002 0.000 0.000 0.000 0.065 0.017 0.000 0.053 0.001 0.004 0.002 0.000 0.000 0.001 0.003 0.000 0.000 0.000 0.002 0.129 0.001 0.001 0.019 0.000 0.000 0.037 0.973 0.001 0.105 0.014 0.002 
44 tongs_vis 30 0.001 0.001 0.001 0.000 0.001 0.995 0.005 0.004 0.001 0.992 0.000 0.000 0.001 0.001 0.000 0.000 0.004 0.001 0.000 0.000 0.001 0.005 0.001 0.000 0.000 0.000 0.000 0.000 0.000 0.000 0.001 0.000 0.012 0.000 0.000 0.013 0.011 0.081 0.000 0.001 0.001 0.001 0.017 0.013 0.001 0.003 0.000 0.000 0.001 0.001 0.001 0.003 0.040 0.000 0.915 0.006 0.125 0.090 
45 ladle_vis 30 0.006 0.001 0.001 0.000 0.001 0.995 0.001 0.003 0.001 0.990 0.000 0.000 0.000 0.001 0.063 0.000 0.001 0.002 0.000 0.000 0.001 0.000 0.018 0.000 0.000 0.000 0.001 0.001 0.000 0.000 0.000 0.008 0.006 0.000 0.000 0.001 0.003 0.010 0.000 0.000 0.001 0.013 0.000 0.000 0.001 0.005 0.001 0.000 0.001 0.006 0.000 0.000 0.040 0.311 0.003 0.731 0.028 0.002 
46 knife_vis 30 0.002 0.001 0.001 0.000 0.003 0.995 0.002 0.000 0.005 0.991 0.000 0.000 0.000 0.001 0.008 0.000 0.002 0.000 0.000 0.000 0.001 0.000 0.001 0.000 0.000 0.000 0.000 0.000 0.000 0.000 0.000 0.007 0.006 0.000 0.001 0.001 0.002 0.001 0.000 0.001 0.001 0.001 0.000 0.000 0.000 0.001 0.000 0.000 0.001 0.022 0.000 0.001 0.002 0.045 0.002 0.003 0.923 0.011 
47 chopsticks_vis 30 0.002 0.014 0.001 0.000 0.019 0.993 0.005 0.001 0.002 0.993 0.001 0.000 0.000 0.001 0.006 0.002 0.012 0.001 0.002 0.000 0.001 0.000 0.001 0.000 0.000 0.000 0.127 0.000 0.001 0.000 0.013 0.000 0.005 0.001 0.001 0.002 0.006 0.002 0.046 0.016 0.001 0.001 0.007 0.000 0.000 0.000 0.000 0.002 0.001 0.002 0.075 0.002 0.038 0.003 0.005 0.002 0.044 0.944 
