0 beaver_vis 30 0.996 0.982 0.008 0.002 0.001 0.003 0.001 0.001 0.001 0.003 0.917 0.083 0.010 0.000 0.099 0.001 0.011 0.013 0.002 0.000 0.001 0.000 0.001 0.001 0.000 0.001 0.002 0.000 0.000 0.002 0.000 0.002 0.000 0.001 0.001 0.003 0.001 0.001 0.002 0.001 0.001 0.001 0.001 0.001 0.001 0.000 0.000 0.001 0.002 0.001 0.001 0.001 0.008 0.000 0.031 0.001 0.001 0.180 
1 bear_vis 30 0.996 0.974 0.008 0.003 0.001 0.001 0.001 0.001 0.001 0.002 0.001 0.942 0.072 0.100 0.001 0.027 0.004 0.001 0.004 0.001 0.007 0.000 0.104 0.018 0.001 0.002 0.001 0.001 0.000 0.001 0.001 0.001 0.003 0.001 0.001 0.001 0.001 0.001 0.001 0.001 0.000 0.001 0.001 0.001 0.000 0.000 0.003 0.001 0.004 0.014 0.001 0.001 0.000 0.117 0.001 0.001 0.056 0.009 
2 sheep_vis 30 0.996 0.990 0.007 0.001 0.001 0.002 0.001 0.001 0.001 0.002 0.024 0.010 0.975 0.024 0.042 0.001 0.042 0.008 0.001 0.000 0.004 0.001 0.001 0.001 0.002 0.001 0.002 0.100 0.001 0.001 0.073 0.001 0.001 0.023 0.001 0.002 0.001 0.037 0.001 0.000 0.001 0.001 0.001 0.001 0.000 0.000 0.001 0.001 0.001 0.000 0.001 0.001 0.011 0.000 0.001 0.001 0.002 0.006 
3 buffalo_vis 30 0.996 0.990 0.015 0.031 0.001 0.001 0.001 0.001 0.001 0.002 0.032 0.073 0.085 0.978 0.018 0.034 0.082 0.003 0.035 0.000 0.050 0.022 0.002 0.053 0.009 0.002 0.071 0.006 0.001 0.013 0.003 0.001 0.001 0.000 0.001 0.001 0.033 0.001 0.001 0.000 0.000 0.000 0.001 0.001 0.000 0.000 0.001 0.000 0.001 0.000 0.001 0.001 0.001 0.003 0.001 0.037 0.056 0.001 
4 poodle_vis 30 0.995 0.989 0.003 0.001 0.001 0.002 0.001 0.001 0.001 0.002 0.012 0.023 0.018 0.001 0.814 0.106 0.004 0.002 0.001 0.007 0.001 0.001 0.001 0.090 0.000 0.003 0.001 0.000 0.000 0.002 0.001 0.014 0.001 0.009 0.001 0.001 0.001 0.001 0.001 0.008 0.001 0.001 0.001 0.001 0.000 0.000 0.001 0.001 0.001 0.000 0.001 0.001 0.005 0.001 0.001 0.001 0.001 0.023 
5 giraffe_vis 30 0.996 0.987 0.034 0.006 0.001 0.001 0.001 0.001 0.001 0.001 0.012 0.228 0.009 0.062 0.062 0.959 0.064 0.001 0.003 0.167 0.002 0.003 0.001 0.077 0.001 0.075 0.001 0.001 0.000 0.001 0.001 0.002 0.001 0.001 0.000 0.001 0.001 0.001 0.001 0.001 0.000 0.001 0.001 0.001 0.000 0.000 0.002 0.000 0.001 0.001 0.001 0.001 0.001 0.127 0.001 0.001 0.028 0.001 
6 robin_vis 30 0.979 0.003 0.985 0.001 0.001 0.545 0.001 0.001 0.003 0.151 0.039 0.003 0.011 0.003 0.001 0.001 0.985 0.007 0.211 0.001 0.004 0.020 0.001 0.000 0.001 0.001 0.001 0.022 0.001 0.006 0.001 0.001 0.002 0.001 0.001 0.001 0.001 0.001 0.016 0.000 0.000 0.111 0.079 0.001 0.000 0.000 0.002 0.001 0.001 0.001 0.003 0.005 0.093 0.044 0.001 0.002 0.465 0.002 
7 swan_vis 30 0.995 0.031 0.991 0.001 0.182 0.552 0.001 0.001 0.001 0.001 0.001 0.000 0.071 0.001 0.010 0.002 0.038 0.987 0.001 0.011 0.004 0.009 0.000 0.000 0.001 0.001 0.001 0.000 0.005 0.001 0.283 0.002 0.001 0.921 0.001 0.000 0.001 0.001 0.001 0.000 0.151 0.001 0.001 0.004 0.000 0.000 0.006 0.002 0.006 0.000 0.009 0.624 0.715 0.000 0.005 0.001 0.001 0.000 
8 woodpecker_vis 30 0.990 0.002 0.993 0.001 0.001 0.008 0.001 0.001 0.002 0.059 0.012 0.060 0.002 0.001 0.000 0.002 0.173 0.085 0.917 0.219 0.015 0.002 0.018 0.000 0.001 0.001 0.001 0.000 0.001 0.001 0.000 0.004 0.004 0.000 0.001 0.001 0.001 0.001 0.001 0.001 0.001 0.003 0.016 0.001 0.001 0.001 0.001 0.003 0.001 0.004 0.001 0.001 0.000 0.101 0.059 0.002 0.007 0.011 
9 peacock_vis 30 0.949 0.001 0.970 0.001 0.001 0.020 0.001 0.002 0.003 0.025 0.000 0.001 0.001 0.000 0.000 0.012 0.001 0.043 0.022 0.979 0.010 0.004 0.001 0.000 0.001 0.081 0.001 0.000 0.001 0.001 0.000 0.201 0.001 0.001 0.001 0.001 0.001 0.000 0.001 0.001 0.001 0.001 0.002 0.001 0.001 0.002 0.004 0.027 0.001 0.000 0.001 0.002 0.000 0.022 0.074 0.004 0.001 0.001 
10 crow_vis 30 0.989 0.002 0.966 0.001 0.002 0.002 0.001 0.001 0.001 0.003 0.000 0.001 0.010 0.012 0.001 0.006 0.008 0.017 0.009 0.056 0.806 0.002 0.001 0.000 0.001 0.014 0.001 0.000 0.001 0.001 0.002 0.008 0.072 0.001 0.001 0.000 0.003 0.001 0.001 0.001 0.000 0.001 0.001 0.001 0.000 0.001 0.008 0.001 0.001 0.000 0.002 0.001 0.000 0.001 0.001 0.005 0.003 0.000 
11 eagle_vis 30 0.995 0.002 0.955 0.001 0.016 0.009 0.001 0.001 0.001 0.002 0.001 0.000 0.009 0.000 0.001 0.001 0.029 0.761 0.001 0.003 0.004 0.149 0.000 0.000 0.001 0.001 0.001 0.000 0.039 0.001 0.001 0.004 0.001 0.012 0.001 0.000 0.001 0.001 0.001 0.001 0.012 0.001 0.001 0.006 0.001 0.000 0.001 0.002 0.001 0.000 0.003 0.006 0.123 0.000 0.015 0.003 0.000 0.001 
12 tuna_vis 30 0.995 0.001 0.005 0.984 0.003 0.002 0.001 0.029 0.008 0.001 0.001 0.006 0.001 0.001 0.000 0.000 0.000 0.001 0.031 0.001 0.003 0.000 0.869 0.001 0.018 0.017 0.004 0.009 0.001 0.001 0.002 0.001 0.021 0.001 0.002 0.001 0.001 0.001 0.001 0.001 0.001 0.113 0.008 0.001 0.003 0.092 0.001 0.002 0.085 0.022 0.001 0.002 0.000 0.000 0.001 0.001 0.001 0.000 
13 goldfish_vis 30 0.996 0.002 0.001 0.938 0.096 0.001 0.001 0.001 0.001 0.001 0.001 0.001 0.002 0.005 0.001 0.000 0.000 0.001 0.001 0.000 0.002 0.000 0.002 0.093 0.014 0.003 0.015 0.102 0.007 0.009 0.029 0.001 0.002 0.003 0.002 0.004 0.001 0.001 0.001 0.001 0.001 0.001 0.001 0.001 0.001 0.001 0.001 0.001 0.001 0.001 0.001 0.001 0.000 0.000 0.001 0.000 0.000 0.000 
14 salmon_vis 30 0.995 0.001 0.012 0.984 0.008 0.001 0.001 0.070 0.010 0.001 0.001 0.007 0.003 0.002 0.000 0.000 0.000 0.001 0.015 0.000 0.006 0.000 0.948 0.001 0.055 0.005 0.003 0.141 0.002 0.001 0.012 0.001 0.040 0.005 0.003 0.001 0.002 0.002 0.001 0.001 0.001 0.304 0.002 0.001 0.005 0.120 0.001 0.001 0.298 0.023 0.001 0.002 0.000 0.000 0.001 0.001 0.001 0.000 
15 sardine_vis 30 0.995 0.001 0.062 0.992 0.019 0.001 0.001 0.029 0.050 0.001 0.001 0.411 0.021 0.002 0.000 0.000 0.001 0.001 0.279 0.000 0.005 0.000 0.979 0.001 0.100 0.016 0.002 0.883 0.001 0.001 0.053 0.001 0.323 0.001 0.002 0.003 0.002 0.001 0.001 0.001 0.001 0.035 0.195 0.001 0.009 0.007 0.001 0.001 0.095 0.300 0.001 0.007 0.000 0.001 0.001 0.001 0.001 0.000 
16 catfish_vis 30 0.996 0.020 0.001 0.968 0.030 0.001 0.001 0.001 0.001 0.001 0.104 0.001 0.001 0.004 0.002 0.000 0.000 0.034 0.002 0.000 0.018 0.001 0.004 0.022 0.008 0.004 0.978 0.001 0.054 0.004 0.024 0.022 0.001 0.001 0.016 0.007 0.002 0.001 0.001 0.001 0.020 0.001 0.001 0.002 0.001 0.001 0.000 0.009 0.001 0.000 0.001 0.001 0.000 0.000 0.006 0.002 0.000 0.000 
17 cod_vis 30 0.993 0.001 0.022 0.098 0.289 0.001 0.001 0.015 0.006 0.001 0.000 0.002 0.002 0.001 0.000 0.000 0.001 0.001 0.006 0.001 0.004 0.000 0.028 0.001 0.004 0.004 0.001 0.113 0.001 0.001 0.003 0.001 0.536 0.003 0.001 0.001 0.002 0.001 0.001 0.001 0.001 0.068 0.001 0.001 0.002 0.001 0.001 0.001 0.005 0.004 0.001 0.001 0.000 0.000 0.001 0.001 0.001 0.000 
18 turtle_vis 30 0.996 0.001 0.042 0.007 0.986 0.001 0.001 0.001 0.001 0.001 0.001 0.000 0.004 0.001 0.001 0.000 0.001 0.080 0.031 0.000 0.006 0.110 0.000 0.001 0.091 0.001 0.019 0.007 0.977 0.041 0.041 0.019 0.002 0.067 0.040 0.004 0.001 0.001 0.001 0.001 0.005 0.000 0.002 0.101 0.001 0.000 0.001 0.000 0.001 0.000 0.009 0.001 0.002 0.000 0.001 0.000 0.000 0.000 
19 rattlesnake_vis 30 0.010 0.003 0.001 0.002 0.025 0.980 0.988 0.002 0.009 0.002 0.001 0.001 0.002 0.001 0.047 0.000 0.001 0.001 0.001 0.000 0.003 0.000 0.001 0.024 0.000 0.001 0.023 0.014 0.015 0.129 0.000 0.034 0.002 0.007 0.983 0.019 0.020 0.008 0.001 0.010 0.004 0.001 0.001 0.001 0.022 0.001 0.001 0.001 0.016 0.005 0.007 0.001 0.003 0.000 0.001 0.004 0.001 0.051 
20 crab_vis 30 0.995 0.001 0.040 0.002 0.993 0.001 0.001 0.002 0.001 0.001 0.000 0.001 0.169 0.001 0.001 0.000 0.001 0.007 0.003 0.000 0.015 0.001 0.001 0.001 0.018 0.001 0.002 0.044 0.538 0.003 0.881 0.010 0.027 0.333 0.069 0.002 0.001 0.007 0.001 0.001 0.032 0.001 0.001 0.008 0.001 0.001 0.001 0.000 0.002 0.000 0.001 0.001 0.001 0.000 0.001 0.000 0.000 0.001 
21 frog_vis 30 0.995 0.001 0.051 0.002 0.842 0.002 0.002 0.001 0.001 0.008 0.000 0.001 0.001 0.000 0.002 0.000 0.001 0.003 0.007 0.054 0.004 0.000 0.001 0.001 0.001 0.001 0.002 0.001 0.006 0.115 0.002 0.226 0.101 0.006 0.004 0.002 0.002 0.001 0.001 0.053 0.001 0.003 0.001 0.001 0.003 0.000 0.024 0.001 0.001 0.001 0.001 0.001 0.004 0.001 0.001 0.001 0.001 0.007 
22 gecko_vis 30 0.988 0.001 0.002 0.003 0.976 0.003 0.003 0.004 0.008 0.001 0.000 0.001 0.002 0.001 0.001 0.000 0.001 0.001 0.001 0.001 0.007 0.000 0.003 0.001 0.001 0.003 0.001 0.007 0.001 0.007 0.001 0.021 0.951 0.009 0.004 0.001 0.005 0.002 0.001 0.006 0.001 0.010 0.001 0.001 0.004 0.001 0.004 0.001 0.007 0.006 0.001 0.001 0.000 0.000 0.001 0.001 0.001 0.001 
23 crocodile_vis 30 0.995 0.001 0.002 0.002 0.993 0.004 0.003 0.082 0.002 0.001 0.000 0.001 0.005 0.000 0.001 0.000 0.001 0.001 0.001 0.001 0.002 0.000 0.001 0.001 0.001 0.001 0.001 0.008 0.009 0.032 0.046 0.011 0.066 0.974 0.008 0.002 0.001 0.002 0.001 0.006 0.007 0.052 0.001 0.001 0.023 0.001 0.001 0.001 0.052 0.002 0.001 0.001 0.001 0.000 0.001 0.001 0.000 0.001 
24 axe_vis 30 0.004 0.001 0.001 0.002 0.019 0.994 0.993 0.002 0.004 0.002 0.001 0.001 0.001 0.000 0.003 0.000 0.000 0.001 0.000 0.000 0.001 0.000 0.001 0.022 0.000 0.001 0.002 0.003 0.002 0.076 0.000 0.004 0.002 0.003 0.010 0.004 0.039 0.012 0.009 0.944 0.001 0.001 0.001 0.002 0.183 0.000 0.001 0.001 0.001 0.008 0.002 0.001 0.003 0.000 0.001 0.001 0.001 0.016 
25 hammer_vis 30 0.002 0.001 0.001 0.002 0.002 0.995 0.906 0.003 0.007 0.011 0.008 0.001 0.001 0.000 0.002 0.000 0.000 0.001 0.000 0.000 0.001 0.000 0.001 0.105 0.000 0.000 0.003 0.001 0.001 0.009 0.001 0.001 0.001 0.003 0.006 0.971 0.001 0.005 0.011 0.043 0.011 0.001 0.031 0.001 0.002 0.000 0.000 0.001 0.001 0.062 0.001 0.001 0.005 0.000 0.001 0.001 0.003 0.025 
26 screwdriver_vis 30 0.003 0.001 0.001 0.002 0.007 0.994 0.994 0.002 0.002 0.003 0.001 0.001 0.001 0.000 0.002 0.000 0.000 0.001 0.000 0.000 0.001 0.000 0.001 0.059 0.000 0.001 0.003 0.002 0.002 0.029 0.000 0.002 0.001 0.001 0.005 0.027 0.015 0.014 0.065 0.912 0.002 0.001 0.005 0.005 0.010 0.000 0.001 0.000 0.001 0.003 0.002 0.001 0.005 0.000 0.001 0.001 0.001 0.005 
27 chisel_vis 30 0.003 0.002 0.001 0.002 0.006 0.995 0.994 0.011 0.002 0.005 0.006 0.001 0.002 0.000 0.001 0.000 0.000 0.002 0.000 0.000 0.001 0.000 0.001 0.014 0.000 0.001 0.002 0.003 0.002 0.022 0.002 0.001 0.001 0.002 0.011 0.028 0.004 0.221 0.018 0.221 0.021 0.001 0.002 0.007 0.008 0.001 0.000 0.001 0.004 0.001 0.001 0.001 0.038 0.000 0.001 0.001 0.019 0.003 
28 saw_vis 30 0.002 0.001 0.001 0.003 0.003 0.995 0.995 0.003 0.002 0.010 0.003 0.001 0.001 0.000 0.002 0.000 0.001 0.001 0.000 0.000 0.001 0.000 0.000 0.023 0.000 0.000 0.002 0.001 0.001 0.011 0.000 0.001 0.001 0.001 0.005 0.044 0.002 0.020 0.984 0.028 0.018 0.001 0.002 0.008 0.004 0.000 0.000 0.001 0.001 0.001 0.001 0.001 0.098 0.000 0.001 0.001 0.001 0.007 
29 drill_vis 30 0.003 0.001 0.001 0.002 0.008 0.994 0.994 0.002 0.001 0.003 0.001 0.001 0.001 0.000 0.003 0.000 0.000 0.001 0.000 0.000 0.001 0.000 0.000 0.062 0.000 0.001 0.002 0.001 0.001 0.022 0.000 0.002 0.001 0.001 0.003 0.014 0.008 0.005 0.063 0.976 0.001 0.001 0.004 0.003 0.022 0.000 0.001 0.000 0.001 0.003 0.001 0.001 0.004 0.000 0.001 0.001 0.001 0.007 
30 clamp_vis 30 0.020 0.001 0.001 0.001 0.010 0.996 0.004 0.913 0.014 0.049 0.003 0.000 0.001 0.000 0.000 0.000 0.000 0.007 0.000 0.000 0.001 0.000 0.001 0.000 0.000 0.000 0.002 0.000 0.003 0.001 0.021 0.000 0.001 0.017 0.008 0.057 0.001 0.059 0.027 0.001 0.989 0.013 0.021 0.006 0.049 0.028 0.000 0.002 0.133 0.001 0.001 0.011 0.063 0.000 0.019 0.001 0.001 0.009 
31 hoe_vis 30 0.008 0.001 0.001 0.002 0.003 0.994 0.005 0.989 0.002 0.003 0.001 0.001 0.001 0.000 0.000 0.000 0.000 0.001 0.001 0.000 0.001 0.000 0.001 0.000 0.001 0.001 0.001 0.001 0.001 0.001 0.000 0.000 0.001 0.000 0.002 0.001 0.002 0.001 0.004 0.001 0.004 0.206 0.008 0.006 0.496 0.001 0.001 0.001 0.001 0.000 0.001 0.004 0.012 0.000 0.003 0.002 0.001 0.000 
32 rake_vis 30 0.025 0.001 0.009 0.001 0.001 0.995 0.001 0.028 0.074 0.087 0.004 0.000 0.001 0.000 0.000 0.000 0.000 0.574 0.001 0.000 0.001 0.000 0.001 0.000 0.000 0.000 0.001 0.000 0.001 0.000 0.000 0.000 0.000 0.000 0.003 0.002 0.001 0.001 0.001 0.001 0.045 0.001 0.020 0.002 0.005 0.001 0.000 0.003 0.001 0.000 0.001 0.332 0.040 0.000 0.751 0.001 0.000 0.002 
33 shovel_vis 30 0.018 0.001 0.001 0.002 0.013 0.995 0.007 0.819 0.002 0.009 0.002 0.000 0.001 0.000 0.000 0.000 0.000 0.007 0.000 0.000 0.001 0.000 0.001 0.000 0.001 0.001 0.001 0.000 0.004 0.000 0.021 0.001 0.001 0.039 0.007 0.010 0.001 0.040 0.002 0.001 0.789 0.002 0.007 0.011 0.015 0.030 0.000 0.001 0.010 0.001 0.001 0.007 0.013 0.000 0.005 0.001 0.001 0.001 
34 spade_vis 30 0.017 0.001 0.001 0.002 0.004 0.995 0.005 0.975 0.002 0.003 0.010 0.000 0.001 0.000 0.000 0.000 0.000 0.012 0.001 0.000 0.001 0.000 0.001 0.000 0.000 0.001 0.001 0.000 0.002 0.000 0.000 0.000 0.001 0.001 0.003 0.090 0.001 0.001 0.002 0.001 0.083 0.004 0.671 0.002 0.136 0.003 0.000 0.001 0.001 0.001 0.001 0.007 0.004 0.000 0.051 0.001 0.000 0.000 
35 wrench_vis 30 0.005 0.001 0.008 0.015 0.001 0.994 0.001 0.993 0.002 0.005 0.002 0.001 0.001 0.000 0.000 0.000 0.000 0.006 0.004 0.001 0.005 0.001 0.004 0.000 0.021 0.001 0.002 0.001 0.004 0.001 0.003 0.000 0.001 0.001 0.004 0.001 0.001 0.003 0.001 0.001 0.008 0.041 0.020 0.039 0.002 0.944 0.001 0.001 0.003 0.001 0.003 0.003 0.001 0.000 0.006 0.007 0.057 0.000 
36 accordion_vis 30 0.003 0.001 0.001 0.008 0.003 0.994 0.005 0.001 0.995 0.001 0.000 0.003 0.001 0.001 0.001 0.019 0.001 0.002 0.003 0.001 0.002 0.000 0.003 0.019 0.001 0.002 0.001 0.002 0.001 0.009 0.000 0.000 0.007 0.015 0.002 0.004 0.003 0.001 0.008 0.022 0.001 0.001 0.004 0.001 0.001 0.001 0.838 0.013 0.021 0.104 0.013 0.009 0.000 0.002 0.001 0.001 0.001 0.003 
37 cello_vis 30 0.004 0.001 0.002 0.038 0.002 0.992 0.002 0.001 0.994 0.001 0.001 0.002 0.001 0.000 0.000 0.000 0.000 0.014 0.006 0.001 0.002 0.000 0.019 0.000 0.000 0.002 0.017 0.000 0.001 0.003 0.000 0.000 0.003 0.001 0.002 0.003 0.001 0.001 0.037 0.001 0.002 0.002 0.024 0.001 0.005 0.002 0.070 0.981 0.009 0.024 0.005 0.058 0.000 0.001 0.010 0.004 0.000 0.002 
38 flute_vis 30 0.003 0.002 0.001 0.004 0.003 0.995 0.144 0.001 0.991 0.001 0.133 0.001 0.001 0.000 0.001 0.000 0.000 0.039 0.000 0.000 0.001 0.000 0.001 0.007 0.000 0.001 0.004 0.001 0.001 0.007 0.001 0.000 0.001 0.011 0.005 0.866 0.001 0.004 0.003 0.003 0.008 0.001 0.013 0.001 0.002 0.001 0.002 0.005 0.592 0.013 0.003 0.003 0.001 0.000 0.001 0.001 0.005 0.019 
39 guitar_vis 30 0.003 0.002 0.005 0.003 0.001 0.980 0.005 0.002 0.217 0.854 0.001 0.386 0.001 0.001 0.001 0.000 0.003 0.001 0.123 0.001 0.003 0.000 0.015 0.001 0.000 0.001 0.002 0.002 0.001 0.008 0.000 0.001 0.004 0.001 0.005 0.010 0.001 0.001 0.004 0.005 0.001 0.002 0.014 0.001 0.001 0.001 0.022 0.006 0.003 0.571 0.001 0.001 0.000 0.912 0.021 0.026 0.011 0.488 
40 piano_vis 30 0.003 0.001 0.002 0.017 0.003 0.994 0.004 0.001 0.994 0.001 0.001 0.001 0.001 0.000 0.000 0.003 0.000 0.026 0.008 0.001 0.002 0.000 0.005 0.001 0.001 0.004 0.005 0.000 0.001 0.002 0.000 0.000 0.002 0.001 0.001 0.005 0.004 0.001 0.004 0.002 0.001 0.001 0.011 0.001 0.003 0.001 0.070 0.681 0.032 0.013 0.016 0.026 0.000 0.000 0.002 0.001 0.001 0.001 
41 trumpet_vis 30 0.005 0.001 0.013 0.011 0.003 0.994 0.001 0.003 0.990 0.001 0.001 0.000 0.000 0.000 0.000 0.000 0.000 0.009 0.001 0.000 0.001 0.000 0.002 0.000 0.001 0.001 0.001 0.000 0.002 0.000 0.000 0.000 0.001 0.001 0.002 0.001 0.001 0.001 0.010 0.001 0.006 0.011 0.016 0.002 0.013 0.001 0.001 0.153 0.001 0.000 0.003 0.917 0.000 0.000 0.041 0.001 0.000 0.000 
42 fork_vis 30 0.004 0.003 0.001 0.001 0.001 0.996 0.019 0.002 0.001 0.986 0.175 0.001 0.004 0.000 0.001 0.000 0.123 0.004 0.000 0.000 0.001 0.000 0.000 0.000 0.000 0.001 0.001 0.000 0.000 0.001 0.000 0.001 0.000 0.000 0.003 0.043 0.001 0.002 0.012 0.001 0.020 0.001 0.005 0.001 0.001 0.000 0.001 0.001 0.001 0.000 0.001 0.001 0.972 0.000 0.006 0.003 0.034 0.030 
43 spoon_vis 30 0.003 0.004 0.002 0.001 0.001 0.993 0.001 0.001 0.035 0.968 0.001 0.012 0.001 0.001 0.001 0.000 0.009 0.001 0.008 0.016 0.001 0.000 0.001 0.000 0.000 0.001 0.001 0.000 0.000 0.002 0.000 0.001 0.001 0.000 0.001 0.001 0.001 0.001 0.008 0.001 0.001 0.002 0.001 0.001 0.001 0.000 0.018 0.001 0.001 0.043 0.001 0.001 0.003 0.880 0.003 0.022 0.141 0.052 
44 tongs_vis 30 0.015 0.001 0.002 0.001 0.001 0.984 0.002 0.005 0.001 0.976 0.002 0.001 0.001 0.000 0.001 0.000 0.000 0.019 0.001 0.001 0.001 0.000 0.001 0.000 0.000 0.000 0.001 0.000 0.001 0.001 0.000 0.001 0.000 0.000 0.006 0.002 0.001 0.001 0.002 0.001 0.040 0.001 0.003 0.001 0.003 0.000 0.000 0.001 0.001 0.000 0.001 0.002 0.025 0.002 0.922 0.006 0.000 0.101 
45 ladle_vis 30 0.043 0.002 0.028 0.001 0.001 0.995 0.001 0.029 0.001 0.988 0.067 0.001 0.003 0.000 0.001 0.000 0.007 0.350 0.001 0.000 0.001 0.084 0.000 0.000 0.000 0.000 0.001 0.000 0.001 0.001 0.002 0.000 0.000 0.000 0.002 0.001 0.001 0.005 0.005 0.001 0.415 0.001 0.005 0.181 0.001 0.000 0.001 0.001 0.001 0.000 0.002 0.005 0.965 0.001 0.160 0.078 0.017 0.002 
46 knife_vis 30 0.003 0.006 0.001 0.001 0.000 0.996 0.001 0.003 0.005 0.982 0.002 0.003 0.001 0.000 0.001 0.000 0.002 0.002 0.001 0.001 0.001 0.000 0.001 0.000 0.000 0.000 0.001 0.000 0.000 0.003 0.000 0.001 0.000 0.001 0.001 0.003 0.000 0.001 0.003 0.001 0.002 0.002 0.002 0.001 0.001 0.001 0.001 0.001 0.001 0.010 0.001 0.001 0.103 0.005 0.003 0.005 0.943 0.024 
47 chopsticks_vis 30 0.004 0.003 0.001 0.001 0.001 0.995 0.009 0.001 0.002 0.991 0.002 0.003 0.001 0.000 0.016 0.000 0.001 0.004 0.001 0.000 0.001 0.000 0.001 0.000 0.000 0.000 0.001 0.000 0.000 0.002 0.000 0.001 0.000 0.000 0.046 0.004 0.001 0.001 0.044 0.001 0.011 0.001 0.001 0.001 0.002 0.000 0.001 0.001 0.001 0.002 0.001 0.001 0.023 0.037 0.244 0.009 0.001 0.975 
