0 beaver_vis 30 0.991 0.051 0.886 0.000 0.009 0.005 0.010 0.002 0.001 0.001 0.001 0.007 0.033 0.001 0.009 0.008 0.086 0.004 0.070 0.010 0.231 0.001 0.000 0.016 0.000 0.002 0.000 0.000 0.009 0.001 0.004 0.001 0.001 0.001 0.011 0.002 0.003 0.001 0.001 0.010 0.001 0.001 0.000 0.001 0.000 0.190 0.000 0.003 0.001 0.000 0.001 0.000 0.001 0.001 0.001 0.000 0.000 0.001 
1 bear_vis 30 0.982 0.008 0.983 0.002 0.001 0.004 0.046 0.005 0.001 0.001 0.001 0.007 0.078 0.001 0.000 0.021 0.049 0.000 0.843 0.428 0.004 0.008 0.001 0.001 0.003 0.144 0.001 0.000 0.017 0.001 0.003 0.000 0.001 0.000 0.097 0.003 0.008 0.083 0.002 0.018 0.003 0.001 0.001 0.156 0.000 0.006 0.001 0.003 0.005 0.000 0.001 0.000 0.001 0.000 0.001 0.000 0.001 0.001 
2 sheep_vis 30 0.991 0.642 0.005 0.000 0.737 0.004 0.137 0.000 0.002 0.000 0.001 0.326 0.550 0.001 0.000 0.007 0.000 0.000 0.126 0.000 0.000 0.000 0.000 0.000 0.000 0.001 0.001 0.000 0.496 0.002 0.034 0.006 0.000 0.001 0.179 0.002 0.016 0.010 0.001 0.447 0.000 0.001 0.000 0.001 0.000 0.000 0.000 0.002 0.009 0.001 0.001 0.001 0.000 0.000 0.000 0.000 0.001 0.001 
3 buffalo_vis 30 0.987 0.960 0.046 0.000 0.185 0.003 0.020 0.001 0.001 0.001 0.003 0.008 0.899 0.000 0.002 0.196 0.016 0.000 0.163 0.001 0.001 0.001 0.000 0.001 0.000 0.001 0.000 0.000 0.427 0.020 0.055 0.001 0.000 0.000 0.565 0.002 0.176 0.002 0.000 0.018 0.000 0.001 0.000 0.002 0.000 0.002 0.001 0.001 0.093 0.000 0.001 0.000 0.000 0.000 0.000 0.000 0.002 0.000 
4 poodle_vis 30 0.986 0.002 0.988 0.002 0.001 0.003 0.037 0.007 0.001 0.001 0.000 0.004 0.045 0.000 0.000 0.009 0.029 0.002 0.794 0.332 0.004 0.010 0.001 0.001 0.002 0.122 0.001 0.001 0.014 0.000 0.003 0.000 0.001 0.000 0.121 0.003 0.003 0.068 0.002 0.016 0.004 0.001 0.001 0.147 0.000 0.006 0.001 0.005 0.002 0.001 0.001 0.000 0.001 0.000 0.001 0.000 0.000 0.000 
5 giraffe_vis 30 0.985 0.969 0.077 0.000 0.036 0.004 0.011 0.001 0.001 0.001 0.021 0.032 0.294 0.000 0.016 0.842 0.027 0.000 0.087 0.002 0.001 0.001 0.000 0.001 0.000 0.001 0.000 0.000 0.317 0.020 0.039 0.000 0.000 0.000 0.182 0.002 0.105 0.001 0.000 0.005 0.000 0.001 0.001 0.004 0.000 0.048 0.001 0.001 0.096 0.001 0.001 0.000 0.000 0.000 0.000 0.000 0.001 0.001 
6 robin_vis 30 0.985 0.011 0.989 0.002 0.001 0.003 0.037 0.074 0.001 0.001 0.001 0.337 0.008 0.012 0.000 0.016 0.007 0.010 0.883 0.944 0.352 0.032 0.002 0.000 0.281 0.098 0.001 0.001 0.005 0.000 0.003 0.000 0.012 0.001 0.012 0.077 0.001 0.001 0.067 0.003 0.193 0.001 0.008 0.004 0.001 0.015 0.001 0.067 0.000 0.000 0.002 0.000 0.001 0.001 0.001 0.001 0.000 0.002 
7 swan_vis 30 0.987 0.000 0.944 0.007 0.015 0.007 0.001 0.428 0.001 0.001 0.000 0.001 0.005 0.000 0.000 0.000 0.002 0.003 0.902 0.044 0.042 0.018 0.456 0.002 0.024 0.032 0.000 0.001 0.000 0.000 0.447 0.000 0.051 0.008 0.002 0.002 0.000 0.003 0.000 0.002 0.400 0.002 0.010 0.452 0.001 0.002 0.001 0.013 0.000 0.000 0.001 0.000 0.000 0.001 0.001 0.003 0.000 0.000 
8 woodpecker_vis 30 0.931 0.000 0.175 0.776 0.508 0.007 0.007 0.714 0.002 0.001 0.000 0.001 0.001 0.004 0.000 0.001 0.000 0.000 0.527 0.066 0.014 0.002 0.203 0.001 0.746 0.746 0.000 0.002 0.000 0.000 0.003 0.004 0.748 0.462 0.000 0.003 0.007 0.001 0.002 0.001 0.219 0.022 0.004 0.037 0.116 0.000 0.001 0.002 0.000 0.000 0.014 0.001 0.000 0.001 0.000 0.002 0.000 0.000 
9 peacock_vis 30 0.864 0.000 0.817 0.173 0.160 0.030 0.003 0.878 0.002 0.001 0.000 0.001 0.001 0.002 0.000 0.002 0.001 0.002 0.883 0.144 0.440 0.008 0.350 0.001 0.582 0.271 0.000 0.001 0.000 0.000 0.016 0.000 0.714 0.475 0.000 0.002 0.002 0.001 0.001 0.001 0.307 0.012 0.052 0.085 0.022 0.001 0.001 0.003 0.000 0.000 0.006 0.001 0.000 0.001 0.000 0.005 0.000 0.000 
10 crow_vis 30 0.953 0.000 0.649 0.506 0.435 0.007 0.003 0.911 0.001 0.001 0.000 0.001 0.001 0.003 0.000 0.000 0.001 0.003 0.909 0.171 0.246 0.018 0.593 0.001 0.784 0.515 0.000 0.001 0.000 0.000 0.030 0.001 0.816 0.521 0.002 0.002 0.001 0.001 0.001 0.001 0.664 0.016 0.026 0.107 0.071 0.001 0.001 0.011 0.000 0.000 0.003 0.000 0.000 0.001 0.000 0.010 0.000 0.001 
11 eagle_vis 30 0.979 0.000 0.987 0.002 0.004 0.007 0.002 0.573 0.001 0.001 0.000 0.006 0.005 0.000 0.000 0.002 0.002 0.004 0.929 0.261 0.284 0.038 0.388 0.001 0.018 0.017 0.000 0.001 0.000 0.000 0.508 0.000 0.060 0.010 0.004 0.002 0.000 0.002 0.000 0.002 0.442 0.003 0.014 0.169 0.001 0.008 0.001 0.006 0.000 0.000 0.002 0.000 0.000 0.004 0.001 0.003 0.000 0.001 
12 tuna_vis 30 0.990 0.000 0.010 0.978 0.213 0.001 0.001 0.140 0.001 0.000 0.000 0.000 0.000 0.001 0.000 0.000 0.000 0.000 0.108 0.033 0.000 0.000 0.002 0.000 0.639 0.938 0.001 0.007 0.001 0.000 0.000 0.061 0.201 0.021 0.000 0.002 0.000 0.004 0.031 0.000 0.020 0.009 0.002 0.001 0.494 0.000 0.007 0.001 0.000 0.000 0.020 0.000 0.000 0.000 0.000 0.001 0.000 0.000 
13 goldfish_vis 30 0.993 0.000 0.072 0.739 0.046 0.011 0.000 0.050 0.001 0.001 0.000 0.000 0.001 0.000 0.000 0.000 0.001 0.000 0.123 0.002 0.001 0.002 0.784 0.190 0.004 0.024 0.006 0.001 0.001 0.000 0.190 0.000 0.002 0.002 0.000 0.001 0.000 0.005 0.000 0.000 0.041 0.001 0.001 0.381 0.000 0.001 0.000 0.002 0.000 0.000 0.001 0.000 0.000 0.007 0.018 0.002 0.000 0.000 
14 salmon_vis 30 0.991 0.000 0.006 0.980 0.066 0.001 0.001 0.029 0.001 0.000 0.000 0.000 0.000 0.004 0.000 0.000 0.000 0.000 0.067 0.020 0.000 0.000 0.001 0.000 0.378 0.931 0.003 0.006 0.003 0.000 0.000 0.076 0.028 0.011 0.000 0.002 0.000 0.004 0.002 0.000 0.006 0.012 0.001 0.006 0.112 0.000 0.004 0.001 0.000 0.000 0.025 0.000 0.000 0.000 0.000 0.001 0.000 0.000 
15 sardine_vis 30 0.991 0.000 0.002 0.970 0.112 0.001 0.001 0.023 0.001 0.000 0.000 0.000 0.000 0.002 0.000 0.001 0.000 0.000 0.037 0.009 0.000 0.000 0.001 0.000 0.176 0.952 0.001 0.004 0.004 0.001 0.000 0.057 0.033 0.002 0.000 0.001 0.001 0.017 0.015 0.000 0.001 0.002 0.000 0.002 0.420 0.000 0.031 0.001 0.000 0.000 0.011 0.000 0.000 0.000 0.000 0.000 0.000 0.000 
16 catfish_vis 30 0.994 0.000 0.008 0.987 0.014 0.002 0.000 0.004 0.000 0.000 0.000 0.000 0.000 0.006 0.000 0.000 0.000 0.000 0.008 0.002 0.001 0.001 0.096 0.242 0.085 0.049 0.003 0.003 0.001 0.001 0.000 0.001 0.002 0.002 0.000 0.001 0.000 0.001 0.000 0.000 0.002 0.002 0.001 0.035 0.003 0.000 0.001 0.002 0.000 0.000 0.001 0.000 0.000 0.001 0.001 0.002 0.000 0.000 
17 cod_vis 30 0.991 0.000 0.006 0.934 0.426 0.001 0.000 0.440 0.001 0.000 0.000 0.000 0.000 0.001 0.000 0.000 0.000 0.000 0.056 0.012 0.000 0.000 0.013 0.001 0.236 0.774 0.000 0.007 0.001 0.000 0.000 0.011 0.336 0.022 0.000 0.001 0.000 0.002 0.006 0.000 0.010 0.004 0.001 0.002 0.414 0.000 0.004 0.001 0.000 0.000 0.010 0.000 0.000 0.000 0.000 0.001 0.000 0.000 
18 turtle_vis 30 0.993 0.019 0.000 0.012 0.990 0.010 0.001 0.000 0.005 0.000 0.000 0.047 0.012 0.005 0.000 0.002 0.000 0.000 0.007 0.000 0.000 0.000 0.006 0.000 0.001 0.016 0.001 0.001 0.131 0.004 0.408 0.186 0.008 0.004 0.000 0.001 0.002 0.001 0.001 0.019 0.001 0.001 0.000 0.001 0.000 0.000 0.001 0.001 0.001 0.006 0.003 0.003 0.000 0.005 0.000 0.000 0.000 0.000 
19 rattlesnake_vis 30 0.986 0.033 0.000 0.079 0.986 0.002 0.002 0.000 0.004 0.000 0.001 0.235 0.005 0.093 0.000 0.002 0.000 0.000 0.007 0.001 0.000 0.000 0.000 0.000 0.162 0.044 0.000 0.002 0.062 0.003 0.000 0.980 0.507 0.006 0.000 0.006 0.003 0.001 0.277 0.027 0.000 0.001 0.000 0.000 0.003 0.000 0.005 0.001 0.000 0.001 0.062 0.001 0.000 0.000 0.000 0.000 0.000 0.000 
20 crab_vis 30 0.992 0.008 0.000 0.004 0.992 0.004 0.000 0.000 0.003 0.000 0.000 0.040 0.001 0.001 0.000 0.002 0.000 0.000 0.003 0.000 0.001 0.000 0.008 0.000 0.001 0.001 0.000 0.000 0.000 0.014 0.015 0.109 0.889 0.336 0.000 0.001 0.001 0.000 0.007 0.001 0.001 0.001 0.000 0.000 0.001 0.000 0.000 0.001 0.000 0.002 0.003 0.007 0.000 0.003 0.000 0.000 0.000 0.000 
21 frog_vis 30 0.990 0.033 0.000 0.081 0.989 0.001 0.001 0.000 0.003 0.000 0.000 0.230 0.006 0.122 0.000 0.003 0.000 0.000 0.008 0.001 0.000 0.000 0.000 0.000 0.144 0.061 0.000 0.002 0.080 0.004 0.000 0.983 0.412 0.007 0.000 0.004 0.003 0.001 0.148 0.028 0.000 0.001 0.000 0.000 0.002 0.000 0.004 0.001 0.000 0.000 0.052 0.001 0.000 0.000 0.000 0.000 0.000 0.000 
22 gecko_vis 30 0.985 0.076 0.000 0.188 0.989 0.002 0.003 0.001 0.004 0.000 0.000 0.280 0.011 0.224 0.000 0.002 0.000 0.000 0.009 0.001 0.000 0.000 0.001 0.000 0.629 0.035 0.000 0.002 0.025 0.011 0.000 0.964 0.965 0.003 0.000 0.002 0.001 0.002 0.828 0.041 0.000 0.001 0.001 0.000 0.044 0.000 0.027 0.001 0.000 0.001 0.036 0.001 0.000 0.000 0.000 0.000 0.000 0.000 
23 crocodile_vis 30 0.988 0.038 0.000 0.142 0.987 0.001 0.001 0.000 0.002 0.000 0.001 0.349 0.007 0.261 0.000 0.002 0.000 0.000 0.015 0.001 0.000 0.000 0.001 0.000 0.454 0.087 0.000 0.002 0.079 0.002 0.000 0.984 0.693 0.008 0.000 0.007 0.002 0.001 0.252 0.042 0.000 0.001 0.000 0.000 0.004 0.000 0.004 0.001 0.000 0.000 0.095 0.001 0.000 0.000 0.000 0.000 0.000 0.000 
24 axe_vis 30 0.001 0.000 0.000 0.002 0.001 0.994 0.074 0.001 0.984 0.001 0.000 0.000 0.006 0.000 0.001 0.004 0.002 0.000 0.001 0.000 0.000 0.000 0.000 0.008 0.000 0.006 0.000 0.001 0.003 0.019 0.000 0.001 0.000 0.000 0.004 0.020 0.310 0.012 0.001 0.006 0.000 0.015 0.000 0.010 0.001 0.001 0.111 0.001 0.704 0.002 0.089 0.004 0.001 0.000 0.001 0.000 0.001 0.000 
25 hammer_vis 30 0.001 0.000 0.000 0.000 0.000 0.993 0.444 0.008 0.604 0.001 0.000 0.000 0.003 0.000 0.000 0.008 0.004 0.000 0.000 0.000 0.000 0.000 0.000 0.000 0.000 0.001 0.000 0.001 0.000 0.017 0.000 0.000 0.000 0.000 0.014 0.002 0.355 0.015 0.007 0.001 0.000 0.001 0.001 0.007 0.017 0.000 0.611 0.000 0.035 0.001 0.022 0.001 0.001 0.000 0.000 0.000 0.001 0.000 
26 screwdriver_vis 30 0.001 0.000 0.000 0.000 0.000 0.994 0.939 0.002 0.014 0.001 0.000 0.000 0.006 0.000 0.000 0.004 0.012 0.000 0.001 0.000 0.000 0.000 0.000 0.000 0.000 0.000 0.000 0.001 0.000 0.002 0.000 0.000 0.000 0.000 0.096 0.002 0.492 0.016 0.006 0.002 0.000 0.001 0.001 0.016 0.002 0.000 0.298 0.000 0.011 0.001 0.003 0.001 0.002 0.000 0.000 0.000 0.001 0.000 
27 chisel_vis 30 0.001 0.000 0.000 0.001 0.000 0.994 0.244 0.001 0.922 0.001 0.000 0.000 0.005 0.000 0.000 0.006 0.002 0.000 0.000 0.000 0.000 0.000 0.000 0.001 0.000 0.001 0.000 0.001 0.000 0.034 0.000 0.001 0.000 0.000 0.008 0.002 0.354 0.012 0.005 0.002 0.000 0.001 0.001 0.005 0.004 0.001 0.617 0.000 0.161 0.001 0.051 0.001 0.001 0.000 0.001 0.000 0.001 0.000 
28 saw_vis 30 0.001 0.000 0.000 0.001 0.000 0.991 0.538 0.008 0.321 0.001 0.000 0.000 0.002 0.000 0.000 0.002 0.009 0.000 0.000 0.000 0.000 0.000 0.000 0.001 0.000 0.002 0.000 0.002 0.000 0.007 0.000 0.000 0.000 0.000 0.024 0.001 0.113 0.012 0.036 0.001 0.000 0.001 0.001 0.009 0.060 0.000 0.842 0.000 0.012 0.001 0.005 0.001 0.001 0.000 0.000 0.001 0.001 0.000 
29 drill_vis 30 0.001 0.000 0.001 0.000 0.000 0.994 0.930 0.049 0.004 0.001 0.000 0.000 0.002 0.000 0.000 0.001 0.009 0.000 0.002 0.000 0.000 0.000 0.000 0.000 0.000 0.001 0.000 0.001 0.000 0.001 0.000 0.000 0.000 0.000 0.003 0.022 0.322 0.346 0.001 0.003 0.000 0.020 0.001 0.125 0.003 0.000 0.013 0.000 0.004 0.000 0.003 0.001 0.003 0.000 0.000 0.000 0.001 0.000 
30 clamp_vis 30 0.001 0.000 0.000 0.008 0.000 0.993 0.002 0.977 0.003 0.003 0.000 0.000 0.000 0.000 0.000 0.000 0.000 0.000 0.000 0.001 0.000 0.000 0.003 0.000 0.002 0.004 0.000 0.000 0.000 0.000 0.000 0.000 0.081 0.000 0.000 0.001 0.001 0.019 0.020 0.000 0.004 0.005 0.005 0.037 0.963 0.001 0.011 0.000 0.000 0.001 0.004 0.001 0.000 0.006 0.057 0.023 0.000 0.000 
31 hoe_vis 30 0.001 0.000 0.000 0.019 0.000 0.992 0.001 0.973 0.008 0.002 0.000 0.000 0.000 0.000 0.000 0.000 0.000 0.000 0.000 0.000 0.000 0.000 0.005 0.001 0.003 0.007 0.000 0.001 0.000 0.000 0.000 0.000 0.102 0.000 0.000 0.001 0.001 0.013 0.017 0.000 0.005 0.005 0.005 0.096 0.978 0.001 0.016 0.000 0.000 0.001 0.007 0.001 0.000 0.004 0.039 0.040 0.000 0.000 
32 rake_vis 30 0.001 0.000 0.000 0.009 0.000 0.993 0.005 0.985 0.003 0.003 0.000 0.000 0.000 0.000 0.000 0.000 0.000 0.000 0.000 0.001 0.000 0.000 0.004 0.000 0.009 0.004 0.000 0.001 0.000 0.000 0.000 0.000 0.185 0.001 0.000 0.001 0.000 0.003 0.049 0.000 0.023 0.007 0.075 0.003 0.962 0.001 0.006 0.000 0.000 0.001 0.006 0.003 0.000 0.003 0.033 0.080 0.000 0.000 
33 shovel_vis 30 0.001 0.000 0.000 0.003 0.000 0.994 0.011 0.962 0.004 0.002 0.000 0.000 0.000 0.000 0.000 0.000 0.000 0.000 0.000 0.000 0.000 0.000 0.001 0.001 0.000 0.002 0.000 0.000 0.000 0.000 0.000 0.000 0.007 0.000 0.001 0.001 0.001 0.035 0.003 0.000 0.005 0.016 0.003 0.179 0.365 0.001 0.010 0.000 0.001 0.001 0.002 0.001 0.000 0.001 0.005 0.003 0.000 0.000 
34 spade_vis 30 0.001 0.000 0.000 0.038 0.000 0.991 0.002 0.972 0.007 0.002 0.000 0.000 0.000 0.000 0.000 0.000 0.000 0.000 0.000 0.000 0.000 0.000 0.009 0.001 0.007 0.008 0.000 0.001 0.000 0.000 0.000 0.000 0.165 0.000 0.000 0.001 0.001 0.012 0.020 0.000 0.009 0.004 0.011 0.111 0.983 0.001 0.011 0.001 0.000 0.001 0.009 0.001 0.000 0.002 0.027 0.068 0.000 0.000 
35 wrench_vis 30 0.001 0.000 0.000 0.008 0.000 0.993 0.002 0.986 0.004 0.003 0.000 0.000 0.000 0.000 0.000 0.000 0.000 0.000 0.000 0.001 0.000 0.000 0.003 0.000 0.005 0.004 0.000 0.001 0.000 0.000 0.000 0.000 0.125 0.000 0.000 0.001 0.000 0.004 0.035 0.000 0.015 0.008 0.039 0.004 0.974 0.002 0.010 0.000 0.000 0.001 0.005 0.002 0.000 0.007 0.056 0.044 0.000 0.000 
36 accordion_vis 30 0.001 0.000 0.000 0.001 0.002 0.993 0.012 0.002 0.981 0.001 0.000 0.000 0.001 0.000 0.000 0.002 0.001 0.000 0.000 0.000 0.000 0.000 0.000 0.006 0.000 0.002 0.000 0.001 0.000 0.091 0.000 0.000 0.003 0.000 0.001 0.001 0.018 0.003 0.010 0.000 0.000 0.002 0.001 0.005 0.066 0.001 0.729 0.001 0.021 0.026 0.028 0.001 0.000 0.001 0.001 0.001 0.001 0.000 
37 cello_vis 30 0.002 0.000 0.000 0.003 0.022 0.866 0.006 0.001 0.979 0.001 0.001 0.000 0.001 0.001 0.000 0.002 0.000 0.000 0.001 0.000 0.000 0.000 0.000 0.000 0.002 0.005 0.000 0.103 0.000 0.011 0.000 0.035 0.025 0.034 0.000 0.012 0.017 0.000 0.025 0.001 0.001 0.010 0.013 0.000 0.027 0.000 0.067 0.108 0.001 0.002 0.955 0.004 0.000 0.001 0.000 0.004 0.000 0.000 
38 flute_vis 30 0.001 0.000 0.000 0.002 0.002 0.993 0.073 0.001 0.991 0.001 0.000 0.000 0.003 0.000 0.001 0.003 0.002 0.000 0.000 0.000 0.000 0.000 0.000 0.002 0.000 0.002 0.000 0.002 0.000 0.110 0.000 0.001 0.001 0.000 0.005 0.001 0.037 0.008 0.059 0.001 0.000 0.001 0.000 0.005 0.088 0.001 0.941 0.001 0.188 0.022 0.039 0.003 0.001 0.000 0.001 0.001 0.002 0.000 
39 guitar_vis 30 0.001 0.000 0.000 0.002 0.001 0.993 0.005 0.045 0.951 0.001 0.000 0.000 0.000 0.000 0.000 0.001 0.001 0.000 0.000 0.000 0.000 0.000 0.000 0.011 0.000 0.002 0.000 0.001 0.000 0.033 0.000 0.000 0.003 0.000 0.001 0.001 0.005 0.003 0.005 0.000 0.000 0.009 0.001 0.011 0.088 0.001 0.567 0.001 0.006 0.314 0.011 0.001 0.000 0.002 0.001 0.008 0.001 0.000 
40 piano_vis 30 0.001 0.000 0.000 0.002 0.007 0.987 0.006 0.002 0.980 0.001 0.001 0.000 0.001 0.001 0.000 0.002 0.000 0.000 0.001 0.000 0.000 0.000 0.000 0.001 0.001 0.004 0.000 0.041 0.000 0.010 0.000 0.016 0.008 0.128 0.000 0.018 0.046 0.000 0.003 0.001 0.001 0.102 0.003 0.000 0.008 0.000 0.035 0.030 0.001 0.001 0.951 0.008 0.000 0.001 0.000 0.003 0.000 0.000 
41 trumpet_vis 30 0.002 0.000 0.000 0.001 0.022 0.992 0.001 0.004 0.966 0.001 0.000 0.000 0.000 0.000 0.000 0.001 0.000 0.000 0.000 0.000 0.000 0.000 0.000 0.003 0.000 0.001 0.000 0.001 0.000 0.074 0.000 0.000 0.035 0.017 0.000 0.002 0.005 0.000 0.001 0.000 0.001 0.008 0.034 0.001 0.006 0.000 0.008 0.005 0.000 0.003 0.113 0.088 0.000 0.001 0.000 0.001 0.000 0.001 
42 fork_vis 30 0.001 0.000 0.004 0.000 0.000 0.991 0.987 0.034 0.002 0.007 0.000 0.000 0.001 0.000 0.000 0.000 0.000 0.000 0.003 0.002 0.000 0.000 0.000 0.000 0.038 0.000 0.000 0.000 0.000 0.000 0.000 0.000 0.003 0.000 0.159 0.014 0.001 0.002 0.926 0.010 0.001 0.001 0.016 0.000 0.131 0.000 0.003 0.006 0.000 0.002 0.003 0.001 0.008 0.001 0.001 0.425 0.002 0.003 
43 spoon_vis 30 0.001 0.000 0.003 0.000 0.000 0.994 0.982 0.006 0.049 0.003 0.000 0.000 0.032 0.000 0.001 0.000 0.131 0.000 0.006 0.000 0.000 0.000 0.000 0.000 0.000 0.000 0.000 0.000 0.000 0.000 0.000 0.000 0.000 0.000 0.984 0.001 0.005 0.059 0.027 0.009 0.000 0.001 0.003 0.022 0.001 0.022 0.017 0.004 0.276 0.036 0.001 0.001 0.006 0.001 0.001 0.009 0.078 0.002 
44 tongs_vis 30 0.001 0.000 0.000 0.000 0.000 0.994 0.478 0.001 0.862 0.001 0.000 0.000 0.083 0.000 0.003 0.001 0.011 0.000 0.003 0.000 0.000 0.000 0.000 0.002 0.000 0.001 0.000 0.000 0.004 0.001 0.000 0.000 0.000 0.000 0.450 0.004 0.034 0.012 0.001 0.027 0.001 0.001 0.001 0.020 0.001 0.016 0.016 0.006 0.854 0.005 0.001 0.001 0.001 0.001 0.002 0.001 0.003 0.001 
45 ladle_vis 30 0.001 0.000 0.000 0.001 0.001 0.993 0.002 0.662 0.018 0.008 0.000 0.000 0.000 0.000 0.000 0.000 0.000 0.000 0.000 0.000 0.000 0.000 0.003 0.000 0.001 0.000 0.000 0.000 0.000 0.001 0.000 0.000 0.025 0.001 0.000 0.001 0.001 0.017 0.041 0.000 0.001 0.002 0.001 0.005 0.457 0.001 0.003 0.001 0.001 0.002 0.006 0.003 0.000 0.008 0.041 0.013 0.000 0.000 
46 knife_vis 30 0.001 0.000 0.000 0.005 0.001 0.994 0.003 0.078 0.852 0.011 0.000 0.000 0.000 0.000 0.000 0.000 0.000 0.000 0.000 0.000 0.000 0.000 0.001 0.005 0.000 0.000 0.000 0.000 0.000 0.004 0.000 0.000 0.008 0.000 0.006 0.001 0.001 0.003 0.007 0.001 0.000 0.022 0.002 0.017 0.052 0.001 0.312 0.001 0.002 0.886 0.001 0.001 0.000 0.017 0.001 0.083 0.014 0.001 
47 chopsticks_vis 30 0.003 0.001 0.001 0.003 0.003 0.417 0.057 0.006 0.092 0.002 0.002 0.001 0.003 0.001 0.000 0.005 0.001 0.000 0.005 0.001 0.001 0.000 0.000 0.001 0.003 0.008 0.000 0.046 0.000 0.004 0.000 0.007 0.007 0.014 0.004 0.012 0.019 0.001 0.022 0.002 0.001 0.018 0.023 0.001 0.010 0.001 0.015 0.030 0.001 0.002 0.284 0.001 0.001 0.001 0.001 0.009 0.001 0.002 
