0 beaver_vis 30 0.993 0.987 0.008 0.000 0.167 0.037 0.001 0.000 0.001 0.000 0.010 0.017 0.019 0.000 0.018 0.640 0.001 0.000 0.001 0.002 0.001 0.000 0.000 0.000 0.000 0.000 0.000 0.000 0.014 0.028 0.099 0.000 0.000 0.001 0.046 0.001 0.007 0.000 0.000 0.000 0.000 0.000 0.000 0.000 0.000 0.042 0.000 0.001 0.003 0.001 0.000 0.000 0.000 0.001 0.000 0.000 0.001 0.001 
1 bear_vis 30 0.988 0.991 0.058 0.000 0.003 0.010 0.005 0.000 0.001 0.001 0.022 0.101 0.013 0.002 0.128 0.944 0.002 0.000 0.001 0.016 0.004 0.000 0.000 0.000 0.000 0.000 0.000 0.000 0.042 0.004 0.025 0.000 0.000 0.000 0.029 0.002 0.011 0.000 0.001 0.001 0.000 0.000 0.000 0.000 0.000 0.089 0.001 0.000 0.012 0.001 0.000 0.000 0.002 0.002 0.001 0.000 0.001 0.001 
2 sheep_vis 30 0.994 0.976 0.009 0.000 0.582 0.002 0.447 0.000 0.001 0.000 0.002 0.003 0.934 0.000 0.002 0.079 0.005 0.000 0.071 0.000 0.000 0.000 0.000 0.000 0.000 0.000 0.000 0.000 0.224 0.025 0.030 0.000 0.000 0.000 0.942 0.001 0.120 0.008 0.000 0.010 0.000 0.000 0.000 0.000 0.000 0.001 0.001 0.001 0.093 0.001 0.000 0.000 0.000 0.000 0.000 0.000 0.012 0.000 
3 buffalo_vis 30 0.994 0.993 0.012 0.000 0.001 0.012 0.001 0.000 0.000 0.002 0.042 0.013 0.033 0.007 0.831 0.118 0.006 0.000 0.000 0.002 0.002 0.000 0.000 0.000 0.000 0.000 0.000 0.000 0.004 0.008 0.002 0.000 0.000 0.000 0.006 0.001 0.003 0.000 0.001 0.001 0.000 0.000 0.000 0.000 0.000 0.014 0.001 0.001 0.008 0.000 0.000 0.000 0.015 0.002 0.001 0.000 0.004 0.001 
4 poodle_vis 30 0.989 0.991 0.137 0.000 0.002 0.015 0.004 0.000 0.001 0.006 0.011 0.037 0.037 0.004 0.925 0.328 0.042 0.000 0.001 0.016 0.018 0.000 0.000 0.000 0.000 0.000 0.000 0.000 0.004 0.043 0.006 0.000 0.000 0.000 0.128 0.002 0.007 0.001 0.002 0.001 0.000 0.000 0.000 0.000 0.000 0.040 0.002 0.001 0.019 0.001 0.000 0.000 0.018 0.002 0.004 0.000 0.082 0.003 
5 giraffe_vis 30 0.991 0.991 0.024 0.000 0.005 0.006 0.002 0.000 0.000 0.001 0.004 0.025 0.004 0.001 0.043 0.961 0.001 0.000 0.000 0.007 0.002 0.000 0.000 0.000 0.000 0.000 0.000 0.000 0.003 0.014 0.004 0.001 0.000 0.001 0.005 0.001 0.042 0.000 0.000 0.000 0.000 0.000 0.000 0.000 0.000 0.011 0.001 0.000 0.007 0.000 0.000 0.000 0.001 0.001 0.000 0.000 0.000 0.001 
6 robin_vis 30 0.994 0.943 0.168 0.000 0.002 0.003 0.001 0.000 0.001 0.001 0.145 0.000 0.064 0.022 0.708 0.064 0.169 0.007 0.003 0.001 0.017 0.000 0.000 0.004 0.000 0.000 0.002 0.001 0.011 0.006 0.002 0.000 0.000 0.000 0.002 0.001 0.003 0.000 0.000 0.000 0.000 0.000 0.000 0.000 0.000 0.093 0.000 0.001 0.017 0.000 0.000 0.000 0.006 0.002 0.001 0.000 0.001 0.001 
7 swan_vis 30 0.994 0.005 0.990 0.137 0.000 0.001 0.001 0.001 0.000 0.006 0.001 0.000 0.060 0.040 0.000 0.000 0.019 0.076 0.113 0.003 0.037 0.970 0.050 0.000 0.656 0.001 0.175 0.004 0.001 0.000 0.000 0.000 0.000 0.000 0.001 0.008 0.000 0.003 0.003 0.007 0.009 0.001 0.001 0.001 0.000 0.001 0.000 0.007 0.000 0.000 0.000 0.000 0.002 0.000 0.009 0.040 0.000 0.004 
8 woodpecker_vis 30 0.991 0.007 0.977 0.000 0.001 0.003 0.002 0.037 0.001 0.001 0.000 0.045 0.002 0.001 0.000 0.011 0.001 0.000 0.177 0.821 0.010 0.002 0.006 0.000 0.001 0.022 0.000 0.000 0.003 0.000 0.020 0.000 0.002 0.001 0.002 0.002 0.000 0.003 0.001 0.001 0.025 0.001 0.001 0.006 0.000 0.122 0.000 0.003 0.000 0.000 0.001 0.000 0.000 0.001 0.006 0.000 0.000 0.001 
9 peacock_vis 30 0.980 0.983 0.192 0.000 0.003 0.018 0.011 0.001 0.001 0.001 0.012 0.591 0.016 0.008 0.066 0.888 0.002 0.000 0.002 0.094 0.033 0.000 0.000 0.000 0.000 0.000 0.000 0.000 0.039 0.002 0.018 0.000 0.000 0.000 0.015 0.007 0.005 0.001 0.001 0.001 0.000 0.001 0.001 0.000 0.000 0.040 0.000 0.003 0.002 0.001 0.001 0.000 0.003 0.007 0.001 0.000 0.000 0.004 
10 crow_vis 30 0.992 0.932 0.287 0.000 0.052 0.012 0.008 0.001 0.001 0.001 0.005 0.013 0.071 0.000 0.335 0.889 0.107 0.001 0.013 0.020 0.036 0.000 0.000 0.001 0.000 0.001 0.000 0.000 0.010 0.091 0.037 0.000 0.000 0.000 0.567 0.001 0.008 0.001 0.001 0.001 0.000 0.001 0.001 0.000 0.000 0.208 0.005 0.001 0.063 0.008 0.000 0.000 0.001 0.001 0.001 0.000 0.007 0.002 
11 eagle_vis 30 0.993 0.046 0.981 0.002 0.000 0.002 0.001 0.005 0.000 0.002 0.000 0.002 0.002 0.092 0.001 0.001 0.004 0.001 0.080 0.211 0.027 0.013 0.005 0.000 0.028 0.003 0.003 0.000 0.001 0.000 0.004 0.000 0.001 0.000 0.001 0.002 0.000 0.004 0.004 0.001 0.008 0.001 0.001 0.004 0.000 0.024 0.000 0.003 0.000 0.000 0.000 0.000 0.003 0.001 0.093 0.001 0.000 0.001 
12 tuna_vis 30 0.994 0.006 0.972 0.003 0.004 0.020 0.000 0.133 0.001 0.002 0.000 0.003 0.001 0.007 0.000 0.001 0.001 0.000 0.158 0.285 0.572 0.003 0.386 0.001 0.009 0.004 0.000 0.000 0.000 0.000 0.215 0.000 0.012 0.004 0.000 0.001 0.000 0.001 0.000 0.000 0.120 0.001 0.002 0.028 0.000 0.078 0.000 0.004 0.000 0.000 0.000 0.000 0.000 0.096 0.035 0.001 0.000 0.002 
13 goldfish_vis 30 0.994 0.018 0.000 0.003 0.992 0.084 0.000 0.000 0.025 0.000 0.000 0.007 0.019 0.000 0.000 0.002 0.000 0.000 0.006 0.000 0.000 0.000 0.037 0.006 0.000 0.002 0.000 0.000 0.070 0.029 0.967 0.001 0.003 0.008 0.000 0.001 0.000 0.001 0.000 0.002 0.001 0.001 0.000 0.001 0.000 0.002 0.000 0.002 0.001 0.075 0.001 0.037 0.000 0.008 0.001 0.000 0.000 0.000 
14 salmon_vis 30 0.994 0.000 0.004 0.925 0.309 0.001 0.000 0.325 0.000 0.000 0.000 0.000 0.000 0.001 0.000 0.000 0.000 0.000 0.051 0.007 0.001 0.000 0.011 0.001 0.124 0.823 0.000 0.001 0.000 0.000 0.001 0.006 0.062 0.090 0.000 0.001 0.000 0.001 0.000 0.000 0.020 0.015 0.001 0.020 0.055 0.000 0.000 0.001 0.000 0.000 0.002 0.000 0.000 0.000 0.000 0.001 0.000 0.000 
15 sardine_vis 30 0.994 0.009 0.000 0.011 0.992 0.017 0.000 0.000 0.007 0.000 0.000 0.001 0.003 0.001 0.000 0.007 0.000 0.000 0.002 0.000 0.000 0.000 0.001 0.001 0.000 0.010 0.000 0.001 0.003 0.192 0.024 0.041 0.039 0.005 0.000 0.001 0.002 0.001 0.000 0.000 0.000 0.001 0.000 0.000 0.000 0.000 0.013 0.001 0.000 0.007 0.002 0.004 0.000 0.001 0.000 0.000 0.000 0.000 
16 catfish_vis 30 0.995 0.017 0.000 0.005 0.992 0.066 0.000 0.000 0.011 0.000 0.000 0.025 0.017 0.000 0.000 0.001 0.000 0.000 0.010 0.000 0.000 0.000 0.030 0.002 0.000 0.004 0.001 0.000 0.144 0.007 0.930 0.003 0.003 0.007 0.000 0.001 0.000 0.001 0.000 0.008 0.002 0.001 0.000 0.002 0.000 0.001 0.000 0.003 0.001 0.026 0.001 0.015 0.000 0.013 0.000 0.000 0.000 0.000 
17 cod_vis 30 0.994 0.000 0.002 0.847 0.355 0.001 0.000 0.382 0.001 0.000 0.000 0.000 0.000 0.000 0.000 0.001 0.001 0.000 0.013 0.002 0.001 0.000 0.006 0.010 0.002 0.786 0.000 0.005 0.001 0.001 0.001 0.001 0.007 0.010 0.000 0.001 0.000 0.002 0.000 0.000 0.001 0.012 0.001 0.148 0.019 0.000 0.004 0.001 0.000 0.000 0.002 0.000 0.000 0.000 0.000 0.000 0.000 0.000 
18 turtle_vis 30 0.994 0.022 0.000 0.003 0.993 0.071 0.000 0.000 0.041 0.000 0.000 0.004 0.022 0.000 0.000 0.002 0.000 0.000 0.007 0.000 0.000 0.000 0.026 0.014 0.000 0.003 0.000 0.000 0.090 0.055 0.969 0.001 0.002 0.011 0.000 0.001 0.000 0.001 0.000 0.001 0.001 0.001 0.000 0.002 0.000 0.002 0.000 0.002 0.002 0.070 0.001 0.046 0.000 0.006 0.000 0.000 0.000 0.000 
19 rattlesnake_vis 30 0.992 0.045 0.000 0.007 0.992 0.015 0.000 0.001 0.040 0.001 0.000 0.000 0.004 0.000 0.000 0.045 0.000 0.000 0.001 0.000 0.001 0.000 0.001 0.017 0.000 0.002 0.000 0.000 0.001 0.973 0.037 0.010 0.254 0.035 0.000 0.001 0.002 0.001 0.000 0.000 0.000 0.001 0.000 0.001 0.001 0.000 0.042 0.001 0.000 0.016 0.001 0.033 0.000 0.001 0.000 0.000 0.000 0.000 
20 crab_vis 30 0.994 0.028 0.000 0.003 0.992 0.034 0.000 0.000 0.087 0.000 0.000 0.001 0.014 0.000 0.000 0.003 0.000 0.000 0.002 0.000 0.000 0.000 0.005 0.013 0.000 0.002 0.000 0.000 0.018 0.295 0.845 0.001 0.004 0.014 0.001 0.001 0.000 0.001 0.000 0.000 0.000 0.001 0.000 0.001 0.000 0.002 0.001 0.001 0.001 0.069 0.001 0.066 0.000 0.001 0.000 0.000 0.000 0.000 
21 frog_vis 30 0.994 0.011 0.000 0.013 0.992 0.010 0.000 0.000 0.004 0.000 0.000 0.004 0.004 0.004 0.000 0.003 0.000 0.000 0.002 0.000 0.000 0.000 0.002 0.000 0.001 0.009 0.000 0.001 0.008 0.025 0.102 0.155 0.043 0.003 0.000 0.001 0.001 0.001 0.001 0.002 0.000 0.001 0.000 0.000 0.000 0.000 0.005 0.001 0.000 0.007 0.004 0.003 0.000 0.003 0.000 0.000 0.000 0.000 
22 gecko_vis 30 0.992 0.013 0.000 0.008 0.992 0.007 0.000 0.001 0.003 0.000 0.000 0.028 0.001 0.001 0.000 0.002 0.000 0.000 0.002 0.000 0.001 0.000 0.018 0.000 0.001 0.001 0.000 0.000 0.000 0.090 0.011 0.056 0.965 0.037 0.000 0.001 0.000 0.001 0.015 0.002 0.000 0.001 0.000 0.000 0.005 0.000 0.001 0.001 0.000 0.006 0.002 0.008 0.000 0.005 0.000 0.000 0.000 0.000 
23 crocodile_vis 30 0.993 0.020 0.000 0.003 0.992 0.003 0.000 0.001 0.027 0.000 0.001 0.001 0.002 0.000 0.000 0.004 0.000 0.000 0.003 0.000 0.001 0.000 0.001 0.001 0.000 0.002 0.000 0.000 0.001 0.152 0.105 0.085 0.043 0.963 0.000 0.001 0.001 0.000 0.000 0.000 0.000 0.002 0.001 0.000 0.000 0.000 0.000 0.002 0.000 0.001 0.005 0.048 0.000 0.001 0.000 0.000 0.000 0.000 
24 axe_vis 30 0.001 0.000 0.000 0.002 0.002 0.994 0.068 0.001 0.985 0.001 0.000 0.000 0.042 0.000 0.012 0.002 0.011 0.000 0.002 0.000 0.000 0.000 0.000 0.047 0.000 0.009 0.002 0.000 0.097 0.010 0.001 0.000 0.000 0.000 0.072 0.014 0.025 0.017 0.001 0.013 0.001 0.002 0.000 0.029 0.000 0.039 0.011 0.022 0.976 0.012 0.002 0.011 0.001 0.001 0.004 0.001 0.003 0.001 
25 hammer_vis 30 0.002 0.000 0.002 0.001 0.000 0.995 0.006 0.938 0.001 0.007 0.000 0.000 0.000 0.000 0.000 0.000 0.000 0.000 0.003 0.001 0.000 0.000 0.002 0.000 0.000 0.001 0.000 0.000 0.000 0.000 0.000 0.000 0.001 0.000 0.000 0.001 0.000 0.023 0.000 0.001 0.115 0.003 0.001 0.522 0.004 0.005 0.001 0.000 0.001 0.000 0.001 0.001 0.001 0.002 0.009 0.003 0.000 0.000 
26 screwdriver_vis 30 0.001 0.000 0.000 0.003 0.001 0.995 0.141 0.001 0.988 0.001 0.000 0.000 0.028 0.000 0.005 0.001 0.007 0.000 0.001 0.000 0.000 0.000 0.000 0.019 0.000 0.005 0.001 0.000 0.060 0.005 0.000 0.000 0.000 0.000 0.016 0.360 0.097 0.073 0.001 0.035 0.001 0.015 0.000 0.013 0.001 0.006 0.009 0.002 0.978 0.003 0.005 0.107 0.001 0.000 0.005 0.000 0.001 0.000 
27 chisel_vis 30 0.002 0.000 0.013 0.001 0.000 0.995 0.034 0.990 0.002 0.010 0.000 0.000 0.000 0.000 0.000 0.000 0.002 0.000 0.026 0.001 0.001 0.000 0.002 0.003 0.000 0.001 0.000 0.000 0.000 0.000 0.000 0.000 0.002 0.000 0.007 0.001 0.017 0.083 0.001 0.001 0.016 0.003 0.003 0.985 0.066 0.010 0.002 0.000 0.002 0.001 0.000 0.001 0.000 0.002 0.006 0.012 0.001 0.000 
28 saw_vis 30 0.001 0.000 0.000 0.000 0.000 0.995 0.364 0.041 0.009 0.013 0.000 0.001 0.000 0.000 0.000 0.002 0.000 0.000 0.000 0.002 0.000 0.000 0.000 0.000 0.000 0.000 0.000 0.000 0.000 0.000 0.000 0.000 0.000 0.000 0.026 0.003 0.001 0.011 0.200 0.002 0.001 0.002 0.010 0.000 0.006 0.010 0.039 0.001 0.001 0.009 0.001 0.000 0.010 0.001 0.008 0.002 0.001 0.001 
29 drill_vis 30 0.001 0.000 0.000 0.000 0.000 0.995 0.993 0.003 0.001 0.015 0.000 0.001 0.001 0.000 0.000 0.000 0.000 0.000 0.000 0.001 0.000 0.000 0.000 0.000 0.000 0.000 0.000 0.000 0.000 0.000 0.000 0.000 0.000 0.000 0.006 0.135 0.002 0.726 0.092 0.022 0.001 0.001 0.000 0.000 0.004 0.000 0.001 0.000 0.001 0.001 0.000 0.000 0.064 0.001 0.143 0.000 0.001 0.001 
30 clamp_vis 30 0.003 0.000 0.010 0.001 0.000 0.995 0.003 0.971 0.001 0.049 0.000 0.000 0.000 0.000 0.000 0.000 0.000 0.000 0.002 0.051 0.001 0.000 0.008 0.001 0.002 0.001 0.000 0.000 0.000 0.000 0.000 0.000 0.001 0.000 0.000 0.003 0.000 0.007 0.000 0.000 0.955 0.027 0.002 0.009 0.003 0.012 0.001 0.000 0.000 0.000 0.000 0.002 0.001 0.003 0.155 0.003 0.000 0.001 
31 hoe_vis 30 0.010 0.000 0.000 0.039 0.000 0.995 0.001 0.042 0.001 0.989 0.000 0.000 0.000 0.000 0.000 0.000 0.000 0.000 0.000 0.000 0.001 0.000 0.011 0.002 0.001 0.000 0.000 0.000 0.000 0.000 0.000 0.000 0.001 0.000 0.000 0.001 0.000 0.004 0.001 0.000 0.002 0.048 0.001 0.001 0.024 0.007 0.002 0.000 0.000 0.004 0.001 0.001 0.013 0.788 0.837 0.365 0.000 0.000 
32 rake_vis 30 0.003 0.000 0.002 0.001 0.000 0.995 0.001 0.981 0.001 0.022 0.000 0.000 0.000 0.000 0.000 0.000 0.000 0.000 0.001 0.025 0.000 0.000 0.003 0.001 0.000 0.001 0.000 0.000 0.000 0.000 0.000 0.000 0.000 0.000 0.000 0.001 0.000 0.006 0.000 0.000 0.575 0.051 0.002 0.029 0.005 0.134 0.001 0.001 0.001 0.001 0.000 0.002 0.001 0.010 0.202 0.002 0.000 0.000 
33 shovel_vis 30 0.002 0.000 0.188 0.002 0.000 0.995 0.005 0.994 0.001 0.014 0.000 0.000 0.000 0.000 0.000 0.004 0.069 0.000 0.033 0.003 0.010 0.000 0.002 0.049 0.000 0.001 0.000 0.000 0.000 0.001 0.002 0.000 0.000 0.000 0.396 0.001 0.007 0.022 0.000 0.000 0.011 0.007 0.185 0.932 0.015 0.589 0.003 0.000 0.001 0.002 0.000 0.001 0.001 0.002 0.009 0.008 0.003 0.000 
34 spade_vis 30 0.002 0.000 0.000 0.001 0.000 0.995 0.001 0.992 0.002 0.016 0.000 0.000 0.000 0.000 0.000 0.002 0.000 0.000 0.000 0.004 0.002 0.000 0.000 0.001 0.000 0.001 0.000 0.000 0.000 0.000 0.000 0.000 0.001 0.001 0.000 0.002 0.000 0.003 0.000 0.000 0.004 0.527 0.926 0.001 0.038 0.025 0.005 0.000 0.000 0.001 0.001 0.016 0.001 0.000 0.006 0.001 0.000 0.000 
35 wrench_vis 30 0.016 0.000 0.000 0.423 0.000 0.995 0.000 0.364 0.003 0.984 0.000 0.000 0.000 0.000 0.001 0.000 0.004 0.000 0.000 0.000 0.010 0.000 0.004 0.398 0.000 0.000 0.000 0.004 0.000 0.001 0.000 0.000 0.000 0.000 0.000 0.001 0.000 0.003 0.000 0.000 0.002 0.871 0.009 0.006 0.030 0.024 0.255 0.000 0.001 0.011 0.001 0.002 0.007 0.136 0.156 0.324 0.003 0.000 
36 accordion_vis 30 0.001 0.000 0.000 0.001 0.007 0.995 0.004 0.001 0.990 0.030 0.000 0.000 0.001 0.000 0.001 0.000 0.000 0.000 0.000 0.000 0.000 0.000 0.001 0.031 0.000 0.000 0.000 0.000 0.000 0.050 0.001 0.000 0.001 0.000 0.004 0.001 0.003 0.002 0.001 0.002 0.000 0.070 0.000 0.010 0.000 0.001 0.010 0.001 0.022 0.956 0.002 0.010 0.000 0.336 0.001 0.012 0.037 0.001 
37 cello_vis 30 0.005 0.000 0.000 0.001 0.007 0.994 0.001 0.005 0.973 0.010 0.000 0.001 0.001 0.000 0.002 0.001 0.000 0.000 0.001 0.000 0.000 0.000 0.003 0.014 0.000 0.001 0.000 0.000 0.000 0.003 0.065 0.000 0.001 0.002 0.000 0.007 0.002 0.002 0.000 0.001 0.071 0.036 0.001 0.001 0.000 0.130 0.001 0.015 0.076 0.010 0.006 0.956 0.000 0.103 0.077 0.001 0.000 0.002 
38 flute_vis 30 0.002 0.000 0.060 0.002 0.000 0.995 0.008 0.991 0.004 0.009 0.000 0.000 0.000 0.000 0.000 0.001 0.082 0.000 0.008 0.001 0.002 0.000 0.001 0.014 0.000 0.001 0.000 0.000 0.000 0.000 0.002 0.000 0.000 0.000 0.952 0.001 0.000 0.026 0.001 0.000 0.005 0.002 0.373 0.178 0.009 0.938 0.003 0.001 0.005 0.005 0.001 0.002 0.001 0.001 0.032 0.012 0.003 0.001 
39 guitar_vis 30 0.002 0.000 0.000 0.004 0.000 0.995 0.002 0.940 0.082 0.003 0.000 0.000 0.000 0.000 0.000 0.002 0.001 0.000 0.000 0.003 0.000 0.000 0.001 0.068 0.000 0.006 0.000 0.000 0.000 0.001 0.000 0.000 0.000 0.001 0.001 0.001 0.001 0.005 0.000 0.000 0.005 0.859 0.001 0.038 0.006 0.141 0.006 0.001 0.006 0.023 0.001 0.010 0.000 0.003 0.005 0.001 0.002 0.000 
40 piano_vis 30 0.002 0.000 0.000 0.001 0.019 0.993 0.002 0.006 0.978 0.001 0.001 0.000 0.001 0.000 0.000 0.001 0.000 0.000 0.001 0.000 0.000 0.000 0.001 0.002 0.001 0.002 0.000 0.007 0.000 0.013 0.001 0.002 0.018 0.349 0.000 0.005 0.009 0.001 0.001 0.001 0.001 0.054 0.007 0.001 0.003 0.001 0.001 0.172 0.001 0.003 0.824 0.014 0.000 0.003 0.000 0.006 0.000 0.001 
41 trumpet_vis 30 0.003 0.000 0.080 0.001 0.000 0.995 0.001 0.992 0.005 0.016 0.000 0.000 0.000 0.000 0.000 0.061 0.005 0.000 0.001 0.053 0.105 0.000 0.000 0.011 0.000 0.001 0.000 0.000 0.000 0.000 0.001 0.000 0.000 0.001 0.005 0.001 0.001 0.002 0.000 0.000 0.014 0.096 0.017 0.015 0.002 0.959 0.001 0.001 0.001 0.001 0.001 0.011 0.003 0.018 0.006 0.001 0.000 0.000 
42 fork_vis 30 0.003 0.125 0.000 0.000 0.000 0.995 0.025 0.000 0.000 0.992 0.000 0.000 0.000 0.038 0.008 0.000 0.000 0.000 0.000 0.000 0.019 0.001 0.001 0.000 0.001 0.000 0.000 0.001 0.000 0.000 0.000 0.000 0.000 0.000 0.000 0.061 0.004 0.001 0.008 0.017 0.000 0.009 0.000 0.000 0.000 0.000 0.000 0.000 0.000 0.001 0.000 0.000 0.982 0.074 0.003 0.011 0.008 0.013 
43 spoon_vis 30 0.005 0.000 0.000 0.000 0.000 0.995 0.001 0.000 0.001 0.994 0.000 0.000 0.000 0.004 0.000 0.000 0.000 0.000 0.000 0.000 0.000 0.000 0.003 0.000 0.001 0.000 0.000 0.000 0.000 0.000 0.000 0.000 0.002 0.000 0.000 0.000 0.000 0.001 0.003 0.009 0.000 0.002 0.000 0.000 0.000 0.000 0.000 0.000 0.000 0.011 0.000 0.000 0.044 0.984 0.119 0.022 0.014 0.031 
44 tongs_vis 30 0.009 0.000 0.000 0.000 0.000 0.995 0.001 0.007 0.001 0.991 0.000 0.000 0.000 0.000 0.001 0.000 0.000 0.000 0.000 0.000 0.000 0.000 0.027 0.000 0.000 0.000 0.000 0.000 0.000 0.000 0.000 0.000 0.000 0.000 0.001 0.001 0.000 0.108 0.001 0.000 0.009 0.001 0.001 0.000 0.001 0.026 0.000 0.000 0.000 0.001 0.000 0.001 0.105 0.015 0.989 0.011 0.001 0.018 
45 ladle_vis 30 0.007 0.000 0.000 0.004 0.000 0.995 0.001 0.002 0.000 0.993 0.000 0.000 0.000 0.000 0.000 0.000 0.000 0.000 0.000 0.000 0.000 0.000 0.018 0.000 0.001 0.000 0.000 0.000 0.000 0.000 0.000 0.000 0.001 0.000 0.000 0.000 0.000 0.027 0.001 0.000 0.001 0.001 0.000 0.000 0.002 0.000 0.000 0.000 0.000 0.002 0.000 0.000 0.094 0.172 0.951 0.072 0.003 0.001 
46 knife_vis 30 0.003 0.000 0.000 0.001 0.000 0.995 0.003 0.001 0.001 0.993 0.000 0.000 0.000 0.000 0.000 0.000 0.000 0.000 0.000 0.000 0.000 0.000 0.008 0.000 0.000 0.000 0.000 0.000 0.000 0.000 0.000 0.000 0.000 0.000 0.000 0.000 0.000 0.076 0.002 0.003 0.000 0.001 0.000 0.001 0.001 0.000 0.000 0.000 0.000 0.003 0.000 0.000 0.071 0.069 0.699 0.206 0.040 0.002 
47 chopsticks_vis 30 0.014 0.000 0.000 0.001 0.000 0.995 0.001 0.002 0.001 0.993 0.000 0.000 0.000 0.000 0.000 0.000 0.000 0.000 0.000 0.000 0.000 0.000 0.029 0.000 0.000 0.000 0.000 0.000 0.000 0.000 0.000 0.000 0.000 0.000 0.000 0.001 0.000 0.064 0.001 0.000 0.002 0.001 0.000 0.000 0.001 0.003 0.000 0.000 0.000 0.003 0.000 0.000 0.074 0.074 0.987 0.038 0.003 0.005 
