0 beaver_vis 30 0.990 0.220 0.001 0.898 0.005 0.004 0.000 0.008 0.001 0.002 0.054 0.000 0.002 0.001 0.004 0.001 0.004 0.001 0.001 0.001 0.000 0.001 0.520 0.000 0.110 0.002 0.533 0.001 0.002 0.002 0.000 0.000 0.001 0.002 0.001 0.001 0.002 0.000 0.000 0.000 0.000 0.015 0.000 0.001 0.002 0.000 0.003 0.000 0.001 0.000 0.006 0.000 0.001 0.054 0.000 0.001 0.000 0.000 
1 bear_vis 30 0.994 0.857 0.033 0.004 0.001 0.001 0.000 0.009 0.001 0.001 0.040 0.184 0.001 0.009 0.007 0.105 0.003 0.001 0.004 0.003 0.008 0.000 0.000 0.002 0.000 0.019 0.008 0.000 0.006 0.001 0.001 0.000 0.001 0.001 0.000 0.000 0.001 0.000 0.000 0.002 0.001 0.000 0.000 0.000 0.103 0.000 0.001 0.002 0.001 0.001 0.000 0.000 0.000 0.005 0.000 0.000 0.000 0.008 
2 sheep_vis 30 0.977 0.388 0.334 0.060 0.000 0.013 0.001 0.001 0.001 0.057 0.019 0.000 0.002 0.001 0.061 0.404 0.049 0.005 0.127 0.005 0.002 0.003 0.001 0.000 0.002 0.602 0.000 0.000 0.001 0.002 0.000 0.000 0.001 0.000 0.003 0.001 0.006 0.000 0.000 0.003 0.000 0.001 0.001 0.000 0.001 0.000 0.004 0.020 0.001 0.001 0.000 0.001 0.026 0.017 0.000 0.001 0.001 0.676 
3 buffalo_vis 30 0.995 0.921 0.021 0.003 0.001 0.001 0.000 0.004 0.001 0.000 0.016 0.006 0.000 0.164 0.006 0.197 0.007 0.001 0.001 0.005 0.015 0.000 0.001 0.002 0.000 0.003 0.004 0.000 0.005 0.001 0.002 0.000 0.001 0.001 0.000 0.000 0.001 0.000 0.000 0.002 0.004 0.000 0.000 0.000 0.023 0.000 0.000 0.002 0.001 0.001 0.000 0.000 0.000 0.005 0.000 0.000 0.000 0.002 
4 poodle_vis 30 0.994 0.744 0.005 0.060 0.001 0.010 0.000 0.004 0.001 0.059 0.040 0.000 0.001 0.001 0.011 0.002 0.003 0.000 0.001 0.001 0.000 0.003 0.056 0.000 0.002 0.001 0.001 0.000 0.000 0.002 0.000 0.000 0.001 0.000 0.000 0.000 0.001 0.000 0.000 0.000 0.000 0.003 0.000 0.000 0.010 0.000 0.006 0.000 0.001 0.000 0.000 0.000 0.001 0.124 0.000 0.000 0.000 0.000 
5 giraffe_vis 30 0.995 0.967 0.007 0.017 0.001 0.001 0.000 0.008 0.001 0.001 0.032 0.011 0.000 0.043 0.005 0.586 0.004 0.000 0.010 0.003 0.003 0.000 0.001 0.003 0.000 0.007 0.008 0.000 0.002 0.001 0.001 0.000 0.000 0.001 0.000 0.000 0.001 0.000 0.000 0.001 0.005 0.000 0.000 0.000 0.026 0.000 0.000 0.001 0.001 0.002 0.000 0.000 0.000 0.004 0.000 0.000 0.000 0.003 
6 robin_vis 30 0.887 0.016 0.879 0.000 0.015 0.068 0.000 0.004 0.003 0.572 0.082 0.000 0.001 0.001 0.012 0.010 0.927 0.002 0.021 0.001 0.025 0.022 0.000 0.000 0.001 0.001 0.000 0.000 0.012 0.006 0.000 0.002 0.003 0.000 0.000 0.006 0.003 0.000 0.000 0.001 0.000 0.001 0.001 0.000 0.009 0.000 0.011 0.078 0.001 0.002 0.001 0.000 0.009 0.903 0.000 0.001 0.002 0.068 
7 swan_vis 30 0.964 0.869 0.005 0.195 0.001 0.075 0.003 0.005 0.002 0.017 0.007 0.004 0.851 0.001 0.010 0.000 0.001 0.007 0.001 0.001 0.001 0.028 0.418 0.000 0.070 0.004 0.001 0.002 0.000 0.004 0.000 0.000 0.001 0.001 0.003 0.000 0.030 0.004 0.000 0.001 0.000 0.217 0.000 0.004 0.002 0.001 0.026 0.001 0.001 0.001 0.000 0.000 0.002 0.008 0.001 0.594 0.000 0.001 
8 woodpecker_vis 30 0.897 0.078 0.514 0.059 0.000 0.125 0.001 0.001 0.001 0.338 0.075 0.001 0.204 0.000 0.002 0.000 0.001 0.015 0.671 0.001 0.001 0.050 0.003 0.000 0.726 0.025 0.001 0.000 0.000 0.001 0.000 0.000 0.001 0.000 0.001 0.000 0.005 0.000 0.000 0.000 0.000 0.003 0.000 0.000 0.001 0.000 0.068 0.000 0.001 0.001 0.000 0.000 0.008 0.051 0.000 0.350 0.002 0.003 
9 peacock_vis 30 0.959 0.301 0.289 0.173 0.000 0.127 0.000 0.001 0.001 0.581 0.215 0.000 0.002 0.001 0.007 0.001 0.071 0.001 0.155 0.001 0.000 0.063 0.044 0.000 0.351 0.007 0.001 0.000 0.000 0.002 0.000 0.000 0.002 0.000 0.000 0.001 0.003 0.000 0.000 0.000 0.000 0.003 0.000 0.000 0.000 0.000 0.033 0.000 0.001 0.001 0.001 0.000 0.050 0.840 0.000 0.027 0.027 0.001 
10 crow_vis 30 0.946 0.012 0.942 0.000 0.025 0.008 0.000 0.003 0.003 0.039 0.100 0.000 0.000 0.001 0.011 0.007 0.970 0.016 0.011 0.002 0.118 0.007 0.000 0.000 0.000 0.000 0.000 0.000 0.100 0.004 0.000 0.002 0.001 0.000 0.000 0.002 0.002 0.000 0.000 0.002 0.000 0.001 0.001 0.000 0.024 0.000 0.007 0.569 0.001 0.001 0.001 0.000 0.006 0.387 0.000 0.001 0.001 0.100 
11 eagle_vis 30 0.978 0.319 0.240 0.150 0.000 0.042 0.001 0.001 0.001 0.482 0.122 0.000 0.016 0.000 0.003 0.000 0.016 0.001 0.219 0.001 0.000 0.041 0.022 0.000 0.341 0.006 0.001 0.000 0.000 0.002 0.000 0.000 0.002 0.000 0.001 0.000 0.004 0.000 0.000 0.000 0.000 0.002 0.000 0.000 0.000 0.001 0.026 0.000 0.001 0.001 0.000 0.000 0.004 0.487 0.000 0.038 0.002 0.001 
12 tuna_vis 30 0.971 0.002 0.000 0.987 0.014 0.081 0.015 0.001 0.001 0.049 0.000 0.000 0.048 0.000 0.001 0.000 0.000 0.001 0.001 0.000 0.000 0.001 0.096 0.001 0.961 0.037 0.001 0.005 0.000 0.003 0.000 0.001 0.052 0.000 0.023 0.002 0.011 0.001 0.000 0.000 0.000 0.002 0.000 0.001 0.000 0.000 0.001 0.000 0.001 0.000 0.006 0.001 0.001 0.001 0.011 0.030 0.000 0.000 
13 goldfish_vis 30 0.992 0.003 0.000 0.985 0.016 0.003 0.001 0.008 0.001 0.000 0.000 0.015 0.001 0.000 0.000 0.002 0.000 0.000 0.000 0.000 0.000 0.000 0.004 0.573 0.001 0.059 0.022 0.020 0.001 0.001 0.007 0.000 0.001 0.001 0.001 0.000 0.001 0.001 0.003 0.000 0.001 0.001 0.001 0.001 0.167 0.001 0.000 0.000 0.000 0.000 0.000 0.001 0.000 0.000 0.007 0.000 0.000 0.000 
14 salmon_vis 30 0.973 0.002 0.001 0.975 0.008 0.025 0.001 0.001 0.002 0.037 0.001 0.000 0.010 0.000 0.001 0.000 0.001 0.001 0.005 0.000 0.000 0.001 0.058 0.000 0.954 0.044 0.002 0.001 0.000 0.002 0.000 0.002 0.033 0.000 0.002 0.002 0.006 0.000 0.000 0.000 0.000 0.002 0.000 0.000 0.000 0.000 0.003 0.000 0.001 0.001 0.011 0.000 0.001 0.011 0.001 0.008 0.000 0.000 
15 sardine_vis 30 0.983 0.010 0.000 0.968 0.021 0.014 0.003 0.017 0.001 0.003 0.000 0.000 0.038 0.000 0.001 0.000 0.000 0.001 0.000 0.000 0.000 0.001 0.062 0.004 0.029 0.004 0.062 0.434 0.000 0.002 0.001 0.000 0.001 0.000 0.009 0.000 0.003 0.001 0.000 0.000 0.001 0.003 0.008 0.015 0.039 0.001 0.001 0.000 0.001 0.000 0.000 0.000 0.001 0.001 0.001 0.008 0.000 0.000 
16 catfish_vis 30 0.994 0.003 0.000 0.466 0.809 0.001 0.000 0.034 0.001 0.000 0.001 0.002 0.000 0.000 0.000 0.001 0.001 0.000 0.000 0.000 0.000 0.000 0.101 0.003 0.012 0.001 0.589 0.001 0.060 0.002 0.002 0.002 0.005 0.602 0.000 0.000 0.001 0.000 0.000 0.000 0.001 0.060 0.000 0.002 0.006 0.000 0.001 0.000 0.001 0.000 0.001 0.000 0.000 0.001 0.000 0.000 0.000 0.000 
17 cod_vis 30 0.980 0.003 0.000 0.986 0.027 0.077 0.002 0.028 0.001 0.002 0.000 0.000 0.008 0.000 0.001 0.000 0.000 0.000 0.000 0.000 0.000 0.000 0.720 0.004 0.056 0.001 0.098 0.056 0.000 0.004 0.001 0.000 0.002 0.001 0.007 0.000 0.002 0.003 0.000 0.000 0.001 0.101 0.001 0.026 0.020 0.001 0.001 0.000 0.001 0.000 0.001 0.000 0.001 0.001 0.007 0.002 0.000 0.000 
18 turtle_vis 30 0.994 0.000 0.000 0.045 0.989 0.015 0.000 0.003 0.001 0.000 0.000 0.000 0.000 0.000 0.000 0.000 0.001 0.000 0.000 0.001 0.000 0.000 0.001 0.001 0.001 0.000 0.003 0.001 0.004 0.011 0.082 0.004 0.013 0.074 0.000 0.005 0.001 0.000 0.000 0.000 0.014 0.003 0.001 0.000 0.007 0.001 0.001 0.000 0.001 0.000 0.001 0.001 0.000 0.000 0.001 0.000 0.000 0.000 
19 rattlesnake_vis 30 0.994 0.000 0.000 0.056 0.991 0.136 0.001 0.008 0.002 0.000 0.000 0.000 0.000 0.010 0.002 0.000 0.001 0.000 0.000 0.001 0.000 0.000 0.108 0.001 0.002 0.000 0.001 0.011 0.000 0.980 0.027 0.004 0.089 0.145 0.049 0.000 0.013 0.022 0.000 0.000 0.014 0.081 0.023 0.003 0.000 0.013 0.011 0.000 0.105 0.000 0.016 0.008 0.001 0.001 0.000 0.000 0.000 0.000 
20 crab_vis 30 0.994 0.000 0.008 0.040 0.980 0.007 0.002 0.001 0.001 0.001 0.000 0.000 0.000 0.000 0.000 0.000 0.001 0.001 0.000 0.001 0.001 0.000 0.003 0.000 0.042 0.002 0.000 0.001 0.003 0.006 0.009 0.043 0.839 0.001 0.001 0.006 0.001 0.001 0.001 0.000 0.000 0.000 0.000 0.000 0.000 0.000 0.001 0.000 0.001 0.001 0.000 0.002 0.000 0.001 0.036 0.000 0.000 0.000 
21 frog_vis 30 0.993 0.000 0.001 0.073 0.991 0.188 0.002 0.001 0.010 0.000 0.000 0.000 0.000 0.001 0.001 0.000 0.007 0.001 0.000 0.002 0.000 0.001 0.006 0.000 0.030 0.000 0.000 0.002 0.000 0.954 0.001 0.171 0.297 0.007 0.041 0.001 0.020 0.000 0.000 0.000 0.001 0.004 0.006 0.000 0.000 0.001 0.019 0.000 0.081 0.000 0.292 0.124 0.004 0.001 0.000 0.000 0.000 0.000 
22 gecko_vis 30 0.986 0.001 0.001 0.707 0.633 0.065 0.024 0.001 0.003 0.103 0.000 0.000 0.006 0.000 0.001 0.000 0.007 0.001 0.000 0.001 0.000 0.003 0.032 0.000 0.659 0.002 0.000 0.002 0.000 0.120 0.000 0.023 0.358 0.000 0.051 0.049 0.024 0.000 0.000 0.000 0.000 0.002 0.000 0.000 0.000 0.001 0.010 0.000 0.003 0.001 0.019 0.004 0.016 0.001 0.002 0.008 0.000 0.000 
23 crocodile_vis 30 0.979 0.001 0.001 0.712 0.811 0.565 0.001 0.001 0.020 0.000 0.000 0.000 0.002 0.000 0.000 0.000 0.002 0.000 0.000 0.001 0.000 0.000 0.001 0.001 0.417 0.003 0.000 0.001 0.000 0.232 0.000 0.290 0.025 0.001 0.003 0.001 0.004 0.000 0.000 0.000 0.000 0.003 0.003 0.000 0.000 0.001 0.030 0.000 0.004 0.001 0.774 0.164 0.001 0.001 0.001 0.001 0.000 0.000 
24 axe_vis 30 0.002 0.000 0.000 0.027 0.001 0.995 0.009 0.004 0.009 0.986 0.000 0.000 0.001 0.000 0.000 0.000 0.000 0.000 0.004 0.000 0.000 0.000 0.005 0.003 0.007 0.005 0.000 0.000 0.000 0.001 0.000 0.001 0.022 0.000 0.007 0.008 0.001 0.006 0.017 0.000 0.001 0.002 0.000 0.001 0.026 0.010 0.000 0.000 0.001 0.068 0.000 0.030 0.001 0.000 0.966 0.012 0.018 0.000 
25 hammer_vis 30 0.015 0.000 0.001 0.002 0.001 0.995 0.966 0.002 0.002 0.011 0.000 0.000 0.000 0.000 0.001 0.000 0.001 0.000 0.000 0.000 0.005 0.000 0.000 0.001 0.000 0.002 0.000 0.000 0.000 0.001 0.001 0.000 0.001 0.000 0.001 0.425 0.004 0.002 0.008 0.377 0.006 0.000 0.000 0.001 0.000 0.000 0.000 0.008 0.001 0.000 0.000 0.018 0.004 0.000 0.001 0.000 0.011 0.036 
26 screwdriver_vis 30 0.032 0.001 0.000 0.012 0.001 0.994 0.099 0.234 0.001 0.339 0.000 0.000 0.002 0.000 0.000 0.000 0.000 0.000 0.000 0.000 0.001 0.000 0.026 0.003 0.001 0.001 0.000 0.001 0.000 0.001 0.001 0.000 0.001 0.000 0.003 0.002 0.001 0.036 0.035 0.001 0.001 0.038 0.001 0.003 0.232 0.008 0.000 0.000 0.001 0.000 0.000 0.002 0.001 0.000 0.091 0.018 0.000 0.000 
27 chisel_vis 30 0.006 0.000 0.001 0.007 0.001 0.995 0.029 0.002 0.002 0.954 0.000 0.001 0.002 0.000 0.000 0.000 0.000 0.000 0.020 0.000 0.001 0.000 0.001 0.002 0.001 0.014 0.000 0.000 0.000 0.001 0.000 0.000 0.003 0.000 0.003 0.005 0.001 0.003 0.125 0.000 0.001 0.000 0.000 0.001 0.050 0.006 0.000 0.000 0.001 0.031 0.000 0.036 0.001 0.000 0.654 0.021 0.013 0.041 
28 saw_vis 30 0.016 0.000 0.001 0.004 0.001 0.993 0.990 0.002 0.002 0.001 0.000 0.001 0.106 0.000 0.000 0.000 0.000 0.000 0.000 0.000 0.052 0.000 0.000 0.004 0.001 0.008 0.000 0.000 0.000 0.001 0.001 0.000 0.001 0.000 0.001 0.010 0.048 0.032 0.815 0.091 0.001 0.000 0.000 0.001 0.001 0.001 0.000 0.001 0.001 0.000 0.000 0.005 0.000 0.000 0.001 0.005 0.001 0.012 
29 drill_vis 30 0.012 0.000 0.000 0.003 0.001 0.994 0.993 0.002 0.003 0.001 0.000 0.001 0.052 0.000 0.001 0.000 0.000 0.000 0.000 0.000 0.048 0.000 0.000 0.010 0.001 0.007 0.000 0.000 0.000 0.001 0.003 0.000 0.002 0.000 0.002 0.008 0.067 0.135 0.923 0.152 0.001 0.000 0.000 0.001 0.001 0.002 0.000 0.001 0.001 0.000 0.000 0.008 0.001 0.000 0.001 0.003 0.001 0.004 
30 clamp_vis 30 0.012 0.001 0.000 0.005 0.002 0.996 0.004 0.961 0.001 0.001 0.000 0.000 0.000 0.000 0.001 0.000 0.000 0.000 0.000 0.000 0.000 0.000 0.001 0.001 0.000 0.000 0.001 0.001 0.000 0.001 0.004 0.000 0.000 0.000 0.001 0.002 0.004 0.013 0.000 0.000 0.063 0.002 0.017 0.486 0.009 0.001 0.000 0.000 0.001 0.000 0.000 0.001 0.001 0.000 0.001 0.000 0.000 0.000 
31 hoe_vis 30 0.102 0.017 0.000 0.001 0.001 0.996 0.001 0.939 0.001 0.548 0.000 0.010 0.002 0.000 0.000 0.000 0.000 0.000 0.000 0.000 0.000 0.000 0.001 0.001 0.000 0.000 0.000 0.000 0.000 0.001 0.000 0.000 0.000 0.000 0.001 0.000 0.000 0.009 0.000 0.000 0.001 0.010 0.001 0.003 0.955 0.231 0.000 0.000 0.000 0.002 0.000 0.000 0.000 0.000 0.021 0.002 0.000 0.012 
32 rake_vis 30 0.062 0.003 0.000 0.001 0.001 0.995 0.001 0.935 0.001 0.005 0.000 0.004 0.001 0.000 0.000 0.000 0.000 0.000 0.000 0.000 0.000 0.000 0.001 0.003 0.000 0.000 0.000 0.000 0.000 0.001 0.001 0.000 0.000 0.000 0.001 0.000 0.000 0.005 0.000 0.000 0.005 0.001 0.005 0.005 0.846 0.040 0.000 0.000 0.000 0.000 0.000 0.001 0.001 0.000 0.003 0.000 0.000 0.003 
33 shovel_vis 30 0.095 0.006 0.000 0.001 0.001 0.995 0.001 0.928 0.001 0.024 0.000 0.007 0.001 0.000 0.000 0.000 0.000 0.000 0.000 0.000 0.000 0.000 0.001 0.001 0.000 0.000 0.000 0.000 0.000 0.001 0.001 0.000 0.000 0.000 0.001 0.000 0.000 0.009 0.000 0.000 0.002 0.003 0.001 0.008 0.893 0.066 0.000 0.000 0.000 0.000 0.000 0.001 0.000 0.000 0.004 0.000 0.000 0.011 
34 spade_vis 30 0.081 0.005 0.000 0.001 0.001 0.995 0.001 0.941 0.001 0.017 0.000 0.006 0.001 0.000 0.000 0.000 0.000 0.000 0.000 0.000 0.000 0.000 0.001 0.002 0.000 0.000 0.000 0.000 0.000 0.001 0.001 0.000 0.000 0.000 0.001 0.000 0.000 0.004 0.000 0.000 0.002 0.005 0.003 0.003 0.935 0.074 0.000 0.000 0.001 0.000 0.000 0.001 0.001 0.000 0.005 0.000 0.000 0.009 
35 wrench_vis 30 0.071 0.013 0.000 0.001 0.001 0.996 0.001 0.943 0.000 0.768 0.000 0.007 0.002 0.000 0.000 0.000 0.000 0.000 0.000 0.000 0.000 0.000 0.002 0.001 0.000 0.000 0.000 0.000 0.000 0.001 0.000 0.000 0.000 0.000 0.002 0.000 0.000 0.014 0.000 0.000 0.001 0.040 0.001 0.004 0.907 0.275 0.000 0.000 0.000 0.003 0.000 0.000 0.001 0.000 0.032 0.012 0.000 0.002 
36 accordion_vis 30 0.003 0.001 0.000 0.015 0.001 0.996 0.003 0.004 0.004 0.989 0.000 0.000 0.002 0.000 0.000 0.000 0.000 0.000 0.003 0.000 0.000 0.001 0.004 0.001 0.007 0.002 0.000 0.000 0.000 0.001 0.000 0.001 0.012 0.000 0.004 0.003 0.001 0.004 0.003 0.000 0.000 0.005 0.000 0.001 0.022 0.006 0.001 0.000 0.001 0.036 0.000 0.014 0.002 0.001 0.913 0.043 0.011 0.000 
37 cello_vis 30 0.004 0.000 0.004 0.001 0.001 0.996 0.001 0.002 0.992 0.320 0.000 0.005 0.000 0.000 0.000 0.000 0.000 0.000 0.025 0.001 0.000 0.000 0.000 0.000 0.001 0.001 0.000 0.000 0.000 0.001 0.000 0.003 0.001 0.000 0.001 0.001 0.000 0.000 0.000 0.001 0.001 0.001 0.001 0.000 0.000 0.370 0.016 0.004 0.005 0.845 0.001 0.218 0.001 0.000 0.130 0.003 0.013 0.001 
38 flute_vis 30 0.005 0.000 0.001 0.010 0.001 0.996 0.005 0.002 0.006 0.993 0.000 0.000 0.001 0.000 0.000 0.000 0.000 0.000 0.027 0.000 0.001 0.000 0.003 0.001 0.004 0.003 0.000 0.000 0.000 0.001 0.000 0.001 0.012 0.000 0.003 0.004 0.000 0.005 0.007 0.000 0.001 0.001 0.000 0.001 0.019 0.008 0.000 0.000 0.001 0.103 0.000 0.013 0.001 0.000 0.755 0.062 0.049 0.002 
39 guitar_vis 30 0.008 0.001 0.005 0.000 0.000 0.996 0.002 0.002 0.005 0.993 0.000 0.001 0.004 0.000 0.000 0.000 0.000 0.000 0.049 0.000 0.001 0.000 0.001 0.000 0.001 0.001 0.000 0.000 0.000 0.001 0.000 0.000 0.001 0.000 0.002 0.000 0.000 0.002 0.000 0.000 0.001 0.001 0.000 0.000 0.005 0.011 0.000 0.000 0.001 0.133 0.000 0.003 0.002 0.001 0.354 0.266 0.095 0.013 
40 piano_vis 30 0.002 0.000 0.000 0.002 0.001 0.996 0.001 0.005 0.980 0.632 0.000 0.000 0.000 0.000 0.000 0.000 0.000 0.000 0.001 0.000 0.000 0.000 0.000 0.001 0.001 0.001 0.000 0.000 0.000 0.002 0.000 0.005 0.001 0.000 0.002 0.000 0.001 0.001 0.000 0.000 0.001 0.003 0.001 0.000 0.000 0.689 0.004 0.000 0.003 0.513 0.002 0.801 0.001 0.000 0.789 0.005 0.007 0.000 
41 trumpet_vis 30 0.016 0.006 0.000 0.001 0.001 0.996 0.001 0.977 0.001 0.002 0.000 0.000 0.001 0.000 0.000 0.000 0.000 0.000 0.000 0.000 0.000 0.000 0.001 0.000 0.000 0.000 0.000 0.000 0.000 0.002 0.000 0.000 0.000 0.001 0.001 0.000 0.008 0.001 0.000 0.000 0.003 0.096 0.032 0.005 0.001 0.028 0.004 0.000 0.001 0.000 0.001 0.001 0.001 0.000 0.003 0.003 0.000 0.000 
42 fork_vis 30 0.012 0.003 0.004 0.001 0.000 0.994 0.001 0.002 0.001 0.991 0.000 0.000 0.002 0.000 0.002 0.000 0.001 0.000 0.004 0.000 0.000 0.020 0.015 0.000 0.020 0.000 0.000 0.000 0.000 0.004 0.000 0.000 0.001 0.000 0.009 0.001 0.004 0.000 0.000 0.000 0.000 0.014 0.000 0.000 0.003 0.000 0.011 0.000 0.001 0.001 0.002 0.001 0.502 0.067 0.002 0.612 0.018 0.002 
43 spoon_vis 30 0.033 0.002 0.004 0.002 0.000 0.994 0.001 0.001 0.001 0.989 0.000 0.000 0.013 0.000 0.001 0.000 0.000 0.000 0.010 0.000 0.000 0.003 0.004 0.000 0.094 0.001 0.000 0.000 0.000 0.001 0.000 0.000 0.002 0.000 0.004 0.000 0.002 0.000 0.000 0.000 0.000 0.006 0.000 0.000 0.003 0.001 0.004 0.000 0.001 0.003 0.000 0.001 0.015 0.008 0.019 0.687 0.013 0.002 
44 tongs_vis 30 0.005 0.001 0.001 0.018 0.001 0.994 0.029 0.002 0.006 0.821 0.000 0.000 0.001 0.000 0.001 0.000 0.000 0.000 0.003 0.000 0.002 0.000 0.001 0.005 0.002 0.039 0.000 0.000 0.000 0.001 0.000 0.001 0.007 0.000 0.010 0.007 0.001 0.003 0.286 0.002 0.001 0.001 0.000 0.000 0.075 0.007 0.000 0.000 0.001 0.028 0.000 0.080 0.002 0.001 0.621 0.004 0.015 0.018 
45 ladle_vis 30 0.448 0.002 0.006 0.016 0.000 0.965 0.001 0.006 0.001 0.965 0.000 0.000 0.167 0.000 0.000 0.000 0.000 0.002 0.024 0.000 0.000 0.010 0.006 0.000 0.474 0.002 0.000 0.000 0.000 0.001 0.000 0.000 0.001 0.000 0.012 0.000 0.003 0.001 0.000 0.000 0.000 0.021 0.000 0.001 0.003 0.001 0.008 0.000 0.000 0.000 0.000 0.000 0.017 0.001 0.008 0.865 0.000 0.000 
46 knife_vis 30 0.011 0.001 0.002 0.000 0.000 0.995 0.001 0.001 0.009 0.993 0.000 0.000 0.001 0.000 0.001 0.000 0.000 0.000 0.002 0.000 0.001 0.001 0.005 0.000 0.000 0.000 0.000 0.000 0.000 0.001 0.000 0.000 0.003 0.000 0.001 0.004 0.001 0.002 0.000 0.001 0.001 0.001 0.000 0.000 0.011 0.002 0.001 0.000 0.001 0.049 0.000 0.008 0.028 0.006 0.061 0.006 0.889 0.017 
47 chopsticks_vis 30 0.008 0.001 0.003 0.002 0.001 0.995 0.004 0.001 0.003 0.989 0.000 0.000 0.005 0.000 0.001 0.000 0.000 0.000 0.010 0.000 0.002 0.001 0.001 0.001 0.003 0.004 0.000 0.000 0.000 0.001 0.000 0.000 0.003 0.000 0.007 0.001 0.001 0.001 0.005 0.001 0.000 0.001 0.000 0.000 0.026 0.004 0.001 0.000 0.001 0.021 0.000 0.012 0.005 0.002 0.362 0.109 0.045 0.032 
