0 beaver_vis 30 0.995 0.985 0.021 0.031 0.000 0.002 0.001 0.000 0.001 0.001 0.428 0.002 0.977 0.009 0.005 0.000 0.017 0.004 0.155 0.000 0.001 0.053 0.001 0.000 0.264 0.022 0.000 0.001 0.060 0.001 0.000 0.000 0.000 0.000 0.022 0.001 0.000 0.000 0.001 0.001 0.000 0.000 0.001 0.000 0.003 0.000 0.000 0.000 0.000 0.000 0.000 0.000 0.001 0.000 0.022 0.002 0.047 0.001 
1 bear_vis 30 0.996 0.992 0.003 0.004 0.001 0.002 0.006 0.000 0.001 0.000 0.015 0.808 0.022 0.099 0.018 0.149 0.000 0.000 0.001 0.184 0.002 0.009 0.000 0.000 0.002 0.000 0.017 0.000 0.000 0.001 0.004 0.000 0.000 0.001 0.000 0.000 0.001 0.000 0.004 0.006 0.000 0.000 0.001 0.000 0.000 0.000 0.000 0.000 0.003 0.000 0.000 0.000 0.000 0.000 0.000 0.000 0.000 0.001 
2 sheep_vis 30 0.990 0.063 0.001 0.902 0.002 0.002 0.014 0.000 0.000 0.001 0.002 0.003 0.021 0.000 0.001 0.014 0.001 0.001 0.000 0.000 0.000 0.003 0.004 0.027 0.262 0.007 0.440 0.002 0.006 0.001 0.000 0.001 0.000 0.001 0.025 0.000 0.000 0.000 0.001 0.001 0.001 0.000 0.001 0.000 0.001 0.000 0.000 0.000 0.001 0.000 0.000 0.000 0.000 0.000 0.001 0.003 0.000 0.004 
3 buffalo_vis 30 0.996 0.994 0.018 0.000 0.005 0.002 0.006 0.000 0.004 0.000 0.056 0.007 0.106 0.981 0.057 0.041 0.002 0.000 0.009 0.025 0.010 0.024 0.000 0.000 0.000 0.000 0.000 0.000 0.001 0.001 0.106 0.000 0.000 0.001 0.001 0.000 0.006 0.000 0.001 0.011 0.004 0.000 0.001 0.000 0.000 0.000 0.000 0.001 0.009 0.000 0.000 0.001 0.000 0.000 0.000 0.000 0.000 0.000 
4 poodle_vis 30 0.995 0.980 0.012 0.000 0.003 0.002 0.001 0.000 0.001 0.062 0.007 0.001 0.021 0.005 0.006 0.184 0.045 0.000 0.001 0.000 0.022 0.037 0.000 0.000 0.000 0.000 0.000 0.002 0.000 0.003 0.001 0.017 0.000 0.000 0.000 0.001 0.003 0.000 0.001 0.001 0.001 0.000 0.001 0.000 0.000 0.000 0.000 0.002 0.000 0.000 0.000 0.001 0.002 0.128 0.001 0.000 0.000 0.000 
5 giraffe_vis 30 0.996 0.994 0.014 0.000 0.004 0.002 0.002 0.000 0.002 0.000 0.079 0.004 0.047 0.976 0.168 0.027 0.003 0.000 0.013 0.006 0.009 0.018 0.000 0.000 0.000 0.000 0.000 0.000 0.001 0.001 0.054 0.000 0.000 0.001 0.000 0.001 0.006 0.000 0.001 0.003 0.006 0.000 0.001 0.000 0.000 0.000 0.000 0.001 0.004 0.000 0.000 0.001 0.001 0.000 0.000 0.000 0.000 0.000 
6 robin_vis 30 0.995 0.003 0.987 0.002 0.001 0.002 0.000 0.000 0.001 0.028 0.001 0.001 0.005 0.000 0.000 0.000 0.978 0.069 0.044 0.000 0.172 0.041 0.005 0.000 0.000 0.001 0.000 0.002 0.001 0.002 0.000 0.006 0.001 0.000 0.000 0.011 0.000 0.000 0.000 0.000 0.067 0.000 0.001 0.000 0.001 0.000 0.009 0.001 0.000 0.000 0.003 0.000 0.001 0.006 0.002 0.000 0.008 0.000 
7 swan_vis 30 0.995 0.004 0.982 0.001 0.031 0.002 0.000 0.000 0.001 0.018 0.001 0.001 0.001 0.001 0.001 0.000 0.938 0.011 0.009 0.001 0.361 0.021 0.002 0.000 0.000 0.000 0.000 0.001 0.001 0.010 0.000 0.009 0.003 0.000 0.000 0.005 0.000 0.001 0.000 0.000 0.010 0.000 0.008 0.000 0.001 0.000 0.009 0.006 0.000 0.000 0.067 0.000 0.001 0.038 0.001 0.000 0.013 0.000 
8 woodpecker_vis 30 0.995 0.179 0.368 0.006 0.000 0.002 0.001 0.000 0.001 0.045 0.002 0.021 0.337 0.000 0.002 0.011 0.016 0.001 0.019 0.001 0.002 0.428 0.004 0.000 0.000 0.000 0.000 0.001 0.000 0.001 0.000 0.000 0.000 0.000 0.000 0.003 0.000 0.001 0.001 0.000 0.001 0.000 0.001 0.000 0.001 0.000 0.000 0.001 0.000 0.000 0.000 0.001 0.001 0.000 0.000 0.000 0.351 0.009 
9 peacock_vis 30 0.995 0.038 0.987 0.135 0.000 0.002 0.002 0.000 0.001 0.001 0.038 0.002 0.006 0.001 0.009 0.001 0.002 0.020 0.346 0.005 0.004 0.649 0.022 0.000 0.000 0.017 0.000 0.001 0.000 0.001 0.000 0.000 0.000 0.001 0.000 0.002 0.001 0.000 0.006 0.001 0.000 0.000 0.001 0.011 0.000 0.000 0.003 0.001 0.000 0.000 0.000 0.001 0.001 0.000 0.000 0.000 0.001 0.000 
10 crow_vis 30 0.995 0.002 0.991 0.000 0.034 0.002 0.001 0.000 0.001 0.001 0.001 0.001 0.001 0.001 0.000 0.038 0.037 0.059 0.001 0.001 0.947 0.032 0.001 0.000 0.000 0.000 0.000 0.000 0.001 0.004 0.001 0.002 0.276 0.001 0.000 0.001 0.002 0.001 0.001 0.000 0.001 0.000 0.001 0.000 0.000 0.001 0.002 0.009 0.000 0.005 0.052 0.001 0.001 0.066 0.000 0.000 0.001 0.000 
11 eagle_vis 30 0.995 0.018 0.991 0.013 0.000 0.002 0.001 0.000 0.001 0.001 0.010 0.001 0.013 0.000 0.001 0.000 0.265 0.038 0.107 0.001 0.016 0.909 0.012 0.000 0.000 0.001 0.000 0.004 0.000 0.001 0.000 0.002 0.000 0.000 0.000 0.004 0.000 0.001 0.001 0.000 0.001 0.000 0.001 0.000 0.001 0.001 0.002 0.001 0.000 0.000 0.000 0.001 0.001 0.000 0.000 0.000 0.008 0.000 
12 tuna_vis 30 0.994 0.123 0.001 0.989 0.002 0.002 0.041 0.000 0.001 0.001 0.011 0.001 0.006 0.001 0.028 0.000 0.001 0.000 0.001 0.001 0.001 0.005 0.055 0.555 0.940 0.005 0.018 0.146 0.003 0.001 0.000 0.000 0.002 0.001 0.001 0.001 0.000 0.000 0.099 0.035 0.000 0.001 0.001 0.001 0.002 0.000 0.000 0.000 0.000 0.000 0.000 0.000 0.000 0.000 0.005 0.006 0.000 0.001 
13 goldfish_vis 30 0.990 0.005 0.001 0.983 0.031 0.002 0.042 0.000 0.001 0.001 0.182 0.001 0.002 0.001 0.002 0.000 0.002 0.005 0.001 0.001 0.001 0.001 0.015 0.621 0.042 0.277 0.062 0.004 0.006 0.001 0.012 0.002 0.000 0.001 0.009 0.001 0.000 0.000 0.001 0.008 0.001 0.000 0.001 0.003 0.001 0.000 0.000 0.000 0.000 0.000 0.000 0.000 0.001 0.000 0.003 0.001 0.000 0.001 
14 salmon_vis 30 0.991 0.002 0.001 0.990 0.028 0.002 0.001 0.000 0.000 0.001 0.038 0.001 0.008 0.000 0.000 0.000 0.005 0.026 0.000 0.000 0.000 0.001 0.065 0.037 0.054 0.936 0.022 0.043 0.018 0.001 0.000 0.008 0.001 0.000 0.004 0.001 0.000 0.000 0.001 0.001 0.001 0.001 0.001 0.002 0.000 0.000 0.000 0.000 0.000 0.000 0.000 0.000 0.001 0.000 0.008 0.006 0.007 0.002 
15 sardine_vis 30 0.991 0.001 0.001 0.990 0.048 0.002 0.002 0.001 0.001 0.003 0.054 0.001 0.007 0.000 0.000 0.000 0.008 0.036 0.000 0.000 0.000 0.001 0.048 0.074 0.016 0.944 0.060 0.132 0.008 0.001 0.002 0.025 0.001 0.000 0.013 0.001 0.000 0.002 0.001 0.001 0.003 0.004 0.001 0.011 0.000 0.000 0.000 0.000 0.000 0.000 0.000 0.000 0.001 0.000 0.014 0.005 0.001 0.004 
16 catfish_vis 30 0.984 0.004 0.001 0.983 0.022 0.002 0.012 0.000 0.000 0.001 0.039 0.001 0.003 0.000 0.001 0.000 0.002 0.006 0.001 0.005 0.001 0.001 0.024 0.521 0.127 0.167 0.203 0.002 0.016 0.001 0.005 0.001 0.000 0.002 0.007 0.001 0.000 0.000 0.002 0.014 0.001 0.000 0.001 0.001 0.001 0.000 0.000 0.000 0.000 0.000 0.000 0.000 0.000 0.000 0.002 0.002 0.000 0.001 
17 cod_vis 30 0.988 0.001 0.001 0.956 0.019 0.004 0.000 0.093 0.001 0.002 0.005 0.001 0.001 0.000 0.001 0.000 0.002 0.000 0.000 0.001 0.000 0.001 0.012 0.391 0.000 0.007 0.001 0.007 0.000 0.017 0.000 0.002 0.001 0.000 0.001 0.006 0.000 0.000 0.001 0.001 0.011 0.004 0.005 0.041 0.001 0.000 0.000 0.000 0.000 0.000 0.000 0.000 0.001 0.000 0.002 0.003 0.000 0.001 
18 turtle_vis 30 0.991 0.012 0.001 0.015 0.992 0.002 0.001 0.000 0.003 0.001 0.001 0.001 0.028 0.022 0.000 0.001 0.002 0.023 0.000 0.001 0.001 0.001 0.004 0.006 0.030 0.106 0.002 0.001 0.945 0.003 0.048 0.108 0.074 0.014 0.002 0.000 0.001 0.000 0.000 0.000 0.004 0.000 0.001 0.000 0.017 0.001 0.001 0.011 0.001 0.000 0.000 0.001 0.001 0.002 0.002 0.004 0.004 0.000 
19 rattlesnake_vis 30 0.981 0.001 0.041 0.001 0.972 0.008 0.001 0.004 0.012 0.002 0.000 0.001 0.000 0.000 0.000 0.001 0.102 0.000 0.001 0.000 0.325 0.007 0.001 0.000 0.000 0.000 0.000 0.001 0.000 0.957 0.001 0.054 0.036 0.056 0.000 0.054 0.011 0.016 0.001 0.001 0.053 0.000 0.717 0.001 0.001 0.001 0.004 0.133 0.000 0.001 0.843 0.001 0.006 0.002 0.000 0.000 0.000 0.000 
20 crab_vis 30 0.992 0.020 0.001 0.007 0.993 0.002 0.001 0.000 0.001 0.001 0.005 0.001 0.001 0.007 0.001 0.001 0.002 0.024 0.000 0.000 0.002 0.001 0.001 0.008 0.000 0.047 0.003 0.001 0.309 0.013 0.703 0.132 0.011 0.021 0.003 0.001 0.011 0.000 0.000 0.000 0.002 0.000 0.001 0.000 0.001 0.001 0.001 0.004 0.002 0.000 0.000 0.001 0.001 0.001 0.001 0.001 0.000 0.000 
21 frog_vis 30 0.988 0.013 0.001 0.003 0.991 0.002 0.000 0.000 0.001 0.015 0.002 0.001 0.001 0.000 0.001 0.008 0.170 0.001 0.000 0.000 0.008 0.001 0.001 0.001 0.000 0.001 0.000 0.020 0.001 0.971 0.109 0.552 0.023 0.002 0.000 0.001 0.010 0.000 0.000 0.000 0.007 0.000 0.040 0.000 0.001 0.000 0.001 0.036 0.000 0.000 0.002 0.000 0.131 0.026 0.006 0.003 0.000 0.001 
22 gecko_vis 30 0.976 0.002 0.001 0.010 0.986 0.002 0.001 0.000 0.001 0.003 0.000 0.001 0.001 0.000 0.003 0.008 0.002 0.000 0.000 0.000 0.003 0.001 0.003 0.003 0.024 0.000 0.000 0.103 0.063 0.080 0.000 0.049 0.925 0.006 0.000 0.001 0.001 0.000 0.000 0.000 0.001 0.000 0.001 0.000 0.001 0.000 0.001 0.004 0.000 0.000 0.025 0.001 0.001 0.001 0.002 0.000 0.000 0.000 
23 crocodile_vis 30 0.978 0.003 0.001 0.006 0.987 0.002 0.001 0.000 0.001 0.002 0.000 0.001 0.001 0.000 0.003 0.007 0.002 0.000 0.000 0.000 0.003 0.001 0.001 0.001 0.004 0.000 0.000 0.073 0.009 0.142 0.001 0.080 0.910 0.002 0.000 0.001 0.001 0.000 0.000 0.000 0.002 0.000 0.001 0.000 0.000 0.000 0.001 0.003 0.000 0.000 0.013 0.001 0.001 0.003 0.002 0.000 0.000 0.000 
24 axe_vis 30 0.004 0.001 0.005 0.023 0.000 0.989 0.991 0.005 0.001 0.001 0.001 0.002 0.000 0.000 0.001 0.001 0.001 0.002 0.003 0.018 0.001 0.002 0.099 0.002 0.002 0.000 0.125 0.000 0.000 0.001 0.000 0.000 0.000 0.098 0.001 0.047 0.001 0.059 0.774 0.318 0.000 0.003 0.001 0.001 0.151 0.002 0.000 0.008 0.001 0.002 0.000 0.001 0.002 0.000 0.000 0.000 0.000 0.004 
25 hammer_vis 30 0.006 0.001 0.005 0.010 0.000 0.985 0.986 0.003 0.001 0.001 0.001 0.001 0.000 0.000 0.001 0.000 0.001 0.002 0.006 0.004 0.001 0.003 0.049 0.001 0.001 0.000 0.010 0.000 0.000 0.001 0.000 0.000 0.000 0.047 0.001 0.084 0.001 0.020 0.530 0.071 0.000 0.001 0.002 0.001 0.077 0.001 0.000 0.012 0.000 0.001 0.000 0.001 0.001 0.000 0.000 0.000 0.000 0.001 
26 screwdriver_vis 30 0.008 0.001 0.007 0.008 0.000 0.976 0.985 0.003 0.001 0.001 0.001 0.001 0.000 0.000 0.001 0.000 0.002 0.002 0.010 0.003 0.001 0.004 0.048 0.001 0.001 0.000 0.005 0.000 0.000 0.001 0.000 0.000 0.000 0.038 0.000 0.097 0.001 0.013 0.482 0.030 0.000 0.001 0.002 0.003 0.055 0.002 0.000 0.010 0.000 0.001 0.000 0.001 0.001 0.000 0.000 0.000 0.000 0.000 
27 chisel_vis 30 0.018 0.001 0.032 0.083 0.000 0.800 0.992 0.342 0.001 0.001 0.001 0.003 0.000 0.000 0.000 0.000 0.001 0.021 0.013 0.602 0.001 0.012 0.395 0.001 0.001 0.000 0.391 0.000 0.000 0.001 0.000 0.000 0.000 0.341 0.001 0.015 0.001 0.468 0.984 0.075 0.000 0.031 0.003 0.046 0.556 0.451 0.000 0.002 0.001 0.044 0.000 0.004 0.001 0.000 0.000 0.000 0.001 0.001 
28 saw_vis 30 0.009 0.001 0.007 0.017 0.000 0.993 0.992 0.004 0.001 0.001 0.001 0.001 0.000 0.000 0.001 0.000 0.001 0.012 0.007 0.024 0.001 0.007 0.112 0.001 0.001 0.000 0.068 0.000 0.000 0.001 0.000 0.000 0.000 0.114 0.001 0.024 0.001 0.062 0.942 0.044 0.000 0.002 0.001 0.002 0.088 0.010 0.000 0.005 0.000 0.007 0.000 0.001 0.001 0.000 0.000 0.000 0.001 0.001 
29 drill_vis 30 0.001 0.005 0.001 0.003 0.000 0.996 0.846 0.001 0.001 0.184 0.001 0.002 0.000 0.000 0.001 0.001 0.001 0.000 0.000 0.000 0.001 0.001 0.000 0.055 0.009 0.000 0.007 0.000 0.000 0.001 0.000 0.000 0.000 0.000 0.004 0.003 0.001 0.002 0.002 0.961 0.000 0.000 0.002 0.000 0.054 0.001 0.000 0.001 0.008 0.000 0.000 0.001 0.041 0.000 0.003 0.013 0.001 0.010 
30 clamp_vis 30 0.017 0.000 0.026 0.012 0.000 0.995 0.001 0.993 0.004 0.001 0.001 0.001 0.000 0.000 0.000 0.000 0.002 0.000 0.009 0.001 0.001 0.001 0.002 0.006 0.000 0.000 0.000 0.000 0.000 0.007 0.000 0.000 0.000 0.000 0.000 0.154 0.000 0.002 0.002 0.002 0.011 0.021 0.990 0.473 0.009 0.006 0.001 0.000 0.000 0.000 0.115 0.045 0.003 0.000 0.001 0.003 0.000 0.000 
31 hoe_vis 30 0.005 0.000 0.026 0.018 0.000 0.995 0.000 0.968 0.012 0.031 0.000 0.001 0.000 0.000 0.000 0.000 0.000 0.000 0.001 0.004 0.001 0.001 0.025 0.000 0.000 0.000 0.000 0.000 0.000 0.001 0.000 0.000 0.001 0.000 0.000 0.000 0.000 0.001 0.001 0.000 0.013 0.846 0.023 0.001 0.100 0.005 0.001 0.000 0.000 0.008 0.027 0.003 0.001 0.010 0.000 0.055 0.000 0.013 
32 rake_vis 30 0.013 0.000 0.019 0.008 0.000 0.996 0.001 0.993 0.005 0.001 0.000 0.001 0.000 0.000 0.000 0.000 0.001 0.000 0.012 0.001 0.001 0.001 0.002 0.005 0.000 0.000 0.000 0.000 0.000 0.004 0.000 0.000 0.000 0.000 0.000 0.065 0.000 0.001 0.002 0.001 0.002 0.008 0.971 0.104 0.050 0.011 0.000 0.000 0.000 0.001 0.008 0.056 0.002 0.000 0.000 0.004 0.000 0.000 
33 shovel_vis 30 0.017 0.000 0.025 0.010 0.000 0.996 0.001 0.993 0.004 0.001 0.001 0.001 0.000 0.000 0.000 0.000 0.002 0.000 0.013 0.001 0.001 0.001 0.002 0.008 0.000 0.000 0.000 0.000 0.000 0.007 0.000 0.000 0.000 0.000 0.000 0.175 0.000 0.001 0.002 0.002 0.004 0.006 0.988 0.368 0.008 0.005 0.001 0.000 0.000 0.000 0.099 0.048 0.003 0.000 0.001 0.002 0.000 0.000 
34 spade_vis 30 0.007 0.001 0.015 0.017 0.000 0.978 0.000 0.979 0.004 0.001 0.000 0.001 0.000 0.000 0.000 0.000 0.001 0.000 0.121 0.003 0.001 0.001 0.057 0.057 0.004 0.000 0.000 0.000 0.000 0.001 0.000 0.000 0.000 0.000 0.000 0.001 0.000 0.001 0.016 0.001 0.002 0.011 0.112 0.001 0.833 0.007 0.001 0.001 0.000 0.001 0.000 0.062 0.001 0.001 0.000 0.008 0.000 0.000 
35 wrench_vis 30 0.012 0.000 0.006 0.003 0.000 0.996 0.004 0.989 0.006 0.001 0.001 0.004 0.000 0.000 0.000 0.000 0.000 0.002 0.001 0.014 0.001 0.001 0.001 0.000 0.000 0.000 0.003 0.000 0.000 0.001 0.000 0.000 0.000 0.001 0.006 0.000 0.000 0.145 0.004 0.000 0.006 0.192 0.003 0.065 0.008 0.946 0.000 0.000 0.084 0.017 0.000 0.004 0.001 0.000 0.000 0.006 0.000 0.000 
36 accordion_vis 30 0.005 0.007 0.003 0.000 0.076 0.996 0.001 0.001 0.982 0.012 0.001 0.001 0.004 0.165 0.000 0.000 0.000 0.001 0.001 0.001 0.003 0.001 0.001 0.090 0.001 0.036 0.001 0.000 0.005 0.001 0.000 0.124 0.034 0.001 0.003 0.001 0.002 0.001 0.001 0.001 0.002 0.001 0.001 0.001 0.001 0.001 0.914 0.001 0.461 0.030 0.076 0.014 0.001 0.058 0.019 0.003 0.001 0.000 
37 cello_vis 30 0.003 0.003 0.001 0.001 0.001 0.996 0.729 0.001 0.002 0.007 0.002 0.001 0.000 0.000 0.011 0.002 0.005 0.001 0.001 0.000 0.001 0.001 0.000 0.007 0.000 0.000 0.000 0.000 0.000 0.032 0.001 0.000 0.000 0.001 0.004 0.167 0.170 0.002 0.001 0.056 0.001 0.000 0.004 0.000 0.001 0.001 0.000 0.004 0.001 0.000 0.009 0.001 0.097 0.000 0.019 0.000 0.000 0.000 
38 flute_vis 30 0.074 0.001 0.029 0.069 0.001 0.996 0.096 0.978 0.018 0.001 0.022 0.001 0.000 0.000 0.000 0.000 0.001 0.000 0.059 0.006 0.002 0.002 0.006 0.051 0.000 0.002 0.000 0.000 0.000 0.001 0.000 0.000 0.000 0.001 0.001 0.013 0.004 0.017 0.105 0.001 0.002 0.015 0.026 0.989 0.001 0.069 0.007 0.001 0.001 0.001 0.007 0.141 0.001 0.000 0.000 0.000 0.000 0.000 
39 guitar_vis 30 0.009 0.001 0.003 0.000 0.022 0.996 0.007 0.005 0.993 0.001 0.000 0.008 0.000 0.002 0.000 0.002 0.000 0.000 0.001 0.413 0.012 0.001 0.000 0.002 0.000 0.000 0.059 0.000 0.000 0.001 0.001 0.000 0.001 0.117 0.000 0.001 0.003 0.003 0.045 0.002 0.001 0.003 0.001 0.003 0.005 0.055 0.001 0.002 0.943 0.778 0.002 0.737 0.001 0.001 0.000 0.000 0.000 0.000 
40 piano_vis 30 0.002 0.001 0.001 0.005 0.002 0.995 0.001 0.001 0.008 0.981 0.000 0.001 0.003 0.000 0.001 0.003 0.012 0.000 0.001 0.000 0.002 0.001 0.001 0.000 0.004 0.000 0.000 0.002 0.000 0.004 0.000 0.001 0.001 0.001 0.000 0.003 0.002 0.001 0.001 0.001 0.001 0.001 0.003 0.000 0.003 0.001 0.001 0.003 0.000 0.001 0.039 0.001 0.268 0.010 0.011 0.049 0.667 0.207 
41 trumpet_vis 30 0.004 0.001 0.004 0.003 0.000 0.994 0.000 0.991 0.005 0.001 0.000 0.001 0.000 0.000 0.000 0.000 0.001 0.000 0.001 0.118 0.001 0.001 0.006 0.002 0.000 0.000 0.000 0.000 0.000 0.001 0.000 0.000 0.000 0.000 0.000 0.001 0.000 0.001 0.011 0.006 0.002 0.124 0.172 0.001 0.960 0.015 0.000 0.001 0.001 0.001 0.000 0.027 0.001 0.001 0.000 0.045 0.000 0.000 
42 fork_vis 30 0.001 0.001 0.001 0.009 0.001 0.996 0.006 0.001 0.001 0.992 0.001 0.001 0.004 0.000 0.000 0.001 0.010 0.001 0.000 0.000 0.001 0.001 0.000 0.000 0.005 0.000 0.000 0.001 0.000 0.003 0.000 0.000 0.000 0.000 0.006 0.001 0.001 0.003 0.001 0.008 0.001 0.004 0.002 0.000 0.005 0.001 0.000 0.001 0.001 0.001 0.000 0.001 0.148 0.011 0.029 0.286 0.354 0.355 
43 spoon_vis 30 0.004 0.016 0.002 0.000 0.007 0.996 0.000 0.001 0.024 0.993 0.000 0.005 0.004 0.000 0.000 0.004 0.001 0.000 0.000 0.000 0.004 0.001 0.000 0.000 0.000 0.000 0.000 0.000 0.000 0.002 0.000 0.002 0.007 0.000 0.000 0.000 0.000 0.000 0.001 0.001 0.001 0.000 0.001 0.000 0.003 0.001 0.039 0.001 0.075 0.007 0.004 0.001 0.008 0.984 0.001 0.035 0.016 0.001 
44 tongs_vis 30 0.002 0.002 0.001 0.006 0.001 0.995 0.822 0.018 0.001 0.299 0.001 0.001 0.000 0.000 0.000 0.001 0.007 0.000 0.000 0.001 0.001 0.001 0.001 0.005 0.003 0.000 0.003 0.000 0.000 0.004 0.000 0.000 0.000 0.001 0.005 0.016 0.001 0.008 0.009 0.946 0.001 0.022 0.025 0.000 0.471 0.001 0.000 0.002 0.001 0.000 0.000 0.001 0.038 0.000 0.007 0.146 0.000 0.368 
45 ladle_vis 30 0.002 0.001 0.002 0.006 0.001 0.996 0.000 0.607 0.003 0.776 0.000 0.003 0.000 0.000 0.000 0.000 0.000 0.000 0.000 0.001 0.001 0.000 0.002 0.000 0.001 0.000 0.000 0.000 0.000 0.001 0.000 0.000 0.000 0.000 0.000 0.000 0.000 0.000 0.001 0.000 0.001 0.244 0.002 0.000 0.052 0.002 0.001 0.000 0.001 0.002 0.001 0.001 0.001 0.022 0.000 0.314 0.001 0.003 
46 knife_vis 30 0.002 0.001 0.001 0.003 0.001 0.996 0.001 0.002 0.001 0.994 0.000 0.010 0.002 0.000 0.000 0.000 0.001 0.000 0.000 0.000 0.001 0.001 0.000 0.000 0.001 0.000 0.000 0.000 0.000 0.001 0.000 0.001 0.000 0.000 0.002 0.000 0.000 0.001 0.001 0.001 0.001 0.002 0.001 0.000 0.009 0.001 0.000 0.000 0.001 0.001 0.000 0.000 0.030 0.088 0.008 0.479 0.154 0.020 
47 chopsticks_vis 30 0.001 0.001 0.001 0.030 0.000 0.996 0.003 0.005 0.001 0.993 0.001 0.008 0.006 0.000 0.000 0.000 0.005 0.000 0.000 0.000 0.001 0.001 0.000 0.004 0.008 0.000 0.001 0.001 0.000 0.001 0.000 0.001 0.000 0.000 0.004 0.001 0.001 0.002 0.001 0.009 0.001 0.217 0.002 0.000 0.011 0.001 0.000 0.000 0.001 0.000 0.000 0.000 0.040 0.020 0.033 0.766 0.065 0.460 
