0 beaver_vis 30 0.909 0.012 0.001 0.007 0.955 0.002 0.001 0.001 0.001 0.001 0.000 0.000 0.002 0.004 0.008 0.000 0.012 0.000 0.003 0.001 0.002 0.000 0.005 0.001 0.011 0.000 0.001 0.002 0.203 0.059 0.715 0.001 0.009 0.007 0.001 0.000 0.001 0.000 0.007 0.001 0.000 0.000 0.001 0.005 0.001 0.000 0.000 0.001 0.001 0.000 0.000 0.000 0.001 0.000 0.048 0.000 0.000 0.000 
1 bear_vis 30 0.988 0.014 0.001 0.002 0.982 0.002 0.001 0.001 0.001 0.001 0.000 0.000 0.001 0.059 0.011 0.000 0.050 0.001 0.001 0.001 0.002 0.000 0.001 0.006 0.024 0.000 0.001 0.001 0.069 0.849 0.088 0.014 0.034 0.001 0.001 0.000 0.107 0.000 0.001 0.010 0.000 0.001 0.001 0.000 0.001 0.000 0.007 0.000 0.001 0.000 0.001 0.000 0.001 0.001 0.001 0.000 0.002 0.000 
2 sheep_vis 30 0.850 0.006 0.002 0.003 0.957 0.002 0.001 0.001 0.001 0.001 0.000 0.000 0.001 0.002 0.013 0.000 0.012 0.000 0.004 0.001 0.002 0.001 0.005 0.000 0.028 0.001 0.001 0.001 0.738 0.017 0.759 0.001 0.004 0.010 0.001 0.000 0.001 0.000 0.005 0.001 0.001 0.000 0.001 0.013 0.004 0.000 0.000 0.001 0.002 0.000 0.000 0.000 0.001 0.000 0.152 0.000 0.000 0.001 
3 buffalo_vis 30 0.988 0.008 0.001 0.005 0.988 0.002 0.043 0.001 0.001 0.001 0.000 0.000 0.000 0.024 0.019 0.000 0.025 0.000 0.001 0.001 0.003 0.000 0.003 0.018 0.007 0.000 0.000 0.074 0.024 0.897 0.533 0.006 0.330 0.001 0.001 0.000 0.686 0.001 0.007 0.111 0.000 0.000 0.007 0.001 0.001 0.000 0.001 0.000 0.000 0.000 0.001 0.000 0.001 0.000 0.002 0.000 0.001 0.000 
4 poodle_vis 30 0.988 0.011 0.001 0.002 0.985 0.002 0.006 0.001 0.001 0.001 0.000 0.000 0.001 0.031 0.015 0.000 0.036 0.001 0.001 0.001 0.002 0.000 0.001 0.006 0.013 0.000 0.000 0.007 0.039 0.881 0.273 0.009 0.102 0.001 0.001 0.000 0.503 0.000 0.001 0.057 0.000 0.000 0.001 0.001 0.001 0.000 0.002 0.000 0.001 0.000 0.001 0.000 0.001 0.001 0.001 0.000 0.001 0.000 
5 giraffe_vis 30 0.988 0.008 0.001 0.004 0.987 0.002 0.110 0.001 0.001 0.001 0.000 0.000 0.001 0.022 0.022 0.000 0.022 0.000 0.001 0.001 0.002 0.000 0.002 0.015 0.007 0.000 0.000 0.064 0.022 0.903 0.489 0.007 0.350 0.001 0.001 0.000 0.849 0.001 0.004 0.270 0.000 0.000 0.003 0.001 0.001 0.000 0.001 0.000 0.000 0.000 0.001 0.000 0.001 0.001 0.001 0.000 0.001 0.000 
6 robin_vis 30 0.973 0.002 0.018 0.962 0.014 0.002 0.001 0.006 0.000 0.001 0.000 0.000 0.001 0.001 0.000 0.000 0.001 0.000 0.007 0.001 0.066 0.006 0.912 0.003 0.021 0.005 0.001 0.039 0.001 0.001 0.006 0.000 0.041 0.020 0.002 0.000 0.000 0.000 0.136 0.009 0.463 0.000 0.003 0.001 0.006 0.000 0.000 0.000 0.000 0.000 0.000 0.000 0.001 0.000 0.024 0.000 0.000 0.001 
7 swan_vis 30 0.965 0.003 0.001 0.975 0.010 0.002 0.002 0.009 0.000 0.001 0.000 0.000 0.001 0.000 0.000 0.000 0.000 0.000 0.003 0.001 0.010 0.002 0.831 0.009 0.027 0.005 0.001 0.070 0.001 0.001 0.005 0.000 0.022 0.016 0.001 0.001 0.000 0.000 0.187 0.018 0.320 0.000 0.004 0.001 0.007 0.000 0.000 0.000 0.000 0.000 0.000 0.000 0.001 0.000 0.005 0.000 0.000 0.000 
8 woodpecker_vis 30 0.990 0.010 0.017 0.969 0.004 0.002 0.001 0.003 0.000 0.001 0.001 0.000 0.026 0.001 0.001 0.000 0.001 0.003 0.009 0.001 0.011 0.065 0.393 0.036 0.720 0.003 0.033 0.002 0.033 0.001 0.001 0.000 0.003 0.000 0.017 0.000 0.000 0.000 0.001 0.003 0.000 0.000 0.000 0.000 0.001 0.001 0.000 0.000 0.000 0.000 0.000 0.000 0.023 0.000 0.001 0.000 0.001 0.001 
9 peacock_vis 30 0.958 0.011 0.061 0.001 0.207 0.065 0.001 0.001 0.001 0.049 0.000 0.000 0.001 0.016 0.016 0.000 0.266 0.001 0.004 0.003 0.005 0.001 0.003 0.000 0.002 0.000 0.000 0.001 0.053 0.055 0.032 0.000 0.005 0.001 0.002 0.000 0.009 0.000 0.001 0.001 0.000 0.001 0.001 0.000 0.001 0.000 0.022 0.001 0.000 0.000 0.000 0.000 0.002 0.008 0.014 0.106 0.003 0.002 
10 crow_vis 30 0.982 0.002 0.003 0.970 0.042 0.002 0.003 0.003 0.000 0.001 0.000 0.000 0.001 0.001 0.000 0.000 0.000 0.000 0.039 0.001 0.009 0.002 0.894 0.031 0.012 0.002 0.000 0.181 0.001 0.001 0.002 0.000 0.299 0.006 0.002 0.001 0.001 0.000 0.764 0.044 0.041 0.000 0.002 0.000 0.002 0.000 0.000 0.000 0.000 0.001 0.000 0.000 0.001 0.000 0.004 0.000 0.000 0.001 
11 eagle_vis 30 0.972 0.007 0.001 0.980 0.010 0.002 0.001 0.006 0.000 0.001 0.000 0.000 0.003 0.001 0.001 0.000 0.000 0.001 0.003 0.001 0.007 0.002 0.769 0.020 0.046 0.005 0.001 0.068 0.001 0.001 0.004 0.000 0.017 0.010 0.002 0.001 0.000 0.000 0.157 0.017 0.183 0.000 0.002 0.000 0.006 0.000 0.000 0.000 0.000 0.000 0.000 0.000 0.001 0.000 0.002 0.000 0.000 0.001 
12 tuna_vis 30 0.963 0.011 0.001 0.008 0.975 0.002 0.001 0.001 0.001 0.001 0.000 0.000 0.001 0.003 0.032 0.000 0.011 0.000 0.003 0.001 0.002 0.000 0.004 0.001 0.054 0.000 0.001 0.003 0.865 0.038 0.416 0.002 0.006 0.004 0.002 0.000 0.001 0.001 0.006 0.001 0.000 0.000 0.001 0.004 0.001 0.000 0.000 0.001 0.004 0.000 0.000 0.000 0.000 0.000 0.064 0.000 0.000 0.000 
13 goldfish_vis 30 0.939 0.003 0.002 0.012 0.979 0.002 0.002 0.001 0.001 0.001 0.000 0.000 0.001 0.001 0.020 0.000 0.007 0.000 0.005 0.001 0.004 0.000 0.069 0.001 0.007 0.000 0.000 0.047 0.503 0.031 0.922 0.001 0.043 0.005 0.001 0.000 0.002 0.003 0.131 0.002 0.001 0.000 0.004 0.188 0.002 0.000 0.000 0.000 0.000 0.000 0.000 0.000 0.000 0.000 0.545 0.000 0.000 0.000 
14 salmon_vis 30 0.901 0.010 0.001 0.021 0.921 0.002 0.002 0.002 0.001 0.001 0.000 0.000 0.003 0.003 0.014 0.000 0.009 0.000 0.004 0.001 0.003 0.001 0.009 0.001 0.081 0.001 0.002 0.001 0.780 0.019 0.407 0.001 0.004 0.006 0.003 0.000 0.001 0.000 0.006 0.001 0.001 0.000 0.001 0.003 0.003 0.000 0.000 0.001 0.002 0.000 0.000 0.000 0.001 0.000 0.049 0.000 0.000 0.001 
15 sardine_vis 30 0.923 0.003 0.002 0.040 0.954 0.002 0.001 0.002 0.000 0.001 0.000 0.000 0.001 0.001 0.015 0.000 0.004 0.000 0.005 0.001 0.004 0.001 0.082 0.002 0.010 0.000 0.000 0.040 0.348 0.021 0.875 0.000 0.031 0.005 0.001 0.000 0.001 0.001 0.144 0.002 0.002 0.000 0.003 0.166 0.003 0.000 0.000 0.000 0.000 0.000 0.000 0.000 0.000 0.000 0.392 0.000 0.000 0.000 
16 catfish_vis 30 0.957 0.003 0.002 0.016 0.980 0.002 0.002 0.001 0.001 0.001 0.000 0.000 0.001 0.002 0.023 0.000 0.006 0.000 0.007 0.001 0.004 0.000 0.078 0.002 0.007 0.000 0.000 0.072 0.493 0.034 0.885 0.001 0.068 0.004 0.001 0.000 0.003 0.004 0.204 0.002 0.001 0.000 0.004 0.126 0.001 0.000 0.000 0.000 0.000 0.000 0.000 0.000 0.000 0.000 0.451 0.000 0.000 0.000 
17 cod_vis 30 0.954 0.003 0.002 0.027 0.970 0.002 0.002 0.002 0.000 0.001 0.000 0.000 0.001 0.001 0.017 0.000 0.005 0.000 0.010 0.001 0.004 0.000 0.124 0.002 0.007 0.000 0.000 0.063 0.442 0.022 0.856 0.000 0.076 0.005 0.001 0.000 0.002 0.003 0.252 0.002 0.002 0.000 0.003 0.090 0.002 0.000 0.000 0.000 0.000 0.000 0.000 0.000 0.000 0.000 0.408 0.000 0.000 0.000 
18 turtle_vis 30 0.976 0.002 0.115 0.023 0.972 0.002 0.002 0.001 0.000 0.004 0.000 0.000 0.000 0.002 0.002 0.000 0.017 0.000 0.044 0.005 0.026 0.001 0.497 0.002 0.003 0.000 0.000 0.041 0.432 0.005 0.731 0.001 0.285 0.004 0.001 0.000 0.002 0.004 0.331 0.003 0.001 0.000 0.002 0.008 0.001 0.000 0.000 0.000 0.000 0.000 0.000 0.000 0.000 0.000 0.568 0.000 0.000 0.000 
19 rattlesnake_vis 30 0.972 0.002 0.009 0.018 0.978 0.002 0.002 0.001 0.001 0.001 0.000 0.000 0.000 0.002 0.010 0.000 0.008 0.000 0.016 0.002 0.008 0.000 0.211 0.002 0.004 0.000 0.000 0.078 0.485 0.018 0.831 0.001 0.138 0.004 0.001 0.000 0.003 0.006 0.284 0.003 0.001 0.000 0.003 0.058 0.001 0.000 0.000 0.000 0.000 0.000 0.000 0.000 0.000 0.000 0.535 0.000 0.000 0.000 
20 crab_vis 30 0.947 0.003 0.002 0.008 0.979 0.002 0.002 0.001 0.001 0.001 0.000 0.000 0.001 0.001 0.026 0.000 0.010 0.000 0.003 0.001 0.004 0.000 0.026 0.001 0.016 0.000 0.000 0.024 0.683 0.042 0.860 0.001 0.022 0.005 0.001 0.000 0.002 0.002 0.048 0.002 0.001 0.000 0.002 0.050 0.001 0.000 0.000 0.001 0.001 0.000 0.000 0.000 0.000 0.000 0.316 0.000 0.000 0.000 
21 frog_vis 30 0.978 0.002 0.030 0.767 0.518 0.002 0.002 0.002 0.000 0.001 0.000 0.000 0.001 0.001 0.001 0.000 0.001 0.000 0.074 0.001 0.030 0.004 0.913 0.010 0.054 0.001 0.000 0.134 0.009 0.001 0.046 0.000 0.386 0.006 0.002 0.000 0.001 0.000 0.546 0.013 0.007 0.000 0.001 0.001 0.003 0.000 0.000 0.000 0.000 0.000 0.000 0.000 0.001 0.000 0.026 0.000 0.000 0.000 
22 gecko_vis 30 0.928 0.002 0.004 0.009 0.978 0.002 0.001 0.001 0.000 0.001 0.000 0.000 0.000 0.001 0.015 0.000 0.011 0.000 0.005 0.001 0.007 0.000 0.085 0.001 0.007 0.000 0.000 0.033 0.539 0.025 0.941 0.000 0.029 0.005 0.001 0.000 0.002 0.002 0.082 0.001 0.001 0.000 0.004 0.207 0.002 0.000 0.000 0.000 0.000 0.000 0.000 0.000 0.000 0.000 0.674 0.000 0.000 0.000 
23 crocodile_vis 30 0.963 0.003 0.002 0.016 0.977 0.002 0.002 0.001 0.000 0.001 0.000 0.000 0.001 0.001 0.022 0.000 0.007 0.000 0.008 0.001 0.004 0.000 0.065 0.001 0.011 0.000 0.000 0.044 0.613 0.029 0.832 0.001 0.051 0.004 0.001 0.000 0.002 0.003 0.145 0.002 0.001 0.000 0.002 0.045 0.001 0.000 0.000 0.000 0.000 0.000 0.000 0.000 0.000 0.000 0.352 0.000 0.000 0.000 
24 axe_vis 30 0.003 0.001 0.003 0.001 0.014 0.995 0.984 0.001 0.001 0.982 0.000 0.000 0.000 0.002 0.000 0.000 0.001 0.001 0.016 0.036 0.010 0.001 0.278 0.004 0.000 0.000 0.000 0.001 0.001 0.001 0.001 0.025 0.881 0.000 0.004 0.004 0.013 0.188 0.933 0.017 0.001 0.000 0.001 0.000 0.001 0.000 0.000 0.000 0.000 0.001 0.001 0.000 0.002 0.032 0.007 0.001 0.041 0.760 
25 hammer_vis 30 0.810 0.008 0.001 0.965 0.007 0.003 0.201 0.004 0.000 0.001 0.000 0.000 0.007 0.004 0.000 0.000 0.000 0.000 0.016 0.001 0.003 0.002 0.699 0.834 0.039 0.004 0.000 0.165 0.001 0.001 0.004 0.001 0.110 0.001 0.003 0.002 0.001 0.001 0.898 0.337 0.005 0.000 0.003 0.001 0.016 0.000 0.000 0.000 0.000 0.001 0.000 0.000 0.002 0.001 0.002 0.000 0.000 0.001 
26 screwdriver_vis 30 0.003 0.001 0.003 0.010 0.004 0.993 0.974 0.001 0.001 0.936 0.000 0.000 0.000 0.001 0.000 0.000 0.000 0.001 0.037 0.015 0.006 0.013 0.679 0.006 0.000 0.000 0.000 0.002 0.001 0.001 0.001 0.006 0.325 0.000 0.009 0.004 0.002 0.100 0.949 0.007 0.002 0.000 0.001 0.000 0.001 0.000 0.000 0.000 0.000 0.004 0.001 0.000 0.010 0.005 0.007 0.000 0.007 0.865 
27 chisel_vis 30 0.004 0.005 0.001 0.007 0.003 0.987 0.988 0.001 0.002 0.015 0.000 0.000 0.008 0.009 0.001 0.000 0.000 0.000 0.015 0.001 0.001 0.002 0.033 0.063 0.000 0.000 0.000 0.004 0.000 0.001 0.001 0.002 0.021 0.000 0.015 0.007 0.002 0.013 0.967 0.012 0.002 0.000 0.001 0.000 0.005 0.000 0.000 0.001 0.000 0.056 0.001 0.000 0.001 0.001 0.002 0.000 0.001 0.054 
28 saw_vis 30 0.861 0.008 0.001 0.967 0.010 0.003 0.032 0.003 0.000 0.001 0.000 0.000 0.005 0.003 0.000 0.000 0.000 0.000 0.014 0.001 0.002 0.001 0.601 0.700 0.037 0.003 0.000 0.092 0.001 0.001 0.004 0.001 0.091 0.001 0.002 0.001 0.001 0.000 0.579 0.141 0.003 0.000 0.002 0.001 0.013 0.000 0.000 0.000 0.000 0.000 0.000 0.000 0.001 0.000 0.002 0.000 0.000 0.001 
29 drill_vis 30 0.914 0.011 0.001 0.967 0.013 0.003 0.028 0.002 0.000 0.001 0.000 0.000 0.008 0.004 0.000 0.000 0.000 0.000 0.022 0.001 0.003 0.002 0.734 0.851 0.062 0.003 0.000 0.153 0.001 0.001 0.004 0.001 0.141 0.001 0.002 0.001 0.001 0.000 0.762 0.176 0.003 0.000 0.002 0.000 0.008 0.000 0.000 0.000 0.000 0.000 0.000 0.000 0.001 0.001 0.002 0.000 0.000 0.001 
30 clamp_vis 30 0.002 0.264 0.001 0.002 0.001 0.484 0.001 0.992 0.001 0.001 0.006 0.000 0.150 0.002 0.000 0.000 0.000 0.000 0.015 0.001 0.001 0.121 0.013 0.002 0.000 0.005 0.000 0.001 0.000 0.000 0.005 0.000 0.000 0.001 0.000 0.001 0.000 0.000 0.160 0.046 0.011 0.001 0.207 0.003 0.992 0.001 0.000 0.081 0.000 0.000 0.003 0.002 0.013 0.006 0.005 0.000 0.000 0.000 
31 hoe_vis 30 0.002 0.041 0.001 0.000 0.001 0.790 0.001 0.395 0.272 0.033 0.001 0.001 0.021 0.035 0.000 0.000 0.001 0.001 0.005 0.001 0.001 0.015 0.001 0.000 0.000 0.002 0.000 0.000 0.000 0.000 0.002 0.000 0.000 0.001 0.001 0.000 0.001 0.000 0.004 0.003 0.001 0.007 0.004 0.001 0.865 0.001 0.001 0.284 0.000 0.004 0.273 0.006 0.043 0.117 0.006 0.001 0.000 0.000 
32 rake_vis 30 0.002 0.144 0.001 0.001 0.001 0.881 0.001 0.993 0.001 0.002 0.010 0.001 0.033 0.001 0.000 0.000 0.000 0.001 0.003 0.001 0.001 0.039 0.003 0.001 0.000 0.008 0.000 0.001 0.000 0.000 0.004 0.000 0.000 0.001 0.000 0.002 0.000 0.000 0.041 0.029 0.006 0.003 0.214 0.003 0.991 0.001 0.000 0.058 0.000 0.000 0.006 0.003 0.020 0.008 0.004 0.000 0.000 0.000 
33 shovel_vis 30 0.002 0.118 0.001 0.001 0.001 0.929 0.002 0.992 0.001 0.003 0.001 0.000 0.085 0.003 0.000 0.000 0.000 0.000 0.005 0.001 0.001 0.053 0.009 0.002 0.000 0.001 0.000 0.001 0.000 0.000 0.004 0.000 0.000 0.001 0.001 0.001 0.000 0.000 0.190 0.172 0.003 0.002 0.444 0.002 0.988 0.001 0.000 0.059 0.000 0.000 0.011 0.001 0.036 0.022 0.004 0.000 0.000 0.000 
34 spade_vis 30 0.002 0.192 0.001 0.001 0.001 0.742 0.001 0.992 0.001 0.003 0.003 0.000 0.166 0.003 0.000 0.000 0.000 0.000 0.010 0.001 0.001 0.111 0.007 0.001 0.000 0.003 0.000 0.001 0.000 0.000 0.002 0.000 0.000 0.001 0.001 0.001 0.000 0.000 0.137 0.074 0.006 0.002 0.156 0.002 0.991 0.001 0.000 0.167 0.000 0.000 0.012 0.001 0.040 0.019 0.005 0.000 0.000 0.000 
35 wrench_vis 30 0.002 0.002 0.001 0.000 0.001 0.996 0.001 0.920 0.003 0.003 0.001 0.001 0.000 0.000 0.000 0.001 0.000 0.004 0.000 0.001 0.001 0.000 0.001 0.001 0.000 0.004 0.001 0.000 0.000 0.000 0.002 0.000 0.000 0.001 0.001 0.001 0.000 0.000 0.000 0.000 0.001 0.850 0.014 0.003 0.017 0.017 0.009 0.001 0.000 0.000 0.001 0.016 0.007 0.001 0.003 0.001 0.001 0.000 
36 accordion_vis 30 0.004 0.001 0.014 0.000 0.002 0.995 0.010 0.001 0.037 0.963 0.000 0.002 0.000 0.076 0.000 0.000 0.013 0.005 0.014 0.010 0.001 0.001 0.001 0.000 0.000 0.000 0.000 0.000 0.000 0.001 0.000 0.000 0.019 0.000 0.002 0.002 0.002 0.001 0.002 0.008 0.000 0.006 0.001 0.000 0.001 0.000 0.002 0.001 0.000 0.003 0.063 0.002 0.008 0.839 0.002 0.006 0.018 0.048 
37 cello_vis 30 0.002 0.153 0.001 0.000 0.001 0.539 0.001 0.035 0.959 0.067 0.000 0.030 0.011 0.222 0.002 0.001 0.003 0.000 0.051 0.001 0.000 0.001 0.001 0.000 0.000 0.003 0.000 0.000 0.000 0.001 0.005 0.000 0.001 0.011 0.001 0.001 0.001 0.000 0.052 0.001 0.003 0.011 0.010 0.000 0.964 0.001 0.004 0.838 0.000 0.037 0.910 0.222 0.002 0.652 0.038 0.001 0.000 0.001 
38 flute_vis 30 0.003 0.001 0.006 0.001 0.003 0.992 0.297 0.001 0.002 0.977 0.000 0.000 0.000 0.003 0.001 0.000 0.001 0.001 0.088 0.034 0.002 0.008 0.062 0.000 0.000 0.001 0.000 0.001 0.003 0.001 0.001 0.011 0.060 0.000 0.008 0.002 0.001 0.010 0.392 0.002 0.001 0.000 0.001 0.000 0.001 0.000 0.000 0.001 0.001 0.041 0.001 0.001 0.007 0.030 0.013 0.001 0.034 0.971 
39 guitar_vis 30 0.004 0.001 0.025 0.000 0.001 0.993 0.004 0.001 0.028 0.975 0.000 0.001 0.000 0.036 0.000 0.000 0.017 0.001 0.032 0.011 0.001 0.002 0.001 0.000 0.000 0.000 0.000 0.000 0.000 0.001 0.001 0.000 0.008 0.000 0.002 0.001 0.001 0.001 0.003 0.002 0.000 0.004 0.001 0.000 0.006 0.000 0.001 0.013 0.000 0.003 0.029 0.009 0.012 0.875 0.003 0.003 0.003 0.062 
40 piano_vis 30 0.002 0.015 0.001 0.000 0.001 0.807 0.001 0.005 0.970 0.030 0.000 0.003 0.003 0.027 0.002 0.001 0.001 0.000 0.020 0.001 0.000 0.001 0.001 0.000 0.000 0.005 0.000 0.000 0.001 0.001 0.003 0.000 0.001 0.010 0.001 0.001 0.001 0.000 0.048 0.001 0.006 0.001 0.001 0.000 0.688 0.001 0.001 0.688 0.001 0.159 0.540 0.211 0.001 0.040 0.023 0.001 0.001 0.003 
41 trumpet_vis 30 0.001 0.054 0.001 0.000 0.001 0.991 0.001 0.005 0.989 0.003 0.000 0.002 0.005 0.022 0.002 0.001 0.000 0.000 0.013 0.001 0.000 0.000 0.000 0.000 0.000 0.001 0.000 0.000 0.000 0.000 0.001 0.000 0.000 0.002 0.001 0.000 0.000 0.000 0.004 0.000 0.002 0.001 0.001 0.000 0.352 0.001 0.001 0.879 0.000 0.453 0.193 0.267 0.001 0.003 0.002 0.000 0.000 0.001 
42 fork_vis 30 0.004 0.001 0.042 0.000 0.001 0.983 0.001 0.011 0.001 0.964 0.000 0.000 0.000 0.003 0.000 0.000 0.019 0.003 0.001 0.002 0.017 0.038 0.005 0.000 0.000 0.000 0.000 0.000 0.000 0.001 0.001 0.000 0.001 0.000 0.002 0.000 0.001 0.000 0.001 0.003 0.000 0.031 0.001 0.000 0.034 0.001 0.000 0.006 0.000 0.000 0.001 0.000 0.455 0.548 0.045 0.016 0.001 0.004 
43 spoon_vis 30 0.004 0.001 0.070 0.000 0.002 0.991 0.002 0.004 0.001 0.990 0.000 0.001 0.000 0.030 0.000 0.000 0.060 0.005 0.010 0.005 0.011 0.035 0.001 0.000 0.000 0.000 0.000 0.000 0.000 0.001 0.001 0.000 0.013 0.000 0.002 0.001 0.001 0.000 0.001 0.007 0.000 0.146 0.002 0.000 0.324 0.000 0.001 0.007 0.000 0.000 0.057 0.001 0.492 0.985 0.010 0.016 0.003 0.006 
44 tongs_vis 30 0.003 0.001 0.087 0.001 0.001 0.922 0.001 0.022 0.003 0.988 0.000 0.000 0.000 0.004 0.000 0.000 0.022 0.001 0.039 0.008 0.030 0.072 0.031 0.000 0.000 0.001 0.000 0.000 0.000 0.000 0.003 0.000 0.003 0.001 0.001 0.000 0.001 0.000 0.004 0.002 0.001 0.004 0.001 0.001 0.382 0.001 0.000 0.031 0.000 0.001 0.010 0.008 0.131 0.790 0.257 0.002 0.000 0.011 
45 ladle_vis 30 0.004 0.001 0.064 0.000 0.002 0.993 0.002 0.001 0.005 0.990 0.000 0.001 0.000 0.034 0.000 0.000 0.082 0.002 0.018 0.007 0.007 0.006 0.001 0.000 0.000 0.000 0.000 0.000 0.000 0.001 0.001 0.000 0.006 0.000 0.003 0.001 0.001 0.000 0.001 0.002 0.000 0.056 0.002 0.000 0.123 0.000 0.001 0.018 0.000 0.000 0.071 0.006 0.113 0.967 0.021 0.017 0.002 0.007 
46 knife_vis 30 0.004 0.001 0.076 0.000 0.002 0.989 0.001 0.010 0.001 0.990 0.000 0.001 0.000 0.025 0.000 0.000 0.054 0.008 0.008 0.004 0.013 0.063 0.001 0.000 0.000 0.000 0.000 0.000 0.000 0.001 0.001 0.000 0.010 0.000 0.002 0.001 0.001 0.000 0.001 0.011 0.000 0.179 0.003 0.000 0.425 0.000 0.001 0.006 0.000 0.000 0.047 0.001 0.625 0.985 0.010 0.016 0.003 0.005 
47 chopsticks_vis 30 0.003 0.001 0.046 0.000 0.001 0.991 0.001 0.091 0.001 0.846 0.000 0.000 0.000 0.001 0.000 0.000 0.009 0.008 0.000 0.001 0.015 0.280 0.003 0.000 0.000 0.000 0.001 0.000 0.000 0.001 0.001 0.000 0.001 0.000 0.002 0.000 0.001 0.000 0.001 0.002 0.000 0.038 0.001 0.000 0.024 0.004 0.001 0.011 0.000 0.000 0.000 0.000 0.920 0.030 0.020 0.065 0.001 0.001 
