0 beaver_vis 30 0.996 0.331 0.005 0.004 0.001 0.485 0.001 0.001 0.001 0.003 0.930 0.002 0.016 0.001 0.008 0.001 0.375 0.002 0.000 0.000 0.001 0.001 0.000 0.001 0.000 0.001 0.001 0.004 0.000 0.001 0.007 0.001 0.001 0.001 0.001 0.010 0.001 0.002 0.013 0.000 0.001 0.002 0.003 0.001 0.000 0.000 0.000 0.001 0.001 0.000 0.001 0.002 0.709 0.000 0.001 0.000 0.009 0.002 
1 bear_vis 30 0.995 0.979 0.006 0.003 0.001 0.001 0.001 0.001 0.001 0.002 0.001 0.929 0.066 0.081 0.002 0.021 0.004 0.001 0.003 0.001 0.005 0.000 0.086 0.018 0.001 0.002 0.001 0.001 0.000 0.001 0.001 0.001 0.003 0.001 0.000 0.001 0.001 0.001 0.001 0.001 0.000 0.001 0.001 0.001 0.000 0.000 0.003 0.000 0.008 0.016 0.001 0.001 0.000 0.051 0.001 0.001 0.055 0.015 
2 sheep_vis 30 0.995 0.968 0.009 0.001 0.001 0.076 0.001 0.001 0.001 0.002 0.623 0.003 0.971 0.007 0.012 0.001 0.274 0.003 0.001 0.000 0.003 0.001 0.001 0.001 0.001 0.001 0.001 0.095 0.000 0.001 0.908 0.001 0.001 0.005 0.001 0.006 0.001 0.500 0.001 0.000 0.014 0.001 0.001 0.004 0.000 0.000 0.001 0.000 0.002 0.000 0.001 0.001 0.634 0.000 0.001 0.001 0.014 0.001 
3 buffalo_vis 30 0.996 0.991 0.008 0.017 0.001 0.001 0.001 0.001 0.001 0.002 0.051 0.037 0.128 0.962 0.049 0.012 0.061 0.005 0.017 0.000 0.031 0.017 0.001 0.055 0.005 0.002 0.070 0.005 0.000 0.018 0.003 0.001 0.001 0.001 0.001 0.001 0.022 0.001 0.001 0.000 0.000 0.001 0.001 0.001 0.000 0.000 0.001 0.000 0.001 0.000 0.001 0.001 0.001 0.001 0.001 0.022 0.024 0.002 
4 poodle_vis 30 0.995 0.992 0.004 0.001 0.001 0.002 0.001 0.001 0.001 0.002 0.021 0.093 0.335 0.001 0.812 0.009 0.007 0.002 0.001 0.001 0.001 0.001 0.001 0.057 0.000 0.002 0.001 0.001 0.000 0.001 0.004 0.004 0.001 0.040 0.000 0.001 0.001 0.001 0.001 0.015 0.001 0.001 0.001 0.001 0.000 0.000 0.001 0.001 0.002 0.000 0.001 0.001 0.005 0.001 0.001 0.001 0.001 0.110 
5 giraffe_vis 30 0.996 0.990 0.025 0.005 0.001 0.001 0.001 0.001 0.001 0.001 0.017 0.159 0.016 0.047 0.160 0.946 0.055 0.001 0.002 0.099 0.002 0.003 0.001 0.092 0.001 0.051 0.001 0.001 0.000 0.001 0.001 0.004 0.001 0.001 0.000 0.000 0.001 0.001 0.001 0.001 0.000 0.001 0.001 0.001 0.000 0.000 0.001 0.000 0.001 0.000 0.001 0.001 0.001 0.052 0.001 0.000 0.017 0.002 
6 robin_vis 30 0.993 0.006 0.868 0.001 0.001 0.461 0.001 0.001 0.001 0.082 0.089 0.002 0.013 0.003 0.001 0.002 0.978 0.003 0.044 0.001 0.003 0.013 0.001 0.000 0.001 0.001 0.001 0.018 0.001 0.005 0.001 0.001 0.001 0.001 0.001 0.002 0.001 0.001 0.013 0.000 0.000 0.026 0.016 0.001 0.000 0.000 0.001 0.001 0.001 0.001 0.002 0.003 0.267 0.007 0.001 0.001 0.072 0.006 
7 swan_vis 30 0.995 0.003 0.971 0.001 0.017 0.056 0.001 0.001 0.001 0.001 0.001 0.000 0.007 0.001 0.001 0.003 0.040 0.924 0.003 0.005 0.006 0.027 0.000 0.000 0.001 0.001 0.001 0.000 0.011 0.001 0.001 0.001 0.001 0.072 0.001 0.000 0.001 0.000 0.001 0.001 0.002 0.001 0.001 0.003 0.000 0.000 0.005 0.002 0.001 0.000 0.029 0.040 0.032 0.000 0.003 0.002 0.001 0.000 
8 woodpecker_vis 30 0.993 0.001 0.993 0.001 0.001 0.003 0.001 0.003 0.001 0.046 0.001 0.005 0.002 0.001 0.001 0.000 0.026 0.023 0.977 0.050 0.014 0.004 0.019 0.000 0.001 0.001 0.001 0.000 0.001 0.001 0.000 0.001 0.006 0.000 0.001 0.001 0.001 0.001 0.001 0.001 0.001 0.003 0.104 0.001 0.001 0.001 0.001 0.001 0.001 0.001 0.001 0.001 0.000 0.051 0.028 0.002 0.004 0.001 
9 peacock_vis 30 0.984 0.001 0.987 0.001 0.001 0.003 0.001 0.001 0.002 0.008 0.000 0.001 0.001 0.000 0.001 0.001 0.004 0.029 0.057 0.858 0.005 0.254 0.001 0.000 0.001 0.003 0.001 0.000 0.001 0.001 0.000 0.003 0.001 0.001 0.001 0.000 0.001 0.000 0.001 0.001 0.001 0.002 0.002 0.001 0.001 0.001 0.005 0.004 0.001 0.000 0.001 0.001 0.000 0.005 0.009 0.003 0.001 0.000 
10 crow_vis 30 0.990 0.002 0.959 0.001 0.001 0.002 0.001 0.001 0.001 0.005 0.000 0.001 0.010 0.008 0.001 0.001 0.002 0.008 0.013 0.190 0.908 0.005 0.001 0.000 0.001 0.020 0.001 0.000 0.001 0.001 0.002 0.019 0.061 0.000 0.001 0.000 0.002 0.001 0.001 0.001 0.000 0.001 0.001 0.001 0.000 0.001 0.003 0.001 0.001 0.000 0.001 0.001 0.000 0.002 0.001 0.005 0.003 0.000 
11 eagle_vis 30 0.995 0.002 0.943 0.001 0.002 0.002 0.001 0.001 0.001 0.014 0.002 0.000 0.002 0.001 0.001 0.001 0.111 0.068 0.007 0.008 0.005 0.919 0.000 0.000 0.008 0.002 0.001 0.000 0.014 0.001 0.001 0.003 0.001 0.001 0.001 0.000 0.001 0.000 0.001 0.001 0.002 0.003 0.001 0.051 0.001 0.000 0.001 0.001 0.001 0.000 0.002 0.003 0.127 0.000 0.035 0.035 0.001 0.000 
12 tuna_vis 30 0.994 0.001 0.003 0.985 0.003 0.002 0.001 0.020 0.007 0.001 0.001 0.004 0.001 0.001 0.000 0.000 0.000 0.001 0.036 0.001 0.003 0.000 0.730 0.001 0.012 0.018 0.004 0.007 0.001 0.001 0.001 0.001 0.012 0.001 0.002 0.001 0.001 0.001 0.001 0.001 0.001 0.079 0.006 0.001 0.003 0.043 0.001 0.001 0.035 0.017 0.001 0.001 0.000 0.000 0.001 0.001 0.001 0.000 
13 goldfish_vis 30 0.995 0.006 0.001 0.945 0.027 0.001 0.001 0.001 0.002 0.001 0.005 0.002 0.007 0.006 0.002 0.000 0.004 0.001 0.003 0.000 0.002 0.000 0.001 0.172 0.003 0.002 0.004 0.932 0.002 0.021 0.008 0.001 0.002 0.011 0.003 0.042 0.001 0.001 0.001 0.003 0.000 0.001 0.004 0.001 0.001 0.000 0.001 0.000 0.001 0.005 0.001 0.001 0.000 0.000 0.000 0.000 0.001 0.001 
14 salmon_vis 30 0.994 0.001 0.004 0.011 0.970 0.002 0.001 0.013 0.004 0.001 0.000 0.001 0.005 0.001 0.001 0.000 0.001 0.001 0.002 0.000 0.004 0.000 0.003 0.001 0.002 0.001 0.002 0.066 0.002 0.003 0.006 0.002 0.480 0.106 0.004 0.001 0.002 0.002 0.001 0.001 0.001 0.014 0.001 0.001 0.004 0.001 0.001 0.001 0.011 0.002 0.001 0.001 0.000 0.000 0.001 0.001 0.001 0.000 
15 sardine_vis 30 0.995 0.002 0.003 0.987 0.008 0.001 0.001 0.001 0.007 0.001 0.001 0.008 0.004 0.012 0.001 0.001 0.002 0.001 0.056 0.000 0.003 0.000 0.078 0.008 0.147 0.011 0.002 0.885 0.001 0.001 0.017 0.001 0.013 0.001 0.001 0.001 0.002 0.001 0.001 0.001 0.001 0.007 0.027 0.001 0.001 0.001 0.001 0.001 0.002 0.013 0.001 0.001 0.000 0.001 0.001 0.001 0.001 0.000 
16 catfish_vis 30 0.996 0.010 0.001 0.961 0.172 0.001 0.001 0.001 0.001 0.001 0.003 0.001 0.001 0.019 0.012 0.000 0.000 0.002 0.001 0.000 0.010 0.001 0.001 0.525 0.006 0.024 0.946 0.001 0.020 0.019 0.148 0.029 0.001 0.001 0.004 0.005 0.002 0.001 0.001 0.001 0.007 0.001 0.001 0.002 0.001 0.000 0.001 0.002 0.001 0.000 0.002 0.001 0.000 0.000 0.001 0.001 0.000 0.000 
17 cod_vis 30 0.991 0.001 0.004 0.116 0.167 0.008 0.001 0.002 0.008 0.001 0.000 0.003 0.009 0.004 0.001 0.000 0.008 0.001 0.004 0.000 0.003 0.000 0.014 0.007 0.002 0.003 0.002 0.844 0.001 0.003 0.003 0.001 0.463 0.004 0.001 0.001 0.008 0.001 0.001 0.006 0.000 0.047 0.001 0.001 0.004 0.001 0.001 0.001 0.009 0.007 0.001 0.001 0.000 0.000 0.001 0.001 0.001 0.000 
18 turtle_vis 30 0.995 0.001 0.166 0.004 0.992 0.001 0.002 0.003 0.001 0.001 0.005 0.000 0.003 0.001 0.012 0.000 0.001 0.121 0.002 0.005 0.007 0.422 0.000 0.001 0.025 0.004 0.024 0.001 0.691 0.017 0.305 0.785 0.002 0.159 0.007 0.002 0.001 0.001 0.001 0.001 0.048 0.001 0.001 0.059 0.007 0.000 0.001 0.001 0.001 0.000 0.003 0.005 0.018 0.000 0.010 0.000 0.000 0.001 
19 rattlesnake_vis 30 0.090 0.003 0.001 0.003 0.072 0.436 0.978 0.002 0.003 0.002 0.002 0.001 0.002 0.002 0.098 0.000 0.001 0.001 0.001 0.000 0.006 0.000 0.001 0.131 0.000 0.001 0.029 0.012 0.059 0.109 0.000 0.203 0.002 0.003 0.916 0.009 0.087 0.007 0.002 0.013 0.001 0.001 0.001 0.002 0.017 0.000 0.001 0.000 0.003 0.002 0.009 0.001 0.001 0.000 0.001 0.002 0.001 0.016 
20 crab_vis 30 0.995 0.001 0.040 0.002 0.993 0.001 0.002 0.002 0.001 0.001 0.000 0.000 0.145 0.000 0.001 0.000 0.001 0.009 0.003 0.000 0.016 0.001 0.001 0.001 0.019 0.001 0.002 0.035 0.623 0.004 0.840 0.014 0.022 0.330 0.072 0.002 0.001 0.006 0.001 0.001 0.029 0.001 0.001 0.009 0.001 0.000 0.001 0.000 0.002 0.000 0.001 0.001 0.001 0.000 0.001 0.000 0.000 0.001 
21 frog_vis 30 0.995 0.001 0.144 0.002 0.785 0.002 0.002 0.001 0.001 0.023 0.001 0.001 0.001 0.000 0.009 0.000 0.002 0.010 0.003 0.163 0.004 0.001 0.000 0.001 0.001 0.001 0.003 0.001 0.006 0.048 0.002 0.403 0.048 0.004 0.002 0.002 0.002 0.001 0.001 0.226 0.001 0.002 0.001 0.002 0.005 0.000 0.049 0.001 0.001 0.000 0.001 0.001 0.014 0.003 0.001 0.001 0.001 0.013 
22 gecko_vis 30 0.976 0.001 0.001 0.002 0.970 0.011 0.018 0.002 0.004 0.001 0.000 0.001 0.002 0.000 0.001 0.000 0.001 0.001 0.001 0.001 0.003 0.000 0.001 0.003 0.000 0.002 0.001 0.009 0.002 0.019 0.001 0.238 0.789 0.009 0.006 0.001 0.009 0.002 0.001 0.060 0.001 0.005 0.001 0.001 0.019 0.001 0.002 0.000 0.007 0.004 0.001 0.001 0.000 0.000 0.001 0.001 0.001 0.002 
23 crocodile_vis 30 0.994 0.001 0.002 0.002 0.992 0.003 0.005 0.025 0.002 0.001 0.000 0.001 0.003 0.000 0.002 0.000 0.001 0.001 0.001 0.001 0.001 0.000 0.001 0.001 0.000 0.001 0.001 0.005 0.010 0.049 0.023 0.016 0.037 0.958 0.006 0.002 0.002 0.002 0.001 0.013 0.005 0.020 0.001 0.001 0.015 0.000 0.002 0.000 0.015 0.002 0.001 0.001 0.001 0.000 0.001 0.000 0.000 0.002 
24 axe_vis 30 0.005 0.005 0.001 0.002 0.021 0.987 0.992 0.002 0.005 0.002 0.001 0.001 0.004 0.002 0.039 0.000 0.001 0.001 0.000 0.000 0.007 0.000 0.001 0.018 0.000 0.001 0.014 0.018 0.012 0.051 0.001 0.025 0.001 0.014 0.982 0.010 0.043 0.037 0.002 0.005 0.008 0.001 0.001 0.002 0.019 0.001 0.001 0.001 0.042 0.001 0.007 0.001 0.003 0.000 0.001 0.005 0.001 0.045 
25 hammer_vis 30 0.002 0.001 0.001 0.002 0.003 0.995 0.892 0.003 0.007 0.011 0.006 0.001 0.001 0.000 0.002 0.000 0.000 0.001 0.000 0.000 0.001 0.000 0.001 0.111 0.000 0.001 0.003 0.002 0.001 0.011 0.001 0.001 0.001 0.004 0.004 0.971 0.001 0.006 0.014 0.045 0.009 0.001 0.033 0.001 0.002 0.000 0.001 0.001 0.001 0.065 0.001 0.001 0.006 0.000 0.001 0.001 0.003 0.023 
26 screwdriver_vis 30 0.003 0.002 0.001 0.024 0.005 0.966 0.993 0.002 0.009 0.002 0.001 0.001 0.001 0.074 0.001 0.000 0.001 0.001 0.004 0.000 0.027 0.000 0.003 0.005 0.001 0.001 0.011 0.051 0.003 0.030 0.000 0.002 0.010 0.001 0.035 0.001 0.987 0.027 0.009 0.022 0.001 0.004 0.001 0.032 0.060 0.002 0.001 0.001 0.002 0.002 0.054 0.001 0.001 0.000 0.001 0.114 0.014 0.001 
27 chisel_vis 30 0.005 0.010 0.001 0.001 0.020 0.994 0.994 0.006 0.001 0.002 0.002 0.001 0.043 0.001 0.002 0.000 0.000 0.002 0.000 0.000 0.005 0.000 0.001 0.006 0.000 0.001 0.002 0.008 0.002 0.004 0.081 0.002 0.002 0.019 0.014 0.006 0.061 0.985 0.002 0.014 0.047 0.001 0.001 0.019 0.007 0.001 0.001 0.000 0.068 0.001 0.002 0.001 0.085 0.000 0.001 0.001 0.081 0.001 
28 saw_vis 30 0.002 0.001 0.001 0.002 0.005 0.995 0.994 0.002 0.002 0.006 0.001 0.001 0.001 0.000 0.002 0.000 0.001 0.001 0.000 0.000 0.001 0.000 0.000 0.033 0.000 0.001 0.002 0.001 0.001 0.017 0.000 0.001 0.001 0.001 0.003 0.030 0.005 0.015 0.872 0.270 0.005 0.001 0.002 0.005 0.005 0.000 0.001 0.000 0.001 0.001 0.002 0.001 0.041 0.000 0.001 0.001 0.001 0.005 
29 drill_vis 30 0.003 0.001 0.001 0.001 0.010 0.993 0.993 0.002 0.001 0.002 0.001 0.001 0.001 0.000 0.004 0.000 0.000 0.001 0.000 0.000 0.001 0.000 0.000 0.058 0.000 0.001 0.001 0.001 0.001 0.019 0.000 0.004 0.001 0.001 0.002 0.007 0.012 0.005 0.045 0.979 0.001 0.001 0.003 0.002 0.040 0.000 0.001 0.000 0.001 0.002 0.001 0.001 0.005 0.000 0.001 0.001 0.001 0.007 
30 clamp_vis 30 0.016 0.001 0.001 0.001 0.007 0.995 0.005 0.865 0.034 0.028 0.003 0.000 0.001 0.000 0.000 0.000 0.000 0.007 0.000 0.000 0.001 0.000 0.001 0.000 0.000 0.001 0.002 0.000 0.003 0.001 0.008 0.001 0.001 0.012 0.006 0.045 0.001 0.022 0.028 0.001 0.985 0.014 0.022 0.009 0.047 0.013 0.000 0.003 0.122 0.001 0.001 0.011 0.062 0.000 0.020 0.001 0.001 0.005 
31 hoe_vis 30 0.004 0.001 0.002 0.006 0.001 0.994 0.002 0.991 0.004 0.004 0.000 0.001 0.001 0.000 0.000 0.000 0.000 0.001 0.001 0.001 0.001 0.000 0.001 0.000 0.001 0.001 0.001 0.001 0.001 0.001 0.000 0.000 0.001 0.000 0.001 0.001 0.003 0.001 0.053 0.001 0.001 0.985 0.008 0.077 0.018 0.001 0.001 0.001 0.001 0.001 0.001 0.009 0.004 0.001 0.001 0.003 0.008 0.000 
32 rake_vis 30 0.055 0.001 0.003 0.004 0.005 0.994 0.002 0.855 0.017 0.006 0.004 0.000 0.001 0.000 0.000 0.000 0.000 0.047 0.015 0.001 0.001 0.000 0.001 0.000 0.001 0.001 0.001 0.000 0.003 0.000 0.003 0.000 0.001 0.008 0.002 0.313 0.001 0.001 0.001 0.001 0.046 0.004 0.984 0.004 0.011 0.008 0.001 0.001 0.001 0.001 0.001 0.042 0.007 0.000 0.027 0.001 0.001 0.000 
33 shovel_vis 30 0.006 0.001 0.003 0.012 0.004 0.991 0.017 0.984 0.001 0.002 0.001 0.000 0.001 0.000 0.000 0.000 0.000 0.003 0.001 0.000 0.002 0.007 0.001 0.000 0.012 0.001 0.001 0.001 0.005 0.001 0.002 0.000 0.001 0.001 0.001 0.001 0.010 0.013 0.029 0.001 0.010 0.066 0.011 0.989 0.004 0.003 0.001 0.001 0.001 0.000 0.045 0.018 0.022 0.000 0.001 0.003 0.002 0.000 
34 spade_vis 30 0.025 0.001 0.001 0.002 0.015 0.994 0.015 0.957 0.002 0.002 0.000 0.000 0.001 0.000 0.000 0.000 0.000 0.001 0.002 0.000 0.001 0.000 0.001 0.000 0.001 0.001 0.001 0.001 0.001 0.001 0.000 0.001 0.001 0.000 0.005 0.001 0.002 0.001 0.001 0.036 0.002 0.024 0.019 0.003 0.979 0.001 0.001 0.001 0.001 0.000 0.001 0.004 0.001 0.000 0.049 0.001 0.000 0.000 
35 wrench_vis 30 0.006 0.001 0.009 0.005 0.001 0.994 0.001 0.992 0.002 0.003 0.001 0.001 0.001 0.000 0.000 0.000 0.000 0.005 0.001 0.001 0.014 0.001 0.003 0.000 0.045 0.001 0.001 0.002 0.004 0.001 0.040 0.001 0.001 0.003 0.004 0.001 0.001 0.016 0.001 0.001 0.019 0.025 0.005 0.077 0.001 0.963 0.001 0.001 0.008 0.001 0.003 0.002 0.001 0.000 0.002 0.006 0.071 0.000 
36 accordion_vis 30 0.003 0.001 0.001 0.005 0.003 0.993 0.006 0.001 0.994 0.001 0.000 0.001 0.001 0.002 0.001 0.025 0.001 0.001 0.002 0.001 0.002 0.000 0.001 0.029 0.001 0.002 0.001 0.003 0.001 0.007 0.000 0.000 0.009 0.026 0.001 0.002 0.006 0.001 0.003 0.025 0.001 0.001 0.002 0.001 0.001 0.001 0.914 0.003 0.016 0.048 0.026 0.005 0.000 0.001 0.001 0.001 0.001 0.001 
37 cello_vis 30 0.005 0.001 0.019 0.011 0.002 0.991 0.006 0.001 0.885 0.001 0.010 0.001 0.001 0.001 0.001 0.031 0.000 0.311 0.001 0.143 0.004 0.000 0.002 0.001 0.001 0.158 0.009 0.001 0.001 0.001 0.001 0.001 0.001 0.002 0.002 0.010 0.002 0.001 0.002 0.001 0.005 0.001 0.006 0.001 0.005 0.010 0.005 0.909 0.060 0.001 0.046 0.242 0.000 0.000 0.026 0.001 0.002 0.000 
38 flute_vis 30 0.003 0.002 0.001 0.004 0.003 0.995 0.013 0.001 0.992 0.001 0.001 0.001 0.001 0.001 0.001 0.012 0.001 0.003 0.001 0.001 0.003 0.000 0.002 0.002 0.001 0.002 0.002 0.001 0.001 0.002 0.001 0.001 0.008 0.131 0.006 0.005 0.002 0.005 0.001 0.007 0.001 0.056 0.001 0.001 0.075 0.003 0.009 0.004 0.948 0.039 0.008 0.007 0.000 0.000 0.001 0.001 0.010 0.002 
39 guitar_vis 30 0.003 0.001 0.001 0.027 0.002 0.990 0.045 0.005 0.978 0.006 0.001 0.026 0.001 0.001 0.001 0.000 0.001 0.001 0.026 0.000 0.002 0.000 0.060 0.005 0.000 0.001 0.002 0.012 0.001 0.018 0.000 0.001 0.018 0.002 0.073 0.011 0.002 0.001 0.002 0.008 0.001 0.010 0.007 0.001 0.017 0.010 0.013 0.002 0.037 0.973 0.001 0.001 0.000 0.020 0.001 0.002 0.009 0.025 
40 piano_vis 30 0.002 0.001 0.001 0.016 0.002 0.995 0.106 0.001 0.992 0.001 0.002 0.000 0.001 0.112 0.001 0.004 0.004 0.016 0.001 0.000 0.009 0.000 0.001 0.010 0.001 0.002 0.009 0.004 0.002 0.002 0.001 0.000 0.002 0.004 0.002 0.015 0.017 0.002 0.008 0.001 0.001 0.001 0.001 0.004 0.001 0.001 0.031 0.005 0.023 0.000 0.986 0.009 0.000 0.000 0.001 0.001 0.012 0.000 
41 trumpet_vis 30 0.004 0.001 0.013 0.012 0.002 0.994 0.001 0.002 0.992 0.001 0.001 0.000 0.001 0.000 0.000 0.000 0.000 0.007 0.001 0.000 0.001 0.000 0.002 0.000 0.001 0.001 0.001 0.000 0.001 0.000 0.000 0.000 0.001 0.001 0.002 0.001 0.001 0.001 0.010 0.001 0.002 0.012 0.010 0.002 0.014 0.001 0.001 0.147 0.001 0.000 0.005 0.923 0.000 0.000 0.043 0.001 0.000 0.000 
42 fork_vis 30 0.003 0.002 0.001 0.001 0.001 0.996 0.057 0.002 0.001 0.963 0.023 0.001 0.001 0.000 0.001 0.000 0.071 0.001 0.000 0.000 0.001 0.000 0.000 0.000 0.000 0.001 0.001 0.000 0.000 0.001 0.000 0.001 0.001 0.000 0.001 0.001 0.001 0.002 0.034 0.001 0.002 0.001 0.003 0.001 0.001 0.000 0.001 0.001 0.001 0.000 0.001 0.001 0.929 0.001 0.001 0.003 0.049 0.005 
43 spoon_vis 30 0.003 0.005 0.003 0.001 0.001 0.991 0.002 0.001 0.025 0.966 0.001 0.015 0.001 0.001 0.001 0.001 0.013 0.001 0.009 0.029 0.001 0.000 0.001 0.000 0.000 0.001 0.001 0.000 0.000 0.002 0.000 0.001 0.001 0.000 0.001 0.001 0.001 0.001 0.008 0.001 0.001 0.002 0.001 0.001 0.001 0.000 0.021 0.001 0.001 0.033 0.001 0.001 0.002 0.932 0.003 0.018 0.076 0.055 
44 tongs_vis 30 0.010 0.001 0.001 0.001 0.001 0.978 0.002 0.002 0.001 0.985 0.002 0.001 0.001 0.000 0.001 0.000 0.001 0.008 0.001 0.001 0.001 0.000 0.001 0.000 0.000 0.001 0.001 0.000 0.001 0.001 0.000 0.001 0.000 0.000 0.008 0.002 0.001 0.001 0.006 0.001 0.033 0.001 0.001 0.001 0.002 0.000 0.001 0.002 0.001 0.001 0.001 0.001 0.022 0.007 0.742 0.012 0.001 0.398 
45 ladle_vis 30 0.005 0.001 0.020 0.001 0.001 0.985 0.001 0.008 0.001 0.984 0.001 0.001 0.001 0.001 0.001 0.000 0.001 0.004 0.001 0.033 0.058 0.060 0.001 0.000 0.000 0.001 0.002 0.000 0.000 0.001 0.000 0.001 0.001 0.000 0.002 0.001 0.019 0.001 0.009 0.001 0.003 0.083 0.001 0.005 0.001 0.013 0.001 0.004 0.001 0.000 0.002 0.001 0.027 0.012 0.041 0.987 0.116 0.001 
46 knife_vis 30 0.002 0.005 0.001 0.001 0.000 0.996 0.001 0.004 0.009 0.978 0.002 0.003 0.001 0.001 0.001 0.000 0.004 0.001 0.001 0.004 0.001 0.000 0.000 0.000 0.000 0.001 0.000 0.000 0.000 0.002 0.000 0.001 0.001 0.001 0.001 0.001 0.000 0.001 0.001 0.001 0.001 0.006 0.003 0.001 0.001 0.001 0.001 0.001 0.002 0.021 0.001 0.001 0.017 0.017 0.001 0.005 0.989 0.005 
47 chopsticks_vis 30 0.003 0.006 0.001 0.001 0.001 0.996 0.005 0.001 0.002 0.993 0.015 0.001 0.001 0.000 0.006 0.000 0.003 0.002 0.000 0.000 0.001 0.000 0.000 0.000 0.000 0.001 0.001 0.000 0.000 0.007 0.000 0.001 0.000 0.001 0.001 0.023 0.001 0.001 0.059 0.001 0.030 0.001 0.001 0.001 0.001 0.000 0.001 0.001 0.001 0.002 0.001 0.001 0.888 0.002 0.003 0.003 0.209 0.572 
