0 beaver_vis 30 0.993 0.972 0.063 0.212 0.001 0.004 0.003 0.001 0.795 0.001 0.001 0.402 0.887 0.001 0.818 0.002 0.001 0.001 0.796 0.001 0.000 0.013 0.000 0.001 0.006 0.258 0.001 0.013 0.000 0.001 0.000 0.001 0.001 0.001 0.001 0.001 0.001 0.001 0.001 0.018 0.001 0.001 0.000 0.001 0.001 0.001 0.006 0.000 0.003 0.001 0.071 0.001 0.001 0.002 0.001 0.001 0.002 0.000 
1 bear_vis 30 0.993 0.386 0.004 0.001 0.551 0.003 0.003 0.048 0.001 0.001 0.014 0.000 0.001 0.374 0.001 0.068 0.000 0.008 0.001 0.001 0.001 0.001 0.000 0.001 0.001 0.000 0.003 0.000 0.181 0.651 0.005 0.002 0.001 0.000 0.003 0.001 0.006 0.003 0.001 0.001 0.001 0.007 0.002 0.004 0.003 0.007 0.001 0.001 0.001 0.001 0.001 0.001 0.001 0.001 0.001 0.036 0.001 0.000 
2 sheep_vis 30 0.991 0.763 0.010 0.001 0.054 0.004 0.003 0.003 0.002 0.001 0.012 0.045 0.003 0.571 0.001 0.002 0.000 0.022 0.001 0.001 0.001 0.002 0.000 0.001 0.001 0.000 0.001 0.000 0.150 0.006 0.014 0.002 0.001 0.000 0.001 0.001 0.002 0.001 0.001 0.002 0.001 0.001 0.000 0.001 0.002 0.001 0.002 0.000 0.001 0.001 0.001 0.001 0.001 0.001 0.001 0.001 0.001 0.000 
3 buffalo_vis 30 0.994 0.908 0.009 0.001 0.124 0.002 0.002 0.025 0.001 0.001 0.042 0.000 0.001 0.711 0.001 0.277 0.000 0.040 0.001 0.001 0.001 0.002 0.000 0.001 0.001 0.000 0.002 0.000 0.189 0.681 0.002 0.002 0.001 0.000 0.001 0.001 0.007 0.001 0.001 0.001 0.001 0.002 0.002 0.002 0.002 0.003 0.002 0.000 0.001 0.001 0.000 0.001 0.001 0.001 0.001 0.038 0.001 0.000 
4 poodle_vis 30 0.993 0.921 0.071 0.002 0.001 0.005 0.003 0.001 0.056 0.001 0.001 0.142 0.222 0.002 0.032 0.016 0.000 0.001 0.024 0.011 0.000 0.032 0.000 0.001 0.001 0.002 0.001 0.001 0.000 0.001 0.000 0.025 0.003 0.002 0.001 0.001 0.020 0.001 0.001 0.007 0.001 0.001 0.001 0.001 0.001 0.001 0.019 0.000 0.026 0.001 0.562 0.001 0.001 0.001 0.001 0.001 0.002 0.000 
5 giraffe_vis 30 0.994 0.923 0.009 0.001 0.114 0.002 0.002 0.026 0.001 0.001 0.047 0.000 0.001 0.734 0.001 0.288 0.000 0.043 0.001 0.001 0.001 0.002 0.000 0.001 0.001 0.000 0.002 0.000 0.181 0.674 0.002 0.002 0.001 0.000 0.001 0.001 0.007 0.001 0.001 0.001 0.001 0.002 0.002 0.002 0.002 0.003 0.002 0.000 0.001 0.001 0.000 0.001 0.001 0.001 0.001 0.038 0.001 0.000 
6 robin_vis 30 0.992 0.284 0.024 0.001 0.378 0.003 0.002 0.004 0.002 0.001 0.003 0.023 0.013 0.276 0.001 0.001 0.001 0.013 0.001 0.001 0.020 0.013 0.000 0.001 0.005 0.001 0.001 0.000 0.464 0.003 0.050 0.007 0.002 0.000 0.002 0.001 0.002 0.001 0.001 0.001 0.001 0.001 0.000 0.001 0.001 0.001 0.003 0.000 0.001 0.001 0.001 0.001 0.001 0.001 0.001 0.001 0.001 0.000 
7 swan_vis 30 0.991 0.428 0.252 0.001 0.004 0.004 0.002 0.003 0.001 0.001 0.006 0.068 0.005 0.401 0.001 0.001 0.000 0.167 0.002 0.003 0.009 0.009 0.001 0.001 0.001 0.000 0.001 0.000 0.003 0.002 0.010 0.000 0.003 0.000 0.001 0.001 0.001 0.001 0.001 0.002 0.001 0.001 0.001 0.001 0.007 0.001 0.001 0.000 0.001 0.001 0.001 0.001 0.001 0.001 0.001 0.001 0.002 0.000 
8 woodpecker_vis 30 0.989 0.033 0.019 0.947 0.001 0.005 0.021 0.001 0.003 0.001 0.001 0.001 0.099 0.001 0.001 0.000 0.093 0.001 0.003 0.001 0.006 0.003 0.001 0.001 0.947 0.075 0.046 0.143 0.033 0.001 0.001 0.001 0.001 0.000 0.020 0.002 0.001 0.001 0.005 0.001 0.001 0.001 0.000 0.001 0.001 0.001 0.001 0.000 0.001 0.002 0.001 0.001 0.001 0.001 0.001 0.001 0.002 0.001 
9 peacock_vis 30 0.972 0.002 0.743 0.001 0.001 0.027 0.008 0.001 0.007 0.004 0.001 0.002 0.003 0.002 0.001 0.000 0.033 0.003 0.015 0.008 0.004 0.453 0.011 0.001 0.001 0.001 0.001 0.001 0.000 0.001 0.000 0.000 0.046 0.001 0.006 0.001 0.002 0.001 0.003 0.002 0.001 0.001 0.000 0.001 0.001 0.001 0.001 0.001 0.002 0.001 0.010 0.001 0.013 0.002 0.001 0.001 0.005 0.001 
10 crow_vis 30 0.991 0.030 0.047 0.001 0.624 0.004 0.002 0.015 0.001 0.001 0.002 0.001 0.001 0.069 0.001 0.001 0.001 0.016 0.001 0.001 0.092 0.001 0.000 0.001 0.002 0.001 0.003 0.000 0.310 0.018 0.086 0.009 0.005 0.001 0.002 0.001 0.001 0.002 0.001 0.001 0.001 0.001 0.001 0.002 0.001 0.005 0.001 0.001 0.001 0.001 0.001 0.001 0.001 0.001 0.001 0.001 0.001 0.001 
11 eagle_vis 30 0.992 0.057 0.946 0.005 0.001 0.063 0.002 0.001 0.100 0.001 0.001 0.029 0.055 0.000 0.028 0.000 0.021 0.001 0.936 0.036 0.000 0.022 0.016 0.001 0.002 0.013 0.001 0.000 0.000 0.000 0.000 0.001 0.004 0.001 0.002 0.001 0.002 0.001 0.001 0.002 0.001 0.001 0.000 0.001 0.001 0.001 0.002 0.000 0.002 0.001 0.052 0.001 0.001 0.002 0.001 0.001 0.007 0.000 
12 tuna_vis 30 0.047 0.002 0.001 0.224 0.001 0.780 0.985 0.003 0.069 0.003 0.006 0.000 0.017 0.001 0.011 0.000 0.017 0.001 0.006 0.001 0.001 0.000 0.159 0.005 0.116 0.033 0.065 0.311 0.000 0.003 0.007 0.000 0.001 0.001 0.976 0.088 0.003 0.002 0.109 0.005 0.005 0.001 0.001 0.004 0.001 0.001 0.001 0.001 0.002 0.018 0.004 0.001 0.004 0.003 0.002 0.001 0.004 0.021 
13 goldfish_vis 30 0.022 0.001 0.001 0.047 0.001 0.990 0.055 0.986 0.082 0.001 0.098 0.000 0.000 0.001 0.010 0.001 0.001 0.001 0.001 0.000 0.001 0.000 0.003 0.351 0.001 0.002 0.767 0.001 0.001 0.034 0.012 0.000 0.001 0.000 0.132 0.034 0.001 0.002 0.001 0.002 0.405 0.072 0.894 0.874 0.001 0.003 0.001 0.001 0.005 0.017 0.001 0.154 0.002 0.002 0.001 0.001 0.001 0.024 
14 salmon_vis 30 0.087 0.026 0.001 0.123 0.001 0.755 0.977 0.004 0.213 0.001 0.065 0.001 0.138 0.001 0.089 0.000 0.026 0.001 0.009 0.001 0.001 0.001 0.103 0.005 0.070 0.014 0.087 0.493 0.001 0.011 0.007 0.000 0.001 0.000 0.982 0.065 0.016 0.003 0.014 0.025 0.004 0.002 0.002 0.008 0.001 0.001 0.001 0.001 0.004 0.026 0.004 0.001 0.004 0.018 0.002 0.001 0.002 0.008 
15 sardine_vis 30 0.118 0.002 0.001 0.138 0.001 0.936 0.221 0.949 0.002 0.001 0.347 0.000 0.000 0.001 0.016 0.001 0.001 0.003 0.001 0.001 0.001 0.000 0.021 0.367 0.001 0.015 0.832 0.001 0.001 0.039 0.061 0.000 0.001 0.000 0.328 0.234 0.001 0.002 0.002 0.003 0.714 0.032 0.146 0.661 0.003 0.001 0.001 0.001 0.001 0.002 0.001 0.119 0.005 0.001 0.001 0.001 0.001 0.005 
16 catfish_vis 30 0.068 0.003 0.001 0.127 0.002 0.966 0.106 0.974 0.044 0.001 0.361 0.000 0.000 0.001 0.033 0.001 0.001 0.003 0.001 0.000 0.001 0.000 0.025 0.362 0.001 0.025 0.790 0.003 0.001 0.019 0.088 0.000 0.001 0.001 0.489 0.020 0.001 0.002 0.003 0.003 0.285 0.009 0.410 0.528 0.002 0.001 0.001 0.001 0.002 0.005 0.001 0.117 0.002 0.003 0.002 0.001 0.002 0.016 
17 cod_vis 30 0.062 0.002 0.001 0.201 0.001 0.811 0.960 0.022 0.050 0.001 0.008 0.000 0.008 0.001 0.009 0.001 0.014 0.001 0.002 0.001 0.001 0.000 0.078 0.011 0.060 0.013 0.144 0.230 0.001 0.013 0.005 0.000 0.001 0.000 0.859 0.254 0.004 0.003 0.017 0.003 0.018 0.005 0.004 0.037 0.001 0.001 0.001 0.001 0.002 0.025 0.002 0.002 0.005 0.002 0.002 0.001 0.001 0.011 
18 turtle_vis 30 0.080 0.002 0.001 0.159 0.002 0.963 0.027 0.982 0.115 0.001 0.472 0.000 0.000 0.001 0.006 0.001 0.001 0.003 0.001 0.000 0.001 0.000 0.009 0.250 0.001 0.004 0.926 0.003 0.004 0.123 0.026 0.000 0.001 0.000 0.137 0.010 0.001 0.002 0.001 0.001 0.339 0.742 0.417 0.268 0.001 0.002 0.001 0.001 0.001 0.186 0.001 0.104 0.001 0.003 0.001 0.002 0.001 0.004 
19 rattlesnake_vis 30 0.151 0.003 0.001 0.179 0.001 0.941 0.116 0.941 0.015 0.001 0.508 0.000 0.000 0.001 0.023 0.001 0.001 0.005 0.001 0.001 0.001 0.000 0.032 0.287 0.001 0.030 0.853 0.004 0.001 0.039 0.091 0.000 0.001 0.000 0.569 0.008 0.002 0.002 0.001 0.001 0.189 0.025 0.087 0.332 0.001 0.002 0.001 0.001 0.002 0.006 0.001 0.075 0.001 0.002 0.001 0.001 0.001 0.004 
20 crab_vis 30 0.250 0.004 0.001 0.526 0.001 0.405 0.974 0.003 0.122 0.001 0.015 0.001 0.040 0.001 0.027 0.000 0.036 0.001 0.004 0.000 0.001 0.000 0.272 0.011 0.179 0.039 0.174 0.798 0.001 0.012 0.020 0.000 0.001 0.001 0.989 0.038 0.003 0.002 0.027 0.003 0.003 0.002 0.002 0.005 0.001 0.001 0.001 0.001 0.003 0.050 0.002 0.001 0.002 0.005 0.002 0.001 0.002 0.011 
21 frog_vis 30 0.777 0.003 0.001 0.315 0.055 0.139 0.028 0.683 0.001 0.001 0.238 0.000 0.000 0.001 0.003 0.001 0.001 0.010 0.001 0.001 0.002 0.000 0.026 0.260 0.001 0.004 0.674 0.037 0.008 0.289 0.304 0.001 0.001 0.001 0.040 0.038 0.001 0.002 0.001 0.001 0.164 0.116 0.033 0.067 0.001 0.001 0.001 0.001 0.001 0.003 0.001 0.018 0.003 0.001 0.001 0.001 0.001 0.001 
22 gecko_vis 30 0.572 0.005 0.001 0.683 0.001 0.222 0.914 0.002 0.061 0.001 0.009 0.001 0.040 0.001 0.023 0.000 0.023 0.001 0.004 0.001 0.002 0.001 0.257 0.024 0.183 0.028 0.111 0.848 0.001 0.019 0.043 0.000 0.001 0.001 0.974 0.027 0.002 0.002 0.019 0.003 0.002 0.001 0.002 0.003 0.001 0.001 0.001 0.001 0.002 0.023 0.002 0.001 0.002 0.004 0.002 0.001 0.002 0.008 
23 crocodile_vis 30 0.070 0.003 0.001 0.290 0.001 0.675 0.985 0.003 0.113 0.002 0.011 0.001 0.030 0.001 0.022 0.000 0.031 0.001 0.006 0.001 0.001 0.000 0.221 0.006 0.152 0.043 0.122 0.555 0.001 0.004 0.011 0.000 0.001 0.001 0.986 0.064 0.003 0.002 0.061 0.004 0.003 0.001 0.001 0.005 0.001 0.001 0.001 0.001 0.002 0.027 0.003 0.001 0.004 0.005 0.002 0.001 0.002 0.020 
24 axe_vis 30 0.043 0.086 0.001 0.001 0.001 0.994 0.953 0.001 0.006 0.001 0.006 0.000 0.092 0.001 0.003 0.000 0.001 0.000 0.006 0.000 0.000 0.000 0.000 0.001 0.001 0.000 0.001 0.000 0.000 0.007 0.000 0.000 0.001 0.000 0.003 0.010 0.969 0.009 0.002 0.037 0.001 0.001 0.000 0.009 0.001 0.001 0.001 0.000 0.008 0.001 0.006 0.001 0.001 0.001 0.001 0.001 0.016 0.001 
25 hammer_vis 30 0.007 0.001 0.001 0.018 0.001 0.993 0.988 0.003 0.002 0.001 0.002 0.000 0.002 0.000 0.001 0.000 0.001 0.000 0.004 0.000 0.000 0.000 0.019 0.001 0.010 0.006 0.001 0.003 0.000 0.001 0.001 0.000 0.002 0.000 0.004 0.007 0.001 0.031 0.935 0.139 0.082 0.001 0.000 0.001 0.001 0.001 0.001 0.000 0.001 0.002 0.004 0.001 0.005 0.001 0.001 0.001 0.007 0.002 
26 screwdriver_vis 30 0.018 0.018 0.001 0.001 0.001 0.994 0.892 0.001 0.003 0.024 0.016 0.000 0.032 0.001 0.006 0.000 0.005 0.002 0.048 0.000 0.000 0.002 0.023 0.001 0.001 0.000 0.001 0.000 0.000 0.001 0.000 0.000 0.001 0.000 0.002 0.003 0.047 0.002 0.076 0.631 0.004 0.001 0.000 0.001 0.005 0.001 0.001 0.000 0.001 0.001 0.012 0.001 0.068 0.003 0.001 0.001 0.299 0.001 
27 chisel_vis 30 0.006 0.001 0.001 0.037 0.001 0.994 0.989 0.003 0.002 0.001 0.001 0.000 0.001 0.000 0.001 0.000 0.001 0.000 0.003 0.000 0.000 0.000 0.028 0.001 0.020 0.011 0.001 0.003 0.000 0.001 0.001 0.000 0.002 0.000 0.004 0.005 0.001 0.048 0.962 0.050 0.083 0.001 0.000 0.001 0.001 0.001 0.001 0.000 0.001 0.002 0.002 0.001 0.004 0.001 0.001 0.001 0.007 0.004 
28 saw_vis 30 0.027 0.153 0.001 0.001 0.001 0.990 0.911 0.002 0.009 0.001 0.065 0.001 0.184 0.002 0.032 0.000 0.001 0.001 0.039 0.000 0.000 0.001 0.001 0.001 0.001 0.000 0.001 0.001 0.000 0.001 0.000 0.000 0.001 0.000 0.002 0.008 0.116 0.004 0.017 0.826 0.006 0.001 0.000 0.001 0.032 0.001 0.001 0.000 0.002 0.001 0.027 0.001 0.010 0.005 0.001 0.001 0.008 0.001 
29 drill_vis 30 0.034 0.088 0.001 0.001 0.001 0.994 0.957 0.001 0.005 0.001 0.008 0.000 0.095 0.001 0.004 0.000 0.001 0.000 0.007 0.000 0.000 0.000 0.001 0.001 0.001 0.000 0.001 0.000 0.000 0.006 0.000 0.000 0.001 0.000 0.002 0.005 0.900 0.012 0.004 0.117 0.003 0.001 0.000 0.003 0.001 0.001 0.001 0.000 0.005 0.001 0.007 0.001 0.002 0.001 0.001 0.001 0.024 0.001 
30 clamp_vis 30 0.222 0.439 0.001 0.001 0.001 0.993 0.033 0.960 0.001 0.001 0.881 0.001 0.001 0.003 0.179 0.000 0.000 0.035 0.002 0.000 0.000 0.000 0.001 0.007 0.000 0.001 0.003 0.000 0.000 0.006 0.001 0.000 0.001 0.000 0.001 0.002 0.001 0.002 0.006 0.915 0.940 0.002 0.001 0.008 0.354 0.001 0.001 0.000 0.001 0.001 0.001 0.033 0.005 0.001 0.001 0.001 0.003 0.001 
31 hoe_vis 30 0.002 0.001 0.001 0.001 0.001 0.995 0.001 0.975 0.007 0.001 0.004 0.000 0.000 0.001 0.000 0.000 0.000 0.001 0.001 0.000 0.000 0.000 0.000 0.004 0.000 0.000 0.004 0.000 0.001 0.004 0.001 0.000 0.001 0.000 0.001 0.001 0.001 0.002 0.001 0.001 0.012 0.017 0.002 0.244 0.022 0.010 0.001 0.001 0.001 0.005 0.000 0.025 0.000 0.001 0.001 0.001 0.001 0.001 
32 rake_vis 30 0.006 0.033 0.001 0.001 0.001 0.995 0.001 0.969 0.039 0.002 0.279 0.000 0.001 0.018 0.004 0.001 0.000 0.008 0.001 0.000 0.000 0.000 0.000 0.003 0.000 0.000 0.001 0.000 0.000 0.006 0.001 0.000 0.001 0.000 0.000 0.001 0.003 0.001 0.001 0.002 0.007 0.004 0.007 0.146 0.316 0.003 0.002 0.001 0.013 0.001 0.000 0.169 0.001 0.026 0.001 0.001 0.002 0.001 
33 shovel_vis 30 0.002 0.001 0.001 0.005 0.001 0.996 0.020 0.982 0.001 0.001 0.002 0.000 0.000 0.000 0.001 0.000 0.000 0.000 0.001 0.000 0.000 0.000 0.001 0.043 0.001 0.001 0.007 0.000 0.000 0.005 0.001 0.000 0.001 0.000 0.001 0.003 0.001 0.139 0.006 0.002 0.886 0.007 0.001 0.321 0.001 0.001 0.001 0.000 0.001 0.001 0.000 0.008 0.001 0.001 0.001 0.001 0.005 0.004 
34 spade_vis 30 0.005 0.020 0.001 0.001 0.001 0.995 0.001 0.935 0.002 0.002 0.054 0.002 0.000 0.019 0.000 0.001 0.000 0.014 0.001 0.000 0.000 0.000 0.000 0.001 0.000 0.000 0.001 0.000 0.000 0.001 0.001 0.000 0.001 0.000 0.000 0.001 0.001 0.001 0.001 0.003 0.009 0.002 0.002 0.002 0.608 0.001 0.002 0.001 0.001 0.001 0.000 0.018 0.001 0.002 0.001 0.001 0.002 0.000 
35 wrench_vis 30 0.006 0.010 0.001 0.001 0.003 0.995 0.001 0.638 0.769 0.001 0.007 0.062 0.000 0.001 0.001 0.001 0.000 0.007 0.001 0.001 0.000 0.000 0.000 0.001 0.000 0.000 0.001 0.000 0.003 0.120 0.001 0.002 0.001 0.000 0.000 0.001 0.001 0.002 0.001 0.001 0.002 0.016 0.003 0.009 0.001 0.830 0.472 0.003 0.012 0.023 0.000 0.680 0.000 0.001 0.001 0.021 0.001 0.001 
36 accordion_vis 30 0.004 0.011 0.001 0.001 0.001 0.994 0.001 0.001 0.994 0.009 0.000 0.055 0.014 0.000 0.002 0.001 0.000 0.000 0.013 0.009 0.000 0.001 0.000 0.000 0.001 0.000 0.000 0.001 0.000 0.001 0.000 0.001 0.001 0.001 0.001 0.001 0.001 0.001 0.001 0.002 0.001 0.002 0.000 0.000 0.004 0.001 0.944 0.056 0.003 0.004 0.066 0.033 0.001 0.050 0.001 0.007 0.001 0.000 
37 cello_vis 30 0.009 0.005 0.001 0.000 0.001 0.987 0.001 0.001 0.969 0.004 0.000 0.005 0.006 0.000 0.001 0.002 0.000 0.000 0.009 0.005 0.000 0.001 0.000 0.001 0.000 0.001 0.000 0.001 0.000 0.001 0.000 0.001 0.001 0.002 0.001 0.001 0.002 0.001 0.001 0.002 0.001 0.001 0.000 0.001 0.006 0.002 0.077 0.013 0.008 0.001 0.262 0.014 0.001 0.004 0.002 0.002 0.001 0.000 
38 flute_vis 30 0.064 0.095 0.001 0.001 0.001 0.993 0.222 0.001 0.930 0.001 0.001 0.008 0.073 0.000 0.068 0.001 0.000 0.000 0.047 0.002 0.000 0.000 0.001 0.001 0.001 0.001 0.000 0.001 0.000 0.003 0.000 0.001 0.001 0.001 0.003 0.001 0.581 0.001 0.001 0.011 0.001 0.001 0.000 0.001 0.001 0.001 0.016 0.002 0.041 0.001 0.322 0.015 0.001 0.001 0.001 0.001 0.003 0.000 
39 guitar_vis 30 0.004 0.002 0.001 0.001 0.001 0.967 0.001 0.001 0.506 0.043 0.001 0.001 0.008 0.001 0.000 0.000 0.000 0.001 0.002 0.001 0.000 0.001 0.001 0.001 0.001 0.001 0.000 0.002 0.000 0.001 0.000 0.001 0.002 0.001 0.001 0.001 0.001 0.001 0.001 0.001 0.001 0.004 0.000 0.001 0.023 0.001 0.033 0.012 0.001 0.006 0.002 0.001 0.001 0.038 0.009 0.003 0.001 0.001 
40 piano_vis 30 0.133 0.084 0.001 0.000 0.001 0.994 0.173 0.001 0.990 0.001 0.000 0.001 0.013 0.000 0.315 0.018 0.000 0.000 0.028 0.003 0.000 0.000 0.000 0.001 0.000 0.000 0.000 0.001 0.000 0.044 0.000 0.001 0.001 0.002 0.001 0.002 0.848 0.006 0.001 0.054 0.001 0.001 0.000 0.007 0.001 0.001 0.016 0.005 0.637 0.001 0.918 0.139 0.002 0.001 0.001 0.002 0.003 0.000 
41 trumpet_vis 30 0.011 0.018 0.001 0.000 0.001 0.995 0.001 0.031 0.993 0.001 0.002 0.000 0.000 0.000 0.412 0.010 0.000 0.000 0.001 0.001 0.000 0.000 0.000 0.017 0.000 0.000 0.000 0.000 0.000 0.131 0.000 0.001 0.001 0.001 0.000 0.000 0.002 0.001 0.001 0.001 0.002 0.002 0.001 0.327 0.001 0.016 0.007 0.006 0.617 0.002 0.001 0.986 0.000 0.001 0.001 0.002 0.001 0.000 
42 fork_vis 30 0.004 0.001 0.008 0.001 0.001 0.994 0.003 0.002 0.022 0.984 0.001 0.000 0.002 0.001 0.000 0.000 0.057 0.004 0.012 0.001 0.001 0.007 0.023 0.001 0.001 0.000 0.001 0.000 0.000 0.001 0.000 0.000 0.002 0.000 0.007 0.001 0.002 0.001 0.003 0.001 0.001 0.001 0.001 0.001 0.001 0.001 0.002 0.001 0.006 0.002 0.001 0.001 0.017 0.772 0.001 0.020 0.096 0.057 
43 spoon_vis 30 0.002 0.001 0.003 0.001 0.001 0.996 0.001 0.002 0.011 0.991 0.001 0.000 0.001 0.000 0.000 0.000 0.005 0.002 0.027 0.001 0.000 0.002 0.008 0.000 0.001 0.000 0.001 0.000 0.000 0.000 0.000 0.000 0.002 0.000 0.002 0.000 0.001 0.001 0.002 0.006 0.001 0.001 0.000 0.001 0.001 0.001 0.003 0.000 0.002 0.002 0.001 0.001 0.017 0.640 0.001 0.003 0.448 0.061 
44 tongs_vis 30 0.007 0.001 0.005 0.002 0.001 0.995 0.387 0.002 0.002 0.555 0.001 0.000 0.001 0.000 0.001 0.000 0.068 0.002 0.072 0.001 0.000 0.001 0.755 0.001 0.002 0.001 0.001 0.000 0.000 0.001 0.000 0.000 0.004 0.000 0.010 0.001 0.001 0.003 0.741 0.076 0.010 0.001 0.001 0.001 0.001 0.001 0.001 0.000 0.001 0.002 0.002 0.001 0.224 0.003 0.001 0.001 0.249 0.184 
45 ladle_vis 30 0.001 0.001 0.002 0.001 0.001 0.996 0.001 0.011 0.006 0.918 0.001 0.000 0.000 0.000 0.000 0.000 0.001 0.001 0.001 0.001 0.000 0.001 0.001 0.001 0.001 0.000 0.001 0.000 0.000 0.006 0.000 0.000 0.006 0.000 0.001 0.001 0.001 0.008 0.001 0.001 0.001 0.036 0.001 0.001 0.001 0.024 0.003 0.010 0.001 0.014 0.000 0.001 0.005 0.002 0.002 0.937 0.041 0.003 
46 knife_vis 30 0.001 0.001 0.001 0.001 0.001 0.996 0.002 0.002 0.011 0.990 0.001 0.000 0.001 0.000 0.000 0.000 0.007 0.001 0.028 0.001 0.000 0.001 0.012 0.001 0.001 0.000 0.001 0.000 0.000 0.000 0.000 0.000 0.002 0.000 0.003 0.000 0.001 0.001 0.018 0.011 0.001 0.001 0.000 0.001 0.001 0.001 0.002 0.000 0.002 0.004 0.000 0.001 0.007 0.521 0.001 0.002 0.890 0.061 
47 chopsticks_vis 30 0.002 0.001 0.003 0.001 0.001 0.995 0.003 0.002 0.007 0.988 0.001 0.000 0.001 0.000 0.000 0.000 0.005 0.002 0.019 0.001 0.001 0.004 0.014 0.001 0.001 0.000 0.001 0.000 0.000 0.000 0.000 0.000 0.003 0.000 0.004 0.001 0.001 0.001 0.003 0.001 0.001 0.001 0.001 0.001 0.001 0.001 0.001 0.001 0.002 0.003 0.001 0.001 0.013 0.805 0.001 0.002 0.251 0.092 
