0 beaver_vis 30 0.995 0.991 0.005 0.001 0.001 0.003 0.001 0.001 0.001 0.006 0.155 0.001 0.003 0.094 0.938 0.001 0.003 0.001 0.000 0.000 0.139 0.001 0.000 0.001 0.000 0.000 0.004 0.047 0.000 0.017 0.017 0.000 0.000 0.000 0.000 0.000 0.001 0.000 0.000 0.025 0.000 0.000 0.000 0.006 0.000 0.001 0.000 0.000 0.000 0.000 0.002 0.000 0.001 0.001 0.001 0.000 0.036 0.000 
1 bear_vis 30 0.995 0.937 0.007 0.167 0.000 0.003 0.001 0.001 0.001 0.003 0.001 0.043 0.001 0.340 0.011 0.178 0.000 0.006 0.000 0.000 0.001 0.004 0.002 0.037 0.001 0.000 0.000 0.264 0.000 0.001 0.001 0.000 0.000 0.000 0.000 0.000 0.001 0.000 0.001 0.006 0.000 0.007 0.000 0.015 0.000 0.001 0.000 0.000 0.003 0.011 0.001 0.000 0.000 0.003 0.001 0.002 0.004 0.000 
2 sheep_vis 30 0.995 0.988 0.004 0.001 0.001 0.003 0.001 0.001 0.001 0.007 0.078 0.001 0.004 0.094 0.940 0.000 0.002 0.001 0.000 0.000 0.118 0.001 0.000 0.001 0.000 0.000 0.005 0.055 0.001 0.014 0.015 0.000 0.000 0.000 0.000 0.000 0.001 0.000 0.001 0.034 0.000 0.000 0.000 0.006 0.000 0.000 0.000 0.000 0.000 0.000 0.002 0.000 0.001 0.001 0.001 0.000 0.036 0.000 
3 buffalo_vis 30 0.994 0.969 0.637 0.162 0.002 0.005 0.006 0.001 0.001 0.012 0.264 0.049 0.001 0.939 0.141 0.650 0.001 0.675 0.000 0.000 0.046 0.005 0.001 0.024 0.003 0.000 0.000 0.400 0.006 0.000 0.031 0.000 0.000 0.000 0.001 0.000 0.007 0.003 0.005 0.000 0.000 0.000 0.000 0.015 0.000 0.032 0.000 0.000 0.125 0.156 0.001 0.000 0.004 0.027 0.001 0.061 0.277 0.000 
4 poodle_vis 30 0.995 0.985 0.007 0.001 0.002 0.003 0.001 0.001 0.001 0.009 0.093 0.000 0.002 0.106 0.958 0.000 0.004 0.001 0.000 0.000 0.134 0.002 0.000 0.001 0.000 0.000 0.005 0.059 0.001 0.026 0.015 0.000 0.000 0.000 0.000 0.000 0.002 0.000 0.001 0.046 0.000 0.000 0.000 0.006 0.000 0.000 0.000 0.000 0.000 0.000 0.003 0.000 0.003 0.001 0.001 0.000 0.065 0.000 
5 giraffe_vis 30 0.994 0.902 0.136 0.034 0.002 0.004 0.002 0.001 0.001 0.005 0.001 0.219 0.044 0.029 0.610 0.001 0.000 0.091 0.000 0.000 0.031 0.005 0.001 0.032 0.000 0.000 0.035 0.110 0.002 0.000 0.147 0.000 0.000 0.000 0.001 0.000 0.001 0.022 0.017 0.001 0.000 0.005 0.000 0.000 0.000 0.001 0.000 0.000 0.001 0.016 0.001 0.000 0.002 0.002 0.001 0.000 0.004 0.000 
6 robin_vis 30 0.995 0.006 0.989 0.001 0.057 0.002 0.001 0.001 0.001 0.002 0.006 0.000 0.011 0.000 0.000 0.001 0.938 0.004 0.009 0.011 0.158 0.033 0.000 0.000 0.000 0.000 0.000 0.000 0.001 0.030 0.001 0.027 0.000 0.004 0.006 0.000 0.001 0.000 0.001 0.004 0.001 0.000 0.000 0.001 0.000 0.000 0.000 0.000 0.000 0.000 0.031 0.000 0.012 0.001 0.001 0.000 0.000 0.001 
7 swan_vis 30 0.995 0.008 0.994 0.031 0.001 0.003 0.068 0.001 0.001 0.001 0.000 0.023 0.000 0.837 0.001 0.000 0.002 0.977 0.000 0.852 0.518 0.004 0.000 0.007 0.305 0.000 0.000 0.000 0.156 0.000 0.000 0.000 0.000 0.000 0.001 0.000 0.596 0.000 0.897 0.001 0.000 0.000 0.000 0.000 0.000 0.000 0.116 0.001 0.001 0.000 0.001 0.000 0.001 0.006 0.002 0.000 0.001 0.000 
8 woodpecker_vis 30 0.995 0.976 0.087 0.001 0.010 0.002 0.001 0.001 0.001 0.006 0.069 0.074 0.952 0.000 0.019 0.002 0.030 0.003 0.031 0.000 0.031 0.102 0.004 0.000 0.000 0.000 0.001 0.000 0.000 0.001 0.015 0.000 0.067 0.060 0.000 0.000 0.001 0.000 0.001 0.003 0.000 0.005 0.000 0.000 0.000 0.000 0.000 0.000 0.000 0.001 0.001 0.000 0.027 0.002 0.009 0.002 0.000 0.001 
9 peacock_vis 30 0.995 0.012 0.925 0.079 0.001 0.002 0.012 0.001 0.001 0.001 0.000 0.063 0.001 0.105 0.000 0.000 0.002 0.009 0.014 0.894 0.004 0.002 0.000 0.008 0.392 0.000 0.000 0.000 0.004 0.000 0.000 0.001 0.000 0.000 0.000 0.000 0.010 0.000 0.007 0.102 0.000 0.000 0.000 0.000 0.001 0.000 0.021 0.000 0.001 0.000 0.001 0.000 0.000 0.001 0.001 0.000 0.000 0.000 
10 crow_vis 30 0.995 0.008 0.993 0.088 0.001 0.003 0.213 0.001 0.001 0.001 0.000 0.014 0.000 0.740 0.001 0.000 0.003 0.955 0.000 0.889 0.674 0.001 0.000 0.014 0.323 0.000 0.000 0.000 0.157 0.000 0.000 0.000 0.000 0.000 0.001 0.000 0.530 0.000 0.917 0.001 0.000 0.000 0.000 0.000 0.000 0.000 0.094 0.001 0.001 0.000 0.002 0.000 0.001 0.001 0.001 0.000 0.001 0.000 
11 eagle_vis 30 0.995 0.267 0.939 0.001 0.011 0.002 0.003 0.001 0.001 0.010 0.001 0.008 0.113 0.001 0.001 0.002 0.038 0.012 0.026 0.000 0.015 0.838 0.002 0.000 0.000 0.000 0.000 0.000 0.001 0.001 0.001 0.000 0.000 0.032 0.001 0.000 0.001 0.000 0.001 0.001 0.000 0.001 0.000 0.000 0.000 0.000 0.000 0.000 0.000 0.000 0.001 0.000 0.093 0.016 0.023 0.001 0.001 0.001 
12 tuna_vis 30 0.996 0.027 0.001 0.910 0.023 0.002 0.001 0.001 0.001 0.001 0.000 0.032 0.005 0.000 0.001 0.045 0.000 0.002 0.008 0.000 0.000 0.001 0.695 0.001 0.135 0.122 0.005 0.010 0.003 0.001 0.005 0.008 0.063 0.003 0.000 0.002 0.000 0.002 0.000 0.001 0.001 0.007 0.004 0.000 0.012 0.001 0.009 0.003 0.001 0.003 0.001 0.000 0.000 0.001 0.015 0.004 0.000 0.000 
13 goldfish_vis 30 0.996 0.137 0.001 0.976 0.004 0.002 0.001 0.012 0.001 0.000 0.000 0.002 0.000 0.002 0.002 0.057 0.000 0.001 0.000 0.000 0.000 0.000 0.001 0.409 0.001 0.002 0.013 0.863 0.004 0.000 0.003 0.000 0.000 0.000 0.000 0.001 0.000 0.003 0.001 0.000 0.000 0.050 0.000 0.018 0.000 0.001 0.000 0.000 0.003 0.172 0.001 0.000 0.000 0.000 0.000 0.000 0.001 0.000 
14 salmon_vis 30 0.996 0.013 0.001 0.972 0.010 0.002 0.001 0.001 0.001 0.000 0.000 0.000 0.000 0.047 0.005 0.007 0.000 0.001 0.000 0.011 0.000 0.000 0.017 0.043 0.382 0.001 0.040 0.626 0.010 0.228 0.001 0.003 0.001 0.000 0.000 0.005 0.001 0.001 0.001 0.036 0.000 0.000 0.000 0.194 0.000 0.001 0.002 0.000 0.040 0.001 0.001 0.000 0.000 0.000 0.002 0.001 0.003 0.000 
15 sardine_vis 30 0.995 0.066 0.001 0.477 0.011 0.002 0.001 0.001 0.001 0.001 0.000 0.000 0.001 0.000 0.159 0.000 0.000 0.001 0.000 0.000 0.000 0.000 0.001 0.009 0.001 0.002 0.689 0.797 0.003 0.002 0.027 0.000 0.001 0.000 0.000 0.001 0.000 0.046 0.001 0.003 0.000 0.013 0.001 0.020 0.000 0.001 0.000 0.000 0.001 0.005 0.001 0.001 0.000 0.000 0.000 0.000 0.001 0.000 
16 catfish_vis 30 0.996 0.413 0.001 0.801 0.596 0.002 0.002 0.001 0.001 0.001 0.012 0.000 0.001 0.001 0.620 0.000 0.000 0.008 0.000 0.000 0.006 0.000 0.017 0.001 0.019 0.001 0.753 0.873 0.096 0.001 0.931 0.000 0.405 0.001 0.000 0.005 0.001 0.855 0.001 0.001 0.000 0.005 0.000 0.079 0.000 0.026 0.000 0.000 0.021 0.059 0.002 0.002 0.000 0.000 0.000 0.057 0.022 0.000 
17 cod_vis 30 0.995 0.270 0.000 0.191 0.011 0.002 0.001 0.001 0.001 0.001 0.000 0.000 0.002 0.000 0.511 0.000 0.000 0.001 0.000 0.000 0.000 0.000 0.001 0.003 0.001 0.001 0.737 0.969 0.002 0.003 0.141 0.000 0.000 0.000 0.000 0.001 0.000 0.494 0.001 0.003 0.000 0.299 0.000 0.094 0.000 0.001 0.000 0.000 0.003 0.055 0.001 0.001 0.000 0.000 0.000 0.001 0.002 0.000 
18 turtle_vis 30 0.996 0.001 0.004 0.003 0.989 0.002 0.002 0.001 0.002 0.001 0.000 0.000 0.001 0.000 0.000 0.000 0.002 0.005 0.000 0.000 0.003 0.001 0.002 0.000 0.001 0.001 0.003 0.001 0.040 0.071 0.065 0.003 0.015 0.017 0.000 0.002 0.001 0.002 0.001 0.000 0.001 0.000 0.001 0.000 0.000 0.001 0.000 0.001 0.000 0.001 0.004 0.001 0.028 0.000 0.001 0.001 0.000 0.001 
19 rattlesnake_vis 30 0.995 0.001 0.001 0.001 0.966 0.003 0.001 0.003 0.003 0.003 0.002 0.000 0.000 0.000 0.012 0.000 0.007 0.001 0.000 0.000 0.000 0.001 0.002 0.000 0.001 0.001 0.005 0.097 0.003 0.905 0.091 0.006 0.001 0.011 0.001 0.001 0.001 0.004 0.000 0.001 0.008 0.001 0.003 0.005 0.000 0.002 0.000 0.002 0.000 0.002 0.004 0.005 0.033 0.000 0.002 0.003 0.012 0.001 
20 crab_vis 30 0.996 0.004 0.102 0.002 0.595 0.002 0.002 0.001 0.001 0.002 0.000 0.000 0.007 0.000 0.022 0.000 0.002 0.001 0.000 0.000 0.282 0.011 0.001 0.000 0.001 0.001 0.003 0.001 0.032 0.003 0.042 0.001 0.002 0.004 0.000 0.002 0.002 0.003 0.001 0.014 0.000 0.000 0.001 0.000 0.000 0.000 0.000 0.000 0.000 0.000 0.004 0.001 0.069 0.000 0.001 0.000 0.001 0.001 
21 frog_vis 30 0.995 0.000 0.017 0.001 0.991 0.002 0.001 0.001 0.004 0.001 0.000 0.000 0.001 0.000 0.000 0.000 0.055 0.001 0.000 0.001 0.001 0.000 0.002 0.000 0.001 0.023 0.002 0.000 0.005 0.066 0.001 0.920 0.105 0.021 0.006 0.001 0.000 0.001 0.000 0.002 0.075 0.000 0.027 0.001 0.000 0.001 0.000 0.030 0.000 0.000 0.015 0.003 0.001 0.000 0.001 0.001 0.000 0.001 
22 gecko_vis 30 0.995 0.001 0.001 0.002 0.992 0.002 0.001 0.001 0.002 0.001 0.000 0.000 0.054 0.000 0.000 0.000 0.007 0.001 0.000 0.000 0.001 0.042 0.024 0.000 0.001 0.005 0.001 0.000 0.002 0.035 0.039 0.016 0.107 0.827 0.001 0.001 0.000 0.001 0.000 0.001 0.007 0.005 0.041 0.000 0.000 0.001 0.000 0.001 0.000 0.001 0.002 0.002 0.057 0.000 0.006 0.005 0.000 0.021 
23 crocodile_vis 30 0.995 0.001 0.001 0.001 0.973 0.002 0.001 0.001 0.001 0.003 0.003 0.000 0.001 0.000 0.012 0.000 0.003 0.001 0.000 0.000 0.001 0.002 0.002 0.000 0.000 0.001 0.002 0.047 0.010 0.717 0.176 0.001 0.003 0.023 0.001 0.001 0.001 0.004 0.000 0.001 0.001 0.000 0.002 0.003 0.000 0.002 0.000 0.001 0.000 0.001 0.004 0.001 0.039 0.000 0.002 0.002 0.031 0.004 
24 axe_vis 30 0.004 0.000 0.055 0.001 0.001 0.996 0.943 0.040 0.006 0.001 0.000 0.000 0.000 0.001 0.044 0.000 0.037 0.000 0.000 0.049 0.032 0.002 0.000 0.014 0.001 0.000 0.007 0.001 0.005 0.001 0.000 0.001 0.000 0.000 0.975 0.001 0.011 0.007 0.005 0.006 0.000 0.064 0.000 0.015 0.000 0.000 0.000 0.000 0.035 0.003 0.059 0.000 0.003 0.000 0.000 0.000 0.019 0.000 
25 hammer_vis 30 0.004 0.000 0.000 0.010 0.002 0.997 0.981 0.008 0.020 0.001 0.000 0.000 0.000 0.001 0.007 0.000 0.000 0.000 0.000 0.001 0.002 0.000 0.000 0.008 0.003 0.000 0.051 0.002 0.034 0.001 0.001 0.001 0.000 0.000 0.002 0.949 0.073 0.047 0.015 0.008 0.004 0.000 0.009 0.005 0.008 0.022 0.000 0.000 0.010 0.000 0.003 0.002 0.000 0.000 0.006 0.000 0.006 0.001 
26 screwdriver_vis 30 0.004 0.000 0.001 0.001 0.001 0.996 0.994 0.001 0.002 0.006 0.000 0.000 0.000 0.001 0.004 0.000 0.000 0.000 0.000 0.058 0.006 0.000 0.000 0.000 0.004 0.000 0.001 0.000 0.003 0.001 0.000 0.001 0.000 0.000 0.008 0.009 0.939 0.002 0.007 0.305 0.108 0.000 0.000 0.002 0.006 0.000 0.000 0.000 0.002 0.000 0.005 0.000 0.001 0.000 0.111 0.000 0.005 0.000 
27 chisel_vis 30 0.003 0.000 0.001 0.001 0.001 0.997 0.993 0.003 0.008 0.003 0.000 0.000 0.000 0.001 0.010 0.000 0.000 0.000 0.000 0.003 0.003 0.000 0.000 0.001 0.002 0.000 0.015 0.001 0.006 0.000 0.001 0.000 0.000 0.000 0.010 0.025 0.295 0.924 0.004 0.007 0.046 0.009 0.001 0.008 0.009 0.034 0.000 0.000 0.017 0.000 0.001 0.004 0.000 0.000 0.003 0.001 0.020 0.001 
28 saw_vis 30 0.005 0.001 0.006 0.001 0.001 0.993 0.993 0.001 0.005 0.006 0.000 0.000 0.000 0.004 0.031 0.000 0.002 0.001 0.000 0.007 0.107 0.000 0.000 0.059 0.001 0.000 0.008 0.000 0.026 0.001 0.000 0.001 0.000 0.000 0.006 0.008 0.064 0.089 0.976 0.028 0.000 0.000 0.001 0.001 0.042 0.001 0.000 0.000 0.001 0.000 0.013 0.004 0.005 0.000 0.002 0.000 0.021 0.001 
29 drill_vis 30 0.004 0.000 0.001 0.001 0.001 0.996 0.994 0.001 0.001 0.004 0.000 0.000 0.000 0.000 0.003 0.000 0.001 0.000 0.000 0.038 0.005 0.000 0.000 0.000 0.001 0.000 0.001 0.000 0.002 0.002 0.000 0.001 0.000 0.000 0.015 0.085 0.150 0.001 0.015 0.979 0.011 0.001 0.004 0.009 0.011 0.000 0.000 0.000 0.004 0.000 0.026 0.000 0.000 0.000 0.024 0.000 0.004 0.000 
30 clamp_vis 30 0.002 0.000 0.000 0.001 0.001 0.997 0.004 0.994 0.039 0.001 0.000 0.000 0.000 0.000 0.000 0.000 0.000 0.000 0.000 0.000 0.000 0.000 0.001 0.000 0.001 0.005 0.000 0.000 0.000 0.015 0.000 0.040 0.000 0.001 0.001 0.002 0.000 0.001 0.000 0.001 0.981 0.006 0.041 0.058 0.011 0.017 0.000 0.000 0.001 0.000 0.000 0.056 0.000 0.000 0.002 0.001 0.000 0.001 
31 hoe_vis 30 0.003 0.000 0.000 0.001 0.001 0.996 0.003 0.887 0.001 0.269 0.000 0.013 0.000 0.000 0.000 0.000 0.000 0.000 0.001 0.000 0.000 0.002 0.007 0.000 0.000 0.001 0.000 0.000 0.000 0.000 0.000 0.000 0.000 0.006 0.001 0.000 0.000 0.001 0.001 0.001 0.012 0.657 0.040 0.000 0.529 0.015 0.000 0.001 0.000 0.001 0.000 0.001 0.002 0.000 0.693 0.002 0.000 0.001 
32 rake_vis 30 0.003 0.000 0.000 0.001 0.002 0.996 0.028 0.993 0.003 0.001 0.000 0.000 0.000 0.000 0.000 0.000 0.002 0.000 0.010 0.000 0.000 0.001 0.001 0.001 0.000 0.008 0.000 0.000 0.000 0.003 0.000 0.018 0.000 0.001 0.008 0.014 0.000 0.001 0.001 0.041 0.018 0.002 0.924 0.005 0.021 0.001 0.001 0.000 0.000 0.000 0.001 0.002 0.000 0.000 0.017 0.001 0.000 0.002 
33 shovel_vis 30 0.003 0.000 0.000 0.001 0.001 0.997 0.021 0.993 0.002 0.001 0.000 0.000 0.000 0.000 0.000 0.000 0.000 0.000 0.000 0.000 0.000 0.000 0.001 0.001 0.000 0.000 0.008 0.008 0.000 0.028 0.000 0.002 0.000 0.000 0.016 0.106 0.000 0.005 0.000 0.091 0.104 0.003 0.073 0.974 0.001 0.005 0.000 0.000 0.051 0.000 0.002 0.002 0.000 0.000 0.001 0.001 0.002 0.001 
34 spade_vis 30 0.003 0.000 0.000 0.006 0.001 0.996 0.007 0.978 0.055 0.001 0.000 0.001 0.000 0.000 0.000 0.000 0.000 0.000 0.034 0.001 0.000 0.000 0.001 0.001 0.000 0.014 0.000 0.000 0.000 0.000 0.000 0.015 0.000 0.000 0.001 0.000 0.000 0.000 0.001 0.001 0.010 0.017 0.019 0.000 0.969 0.001 0.000 0.001 0.000 0.000 0.000 0.001 0.000 0.000 0.067 0.000 0.000 0.000 
35 wrench_vis 30 0.003 0.001 0.000 0.003 0.001 0.996 0.008 0.993 0.024 0.002 0.003 0.000 0.000 0.001 0.000 0.007 0.003 0.002 0.000 0.000 0.000 0.000 0.002 0.004 0.000 0.007 0.000 0.002 0.000 0.004 0.001 0.001 0.000 0.001 0.001 0.096 0.000 0.003 0.002 0.000 0.040 0.006 0.192 0.273 0.001 0.595 0.000 0.001 0.001 0.003 0.001 0.009 0.000 0.000 0.003 0.004 0.001 0.002 
36 accordion_vis 30 0.004 0.001 0.081 0.018 0.001 0.996 0.178 0.002 0.993 0.002 0.000 0.009 0.000 0.661 0.000 0.000 0.000 0.010 0.000 0.083 0.002 0.000 0.000 0.602 0.006 0.001 0.000 0.000 0.001 0.001 0.000 0.000 0.000 0.000 0.005 0.019 0.008 0.000 0.333 0.000 0.000 0.000 0.001 0.000 0.001 0.001 0.843 0.002 0.840 0.010 0.279 0.000 0.000 0.014 0.000 0.000 0.052 0.001 
37 cello_vis 30 0.004 0.001 0.006 0.002 0.001 0.996 0.053 0.001 0.994 0.127 0.001 0.000 0.000 0.004 0.000 0.001 0.002 0.027 0.000 0.002 0.002 0.000 0.003 0.000 0.005 0.001 0.000 0.000 0.000 0.001 0.001 0.001 0.002 0.000 0.001 0.001 0.154 0.001 0.001 0.000 0.033 0.000 0.001 0.000 0.004 0.007 0.097 0.975 0.006 0.007 0.016 0.005 0.000 0.003 0.001 0.003 0.004 0.049 
38 flute_vis 30 0.004 0.001 0.001 0.001 0.001 0.996 0.555 0.001 0.848 0.002 0.000 0.000 0.000 0.013 0.077 0.000 0.001 0.001 0.000 0.001 0.056 0.000 0.000 0.017 0.001 0.000 0.015 0.001 0.002 0.001 0.000 0.000 0.000 0.000 0.001 0.694 0.006 0.001 0.008 0.003 0.000 0.000 0.003 0.001 0.000 0.001 0.002 0.001 0.508 0.001 0.938 0.001 0.000 0.000 0.000 0.000 0.172 0.004 
39 guitar_vis 30 0.004 0.001 0.001 0.006 0.001 0.996 0.001 0.018 0.994 0.002 0.000 0.001 0.000 0.008 0.000 0.004 0.000 0.018 0.002 0.001 0.000 0.000 0.002 0.007 0.002 0.026 0.000 0.001 0.000 0.001 0.000 0.000 0.000 0.000 0.001 0.001 0.000 0.000 0.003 0.000 0.000 0.000 0.002 0.001 0.013 0.039 0.232 0.012 0.062 0.048 0.002 0.005 0.000 0.005 0.000 0.001 0.002 0.001 
40 piano_vis 30 0.004 0.001 0.011 0.001 0.001 0.995 0.010 0.001 0.994 0.002 0.000 0.000 0.001 0.002 0.001 0.000 0.017 0.002 0.000 0.001 0.045 0.000 0.000 0.001 0.001 0.003 0.002 0.000 0.002 0.001 0.001 0.001 0.001 0.000 0.004 0.007 0.009 0.000 0.002 0.000 0.000 0.000 0.001 0.000 0.000 0.001 0.017 0.006 0.007 0.003 0.972 0.002 0.001 0.001 0.000 0.000 0.017 0.010 
41 trumpet_vis 30 0.003 0.000 0.000 0.003 0.001 0.996 0.001 0.007 0.993 0.003 0.000 0.000 0.000 0.000 0.000 0.001 0.000 0.001 0.000 0.000 0.000 0.000 0.002 0.000 0.001 0.029 0.012 0.002 0.000 0.001 0.001 0.001 0.002 0.001 0.001 0.009 0.000 0.067 0.000 0.000 0.084 0.000 0.005 0.001 0.008 0.015 0.001 0.009 0.009 0.014 0.005 0.962 0.000 0.001 0.000 0.006 0.002 0.016 
42 fork_vis 30 0.005 0.005 0.001 0.001 0.004 0.995 0.007 0.001 0.002 0.993 0.000 0.001 0.044 0.000 0.000 0.000 0.008 0.001 0.001 0.000 0.004 0.006 0.001 0.000 0.000 0.000 0.000 0.000 0.000 0.014 0.002 0.000 0.000 0.022 0.014 0.000 0.002 0.004 0.002 0.014 0.016 0.006 0.001 0.000 0.005 0.001 0.000 0.035 0.000 0.002 0.009 0.001 0.821 0.096 0.094 0.061 0.032 0.414 
43 spoon_vis 30 0.007 0.002 0.003 0.001 0.001 0.996 0.002 0.001 0.007 0.994 0.000 0.021 0.001 0.001 0.000 0.001 0.000 0.001 0.036 0.000 0.000 0.380 0.030 0.000 0.000 0.000 0.000 0.000 0.000 0.011 0.001 0.000 0.000 0.048 0.089 0.000 0.001 0.000 0.002 0.026 0.000 0.001 0.021 0.000 0.004 0.001 0.312 0.011 0.001 0.010 0.006 0.000 0.038 0.972 0.158 0.062 0.022 0.217 
44 tongs_vis 30 0.004 0.004 0.000 0.001 0.011 0.996 0.069 0.004 0.001 0.992 0.000 0.001 0.040 0.000 0.000 0.000 0.003 0.001 0.000 0.000 0.001 0.018 0.001 0.000 0.000 0.000 0.000 0.001 0.000 0.003 0.003 0.000 0.000 0.057 0.016 0.001 0.002 0.003 0.001 0.040 0.014 0.004 0.029 0.001 0.001 0.002 0.000 0.000 0.000 0.000 0.001 0.001 0.175 0.001 0.869 0.008 0.002 0.375 
45 ladle_vis 30 0.003 0.001 0.000 0.001 0.001 0.996 0.004 0.003 0.002 0.989 0.000 0.004 0.000 0.000 0.000 0.002 0.000 0.001 0.001 0.000 0.000 0.003 0.010 0.000 0.000 0.000 0.000 0.000 0.000 0.001 0.001 0.000 0.000 0.002 0.020 0.000 0.001 0.003 0.001 0.001 0.013 0.049 0.001 0.000 0.014 0.002 0.000 0.008 0.000 0.012 0.000 0.000 0.005 0.016 0.215 0.913 0.002 0.006 
46 knife_vis 30 0.003 0.022 0.001 0.001 0.001 0.997 0.001 0.001 0.035 0.990 0.003 0.000 0.000 0.049 0.000 0.075 0.000 0.003 0.000 0.000 0.000 0.001 0.002 0.000 0.000 0.000 0.000 0.001 0.000 0.001 0.001 0.000 0.000 0.001 0.002 0.000 0.002 0.001 0.001 0.000 0.000 0.000 0.001 0.001 0.000 0.011 0.004 0.078 0.001 0.054 0.001 0.000 0.003 0.271 0.006 0.527 0.293 0.016 
47 chopsticks_vis 30 0.004 0.027 0.000 0.001 0.004 0.996 0.006 0.001 0.008 0.993 0.003 0.000 0.023 0.000 0.001 0.000 0.003 0.001 0.000 0.000 0.004 0.001 0.002 0.000 0.000 0.000 0.000 0.001 0.000 0.002 0.015 0.000 0.000 0.014 0.004 0.001 0.007 0.005 0.001 0.023 0.006 0.001 0.005 0.001 0.001 0.001 0.000 0.065 0.001 0.001 0.016 0.001 0.095 0.083 0.055 0.078 0.177 0.964 
