0 beaver_vis 30 0.996 0.991 0.004 0.006 0.000 0.002 0.052 0.000 0.001 0.001 0.913 0.104 0.109 0.001 0.024 0.001 0.004 0.003 0.025 0.001 0.001 0.018 0.000 0.001 0.001 0.001 0.001 0.000 0.000 0.001 0.001 0.000 0.000 0.000 0.105 0.001 0.000 0.000 0.001 0.001 0.000 0.000 0.001 0.000 0.001 0.001 0.000 0.000 0.001 0.000 0.000 0.001 0.000 0.000 0.001 0.000 0.000 0.000 
1 bear_vis 30 0.996 0.989 0.002 0.033 0.000 0.002 0.040 0.000 0.001 0.000 0.057 0.970 0.055 0.002 0.005 0.035 0.000 0.000 0.001 0.127 0.001 0.008 0.000 0.000 0.004 0.000 0.095 0.000 0.000 0.001 0.001 0.000 0.000 0.000 0.000 0.001 0.001 0.000 0.005 0.006 0.000 0.000 0.001 0.000 0.000 0.000 0.000 0.000 0.001 0.000 0.000 0.000 0.000 0.000 0.000 0.000 0.000 0.011 
2 sheep_vis 30 0.996 0.979 0.004 0.015 0.000 0.001 0.001 0.000 0.000 0.001 0.010 0.039 0.986 0.001 0.000 0.001 0.001 0.008 0.002 0.001 0.000 0.030 0.000 0.000 0.120 0.002 0.004 0.000 0.085 0.000 0.000 0.000 0.000 0.000 0.013 0.000 0.000 0.000 0.001 0.001 0.000 0.000 0.001 0.000 0.005 0.000 0.000 0.000 0.000 0.000 0.000 0.000 0.000 0.000 0.000 0.006 0.065 0.097 
3 buffalo_vis 30 0.996 0.994 0.009 0.001 0.003 0.002 0.002 0.000 0.001 0.000 0.027 0.004 0.031 0.967 0.151 0.041 0.002 0.000 0.007 0.004 0.008 0.010 0.000 0.000 0.000 0.000 0.001 0.000 0.001 0.001 0.022 0.000 0.000 0.001 0.000 0.000 0.003 0.000 0.001 0.002 0.003 0.000 0.001 0.000 0.000 0.000 0.000 0.002 0.005 0.000 0.000 0.001 0.000 0.000 0.000 0.000 0.000 0.000 
4 poodle_vis 30 0.996 0.993 0.005 0.000 0.001 0.002 0.002 0.000 0.001 0.001 0.012 0.001 0.001 0.054 0.929 0.125 0.002 0.000 0.008 0.001 0.004 0.004 0.000 0.000 0.000 0.000 0.000 0.000 0.000 0.001 0.001 0.000 0.000 0.000 0.000 0.001 0.001 0.000 0.001 0.001 0.000 0.000 0.001 0.000 0.000 0.000 0.000 0.004 0.000 0.000 0.000 0.001 0.001 0.000 0.000 0.000 0.000 0.000 
5 giraffe_vis 30 0.996 0.993 0.002 0.001 0.001 0.002 0.002 0.000 0.001 0.000 0.004 0.233 0.008 0.056 0.015 0.841 0.000 0.000 0.001 0.047 0.003 0.006 0.000 0.000 0.000 0.000 0.002 0.000 0.000 0.001 0.003 0.000 0.000 0.001 0.000 0.000 0.001 0.000 0.001 0.001 0.000 0.000 0.001 0.000 0.000 0.000 0.000 0.000 0.004 0.000 0.000 0.000 0.000 0.000 0.000 0.000 0.000 0.000 
6 robin_vis 30 0.996 0.002 0.993 0.002 0.001 0.002 0.000 0.000 0.001 0.024 0.001 0.001 0.003 0.000 0.000 0.000 0.984 0.109 0.076 0.001 0.138 0.057 0.010 0.000 0.000 0.000 0.000 0.002 0.000 0.002 0.000 0.005 0.000 0.000 0.000 0.016 0.000 0.001 0.001 0.000 0.081 0.000 0.001 0.000 0.001 0.000 0.010 0.001 0.000 0.000 0.001 0.000 0.001 0.003 0.001 0.000 0.009 0.000 
7 swan_vis 30 0.996 0.002 0.993 0.023 0.001 0.002 0.001 0.000 0.001 0.001 0.002 0.001 0.005 0.000 0.001 0.001 0.009 0.970 0.009 0.046 0.039 0.067 0.045 0.000 0.000 0.028 0.038 0.000 0.005 0.001 0.000 0.000 0.000 0.001 0.000 0.001 0.001 0.005 0.001 0.000 0.000 0.000 0.001 0.000 0.000 0.001 0.000 0.001 0.000 0.001 0.000 0.001 0.001 0.000 0.000 0.000 0.007 0.000 
8 woodpecker_vis 30 0.996 0.004 0.984 0.008 0.000 0.002 0.001 0.000 0.001 0.004 0.003 0.001 0.002 0.000 0.008 0.001 0.045 0.005 0.063 0.004 0.007 0.137 0.012 0.000 0.000 0.000 0.000 0.001 0.000 0.001 0.000 0.000 0.000 0.001 0.000 0.009 0.000 0.000 0.002 0.000 0.000 0.000 0.001 0.000 0.001 0.000 0.000 0.001 0.000 0.000 0.000 0.001 0.001 0.000 0.000 0.000 0.002 0.000 
9 peacock_vis 30 0.996 0.004 0.973 0.038 0.000 0.002 0.002 0.000 0.001 0.000 0.005 0.010 0.000 0.000 0.001 0.001 0.003 0.051 0.043 0.974 0.003 0.039 0.040 0.000 0.000 0.000 0.067 0.000 0.000 0.001 0.000 0.000 0.000 0.006 0.000 0.001 0.000 0.001 0.056 0.000 0.000 0.000 0.001 0.001 0.001 0.002 0.000 0.000 0.000 0.000 0.000 0.001 0.000 0.000 0.000 0.000 0.000 0.000 
10 crow_vis 30 0.996 0.002 0.993 0.000 0.013 0.002 0.001 0.000 0.001 0.001 0.001 0.001 0.001 0.001 0.000 0.090 0.017 0.017 0.001 0.004 0.942 0.021 0.001 0.000 0.000 0.000 0.000 0.000 0.000 0.002 0.001 0.001 0.080 0.001 0.000 0.001 0.001 0.001 0.000 0.000 0.001 0.000 0.001 0.000 0.000 0.001 0.001 0.002 0.000 0.013 0.101 0.001 0.001 0.026 0.000 0.000 0.001 0.000 
11 eagle_vis 30 0.996 0.079 0.947 0.012 0.000 0.002 0.015 0.000 0.001 0.001 0.037 0.003 0.001 0.000 0.001 0.003 0.004 0.018 0.038 0.019 0.003 0.896 0.005 0.000 0.000 0.000 0.001 0.000 0.000 0.001 0.000 0.000 0.000 0.001 0.000 0.001 0.000 0.004 0.021 0.000 0.000 0.000 0.001 0.001 0.001 0.001 0.000 0.000 0.000 0.000 0.000 0.001 0.001 0.000 0.000 0.000 0.000 0.000 
12 tuna_vis 30 0.995 0.001 0.008 0.973 0.001 0.002 0.001 0.000 0.001 0.000 0.000 0.001 0.000 0.000 0.001 0.001 0.001 0.001 0.001 0.074 0.001 0.013 0.960 0.001 0.061 0.001 0.580 0.001 0.005 0.001 0.000 0.000 0.004 0.149 0.000 0.001 0.000 0.000 0.066 0.000 0.000 0.001 0.001 0.000 0.063 0.000 0.000 0.000 0.000 0.000 0.000 0.001 0.000 0.000 0.000 0.000 0.000 0.000 
13 goldfish_vis 30 0.986 0.019 0.001 0.980 0.014 0.002 0.169 0.000 0.000 0.001 0.018 0.001 0.001 0.001 0.006 0.001 0.001 0.001 0.001 0.002 0.001 0.001 0.009 0.830 0.099 0.019 0.352 0.002 0.003 0.001 0.008 0.000 0.000 0.003 0.002 0.001 0.000 0.000 0.002 0.063 0.000 0.000 0.001 0.000 0.001 0.000 0.000 0.000 0.000 0.000 0.000 0.000 0.000 0.000 0.001 0.001 0.000 0.000 
14 salmon_vis 30 0.990 0.007 0.001 0.979 0.001 0.001 0.001 0.000 0.000 0.001 0.001 0.001 0.008 0.000 0.003 0.001 0.001 0.000 0.001 0.000 0.000 0.001 0.063 0.075 0.971 0.002 0.007 0.052 0.004 0.000 0.000 0.000 0.004 0.000 0.001 0.001 0.000 0.000 0.002 0.001 0.000 0.000 0.001 0.000 0.022 0.000 0.000 0.000 0.000 0.000 0.000 0.000 0.000 0.000 0.002 0.020 0.000 0.001 
15 sardine_vis 30 0.992 0.002 0.001 0.991 0.039 0.002 0.002 0.001 0.000 0.001 0.062 0.001 0.007 0.000 0.000 0.000 0.005 0.037 0.000 0.000 0.000 0.001 0.054 0.077 0.025 0.947 0.059 0.069 0.013 0.001 0.001 0.013 0.001 0.000 0.011 0.001 0.000 0.001 0.001 0.001 0.001 0.002 0.001 0.009 0.000 0.000 0.000 0.000 0.000 0.000 0.000 0.000 0.001 0.000 0.010 0.004 0.001 0.002 
16 catfish_vis 30 0.964 0.006 0.001 0.944 0.008 0.002 0.024 0.000 0.000 0.000 0.001 0.007 0.001 0.001 0.001 0.002 0.000 0.002 0.000 0.038 0.001 0.001 0.006 0.080 0.024 0.003 0.941 0.001 0.005 0.001 0.007 0.000 0.000 0.006 0.001 0.000 0.000 0.000 0.001 0.011 0.000 0.000 0.001 0.000 0.001 0.000 0.000 0.000 0.001 0.000 0.000 0.000 0.000 0.000 0.000 0.001 0.000 0.001 
17 cod_vis 30 0.990 0.002 0.001 0.988 0.039 0.002 0.001 0.001 0.000 0.002 0.021 0.001 0.005 0.000 0.000 0.000 0.015 0.004 0.000 0.000 0.000 0.001 0.025 0.049 0.020 0.607 0.005 0.314 0.002 0.001 0.000 0.019 0.002 0.000 0.008 0.002 0.000 0.001 0.001 0.001 0.001 0.001 0.002 0.001 0.000 0.000 0.000 0.000 0.000 0.000 0.000 0.000 0.001 0.000 0.025 0.016 0.001 0.002 
18 turtle_vis 30 0.991 0.018 0.001 0.015 0.991 0.002 0.001 0.000 0.003 0.001 0.001 0.001 0.036 0.021 0.000 0.000 0.001 0.030 0.001 0.001 0.001 0.001 0.004 0.011 0.047 0.122 0.004 0.001 0.977 0.001 0.045 0.037 0.094 0.018 0.001 0.000 0.001 0.000 0.000 0.000 0.001 0.000 0.001 0.000 0.026 0.000 0.001 0.022 0.001 0.000 0.000 0.001 0.000 0.002 0.002 0.002 0.004 0.000 
19 rattlesnake_vis 30 0.981 0.003 0.004 0.001 0.988 0.002 0.001 0.000 0.002 0.001 0.001 0.001 0.000 0.000 0.001 0.002 0.065 0.000 0.001 0.000 0.014 0.002 0.001 0.001 0.000 0.000 0.000 0.003 0.000 0.963 0.056 0.169 0.012 0.004 0.000 0.004 0.009 0.001 0.001 0.000 0.003 0.000 0.043 0.000 0.001 0.001 0.001 0.023 0.000 0.000 0.024 0.001 0.027 0.005 0.001 0.001 0.000 0.000 
20 crab_vis 30 0.991 0.034 0.001 0.007 0.992 0.002 0.003 0.000 0.001 0.000 0.009 0.001 0.001 0.008 0.001 0.001 0.002 0.012 0.000 0.001 0.001 0.001 0.001 0.031 0.000 0.010 0.005 0.001 0.139 0.017 0.915 0.015 0.004 0.070 0.002 0.001 0.024 0.000 0.000 0.001 0.001 0.000 0.001 0.000 0.001 0.001 0.000 0.005 0.005 0.000 0.000 0.001 0.001 0.000 0.001 0.001 0.000 0.000 
21 frog_vis 30 0.988 0.002 0.001 0.006 0.990 0.002 0.000 0.000 0.001 0.012 0.001 0.001 0.004 0.001 0.000 0.000 0.021 0.002 0.000 0.000 0.001 0.001 0.001 0.001 0.000 0.010 0.000 0.013 0.022 0.064 0.002 0.929 0.193 0.001 0.001 0.000 0.000 0.000 0.000 0.000 0.007 0.000 0.001 0.000 0.001 0.000 0.005 0.005 0.000 0.000 0.004 0.000 0.001 0.234 0.005 0.006 0.004 0.001 
22 gecko_vis 30 0.967 0.002 0.001 0.004 0.977 0.002 0.001 0.000 0.001 0.001 0.000 0.001 0.000 0.000 0.002 0.003 0.001 0.000 0.000 0.000 0.002 0.001 0.003 0.002 0.042 0.000 0.000 0.006 0.084 0.014 0.000 0.003 0.915 0.008 0.000 0.001 0.001 0.000 0.001 0.000 0.001 0.000 0.001 0.000 0.004 0.000 0.000 0.012 0.000 0.000 0.001 0.001 0.001 0.001 0.000 0.000 0.000 0.000 
23 crocodile_vis 30 0.972 0.002 0.006 0.002 0.984 0.002 0.001 0.000 0.002 0.000 0.000 0.001 0.000 0.001 0.001 0.004 0.001 0.001 0.001 0.001 0.009 0.002 0.006 0.001 0.000 0.000 0.001 0.000 0.002 0.082 0.006 0.000 0.024 0.203 0.000 0.002 0.001 0.000 0.001 0.000 0.001 0.000 0.001 0.000 0.023 0.000 0.000 0.079 0.001 0.000 0.000 0.003 0.001 0.001 0.000 0.000 0.000 0.000 
24 axe_vis 30 0.002 0.003 0.001 0.005 0.000 0.996 0.992 0.001 0.001 0.010 0.041 0.002 0.000 0.000 0.000 0.001 0.001 0.078 0.001 0.000 0.001 0.001 0.000 0.002 0.000 0.010 0.043 0.000 0.000 0.001 0.005 0.000 0.000 0.000 0.952 0.001 0.019 0.038 0.002 0.105 0.001 0.000 0.001 0.000 0.001 0.042 0.000 0.000 0.083 0.000 0.000 0.001 0.026 0.000 0.002 0.008 0.068 0.006 
25 hammer_vis 30 0.005 0.001 0.004 0.006 0.000 0.990 0.962 0.002 0.001 0.001 0.002 0.001 0.000 0.000 0.034 0.000 0.023 0.001 0.011 0.000 0.001 0.002 0.002 0.018 0.000 0.000 0.000 0.000 0.000 0.007 0.000 0.000 0.000 0.001 0.001 0.954 0.033 0.012 0.007 0.022 0.001 0.000 0.009 0.006 0.001 0.001 0.000 0.002 0.000 0.000 0.012 0.001 0.013 0.000 0.045 0.000 0.000 0.000 
26 screwdriver_vis 30 0.004 0.014 0.001 0.001 0.046 0.995 0.923 0.000 0.056 0.001 0.011 0.001 0.000 0.000 0.017 0.024 0.001 0.005 0.001 0.000 0.003 0.002 0.000 0.002 0.000 0.001 0.000 0.000 0.000 0.017 0.091 0.002 0.000 0.002 0.038 0.008 0.982 0.003 0.001 0.002 0.001 0.000 0.001 0.001 0.000 0.001 0.005 0.011 0.020 0.001 0.213 0.001 0.022 0.001 0.008 0.000 0.001 0.000 
27 chisel_vis 30 0.006 0.001 0.007 0.002 0.001 0.996 0.969 0.012 0.003 0.001 0.001 0.001 0.000 0.000 0.001 0.001 0.002 0.004 0.001 0.000 0.002 0.005 0.006 0.000 0.000 0.000 0.002 0.000 0.000 0.001 0.001 0.000 0.000 0.007 0.004 0.086 0.039 0.815 0.011 0.002 0.001 0.003 0.001 0.005 0.001 0.002 0.000 0.001 0.001 0.002 0.009 0.001 0.003 0.000 0.000 0.000 0.000 0.002 
28 saw_vis 30 0.010 0.001 0.007 0.016 0.000 0.994 0.993 0.003 0.001 0.001 0.001 0.001 0.000 0.000 0.001 0.000 0.001 0.026 0.009 0.030 0.001 0.008 0.111 0.001 0.001 0.000 0.084 0.000 0.000 0.001 0.000 0.000 0.000 0.121 0.001 0.016 0.001 0.082 0.966 0.028 0.000 0.001 0.001 0.006 0.051 0.016 0.000 0.003 0.000 0.010 0.000 0.001 0.001 0.000 0.000 0.000 0.001 0.001 
29 drill_vis 30 0.002 0.007 0.001 0.006 0.000 0.996 0.955 0.000 0.001 0.125 0.001 0.003 0.000 0.000 0.001 0.001 0.001 0.001 0.001 0.001 0.001 0.001 0.000 0.085 0.013 0.000 0.021 0.000 0.000 0.001 0.000 0.000 0.000 0.000 0.009 0.002 0.001 0.002 0.007 0.988 0.000 0.001 0.001 0.000 0.067 0.001 0.000 0.001 0.016 0.000 0.000 0.000 0.018 0.000 0.004 0.021 0.001 0.031 
30 clamp_vis 30 0.017 0.001 0.049 0.013 0.000 0.989 0.001 0.993 0.002 0.008 0.001 0.001 0.000 0.000 0.000 0.000 0.031 0.000 0.023 0.000 0.001 0.001 0.005 0.086 0.000 0.000 0.000 0.000 0.000 0.017 0.000 0.001 0.000 0.000 0.000 0.021 0.000 0.006 0.002 0.003 0.989 0.040 0.054 0.023 0.015 0.002 0.011 0.001 0.001 0.000 0.075 0.014 0.002 0.000 0.098 0.015 0.000 0.001 
31 hoe_vis 30 0.004 0.000 0.009 0.001 0.000 0.993 0.000 0.662 0.040 0.022 0.000 0.001 0.000 0.000 0.000 0.000 0.000 0.000 0.001 0.002 0.001 0.001 0.019 0.000 0.001 0.000 0.000 0.000 0.000 0.001 0.000 0.000 0.002 0.000 0.000 0.000 0.000 0.001 0.001 0.000 0.004 0.158 0.003 0.001 0.928 0.006 0.001 0.001 0.000 0.021 0.000 0.002 0.001 0.119 0.000 0.047 0.000 0.001 
32 rake_vis 30 0.016 0.001 0.022 0.008 0.000 0.995 0.001 0.990 0.004 0.001 0.001 0.001 0.000 0.000 0.000 0.000 0.003 0.000 0.041 0.001 0.001 0.001 0.002 0.029 0.000 0.000 0.000 0.000 0.000 0.010 0.000 0.000 0.000 0.000 0.000 0.131 0.000 0.001 0.002 0.003 0.007 0.001 0.984 0.077 0.024 0.005 0.001 0.000 0.000 0.000 0.007 0.084 0.002 0.000 0.002 0.002 0.000 0.000 
33 shovel_vis 30 0.018 0.001 0.039 0.015 0.000 0.992 0.001 0.991 0.004 0.001 0.001 0.001 0.000 0.000 0.000 0.000 0.003 0.000 0.025 0.001 0.001 0.001 0.007 0.015 0.000 0.000 0.000 0.000 0.000 0.002 0.000 0.000 0.000 0.000 0.000 0.026 0.000 0.001 0.003 0.001 0.122 0.018 0.495 0.111 0.013 0.004 0.004 0.000 0.000 0.000 0.072 0.019 0.001 0.000 0.003 0.004 0.000 0.000 
34 spade_vis 30 0.007 0.001 0.025 0.036 0.000 0.848 0.000 0.904 0.004 0.007 0.000 0.001 0.000 0.000 0.000 0.000 0.001 0.000 0.265 0.001 0.001 0.001 0.273 0.108 0.047 0.000 0.000 0.000 0.000 0.001 0.000 0.000 0.001 0.000 0.000 0.001 0.000 0.001 0.019 0.001 0.003 0.014 0.005 0.001 0.930 0.005 0.001 0.001 0.000 0.001 0.000 0.027 0.001 0.004 0.001 0.017 0.000 0.000 
35 wrench_vis 30 0.004 0.000 0.003 0.001 0.000 0.993 0.000 0.988 0.006 0.001 0.000 0.001 0.000 0.000 0.000 0.000 0.001 0.000 0.001 0.028 0.001 0.001 0.003 0.001 0.000 0.000 0.000 0.000 0.000 0.001 0.000 0.000 0.000 0.001 0.000 0.001 0.000 0.001 0.003 0.002 0.002 0.014 0.037 0.001 0.967 0.061 0.000 0.001 0.001 0.001 0.000 0.018 0.001 0.001 0.000 0.058 0.000 0.000 
36 accordion_vis 30 0.007 0.002 0.005 0.000 0.042 0.996 0.000 0.001 0.919 0.046 0.001 0.001 0.001 0.016 0.000 0.000 0.000 0.000 0.002 0.000 0.003 0.001 0.001 0.008 0.000 0.008 0.000 0.000 0.001 0.001 0.000 0.034 0.012 0.001 0.000 0.001 0.001 0.000 0.001 0.000 0.001 0.000 0.001 0.002 0.001 0.002 0.976 0.002 0.053 0.011 0.072 0.022 0.001 0.090 0.005 0.005 0.030 0.000 
37 cello_vis 30 0.011 0.001 0.027 0.000 0.018 0.954 0.004 0.031 0.993 0.001 0.000 0.001 0.000 0.000 0.008 0.000 0.001 0.000 0.043 0.001 0.008 0.001 0.005 0.001 0.002 0.000 0.000 0.000 0.001 0.003 0.000 0.000 0.045 0.028 0.000 0.010 0.003 0.001 0.059 0.001 0.001 0.000 0.056 0.001 0.450 0.001 0.008 0.552 0.000 0.009 0.239 0.508 0.001 0.006 0.000 0.000 0.000 0.000 
38 flute_vis 30 0.004 0.003 0.002 0.000 0.043 0.996 0.020 0.001 0.855 0.012 0.001 0.002 0.002 0.003 0.001 0.001 0.000 0.002 0.001 0.000 0.002 0.001 0.000 0.002 0.000 0.007 0.001 0.000 0.002 0.001 0.002 0.017 0.008 0.001 0.003 0.001 0.051 0.001 0.001 0.001 0.001 0.001 0.001 0.001 0.001 0.002 0.493 0.004 0.489 0.071 0.013 0.004 0.001 0.214 0.002 0.006 0.012 0.000 
39 guitar_vis 30 0.018 0.001 0.012 0.000 0.031 0.996 0.000 0.198 0.993 0.002 0.000 0.001 0.000 0.029 0.000 0.000 0.000 0.000 0.002 0.004 0.004 0.001 0.001 0.003 0.000 0.003 0.000 0.000 0.000 0.001 0.000 0.010 0.016 0.001 0.000 0.001 0.001 0.001 0.004 0.000 0.004 0.145 0.007 0.189 0.001 0.004 0.576 0.001 0.013 0.108 0.702 0.230 0.000 0.023 0.001 0.003 0.001 0.000 
40 piano_vis 30 0.006 0.003 0.005 0.000 0.060 0.995 0.004 0.008 0.901 0.158 0.000 0.001 0.000 0.029 0.001 0.000 0.001 0.001 0.001 0.000 0.005 0.001 0.001 0.027 0.001 0.000 0.000 0.000 0.000 0.004 0.000 0.009 0.012 0.001 0.000 0.001 0.008 0.001 0.002 0.005 0.018 0.010 0.023 0.004 0.001 0.001 0.032 0.007 0.013 0.005 0.965 0.017 0.001 0.039 0.019 0.025 0.000 0.000 
41 trumpet_vis 30 0.019 0.001 0.010 0.000 0.013 0.996 0.001 0.080 0.995 0.001 0.000 0.001 0.000 0.002 0.001 0.000 0.000 0.000 0.077 0.010 0.005 0.001 0.001 0.023 0.000 0.000 0.000 0.000 0.000 0.003 0.000 0.000 0.001 0.040 0.000 0.001 0.001 0.000 0.025 0.002 0.002 0.000 0.187 0.035 0.140 0.005 0.017 0.065 0.003 0.002 0.008 0.991 0.001 0.001 0.000 0.000 0.000 0.000 
42 fork_vis 30 0.001 0.001 0.001 0.001 0.001 0.996 0.074 0.000 0.001 0.992 0.001 0.001 0.000 0.000 0.000 0.003 0.027 0.001 0.000 0.000 0.001 0.001 0.000 0.000 0.000 0.000 0.000 0.000 0.000 0.012 0.000 0.000 0.000 0.000 0.012 0.006 0.002 0.005 0.001 0.012 0.001 0.000 0.001 0.000 0.001 0.001 0.000 0.001 0.002 0.001 0.000 0.000 0.962 0.001 0.006 0.013 0.058 0.009 
43 spoon_vis 30 0.005 0.022 0.003 0.000 0.010 0.996 0.000 0.000 0.035 0.994 0.000 0.006 0.005 0.000 0.000 0.004 0.000 0.000 0.000 0.000 0.006 0.001 0.000 0.000 0.000 0.000 0.000 0.000 0.000 0.002 0.000 0.003 0.006 0.000 0.000 0.000 0.000 0.000 0.000 0.000 0.001 0.000 0.001 0.000 0.002 0.001 0.040 0.001 0.069 0.011 0.005 0.000 0.006 0.988 0.001 0.017 0.020 0.001 
44 tongs_vis 30 0.002 0.002 0.001 0.017 0.001 0.987 0.075 0.001 0.001 0.885 0.002 0.001 0.001 0.000 0.019 0.000 0.033 0.001 0.002 0.000 0.001 0.001 0.001 0.041 0.004 0.007 0.000 0.019 0.000 0.003 0.000 0.001 0.000 0.000 0.013 0.173 0.001 0.001 0.001 0.020 0.004 0.000 0.002 0.000 0.001 0.000 0.000 0.001 0.000 0.000 0.002 0.000 0.037 0.000 0.882 0.005 0.003 0.007 
45 ladle_vis 30 0.001 0.001 0.001 0.011 0.000 0.996 0.000 0.009 0.001 0.994 0.000 0.016 0.002 0.000 0.000 0.000 0.001 0.000 0.000 0.000 0.001 0.000 0.000 0.004 0.003 0.000 0.000 0.000 0.000 0.001 0.000 0.001 0.000 0.000 0.000 0.000 0.000 0.000 0.000 0.001 0.001 0.040 0.001 0.000 0.017 0.001 0.000 0.000 0.003 0.001 0.000 0.000 0.006 0.067 0.011 0.935 0.005 0.022 
46 knife_vis 30 0.001 0.001 0.001 0.001 0.002 0.996 0.000 0.000 0.002 0.994 0.000 0.001 0.006 0.000 0.000 0.005 0.004 0.001 0.000 0.000 0.001 0.001 0.000 0.000 0.001 0.000 0.000 0.000 0.000 0.001 0.000 0.002 0.001 0.000 0.002 0.000 0.000 0.001 0.001 0.001 0.001 0.000 0.001 0.000 0.001 0.001 0.001 0.001 0.002 0.008 0.003 0.000 0.079 0.100 0.007 0.011 0.929 0.037 
47 chopsticks_vis 30 0.002 0.001 0.001 0.052 0.000 0.996 0.002 0.001 0.001 0.994 0.001 0.006 0.048 0.000 0.000 0.003 0.013 0.001 0.000 0.000 0.001 0.001 0.001 0.001 0.020 0.001 0.004 0.051 0.000 0.001 0.000 0.001 0.000 0.000 0.003 0.003 0.000 0.004 0.001 0.015 0.002 0.022 0.001 0.000 0.002 0.001 0.000 0.000 0.000 0.000 0.003 0.000 0.144 0.002 0.079 0.069 0.345 0.978 
