0 beaver_vis 30 0.640 0.949 0.001 0.001 0.094 0.877 0.843 0.003 0.003 0.005 0.002 0.416 0.001 0.978 0.015 0.089 0.001 0.001 0.001 0.000 0.000 0.001 0.001 0.176 0.000 0.001 0.005 0.022 0.035 0.750 0.021 0.001 0.076 0.002 0.052 0.001 0.002 0.001 0.982 0.422 0.011 0.478 0.001 0.001 0.004 0.001 0.001 0.001 0.001 0.001 0.022 0.001 0.779 0.023 0.001 0.021 0.030 0.105 
1 bear_vis 30 0.557 0.007 0.001 0.001 0.989 0.397 0.006 0.021 0.003 0.095 0.000 0.291 0.001 0.021 0.000 0.002 0.001 0.001 0.001 0.000 0.000 0.004 0.001 0.007 0.000 0.028 0.001 0.002 0.052 0.438 0.006 0.077 0.977 0.004 0.709 0.001 0.011 0.001 0.955 0.036 0.002 0.768 0.000 0.001 0.018 0.003 0.001 0.001 0.001 0.001 0.104 0.001 0.648 0.098 0.002 0.208 0.114 0.002 
2 sheep_vis 30 0.992 0.973 0.001 0.003 0.050 0.003 0.006 0.001 0.002 0.002 0.001 0.014 0.002 0.939 0.042 0.059 0.001 0.001 0.001 0.000 0.000 0.004 0.001 0.003 0.001 0.001 0.002 0.174 0.008 0.052 0.032 0.001 0.003 0.002 0.009 0.002 0.001 0.001 0.099 0.006 0.001 0.031 0.001 0.001 0.002 0.001 0.001 0.001 0.001 0.001 0.037 0.001 0.015 0.002 0.001 0.001 0.001 0.003 
3 buffalo_vis 30 0.969 0.958 0.001 0.002 0.160 0.005 0.056 0.002 0.006 0.003 0.003 0.616 0.002 0.979 0.007 0.222 0.001 0.001 0.001 0.000 0.000 0.002 0.001 0.453 0.000 0.001 0.003 0.034 0.011 0.514 0.011 0.003 0.112 0.006 0.026 0.025 0.002 0.001 0.719 0.051 0.006 0.062 0.002 0.001 0.006 0.001 0.002 0.002 0.005 0.001 0.112 0.003 0.061 0.005 0.001 0.002 0.006 0.011 
4 poodle_vis 30 0.911 0.971 0.001 0.002 0.163 0.017 0.649 0.006 0.007 0.002 0.003 0.805 0.004 0.982 0.009 0.223 0.001 0.001 0.001 0.000 0.000 0.001 0.001 0.615 0.000 0.002 0.008 0.156 0.023 0.540 0.009 0.004 0.228 0.007 0.166 0.008 0.004 0.001 0.960 0.125 0.008 0.306 0.001 0.002 0.010 0.001 0.002 0.002 0.003 0.001 0.124 0.003 0.093 0.015 0.001 0.003 0.016 0.008 
5 giraffe_vis 30 0.484 0.790 0.001 0.003 0.122 0.287 0.858 0.041 0.003 0.004 0.001 0.200 0.001 0.966 0.002 0.015 0.001 0.001 0.001 0.000 0.000 0.001 0.001 0.440 0.000 0.001 0.005 0.207 0.003 0.499 0.009 0.002 0.175 0.003 0.841 0.002 0.013 0.001 0.983 0.403 0.003 0.794 0.001 0.001 0.011 0.004 0.001 0.001 0.001 0.001 0.036 0.001 0.374 0.025 0.001 0.005 0.013 0.004 
6 robin_vis 30 0.988 0.014 0.929 0.013 0.014 0.008 0.002 0.003 0.005 0.006 0.001 0.001 0.002 0.000 0.148 0.001 0.933 0.004 0.010 0.007 0.125 0.015 0.030 0.001 0.084 0.001 0.001 0.007 0.001 0.006 0.148 0.001 0.001 0.003 0.004 0.002 0.005 0.001 0.004 0.007 0.002 0.035 0.004 0.005 0.002 0.002 0.003 0.016 0.001 0.001 0.043 0.003 0.008 0.002 0.001 0.003 0.001 0.033 
7 swan_vis 30 0.033 0.003 0.563 0.002 0.002 0.991 0.003 0.011 0.985 0.004 0.001 0.001 0.150 0.000 0.006 0.001 0.751 0.012 0.001 0.001 0.001 0.902 0.002 0.001 0.228 0.001 0.002 0.024 0.001 0.003 0.002 0.001 0.001 0.001 0.002 0.004 0.001 0.001 0.002 0.001 0.002 0.015 0.001 0.016 0.002 0.005 0.901 0.020 0.008 0.133 0.006 0.237 0.018 0.002 0.001 0.004 0.001 0.001 
8 woodpecker_vis 30 0.630 0.004 0.002 0.022 0.590 0.980 0.666 0.003 0.075 0.018 0.000 0.727 0.001 0.000 0.001 0.001 0.001 0.001 0.029 0.001 0.000 0.005 0.002 0.008 0.000 0.135 0.003 0.001 0.002 0.030 0.000 0.344 0.679 0.114 0.985 0.001 0.194 0.021 0.004 0.001 0.001 0.003 0.001 0.005 0.002 0.064 0.002 0.001 0.058 0.041 0.002 0.002 0.004 0.023 0.030 0.004 0.254 0.001 
9 peacock_vis 30 0.060 0.003 0.001 0.001 0.267 0.909 0.002 0.589 0.044 0.003 0.000 0.060 0.001 0.006 0.001 0.001 0.001 0.001 0.001 0.001 0.000 0.001 0.001 0.003 0.000 0.004 0.002 0.002 0.002 0.017 0.004 0.013 0.882 0.005 0.003 0.001 0.004 0.001 0.048 0.002 0.003 0.536 0.010 0.003 0.044 0.004 0.001 0.001 0.002 0.005 0.593 0.009 0.047 0.004 0.002 0.005 0.001 0.001 
10 crow_vis 30 0.198 0.003 0.622 0.002 0.002 0.992 0.002 0.020 0.988 0.002 0.001 0.003 0.024 0.000 0.009 0.001 0.452 0.015 0.001 0.001 0.003 0.865 0.002 0.001 0.105 0.001 0.002 0.012 0.017 0.003 0.001 0.001 0.001 0.002 0.001 0.002 0.001 0.002 0.002 0.001 0.002 0.018 0.001 0.018 0.002 0.021 0.662 0.005 0.024 0.267 0.004 0.888 0.017 0.001 0.001 0.009 0.001 0.001 
11 eagle_vis 30 0.003 0.004 0.015 0.001 0.002 0.994 0.002 0.028 0.987 0.003 0.001 0.004 0.046 0.001 0.004 0.001 0.076 0.003 0.002 0.001 0.001 0.138 0.013 0.001 0.002 0.001 0.001 0.001 0.001 0.003 0.007 0.001 0.002 0.001 0.001 0.014 0.098 0.001 0.002 0.001 0.002 0.043 0.002 0.007 0.006 0.003 0.944 0.024 0.018 0.133 0.082 0.022 0.049 0.002 0.001 0.003 0.006 0.002 
12 tuna_vis 30 0.531 0.004 0.001 0.589 0.337 0.772 0.972 0.013 0.002 0.005 0.000 0.066 0.001 0.606 0.001 0.011 0.001 0.002 0.001 0.000 0.003 0.002 0.003 0.868 0.021 0.266 0.768 0.888 0.543 0.467 0.385 0.003 0.057 0.008 0.341 0.001 0.006 0.007 0.931 0.780 0.257 0.068 0.001 0.001 0.006 0.003 0.001 0.001 0.001 0.001 0.006 0.001 0.291 0.008 0.002 0.002 0.003 0.003 
13 goldfish_vis 30 0.702 0.008 0.001 0.669 0.501 0.707 0.969 0.008 0.001 0.003 0.000 0.139 0.001 0.786 0.001 0.034 0.001 0.006 0.001 0.000 0.007 0.003 0.004 0.873 0.025 0.342 0.804 0.869 0.719 0.379 0.623 0.003 0.062 0.013 0.126 0.001 0.002 0.014 0.921 0.882 0.397 0.079 0.000 0.001 0.004 0.002 0.001 0.001 0.001 0.001 0.004 0.001 0.294 0.007 0.001 0.004 0.004 0.008 
14 salmon_vis 30 0.099 0.003 0.001 0.011 0.183 0.844 0.979 0.014 0.008 0.004 0.000 0.232 0.001 0.004 0.001 0.001 0.002 0.001 0.003 0.000 0.000 0.006 0.001 0.119 0.001 0.016 0.073 0.171 0.006 0.356 0.001 0.087 0.054 0.111 0.980 0.006 0.022 0.016 0.099 0.002 0.002 0.006 0.001 0.027 0.003 0.219 0.003 0.001 0.011 0.002 0.005 0.001 0.012 0.003 0.015 0.003 0.006 0.001 
15 sardine_vis 30 0.810 0.281 0.001 0.543 0.015 0.072 0.454 0.005 0.001 0.003 0.003 0.068 0.002 0.799 0.094 0.036 0.001 0.001 0.001 0.000 0.017 0.003 0.063 0.815 0.013 0.006 0.176 0.665 0.215 0.185 0.116 0.001 0.011 0.010 0.106 0.013 0.005 0.001 0.045 0.002 0.009 0.006 0.001 0.001 0.007 0.006 0.001 0.001 0.001 0.001 0.004 0.003 0.153 0.003 0.002 0.001 0.001 0.001 
16 catfish_vis 30 0.987 0.960 0.001 0.002 0.093 0.010 0.015 0.002 0.003 0.002 0.001 0.208 0.002 0.978 0.013 0.134 0.001 0.001 0.001 0.000 0.000 0.002 0.001 0.098 0.001 0.001 0.004 0.070 0.021 0.256 0.018 0.001 0.016 0.003 0.006 0.010 0.001 0.001 0.343 0.029 0.004 0.028 0.001 0.001 0.004 0.001 0.001 0.002 0.002 0.001 0.034 0.003 0.058 0.002 0.001 0.001 0.002 0.010 
17 cod_vis 30 0.733 0.152 0.001 0.464 0.003 0.309 0.078 0.159 0.003 0.003 0.001 0.054 0.001 0.824 0.011 0.024 0.001 0.001 0.001 0.000 0.002 0.001 0.007 0.835 0.004 0.003 0.130 0.625 0.040 0.033 0.042 0.001 0.008 0.002 0.012 0.007 0.002 0.001 0.018 0.004 0.276 0.008 0.003 0.002 0.069 0.006 0.002 0.005 0.001 0.001 0.002 0.030 0.040 0.002 0.001 0.001 0.001 0.001 
18 turtle_vis 30 0.857 0.026 0.001 0.002 0.975 0.016 0.017 0.003 0.008 0.007 0.000 0.020 0.001 0.522 0.001 0.020 0.003 0.001 0.001 0.000 0.000 0.007 0.001 0.307 0.001 0.004 0.028 0.120 0.058 0.949 0.315 0.085 0.222 0.029 0.071 0.010 0.010 0.001 0.582 0.033 0.006 0.122 0.001 0.001 0.008 0.001 0.002 0.002 0.005 0.001 0.175 0.004 0.098 0.011 0.006 0.006 0.018 0.008 
19 rattlesnake_vis 30 0.338 0.006 0.001 0.075 0.602 0.333 0.873 0.191 0.004 0.002 0.000 0.010 0.001 0.148 0.001 0.002 0.001 0.001 0.001 0.000 0.000 0.004 0.001 0.620 0.001 0.014 0.267 0.767 0.035 0.823 0.019 0.021 0.110 0.051 0.922 0.003 0.012 0.002 0.948 0.052 0.017 0.218 0.001 0.010 0.011 0.093 0.001 0.001 0.002 0.001 0.020 0.002 0.060 0.004 0.004 0.012 0.004 0.001 
20 crab_vis 30 0.465 0.005 0.001 0.001 0.985 0.372 0.011 0.013 0.002 0.045 0.000 0.178 0.000 0.047 0.000 0.001 0.001 0.001 0.001 0.000 0.000 0.004 0.001 0.011 0.000 0.022 0.001 0.004 0.034 0.440 0.019 0.029 0.964 0.003 0.531 0.001 0.023 0.001 0.964 0.093 0.002 0.816 0.001 0.001 0.014 0.001 0.001 0.001 0.001 0.001 0.086 0.001 0.685 0.117 0.002 0.050 0.101 0.002 
21 frog_vis 30 0.462 0.004 0.001 0.002 0.847 0.518 0.010 0.002 0.781 0.002 0.000 0.161 0.001 0.001 0.001 0.001 0.002 0.001 0.013 0.000 0.000 0.026 0.001 0.002 0.001 0.001 0.002 0.002 0.008 0.423 0.001 0.061 0.041 0.131 0.420 0.042 0.004 0.071 0.006 0.001 0.001 0.002 0.001 0.060 0.001 0.003 0.007 0.001 0.960 0.006 0.002 0.004 0.002 0.002 0.004 0.005 0.329 0.001 
22 gecko_vis 30 0.203 0.004 0.001 0.003 0.598 0.335 0.711 0.061 0.002 0.011 0.000 0.045 0.001 0.030 0.000 0.001 0.001 0.001 0.001 0.000 0.000 0.002 0.001 0.069 0.000 0.116 0.003 0.108 0.012 0.327 0.010 0.008 0.890 0.004 0.914 0.001 0.038 0.001 0.965 0.053 0.002 0.284 0.001 0.001 0.027 0.004 0.001 0.001 0.001 0.001 0.022 0.001 0.434 0.028 0.002 0.009 0.011 0.001 
23 crocodile_vis 30 0.081 0.004 0.001 0.011 0.402 0.962 0.949 0.039 0.004 0.004 0.000 0.005 0.001 0.017 0.001 0.001 0.001 0.001 0.001 0.000 0.000 0.002 0.001 0.192 0.001 0.001 0.305 0.521 0.029 0.675 0.003 0.009 0.027 0.302 0.977 0.001 0.002 0.014 0.469 0.003 0.006 0.064 0.001 0.004 0.003 0.707 0.001 0.001 0.001 0.002 0.008 0.001 0.055 0.005 0.002 0.089 0.004 0.001 
24 axe_vis 30 0.004 0.004 0.001 0.010 0.002 0.993 0.970 0.040 0.001 0.002 0.000 0.057 0.001 0.008 0.001 0.001 0.001 0.001 0.003 0.000 0.000 0.001 0.002 0.014 0.001 0.001 0.015 0.036 0.001 0.006 0.000 0.001 0.002 0.014 0.918 0.001 0.004 0.009 0.051 0.002 0.003 0.006 0.001 0.006 0.002 0.073 0.001 0.001 0.001 0.004 0.001 0.001 0.002 0.002 0.002 0.002 0.006 0.001 
25 hammer_vis 30 0.003 0.035 0.001 0.009 0.001 0.993 0.995 0.007 0.001 0.029 0.002 0.003 0.016 0.006 0.002 0.001 0.001 0.002 0.001 0.000 0.000 0.000 0.007 0.006 0.009 0.002 0.004 0.002 0.001 0.005 0.000 0.001 0.001 0.001 0.011 0.047 0.009 0.044 0.032 0.868 0.039 0.001 0.001 0.002 0.003 0.001 0.001 0.001 0.001 0.001 0.001 0.000 0.005 0.003 0.005 0.001 0.020 0.138 
26 screwdriver_vis 30 0.005 0.025 0.001 0.012 0.001 0.988 0.994 0.017 0.001 0.002 0.001 0.009 0.017 0.036 0.002 0.000 0.001 0.001 0.001 0.000 0.000 0.001 0.013 0.022 0.005 0.001 0.003 0.017 0.001 0.012 0.000 0.001 0.003 0.001 0.034 0.004 0.053 0.001 0.516 0.015 0.002 0.026 0.001 0.002 0.002 0.001 0.003 0.001 0.001 0.001 0.001 0.000 0.003 0.002 0.002 0.001 0.022 0.001 
27 chisel_vis 30 0.006 0.003 0.001 0.020 0.001 0.993 0.995 0.036 0.001 0.004 0.000 0.015 0.004 0.019 0.001 0.000 0.001 0.001 0.008 0.000 0.000 0.006 0.005 0.083 0.002 0.001 0.005 0.030 0.001 0.034 0.001 0.001 0.005 0.001 0.054 0.006 0.503 0.001 0.982 0.090 0.003 0.149 0.001 0.027 0.002 0.001 0.002 0.001 0.001 0.003 0.001 0.000 0.004 0.004 0.002 0.003 0.127 0.001 
28 saw_vis 30 0.006 0.098 0.001 0.015 0.001 0.991 0.995 0.009 0.001 0.003 0.003 0.054 0.065 0.097 0.002 0.001 0.001 0.001 0.001 0.000 0.000 0.002 0.009 0.026 0.009 0.001 0.004 0.009 0.001 0.015 0.000 0.001 0.002 0.001 0.011 0.079 0.010 0.020 0.846 0.804 0.049 0.004 0.001 0.005 0.003 0.001 0.004 0.001 0.001 0.002 0.001 0.000 0.006 0.002 0.002 0.004 0.137 0.029 
29 drill_vis 30 0.006 0.061 0.001 0.010 0.001 0.991 0.994 0.009 0.001 0.003 0.001 0.034 0.026 0.089 0.001 0.000 0.001 0.001 0.001 0.000 0.000 0.001 0.005 0.026 0.004 0.001 0.002 0.006 0.001 0.008 0.000 0.001 0.002 0.001 0.012 0.060 0.021 0.013 0.545 0.779 0.026 0.004 0.001 0.003 0.002 0.001 0.002 0.001 0.001 0.001 0.001 0.000 0.003 0.002 0.002 0.001 0.081 0.018 
30 clamp_vis 30 0.003 0.002 0.001 0.029 0.001 0.993 0.937 0.272 0.001 0.157 0.001 0.001 0.001 0.000 0.001 0.001 0.001 0.001 0.007 0.000 0.001 0.001 0.060 0.004 0.011 0.002 0.006 0.004 0.001 0.004 0.000 0.001 0.002 0.001 0.094 0.002 0.137 0.002 0.651 0.008 0.008 0.277 0.001 0.008 0.005 0.005 0.001 0.001 0.001 0.001 0.001 0.000 0.002 0.005 0.014 0.036 0.003 0.002 
31 hoe_vis 30 0.002 0.001 0.001 0.030 0.002 0.992 0.553 0.875 0.001 0.234 0.001 0.001 0.001 0.000 0.001 0.001 0.001 0.001 0.008 0.001 0.007 0.001 0.113 0.001 0.004 0.011 0.001 0.002 0.001 0.002 0.000 0.001 0.065 0.002 0.084 0.001 0.044 0.001 0.907 0.002 0.014 0.713 0.000 0.006 0.038 0.010 0.001 0.001 0.001 0.002 0.001 0.001 0.004 0.006 0.002 0.588 0.002 0.002 
32 rake_vis 30 0.002 0.001 0.001 0.015 0.001 0.994 0.011 0.989 0.001 0.002 0.001 0.001 0.001 0.000 0.001 0.001 0.001 0.001 0.002 0.001 0.001 0.000 0.055 0.001 0.009 0.001 0.004 0.004 0.001 0.001 0.000 0.001 0.001 0.001 0.004 0.001 0.023 0.001 0.005 0.001 0.007 0.625 0.002 0.013 0.039 0.036 0.001 0.001 0.001 0.003 0.006 0.001 0.001 0.001 0.001 0.002 0.001 0.001 
33 shovel_vis 30 0.002 0.001 0.001 0.017 0.001 0.994 0.824 0.149 0.001 0.045 0.001 0.001 0.001 0.000 0.002 0.001 0.001 0.001 0.016 0.000 0.001 0.001 0.077 0.002 0.007 0.001 0.007 0.004 0.001 0.004 0.000 0.001 0.001 0.029 0.775 0.001 0.003 0.034 0.173 0.002 0.005 0.068 0.001 0.009 0.003 0.190 0.001 0.001 0.001 0.005 0.001 0.001 0.004 0.004 0.003 0.603 0.002 0.001 
34 spade_vis 30 0.002 0.001 0.001 0.012 0.001 0.994 0.007 0.992 0.002 0.002 0.001 0.001 0.001 0.000 0.001 0.001 0.001 0.001 0.002 0.001 0.001 0.000 0.040 0.001 0.007 0.001 0.002 0.003 0.001 0.001 0.000 0.001 0.002 0.001 0.002 0.001 0.084 0.001 0.008 0.011 0.093 0.922 0.029 0.148 0.019 0.015 0.001 0.001 0.001 0.002 0.003 0.001 0.001 0.001 0.002 0.001 0.001 0.001 
35 wrench_vis 30 0.002 0.001 0.001 0.006 0.001 0.995 0.013 0.979 0.001 0.004 0.001 0.001 0.001 0.000 0.001 0.001 0.001 0.001 0.002 0.001 0.001 0.000 0.058 0.001 0.004 0.001 0.010 0.001 0.001 0.001 0.000 0.001 0.001 0.008 0.009 0.001 0.001 0.003 0.005 0.001 0.014 0.324 0.001 0.016 0.010 0.810 0.001 0.001 0.001 0.026 0.001 0.031 0.002 0.002 0.001 0.247 0.001 0.001 
36 accordion_vis 30 0.003 0.003 0.007 0.001 0.005 0.993 0.004 0.001 0.002 0.990 0.036 0.003 0.001 0.000 0.003 0.002 0.004 0.001 0.002 0.016 0.005 0.002 0.023 0.001 0.001 0.001 0.002 0.001 0.001 0.005 0.002 0.001 0.015 0.001 0.009 0.001 0.003 0.001 0.004 0.001 0.001 0.007 0.000 0.001 0.019 0.001 0.001 0.001 0.001 0.002 0.025 0.001 0.198 0.787 0.006 0.051 0.037 0.013 
37 cello_vis 30 0.003 0.003 0.002 0.002 0.005 0.990 0.004 0.003 0.014 0.927 0.001 0.001 0.001 0.001 0.028 0.002 0.049 0.010 0.001 0.000 0.006 0.001 0.015 0.001 0.001 0.001 0.001 0.001 0.001 0.009 0.006 0.001 0.002 0.001 0.003 0.001 0.002 0.004 0.003 0.048 0.026 0.009 0.001 0.001 0.002 0.001 0.001 0.110 0.001 0.001 0.011 0.002 0.298 0.004 0.002 0.006 0.007 0.834 
38 flute_vis 30 0.005 0.047 0.001 0.002 0.022 0.994 0.017 0.002 0.024 0.977 0.005 0.003 0.002 0.001 0.051 0.061 0.009 0.005 0.001 0.001 0.002 0.001 0.021 0.001 0.001 0.001 0.054 0.001 0.007 0.057 0.001 0.002 0.002 0.176 0.090 0.001 0.002 0.380 0.004 0.001 0.007 0.004 0.001 0.001 0.002 0.124 0.001 0.001 0.001 0.067 0.004 0.093 0.357 0.037 0.005 0.695 0.074 0.420 
39 guitar_vis 30 0.003 0.008 0.003 0.001 0.004 0.994 0.007 0.002 0.002 0.991 0.025 0.001 0.001 0.000 0.005 0.017 0.006 0.001 0.004 0.011 0.002 0.001 0.030 0.001 0.001 0.001 0.008 0.001 0.001 0.006 0.003 0.001 0.003 0.001 0.008 0.001 0.002 0.001 0.007 0.002 0.001 0.014 0.000 0.001 0.016 0.001 0.001 0.001 0.001 0.004 0.012 0.001 0.090 0.852 0.019 0.063 0.038 0.039 
40 piano_vis 30 0.031 0.006 0.001 0.001 0.017 0.976 0.002 0.007 0.953 0.003 0.000 0.004 0.001 0.126 0.001 0.017 0.002 0.001 0.001 0.000 0.001 0.001 0.002 0.017 0.001 0.001 0.011 0.006 0.005 0.047 0.095 0.002 0.007 0.001 0.001 0.003 0.002 0.001 0.002 0.001 0.002 0.014 0.003 0.001 0.011 0.001 0.011 0.071 0.001 0.001 0.609 0.102 0.043 0.002 0.001 0.001 0.001 0.001 
41 trumpet_vis 30 0.010 0.005 0.002 0.001 0.015 0.990 0.002 0.016 0.747 0.002 0.001 0.002 0.001 0.044 0.002 0.013 0.003 0.001 0.001 0.001 0.001 0.001 0.003 0.006 0.001 0.001 0.009 0.003 0.002 0.028 0.088 0.001 0.006 0.001 0.001 0.001 0.001 0.001 0.001 0.001 0.002 0.023 0.003 0.001 0.014 0.002 0.011 0.026 0.001 0.001 0.337 0.022 0.154 0.001 0.001 0.001 0.001 0.003 
42 fork_vis 30 0.332 0.612 0.001 0.001 0.661 0.993 0.804 0.002 0.002 0.046 0.001 0.438 0.001 0.822 0.013 0.020 0.001 0.001 0.001 0.000 0.001 0.003 0.002 0.026 0.001 0.001 0.020 0.009 0.420 0.834 0.012 0.001 0.014 0.090 0.035 0.001 0.001 0.066 0.722 0.062 0.033 0.077 0.000 0.001 0.001 0.002 0.001 0.001 0.002 0.019 0.002 0.021 0.567 0.007 0.001 0.675 0.427 0.202 
43 spoon_vis 30 0.003 0.005 0.005 0.001 0.009 0.995 0.008 0.001 0.001 0.989 0.006 0.001 0.001 0.001 0.031 0.001 0.024 0.001 0.003 0.000 0.025 0.003 0.102 0.001 0.001 0.001 0.002 0.001 0.003 0.019 0.010 0.001 0.003 0.002 0.003 0.001 0.001 0.002 0.032 0.003 0.003 0.119 0.000 0.001 0.001 0.001 0.001 0.001 0.001 0.008 0.002 0.004 0.156 0.050 0.001 0.862 0.275 0.317 
44 tongs_vis 30 0.017 0.048 0.001 0.005 0.001 0.994 0.994 0.006 0.001 0.015 0.001 0.306 0.002 0.108 0.001 0.001 0.001 0.001 0.002 0.000 0.000 0.001 0.002 0.042 0.002 0.001 0.008 0.018 0.001 0.022 0.000 0.001 0.002 0.031 0.885 0.001 0.004 0.112 0.466 0.003 0.002 0.003 0.001 0.052 0.003 0.007 0.001 0.001 0.002 0.011 0.001 0.000 0.007 0.006 0.006 0.004 0.034 0.001 
45 ladle_vis 30 0.005 0.002 0.034 0.001 0.129 0.995 0.006 0.002 0.001 0.988 0.034 0.009 0.001 0.000 0.008 0.001 0.003 0.001 0.003 0.001 0.256 0.003 0.066 0.001 0.001 0.001 0.001 0.001 0.255 0.012 0.001 0.001 0.026 0.026 0.003 0.001 0.001 0.151 0.017 0.002 0.050 0.058 0.000 0.001 0.001 0.010 0.000 0.001 0.001 0.030 0.001 0.381 0.102 0.007 0.001 0.984 0.131 0.113 
46 knife_vis 30 0.004 0.006 0.020 0.001 0.103 0.995 0.012 0.002 0.002 0.990 0.005 0.001 0.001 0.001 0.121 0.003 0.123 0.003 0.006 0.001 0.082 0.006 0.199 0.001 0.001 0.001 0.006 0.001 0.046 0.182 0.009 0.001 0.002 0.167 0.004 0.001 0.001 0.328 0.083 0.004 0.129 0.355 0.000 0.001 0.001 0.003 0.001 0.001 0.001 0.106 0.001 0.324 0.220 0.019 0.001 0.956 0.433 0.841 
47 chopsticks_vis 30 0.094 0.569 0.001 0.001 0.531 0.994 0.759 0.002 0.011 0.659 0.001 0.280 0.001 0.438 0.035 0.006 0.002 0.001 0.004 0.000 0.001 0.007 0.007 0.004 0.001 0.001 0.007 0.002 0.176 0.758 0.005 0.001 0.007 0.272 0.014 0.004 0.001 0.411 0.715 0.011 0.036 0.170 0.000 0.001 0.001 0.002 0.001 0.001 0.022 0.198 0.001 0.062 0.223 0.012 0.001 0.878 0.810 0.421 
