0 beaver_vis 30 0.004 0.004 0.003 0.012 0.003 0.995 0.001 0.004 0.332 0.968 0.000 0.000 0.000 0.001 0.004 0.001 0.001 0.000 0.001 0.001 0.001 0.002 0.001 0.002 0.002 0.001 0.000 0.000 0.000 0.004 0.000 0.003 0.006 0.000 0.002 0.008 0.001 0.002 0.001 0.002 0.003 0.001 0.001 0.000 0.006 0.044 0.004 0.002 0.018 0.114 0.017 0.233 0.018 0.006 0.789 0.003 0.046 0.005 
1 bear_vis 30 0.087 0.018 0.002 0.001 0.001 0.990 0.001 0.907 0.003 0.527 0.000 0.003 0.001 0.001 0.003 0.048 0.002 0.000 0.001 0.001 0.003 0.000 0.000 0.002 0.000 0.001 0.000 0.000 0.000 0.001 0.001 0.000 0.000 0.000 0.002 0.001 0.001 0.001 0.001 0.004 0.022 0.000 0.010 0.001 0.930 0.070 0.001 0.012 0.001 0.002 0.000 0.005 0.006 0.003 0.010 0.000 0.002 0.275 
2 sheep_vis 30 0.008 0.002 0.001 0.052 0.034 0.986 0.021 0.903 0.001 0.015 0.000 0.001 0.003 0.000 0.001 0.010 0.000 0.001 0.000 0.000 0.001 0.001 0.001 0.022 0.001 0.002 0.001 0.062 0.000 0.005 0.004 0.000 0.000 0.002 0.217 0.000 0.003 0.001 0.003 0.001 0.026 0.008 0.882 0.037 0.853 0.182 0.001 0.001 0.001 0.001 0.007 0.059 0.006 0.001 0.075 0.004 0.000 0.010 
3 buffalo_vis 30 0.192 0.211 0.831 0.000 0.001 0.789 0.001 0.107 0.072 0.976 0.337 0.000 0.000 0.001 0.071 0.688 0.744 0.003 0.843 0.046 0.006 0.008 0.001 0.000 0.001 0.006 0.000 0.000 0.002 0.002 0.000 0.001 0.001 0.000 0.001 0.206 0.002 0.000 0.000 0.019 0.024 0.001 0.007 0.000 0.088 0.000 0.011 0.720 0.002 0.181 0.005 0.006 0.166 0.588 0.000 0.000 0.320 0.954 
4 poodle_vis 30 0.032 0.012 0.012 0.001 0.001 0.979 0.003 0.148 0.003 0.758 0.009 0.000 0.000 0.001 0.041 0.014 0.074 0.000 0.003 0.001 0.001 0.002 0.001 0.000 0.001 0.001 0.000 0.001 0.000 0.007 0.000 0.000 0.000 0.000 0.036 0.004 0.003 0.000 0.000 0.002 0.001 0.001 0.084 0.001 0.330 0.001 0.004 0.008 0.001 0.001 0.002 0.009 0.426 0.047 0.000 0.001 0.004 0.356 
5 giraffe_vis 30 0.071 0.320 0.014 0.001 0.001 0.963 0.001 0.822 0.002 0.972 0.046 0.000 0.000 0.001 0.452 0.224 0.094 0.001 0.003 0.001 0.002 0.001 0.002 0.000 0.000 0.002 0.000 0.001 0.000 0.012 0.000 0.000 0.000 0.000 0.033 0.002 0.003 0.000 0.000 0.005 0.004 0.002 0.516 0.052 0.771 0.001 0.002 0.026 0.001 0.001 0.001 0.003 0.760 0.046 0.000 0.001 0.002 0.682 
6 robin_vis 30 0.578 0.067 0.813 0.000 0.004 0.073 0.001 0.085 0.003 0.754 0.739 0.000 0.000 0.001 0.091 0.372 0.930 0.043 0.222 0.007 0.076 0.021 0.000 0.000 0.001 0.004 0.000 0.000 0.084 0.007 0.000 0.003 0.001 0.000 0.001 0.022 0.004 0.000 0.000 0.003 0.001 0.000 0.009 0.000 0.116 0.000 0.018 0.741 0.001 0.001 0.007 0.001 0.104 0.821 0.000 0.001 0.002 0.841 
7 swan_vis 30 0.923 0.150 0.539 0.053 0.000 0.022 0.001 0.003 0.002 0.070 0.269 0.001 0.188 0.001 0.006 0.004 0.025 0.192 0.576 0.001 0.002 0.014 0.001 0.000 0.457 0.148 0.001 0.000 0.001 0.001 0.000 0.000 0.001 0.000 0.002 0.000 0.006 0.000 0.000 0.002 0.000 0.001 0.001 0.000 0.003 0.000 0.022 0.004 0.001 0.001 0.000 0.000 0.004 0.021 0.000 0.028 0.001 0.098 
8 woodpecker_vis 30 0.015 0.003 0.005 0.006 0.001 0.985 0.026 0.004 0.005 0.598 0.000 0.000 0.000 0.001 0.002 0.004 0.001 0.000 0.001 0.001 0.004 0.000 0.000 0.002 0.000 0.031 0.000 0.000 0.000 0.001 0.000 0.000 0.001 0.000 0.008 0.012 0.001 0.000 0.161 0.004 0.001 0.000 0.002 0.000 0.260 0.002 0.001 0.015 0.001 0.004 0.000 0.144 0.003 0.003 0.040 0.000 0.003 0.413 
9 peacock_vis 30 0.080 0.007 0.010 0.002 0.001 0.970 0.001 0.360 0.004 0.139 0.004 0.001 0.001 0.001 0.003 0.001 0.003 0.000 0.001 0.001 0.001 0.001 0.001 0.001 0.001 0.001 0.000 0.001 0.000 0.001 0.001 0.000 0.000 0.000 0.007 0.001 0.002 0.001 0.001 0.001 0.001 0.001 0.014 0.001 0.789 0.011 0.006 0.002 0.001 0.001 0.001 0.003 0.007 0.017 0.006 0.002 0.001 0.044 
10 crow_vis 30 0.733 0.027 0.889 0.000 0.004 0.123 0.001 0.013 0.017 0.858 0.102 0.000 0.000 0.001 0.014 0.135 0.742 0.002 0.213 0.005 0.466 0.001 0.000 0.000 0.001 0.005 0.000 0.000 0.047 0.001 0.000 0.004 0.004 0.000 0.001 0.022 0.001 0.000 0.000 0.004 0.001 0.000 0.001 0.000 0.071 0.000 0.004 0.621 0.001 0.039 0.001 0.000 0.004 0.606 0.000 0.000 0.015 0.384 
11 eagle_vis 30 0.771 0.094 0.548 0.007 0.001 0.119 0.001 0.003 0.002 0.246 0.570 0.000 0.002 0.001 0.013 0.009 0.263 0.017 0.323 0.001 0.001 0.009 0.001 0.000 0.176 0.025 0.001 0.000 0.001 0.002 0.000 0.001 0.001 0.000 0.001 0.001 0.004 0.000 0.000 0.002 0.001 0.001 0.001 0.000 0.003 0.000 0.039 0.006 0.001 0.001 0.002 0.001 0.032 0.724 0.000 0.003 0.007 0.059 
12 tuna_vis 30 0.912 0.072 0.000 0.610 0.001 0.489 0.004 0.164 0.001 0.032 0.001 0.001 0.049 0.000 0.001 0.000 0.000 0.000 0.000 0.000 0.000 0.000 0.290 0.001 0.007 0.000 0.005 0.003 0.000 0.002 0.001 0.000 0.000 0.001 0.019 0.000 0.001 0.006 0.000 0.000 0.001 0.192 0.002 0.021 0.107 0.003 0.001 0.000 0.001 0.000 0.000 0.001 0.002 0.000 0.008 0.027 0.000 0.000 
13 goldfish_vis 30 0.951 0.003 0.000 0.878 0.008 0.051 0.007 0.014 0.001 0.007 0.000 0.013 0.010 0.000 0.001 0.002 0.000 0.001 0.000 0.000 0.001 0.000 0.001 0.503 0.000 0.115 0.006 0.023 0.001 0.001 0.007 0.000 0.000 0.000 0.014 0.000 0.001 0.001 0.007 0.001 0.001 0.001 0.001 0.001 0.331 0.003 0.000 0.000 0.001 0.000 0.000 0.001 0.001 0.000 0.009 0.002 0.000 0.015 
14 salmon_vis 30 0.638 0.005 0.000 0.745 0.042 0.254 0.005 0.846 0.001 0.003 0.001 0.001 0.006 0.000 0.001 0.010 0.000 0.002 0.000 0.000 0.001 0.000 0.014 0.012 0.002 0.010 0.072 0.781 0.002 0.003 0.026 0.000 0.000 0.001 0.072 0.000 0.001 0.001 0.002 0.001 0.001 0.006 0.694 0.400 0.820 0.002 0.000 0.000 0.001 0.000 0.001 0.001 0.001 0.000 0.007 0.001 0.000 0.002 
15 sardine_vis 30 0.919 0.599 0.000 0.060 0.001 0.076 0.004 0.287 0.001 0.002 0.019 0.002 0.196 0.000 0.003 0.001 0.000 0.004 0.000 0.000 0.000 0.000 0.002 0.001 0.000 0.002 0.001 0.084 0.000 0.002 0.002 0.000 0.000 0.000 0.035 0.000 0.001 0.002 0.000 0.000 0.001 0.002 0.034 0.023 0.454 0.003 0.001 0.000 0.001 0.000 0.000 0.001 0.001 0.000 0.002 0.002 0.000 0.003 
16 catfish_vis 30 0.986 0.005 0.000 0.978 0.016 0.005 0.002 0.018 0.001 0.001 0.000 0.046 0.001 0.000 0.001 0.017 0.000 0.001 0.000 0.000 0.000 0.000 0.002 0.493 0.001 0.100 0.150 0.020 0.010 0.001 0.006 0.000 0.001 0.003 0.003 0.000 0.001 0.001 0.002 0.000 0.001 0.001 0.002 0.002 0.173 0.001 0.000 0.000 0.001 0.000 0.000 0.001 0.000 0.000 0.002 0.000 0.000 0.000 
17 cod_vis 30 0.902 0.092 0.000 0.694 0.019 0.093 0.005 0.819 0.001 0.002 0.004 0.002 0.028 0.000 0.002 0.010 0.000 0.002 0.000 0.000 0.000 0.000 0.004 0.007 0.001 0.007 0.018 0.661 0.000 0.003 0.007 0.000 0.000 0.001 0.021 0.000 0.001 0.003 0.001 0.000 0.001 0.004 0.588 0.079 0.524 0.003 0.000 0.000 0.001 0.000 0.001 0.001 0.001 0.000 0.003 0.001 0.000 0.002 
18 turtle_vis 30 0.010 0.000 0.000 0.002 0.028 0.995 0.001 0.946 0.029 0.001 0.000 0.000 0.000 0.000 0.000 0.000 0.001 0.000 0.000 0.000 0.000 0.000 0.000 0.000 0.000 0.000 0.000 0.003 0.000 0.015 0.001 0.001 0.000 0.002 0.001 0.000 0.006 0.000 0.000 0.000 0.023 0.024 0.655 0.047 0.001 0.033 0.007 0.001 0.001 0.001 0.017 0.010 0.001 0.000 0.001 0.001 0.000 0.000 
19 rattlesnake_vis 30 0.122 0.001 0.000 0.001 0.013 0.995 0.001 0.949 0.012 0.002 0.000 0.000 0.000 0.000 0.000 0.000 0.000 0.000 0.000 0.000 0.000 0.000 0.000 0.000 0.000 0.000 0.000 0.001 0.000 0.004 0.003 0.000 0.000 0.001 0.001 0.000 0.001 0.001 0.000 0.000 0.003 0.023 0.036 0.105 0.015 0.112 0.003 0.001 0.001 0.001 0.002 0.003 0.001 0.000 0.002 0.001 0.000 0.000 
20 crab_vis 30 0.023 0.013 0.000 0.001 0.001 0.995 0.002 0.971 0.017 0.003 0.000 0.002 0.001 0.000 0.001 0.000 0.000 0.000 0.000 0.000 0.000 0.000 0.000 0.000 0.000 0.000 0.000 0.000 0.000 0.004 0.000 0.000 0.000 0.001 0.003 0.000 0.001 0.000 0.000 0.001 0.003 0.006 0.265 0.001 0.003 0.268 0.005 0.001 0.001 0.001 0.001 0.011 0.001 0.000 0.002 0.001 0.000 0.001 
21 frog_vis 30 0.109 0.000 0.000 0.001 0.035 0.994 0.001 0.917 0.018 0.001 0.000 0.000 0.000 0.000 0.000 0.000 0.000 0.000 0.000 0.000 0.000 0.000 0.000 0.000 0.000 0.000 0.000 0.001 0.000 0.007 0.007 0.000 0.000 0.001 0.002 0.000 0.001 0.002 0.000 0.000 0.005 0.030 0.048 0.122 0.040 0.055 0.006 0.001 0.001 0.001 0.003 0.005 0.001 0.000 0.002 0.001 0.000 0.000 
22 gecko_vis 30 0.048 0.019 0.000 0.000 0.001 0.995 0.001 0.982 0.004 0.001 0.000 0.012 0.001 0.000 0.000 0.000 0.000 0.000 0.000 0.000 0.000 0.000 0.000 0.001 0.000 0.000 0.000 0.000 0.000 0.003 0.000 0.000 0.000 0.001 0.004 0.000 0.001 0.001 0.000 0.000 0.002 0.005 0.027 0.000 0.044 0.785 0.002 0.001 0.001 0.001 0.001 0.011 0.001 0.000 0.002 0.000 0.000 0.005 
23 crocodile_vis 30 0.019 0.006 0.000 0.001 0.002 0.995 0.001 0.974 0.013 0.001 0.000 0.000 0.001 0.000 0.000 0.000 0.000 0.000 0.000 0.000 0.000 0.000 0.000 0.000 0.000 0.000 0.000 0.000 0.000 0.008 0.000 0.000 0.000 0.001 0.003 0.000 0.006 0.000 0.000 0.000 0.002 0.054 0.389 0.004 0.001 0.098 0.015 0.000 0.001 0.001 0.002 0.004 0.001 0.000 0.001 0.003 0.000 0.000 
24 axe_vis 30 0.005 0.000 0.000 0.014 0.003 0.993 0.917 0.001 0.002 0.001 0.000 0.000 0.000 0.000 0.000 0.000 0.001 0.000 0.000 0.000 0.002 0.000 0.000 0.002 0.000 0.003 0.000 0.000 0.000 0.001 0.001 0.000 0.001 0.000 0.000 0.778 0.003 0.003 0.066 0.006 0.070 0.000 0.000 0.001 0.000 0.000 0.000 0.001 0.001 0.000 0.000 0.019 0.000 0.001 0.000 0.000 0.000 0.001 
25 hammer_vis 30 0.002 0.000 0.000 0.003 0.003 0.995 0.324 0.001 0.906 0.001 0.000 0.000 0.000 0.000 0.000 0.001 0.001 0.000 0.000 0.001 0.000 0.000 0.000 0.001 0.000 0.006 0.000 0.000 0.000 0.001 0.000 0.001 0.000 0.000 0.000 0.156 0.001 0.000 0.004 0.010 0.012 0.000 0.002 0.000 0.000 0.002 0.000 0.125 0.010 0.000 0.003 0.917 0.001 0.000 0.000 0.000 0.000 0.001 
26 screwdriver_vis 30 0.015 0.000 0.001 0.002 0.001 0.992 0.234 0.001 0.007 0.001 0.000 0.001 0.003 0.001 0.000 0.000 0.001 0.000 0.002 0.000 0.014 0.000 0.000 0.002 0.001 0.016 0.000 0.000 0.001 0.001 0.001 0.000 0.001 0.000 0.000 0.187 0.006 0.003 0.125 0.020 0.002 0.000 0.000 0.000 0.000 0.000 0.000 0.008 0.002 0.000 0.000 0.001 0.000 0.001 0.000 0.000 0.001 0.003 
27 chisel_vis 30 0.007 0.000 0.000 0.002 0.001 0.995 0.820 0.001 0.005 0.007 0.000 0.000 0.000 0.000 0.001 0.000 0.001 0.000 0.000 0.000 0.001 0.000 0.000 0.000 0.000 0.002 0.000 0.000 0.000 0.001 0.000 0.000 0.001 0.000 0.000 0.836 0.002 0.000 0.001 0.037 0.010 0.000 0.001 0.000 0.000 0.000 0.000 0.009 0.002 0.000 0.001 0.057 0.003 0.000 0.000 0.000 0.001 0.006 
28 saw_vis 30 0.012 0.000 0.001 0.002 0.001 0.994 0.229 0.001 0.004 0.024 0.000 0.000 0.000 0.000 0.001 0.001 0.001 0.000 0.001 0.000 0.002 0.000 0.000 0.000 0.000 0.005 0.000 0.000 0.000 0.001 0.000 0.000 0.001 0.000 0.000 0.402 0.001 0.000 0.003 0.085 0.006 0.000 0.000 0.000 0.000 0.000 0.000 0.031 0.001 0.000 0.000 0.031 0.003 0.000 0.000 0.000 0.002 0.086 
29 drill_vis 30 0.013 0.000 0.001 0.002 0.001 0.995 0.346 0.001 0.003 0.037 0.000 0.000 0.000 0.000 0.001 0.001 0.001 0.000 0.001 0.000 0.002 0.000 0.000 0.000 0.000 0.005 0.000 0.000 0.000 0.001 0.000 0.000 0.001 0.000 0.000 0.471 0.002 0.001 0.005 0.083 0.008 0.000 0.000 0.001 0.000 0.000 0.000 0.013 0.002 0.000 0.000 0.015 0.003 0.000 0.000 0.000 0.002 0.074 
30 clamp_vis 30 0.013 0.035 0.000 0.001 0.001 0.996 0.001 0.993 0.001 0.001 0.001 0.000 0.001 0.000 0.001 0.001 0.000 0.000 0.000 0.000 0.000 0.000 0.000 0.000 0.000 0.000 0.000 0.001 0.000 0.005 0.000 0.000 0.000 0.001 0.001 0.000 0.006 0.001 0.000 0.000 0.010 0.008 0.755 0.010 0.005 0.050 0.005 0.001 0.000 0.000 0.001 0.006 0.001 0.000 0.001 0.000 0.000 0.001 
31 hoe_vis 30 0.128 0.020 0.000 0.001 0.001 0.995 0.001 0.945 0.001 0.061 0.000 0.010 0.003 0.000 0.000 0.000 0.000 0.000 0.000 0.000 0.001 0.000 0.001 0.001 0.000 0.000 0.000 0.000 0.000 0.001 0.001 0.000 0.000 0.000 0.003 0.000 0.000 0.003 0.000 0.000 0.001 0.005 0.003 0.004 0.966 0.108 0.000 0.000 0.000 0.001 0.000 0.001 0.001 0.000 0.004 0.001 0.000 0.049 
32 rake_vis 30 0.021 0.065 0.000 0.000 0.001 0.996 0.001 0.993 0.001 0.001 0.001 0.001 0.002 0.000 0.000 0.001 0.000 0.000 0.000 0.000 0.000 0.000 0.000 0.000 0.000 0.000 0.000 0.000 0.000 0.002 0.000 0.000 0.000 0.001 0.001 0.000 0.002 0.001 0.000 0.000 0.003 0.005 0.609 0.002 0.022 0.183 0.005 0.001 0.000 0.000 0.000 0.007 0.001 0.000 0.001 0.000 0.000 0.003 
33 shovel_vis 30 0.055 0.014 0.000 0.001 0.001 0.996 0.001 0.967 0.001 0.003 0.000 0.003 0.001 0.000 0.000 0.000 0.000 0.000 0.000 0.000 0.000 0.000 0.000 0.001 0.000 0.000 0.000 0.000 0.000 0.001 0.001 0.000 0.000 0.000 0.002 0.000 0.000 0.003 0.000 0.000 0.005 0.002 0.023 0.005 0.580 0.049 0.000 0.000 0.000 0.000 0.000 0.001 0.001 0.000 0.001 0.000 0.000 0.005 
34 spade_vis 30 0.126 0.019 0.000 0.000 0.001 0.995 0.001 0.948 0.001 0.075 0.000 0.013 0.002 0.000 0.000 0.000 0.000 0.000 0.000 0.000 0.001 0.000 0.000 0.002 0.000 0.000 0.000 0.000 0.000 0.001 0.001 0.000 0.000 0.000 0.002 0.000 0.000 0.003 0.000 0.000 0.001 0.002 0.002 0.002 0.973 0.162 0.000 0.000 0.000 0.001 0.000 0.001 0.000 0.000 0.007 0.000 0.000 0.074 
35 wrench_vis 30 0.040 0.059 0.000 0.000 0.001 0.996 0.001 0.989 0.001 0.001 0.000 0.004 0.002 0.000 0.000 0.001 0.000 0.000 0.000 0.000 0.000 0.000 0.000 0.000 0.000 0.000 0.000 0.000 0.000 0.002 0.000 0.000 0.000 0.000 0.002 0.000 0.000 0.001 0.000 0.000 0.001 0.004 0.364 0.001 0.118 0.885 0.004 0.001 0.000 0.001 0.000 0.014 0.001 0.000 0.001 0.000 0.000 0.018 
36 accordion_vis 30 0.005 0.001 0.003 0.006 0.012 0.993 0.000 0.003 0.972 0.002 0.001 0.000 0.001 0.000 0.000 0.000 0.000 0.000 0.001 0.001 0.000 0.001 0.000 0.000 0.021 0.001 0.000 0.000 0.000 0.007 0.000 0.036 0.001 0.001 0.001 0.000 0.002 0.000 0.000 0.000 0.000 0.017 0.002 0.000 0.000 0.010 0.140 0.001 0.010 0.034 0.553 0.064 0.001 0.002 0.003 0.008 0.000 0.000 
37 cello_vis 30 0.219 0.003 0.001 0.000 0.001 0.995 0.000 0.840 0.019 0.001 0.001 0.000 0.001 0.000 0.000 0.001 0.002 0.000 0.000 0.001 0.000 0.000 0.000 0.000 0.000 0.000 0.000 0.000 0.000 0.011 0.000 0.000 0.000 0.000 0.000 0.000 0.002 0.000 0.000 0.000 0.001 0.002 0.518 0.000 0.001 0.011 0.053 0.006 0.001 0.000 0.005 0.006 0.001 0.001 0.000 0.000 0.000 0.001 
38 flute_vis 30 0.015 0.014 0.000 0.000 0.001 0.995 0.001 0.987 0.007 0.001 0.001 0.000 0.001 0.000 0.001 0.001 0.001 0.000 0.000 0.000 0.000 0.000 0.000 0.000 0.000 0.000 0.000 0.001 0.000 0.009 0.000 0.000 0.000 0.001 0.001 0.000 0.028 0.000 0.000 0.000 0.003 0.014 0.827 0.010 0.001 0.018 0.015 0.001 0.001 0.000 0.003 0.005 0.002 0.000 0.000 0.000 0.000 0.000 
39 guitar_vis 30 0.043 0.042 0.001 0.000 0.001 0.995 0.000 0.962 0.014 0.001 0.002 0.000 0.002 0.000 0.000 0.000 0.001 0.000 0.000 0.001 0.000 0.000 0.000 0.000 0.000 0.000 0.000 0.000 0.000 0.004 0.000 0.000 0.000 0.000 0.000 0.000 0.002 0.000 0.000 0.000 0.000 0.008 0.630 0.000 0.003 0.093 0.057 0.002 0.001 0.001 0.001 0.004 0.001 0.001 0.000 0.001 0.000 0.001 
40 piano_vis 30 0.017 0.002 0.002 0.000 0.001 0.993 0.000 0.821 0.093 0.001 0.001 0.000 0.001 0.000 0.000 0.000 0.001 0.000 0.001 0.001 0.000 0.001 0.000 0.000 0.001 0.000 0.000 0.000 0.000 0.009 0.000 0.002 0.000 0.001 0.000 0.000 0.004 0.000 0.000 0.000 0.001 0.634 0.014 0.000 0.000 0.031 0.146 0.003 0.001 0.001 0.020 0.002 0.001 0.001 0.000 0.019 0.000 0.000 
41 trumpet_vis 30 0.051 0.011 0.000 0.000 0.001 0.996 0.000 0.918 0.001 0.001 0.000 0.002 0.001 0.000 0.000 0.001 0.000 0.000 0.000 0.000 0.000 0.000 0.000 0.001 0.000 0.000 0.000 0.000 0.000 0.002 0.001 0.000 0.000 0.000 0.001 0.000 0.000 0.003 0.000 0.000 0.006 0.003 0.055 0.004 0.109 0.079 0.002 0.000 0.001 0.000 0.001 0.004 0.001 0.000 0.001 0.000 0.000 0.002 
42 fork_vis 30 0.009 0.005 0.001 0.083 0.012 0.957 0.100 0.604 0.001 0.124 0.001 0.000 0.030 0.000 0.003 0.002 0.001 0.013 0.000 0.000 0.002 0.001 0.002 0.001 0.006 0.011 0.001 0.207 0.001 0.004 0.004 0.000 0.001 0.000 0.739 0.001 0.006 0.001 0.024 0.001 0.001 0.004 0.601 0.073 0.766 0.002 0.001 0.000 0.001 0.000 0.009 0.017 0.034 0.001 0.051 0.025 0.000 0.080 
43 spoon_vis 30 0.014 0.009 0.001 0.037 0.005 0.980 0.035 0.082 0.001 0.264 0.000 0.000 0.014 0.000 0.002 0.000 0.000 0.001 0.001 0.000 0.001 0.001 0.001 0.001 0.002 0.006 0.000 0.009 0.000 0.002 0.001 0.000 0.001 0.000 0.211 0.002 0.002 0.001 0.010 0.001 0.000 0.001 0.087 0.002 0.466 0.003 0.001 0.000 0.001 0.001 0.002 0.036 0.013 0.001 0.075 0.018 0.001 0.033 
44 tongs_vis 30 0.010 0.013 0.000 0.001 0.002 0.996 0.001 0.993 0.001 0.001 0.001 0.000 0.001 0.000 0.001 0.001 0.000 0.000 0.000 0.000 0.000 0.000 0.000 0.000 0.000 0.000 0.000 0.002 0.000 0.010 0.000 0.000 0.000 0.001 0.002 0.000 0.028 0.000 0.000 0.000 0.017 0.013 0.894 0.046 0.006 0.014 0.002 0.000 0.001 0.000 0.002 0.006 0.001 0.000 0.001 0.000 0.000 0.000 
45 ladle_vis 30 0.032 0.014 0.000 0.001 0.001 0.995 0.001 0.983 0.001 0.004 0.001 0.000 0.003 0.000 0.001 0.000 0.000 0.000 0.000 0.000 0.000 0.000 0.002 0.000 0.000 0.000 0.000 0.001 0.000 0.002 0.001 0.000 0.000 0.001 0.004 0.000 0.012 0.003 0.000 0.000 0.001 0.070 0.036 0.042 0.010 0.009 0.003 0.000 0.000 0.000 0.000 0.000 0.001 0.000 0.003 0.008 0.000 0.000 
46 knife_vis 30 0.011 0.006 0.010 0.000 0.001 0.995 0.005 0.009 0.004 0.964 0.000 0.000 0.146 0.000 0.002 0.000 0.000 0.001 0.010 0.000 0.001 0.028 0.001 0.000 0.033 0.000 0.000 0.000 0.000 0.003 0.000 0.000 0.001 0.000 0.092 0.000 0.013 0.001 0.000 0.000 0.000 0.038 0.001 0.001 0.003 0.010 0.138 0.000 0.001 0.003 0.000 0.001 0.049 0.004 0.010 0.970 0.004 0.018 
47 chopsticks_vis 30 0.006 0.002 0.002 0.001 0.001 0.995 0.003 0.012 0.893 0.041 0.000 0.012 0.007 0.000 0.001 0.002 0.000 0.000 0.006 0.001 0.002 0.000 0.000 0.002 0.000 0.060 0.000 0.000 0.000 0.002 0.000 0.005 0.000 0.000 0.026 0.000 0.001 0.000 0.052 0.000 0.001 0.001 0.004 0.000 0.002 0.205 0.004 0.404 0.001 0.180 0.001 0.500 0.002 0.000 0.117 0.008 0.001 0.219 
