0 beaver_vis 30 0.996 0.993 0.005 0.004 0.001 0.003 0.001 0.001 0.001 0.019 0.143 0.953 0.729 0.002 0.762 0.001 0.003 0.010 0.002 0.000 0.005 0.000 0.031 0.100 0.000 0.001 0.005 0.001 0.000 0.013 0.001 0.004 0.001 0.003 0.002 0.100 0.001 0.015 0.001 0.031 0.001 0.001 0.001 0.001 0.001 0.000 0.001 0.001 0.021 0.047 0.001 0.001 0.001 0.002 0.002 0.001 0.001 0.898 
1 bear_vis 30 0.995 0.986 0.005 0.003 0.001 0.001 0.001 0.001 0.001 0.001 0.011 0.136 0.006 0.013 0.505 0.800 0.026 0.001 0.002 0.028 0.002 0.001 0.001 0.164 0.001 0.008 0.001 0.001 0.000 0.003 0.001 0.004 0.001 0.002 0.001 0.001 0.001 0.001 0.001 0.004 0.000 0.001 0.001 0.001 0.000 0.000 0.002 0.000 0.001 0.001 0.001 0.001 0.002 0.030 0.001 0.001 0.008 0.008 
2 sheep_vis 30 0.996 0.864 0.006 0.004 0.001 0.001 0.001 0.001 0.001 0.002 0.004 0.285 0.044 0.007 0.060 0.002 0.002 0.002 0.003 0.005 0.006 0.000 0.004 0.014 0.001 0.002 0.002 0.001 0.000 0.001 0.005 0.001 0.001 0.002 0.001 0.001 0.001 0.001 0.001 0.001 0.001 0.001 0.001 0.001 0.000 0.000 0.002 0.001 0.001 0.001 0.001 0.001 0.000 0.005 0.001 0.001 0.002 0.021 
3 buffalo_vis 30 0.996 0.981 0.016 0.007 0.001 0.001 0.001 0.001 0.001 0.001 0.006 0.377 0.006 0.061 0.040 0.942 0.053 0.001 0.005 0.091 0.002 0.001 0.001 0.099 0.001 0.033 0.001 0.001 0.000 0.002 0.001 0.001 0.001 0.001 0.000 0.001 0.001 0.001 0.001 0.001 0.000 0.001 0.001 0.001 0.000 0.000 0.004 0.000 0.001 0.002 0.001 0.001 0.001 0.214 0.001 0.001 0.030 0.002 
4 poodle_vis 30 0.995 0.991 0.004 0.003 0.001 0.002 0.001 0.001 0.001 0.007 0.140 0.890 0.012 0.002 0.304 0.001 0.002 0.005 0.002 0.000 0.002 0.001 0.003 0.055 0.000 0.001 0.005 0.000 0.000 0.021 0.000 0.002 0.001 0.000 0.001 0.014 0.001 0.001 0.001 0.002 0.001 0.001 0.001 0.001 0.000 0.000 0.000 0.001 0.002 0.009 0.001 0.001 0.001 0.001 0.001 0.001 0.001 0.842 
5 giraffe_vis 30 0.996 0.990 0.004 0.003 0.001 0.001 0.001 0.001 0.001 0.001 0.023 0.074 0.009 0.007 0.862 0.339 0.015 0.001 0.002 0.010 0.002 0.001 0.001 0.270 0.001 0.005 0.001 0.001 0.000 0.005 0.001 0.021 0.001 0.004 0.000 0.001 0.001 0.001 0.001 0.018 0.000 0.001 0.001 0.001 0.000 0.000 0.001 0.000 0.001 0.001 0.001 0.001 0.008 0.010 0.001 0.001 0.004 0.048 
6 robin_vis 30 0.995 0.986 0.083 0.006 0.001 0.001 0.001 0.001 0.001 0.001 0.022 0.015 0.694 0.090 0.010 0.010 0.022 0.011 0.003 0.001 0.013 0.010 0.003 0.001 0.015 0.002 0.004 0.005 0.001 0.001 0.026 0.001 0.001 0.003 0.001 0.001 0.002 0.003 0.001 0.000 0.000 0.001 0.001 0.001 0.000 0.000 0.001 0.001 0.001 0.001 0.001 0.001 0.002 0.000 0.001 0.001 0.003 0.001 
7 swan_vis 30 0.995 0.990 0.011 0.004 0.001 0.001 0.001 0.001 0.001 0.002 0.087 0.012 0.924 0.352 0.074 0.002 0.080 0.010 0.004 0.000 0.007 0.004 0.001 0.003 0.006 0.001 0.003 0.073 0.001 0.004 0.009 0.001 0.001 0.002 0.002 0.002 0.002 0.004 0.001 0.000 0.000 0.001 0.001 0.001 0.000 0.000 0.001 0.001 0.001 0.000 0.001 0.001 0.004 0.001 0.001 0.001 0.003 0.003 
8 woodpecker_vis 30 0.995 0.988 0.075 0.005 0.001 0.001 0.001 0.001 0.001 0.002 0.038 0.030 0.848 0.112 0.009 0.010 0.061 0.009 0.006 0.001 0.012 0.005 0.005 0.001 0.013 0.002 0.002 0.024 0.001 0.001 0.023 0.001 0.001 0.004 0.001 0.001 0.001 0.006 0.001 0.001 0.000 0.001 0.001 0.001 0.000 0.000 0.001 0.001 0.002 0.001 0.001 0.001 0.002 0.001 0.001 0.001 0.004 0.001 
9 peacock_vis 30 0.995 0.054 0.392 0.039 0.001 0.001 0.001 0.001 0.001 0.004 0.010 0.063 0.001 0.008 0.001 0.001 0.002 0.007 0.537 0.008 0.007 0.001 0.046 0.000 0.002 0.001 0.005 0.000 0.001 0.001 0.000 0.001 0.001 0.000 0.001 0.001 0.001 0.001 0.001 0.000 0.000 0.001 0.007 0.001 0.000 0.001 0.000 0.002 0.001 0.001 0.001 0.001 0.000 0.008 0.018 0.004 0.002 0.001 
10 crow_vis 30 0.995 0.983 0.017 0.038 0.001 0.001 0.001 0.001 0.001 0.003 0.022 0.160 0.104 0.982 0.012 0.039 0.093 0.002 0.059 0.001 0.040 0.015 0.004 0.049 0.010 0.002 0.042 0.010 0.001 0.015 0.002 0.001 0.001 0.000 0.001 0.001 0.023 0.001 0.001 0.001 0.000 0.001 0.001 0.001 0.000 0.000 0.001 0.001 0.001 0.001 0.001 0.001 0.000 0.015 0.001 0.023 0.075 0.001 
11 eagle_vis 30 0.996 0.788 0.025 0.005 0.001 0.001 0.001 0.001 0.001 0.002 0.045 0.007 0.914 0.023 0.003 0.001 0.003 0.039 0.003 0.000 0.009 0.002 0.002 0.001 0.088 0.001 0.004 0.021 0.004 0.001 0.326 0.001 0.001 0.017 0.002 0.001 0.001 0.019 0.001 0.000 0.001 0.001 0.001 0.001 0.000 0.000 0.000 0.001 0.001 0.000 0.001 0.001 0.001 0.000 0.001 0.001 0.001 0.002 
12 tuna_vis 30 0.995 0.003 0.002 0.966 0.025 0.001 0.001 0.001 0.001 0.001 0.041 0.002 0.002 0.003 0.001 0.000 0.001 0.008 0.005 0.000 0.003 0.001 0.010 0.005 0.222 0.002 0.105 0.023 0.100 0.001 0.064 0.001 0.002 0.001 0.015 0.005 0.002 0.002 0.001 0.001 0.005 0.001 0.001 0.003 0.002 0.001 0.001 0.001 0.001 0.001 0.001 0.001 0.000 0.000 0.002 0.001 0.000 0.000 
13 goldfish_vis 30 0.996 0.003 0.001 0.945 0.132 0.001 0.001 0.001 0.001 0.001 0.002 0.001 0.003 0.011 0.001 0.000 0.001 0.001 0.001 0.000 0.002 0.019 0.001 0.010 0.475 0.002 0.039 0.093 0.149 0.002 0.197 0.001 0.001 0.002 0.008 0.002 0.002 0.001 0.001 0.000 0.001 0.001 0.001 0.026 0.000 0.000 0.000 0.000 0.001 0.001 0.006 0.001 0.000 0.000 0.001 0.000 0.000 0.000 
14 salmon_vis 30 0.995 0.002 0.001 0.913 0.240 0.001 0.001 0.001 0.001 0.001 0.001 0.001 0.008 0.016 0.001 0.000 0.001 0.001 0.002 0.000 0.004 0.009 0.005 0.004 0.557 0.003 0.014 0.185 0.065 0.001 0.617 0.001 0.002 0.003 0.008 0.001 0.002 0.001 0.001 0.001 0.001 0.001 0.001 0.026 0.001 0.001 0.001 0.001 0.001 0.001 0.005 0.001 0.000 0.000 0.001 0.001 0.001 0.000 
15 sardine_vis 30 0.995 0.007 0.033 0.994 0.048 0.001 0.001 0.004 0.002 0.001 0.162 0.003 0.001 0.015 0.001 0.001 0.000 0.018 0.053 0.001 0.060 0.032 0.302 0.010 0.752 0.271 0.891 0.008 0.330 0.001 0.023 0.010 0.004 0.001 0.033 0.005 0.006 0.001 0.001 0.001 0.005 0.001 0.004 0.020 0.005 0.022 0.001 0.018 0.002 0.001 0.002 0.004 0.000 0.000 0.023 0.001 0.000 0.000 
16 catfish_vis 30 0.996 0.032 0.001 0.958 0.022 0.001 0.001 0.001 0.001 0.001 0.082 0.001 0.001 0.008 0.002 0.000 0.000 0.033 0.002 0.000 0.024 0.001 0.004 0.033 0.008 0.004 0.978 0.001 0.039 0.005 0.026 0.022 0.001 0.001 0.013 0.006 0.003 0.001 0.001 0.000 0.017 0.000 0.001 0.002 0.001 0.001 0.000 0.013 0.001 0.000 0.001 0.001 0.000 0.000 0.005 0.002 0.000 0.000 
17 cod_vis 30 0.995 0.002 0.001 0.956 0.111 0.001 0.001 0.001 0.001 0.001 0.002 0.001 0.004 0.017 0.001 0.000 0.001 0.001 0.002 0.000 0.003 0.017 0.003 0.005 0.552 0.003 0.023 0.212 0.107 0.001 0.236 0.001 0.002 0.002 0.008 0.002 0.002 0.001 0.001 0.001 0.001 0.001 0.001 0.026 0.001 0.001 0.001 0.001 0.001 0.001 0.006 0.001 0.000 0.000 0.001 0.001 0.000 0.000 
18 turtle_vis 30 0.996 0.001 0.026 0.010 0.980 0.001 0.001 0.001 0.001 0.001 0.001 0.000 0.003 0.001 0.001 0.000 0.001 0.052 0.022 0.000 0.005 0.076 0.001 0.001 0.082 0.001 0.016 0.008 0.964 0.025 0.035 0.011 0.001 0.052 0.034 0.003 0.001 0.001 0.001 0.001 0.003 0.000 0.002 0.072 0.001 0.000 0.001 0.000 0.001 0.000 0.007 0.001 0.001 0.000 0.001 0.000 0.000 0.000 
19 rattlesnake_vis 30 0.994 0.001 0.003 0.002 0.971 0.002 0.003 0.001 0.002 0.001 0.001 0.001 0.003 0.001 0.001 0.000 0.001 0.001 0.003 0.000 0.003 0.000 0.001 0.001 0.001 0.001 0.002 0.005 0.149 0.013 0.003 0.008 0.006 0.182 0.011 0.003 0.001 0.001 0.001 0.001 0.001 0.001 0.001 0.001 0.001 0.001 0.001 0.000 0.002 0.001 0.001 0.001 0.000 0.000 0.001 0.001 0.001 0.001 
20 crab_vis 30 0.996 0.001 0.015 0.010 0.981 0.001 0.001 0.001 0.001 0.001 0.001 0.001 0.009 0.001 0.001 0.000 0.001 0.018 0.008 0.000 0.005 0.012 0.001 0.001 0.053 0.001 0.006 0.015 0.866 0.008 0.157 0.007 0.002 0.068 0.028 0.002 0.001 0.001 0.001 0.001 0.005 0.000 0.001 0.026 0.001 0.000 0.001 0.000 0.001 0.000 0.003 0.001 0.001 0.000 0.001 0.000 0.000 0.000 
21 frog_vis 30 0.995 0.001 0.008 0.003 0.992 0.001 0.001 0.021 0.002 0.001 0.000 0.001 0.003 0.001 0.001 0.000 0.001 0.001 0.002 0.002 0.003 0.000 0.001 0.001 0.001 0.001 0.002 0.005 0.024 0.029 0.018 0.019 0.030 0.840 0.008 0.002 0.001 0.001 0.001 0.011 0.005 0.006 0.002 0.001 0.011 0.001 0.001 0.000 0.003 0.001 0.001 0.001 0.001 0.000 0.001 0.001 0.000 0.001 
22 gecko_vis 30 0.991 0.001 0.134 0.003 0.255 0.001 0.002 0.001 0.003 0.001 0.000 0.001 0.003 0.001 0.001 0.000 0.001 0.001 0.007 0.021 0.018 0.000 0.001 0.001 0.001 0.001 0.001 0.006 0.003 0.010 0.003 0.008 0.280 0.027 0.007 0.002 0.001 0.001 0.001 0.002 0.001 0.001 0.001 0.001 0.001 0.001 0.004 0.000 0.004 0.002 0.001 0.001 0.000 0.005 0.000 0.001 0.001 0.001 
23 crocodile_vis 30 0.994 0.001 0.004 0.003 0.887 0.001 0.002 0.002 0.001 0.001 0.000 0.001 0.002 0.001 0.001 0.000 0.001 0.001 0.033 0.002 0.003 0.000 0.001 0.001 0.001 0.001 0.002 0.003 0.011 0.151 0.003 0.067 0.128 0.019 0.008 0.002 0.002 0.001 0.001 0.014 0.001 0.001 0.002 0.001 0.002 0.000 0.005 0.000 0.002 0.002 0.001 0.001 0.000 0.001 0.001 0.000 0.000 0.002 
24 axe_vis 30 0.003 0.002 0.001 0.007 0.005 0.903 0.991 0.002 0.005 0.003 0.001 0.001 0.001 0.014 0.002 0.000 0.001 0.001 0.001 0.000 0.013 0.000 0.001 0.015 0.001 0.001 0.019 0.021 0.007 0.031 0.000 0.008 0.002 0.001 0.283 0.002 0.865 0.015 0.004 0.008 0.001 0.001 0.001 0.005 0.018 0.001 0.001 0.001 0.002 0.002 0.035 0.001 0.001 0.000 0.001 0.013 0.002 0.002 
25 hammer_vis 30 0.002 0.001 0.001 0.002 0.002 0.992 0.994 0.001 0.002 0.012 0.100 0.001 0.001 0.001 0.025 0.000 0.001 0.002 0.000 0.000 0.002 0.000 0.001 0.058 0.000 0.001 0.081 0.002 0.009 0.005 0.018 0.003 0.001 0.001 0.266 0.893 0.001 0.113 0.051 0.001 0.217 0.001 0.001 0.006 0.001 0.000 0.001 0.001 0.001 0.001 0.051 0.001 0.063 0.000 0.001 0.001 0.001 0.011 
26 screwdriver_vis 30 0.003 0.002 0.001 0.019 0.003 0.988 0.992 0.009 0.004 0.004 0.001 0.001 0.001 0.031 0.001 0.000 0.001 0.001 0.002 0.000 0.013 0.000 0.001 0.004 0.000 0.001 0.008 0.032 0.002 0.013 0.000 0.002 0.008 0.001 0.010 0.002 0.962 0.070 0.011 0.010 0.001 0.002 0.001 0.065 0.015 0.002 0.001 0.001 0.002 0.001 0.038 0.001 0.001 0.000 0.001 0.016 0.124 0.001 
27 chisel_vis 30 0.003 0.006 0.001 0.001 0.001 0.994 0.009 0.001 0.008 0.979 0.001 0.003 0.001 0.001 0.001 0.000 0.012 0.001 0.002 0.002 0.002 0.000 0.001 0.000 0.000 0.001 0.001 0.001 0.001 0.003 0.000 0.001 0.001 0.000 0.002 0.001 0.003 0.001 0.003 0.001 0.001 0.002 0.001 0.001 0.001 0.000 0.003 0.001 0.001 0.008 0.001 0.001 0.013 0.254 0.001 0.011 0.611 0.021 
28 saw_vis 30 0.002 0.001 0.001 0.003 0.003 0.993 0.994 0.001 0.002 0.011 0.109 0.001 0.001 0.000 0.017 0.000 0.001 0.002 0.000 0.000 0.002 0.000 0.001 0.035 0.000 0.001 0.044 0.003 0.007 0.005 0.011 0.002 0.001 0.001 0.204 0.859 0.002 0.084 0.206 0.002 0.288 0.001 0.001 0.011 0.002 0.000 0.001 0.001 0.001 0.001 0.040 0.001 0.123 0.000 0.001 0.001 0.001 0.008 
29 drill_vis 30 0.003 0.002 0.001 0.002 0.004 0.990 0.994 0.001 0.002 0.007 0.052 0.001 0.002 0.001 0.027 0.000 0.001 0.003 0.000 0.000 0.003 0.000 0.001 0.073 0.000 0.001 0.090 0.003 0.015 0.008 0.009 0.005 0.001 0.001 0.434 0.851 0.002 0.073 0.008 0.002 0.064 0.001 0.001 0.003 0.001 0.000 0.001 0.001 0.001 0.001 0.046 0.001 0.020 0.000 0.001 0.001 0.001 0.011 
30 clamp_vis 30 0.031 0.001 0.058 0.027 0.004 0.018 0.002 0.728 0.003 0.004 0.001 0.001 0.001 0.001 0.000 0.000 0.001 0.006 0.147 0.004 0.010 0.192 0.003 0.000 0.558 0.001 0.003 0.008 0.269 0.001 0.001 0.001 0.001 0.001 0.027 0.001 0.005 0.001 0.001 0.001 0.004 0.012 0.162 0.540 0.002 0.103 0.001 0.001 0.001 0.001 0.179 0.028 0.001 0.001 0.031 0.046 0.001 0.000 
31 hoe_vis 30 0.003 0.030 0.013 0.001 0.001 0.980 0.057 0.001 0.003 0.975 0.001 0.002 0.002 0.038 0.001 0.000 0.043 0.003 0.006 0.001 0.066 0.009 0.001 0.000 0.000 0.001 0.002 0.001 0.001 0.002 0.000 0.001 0.001 0.000 0.058 0.001 0.336 0.001 0.008 0.001 0.001 0.002 0.001 0.002 0.001 0.001 0.004 0.001 0.001 0.001 0.007 0.001 0.005 0.119 0.003 0.948 0.073 0.011 
32 rake_vis 30 0.007 0.001 0.363 0.001 0.001 0.376 0.002 0.004 0.002 0.880 0.001 0.001 0.001 0.001 0.000 0.000 0.004 0.012 0.015 0.006 0.028 0.514 0.001 0.000 0.002 0.001 0.001 0.000 0.001 0.001 0.000 0.001 0.001 0.000 0.014 0.001 0.007 0.001 0.001 0.001 0.001 0.002 0.002 0.008 0.001 0.002 0.001 0.001 0.001 0.001 0.017 0.001 0.003 0.016 0.105 0.797 0.001 0.000 
33 shovel_vis 30 0.003 0.015 0.012 0.001 0.001 0.990 0.035 0.001 0.002 0.974 0.001 0.002 0.001 0.013 0.001 0.000 0.031 0.002 0.003 0.001 0.047 0.012 0.001 0.000 0.000 0.001 0.001 0.000 0.000 0.002 0.000 0.001 0.001 0.000 0.049 0.001 0.349 0.001 0.017 0.001 0.001 0.009 0.001 0.002 0.001 0.001 0.003 0.001 0.001 0.001 0.005 0.001 0.011 0.048 0.005 0.973 0.085 0.005 
34 spade_vis 30 0.025 0.001 0.043 0.016 0.003 0.008 0.002 0.372 0.004 0.004 0.001 0.001 0.001 0.001 0.000 0.000 0.000 0.004 0.069 0.004 0.011 0.215 0.002 0.000 0.408 0.001 0.002 0.006 0.204 0.001 0.001 0.001 0.001 0.001 0.085 0.001 0.008 0.001 0.001 0.001 0.003 0.007 0.022 0.280 0.003 0.040 0.001 0.001 0.001 0.001 0.160 0.019 0.001 0.001 0.038 0.034 0.001 0.000 
35 wrench_vis 30 0.003 0.012 0.008 0.001 0.001 0.974 0.006 0.001 0.011 0.974 0.001 0.002 0.002 0.019 0.001 0.000 0.023 0.002 0.008 0.001 0.032 0.003 0.001 0.000 0.000 0.001 0.001 0.001 0.000 0.002 0.000 0.001 0.001 0.000 0.035 0.001 0.018 0.001 0.002 0.001 0.001 0.002 0.001 0.001 0.001 0.001 0.004 0.001 0.001 0.002 0.003 0.001 0.002 0.185 0.004 0.779 0.106 0.023 
36 accordion_vis 30 0.005 0.034 0.035 0.004 0.002 0.992 0.022 0.001 0.852 0.003 0.001 0.001 0.001 0.313 0.001 0.028 0.006 0.374 0.005 0.001 0.047 0.000 0.001 0.003 0.001 0.001 0.006 0.002 0.002 0.003 0.001 0.001 0.002 0.002 0.006 0.003 0.072 0.001 0.002 0.001 0.001 0.001 0.002 0.002 0.001 0.001 0.244 0.016 0.006 0.001 0.944 0.002 0.000 0.000 0.001 0.082 0.013 0.001 
37 cello_vis 30 0.003 0.001 0.004 0.010 0.002 0.918 0.012 0.002 0.953 0.002 0.001 0.001 0.001 0.030 0.001 0.001 0.001 0.031 0.006 0.000 0.011 0.000 0.001 0.001 0.013 0.002 0.005 0.004 0.022 0.001 0.000 0.001 0.002 0.002 0.021 0.002 0.049 0.001 0.001 0.001 0.001 0.001 0.002 0.004 0.001 0.002 0.030 0.004 0.002 0.001 0.969 0.014 0.000 0.001 0.001 0.004 0.001 0.001 
38 flute_vis 30 0.002 0.006 0.003 0.002 0.001 0.989 0.015 0.002 0.805 0.200 0.001 0.003 0.001 0.012 0.001 0.019 0.020 0.016 0.004 0.001 0.004 0.000 0.002 0.001 0.001 0.001 0.002 0.002 0.001 0.003 0.000 0.001 0.002 0.001 0.002 0.002 0.006 0.001 0.003 0.002 0.001 0.001 0.005 0.001 0.001 0.001 0.112 0.001 0.001 0.005 0.007 0.001 0.002 0.006 0.001 0.007 0.879 0.001 
39 guitar_vis 30 0.003 0.001 0.002 0.011 0.001 0.935 0.114 0.002 0.941 0.004 0.001 0.002 0.001 0.151 0.001 0.001 0.003 0.012 0.008 0.000 0.016 0.000 0.002 0.003 0.002 0.001 0.007 0.014 0.009 0.003 0.000 0.001 0.003 0.001 0.049 0.003 0.155 0.001 0.002 0.002 0.001 0.001 0.002 0.002 0.001 0.001 0.061 0.003 0.004 0.006 0.920 0.003 0.000 0.003 0.001 0.005 0.002 0.001 
40 piano_vis 30 0.003 0.002 0.002 0.014 0.002 0.991 0.132 0.001 0.992 0.001 0.001 0.001 0.001 0.306 0.001 0.005 0.003 0.021 0.002 0.000 0.020 0.000 0.001 0.021 0.002 0.002 0.019 0.006 0.006 0.004 0.001 0.001 0.002 0.004 0.017 0.007 0.127 0.001 0.002 0.001 0.001 0.001 0.001 0.002 0.001 0.001 0.131 0.011 0.020 0.001 0.987 0.004 0.000 0.000 0.001 0.003 0.003 0.000 
41 trumpet_vis 30 0.004 0.001 0.004 0.011 0.002 0.877 0.006 0.002 0.931 0.002 0.001 0.001 0.001 0.026 0.000 0.001 0.001 0.024 0.008 0.001 0.012 0.001 0.001 0.000 0.014 0.002 0.005 0.004 0.020 0.001 0.000 0.001 0.002 0.002 0.020 0.001 0.060 0.001 0.001 0.001 0.001 0.001 0.002 0.006 0.001 0.002 0.029 0.004 0.002 0.001 0.969 0.016 0.000 0.001 0.001 0.007 0.001 0.000 
42 fork_vis 30 0.004 0.013 0.002 0.001 0.001 0.993 0.273 0.001 0.001 0.908 0.015 0.001 0.016 0.000 0.015 0.000 0.057 0.020 0.001 0.000 0.001 0.008 0.001 0.000 0.000 0.001 0.001 0.000 0.001 0.001 0.000 0.001 0.001 0.000 0.874 0.002 0.001 0.001 0.006 0.001 0.006 0.001 0.001 0.001 0.001 0.000 0.001 0.001 0.001 0.001 0.002 0.001 0.611 0.001 0.060 0.026 0.001 0.190 
43 spoon_vis 30 0.003 0.006 0.004 0.001 0.001 0.980 0.001 0.001 0.022 0.961 0.001 0.026 0.001 0.001 0.001 0.001 0.013 0.001 0.012 0.064 0.002 0.000 0.001 0.000 0.000 0.001 0.001 0.000 0.000 0.002 0.000 0.001 0.001 0.000 0.001 0.001 0.001 0.001 0.004 0.002 0.001 0.001 0.001 0.001 0.001 0.000 0.032 0.001 0.001 0.033 0.001 0.001 0.001 0.960 0.005 0.015 0.045 0.075 
44 tongs_vis 30 0.004 0.009 0.002 0.001 0.001 0.994 0.238 0.001 0.001 0.884 0.024 0.001 0.021 0.000 0.005 0.000 0.071 0.026 0.001 0.000 0.001 0.010 0.001 0.000 0.000 0.000 0.001 0.001 0.002 0.001 0.000 0.001 0.000 0.000 0.908 0.002 0.001 0.001 0.004 0.001 0.005 0.001 0.001 0.001 0.001 0.000 0.001 0.001 0.001 0.001 0.002 0.001 0.638 0.001 0.089 0.016 0.001 0.139 
45 ladle_vis 30 0.003 0.004 0.003 0.001 0.001 0.984 0.001 0.001 0.033 0.968 0.001 0.028 0.001 0.001 0.001 0.001 0.014 0.001 0.015 0.024 0.002 0.000 0.001 0.000 0.000 0.001 0.001 0.000 0.000 0.002 0.000 0.001 0.001 0.000 0.001 0.001 0.001 0.001 0.007 0.001 0.001 0.002 0.001 0.001 0.001 0.000 0.034 0.001 0.001 0.049 0.001 0.001 0.001 0.962 0.003 0.021 0.057 0.078 
46 knife_vis 30 0.003 0.005 0.004 0.001 0.001 0.977 0.001 0.001 0.024 0.960 0.001 0.029 0.001 0.001 0.001 0.001 0.013 0.001 0.014 0.079 0.002 0.000 0.001 0.000 0.000 0.001 0.001 0.000 0.000 0.001 0.000 0.001 0.001 0.000 0.001 0.001 0.001 0.001 0.004 0.002 0.001 0.002 0.001 0.001 0.001 0.000 0.035 0.001 0.001 0.037 0.001 0.001 0.001 0.965 0.005 0.013 0.043 0.075 
47 chopsticks_vis 30 0.004 0.017 0.002 0.001 0.001 0.992 0.237 0.001 0.001 0.918 0.007 0.001 0.014 0.000 0.019 0.000 0.033 0.019 0.001 0.000 0.001 0.005 0.001 0.000 0.000 0.001 0.001 0.000 0.001 0.001 0.000 0.001 0.000 0.000 0.815 0.001 0.001 0.001 0.007 0.001 0.004 0.001 0.001 0.001 0.001 0.000 0.001 0.001 0.001 0.001 0.002 0.001 0.352 0.002 0.040 0.039 0.001 0.233 
