0 beaver_vis 30 0.989 0.984 0.245 0.000 0.027 0.005 0.000 0.000 0.006 0.000 0.893 0.868 0.449 0.003 0.008 0.018 0.000 0.001 0.000 0.459 0.000 0.021 0.000 0.000 0.001 0.000 0.002 0.000 0.001 0.001 0.000 0.006 0.014 0.002 0.000 0.000 0.000 0.000 0.000 0.000 0.000 0.002 0.000 0.000 0.000 0.001 0.015 0.001 0.000 0.003 0.004 0.000 0.000 0.000 0.000 0.000 0.000 0.000 
1 bear_vis 30 0.990 0.896 0.007 0.002 0.897 0.028 0.000 0.001 0.086 0.000 0.023 0.024 0.001 0.074 0.040 0.002 0.002 0.000 0.000 0.001 0.399 0.002 0.002 0.000 0.000 0.000 0.000 0.000 0.002 0.003 0.001 0.009 0.893 0.007 0.000 0.000 0.001 0.000 0.000 0.000 0.000 0.001 0.000 0.001 0.000 0.002 0.011 0.003 0.001 0.005 0.000 0.001 0.001 0.001 0.000 0.000 0.003 0.000 
2 sheep_vis 30 0.982 0.321 0.000 0.048 0.985 0.002 0.000 0.030 0.000 0.000 0.000 0.000 0.070 0.001 0.001 0.415 0.000 0.005 0.001 0.000 0.000 0.000 0.001 0.252 0.005 0.017 0.004 0.001 0.802 0.075 0.762 0.869 0.005 0.010 0.000 0.003 0.000 0.000 0.000 0.001 0.000 0.003 0.011 0.022 0.000 0.085 0.000 0.000 0.002 0.003 0.001 0.000 0.000 0.000 0.000 0.000 0.000 0.000 
3 buffalo_vis 30 0.991 0.986 0.657 0.000 0.903 0.012 0.000 0.000 0.004 0.000 0.074 0.044 0.022 0.736 0.888 0.006 0.005 0.000 0.000 0.000 0.065 0.135 0.001 0.000 0.000 0.000 0.000 0.000 0.001 0.029 0.000 0.000 0.865 0.002 0.000 0.000 0.001 0.000 0.000 0.000 0.000 0.001 0.000 0.002 0.000 0.001 0.009 0.002 0.000 0.004 0.000 0.001 0.001 0.002 0.000 0.000 0.005 0.000 
4 poodle_vis 30 0.989 0.952 0.001 0.000 0.109 0.097 0.000 0.001 0.247 0.000 0.195 0.002 0.004 0.012 0.822 0.001 0.001 0.000 0.000 0.000 0.001 0.011 0.001 0.000 0.000 0.000 0.000 0.000 0.001 0.005 0.000 0.000 0.134 0.002 0.000 0.000 0.001 0.000 0.000 0.000 0.000 0.003 0.000 0.001 0.000 0.001 0.007 0.001 0.000 0.054 0.000 0.001 0.001 0.002 0.000 0.000 0.002 0.000 
5 giraffe_vis 30 0.971 0.649 0.000 0.000 0.656 0.149 0.000 0.001 0.313 0.000 0.172 0.002 0.001 0.026 0.261 0.002 0.003 0.000 0.000 0.002 0.005 0.003 0.003 0.000 0.000 0.000 0.000 0.000 0.001 0.002 0.000 0.000 0.674 0.023 0.000 0.000 0.002 0.000 0.000 0.000 0.000 0.001 0.000 0.003 0.000 0.002 0.031 0.018 0.000 0.011 0.000 0.003 0.002 0.002 0.000 0.000 0.005 0.000 
6 robin_vis 30 0.010 0.015 0.001 0.000 0.001 0.989 0.001 0.032 0.949 0.030 0.002 0.034 0.001 0.002 0.002 0.004 0.007 0.000 0.000 0.010 0.001 0.001 0.000 0.000 0.000 0.000 0.001 0.000 0.001 0.001 0.000 0.000 0.000 0.000 0.000 0.001 0.008 0.000 0.000 0.010 0.000 0.024 0.002 0.002 0.000 0.038 0.637 0.054 0.046 0.029 0.734 0.000 0.026 0.035 0.004 0.000 0.004 0.300 
7 swan_vis 30 0.043 0.003 0.024 0.000 0.001 0.994 0.004 0.001 0.477 0.330 0.000 0.000 0.000 0.156 0.004 0.010 0.527 0.000 0.000 0.000 0.001 0.001 0.000 0.000 0.000 0.000 0.000 0.001 0.001 0.001 0.011 0.000 0.000 0.000 0.002 0.000 0.205 0.001 0.000 0.000 0.000 0.001 0.000 0.009 0.000 0.006 0.020 0.879 0.000 0.003 0.000 0.095 0.096 0.067 0.000 0.001 0.118 0.000 
8 woodpecker_vis 30 0.008 0.003 0.191 0.000 0.001 0.982 0.015 0.001 0.006 0.930 0.000 0.000 0.001 0.001 0.002 0.001 0.006 0.001 0.004 0.187 0.000 0.008 0.000 0.000 0.000 0.001 0.003 0.000 0.001 0.001 0.000 0.000 0.000 0.000 0.001 0.001 0.006 0.000 0.000 0.035 0.000 0.003 0.000 0.001 0.000 0.004 0.020 0.004 0.000 0.004 0.014 0.000 0.036 0.086 0.030 0.000 0.002 0.822 
9 peacock_vis 30 0.574 0.001 0.977 0.000 0.001 0.127 0.751 0.000 0.001 0.965 0.000 0.000 0.001 0.001 0.001 0.368 0.952 0.892 0.936 0.000 0.003 0.004 0.000 0.033 0.001 0.001 0.000 0.002 0.001 0.001 0.001 0.000 0.000 0.000 0.003 0.016 0.957 0.001 0.000 0.249 0.000 0.004 0.000 0.002 0.000 0.516 0.156 0.736 0.000 0.004 0.001 0.000 0.966 0.464 0.000 0.000 0.484 0.042 
10 crow_vis 30 0.042 0.008 0.000 0.000 0.001 0.994 0.000 0.014 0.970 0.009 0.002 0.000 0.000 0.004 0.189 0.001 0.011 0.000 0.000 0.000 0.001 0.001 0.000 0.000 0.000 0.000 0.000 0.000 0.001 0.002 0.000 0.000 0.005 0.000 0.001 0.001 0.009 0.000 0.000 0.000 0.000 0.019 0.000 0.003 0.000 0.002 0.175 0.029 0.000 0.089 0.000 0.003 0.003 0.240 0.000 0.001 0.011 0.001 
11 eagle_vis 30 0.245 0.001 0.289 0.000 0.001 0.942 0.003 0.001 0.004 0.722 0.012 0.000 0.000 0.001 0.008 0.001 0.108 0.000 0.000 0.005 0.001 0.103 0.001 0.000 0.000 0.000 0.001 0.000 0.001 0.001 0.000 0.000 0.000 0.000 0.112 0.000 0.010 0.000 0.000 0.000 0.000 0.002 0.000 0.001 0.003 0.002 0.009 0.009 0.000 0.005 0.000 0.000 0.002 0.613 0.000 0.009 0.006 0.008 
12 tuna_vis 30 0.965 0.000 0.001 0.972 0.004 0.004 0.002 0.001 0.000 0.000 0.000 0.000 0.001 0.000 0.001 0.000 0.000 0.000 0.001 0.177 0.000 0.001 0.004 0.008 0.137 0.894 0.854 0.001 0.001 0.001 0.000 0.149 0.000 0.001 0.000 0.001 0.000 0.000 0.131 0.001 0.000 0.003 0.002 0.000 0.000 0.000 0.000 0.000 0.000 0.004 0.000 0.000 0.000 0.000 0.197 0.000 0.000 0.000 
13 goldfish_vis 30 0.988 0.000 0.001 0.885 0.020 0.031 0.005 0.000 0.000 0.000 0.000 0.000 0.001 0.000 0.001 0.000 0.000 0.000 0.000 0.001 0.002 0.001 0.003 0.015 0.011 0.050 0.018 0.048 0.001 0.002 0.001 0.008 0.001 0.000 0.001 0.001 0.000 0.001 0.003 0.001 0.000 0.002 0.000 0.000 0.000 0.000 0.000 0.000 0.000 0.003 0.000 0.000 0.000 0.000 0.003 0.000 0.000 0.000 
14 salmon_vis 30 0.989 0.000 0.001 0.870 0.183 0.003 0.002 0.000 0.000 0.000 0.000 0.000 0.001 0.000 0.001 0.000 0.000 0.012 0.001 0.000 0.002 0.001 0.001 0.305 0.009 0.154 0.000 0.001 0.007 0.001 0.002 0.009 0.002 0.000 0.000 0.002 0.000 0.000 0.001 0.001 0.000 0.003 0.000 0.000 0.000 0.000 0.000 0.000 0.000 0.002 0.001 0.000 0.000 0.000 0.013 0.000 0.000 0.000 
15 sardine_vis 30 0.970 0.153 0.000 0.214 0.986 0.002 0.000 0.037 0.000 0.000 0.001 0.001 0.364 0.000 0.001 0.004 0.000 0.000 0.000 0.005 0.000 0.000 0.001 0.004 0.034 0.193 0.365 0.000 0.140 0.015 0.162 0.974 0.008 0.413 0.000 0.001 0.000 0.000 0.001 0.000 0.000 0.003 0.138 0.000 0.004 0.002 0.000 0.000 0.000 0.002 0.001 0.000 0.000 0.000 0.000 0.000 0.000 0.000 
16 catfish_vis 30 0.980 0.000 0.001 0.970 0.006 0.006 0.003 0.000 0.000 0.000 0.000 0.000 0.001 0.000 0.001 0.000 0.000 0.000 0.000 0.082 0.001 0.001 0.006 0.011 0.065 0.638 0.672 0.003 0.001 0.001 0.000 0.087 0.001 0.001 0.000 0.001 0.000 0.000 0.049 0.001 0.000 0.002 0.001 0.000 0.000 0.000 0.000 0.000 0.000 0.003 0.000 0.000 0.000 0.000 0.071 0.000 0.000 0.000 
17 cod_vis 30 0.979 0.000 0.001 0.971 0.004 0.003 0.002 0.000 0.000 0.000 0.000 0.000 0.001 0.000 0.001 0.000 0.000 0.001 0.001 0.060 0.000 0.001 0.008 0.039 0.051 0.702 0.728 0.001 0.003 0.001 0.001 0.034 0.000 0.002 0.000 0.003 0.000 0.000 0.052 0.001 0.000 0.003 0.001 0.000 0.000 0.000 0.000 0.000 0.000 0.002 0.000 0.000 0.000 0.000 0.033 0.000 0.000 0.000 
18 turtle_vis 30 0.986 0.028 0.000 0.003 0.983 0.044 0.001 0.012 0.000 0.000 0.000 0.000 0.001 0.002 0.004 0.000 0.000 0.000 0.000 0.000 0.001 0.000 0.004 0.000 0.001 0.000 0.000 0.002 0.056 0.245 0.017 0.022 0.224 0.011 0.000 0.001 0.000 0.000 0.000 0.000 0.003 0.003 0.000 0.002 0.000 0.000 0.000 0.000 0.000 0.004 0.000 0.001 0.000 0.000 0.000 0.000 0.000 0.000 
19 rattlesnake_vis 30 0.985 0.046 0.000 0.030 0.986 0.037 0.000 0.004 0.001 0.000 0.001 0.000 0.005 0.000 0.012 0.000 0.000 0.000 0.000 0.000 0.001 0.000 0.057 0.000 0.001 0.000 0.002 0.001 0.001 0.076 0.000 0.158 0.752 0.862 0.000 0.001 0.000 0.000 0.000 0.000 0.004 0.004 0.000 0.000 0.000 0.000 0.000 0.000 0.000 0.009 0.000 0.000 0.000 0.000 0.000 0.001 0.000 0.000 
20 crab_vis 30 0.471 0.000 0.000 0.002 0.006 0.985 0.001 0.003 0.001 0.001 0.000 0.000 0.000 0.000 0.002 0.000 0.000 0.000 0.000 0.000 0.001 0.001 0.005 0.000 0.001 0.000 0.001 0.002 0.001 0.003 0.000 0.000 0.002 0.002 0.002 0.001 0.000 0.001 0.001 0.000 0.005 0.002 0.000 0.000 0.000 0.000 0.000 0.000 0.000 0.004 0.000 0.001 0.000 0.000 0.000 0.006 0.001 0.000 
21 frog_vis 30 0.967 0.057 0.000 0.020 0.989 0.002 0.000 0.029 0.000 0.000 0.000 0.000 0.034 0.000 0.001 0.012 0.000 0.000 0.000 0.000 0.000 0.000 0.000 0.005 0.002 0.041 0.002 0.000 0.388 0.005 0.288 0.939 0.006 0.013 0.000 0.001 0.000 0.000 0.000 0.000 0.000 0.002 0.039 0.000 0.000 0.004 0.000 0.000 0.003 0.002 0.002 0.000 0.000 0.000 0.000 0.000 0.000 0.000 
22 gecko_vis 30 0.986 0.788 0.007 0.071 0.985 0.011 0.000 0.003 0.001 0.000 0.000 0.000 0.003 0.557 0.174 0.001 0.000 0.000 0.000 0.000 0.585 0.001 0.026 0.002 0.001 0.000 0.000 0.134 0.022 0.754 0.146 0.003 0.850 0.034 0.000 0.001 0.000 0.000 0.000 0.000 0.003 0.003 0.000 0.003 0.000 0.000 0.000 0.000 0.000 0.008 0.000 0.005 0.000 0.000 0.000 0.001 0.001 0.000 
23 crocodile_vis 30 0.984 0.728 0.001 0.365 0.982 0.019 0.000 0.001 0.001 0.000 0.020 0.000 0.018 0.042 0.472 0.000 0.000 0.000 0.000 0.000 0.137 0.019 0.571 0.000 0.003 0.000 0.000 0.034 0.001 0.761 0.008 0.028 0.923 0.786 0.000 0.001 0.000 0.000 0.000 0.000 0.002 0.003 0.000 0.000 0.000 0.000 0.001 0.000 0.000 0.014 0.000 0.003 0.000 0.001 0.000 0.007 0.001 0.000 
24 axe_vis 30 0.003 0.000 0.000 0.001 0.001 0.994 0.981 0.106 0.000 0.005 0.000 0.000 0.000 0.000 0.001 0.000 0.001 0.000 0.001 0.000 0.000 0.001 0.002 0.000 0.003 0.000 0.000 0.001 0.000 0.001 0.000 0.000 0.000 0.000 0.864 0.001 0.029 0.005 0.033 0.013 0.005 0.013 0.000 0.000 0.047 0.000 0.000 0.000 0.000 0.001 0.000 0.000 0.000 0.041 0.000 0.001 0.000 0.001 
25 hammer_vis 30 0.001 0.000 0.000 0.002 0.000 0.993 0.989 0.091 0.000 0.005 0.000 0.000 0.001 0.000 0.000 0.000 0.000 0.000 0.019 0.000 0.000 0.001 0.001 0.000 0.026 0.000 0.000 0.001 0.000 0.001 0.000 0.000 0.000 0.000 0.026 0.029 0.098 0.001 0.053 0.968 0.001 0.185 0.002 0.000 0.001 0.080 0.000 0.000 0.000 0.001 0.001 0.000 0.006 0.004 0.000 0.000 0.000 0.171 
26 screwdriver_vis 30 0.005 0.000 0.000 0.001 0.001 0.994 0.907 0.042 0.000 0.002 0.000 0.000 0.000 0.000 0.000 0.000 0.002 0.000 0.001 0.000 0.000 0.000 0.001 0.000 0.001 0.000 0.000 0.001 0.000 0.001 0.000 0.000 0.000 0.000 0.038 0.001 0.260 0.007 0.002 0.011 0.001 0.003 0.000 0.001 0.000 0.003 0.000 0.000 0.000 0.001 0.000 0.000 0.001 0.003 0.000 0.000 0.001 0.000 
27 chisel_vis 30 0.002 0.000 0.000 0.003 0.001 0.994 0.982 0.107 0.000 0.008 0.000 0.000 0.000 0.000 0.000 0.000 0.000 0.000 0.000 0.000 0.000 0.001 0.004 0.000 0.004 0.000 0.000 0.002 0.000 0.001 0.000 0.000 0.000 0.000 0.773 0.001 0.019 0.035 0.099 0.031 0.037 0.016 0.000 0.000 0.026 0.000 0.000 0.000 0.000 0.001 0.000 0.000 0.000 0.022 0.000 0.002 0.000 0.001 
28 saw_vis 30 0.001 0.000 0.000 0.002 0.000 0.993 0.988 0.083 0.000 0.005 0.000 0.000 0.001 0.000 0.000 0.000 0.000 0.000 0.019 0.000 0.000 0.000 0.001 0.000 0.021 0.000 0.000 0.001 0.000 0.001 0.000 0.000 0.000 0.000 0.019 0.044 0.173 0.001 0.038 0.954 0.000 0.127 0.001 0.000 0.000 0.144 0.000 0.000 0.000 0.001 0.001 0.000 0.013 0.003 0.000 0.000 0.000 0.099 
29 drill_vis 30 0.001 0.000 0.000 0.001 0.000 0.994 0.989 0.100 0.000 0.005 0.000 0.000 0.001 0.000 0.000 0.000 0.000 0.000 0.018 0.000 0.000 0.000 0.000 0.000 0.038 0.000 0.000 0.000 0.000 0.001 0.000 0.000 0.000 0.000 0.018 0.011 0.026 0.001 0.080 0.983 0.000 0.394 0.003 0.000 0.000 0.016 0.000 0.000 0.000 0.002 0.001 0.000 0.001 0.005 0.000 0.000 0.000 0.499 
30 clamp_vis 30 0.001 0.004 0.000 0.000 0.001 0.994 0.024 0.992 0.004 0.000 0.000 0.000 0.034 0.000 0.015 0.000 0.000 0.000 0.000 0.000 0.000 0.000 0.001 0.000 0.001 0.000 0.000 0.000 0.001 0.007 0.000 0.000 0.000 0.018 0.174 0.001 0.011 0.001 0.001 0.001 0.046 0.895 0.002 0.001 0.688 0.007 0.001 0.000 0.000 0.003 0.000 0.000 0.000 0.009 0.000 0.000 0.000 0.000 
31 hoe_vis 30 0.001 0.010 0.000 0.000 0.001 0.994 0.010 0.990 0.013 0.000 0.000 0.000 0.110 0.000 0.001 0.000 0.000 0.000 0.000 0.000 0.000 0.000 0.000 0.000 0.001 0.000 0.000 0.000 0.001 0.002 0.000 0.000 0.000 0.001 0.005 0.001 0.005 0.000 0.000 0.031 0.001 0.967 0.003 0.000 0.068 0.103 0.010 0.000 0.000 0.007 0.000 0.000 0.000 0.002 0.000 0.000 0.000 0.000 
32 rake_vis 30 0.001 0.001 0.000 0.000 0.007 0.993 0.056 0.991 0.031 0.000 0.000 0.000 0.053 0.000 0.001 0.000 0.000 0.000 0.000 0.000 0.000 0.000 0.000 0.000 0.003 0.000 0.000 0.000 0.001 0.006 0.000 0.000 0.000 0.007 0.004 0.003 0.002 0.000 0.003 0.144 0.078 0.946 0.337 0.001 0.036 0.126 0.005 0.000 0.000 0.053 0.025 0.000 0.000 0.000 0.000 0.000 0.000 0.001 
33 shovel_vis 30 0.001 0.002 0.000 0.000 0.002 0.994 0.034 0.991 0.022 0.000 0.000 0.000 0.010 0.000 0.003 0.000 0.000 0.000 0.000 0.000 0.000 0.000 0.000 0.000 0.001 0.000 0.000 0.000 0.001 0.009 0.000 0.000 0.000 0.008 0.014 0.001 0.012 0.000 0.001 0.009 0.111 0.875 0.010 0.004 0.086 0.111 0.012 0.000 0.000 0.017 0.001 0.000 0.001 0.001 0.000 0.000 0.000 0.000 
34 spade_vis 30 0.028 0.135 0.000 0.000 0.001 0.505 0.151 0.978 0.000 0.000 0.005 0.000 0.464 0.000 0.002 0.000 0.004 0.000 0.022 0.000 0.000 0.000 0.001 0.000 0.005 0.000 0.002 0.000 0.001 0.008 0.001 0.000 0.000 0.396 0.603 0.001 0.171 0.001 0.001 0.025 0.230 0.199 0.003 0.003 0.900 0.071 0.001 0.002 0.000 0.002 0.000 0.000 0.000 0.001 0.000 0.000 0.000 0.000 
35 wrench_vis 30 0.001 0.003 0.000 0.000 0.002 0.994 0.012 0.990 0.021 0.000 0.000 0.000 0.021 0.000 0.001 0.000 0.000 0.000 0.000 0.000 0.000 0.000 0.000 0.000 0.001 0.000 0.000 0.000 0.001 0.003 0.000 0.000 0.000 0.002 0.003 0.001 0.005 0.000 0.000 0.012 0.007 0.884 0.006 0.001 0.026 0.095 0.009 0.000 0.000 0.009 0.001 0.000 0.000 0.001 0.000 0.000 0.000 0.000 
36 accordion_vis 30 0.011 0.023 0.000 0.000 0.083 0.974 0.000 0.001 0.991 0.001 0.001 0.082 0.000 0.000 0.001 0.001 0.000 0.000 0.000 0.008 0.001 0.000 0.000 0.000 0.000 0.000 0.001 0.000 0.001 0.001 0.000 0.001 0.042 0.000 0.000 0.001 0.000 0.000 0.000 0.000 0.000 0.006 0.000 0.000 0.000 0.002 0.123 0.001 0.212 0.015 0.910 0.000 0.002 0.001 0.009 0.000 0.001 0.008 
37 cello_vis 30 0.115 0.585 0.000 0.000 0.001 0.180 0.000 0.001 0.981 0.000 0.029 0.723 0.001 0.000 0.001 0.001 0.000 0.000 0.000 0.029 0.000 0.000 0.000 0.000 0.000 0.000 0.001 0.000 0.001 0.001 0.000 0.000 0.001 0.000 0.000 0.001 0.000 0.000 0.000 0.001 0.000 0.004 0.000 0.000 0.000 0.001 0.177 0.001 0.001 0.005 0.912 0.000 0.001 0.000 0.000 0.000 0.000 0.015 
38 flute_vis 30 0.006 0.008 0.000 0.000 0.236 0.993 0.000 0.004 0.991 0.001 0.001 0.014 0.000 0.000 0.002 0.000 0.000 0.000 0.000 0.002 0.001 0.000 0.000 0.000 0.000 0.000 0.000 0.000 0.001 0.001 0.000 0.001 0.122 0.000 0.000 0.001 0.000 0.000 0.000 0.000 0.000 0.023 0.001 0.000 0.000 0.002 0.139 0.001 0.416 0.172 0.764 0.000 0.001 0.002 0.027 0.000 0.001 0.012 
39 guitar_vis 30 0.006 0.007 0.000 0.000 0.227 0.994 0.000 0.004 0.991 0.001 0.001 0.010 0.000 0.000 0.003 0.000 0.000 0.000 0.000 0.002 0.001 0.000 0.000 0.000 0.000 0.000 0.000 0.000 0.001 0.001 0.000 0.001 0.121 0.000 0.000 0.001 0.000 0.000 0.000 0.000 0.000 0.026 0.001 0.000 0.000 0.002 0.142 0.001 0.401 0.225 0.715 0.000 0.001 0.003 0.022 0.000 0.001 0.012 
40 piano_vis 30 0.235 0.629 0.000 0.000 0.002 0.260 0.000 0.000 0.985 0.001 0.013 0.869 0.002 0.000 0.001 0.001 0.000 0.000 0.000 0.017 0.000 0.000 0.000 0.000 0.000 0.000 0.000 0.000 0.001 0.001 0.000 0.000 0.001 0.000 0.000 0.001 0.000 0.000 0.000 0.001 0.000 0.007 0.000 0.000 0.000 0.001 0.383 0.000 0.001 0.006 0.982 0.000 0.001 0.000 0.001 0.000 0.000 0.052 
41 trumpet_vis 30 0.002 0.098 0.000 0.000 0.001 0.994 0.000 0.018 0.988 0.001 0.002 0.064 0.002 0.000 0.003 0.000 0.000 0.000 0.000 0.001 0.000 0.001 0.000 0.000 0.000 0.000 0.000 0.000 0.001 0.001 0.000 0.000 0.000 0.000 0.000 0.001 0.000 0.000 0.000 0.002 0.000 0.284 0.000 0.000 0.000 0.006 0.932 0.003 0.001 0.257 0.658 0.000 0.002 0.008 0.000 0.000 0.000 0.274 
42 fork_vis 30 0.005 0.000 0.007 0.002 0.001 0.993 0.025 0.000 0.045 0.972 0.000 0.000 0.000 0.000 0.002 0.000 0.001 0.000 0.000 0.002 0.005 0.024 0.037 0.000 0.000 0.000 0.002 0.005 0.000 0.001 0.000 0.000 0.001 0.000 0.026 0.001 0.000 0.043 0.005 0.001 0.001 0.003 0.000 0.000 0.000 0.000 0.003 0.000 0.000 0.017 0.008 0.018 0.001 0.065 0.030 0.797 0.045 0.055 
43 spoon_vis 30 0.002 0.000 0.001 0.003 0.001 0.994 0.035 0.001 0.047 0.983 0.000 0.000 0.000 0.000 0.005 0.000 0.000 0.000 0.000 0.002 0.006 0.020 0.076 0.000 0.000 0.000 0.003 0.004 0.001 0.001 0.000 0.000 0.002 0.000 0.018 0.001 0.000 0.059 0.024 0.000 0.003 0.003 0.000 0.000 0.000 0.000 0.001 0.000 0.001 0.052 0.000 0.034 0.000 0.063 0.133 0.961 0.057 0.010 
44 tongs_vis 30 0.006 0.000 0.010 0.000 0.001 0.994 0.019 0.000 0.010 0.990 0.000 0.000 0.000 0.000 0.003 0.000 0.010 0.000 0.000 0.000 0.000 0.047 0.001 0.000 0.000 0.000 0.000 0.000 0.000 0.001 0.000 0.000 0.000 0.000 0.037 0.001 0.002 0.000 0.000 0.001 0.000 0.001 0.000 0.000 0.000 0.000 0.001 0.000 0.000 0.008 0.001 0.000 0.002 0.886 0.002 0.032 0.003 0.125 
45 ladle_vis 30 0.002 0.000 0.001 0.008 0.001 0.995 0.041 0.001 0.071 0.981 0.000 0.000 0.000 0.000 0.009 0.000 0.000 0.000 0.000 0.001 0.017 0.019 0.167 0.000 0.000 0.000 0.004 0.010 0.000 0.002 0.000 0.000 0.004 0.000 0.017 0.001 0.000 0.167 0.067 0.000 0.010 0.003 0.000 0.000 0.000 0.000 0.001 0.000 0.001 0.096 0.000 0.108 0.000 0.042 0.310 0.974 0.130 0.007 
46 knife_vis 30 0.002 0.000 0.001 0.008 0.001 0.995 0.049 0.000 0.032 0.989 0.000 0.000 0.000 0.000 0.004 0.000 0.000 0.000 0.000 0.001 0.016 0.022 0.162 0.000 0.000 0.000 0.004 0.010 0.000 0.001 0.000 0.000 0.003 0.000 0.020 0.001 0.000 0.164 0.067 0.000 0.007 0.002 0.000 0.000 0.000 0.000 0.000 0.000 0.000 0.068 0.000 0.077 0.000 0.052 0.313 0.981 0.134 0.009 
47 chopsticks_vis 30 0.005 0.000 0.009 0.000 0.001 0.994 0.021 0.000 0.016 0.987 0.000 0.000 0.000 0.000 0.002 0.000 0.007 0.000 0.000 0.001 0.000 0.032 0.001 0.000 0.001 0.000 0.000 0.000 0.000 0.001 0.000 0.000 0.000 0.000 0.018 0.001 0.002 0.000 0.000 0.003 0.000 0.003 0.000 0.000 0.000 0.000 0.002 0.000 0.000 0.014 0.001 0.000 0.002 0.834 0.002 0.034 0.004 0.206 
