0 beaver_vis 30 0.988 0.952 0.017 0.003 0.001 0.021 0.002 0.002 0.004 0.008 0.008 0.002 0.366 0.008 0.237 0.001 0.083 0.001 0.333 0.001 0.001 0.038 0.013 0.000 0.004 0.001 0.001 0.001 0.000 0.001 0.001 0.001 0.001 0.001 0.004 0.020 0.009 0.002 0.009 0.003 0.001 0.037 0.001 0.034 0.002 0.001 0.019 0.001 0.003 0.006 0.005 0.001 0.003 0.009 0.001 0.002 0.031 0.004 
1 bear_vis 30 0.994 0.992 0.001 0.013 0.039 0.004 0.003 0.001 0.014 0.002 0.029 0.750 0.388 0.114 0.003 0.820 0.001 0.074 0.001 0.001 0.001 0.014 0.001 0.002 0.002 0.003 0.146 0.002 0.015 0.005 0.031 0.042 0.001 0.002 0.001 0.024 0.001 0.003 0.003 0.033 0.002 0.001 0.000 0.001 0.002 0.001 0.003 0.006 0.002 0.001 0.001 0.002 0.002 0.003 0.001 0.001 0.002 0.040 
2 sheep_vis 30 0.995 0.982 0.009 0.007 0.001 0.002 0.002 0.001 0.002 0.001 0.058 0.001 0.032 0.050 0.943 0.016 0.087 0.001 0.001 0.001 0.028 0.008 0.011 0.000 0.019 0.001 0.001 0.002 0.001 0.001 0.004 0.001 0.001 0.001 0.001 0.002 0.001 0.001 0.002 0.011 0.001 0.016 0.002 0.002 0.001 0.001 0.002 0.018 0.001 0.001 0.009 0.002 0.004 0.002 0.001 0.001 0.001 0.049 
3 buffalo_vis 30 0.995 0.993 0.001 0.017 0.032 0.002 0.002 0.001 0.003 0.001 0.016 0.075 0.112 0.132 0.012 0.971 0.001 0.019 0.001 0.000 0.001 0.005 0.001 0.002 0.002 0.001 0.365 0.002 0.016 0.004 0.034 0.021 0.001 0.003 0.001 0.005 0.000 0.003 0.002 0.018 0.009 0.001 0.000 0.001 0.001 0.001 0.001 0.018 0.001 0.001 0.001 0.003 0.001 0.001 0.001 0.000 0.001 0.256 
4 poodle_vis 30 0.057 0.005 0.665 0.001 0.002 0.950 0.004 0.009 0.944 0.007 0.001 0.001 0.183 0.000 0.002 0.001 0.804 0.002 0.008 0.001 0.000 0.945 0.002 0.000 0.108 0.001 0.001 0.018 0.001 0.002 0.002 0.001 0.001 0.001 0.005 0.004 0.129 0.001 0.002 0.001 0.001 0.051 0.001 0.156 0.003 0.001 0.903 0.003 0.007 0.248 0.015 0.014 0.007 0.005 0.001 0.001 0.019 0.001 
5 giraffe_vis 30 0.994 0.992 0.001 0.021 0.058 0.003 0.005 0.001 0.020 0.001 0.003 0.353 0.739 0.244 0.029 0.742 0.002 0.010 0.002 0.000 0.001 0.054 0.001 0.003 0.003 0.001 0.073 0.019 0.038 0.011 0.091 0.018 0.001 0.004 0.004 0.028 0.001 0.002 0.009 0.038 0.001 0.001 0.001 0.001 0.001 0.001 0.005 0.003 0.007 0.001 0.001 0.004 0.004 0.003 0.002 0.001 0.004 0.014 
6 robin_vis 30 0.993 0.016 0.984 0.008 0.005 0.006 0.002 0.001 0.022 0.003 0.001 0.001 0.213 0.000 0.012 0.001 0.944 0.062 0.185 0.003 0.002 0.570 0.023 0.000 0.096 0.001 0.001 0.003 0.001 0.001 0.082 0.001 0.001 0.003 0.002 0.010 0.408 0.003 0.001 0.050 0.001 0.007 0.001 0.161 0.001 0.001 0.072 0.002 0.032 0.006 0.003 0.001 0.002 0.003 0.001 0.001 0.077 0.002 
7 swan_vis 30 0.990 0.013 0.975 0.004 0.004 0.012 0.002 0.002 0.033 0.005 0.001 0.001 0.331 0.000 0.009 0.001 0.964 0.042 0.156 0.002 0.001 0.647 0.015 0.000 0.127 0.001 0.001 0.003 0.001 0.001 0.070 0.001 0.001 0.003 0.003 0.011 0.445 0.003 0.001 0.027 0.001 0.004 0.001 0.147 0.001 0.001 0.098 0.002 0.032 0.006 0.003 0.001 0.002 0.004 0.001 0.001 0.075 0.002 
8 woodpecker_vis 30 0.011 0.013 0.029 0.001 0.003 0.826 0.003 0.003 0.018 0.843 0.010 0.007 0.002 0.001 0.009 0.001 0.004 0.001 0.017 0.003 0.002 0.007 0.037 0.000 0.001 0.001 0.001 0.000 0.000 0.001 0.000 0.001 0.270 0.003 0.049 0.001 0.090 0.002 0.002 0.001 0.001 0.013 0.001 0.002 0.002 0.003 0.005 0.001 0.003 0.018 0.415 0.001 0.222 0.151 0.004 0.005 0.090 0.001 
9 peacock_vis 30 0.007 0.004 0.107 0.001 0.003 0.914 0.004 0.002 0.751 0.051 0.001 0.003 0.059 0.000 0.001 0.001 0.204 0.002 0.054 0.002 0.000 0.613 0.011 0.000 0.002 0.001 0.001 0.001 0.000 0.004 0.001 0.001 0.003 0.003 0.014 0.011 0.707 0.001 0.001 0.001 0.001 0.003 0.001 0.002 0.002 0.002 0.740 0.001 0.005 0.018 0.015 0.001 0.015 0.029 0.003 0.002 0.635 0.001 
10 crow_vis 30 0.988 0.022 0.979 0.018 0.007 0.027 0.002 0.002 0.062 0.003 0.001 0.001 0.223 0.001 0.091 0.001 0.960 0.010 0.135 0.008 0.024 0.963 0.059 0.000 0.281 0.001 0.002 0.024 0.002 0.002 0.408 0.001 0.001 0.007 0.002 0.004 0.034 0.003 0.001 0.001 0.001 0.037 0.001 0.029 0.001 0.002 0.215 0.001 0.005 0.032 0.004 0.011 0.004 0.002 0.001 0.004 0.030 0.001 
11 eagle_vis 30 0.080 0.004 0.710 0.001 0.002 0.853 0.002 0.006 0.943 0.010 0.001 0.001 0.182 0.000 0.002 0.001 0.798 0.003 0.007 0.001 0.001 0.948 0.003 0.000 0.130 0.001 0.001 0.023 0.001 0.002 0.002 0.001 0.001 0.001 0.005 0.006 0.122 0.001 0.002 0.001 0.001 0.022 0.001 0.096 0.003 0.002 0.903 0.005 0.006 0.134 0.027 0.018 0.011 0.005 0.002 0.001 0.014 0.001 
12 tuna_vis 30 0.004 0.002 0.001 0.010 0.001 0.994 0.731 0.012 0.001 0.078 0.002 0.059 0.001 0.000 0.001 0.001 0.001 0.001 0.029 0.001 0.000 0.001 0.027 0.001 0.002 0.027 0.001 0.001 0.000 0.002 0.000 0.001 0.014 0.001 0.060 0.001 0.463 0.001 0.018 0.001 0.001 0.003 0.001 0.001 0.007 0.003 0.001 0.001 0.001 0.001 0.002 0.000 0.003 0.034 0.010 0.001 0.010 0.001 
13 goldfish_vis 30 0.974 0.003 0.001 0.947 0.158 0.018 0.171 0.011 0.001 0.002 0.000 0.002 0.001 0.213 0.001 0.002 0.001 0.001 0.001 0.000 0.001 0.001 0.152 0.967 0.004 0.073 0.073 0.680 0.003 0.106 0.436 0.001 0.166 0.068 0.166 0.008 0.022 0.001 0.187 0.007 0.006 0.005 0.002 0.002 0.013 0.003 0.001 0.001 0.001 0.001 0.005 0.001 0.008 0.002 0.002 0.001 0.001 0.001 
14 salmon_vis 30 0.008 0.002 0.001 0.067 0.002 0.550 0.560 0.013 0.002 0.059 0.001 0.001 0.001 0.001 0.007 0.001 0.002 0.001 0.001 0.001 0.002 0.001 0.243 0.011 0.063 0.002 0.007 0.039 0.000 0.004 0.001 0.001 0.003 0.002 0.708 0.001 0.237 0.001 0.016 0.001 0.001 0.004 0.001 0.001 0.017 0.034 0.002 0.001 0.001 0.001 0.026 0.001 0.062 0.030 0.024 0.001 0.001 0.001 
15 sardine_vis 30 0.994 0.004 0.001 0.978 0.076 0.004 0.006 0.024 0.001 0.005 0.001 0.008 0.001 0.000 0.001 0.006 0.001 0.001 0.041 0.001 0.000 0.001 0.018 0.759 0.001 0.917 0.047 0.002 0.001 0.007 0.004 0.032 0.438 0.021 0.023 0.032 0.002 0.001 0.029 0.003 0.090 0.001 0.053 0.002 0.034 0.002 0.001 0.001 0.001 0.001 0.001 0.001 0.001 0.005 0.330 0.001 0.001 0.001 
16 catfish_vis 30 0.301 0.107 0.001 0.277 0.002 0.992 0.980 0.006 0.002 0.011 0.007 0.024 0.107 0.047 0.152 0.001 0.001 0.001 0.004 0.001 0.001 0.007 0.682 0.008 0.024 0.001 0.002 0.002 0.001 0.003 0.001 0.001 0.001 0.002 0.072 0.001 0.059 0.002 0.008 0.002 0.001 0.002 0.000 0.001 0.003 0.006 0.005 0.001 0.001 0.003 0.001 0.001 0.003 0.007 0.007 0.001 0.021 0.001 
17 cod_vis 30 0.390 0.002 0.001 0.696 0.003 0.066 0.143 0.006 0.001 0.004 0.001 0.001 0.001 0.003 0.076 0.001 0.002 0.001 0.001 0.001 0.028 0.001 0.773 0.101 0.107 0.003 0.010 0.095 0.001 0.014 0.026 0.001 0.006 0.002 0.194 0.001 0.047 0.001 0.018 0.001 0.001 0.002 0.001 0.001 0.006 0.009 0.001 0.001 0.001 0.001 0.018 0.001 0.031 0.004 0.003 0.001 0.001 0.001 
18 turtle_vis 30 0.893 0.002 0.001 0.675 0.233 0.263 0.897 0.008 0.003 0.002 0.000 0.026 0.002 0.005 0.000 0.001 0.001 0.001 0.006 0.000 0.000 0.024 0.020 0.717 0.001 0.003 0.129 0.223 0.004 0.098 0.001 0.006 0.024 0.888 0.986 0.002 0.003 0.029 0.040 0.001 0.001 0.003 0.001 0.077 0.002 0.192 0.002 0.001 0.003 0.004 0.001 0.001 0.003 0.002 0.002 0.003 0.003 0.001 
19 rattlesnake_vis 30 0.364 0.002 0.001 0.024 0.072 0.788 0.939 0.002 0.013 0.011 0.000 0.049 0.001 0.002 0.001 0.001 0.002 0.001 0.003 0.001 0.000 0.010 0.003 0.122 0.001 0.001 0.008 0.190 0.002 0.053 0.000 0.003 0.021 0.152 0.989 0.001 0.029 0.008 0.004 0.001 0.001 0.002 0.001 0.004 0.001 0.042 0.002 0.001 0.005 0.009 0.001 0.001 0.007 0.006 0.004 0.002 0.034 0.001 
20 crab_vis 30 0.750 0.002 0.001 0.555 0.279 0.241 0.732 0.058 0.002 0.003 0.000 0.004 0.001 0.011 0.000 0.002 0.001 0.001 0.001 0.000 0.000 0.001 0.012 0.713 0.001 0.031 0.290 0.332 0.004 0.253 0.007 0.007 0.109 0.207 0.982 0.001 0.002 0.001 0.649 0.003 0.004 0.043 0.000 0.002 0.018 0.192 0.001 0.001 0.001 0.001 0.001 0.001 0.026 0.004 0.003 0.009 0.001 0.001 
21 frog_vis 30 0.994 0.012 0.007 0.010 0.983 0.010 0.002 0.001 0.004 0.011 0.001 0.026 0.001 0.000 0.000 0.011 0.001 0.001 0.016 0.053 0.000 0.001 0.002 0.002 0.000 0.029 0.008 0.001 0.006 0.007 0.001 0.915 0.067 0.419 0.232 0.001 0.001 0.027 0.003 0.001 0.004 0.002 0.001 0.001 0.002 0.070 0.001 0.001 0.009 0.001 0.001 0.002 0.001 0.006 0.014 0.046 0.001 0.002 
22 gecko_vis 30 0.715 0.002 0.001 0.288 0.340 0.083 0.245 0.014 0.002 0.008 0.000 0.088 0.001 0.022 0.000 0.001 0.001 0.001 0.001 0.001 0.001 0.001 0.010 0.433 0.001 0.604 0.003 0.375 0.017 0.046 0.001 0.006 0.898 0.004 0.878 0.001 0.027 0.001 0.122 0.001 0.001 0.006 0.001 0.001 0.043 0.015 0.001 0.001 0.001 0.001 0.088 0.001 0.063 0.006 0.004 0.001 0.001 0.001 
23 crocodile_vis 30 0.004 0.003 0.045 0.001 0.013 0.995 0.009 0.005 0.018 0.994 0.022 0.009 0.002 0.000 0.001 0.001 0.003 0.001 0.207 0.389 0.001 0.001 0.030 0.000 0.001 0.018 0.002 0.000 0.000 0.003 0.000 0.030 0.134 0.013 0.378 0.001 0.005 0.004 0.006 0.001 0.001 0.011 0.000 0.001 0.116 0.079 0.001 0.001 0.002 0.042 0.044 0.001 0.005 0.960 0.166 0.292 0.059 0.002 
24 axe_vis 30 0.002 0.001 0.001 0.014 0.001 0.996 0.422 0.964 0.214 0.001 0.000 0.005 0.006 0.000 0.000 0.001 0.001 0.001 0.360 0.000 0.000 0.001 0.008 0.001 0.002 0.001 0.218 0.001 0.000 0.002 0.000 0.003 0.001 0.052 0.401 0.001 0.033 0.009 0.003 0.001 0.001 0.014 0.001 0.467 0.024 0.521 0.026 0.000 0.007 0.889 0.000 0.001 0.001 0.004 0.019 0.001 0.001 0.001 
25 hammer_vis 30 0.004 0.003 0.001 0.006 0.001 0.994 0.995 0.007 0.001 0.004 0.000 0.010 0.002 0.001 0.001 0.001 0.001 0.001 0.001 0.000 0.000 0.001 0.003 0.007 0.002 0.001 0.005 0.004 0.001 0.010 0.000 0.001 0.001 0.004 0.064 0.008 0.005 0.891 0.009 0.043 0.006 0.001 0.001 0.003 0.002 0.003 0.001 0.001 0.014 0.001 0.001 0.000 0.002 0.003 0.005 0.001 0.028 0.001 
26 screwdriver_vis 30 0.127 0.070 0.001 0.019 0.003 0.995 0.995 0.170 0.002 0.005 0.000 0.864 0.003 0.000 0.000 0.000 0.001 0.001 0.311 0.000 0.000 0.001 0.001 0.013 0.001 0.061 0.034 0.001 0.001 0.008 0.000 0.018 0.197 0.056 0.993 0.003 0.027 0.103 0.809 0.001 0.001 0.003 0.000 0.117 0.009 0.033 0.001 0.000 0.005 0.100 0.000 0.000 0.001 0.073 0.027 0.045 0.106 0.001 
27 chisel_vis 30 0.035 0.012 0.001 0.022 0.003 0.996 0.995 0.354 0.002 0.006 0.000 0.816 0.003 0.000 0.000 0.000 0.001 0.001 0.330 0.000 0.000 0.001 0.001 0.011 0.001 0.046 0.055 0.001 0.001 0.011 0.000 0.020 0.113 0.070 0.976 0.003 0.030 0.104 0.798 0.001 0.002 0.005 0.000 0.160 0.017 0.037 0.001 0.000 0.006 0.164 0.000 0.000 0.001 0.047 0.030 0.042 0.075 0.001 
28 saw_vis 30 0.003 0.061 0.001 0.008 0.001 0.994 0.995 0.007 0.001 0.005 0.001 0.011 0.026 0.022 0.001 0.001 0.001 0.001 0.001 0.000 0.000 0.001 0.005 0.008 0.005 0.001 0.002 0.003 0.000 0.004 0.000 0.001 0.001 0.001 0.016 0.043 0.019 0.020 0.056 0.727 0.014 0.002 0.001 0.002 0.003 0.002 0.002 0.001 0.001 0.001 0.001 0.000 0.003 0.003 0.004 0.001 0.034 0.034 
29 drill_vis 30 0.003 0.062 0.001 0.007 0.001 0.994 0.995 0.006 0.001 0.007 0.001 0.010 0.036 0.019 0.001 0.000 0.001 0.001 0.001 0.000 0.000 0.000 0.005 0.007 0.006 0.001 0.002 0.002 0.000 0.003 0.000 0.001 0.001 0.001 0.012 0.070 0.019 0.039 0.097 0.897 0.030 0.002 0.001 0.003 0.002 0.001 0.001 0.001 0.001 0.001 0.001 0.000 0.003 0.003 0.004 0.000 0.053 0.074 
30 clamp_vis 30 0.002 0.001 0.001 0.017 0.001 0.994 0.244 0.927 0.001 0.195 0.001 0.001 0.001 0.000 0.001 0.001 0.001 0.001 0.003 0.001 0.001 0.000 0.055 0.001 0.006 0.001 0.003 0.002 0.000 0.001 0.000 0.001 0.002 0.001 0.023 0.001 0.039 0.001 0.135 0.039 0.061 0.383 0.001 0.019 0.007 0.042 0.001 0.001 0.001 0.001 0.001 0.001 0.001 0.002 0.014 0.029 0.001 0.004 
31 hoe_vis 30 0.001 0.001 0.001 0.006 0.001 0.996 0.005 0.987 0.005 0.003 0.000 0.001 0.001 0.000 0.001 0.001 0.001 0.001 0.002 0.004 0.000 0.001 0.021 0.000 0.006 0.001 0.068 0.001 0.000 0.001 0.000 0.001 0.001 0.012 0.390 0.001 0.001 0.001 0.002 0.001 0.002 0.090 0.001 0.022 0.164 0.983 0.001 0.001 0.001 0.060 0.001 0.008 0.001 0.003 0.003 0.013 0.001 0.001 
32 rake_vis 30 0.002 0.001 0.001 0.004 0.001 0.995 0.005 0.988 0.002 0.002 0.001 0.001 0.001 0.000 0.001 0.001 0.001 0.001 0.001 0.001 0.001 0.000 0.016 0.001 0.003 0.001 0.002 0.001 0.000 0.001 0.000 0.001 0.001 0.002 0.012 0.001 0.002 0.001 0.002 0.001 0.009 0.081 0.006 0.042 0.015 0.818 0.001 0.001 0.001 0.003 0.003 0.001 0.002 0.001 0.003 0.002 0.001 0.001 
33 shovel_vis 30 0.002 0.001 0.001 0.004 0.001 0.996 0.859 0.104 0.004 0.002 0.000 0.002 0.001 0.000 0.000 0.000 0.001 0.001 0.034 0.000 0.000 0.001 0.006 0.001 0.001 0.001 0.002 0.001 0.000 0.001 0.000 0.001 0.001 0.013 0.339 0.001 0.010 0.346 0.005 0.001 0.001 0.005 0.001 0.286 0.002 0.032 0.002 0.000 0.006 0.066 0.001 0.001 0.001 0.002 0.003 0.007 0.013 0.001 
34 spade_vis 30 0.002 0.001 0.001 0.007 0.001 0.994 0.004 0.988 0.002 0.003 0.001 0.001 0.001 0.000 0.001 0.001 0.001 0.001 0.002 0.001 0.001 0.001 0.023 0.001 0.006 0.001 0.006 0.001 0.000 0.001 0.000 0.001 0.001 0.001 0.005 0.001 0.008 0.001 0.002 0.001 0.009 0.143 0.009 0.022 0.056 0.567 0.002 0.001 0.001 0.002 0.011 0.001 0.002 0.002 0.013 0.001 0.001 0.001 
35 wrench_vis 30 0.001 0.001 0.001 0.007 0.001 0.995 0.008 0.982 0.005 0.001 0.000 0.001 0.001 0.000 0.001 0.001 0.001 0.001 0.001 0.001 0.000 0.000 0.028 0.001 0.012 0.001 0.118 0.002 0.000 0.001 0.000 0.001 0.001 0.014 0.236 0.001 0.001 0.002 0.001 0.001 0.003 0.061 0.001 0.026 0.062 0.982 0.001 0.001 0.001 0.064 0.001 0.012 0.003 0.001 0.002 0.013 0.001 0.001 
36 accordion_vis 30 0.002 0.002 0.003 0.001 0.009 0.995 0.003 0.003 0.990 0.004 0.000 0.054 0.003 0.000 0.001 0.001 0.004 0.001 0.003 0.001 0.000 0.004 0.002 0.001 0.001 0.001 0.004 0.001 0.001 0.004 0.000 0.011 0.002 0.059 0.017 0.001 0.003 0.001 0.001 0.001 0.001 0.004 0.001 0.013 0.001 0.013 0.042 0.001 0.237 0.772 0.001 0.009 0.002 0.003 0.002 0.001 0.006 0.001 
37 cello_vis 30 0.003 0.003 0.001 0.001 0.007 0.994 0.004 0.007 0.911 0.004 0.000 0.023 0.001 0.001 0.001 0.001 0.002 0.001 0.001 0.001 0.000 0.001 0.002 0.001 0.001 0.001 0.002 0.001 0.001 0.005 0.001 0.002 0.002 0.013 0.008 0.001 0.003 0.006 0.002 0.002 0.001 0.008 0.001 0.004 0.002 0.004 0.004 0.001 0.375 0.138 0.009 0.001 0.006 0.002 0.002 0.001 0.008 0.001 
38 flute_vis 30 0.003 0.002 0.001 0.002 0.001 0.995 0.044 0.019 0.935 0.002 0.000 0.081 0.003 0.000 0.000 0.001 0.001 0.001 0.002 0.000 0.000 0.001 0.001 0.005 0.001 0.001 0.067 0.002 0.000 0.003 0.000 0.028 0.001 0.019 0.054 0.002 0.002 0.003 0.001 0.001 0.001 0.001 0.001 0.034 0.002 0.068 0.016 0.001 0.266 0.210 0.001 0.001 0.001 0.002 0.004 0.001 0.001 0.001 
39 guitar_vis 30 0.002 0.002 0.002 0.001 0.005 0.995 0.006 0.004 0.978 0.004 0.000 0.066 0.003 0.000 0.001 0.001 0.002 0.001 0.002 0.001 0.000 0.003 0.002 0.001 0.001 0.001 0.008 0.001 0.001 0.003 0.000 0.011 0.001 0.042 0.028 0.001 0.003 0.001 0.001 0.001 0.001 0.004 0.001 0.010 0.001 0.017 0.009 0.001 0.157 0.784 0.001 0.003 0.002 0.003 0.002 0.001 0.006 0.001 
40 piano_vis 30 0.003 0.002 0.002 0.001 0.008 0.993 0.002 0.007 0.958 0.005 0.001 0.013 0.001 0.001 0.001 0.001 0.004 0.001 0.001 0.001 0.000 0.001 0.002 0.001 0.001 0.001 0.002 0.001 0.001 0.004 0.002 0.002 0.003 0.011 0.003 0.001 0.004 0.001 0.001 0.001 0.001 0.022 0.001 0.004 0.004 0.004 0.007 0.002 0.385 0.155 0.041 0.003 0.011 0.003 0.002 0.001 0.002 0.001 
41 trumpet_vis 30 0.003 0.002 0.002 0.001 0.009 0.993 0.002 0.013 0.966 0.003 0.000 0.022 0.001 0.003 0.001 0.001 0.004 0.001 0.001 0.001 0.000 0.001 0.003 0.002 0.001 0.001 0.002 0.002 0.001 0.004 0.003 0.003 0.005 0.015 0.004 0.001 0.005 0.001 0.001 0.001 0.001 0.027 0.002 0.008 0.006 0.005 0.015 0.003 0.119 0.300 0.095 0.005 0.012 0.002 0.001 0.001 0.002 0.001 
42 fork_vis 30 0.006 0.009 0.001 0.004 0.002 0.994 0.992 0.004 0.003 0.013 0.000 0.143 0.002 0.067 0.001 0.001 0.001 0.001 0.001 0.000 0.001 0.001 0.003 0.057 0.003 0.001 0.015 0.304 0.001 0.063 0.001 0.001 0.003 0.016 0.936 0.001 0.007 0.022 0.023 0.002 0.001 0.003 0.000 0.005 0.002 0.083 0.001 0.001 0.002 0.006 0.001 0.000 0.076 0.005 0.002 0.001 0.012 0.002 
43 spoon_vis 30 0.002 0.007 0.018 0.001 0.011 0.996 0.012 0.002 0.138 0.994 0.002 0.002 0.003 0.000 0.001 0.057 0.040 0.002 0.553 0.120 0.000 0.001 0.049 0.000 0.001 0.001 0.178 0.001 0.001 0.009 0.000 0.046 0.001 0.541 0.793 0.001 0.002 0.103 0.004 0.001 0.001 0.009 0.000 0.001 0.003 0.330 0.001 0.001 0.004 0.541 0.001 0.010 0.007 0.854 0.387 0.861 0.282 0.017 
44 tongs_vis 30 0.006 0.015 0.001 0.005 0.001 0.994 0.994 0.006 0.001 0.010 0.000 0.153 0.002 0.040 0.001 0.001 0.001 0.001 0.002 0.000 0.000 0.001 0.003 0.042 0.002 0.001 0.006 0.153 0.001 0.030 0.000 0.001 0.003 0.026 0.993 0.001 0.121 0.018 0.063 0.002 0.001 0.002 0.000 0.009 0.003 0.061 0.001 0.001 0.002 0.005 0.001 0.000 0.013 0.005 0.005 0.001 0.047 0.001 
45 ladle_vis 30 0.002 0.002 0.001 0.013 0.002 0.996 0.021 0.832 0.001 0.097 0.001 0.001 0.001 0.000 0.001 0.002 0.001 0.001 0.007 0.011 0.000 0.001 0.040 0.000 0.007 0.001 0.411 0.001 0.001 0.003 0.000 0.001 0.001 0.036 0.262 0.001 0.001 0.008 0.004 0.001 0.005 0.081 0.000 0.007 0.291 0.946 0.001 0.001 0.001 0.066 0.001 0.006 0.003 0.014 0.018 0.243 0.002 0.002 
46 knife_vis 30 0.002 0.005 0.004 0.001 0.007 0.996 0.010 0.002 0.007 0.994 0.006 0.001 0.001 0.000 0.002 0.199 0.008 0.003 0.055 0.193 0.001 0.001 0.039 0.000 0.001 0.001 0.447 0.001 0.001 0.007 0.000 0.034 0.001 0.383 0.167 0.001 0.001 0.109 0.005 0.001 0.002 0.007 0.000 0.001 0.005 0.366 0.001 0.001 0.001 0.231 0.001 0.043 0.006 0.629 0.078 0.966 0.016 0.050 
47 chopsticks_vis 30 0.002 0.002 0.001 0.013 0.002 0.995 0.977 0.006 0.001 0.027 0.001 0.004 0.001 0.000 0.004 0.001 0.001 0.001 0.001 0.000 0.003 0.004 0.080 0.001 0.029 0.001 0.040 0.003 0.005 0.011 0.000 0.001 0.001 0.021 0.062 0.002 0.001 0.766 0.043 0.002 0.061 0.003 0.000 0.004 0.002 0.062 0.001 0.001 0.001 0.024 0.001 0.003 0.029 0.004 0.002 0.873 0.012 0.003 
