0 beaver_vis 30 0.994 0.065 0.001 0.962 0.008 0.004 0.001 0.001 0.001 0.001 0.000 0.001 0.000 0.065 0.002 0.019 0.000 0.001 0.000 0.000 0.000 0.000 0.061 0.007 0.026 0.000 0.001 0.862 0.001 0.042 0.010 0.000 0.000 0.001 0.000 0.001 0.000 0.001 0.001 0.004 0.000 0.001 0.001 0.039 0.000 0.003 0.000 0.000 0.004 0.005 0.001 0.000 0.000 0.001 0.005 0.001 0.003 0.000 
1 bear_vis 30 0.994 0.947 0.002 0.723 0.000 0.003 0.000 0.002 0.001 0.001 0.000 0.892 0.006 0.004 0.007 0.005 0.000 0.002 0.001 0.000 0.000 0.001 0.002 0.298 0.001 0.001 0.001 0.039 0.000 0.000 0.001 0.000 0.000 0.000 0.000 0.000 0.000 0.001 0.000 0.001 0.000 0.110 0.000 0.000 0.000 0.001 0.000 0.000 0.001 0.016 0.000 0.000 0.000 0.001 0.000 0.001 0.000 0.000 
2 sheep_vis 30 0.117 0.000 0.001 0.039 0.007 0.980 0.208 0.052 0.003 0.001 0.000 0.000 0.000 0.000 0.023 0.000 0.000 0.000 0.000 0.001 0.000 0.000 0.000 0.007 0.002 0.001 0.178 0.154 0.013 0.002 0.058 0.003 0.000 0.000 0.005 0.947 0.005 0.149 0.004 0.048 0.010 0.002 0.121 0.007 0.056 0.029 0.000 0.000 0.011 0.000 0.003 0.011 0.000 0.000 0.003 0.000 0.005 0.001 
3 buffalo_vis 30 0.993 0.443 0.002 0.750 0.000 0.019 0.001 0.062 0.001 0.001 0.000 0.011 0.000 0.086 0.008 0.397 0.000 0.002 0.000 0.002 0.000 0.004 0.017 0.090 0.029 0.000 0.001 0.927 0.001 0.015 0.001 0.000 0.000 0.000 0.000 0.000 0.001 0.005 0.002 0.018 0.000 0.283 0.000 0.574 0.000 0.002 0.000 0.000 0.122 0.223 0.000 0.000 0.000 0.001 0.001 0.141 0.012 0.000 
4 poodle_vis 30 0.994 0.203 0.000 0.868 0.003 0.003 0.001 0.010 0.001 0.001 0.000 0.001 0.001 0.001 0.028 0.015 0.000 0.001 0.000 0.000 0.000 0.000 0.001 0.123 0.001 0.001 0.066 0.961 0.002 0.001 0.019 0.000 0.000 0.000 0.000 0.001 0.000 0.022 0.001 0.001 0.000 0.065 0.001 0.062 0.000 0.001 0.000 0.000 0.003 0.107 0.001 0.001 0.000 0.000 0.000 0.000 0.001 0.000 
5 giraffe_vis 30 0.993 0.955 0.002 0.208 0.000 0.007 0.001 0.003 0.001 0.001 0.000 0.046 0.000 0.395 0.015 0.248 0.000 0.002 0.000 0.000 0.000 0.004 0.002 0.070 0.003 0.001 0.000 0.427 0.000 0.002 0.001 0.000 0.000 0.000 0.000 0.000 0.000 0.001 0.001 0.010 0.000 0.020 0.000 0.059 0.000 0.001 0.000 0.000 0.008 0.030 0.000 0.000 0.000 0.001 0.001 0.006 0.006 0.000 
6 robin_vis 30 0.994 0.001 0.992 0.002 0.001 0.003 0.012 0.001 0.001 0.001 0.000 0.002 0.000 0.089 0.000 0.000 0.002 0.097 0.002 0.918 0.016 0.002 0.000 0.001 0.091 0.000 0.000 0.000 0.004 0.000 0.000 0.001 0.000 0.000 0.001 0.000 0.028 0.000 0.044 0.030 0.000 0.000 0.000 0.000 0.000 0.000 0.054 0.000 0.001 0.000 0.001 0.000 0.000 0.001 0.001 0.000 0.000 0.000 
7 swan_vis 30 0.994 0.337 0.503 0.010 0.000 0.003 0.006 0.001 0.001 0.001 0.000 0.004 0.000 0.661 0.004 0.008 0.001 0.037 0.002 0.249 0.004 0.004 0.000 0.015 0.025 0.000 0.000 0.001 0.002 0.004 0.000 0.000 0.000 0.000 0.001 0.000 0.006 0.000 0.028 0.048 0.000 0.000 0.000 0.002 0.000 0.000 0.015 0.000 0.001 0.000 0.001 0.000 0.000 0.002 0.002 0.000 0.002 0.000 
8 woodpecker_vis 30 0.994 0.001 0.993 0.001 0.000 0.003 0.003 0.001 0.001 0.001 0.000 0.004 0.001 0.014 0.000 0.002 0.004 0.119 0.025 0.894 0.008 0.007 0.001 0.000 0.067 0.001 0.000 0.000 0.001 0.000 0.000 0.002 0.000 0.000 0.001 0.000 0.008 0.000 0.008 0.027 0.000 0.000 0.000 0.000 0.000 0.000 0.075 0.001 0.000 0.000 0.001 0.000 0.000 0.001 0.001 0.000 0.000 0.000 
9 peacock_vis 30 0.995 0.004 0.993 0.037 0.000 0.003 0.050 0.001 0.001 0.001 0.000 0.017 0.000 0.751 0.000 0.001 0.001 0.964 0.002 0.936 0.341 0.002 0.001 0.008 0.397 0.001 0.000 0.000 0.099 0.000 0.000 0.001 0.000 0.000 0.000 0.000 0.458 0.000 0.819 0.002 0.000 0.000 0.000 0.000 0.000 0.000 0.181 0.001 0.001 0.000 0.001 0.000 0.000 0.003 0.001 0.000 0.000 0.000 
10 crow_vis 30 0.991 0.007 0.990 0.129 0.000 0.003 0.006 0.001 0.001 0.001 0.000 0.019 0.000 0.460 0.000 0.000 0.001 0.487 0.002 0.423 0.048 0.000 0.000 0.415 0.018 0.001 0.000 0.000 0.004 0.000 0.000 0.000 0.000 0.000 0.001 0.000 0.001 0.000 0.623 0.001 0.000 0.000 0.000 0.000 0.000 0.000 0.011 0.000 0.001 0.000 0.001 0.000 0.000 0.001 0.000 0.000 0.000 0.000 
11 eagle_vis 30 0.994 0.036 0.983 0.001 0.001 0.003 0.004 0.001 0.001 0.001 0.001 0.002 0.001 0.001 0.000 0.042 0.013 0.073 0.040 0.043 0.002 0.647 0.001 0.000 0.002 0.000 0.000 0.000 0.001 0.002 0.000 0.001 0.000 0.001 0.001 0.000 0.001 0.000 0.004 0.001 0.000 0.000 0.000 0.000 0.000 0.000 0.011 0.001 0.000 0.000 0.001 0.000 0.008 0.018 0.010 0.001 0.000 0.000 
12 tuna_vis 30 0.995 0.176 0.000 0.666 0.007 0.003 0.001 0.002 0.001 0.001 0.000 0.001 0.001 0.001 0.029 0.002 0.000 0.001 0.000 0.000 0.000 0.000 0.016 0.010 0.001 0.007 0.059 0.864 0.000 0.008 0.029 0.000 0.002 0.002 0.000 0.001 0.000 0.002 0.000 0.001 0.000 0.003 0.002 0.046 0.000 0.001 0.000 0.000 0.001 0.006 0.000 0.001 0.000 0.000 0.001 0.000 0.001 0.000 
13 goldfish_vis 30 0.995 0.187 0.000 0.981 0.001 0.003 0.001 0.224 0.001 0.001 0.000 0.003 0.000 0.002 0.002 0.150 0.000 0.001 0.000 0.000 0.000 0.000 0.003 0.640 0.001 0.002 0.006 0.973 0.000 0.001 0.002 0.000 0.000 0.000 0.000 0.001 0.000 0.004 0.000 0.001 0.000 0.285 0.001 0.084 0.000 0.001 0.000 0.000 0.007 0.367 0.000 0.000 0.000 0.000 0.000 0.001 0.001 0.000 
14 salmon_vis 30 0.995 0.010 0.000 0.884 0.018 0.003 0.001 0.006 0.001 0.001 0.000 0.000 0.000 0.018 0.042 0.029 0.000 0.001 0.000 0.014 0.000 0.000 0.006 0.049 0.470 0.001 0.118 0.791 0.002 0.115 0.009 0.002 0.000 0.000 0.000 0.001 0.001 0.018 0.001 0.039 0.000 0.005 0.000 0.788 0.000 0.001 0.001 0.000 0.226 0.008 0.001 0.000 0.000 0.000 0.001 0.006 0.004 0.000 
15 sardine_vis 30 0.994 0.003 0.000 0.003 0.108 0.004 0.001 0.003 0.001 0.001 0.000 0.000 0.001 0.000 0.016 0.000 0.001 0.001 0.000 0.000 0.000 0.000 0.001 0.000 0.000 0.003 0.017 0.385 0.001 0.084 0.035 0.000 0.001 0.010 0.000 0.001 0.000 0.061 0.000 0.001 0.001 0.008 0.007 0.019 0.000 0.001 0.000 0.000 0.000 0.007 0.001 0.004 0.003 0.000 0.001 0.002 0.004 0.001 
16 catfish_vis 30 0.995 0.291 0.000 0.582 0.046 0.003 0.001 0.001 0.001 0.001 0.001 0.000 0.001 0.001 0.184 0.001 0.000 0.001 0.000 0.000 0.000 0.000 0.001 0.002 0.001 0.001 0.201 0.942 0.001 0.018 0.310 0.000 0.001 0.001 0.000 0.001 0.000 0.014 0.001 0.002 0.000 0.002 0.001 0.071 0.000 0.001 0.000 0.000 0.001 0.004 0.001 0.001 0.000 0.000 0.000 0.000 0.003 0.000 
17 cod_vis 30 0.994 0.330 0.000 0.184 0.011 0.003 0.001 0.003 0.001 0.001 0.000 0.000 0.001 0.000 0.422 0.001 0.000 0.001 0.000 0.000 0.000 0.000 0.001 0.005 0.000 0.001 0.590 0.976 0.002 0.008 0.110 0.000 0.000 0.001 0.000 0.001 0.000 0.184 0.001 0.003 0.000 0.083 0.001 0.483 0.000 0.001 0.000 0.000 0.003 0.030 0.001 0.001 0.000 0.000 0.000 0.001 0.004 0.000 
18 turtle_vis 30 0.995 0.136 0.000 0.192 0.309 0.003 0.001 0.001 0.001 0.001 0.001 0.000 0.001 0.001 0.178 0.000 0.000 0.001 0.000 0.000 0.000 0.000 0.002 0.000 0.001 0.001 0.167 0.807 0.002 0.136 0.344 0.000 0.001 0.001 0.000 0.001 0.000 0.005 0.001 0.005 0.000 0.001 0.001 0.029 0.000 0.001 0.000 0.000 0.001 0.001 0.001 0.001 0.001 0.000 0.001 0.000 0.004 0.000 
19 rattlesnake_vis 30 0.983 0.022 0.000 0.007 0.502 0.004 0.001 0.041 0.002 0.003 0.007 0.000 0.001 0.000 0.003 0.001 0.001 0.000 0.000 0.000 0.000 0.000 0.007 0.000 0.000 0.002 0.014 0.452 0.001 0.755 0.134 0.001 0.001 0.015 0.001 0.001 0.000 0.013 0.000 0.000 0.159 0.026 0.011 0.004 0.001 0.006 0.000 0.001 0.000 0.028 0.001 0.041 0.020 0.000 0.002 0.017 0.001 0.002 
20 crab_vis 30 0.995 0.199 0.000 0.537 0.024 0.003 0.001 0.001 0.001 0.001 0.000 0.000 0.002 0.000 0.220 0.000 0.000 0.001 0.000 0.000 0.000 0.000 0.001 0.004 0.001 0.001 0.344 0.873 0.001 0.012 0.155 0.000 0.000 0.001 0.000 0.001 0.000 0.003 0.001 0.002 0.000 0.002 0.001 0.010 0.000 0.001 0.000 0.000 0.001 0.002 0.001 0.001 0.000 0.000 0.000 0.000 0.001 0.000 
21 frog_vis 30 0.987 0.001 0.000 0.002 0.969 0.003 0.002 0.021 0.006 0.002 0.006 0.000 0.001 0.000 0.000 0.001 0.036 0.001 0.000 0.000 0.000 0.001 0.003 0.000 0.000 0.005 0.001 0.002 0.001 0.945 0.015 0.029 0.001 0.045 0.002 0.002 0.000 0.001 0.001 0.000 0.133 0.004 0.010 0.002 0.001 0.002 0.000 0.010 0.000 0.004 0.003 0.026 0.134 0.000 0.003 0.016 0.001 0.001 
22 gecko_vis 30 0.993 0.073 0.000 0.039 0.279 0.003 0.001 0.014 0.002 0.001 0.004 0.000 0.001 0.000 0.030 0.001 0.000 0.001 0.000 0.000 0.000 0.000 0.006 0.000 0.000 0.002 0.052 0.608 0.001 0.329 0.177 0.001 0.002 0.011 0.001 0.001 0.000 0.007 0.000 0.001 0.040 0.007 0.010 0.005 0.001 0.002 0.000 0.001 0.000 0.006 0.001 0.011 0.002 0.000 0.002 0.005 0.002 0.001 
23 crocodile_vis 30 0.994 0.096 0.000 0.061 0.393 0.003 0.001 0.009 0.002 0.001 0.005 0.000 0.001 0.000 0.047 0.001 0.000 0.000 0.000 0.000 0.000 0.000 0.011 0.000 0.001 0.002 0.073 0.731 0.001 0.442 0.257 0.001 0.004 0.013 0.001 0.001 0.000 0.006 0.000 0.001 0.061 0.007 0.007 0.021 0.001 0.003 0.000 0.001 0.000 0.005 0.001 0.010 0.002 0.000 0.003 0.007 0.002 0.001 
24 axe_vis 30 0.003 0.000 0.088 0.001 0.001 0.997 0.968 0.042 0.009 0.001 0.000 0.000 0.000 0.001 0.075 0.000 0.040 0.000 0.000 0.040 0.061 0.002 0.000 0.041 0.001 0.000 0.012 0.001 0.006 0.001 0.000 0.001 0.000 0.000 0.963 0.002 0.010 0.046 0.011 0.004 0.000 0.071 0.001 0.016 0.000 0.001 0.000 0.000 0.056 0.006 0.042 0.000 0.003 0.000 0.000 0.000 0.036 0.000 
25 hammer_vis 30 0.004 0.000 0.000 0.021 0.002 0.997 0.983 0.135 0.012 0.001 0.000 0.000 0.000 0.000 0.007 0.000 0.000 0.000 0.000 0.001 0.001 0.000 0.000 0.037 0.002 0.001 0.094 0.003 0.033 0.001 0.001 0.001 0.000 0.000 0.002 0.988 0.015 0.014 0.026 0.014 0.002 0.000 0.202 0.008 0.003 0.013 0.000 0.000 0.022 0.000 0.011 0.001 0.000 0.000 0.004 0.000 0.005 0.001 
26 screwdriver_vis 30 0.002 0.000 0.001 0.001 0.001 0.997 0.994 0.001 0.003 0.004 0.000 0.000 0.000 0.001 0.006 0.000 0.000 0.000 0.000 0.036 0.009 0.000 0.000 0.000 0.006 0.000 0.001 0.000 0.003 0.000 0.000 0.001 0.000 0.000 0.008 0.015 0.955 0.041 0.003 0.049 0.086 0.001 0.000 0.004 0.004 0.001 0.000 0.000 0.005 0.000 0.001 0.000 0.001 0.000 0.078 0.000 0.010 0.000 
27 chisel_vis 30 0.003 0.000 0.000 0.003 0.001 0.997 0.991 0.006 0.011 0.001 0.000 0.000 0.000 0.001 0.008 0.000 0.000 0.000 0.000 0.001 0.002 0.000 0.000 0.004 0.003 0.000 0.028 0.002 0.019 0.000 0.001 0.001 0.000 0.000 0.004 0.235 0.209 0.710 0.012 0.004 0.027 0.003 0.001 0.008 0.038 0.028 0.000 0.000 0.012 0.000 0.001 0.008 0.000 0.000 0.004 0.000 0.011 0.001 
28 saw_vis 30 0.003 0.000 0.001 0.001 0.001 0.997 0.994 0.001 0.001 0.002 0.000 0.000 0.000 0.001 0.010 0.000 0.001 0.000 0.000 0.007 0.007 0.000 0.000 0.005 0.001 0.000 0.003 0.000 0.002 0.001 0.000 0.001 0.000 0.000 0.004 0.021 0.013 0.003 0.160 0.831 0.001 0.001 0.001 0.002 0.033 0.000 0.000 0.000 0.002 0.000 0.004 0.000 0.000 0.000 0.003 0.000 0.004 0.000 
29 drill_vis 30 0.003 0.000 0.001 0.001 0.001 0.997 0.994 0.002 0.001 0.003 0.000 0.000 0.000 0.000 0.003 0.000 0.002 0.000 0.000 0.032 0.003 0.000 0.000 0.000 0.001 0.000 0.001 0.000 0.001 0.002 0.000 0.002 0.000 0.000 0.020 0.108 0.079 0.001 0.006 0.986 0.011 0.001 0.008 0.014 0.012 0.000 0.000 0.000 0.005 0.000 0.029 0.000 0.000 0.000 0.022 0.000 0.003 0.000 
30 clamp_vis 30 0.002 0.000 0.000 0.001 0.001 0.997 0.005 0.994 0.039 0.001 0.000 0.000 0.000 0.000 0.000 0.000 0.000 0.000 0.000 0.000 0.000 0.000 0.001 0.000 0.001 0.004 0.000 0.000 0.000 0.014 0.000 0.041 0.000 0.000 0.001 0.002 0.000 0.001 0.000 0.001 0.980 0.006 0.037 0.054 0.013 0.015 0.000 0.000 0.001 0.000 0.000 0.048 0.000 0.000 0.002 0.001 0.000 0.001 
31 hoe_vis 30 0.002 0.001 0.000 0.001 0.001 0.997 0.001 0.994 0.001 0.002 0.000 0.000 0.000 0.000 0.000 0.004 0.000 0.000 0.000 0.000 0.000 0.000 0.001 0.000 0.000 0.001 0.000 0.001 0.000 0.000 0.000 0.000 0.000 0.001 0.001 0.000 0.000 0.004 0.000 0.000 0.137 0.836 0.004 0.002 0.013 0.210 0.000 0.000 0.000 0.003 0.000 0.002 0.000 0.000 0.020 0.004 0.000 0.001 
32 rake_vis 30 0.002 0.000 0.000 0.005 0.001 0.997 0.066 0.994 0.020 0.001 0.000 0.001 0.000 0.000 0.000 0.001 0.000 0.000 0.025 0.001 0.000 0.000 0.001 0.005 0.000 0.019 0.000 0.000 0.000 0.001 0.000 0.006 0.000 0.001 0.001 0.003 0.000 0.001 0.049 0.003 0.017 0.005 0.527 0.001 0.327 0.003 0.005 0.000 0.000 0.000 0.000 0.001 0.000 0.000 0.101 0.001 0.000 0.001 
33 shovel_vis 30 0.002 0.000 0.000 0.002 0.001 0.997 0.038 0.991 0.002 0.001 0.000 0.000 0.000 0.000 0.000 0.000 0.000 0.000 0.000 0.000 0.000 0.000 0.001 0.001 0.001 0.000 0.009 0.009 0.000 0.022 0.000 0.001 0.000 0.000 0.017 0.105 0.000 0.006 0.000 0.099 0.068 0.002 0.051 0.982 0.000 0.004 0.000 0.000 0.067 0.000 0.002 0.001 0.000 0.000 0.001 0.001 0.004 0.001 
34 spade_vis 30 0.002 0.000 0.000 0.006 0.001 0.996 0.009 0.984 0.052 0.001 0.000 0.001 0.000 0.000 0.000 0.000 0.000 0.000 0.034 0.001 0.000 0.000 0.001 0.001 0.001 0.013 0.000 0.000 0.000 0.000 0.000 0.013 0.000 0.000 0.001 0.001 0.000 0.000 0.001 0.001 0.014 0.017 0.021 0.000 0.967 0.001 0.000 0.001 0.000 0.000 0.000 0.001 0.000 0.000 0.072 0.000 0.000 0.000 
35 wrench_vis 30 0.002 0.000 0.000 0.003 0.001 0.997 0.001 0.995 0.004 0.002 0.000 0.000 0.000 0.000 0.000 0.010 0.000 0.001 0.000 0.000 0.000 0.000 0.002 0.000 0.000 0.002 0.000 0.005 0.000 0.001 0.001 0.000 0.000 0.001 0.001 0.001 0.000 0.004 0.000 0.000 0.521 0.252 0.020 0.062 0.012 0.389 0.000 0.000 0.001 0.003 0.000 0.004 0.000 0.000 0.005 0.004 0.000 0.001 
36 accordion_vis 30 0.003 0.000 0.001 0.043 0.001 0.996 0.018 0.021 0.983 0.001 0.000 0.001 0.000 0.032 0.000 0.000 0.000 0.001 0.000 0.007 0.000 0.000 0.001 0.160 0.013 0.001 0.000 0.002 0.000 0.001 0.000 0.000 0.000 0.000 0.005 0.156 0.001 0.002 0.004 0.000 0.000 0.000 0.008 0.006 0.002 0.001 0.161 0.001 0.981 0.012 0.004 0.001 0.000 0.001 0.000 0.001 0.022 0.001 
37 cello_vis 30 0.005 0.001 0.000 0.002 0.004 0.995 0.002 0.001 0.994 0.007 0.000 0.000 0.001 0.000 0.000 0.000 0.002 0.001 0.000 0.000 0.001 0.000 0.001 0.000 0.001 0.012 0.002 0.000 0.001 0.001 0.001 0.003 0.013 0.001 0.001 0.004 0.001 0.003 0.001 0.000 0.018 0.000 0.004 0.001 0.004 0.003 0.001 0.556 0.002 0.002 0.052 0.739 0.000 0.000 0.000 0.001 0.002 0.108 
38 flute_vis 30 0.003 0.000 0.000 0.005 0.001 0.997 0.245 0.807 0.010 0.001 0.000 0.000 0.000 0.001 0.002 0.000 0.000 0.000 0.000 0.000 0.000 0.000 0.000 0.011 0.001 0.000 0.021 0.018 0.001 0.002 0.001 0.001 0.000 0.000 0.002 0.472 0.003 0.063 0.001 0.003 0.030 0.001 0.007 0.693 0.000 0.089 0.000 0.000 0.037 0.000 0.002 0.005 0.000 0.000 0.001 0.000 0.020 0.001 
39 guitar_vis 30 0.003 0.003 0.003 0.003 0.001 0.996 0.001 0.019 0.992 0.003 0.000 0.014 0.000 0.004 0.000 0.029 0.000 0.021 0.005 0.000 0.000 0.000 0.002 0.005 0.001 0.005 0.000 0.002 0.000 0.001 0.001 0.000 0.000 0.000 0.002 0.001 0.000 0.001 0.001 0.000 0.000 0.002 0.001 0.001 0.001 0.032 0.010 0.002 0.011 0.966 0.001 0.005 0.001 0.018 0.000 0.005 0.004 0.001 
40 piano_vis 30 0.005 0.001 0.033 0.001 0.002 0.995 0.037 0.001 0.993 0.007 0.001 0.000 0.001 0.002 0.001 0.000 0.018 0.003 0.000 0.001 0.085 0.000 0.001 0.000 0.001 0.001 0.001 0.000 0.002 0.001 0.001 0.002 0.002 0.001 0.009 0.005 0.063 0.000 0.001 0.000 0.006 0.000 0.001 0.000 0.001 0.001 0.040 0.222 0.008 0.002 0.930 0.004 0.002 0.001 0.000 0.000 0.029 0.022 
41 trumpet_vis 30 0.004 0.000 0.000 0.002 0.004 0.996 0.002 0.984 0.088 0.001 0.000 0.000 0.000 0.000 0.000 0.000 0.001 0.001 0.000 0.000 0.000 0.000 0.001 0.000 0.001 0.006 0.001 0.001 0.000 0.012 0.001 0.017 0.001 0.001 0.001 0.011 0.000 0.003 0.000 0.000 0.857 0.001 0.047 0.046 0.003 0.046 0.000 0.002 0.001 0.001 0.001 0.065 0.000 0.000 0.001 0.001 0.001 0.005 
42 fork_vis 30 0.009 0.000 0.217 0.001 0.001 0.138 0.055 0.658 0.006 0.002 0.000 0.007 0.000 0.000 0.000 0.004 0.007 0.001 0.847 0.086 0.000 0.320 0.001 0.051 0.000 0.024 0.000 0.000 0.000 0.033 0.000 0.064 0.000 0.001 0.402 0.000 0.000 0.000 0.796 0.042 0.000 0.188 0.070 0.000 0.780 0.001 0.178 0.001 0.000 0.002 0.001 0.001 0.007 0.015 0.003 0.001 0.000 0.001 
43 spoon_vis 30 0.003 0.005 0.001 0.001 0.001 0.997 0.002 0.001 0.031 0.991 0.000 0.002 0.000 0.026 0.000 0.009 0.000 0.002 0.001 0.000 0.000 0.002 0.006 0.000 0.000 0.000 0.000 0.000 0.000 0.007 0.001 0.000 0.000 0.001 0.002 0.000 0.001 0.001 0.001 0.000 0.000 0.001 0.001 0.000 0.003 0.001 0.046 0.190 0.001 0.022 0.001 0.000 0.011 0.808 0.017 0.048 0.097 0.010 
44 tongs_vis 30 0.003 0.001 0.000 0.001 0.001 0.997 0.004 0.173 0.001 0.742 0.000 0.025 0.001 0.000 0.000 0.000 0.000 0.000 0.020 0.000 0.000 0.015 0.002 0.000 0.000 0.000 0.000 0.000 0.000 0.001 0.000 0.000 0.000 0.003 0.001 0.001 0.000 0.001 0.002 0.005 0.004 0.033 0.083 0.001 0.118 0.002 0.000 0.000 0.000 0.000 0.000 0.001 0.004 0.000 0.824 0.001 0.000 0.003 
45 ladle_vis 30 0.003 0.001 0.000 0.001 0.001 0.997 0.001 0.983 0.001 0.110 0.000 0.000 0.000 0.000 0.000 0.014 0.000 0.001 0.000 0.000 0.000 0.000 0.002 0.000 0.000 0.000 0.000 0.008 0.000 0.006 0.001 0.000 0.000 0.001 0.002 0.000 0.000 0.009 0.000 0.000 0.294 0.121 0.021 0.088 0.004 0.355 0.000 0.000 0.000 0.028 0.000 0.005 0.001 0.000 0.034 0.057 0.001 0.002 
46 knife_vis 30 0.002 0.008 0.000 0.001 0.001 0.997 0.001 0.001 0.002 0.984 0.000 0.000 0.000 0.003 0.000 0.013 0.000 0.001 0.000 0.000 0.000 0.000 0.001 0.000 0.000 0.000 0.000 0.002 0.000 0.001 0.001 0.000 0.000 0.001 0.003 0.000 0.002 0.002 0.000 0.001 0.002 0.001 0.001 0.014 0.000 0.002 0.000 0.001 0.007 0.007 0.001 0.000 0.000 0.010 0.003 0.846 0.214 0.004 
47 chopsticks_vis 30 0.004 0.004 0.000 0.001 0.006 0.996 0.066 0.006 0.001 0.992 0.000 0.001 0.032 0.000 0.000 0.000 0.002 0.001 0.000 0.000 0.001 0.027 0.002 0.000 0.000 0.000 0.000 0.001 0.000 0.002 0.002 0.000 0.000 0.054 0.011 0.001 0.002 0.003 0.001 0.028 0.009 0.005 0.036 0.001 0.001 0.002 0.000 0.001 0.000 0.000 0.001 0.001 0.171 0.001 0.929 0.006 0.002 0.303 
