0 beaver_vis 30 0.050 0.002 0.001 0.001 0.002 0.882 0.134 0.551 0.001 0.001 0.001 0.000 0.001 0.001 0.000 0.000 0.001 0.001 0.001 0.001 0.000 0.000 0.001 0.010 0.001 0.000 0.006 0.000 0.001 0.047 0.001 0.001 0.001 0.000 0.002 0.054 0.006 0.122 0.001 0.001 0.050 0.002 0.001 0.636 0.002 0.001 0.001 0.001 0.001 0.001 0.001 0.005 0.003 0.001 0.001 0.001 0.001 0.001 
1 bear_vis 30 0.059 0.001 0.001 0.001 0.007 0.913 0.001 0.931 0.001 0.001 0.001 0.000 0.000 0.001 0.000 0.001 0.000 0.001 0.001 0.001 0.000 0.000 0.000 0.001 0.001 0.000 0.003 0.000 0.003 0.040 0.001 0.001 0.001 0.000 0.001 0.016 0.001 0.016 0.001 0.001 0.016 0.020 0.002 0.175 0.003 0.032 0.001 0.001 0.001 0.001 0.001 0.012 0.002 0.001 0.001 0.006 0.001 0.001 
2 sheep_vis 30 0.100 0.011 0.001 0.001 0.001 0.425 0.412 0.001 0.003 0.001 0.003 0.001 0.018 0.001 0.001 0.000 0.001 0.001 0.007 0.001 0.000 0.002 0.002 0.001 0.003 0.001 0.001 0.002 0.000 0.001 0.001 0.000 0.001 0.000 0.006 0.050 0.032 0.001 0.005 0.023 0.001 0.001 0.001 0.001 0.014 0.001 0.001 0.000 0.001 0.001 0.022 0.001 0.015 0.002 0.001 0.001 0.001 0.001 
3 buffalo_vis 30 0.994 0.002 0.001 0.002 0.961 0.001 0.001 0.024 0.001 0.001 0.001 0.000 0.000 0.011 0.000 0.004 0.000 0.001 0.001 0.001 0.004 0.000 0.000 0.013 0.001 0.000 0.005 0.001 0.082 0.731 0.127 0.001 0.004 0.002 0.001 0.003 0.001 0.006 0.001 0.001 0.002 0.003 0.002 0.017 0.001 0.005 0.001 0.001 0.001 0.001 0.000 0.001 0.001 0.001 0.001 0.002 0.001 0.000 
4 poodle_vis 30 0.083 0.013 0.001 0.001 0.001 0.679 0.598 0.001 0.003 0.001 0.004 0.000 0.021 0.001 0.001 0.000 0.001 0.001 0.007 0.000 0.000 0.001 0.001 0.000 0.001 0.000 0.001 0.001 0.000 0.001 0.001 0.000 0.001 0.000 0.003 0.038 0.107 0.001 0.003 0.029 0.001 0.001 0.001 0.001 0.009 0.001 0.001 0.000 0.001 0.001 0.018 0.001 0.013 0.002 0.001 0.001 0.002 0.001 
5 giraffe_vis 30 0.059 0.001 0.001 0.001 0.012 0.935 0.002 0.945 0.001 0.001 0.001 0.000 0.000 0.001 0.000 0.001 0.000 0.001 0.001 0.000 0.000 0.000 0.000 0.002 0.001 0.000 0.009 0.000 0.005 0.090 0.001 0.001 0.001 0.000 0.001 0.020 0.001 0.010 0.001 0.001 0.015 0.068 0.002 0.148 0.002 0.071 0.001 0.001 0.001 0.002 0.001 0.011 0.001 0.001 0.001 0.015 0.001 0.000 
6 robin_vis 30 0.054 0.023 0.001 0.001 0.001 0.952 0.931 0.002 0.006 0.001 0.003 0.000 0.031 0.001 0.002 0.000 0.001 0.001 0.004 0.001 0.000 0.001 0.001 0.001 0.002 0.000 0.001 0.000 0.000 0.006 0.000 0.000 0.001 0.000 0.013 0.041 0.846 0.010 0.001 0.007 0.001 0.001 0.001 0.022 0.002 0.001 0.001 0.000 0.005 0.001 0.005 0.001 0.002 0.001 0.001 0.001 0.005 0.000 
7 swan_vis 30 0.036 0.002 0.001 0.001 0.001 0.894 0.869 0.002 0.001 0.001 0.001 0.000 0.001 0.001 0.000 0.001 0.001 0.001 0.001 0.001 0.000 0.000 0.001 0.001 0.002 0.000 0.001 0.000 0.001 0.010 0.001 0.001 0.001 0.000 0.003 0.030 0.100 0.379 0.002 0.002 0.002 0.001 0.001 0.015 0.002 0.001 0.001 0.000 0.002 0.002 0.003 0.001 0.003 0.001 0.001 0.001 0.006 0.001 
8 woodpecker_vis 30 0.029 0.015 0.001 0.001 0.001 0.957 0.941 0.002 0.005 0.001 0.003 0.000 0.020 0.001 0.002 0.000 0.001 0.001 0.005 0.001 0.000 0.000 0.001 0.001 0.001 0.000 0.001 0.001 0.000 0.004 0.001 0.000 0.001 0.000 0.008 0.026 0.330 0.016 0.004 0.067 0.002 0.001 0.001 0.002 0.002 0.001 0.001 0.000 0.002 0.001 0.007 0.001 0.004 0.001 0.001 0.001 0.006 0.001 
9 peacock_vis 30 0.039 0.079 0.001 0.001 0.001 0.959 0.860 0.001 0.010 0.001 0.040 0.001 0.126 0.001 0.018 0.000 0.001 0.001 0.034 0.000 0.000 0.001 0.002 0.001 0.001 0.001 0.001 0.001 0.000 0.001 0.001 0.000 0.001 0.000 0.003 0.018 0.075 0.001 0.012 0.514 0.002 0.001 0.000 0.001 0.027 0.001 0.001 0.000 0.001 0.001 0.022 0.001 0.010 0.007 0.001 0.001 0.002 0.000 
10 crow_vis 30 0.121 0.003 0.001 0.001 0.003 0.009 0.016 0.002 0.001 0.006 0.001 0.001 0.003 0.004 0.000 0.001 0.000 0.001 0.002 0.001 0.000 0.015 0.002 0.001 0.001 0.000 0.001 0.003 0.001 0.001 0.004 0.000 0.008 0.001 0.002 0.032 0.008 0.001 0.003 0.002 0.001 0.001 0.001 0.001 0.048 0.001 0.002 0.001 0.001 0.001 0.073 0.001 0.069 0.002 0.002 0.001 0.001 0.001 
11 eagle_vis 30 0.055 0.071 0.001 0.001 0.001 0.979 0.939 0.001 0.008 0.001 0.006 0.000 0.081 0.002 0.003 0.000 0.001 0.001 0.005 0.000 0.000 0.000 0.001 0.001 0.001 0.000 0.001 0.000 0.000 0.007 0.000 0.000 0.001 0.000 0.011 0.023 0.936 0.006 0.001 0.015 0.001 0.001 0.001 0.016 0.001 0.001 0.001 0.000 0.007 0.001 0.006 0.001 0.002 0.001 0.001 0.001 0.007 0.000 
12 tuna_vis 30 0.837 0.001 0.004 0.001 0.018 0.007 0.001 0.011 0.001 0.001 0.001 0.000 0.000 0.001 0.000 0.000 0.000 0.031 0.001 0.002 0.017 0.001 0.054 0.001 0.001 0.000 0.001 0.000 0.001 0.003 0.032 0.000 0.005 0.002 0.001 0.001 0.001 0.001 0.001 0.001 0.001 0.001 0.001 0.001 0.003 0.001 0.001 0.000 0.001 0.001 0.001 0.001 0.038 0.001 0.001 0.001 0.001 0.003 
13 goldfish_vis 30 0.541 0.001 0.001 0.001 0.636 0.098 0.001 0.766 0.001 0.001 0.001 0.000 0.000 0.002 0.000 0.002 0.000 0.002 0.001 0.001 0.001 0.000 0.000 0.004 0.001 0.000 0.005 0.000 0.012 0.741 0.009 0.001 0.001 0.001 0.001 0.021 0.002 0.075 0.001 0.001 0.027 0.018 0.003 0.119 0.002 0.045 0.001 0.002 0.001 0.001 0.001 0.005 0.005 0.001 0.001 0.013 0.001 0.000 
14 salmon_vis 30 0.995 0.005 0.003 0.003 0.888 0.001 0.001 0.006 0.001 0.001 0.001 0.001 0.000 0.018 0.000 0.001 0.000 0.006 0.001 0.001 0.025 0.001 0.000 0.001 0.001 0.001 0.006 0.001 0.317 0.021 0.198 0.003 0.003 0.002 0.001 0.001 0.000 0.001 0.001 0.001 0.001 0.001 0.001 0.001 0.001 0.001 0.001 0.001 0.001 0.001 0.000 0.001 0.001 0.001 0.001 0.001 0.001 0.000 
15 sardine_vis 30 0.995 0.004 0.002 0.002 0.934 0.001 0.001 0.005 0.001 0.001 0.001 0.000 0.000 0.008 0.000 0.001 0.000 0.002 0.001 0.001 0.008 0.000 0.000 0.003 0.001 0.001 0.003 0.001 0.151 0.175 0.090 0.006 0.005 0.003 0.001 0.001 0.001 0.002 0.001 0.001 0.001 0.001 0.001 0.003 0.001 0.002 0.001 0.000 0.001 0.001 0.000 0.001 0.001 0.001 0.001 0.001 0.001 0.000 
16 catfish_vis 30 0.995 0.004 0.002 0.003 0.951 0.001 0.001 0.016 0.001 0.001 0.001 0.000 0.000 0.024 0.000 0.011 0.000 0.001 0.001 0.001 0.011 0.000 0.000 0.004 0.001 0.000 0.006 0.001 0.386 0.439 0.059 0.004 0.002 0.001 0.001 0.003 0.001 0.004 0.001 0.001 0.001 0.003 0.002 0.011 0.001 0.003 0.001 0.001 0.001 0.001 0.000 0.001 0.001 0.001 0.001 0.001 0.001 0.000 
17 cod_vis 30 0.618 0.001 0.001 0.001 0.171 0.008 0.001 0.312 0.001 0.001 0.001 0.000 0.000 0.002 0.000 0.001 0.000 0.005 0.001 0.001 0.001 0.000 0.001 0.002 0.001 0.000 0.002 0.000 0.009 0.046 0.048 0.001 0.001 0.001 0.001 0.007 0.001 0.002 0.001 0.001 0.004 0.001 0.001 0.026 0.012 0.002 0.001 0.001 0.001 0.001 0.001 0.004 0.006 0.001 0.001 0.001 0.001 0.000 
18 turtle_vis 30 0.069 0.001 0.001 0.002 0.008 0.964 0.427 0.946 0.001 0.001 0.002 0.000 0.000 0.001 0.000 0.001 0.000 0.001 0.001 0.001 0.000 0.000 0.000 0.029 0.001 0.000 0.016 0.000 0.001 0.435 0.001 0.001 0.001 0.000 0.001 0.016 0.002 0.565 0.001 0.001 0.688 0.009 0.002 0.826 0.001 0.003 0.001 0.001 0.001 0.001 0.001 0.008 0.001 0.001 0.001 0.001 0.002 0.000 
19 rattlesnake_vis 30 0.043 0.001 0.001 0.001 0.002 0.969 0.066 0.913 0.001 0.001 0.002 0.000 0.000 0.001 0.000 0.001 0.000 0.001 0.001 0.001 0.000 0.000 0.000 0.012 0.001 0.000 0.014 0.000 0.001 0.122 0.001 0.000 0.001 0.000 0.001 0.026 0.003 0.067 0.001 0.001 0.134 0.004 0.001 0.675 0.001 0.003 0.001 0.001 0.001 0.001 0.001 0.012 0.001 0.001 0.001 0.001 0.001 0.000 
20 crab_vis 30 0.013 0.001 0.001 0.001 0.003 0.972 0.207 0.960 0.001 0.001 0.002 0.000 0.000 0.001 0.000 0.001 0.000 0.001 0.001 0.001 0.000 0.000 0.001 0.018 0.001 0.000 0.005 0.000 0.001 0.072 0.001 0.000 0.001 0.000 0.001 0.005 0.001 0.475 0.001 0.001 0.738 0.004 0.001 0.559 0.002 0.001 0.001 0.001 0.001 0.001 0.001 0.007 0.002 0.001 0.001 0.001 0.004 0.001 
21 frog_vis 30 0.994 0.018 0.006 0.001 0.903 0.001 0.001 0.011 0.001 0.001 0.001 0.000 0.000 0.014 0.000 0.019 0.000 0.002 0.001 0.001 0.008 0.000 0.000 0.001 0.002 0.000 0.019 0.000 0.873 0.333 0.001 0.171 0.001 0.000 0.001 0.001 0.001 0.004 0.001 0.001 0.001 0.006 0.001 0.003 0.001 0.008 0.001 0.001 0.001 0.001 0.001 0.001 0.001 0.001 0.001 0.008 0.001 0.000 
22 gecko_vis 30 0.014 0.001 0.001 0.001 0.003 0.950 0.060 0.889 0.001 0.001 0.002 0.000 0.000 0.001 0.000 0.000 0.000 0.001 0.001 0.001 0.000 0.000 0.001 0.006 0.001 0.000 0.003 0.000 0.001 0.063 0.001 0.000 0.001 0.000 0.001 0.014 0.001 0.166 0.002 0.001 0.596 0.011 0.001 0.092 0.002 0.001 0.001 0.001 0.001 0.001 0.001 0.004 0.003 0.001 0.001 0.001 0.002 0.001 
23 crocodile_vis 30 0.028 0.001 0.001 0.001 0.024 0.870 0.002 0.931 0.001 0.001 0.002 0.000 0.000 0.001 0.000 0.001 0.000 0.003 0.001 0.001 0.000 0.000 0.000 0.001 0.001 0.000 0.003 0.000 0.006 0.035 0.003 0.001 0.001 0.000 0.001 0.021 0.001 0.003 0.001 0.001 0.047 0.286 0.001 0.011 0.010 0.014 0.001 0.003 0.001 0.002 0.001 0.012 0.006 0.001 0.001 0.007 0.001 0.001 
24 axe_vis 30 0.016 0.068 0.001 0.001 0.001 0.993 0.955 0.002 0.004 0.001 0.037 0.001 0.083 0.001 0.024 0.000 0.001 0.001 0.027 0.000 0.000 0.001 0.002 0.001 0.001 0.001 0.001 0.001 0.000 0.002 0.000 0.000 0.001 0.000 0.002 0.002 0.014 0.005 0.187 0.894 0.022 0.001 0.000 0.001 0.015 0.001 0.001 0.000 0.001 0.001 0.019 0.001 0.010 0.002 0.001 0.001 0.013 0.001 
25 hammer_vis 30 0.024 0.001 0.001 0.033 0.001 0.976 0.986 0.002 0.002 0.002 0.001 0.000 0.001 0.000 0.001 0.000 0.001 0.000 0.001 0.000 0.000 0.000 0.001 0.003 0.010 0.000 0.004 0.002 0.000 0.006 0.000 0.000 0.001 0.000 0.006 0.950 0.030 0.193 0.007 0.006 0.020 0.002 0.001 0.070 0.001 0.001 0.001 0.000 0.001 0.003 0.005 0.001 0.025 0.001 0.013 0.001 0.001 0.005 
26 screwdriver_vis 30 0.044 0.069 0.001 0.001 0.001 0.993 0.964 0.001 0.004 0.001 0.004 0.000 0.060 0.001 0.003 0.000 0.001 0.000 0.004 0.000 0.000 0.000 0.000 0.001 0.001 0.000 0.001 0.000 0.000 0.011 0.000 0.000 0.001 0.000 0.002 0.024 0.950 0.014 0.002 0.052 0.001 0.001 0.000 0.018 0.001 0.001 0.001 0.000 0.009 0.001 0.007 0.001 0.002 0.001 0.001 0.001 0.013 0.000 
27 chisel_vis 30 0.030 0.001 0.001 0.002 0.001 0.992 0.988 0.002 0.002 0.001 0.001 0.000 0.001 0.000 0.001 0.000 0.002 0.000 0.001 0.000 0.000 0.000 0.001 0.001 0.002 0.000 0.001 0.000 0.000 0.031 0.000 0.000 0.001 0.000 0.005 0.760 0.832 0.462 0.002 0.003 0.002 0.001 0.000 0.478 0.001 0.001 0.001 0.000 0.010 0.004 0.003 0.001 0.004 0.001 0.001 0.003 0.004 0.001 
28 saw_vis 30 0.040 0.009 0.001 0.005 0.001 0.966 0.962 0.001 0.005 0.001 0.003 0.000 0.013 0.001 0.002 0.000 0.001 0.000 0.004 0.000 0.000 0.000 0.001 0.001 0.003 0.000 0.001 0.001 0.000 0.002 0.000 0.000 0.001 0.000 0.006 0.783 0.205 0.006 0.003 0.053 0.003 0.001 0.000 0.019 0.003 0.001 0.001 0.000 0.001 0.001 0.012 0.001 0.017 0.001 0.002 0.001 0.002 0.001 
29 drill_vis 30 0.044 0.085 0.001 0.001 0.001 0.992 0.955 0.001 0.005 0.001 0.006 0.000 0.079 0.002 0.003 0.000 0.001 0.000 0.005 0.000 0.000 0.000 0.000 0.001 0.001 0.000 0.001 0.000 0.000 0.007 0.000 0.000 0.001 0.000 0.002 0.016 0.944 0.008 0.002 0.087 0.001 0.001 0.000 0.009 0.001 0.001 0.001 0.000 0.007 0.001 0.008 0.001 0.003 0.001 0.001 0.001 0.012 0.000 
30 clamp_vis 30 0.002 0.001 0.001 0.005 0.001 0.994 0.002 0.989 0.001 0.003 0.002 0.000 0.000 0.000 0.000 0.000 0.000 0.001 0.001 0.000 0.000 0.000 0.000 0.063 0.000 0.000 0.008 0.000 0.000 0.002 0.001 0.000 0.000 0.000 0.001 0.004 0.001 0.020 0.003 0.002 0.962 0.044 0.008 0.133 0.003 0.001 0.001 0.000 0.001 0.001 0.000 0.012 0.001 0.001 0.003 0.001 0.002 0.019 
31 hoe_vis 30 0.002 0.001 0.001 0.001 0.001 0.994 0.001 0.956 0.001 0.001 0.001 0.000 0.000 0.001 0.000 0.000 0.000 0.001 0.001 0.001 0.000 0.000 0.000 0.032 0.001 0.000 0.004 0.000 0.000 0.003 0.000 0.000 0.001 0.000 0.001 0.003 0.001 0.063 0.001 0.001 0.020 0.002 0.002 0.969 0.001 0.003 0.001 0.001 0.004 0.002 0.000 0.016 0.000 0.001 0.001 0.001 0.002 0.002 
32 rake_vis 30 0.002 0.001 0.001 0.001 0.001 0.993 0.001 0.972 0.002 0.001 0.001 0.000 0.000 0.001 0.000 0.001 0.000 0.001 0.001 0.000 0.000 0.000 0.000 0.041 0.000 0.000 0.006 0.000 0.001 0.003 0.001 0.000 0.000 0.000 0.000 0.004 0.001 0.046 0.001 0.001 0.088 0.008 0.013 0.918 0.002 0.002 0.001 0.001 0.003 0.002 0.000 0.018 0.001 0.001 0.001 0.001 0.002 0.004 
33 shovel_vis 30 0.003 0.001 0.001 0.001 0.001 0.995 0.003 0.956 0.001 0.001 0.001 0.000 0.000 0.000 0.000 0.000 0.000 0.001 0.001 0.000 0.000 0.000 0.000 0.041 0.000 0.000 0.005 0.000 0.000 0.004 0.000 0.000 0.001 0.000 0.001 0.006 0.001 0.081 0.001 0.001 0.034 0.002 0.002 0.982 0.001 0.002 0.001 0.000 0.004 0.002 0.000 0.016 0.000 0.001 0.001 0.001 0.002 0.002 
34 spade_vis 30 0.003 0.001 0.001 0.001 0.001 0.990 0.001 0.975 0.001 0.001 0.001 0.000 0.000 0.001 0.000 0.001 0.000 0.001 0.001 0.001 0.000 0.000 0.000 0.032 0.000 0.000 0.004 0.000 0.001 0.003 0.001 0.000 0.001 0.000 0.001 0.003 0.001 0.060 0.001 0.001 0.170 0.008 0.007 0.828 0.003 0.002 0.001 0.001 0.002 0.001 0.000 0.014 0.001 0.001 0.001 0.001 0.002 0.003 
35 wrench_vis 30 0.004 0.001 0.001 0.001 0.001 0.994 0.001 0.979 0.002 0.001 0.001 0.000 0.000 0.004 0.000 0.001 0.000 0.001 0.001 0.001 0.001 0.000 0.000 0.002 0.000 0.000 0.002 0.000 0.015 0.027 0.003 0.001 0.001 0.000 0.001 0.001 0.001 0.010 0.001 0.001 0.002 0.004 0.057 0.313 0.001 0.908 0.001 0.001 0.008 0.003 0.000 0.028 0.000 0.001 0.001 0.004 0.001 0.001 
36 accordion_vis 30 0.182 0.167 0.001 0.001 0.001 0.212 0.028 0.001 0.109 0.002 0.001 0.009 0.071 0.009 0.008 0.005 0.000 0.001 0.006 0.002 0.000 0.018 0.001 0.001 0.001 0.001 0.001 0.012 0.000 0.009 0.001 0.001 0.002 0.001 0.006 0.005 0.286 0.001 0.001 0.032 0.001 0.001 0.001 0.001 0.011 0.001 0.034 0.001 0.007 0.001 0.629 0.003 0.023 0.002 0.002 0.001 0.001 0.000 
37 cello_vis 30 0.007 0.001 0.001 0.001 0.004 0.984 0.001 0.873 0.007 0.001 0.001 0.000 0.000 0.000 0.001 0.003 0.000 0.001 0.001 0.001 0.000 0.000 0.000 0.002 0.000 0.001 0.002 0.000 0.006 0.005 0.001 0.001 0.001 0.002 0.001 0.008 0.001 0.001 0.001 0.001 0.010 0.587 0.007 0.015 0.008 0.005 0.001 0.031 0.001 0.003 0.002 0.034 0.001 0.001 0.002 0.010 0.001 0.001 
38 flute_vis 30 0.020 0.001 0.001 0.030 0.001 0.972 0.967 0.003 0.003 0.002 0.001 0.000 0.001 0.000 0.001 0.000 0.001 0.000 0.001 0.000 0.000 0.000 0.001 0.003 0.008 0.001 0.004 0.002 0.000 0.005 0.000 0.000 0.001 0.000 0.006 0.929 0.019 0.082 0.005 0.004 0.014 0.004 0.001 0.072 0.001 0.001 0.001 0.001 0.001 0.005 0.003 0.001 0.015 0.001 0.009 0.002 0.001 0.005 
39 guitar_vis 30 0.005 0.001 0.001 0.001 0.002 0.976 0.001 0.804 0.002 0.001 0.001 0.000 0.000 0.001 0.000 0.001 0.000 0.001 0.001 0.001 0.000 0.000 0.000 0.006 0.001 0.000 0.002 0.000 0.001 0.003 0.001 0.001 0.001 0.001 0.001 0.004 0.001 0.009 0.001 0.001 0.012 0.019 0.005 0.412 0.005 0.002 0.001 0.004 0.001 0.001 0.001 0.009 0.001 0.001 0.001 0.001 0.001 0.002 
40 piano_vis 30 0.014 0.001 0.001 0.001 0.005 0.958 0.001 0.001 0.981 0.002 0.000 0.001 0.001 0.000 0.001 0.005 0.000 0.000 0.002 0.028 0.000 0.000 0.001 0.001 0.001 0.006 0.000 0.005 0.000 0.001 0.000 0.027 0.003 0.034 0.001 0.003 0.001 0.001 0.001 0.001 0.001 0.008 0.001 0.001 0.001 0.001 0.015 0.729 0.001 0.005 0.304 0.015 0.003 0.001 0.002 0.002 0.001 0.001 
41 trumpet_vis 30 0.004 0.001 0.001 0.001 0.001 0.993 0.001 0.964 0.006 0.001 0.004 0.000 0.000 0.001 0.001 0.001 0.000 0.001 0.001 0.001 0.000 0.000 0.000 0.029 0.000 0.000 0.004 0.000 0.000 0.006 0.000 0.000 0.000 0.000 0.000 0.002 0.001 0.008 0.001 0.001 0.033 0.002 0.011 0.867 0.003 0.003 0.001 0.001 0.019 0.001 0.001 0.060 0.001 0.001 0.001 0.001 0.002 0.001 
42 fork_vis 30 0.135 0.013 0.002 0.001 0.005 0.005 0.028 0.001 0.005 0.007 0.002 0.005 0.018 0.017 0.001 0.001 0.000 0.002 0.002 0.002 0.001 0.043 0.006 0.001 0.003 0.001 0.001 0.086 0.005 0.003 0.015 0.001 0.007 0.002 0.089 0.011 0.006 0.001 0.003 0.004 0.001 0.001 0.001 0.001 0.018 0.001 0.010 0.003 0.001 0.001 0.103 0.001 0.052 0.007 0.007 0.002 0.001 0.001 
43 spoon_vis 30 0.011 0.001 0.003 0.001 0.001 0.940 0.115 0.002 0.004 0.710 0.002 0.001 0.003 0.001 0.001 0.000 0.042 0.002 0.010 0.001 0.001 0.003 0.017 0.001 0.002 0.001 0.001 0.003 0.001 0.001 0.001 0.001 0.003 0.001 0.038 0.001 0.096 0.002 0.004 0.014 0.001 0.001 0.001 0.001 0.002 0.001 0.002 0.001 0.004 0.002 0.003 0.001 0.051 0.025 0.002 0.002 0.739 0.004 
44 tongs_vis 30 0.017 0.001 0.001 0.001 0.005 0.814 0.011 0.649 0.003 0.002 0.001 0.000 0.001 0.001 0.000 0.001 0.000 0.001 0.001 0.001 0.001 0.001 0.002 0.004 0.002 0.001 0.007 0.014 0.005 0.053 0.004 0.001 0.001 0.001 0.030 0.009 0.001 0.026 0.002 0.001 0.018 0.031 0.002 0.349 0.001 0.007 0.001 0.005 0.001 0.007 0.004 0.005 0.004 0.001 0.005 0.007 0.001 0.001 
45 ladle_vis 30 0.020 0.066 0.001 0.001 0.001 0.992 0.308 0.004 0.295 0.003 0.008 0.001 0.209 0.005 0.007 0.000 0.002 0.001 0.002 0.001 0.000 0.001 0.001 0.001 0.002 0.000 0.001 0.001 0.000 0.009 0.000 0.000 0.001 0.000 0.115 0.001 0.491 0.005 0.001 0.002 0.001 0.001 0.001 0.006 0.001 0.003 0.007 0.001 0.111 0.013 0.001 0.001 0.001 0.002 0.002 0.003 0.013 0.001 
46 knife_vis 30 0.004 0.016 0.001 0.001 0.001 0.987 0.002 0.003 0.935 0.009 0.015 0.002 0.170 0.001 0.010 0.000 0.001 0.001 0.005 0.001 0.001 0.000 0.001 0.001 0.004 0.000 0.001 0.006 0.001 0.002 0.001 0.001 0.001 0.000 0.005 0.001 0.002 0.001 0.001 0.001 0.001 0.008 0.001 0.001 0.001 0.001 0.332 0.001 0.012 0.427 0.001 0.002 0.001 0.173 0.005 0.007 0.002 0.002 
47 chopsticks_vis 30 0.018 0.001 0.001 0.001 0.007 0.755 0.006 0.558 0.005 0.003 0.001 0.000 0.001 0.002 0.000 0.001 0.000 0.001 0.001 0.001 0.001 0.001 0.002 0.003 0.003 0.001 0.008 0.023 0.008 0.059 0.004 0.001 0.002 0.001 0.029 0.005 0.001 0.016 0.002 0.001 0.008 0.024 0.003 0.239 0.002 0.029 0.002 0.007 0.001 0.014 0.004 0.006 0.004 0.001 0.007 0.012 0.001 0.002 
