0 beaver_vis 30 0.858 0.001 0.604 0.001 0.001 0.905 0.001 0.001 0.159 0.002 0.000 0.001 0.001 0.006 0.000 0.233 0.002 0.306 0.006 0.460 0.006 0.000 0.001 0.000 0.001 0.003 0.001 0.000 0.001 0.001 0.001 0.000 0.001 0.005 0.001 0.001 0.004 0.001 0.001 0.001 0.001 0.001 0.004 0.001 0.001 0.001 0.262 0.008 0.001 0.000 0.034 0.002 0.000 0.000 0.001 0.006 0.288 0.000 
1 bear_vis 30 0.834 0.001 0.865 0.001 0.001 0.035 0.001 0.001 0.005 0.075 0.000 0.000 0.001 0.067 0.000 0.002 0.004 0.713 0.101 0.103 0.232 0.050 0.001 0.000 0.008 0.002 0.004 0.000 0.003 0.001 0.000 0.001 0.001 0.001 0.001 0.000 0.014 0.001 0.001 0.001 0.001 0.001 0.001 0.002 0.001 0.002 0.045 0.021 0.001 0.000 0.132 0.001 0.000 0.003 0.004 0.310 0.006 0.000 
2 sheep_vis 30 0.619 0.028 0.539 0.002 0.002 0.994 0.002 0.001 0.625 0.001 0.012 0.002 0.001 0.027 0.001 0.844 0.505 0.136 0.005 0.065 0.004 0.000 0.001 0.001 0.001 0.002 0.002 0.001 0.001 0.011 0.002 0.000 0.003 0.051 0.001 0.005 0.007 0.001 0.001 0.001 0.001 0.001 0.022 0.001 0.001 0.001 0.318 0.004 0.015 0.001 0.060 0.003 0.001 0.000 0.001 0.002 0.902 0.000 
3 buffalo_vis 30 0.915 0.001 0.889 0.001 0.002 0.040 0.008 0.001 0.011 0.019 0.000 0.001 0.001 0.006 0.000 0.161 0.013 0.064 0.072 0.893 0.018 0.067 0.001 0.000 0.001 0.029 0.001 0.001 0.001 0.001 0.000 0.015 0.004 0.003 0.001 0.001 0.019 0.001 0.001 0.001 0.001 0.013 0.002 0.002 0.001 0.001 0.033 0.004 0.001 0.001 0.012 0.002 0.001 0.115 0.008 0.006 0.014 0.000 
4 poodle_vis 30 0.846 0.001 0.588 0.001 0.001 0.914 0.001 0.001 0.136 0.003 0.000 0.000 0.001 0.012 0.000 0.086 0.002 0.312 0.007 0.324 0.008 0.000 0.001 0.000 0.001 0.002 0.001 0.000 0.001 0.001 0.000 0.000 0.001 0.002 0.001 0.000 0.005 0.001 0.001 0.001 0.001 0.001 0.003 0.001 0.001 0.001 0.192 0.008 0.001 0.000 0.047 0.001 0.000 0.000 0.001 0.009 0.285 0.000 
5 giraffe_vis 30 0.923 0.001 0.861 0.001 0.002 0.050 0.002 0.001 0.009 0.035 0.000 0.001 0.001 0.005 0.000 0.001 0.026 0.066 0.069 0.324 0.013 0.028 0.001 0.000 0.001 0.001 0.001 0.000 0.001 0.001 0.000 0.001 0.002 0.001 0.001 0.001 0.007 0.001 0.001 0.001 0.001 0.003 0.004 0.001 0.001 0.001 0.011 0.002 0.001 0.001 0.005 0.002 0.018 0.006 0.009 0.010 0.029 0.000 
6 robin_vis 30 0.831 0.015 0.765 0.003 0.004 0.461 0.003 0.001 0.197 0.001 0.001 0.000 0.001 0.431 0.000 0.124 0.009 0.798 0.012 0.032 0.318 0.001 0.001 0.000 0.003 0.009 0.025 0.000 0.005 0.005 0.030 0.000 0.003 0.019 0.002 0.001 0.020 0.001 0.001 0.001 0.001 0.001 0.001 0.005 0.001 0.001 0.250 0.060 0.003 0.000 0.622 0.002 0.000 0.000 0.001 0.035 0.265 0.000 
7 swan_vis 30 0.621 0.001 0.692 0.004 0.002 0.003 0.002 0.003 0.005 0.001 0.000 0.000 0.001 0.003 0.000 0.000 0.002 0.012 0.352 0.016 0.095 0.556 0.001 0.000 0.082 0.005 0.008 0.001 0.044 0.000 0.000 0.001 0.002 0.000 0.010 0.000 0.014 0.001 0.001 0.001 0.001 0.001 0.001 0.013 0.001 0.017 0.002 0.003 0.001 0.000 0.068 0.001 0.000 0.000 0.002 0.015 0.000 0.000 
8 woodpecker_vis 30 0.013 0.002 0.556 0.002 0.002 0.952 0.002 0.001 0.146 0.049 0.001 0.000 0.001 0.007 0.000 0.001 0.000 0.909 0.017 0.012 0.453 0.000 0.001 0.000 0.001 0.005 0.061 0.000 0.002 0.001 0.000 0.001 0.002 0.001 0.002 0.000 0.019 0.001 0.001 0.001 0.001 0.001 0.001 0.002 0.001 0.029 0.018 0.926 0.001 0.000 0.472 0.002 0.000 0.000 0.102 0.825 0.002 0.000 
9 peacock_vis 30 0.447 0.001 0.583 0.003 0.002 0.003 0.002 0.002 0.006 0.002 0.000 0.000 0.001 0.005 0.000 0.000 0.001 0.021 0.255 0.026 0.144 0.496 0.001 0.000 0.047 0.009 0.023 0.000 0.025 0.000 0.000 0.001 0.002 0.000 0.008 0.000 0.016 0.001 0.001 0.001 0.001 0.001 0.001 0.009 0.001 0.026 0.002 0.007 0.001 0.000 0.107 0.001 0.000 0.000 0.004 0.056 0.001 0.000 
10 crow_vis 30 0.413 0.001 0.690 0.003 0.002 0.024 0.007 0.001 0.021 0.007 0.000 0.000 0.001 0.005 0.000 0.000 0.001 0.052 0.254 0.028 0.073 0.490 0.001 0.000 0.037 0.002 0.003 0.001 0.010 0.001 0.000 0.001 0.002 0.001 0.007 0.001 0.022 0.001 0.001 0.001 0.001 0.001 0.002 0.009 0.001 0.007 0.004 0.002 0.001 0.000 0.102 0.001 0.000 0.000 0.004 0.021 0.001 0.000 
11 eagle_vis 30 0.246 0.001 0.420 0.004 0.002 0.005 0.001 0.001 0.013 0.006 0.000 0.000 0.001 0.008 0.000 0.000 0.000 0.030 0.171 0.038 0.201 0.394 0.001 0.000 0.033 0.013 0.044 0.000 0.021 0.000 0.000 0.001 0.001 0.001 0.008 0.000 0.020 0.001 0.001 0.001 0.001 0.001 0.001 0.009 0.001 0.038 0.003 0.016 0.001 0.000 0.155 0.001 0.000 0.001 0.007 0.154 0.001 0.000 
12 tuna_vis 30 0.213 0.001 0.037 0.009 0.028 0.166 0.001 0.002 0.453 0.001 0.000 0.000 0.001 0.002 0.000 0.000 0.000 0.010 0.060 0.002 0.009 0.002 0.001 0.000 0.051 0.005 0.002 0.003 0.072 0.001 0.001 0.001 0.003 0.001 0.004 0.001 0.009 0.001 0.001 0.001 0.001 0.001 0.006 0.006 0.001 0.003 0.033 0.010 0.001 0.001 0.566 0.018 0.000 0.000 0.001 0.004 0.001 0.000 
13 goldfish_vis 30 0.916 0.001 0.104 0.005 0.209 0.005 0.002 0.002 0.019 0.001 0.000 0.001 0.001 0.002 0.000 0.000 0.001 0.007 0.036 0.001 0.021 0.073 0.001 0.000 0.024 0.003 0.004 0.002 0.460 0.001 0.001 0.009 0.003 0.001 0.014 0.001 0.011 0.001 0.001 0.001 0.001 0.001 0.002 0.010 0.001 0.003 0.006 0.004 0.001 0.001 0.069 0.001 0.000 0.000 0.001 0.005 0.001 0.000 
14 salmon_vis 30 0.840 0.001 0.088 0.006 0.677 0.092 0.002 0.001 0.965 0.001 0.000 0.001 0.001 0.009 0.003 0.709 0.022 0.016 0.003 0.176 0.010 0.000 0.001 0.071 0.002 0.098 0.003 0.002 0.003 0.078 0.001 0.006 0.076 0.744 0.003 0.001 0.013 0.001 0.003 0.006 0.001 0.003 0.002 0.002 0.001 0.002 0.733 0.028 0.046 0.002 0.070 0.022 0.000 0.000 0.001 0.003 0.001 0.001 
15 sardine_vis 30 0.890 0.019 0.720 0.004 0.029 0.246 0.001 0.001 0.913 0.001 0.000 0.002 0.001 0.003 0.006 0.892 0.276 0.153 0.013 0.512 0.006 0.000 0.001 0.010 0.001 0.011 0.002 0.001 0.001 0.060 0.001 0.001 0.036 0.440 0.001 0.001 0.010 0.001 0.002 0.004 0.001 0.003 0.002 0.002 0.001 0.001 0.955 0.017 0.029 0.003 0.030 0.013 0.000 0.003 0.001 0.002 0.017 0.001 
16 catfish_vis 30 0.974 0.001 0.006 0.032 0.940 0.002 0.002 0.003 0.004 0.001 0.001 0.000 0.001 0.006 0.001 0.000 0.000 0.025 0.014 0.001 0.056 0.044 0.001 0.001 0.036 0.006 0.344 0.002 0.865 0.072 0.055 0.061 0.004 0.010 0.021 0.002 0.012 0.001 0.001 0.001 0.005 0.001 0.002 0.058 0.001 0.005 0.002 0.003 0.001 0.001 0.038 0.001 0.001 0.000 0.001 0.007 0.001 0.000 
17 cod_vis 30 0.799 0.002 0.537 0.004 0.049 0.109 0.002 0.001 0.862 0.001 0.000 0.001 0.001 0.008 0.002 0.788 0.048 0.087 0.008 0.453 0.012 0.000 0.001 0.029 0.002 0.031 0.003 0.001 0.002 0.028 0.001 0.001 0.031 0.318 0.002 0.001 0.018 0.001 0.001 0.002 0.001 0.002 0.001 0.002 0.001 0.002 0.800 0.026 0.019 0.001 0.092 0.008 0.000 0.001 0.001 0.003 0.003 0.000 
18 turtle_vis 30 0.915 0.002 0.008 0.016 0.889 0.007 0.215 0.003 0.014 0.002 0.001 0.001 0.002 0.051 0.038 0.000 0.027 0.046 0.030 0.001 0.045 0.005 0.003 0.092 0.002 0.002 0.210 0.029 0.426 0.798 0.003 0.550 0.032 0.002 0.008 0.003 0.832 0.014 0.024 0.022 0.001 0.001 0.003 0.223 0.006 0.002 0.006 0.002 0.001 0.004 0.027 0.001 0.002 0.001 0.001 0.006 0.001 0.004 
19 rattlesnake_vis 30 0.909 0.002 0.163 0.003 0.007 0.347 0.002 0.001 0.106 0.008 0.001 0.006 0.001 0.002 0.001 0.015 0.088 0.022 0.029 0.019 0.003 0.000 0.001 0.001 0.001 0.002 0.002 0.001 0.001 0.053 0.001 0.001 0.009 0.005 0.001 0.001 0.008 0.001 0.002 0.002 0.001 0.001 0.011 0.002 0.001 0.001 0.123 0.003 0.001 0.008 0.012 0.001 0.007 0.012 0.001 0.002 0.082 0.005 
20 crab_vis 30 0.478 0.001 0.246 0.008 0.008 0.013 0.002 0.004 0.079 0.001 0.000 0.001 0.005 0.005 0.000 0.000 0.199 0.001 0.585 0.001 0.009 0.001 0.002 0.000 0.011 0.003 0.002 0.092 0.006 0.002 0.000 0.001 0.019 0.001 0.008 0.001 0.010 0.001 0.001 0.001 0.001 0.001 0.023 0.004 0.001 0.004 0.011 0.004 0.001 0.008 0.071 0.002 0.000 0.013 0.001 0.004 0.005 0.001 
21 frog_vis 30 0.900 0.049 0.639 0.006 0.018 0.885 0.003 0.001 0.424 0.001 0.009 0.002 0.001 0.005 0.008 0.876 0.391 0.316 0.006 0.270 0.006 0.000 0.002 0.007 0.001 0.004 0.002 0.003 0.002 0.038 0.003 0.001 0.025 0.517 0.002 0.001 0.025 0.001 0.002 0.003 0.001 0.002 0.005 0.002 0.001 0.001 0.447 0.003 0.032 0.004 0.024 0.005 0.016 0.001 0.001 0.002 0.513 0.001 
22 gecko_vis 30 0.722 0.001 0.096 0.015 0.372 0.072 0.001 0.001 0.981 0.001 0.000 0.001 0.001 0.031 0.000 0.005 0.015 0.019 0.042 0.001 0.008 0.000 0.001 0.002 0.006 0.006 0.004 0.004 0.048 0.060 0.001 0.001 0.019 0.040 0.002 0.001 0.014 0.001 0.001 0.001 0.001 0.001 0.004 0.002 0.001 0.002 0.239 0.016 0.006 0.001 0.767 0.007 0.000 0.000 0.001 0.003 0.001 0.000 
23 crocodile_vis 30 0.772 0.001 0.116 0.008 0.025 0.009 0.001 0.006 0.070 0.001 0.000 0.001 0.001 0.001 0.000 0.000 0.086 0.001 0.556 0.002 0.006 0.001 0.002 0.000 0.007 0.003 0.002 0.064 0.006 0.008 0.000 0.001 0.012 0.001 0.004 0.001 0.005 0.001 0.001 0.001 0.001 0.002 0.056 0.003 0.001 0.004 0.011 0.004 0.001 0.013 0.031 0.002 0.000 0.004 0.001 0.004 0.001 0.001 
24 axe_vis 30 0.236 0.001 0.019 0.011 0.008 0.504 0.002 0.001 0.991 0.001 0.000 0.001 0.001 0.002 0.000 0.004 0.000 0.020 0.021 0.002 0.004 0.000 0.002 0.002 0.001 0.007 0.007 0.001 0.002 0.009 0.000 0.000 0.007 0.004 0.001 0.001 0.005 0.001 0.002 0.002 0.001 0.001 0.005 0.001 0.001 0.001 0.286 0.198 0.007 0.003 0.127 0.005 0.000 0.000 0.001 0.001 0.001 0.000 
25 hammer_vis 30 0.009 0.001 0.026 0.009 0.002 0.136 0.002 0.020 0.064 0.002 0.000 0.000 0.001 0.001 0.000 0.000 0.000 0.004 0.135 0.001 0.008 0.012 0.001 0.000 0.017 0.001 0.002 0.003 0.008 0.001 0.000 0.000 0.001 0.001 0.024 0.001 0.004 0.001 0.001 0.001 0.001 0.001 0.014 0.006 0.001 0.009 0.002 0.005 0.001 0.000 0.066 0.004 0.000 0.000 0.009 0.004 0.000 0.000 
26 screwdriver_vis 30 0.209 0.001 0.215 0.013 0.003 0.039 0.154 0.001 0.033 0.003 0.001 0.001 0.002 0.198 0.000 0.000 0.044 0.002 0.246 0.001 0.228 0.018 0.002 0.005 0.002 0.004 0.013 0.019 0.010 0.002 0.000 0.004 0.009 0.001 0.034 0.001 0.158 0.001 0.002 0.001 0.001 0.001 0.001 0.004 0.001 0.001 0.007 0.002 0.001 0.001 0.114 0.001 0.000 0.001 0.001 0.009 0.003 0.000 
27 chisel_vis 30 0.270 0.001 0.609 0.006 0.002 0.015 0.029 0.002 0.014 0.029 0.000 0.001 0.001 0.009 0.000 0.000 0.001 0.026 0.345 0.022 0.088 0.502 0.001 0.001 0.021 0.002 0.006 0.002 0.008 0.001 0.000 0.001 0.002 0.001 0.025 0.001 0.030 0.001 0.001 0.001 0.001 0.001 0.002 0.005 0.001 0.006 0.003 0.002 0.001 0.001 0.065 0.001 0.000 0.001 0.013 0.068 0.001 0.000 
28 saw_vis 30 0.003 0.001 0.013 0.009 0.002 0.995 0.002 0.001 0.731 0.001 0.003 0.000 0.001 0.001 0.000 0.000 0.001 0.035 0.001 0.000 0.001 0.000 0.001 0.000 0.014 0.001 0.001 0.002 0.004 0.001 0.009 0.000 0.001 0.002 0.002 0.001 0.002 0.001 0.001 0.001 0.001 0.001 0.016 0.154 0.001 0.001 0.002 0.003 0.002 0.000 0.980 0.402 0.001 0.000 0.001 0.001 0.003 0.000 
29 drill_vis 30 0.004 0.001 0.004 0.011 0.003 0.963 0.002 0.338 0.049 0.001 0.001 0.000 0.000 0.000 0.000 0.000 0.000 0.007 0.001 0.000 0.002 0.004 0.001 0.000 0.009 0.001 0.001 0.001 0.005 0.001 0.012 0.000 0.001 0.001 0.001 0.001 0.006 0.001 0.004 0.001 0.030 0.002 0.009 0.578 0.001 0.001 0.003 0.002 0.001 0.000 0.494 0.047 0.004 0.000 0.001 0.001 0.001 0.000 
30 clamp_vis 30 0.007 0.001 0.002 0.006 0.004 0.272 0.001 0.009 0.592 0.001 0.000 0.000 0.000 0.000 0.000 0.000 0.000 0.001 0.009 0.091 0.001 0.000 0.001 0.000 0.001 0.013 0.001 0.001 0.001 0.001 0.000 0.001 0.006 0.002 0.001 0.000 0.003 0.000 0.001 0.010 0.001 0.018 0.019 0.003 0.006 0.002 0.157 0.008 0.001 0.025 0.005 0.007 0.000 0.016 0.003 0.001 0.001 0.000 
31 hoe_vis 30 0.012 0.001 0.002 0.004 0.004 0.679 0.001 0.062 0.694 0.001 0.000 0.000 0.000 0.000 0.000 0.000 0.000 0.001 0.003 0.207 0.001 0.000 0.001 0.000 0.001 0.013 0.001 0.000 0.001 0.001 0.000 0.001 0.005 0.006 0.001 0.000 0.004 0.000 0.001 0.002 0.001 0.277 0.005 0.002 0.011 0.006 0.021 0.003 0.002 0.001 0.003 0.012 0.000 0.001 0.009 0.001 0.000 0.000 
32 rake_vis 30 0.065 0.001 0.013 0.005 0.005 0.122 0.001 0.037 0.171 0.494 0.000 0.025 0.000 0.001 0.000 0.000 0.001 0.002 0.232 0.599 0.003 0.001 0.002 0.000 0.001 0.009 0.001 0.000 0.001 0.002 0.000 0.001 0.009 0.001 0.001 0.001 0.003 0.000 0.001 0.010 0.001 0.027 0.228 0.002 0.003 0.006 0.434 0.015 0.001 0.123 0.003 0.003 0.000 0.769 0.048 0.019 0.019 0.007 
33 shovel_vis 30 0.017 0.001 0.002 0.006 0.005 0.406 0.001 0.908 0.069 0.001 0.000 0.000 0.000 0.000 0.000 0.000 0.000 0.001 0.012 0.206 0.001 0.000 0.001 0.000 0.001 0.006 0.001 0.001 0.001 0.001 0.000 0.001 0.004 0.002 0.002 0.000 0.003 0.000 0.001 0.001 0.001 0.717 0.019 0.003 0.044 0.028 0.007 0.001 0.001 0.007 0.003 0.004 0.000 0.006 0.029 0.002 0.001 0.000 
34 spade_vis 30 0.007 0.001 0.002 0.004 0.004 0.843 0.001 0.002 0.987 0.001 0.000 0.000 0.000 0.000 0.000 0.001 0.000 0.001 0.003 0.074 0.001 0.000 0.001 0.000 0.001 0.016 0.001 0.000 0.001 0.001 0.000 0.000 0.003 0.003 0.001 0.000 0.003 0.000 0.001 0.001 0.001 0.010 0.007 0.002 0.003 0.001 0.266 0.021 0.001 0.001 0.007 0.020 0.000 0.000 0.002 0.001 0.000 0.000 
35 wrench_vis 30 0.004 0.001 0.001 0.010 0.003 0.931 0.001 0.001 0.994 0.001 0.000 0.001 0.000 0.000 0.000 0.001 0.000 0.002 0.006 0.007 0.001 0.000 0.002 0.001 0.001 0.006 0.002 0.000 0.001 0.002 0.000 0.000 0.004 0.002 0.001 0.001 0.002 0.000 0.002 0.002 0.001 0.001 0.008 0.001 0.001 0.001 0.672 0.275 0.003 0.020 0.021 0.006 0.000 0.001 0.001 0.001 0.000 0.001 
36 accordion_vis 30 0.677 0.001 0.024 0.009 0.160 0.108 0.001 0.001 0.992 0.000 0.000 0.000 0.000 0.001 0.000 0.007 0.000 0.004 0.015 0.058 0.002 0.000 0.001 0.001 0.001 0.036 0.002 0.000 0.002 0.008 0.000 0.000 0.020 0.037 0.001 0.001 0.003 0.001 0.001 0.002 0.001 0.001 0.004 0.001 0.001 0.001 0.781 0.070 0.003 0.001 0.021 0.005 0.000 0.000 0.001 0.001 0.001 0.000 
37 cello_vis 30 0.003 0.001 0.002 0.017 0.002 0.974 0.001 0.001 0.995 0.000 0.000 0.001 0.000 0.000 0.000 0.001 0.000 0.013 0.006 0.002 0.003 0.000 0.004 0.000 0.001 0.006 0.012 0.000 0.001 0.001 0.000 0.000 0.002 0.001 0.001 0.001 0.003 0.000 0.002 0.001 0.001 0.001 0.006 0.001 0.002 0.003 0.045 0.963 0.003 0.003 0.012 0.011 0.000 0.000 0.006 0.002 0.000 0.000 
38 flute_vis 30 0.003 0.001 0.002 0.013 0.002 0.992 0.001 0.001 0.995 0.001 0.000 0.001 0.000 0.001 0.000 0.001 0.000 0.020 0.011 0.002 0.002 0.000 0.004 0.000 0.001 0.003 0.006 0.000 0.001 0.001 0.000 0.000 0.002 0.001 0.001 0.001 0.003 0.001 0.001 0.001 0.001 0.001 0.024 0.001 0.001 0.003 0.088 0.830 0.005 0.007 0.012 0.008 0.000 0.000 0.002 0.001 0.001 0.000 
39 guitar_vis 30 0.004 0.001 0.002 0.011 0.003 0.983 0.001 0.001 0.995 0.001 0.000 0.001 0.000 0.000 0.000 0.001 0.000 0.016 0.013 0.003 0.002 0.000 0.003 0.000 0.001 0.004 0.005 0.000 0.001 0.001 0.000 0.000 0.002 0.001 0.001 0.001 0.003 0.000 0.001 0.001 0.001 0.001 0.021 0.001 0.001 0.003 0.155 0.807 0.003 0.006 0.014 0.007 0.000 0.000 0.002 0.001 0.000 0.000 
40 piano_vis 30 0.700 0.001 0.486 0.073 0.196 0.209 0.001 0.001 0.980 0.000 0.001 0.001 0.000 0.004 0.000 0.002 0.000 0.593 0.184 0.002 0.102 0.000 0.052 0.000 0.002 0.016 0.505 0.000 0.046 0.039 0.001 0.001 0.026 0.002 0.001 0.001 0.011 0.001 0.002 0.001 0.001 0.001 0.010 0.002 0.001 0.018 0.035 0.983 0.038 0.001 0.172 0.018 0.000 0.000 0.002 0.018 0.001 0.000 
41 trumpet_vis 30 0.004 0.001 0.002 0.022 0.002 0.976 0.001 0.001 0.995 0.000 0.000 0.000 0.000 0.000 0.000 0.000 0.000 0.011 0.004 0.003 0.002 0.000 0.006 0.000 0.001 0.006 0.012 0.000 0.001 0.001 0.000 0.000 0.002 0.001 0.001 0.001 0.002 0.000 0.007 0.001 0.001 0.001 0.007 0.001 0.003 0.003 0.043 0.980 0.002 0.003 0.010 0.023 0.000 0.000 0.009 0.003 0.000 0.000 
42 fork_vis 30 0.003 0.002 0.010 0.001 0.001 0.953 0.010 0.002 0.006 0.978 0.000 0.001 0.001 0.002 0.001 0.000 0.066 0.001 0.002 0.002 0.011 0.003 0.001 0.000 0.001 0.001 0.001 0.000 0.001 0.001 0.000 0.001 0.001 0.000 0.008 0.001 0.007 0.001 0.106 0.001 0.001 0.003 0.002 0.001 0.001 0.001 0.003 0.002 0.001 0.001 0.003 0.001 0.005 0.583 0.004 0.628 0.015 0.033 
43 spoon_vis 30 0.003 0.001 0.003 0.001 0.001 0.965 0.002 0.002 0.031 0.979 0.000 0.014 0.001 0.001 0.001 0.000 0.024 0.001 0.006 0.004 0.002 0.000 0.001 0.000 0.000 0.001 0.001 0.000 0.000 0.001 0.000 0.001 0.001 0.000 0.001 0.001 0.002 0.001 0.019 0.001 0.001 0.002 0.002 0.001 0.001 0.001 0.016 0.001 0.001 0.010 0.001 0.001 0.001 0.967 0.003 0.076 0.014 0.081 
44 tongs_vis 30 0.005 0.001 0.078 0.001 0.001 0.690 0.001 0.003 0.007 0.920 0.000 0.001 0.001 0.001 0.000 0.000 0.004 0.003 0.025 0.028 0.006 0.037 0.001 0.000 0.001 0.001 0.001 0.000 0.001 0.001 0.000 0.001 0.001 0.000 0.002 0.001 0.001 0.000 0.001 0.001 0.001 0.002 0.004 0.001 0.001 0.001 0.013 0.002 0.001 0.002 0.002 0.001 0.001 0.401 0.029 0.239 0.004 0.002 
45 ladle_vis 30 0.003 0.003 0.006 0.001 0.001 0.911 0.011 0.006 0.005 0.964 0.000 0.001 0.001 0.001 0.001 0.000 0.026 0.001 0.002 0.009 0.008 0.003 0.001 0.000 0.001 0.001 0.001 0.000 0.001 0.001 0.000 0.001 0.001 0.000 0.008 0.000 0.012 0.001 0.085 0.001 0.001 0.012 0.002 0.002 0.001 0.001 0.006 0.001 0.001 0.001 0.002 0.001 0.003 0.608 0.004 0.519 0.004 0.034 
46 knife_vis 30 0.003 0.001 0.003 0.001 0.001 0.962 0.001 0.001 0.044 0.980 0.000 0.022 0.001 0.001 0.001 0.000 0.018 0.001 0.007 0.011 0.002 0.000 0.001 0.000 0.000 0.001 0.001 0.000 0.000 0.001 0.000 0.001 0.001 0.000 0.001 0.001 0.001 0.000 0.014 0.001 0.001 0.002 0.002 0.001 0.001 0.001 0.028 0.001 0.001 0.023 0.001 0.001 0.001 0.981 0.004 0.036 0.014 0.093 
47 chopsticks_vis 30 0.003 0.001 0.004 0.001 0.001 0.951 0.001 0.002 0.032 0.980 0.000 0.014 0.001 0.001 0.001 0.000 0.022 0.001 0.005 0.012 0.002 0.000 0.001 0.000 0.000 0.001 0.001 0.000 0.000 0.001 0.000 0.001 0.001 0.000 0.001 0.001 0.001 0.000 0.025 0.001 0.001 0.003 0.002 0.001 0.001 0.001 0.019 0.001 0.001 0.011 0.001 0.001 0.001 0.973 0.005 0.068 0.011 0.087 
