0 beaver_vis 30 0.996 0.184 0.986 0.007 0.001 0.001 0.000 0.000 0.000 0.001 0.018 0.001 0.070 0.001 0.001 0.013 0.869 0.013 0.003 0.020 0.001 0.077 0.003 0.000 0.001 0.018 0.004 0.001 0.002 0.001 0.001 0.001 0.000 0.000 0.001 0.001 0.001 0.000 0.000 0.001 0.000 0.001 0.000 0.000 0.000 0.000 0.001 0.002 0.000 0.004 0.001 0.000 0.006 0.001 0.000 0.001 0.001 0.001 
1 bear_vis 30 0.995 0.989 0.021 0.001 0.045 0.002 0.001 0.000 0.011 0.001 0.039 0.979 0.001 0.015 0.003 0.010 0.017 0.000 0.004 0.036 0.002 0.000 0.000 0.000 0.001 0.058 0.000 0.002 0.001 0.315 0.005 0.001 0.004 0.037 0.001 0.001 0.106 0.001 0.000 0.001 0.000 0.004 0.001 0.004 0.000 0.603 0.008 0.001 0.842 0.001 0.001 0.050 0.001 0.001 0.015 0.001 0.001 0.001 
2 sheep_vis 30 0.995 0.002 0.948 0.035 0.001 0.001 0.001 0.000 0.000 0.001 0.002 0.001 0.008 0.001 0.001 0.001 0.260 0.184 0.004 0.002 0.004 0.012 0.003 0.001 0.002 0.014 0.012 0.001 0.002 0.001 0.001 0.153 0.001 0.002 0.001 0.001 0.001 0.000 0.000 0.001 0.000 0.001 0.001 0.000 0.000 0.000 0.000 0.003 0.000 0.003 0.001 0.000 0.006 0.001 0.001 0.001 0.001 0.001 
3 buffalo_vis 30 0.994 0.984 0.009 0.001 0.677 0.006 0.001 0.001 0.437 0.003 0.000 0.184 0.002 0.984 0.120 0.001 0.004 0.000 0.478 0.000 0.003 0.001 0.001 0.000 0.008 0.003 0.000 0.018 0.001 0.957 0.008 0.001 0.127 0.000 0.004 0.001 0.002 0.008 0.000 0.001 0.000 0.008 0.001 0.004 0.008 0.724 0.219 0.001 0.974 0.016 0.002 0.225 0.001 0.002 0.016 0.056 0.002 0.001 
4 poodle_vis 30 0.995 0.990 0.019 0.029 0.009 0.001 0.000 0.000 0.001 0.002 0.796 0.034 0.037 0.006 0.477 0.013 0.008 0.001 0.002 0.001 0.001 0.024 0.004 0.000 0.005 0.007 0.006 0.018 0.013 0.014 0.001 0.003 0.001 0.003 0.003 0.001 0.007 0.000 0.000 0.007 0.001 0.001 0.001 0.001 0.000 0.039 0.001 0.001 0.016 0.020 0.001 0.000 0.001 0.004 0.001 0.003 0.001 0.002 
5 giraffe_vis 30 0.995 0.974 0.010 0.001 0.106 0.006 0.001 0.000 0.009 0.004 0.001 0.296 0.010 0.037 0.001 0.643 0.017 0.000 0.002 0.007 0.002 0.000 0.000 0.000 0.007 0.001 0.004 0.001 0.001 0.013 0.042 0.003 0.000 0.021 0.000 0.001 0.007 0.001 0.000 0.001 0.000 0.002 0.001 0.001 0.000 0.001 0.063 0.002 0.001 0.001 0.002 0.002 0.077 0.001 0.001 0.001 0.002 0.001 
6 robin_vis 30 0.995 0.003 0.990 0.002 0.001 0.001 0.000 0.000 0.001 0.001 0.001 0.039 0.001 0.024 0.002 0.001 0.028 0.003 0.924 0.400 0.056 0.024 0.003 0.000 0.001 0.002 0.001 0.001 0.001 0.001 0.001 0.001 0.007 0.001 0.001 0.001 0.001 0.000 0.000 0.000 0.000 0.001 0.000 0.000 0.000 0.001 0.001 0.001 0.004 0.003 0.001 0.000 0.000 0.001 0.001 0.000 0.001 0.001 
7 swan_vis 30 0.996 0.000 0.991 0.014 0.008 0.001 0.016 0.000 0.000 0.001 0.002 0.000 0.001 0.000 0.001 0.000 0.007 0.971 0.002 0.033 0.039 0.077 0.004 0.013 0.001 0.001 0.011 0.001 0.010 0.001 0.001 0.022 0.003 0.041 0.014 0.002 0.000 0.000 0.001 0.004 0.000 0.001 0.000 0.000 0.000 0.000 0.000 0.001 0.000 0.001 0.001 0.000 0.001 0.001 0.001 0.000 0.001 0.003 
8 woodpecker_vis 30 0.995 0.002 0.989 0.001 0.001 0.001 0.000 0.000 0.001 0.001 0.001 0.019 0.001 0.112 0.003 0.001 0.011 0.002 0.978 0.150 0.067 0.047 0.004 0.000 0.001 0.004 0.000 0.001 0.000 0.003 0.001 0.001 0.057 0.001 0.001 0.001 0.000 0.000 0.000 0.000 0.000 0.001 0.000 0.000 0.000 0.002 0.001 0.000 0.058 0.003 0.001 0.000 0.000 0.001 0.002 0.001 0.001 0.000 
9 peacock_vis 30 0.995 0.002 0.992 0.002 0.001 0.001 0.000 0.000 0.000 0.001 0.006 0.019 0.001 0.001 0.001 0.001 0.029 0.042 0.384 0.755 0.030 0.039 0.002 0.001 0.001 0.002 0.001 0.001 0.001 0.001 0.001 0.001 0.003 0.004 0.000 0.000 0.000 0.000 0.000 0.001 0.000 0.001 0.000 0.000 0.000 0.000 0.000 0.001 0.000 0.002 0.002 0.000 0.001 0.001 0.000 0.000 0.001 0.001 
10 crow_vis 30 0.995 0.000 0.991 0.001 0.198 0.001 0.013 0.000 0.001 0.001 0.000 0.002 0.000 0.001 0.000 0.000 0.003 0.029 0.073 0.041 0.964 0.001 0.000 0.001 0.001 0.001 0.000 0.011 0.001 0.075 0.005 0.001 0.373 0.003 0.001 0.002 0.001 0.005 0.000 0.001 0.000 0.001 0.000 0.002 0.000 0.001 0.000 0.000 0.008 0.000 0.001 0.004 0.001 0.001 0.009 0.000 0.001 0.001 
11 eagle_vis 30 0.996 0.001 0.991 0.013 0.006 0.001 0.002 0.000 0.000 0.001 0.004 0.000 0.002 0.000 0.001 0.001 0.010 0.909 0.006 0.016 0.022 0.142 0.008 0.005 0.001 0.002 0.013 0.001 0.006 0.001 0.001 0.057 0.002 0.012 0.014 0.001 0.000 0.000 0.001 0.001 0.000 0.001 0.000 0.000 0.000 0.000 0.000 0.002 0.000 0.002 0.001 0.000 0.001 0.001 0.001 0.000 0.001 0.003 
12 tuna_vis 30 0.995 0.000 0.003 0.988 0.007 0.002 0.020 0.001 0.000 0.001 0.003 0.000 0.001 0.000 0.001 0.000 0.001 0.202 0.001 0.005 0.001 0.001 0.075 0.886 0.003 0.039 0.029 0.305 0.002 0.001 0.001 0.003 0.018 0.007 0.002 0.005 0.000 0.000 0.001 0.024 0.006 0.001 0.001 0.001 0.001 0.000 0.000 0.001 0.000 0.001 0.001 0.000 0.001 0.001 0.008 0.000 0.001 0.001 
13 goldfish_vis 30 0.006 0.000 0.001 0.078 0.001 0.995 0.055 0.975 0.000 0.005 0.001 0.002 0.001 0.000 0.001 0.000 0.002 0.001 0.007 0.001 0.001 0.001 0.341 0.005 0.005 0.013 0.011 0.003 0.001 0.002 0.001 0.001 0.015 0.000 0.382 0.007 0.001 0.001 0.000 0.001 0.252 0.019 0.005 0.001 0.301 0.691 0.001 0.002 0.001 0.003 0.001 0.001 0.004 0.001 0.182 0.011 0.002 0.001 
14 salmon_vis 30 0.994 0.000 0.001 0.990 0.389 0.004 0.108 0.002 0.001 0.002 0.002 0.000 0.001 0.000 0.003 0.000 0.001 0.106 0.001 0.001 0.001 0.001 0.057 0.910 0.006 0.477 0.003 0.939 0.007 0.003 0.001 0.003 0.211 0.002 0.007 0.454 0.001 0.001 0.002 0.012 0.078 0.001 0.002 0.032 0.002 0.001 0.000 0.001 0.000 0.001 0.001 0.001 0.001 0.001 0.165 0.001 0.002 0.002 
15 sardine_vis 30 0.995 0.001 0.001 0.989 0.003 0.006 0.001 0.003 0.000 0.001 0.015 0.008 0.002 0.000 0.001 0.000 0.001 0.001 0.001 0.036 0.001 0.000 0.012 0.173 0.003 0.952 0.002 0.041 0.001 0.001 0.001 0.004 0.041 0.000 0.002 0.009 0.000 0.000 0.000 0.001 0.016 0.002 0.004 0.001 0.048 0.001 0.000 0.001 0.000 0.001 0.001 0.010 0.001 0.001 0.009 0.001 0.001 0.001 
16 catfish_vis 30 0.995 0.000 0.001 0.990 0.012 0.004 0.001 0.001 0.000 0.002 0.005 0.001 0.002 0.000 0.001 0.001 0.001 0.036 0.000 0.010 0.001 0.000 0.006 0.705 0.014 0.295 0.295 0.006 0.024 0.001 0.002 0.011 0.002 0.003 0.002 0.001 0.000 0.000 0.001 0.004 0.001 0.001 0.001 0.000 0.007 0.000 0.000 0.004 0.000 0.001 0.001 0.000 0.004 0.001 0.001 0.001 0.002 0.003 
17 cod_vis 30 0.006 0.000 0.001 0.212 0.001 0.994 0.916 0.874 0.000 0.006 0.000 0.001 0.000 0.000 0.002 0.000 0.001 0.007 0.002 0.000 0.002 0.000 0.192 0.042 0.007 0.005 0.037 0.008 0.001 0.007 0.000 0.006 0.221 0.001 0.986 0.020 0.003 0.004 0.001 0.002 0.049 0.006 0.003 0.002 0.850 0.280 0.001 0.001 0.000 0.001 0.001 0.001 0.003 0.001 0.723 0.001 0.001 0.001 
18 turtle_vis 30 0.010 0.000 0.003 0.001 0.081 0.994 0.040 0.053 0.074 0.477 0.000 0.001 0.001 0.004 0.000 0.000 0.002 0.001 0.006 0.000 0.004 0.000 0.000 0.000 0.002 0.001 0.001 0.001 0.001 0.018 0.007 0.059 0.019 0.001 0.130 0.001 0.002 0.153 0.001 0.001 0.000 0.003 0.009 0.001 0.189 0.019 0.340 0.003 0.001 0.000 0.001 0.046 0.271 0.001 0.028 0.010 0.002 0.001 
19 rattlesnake_vis 30 0.004 0.000 0.005 0.001 0.316 0.995 0.054 0.001 0.007 0.990 0.000 0.000 0.000 0.007 0.001 0.000 0.001 0.000 0.021 0.000 0.408 0.000 0.000 0.000 0.001 0.000 0.000 0.001 0.001 0.349 0.006 0.002 0.232 0.000 0.023 0.005 0.015 0.542 0.001 0.000 0.000 0.002 0.001 0.001 0.005 0.001 0.021 0.000 0.012 0.000 0.001 0.004 0.145 0.001 0.933 0.142 0.007 0.013 
20 crab_vis 30 0.919 0.001 0.011 0.001 0.969 0.607 0.036 0.001 0.053 0.007 0.000 0.005 0.000 0.003 0.000 0.001 0.002 0.000 0.003 0.000 0.039 0.000 0.000 0.001 0.001 0.002 0.000 0.033 0.004 0.240 0.620 0.009 0.085 0.002 0.001 0.004 0.001 0.547 0.000 0.001 0.000 0.001 0.021 0.022 0.128 0.000 0.092 0.018 0.002 0.000 0.020 0.906 0.513 0.001 0.007 0.000 0.001 0.001 
21 frog_vis 30 0.994 0.000 0.001 0.357 0.317 0.012 0.002 0.139 0.000 0.002 0.000 0.053 0.000 0.194 0.000 0.000 0.001 0.000 0.042 0.000 0.004 0.000 0.000 0.062 0.060 0.142 0.000 0.182 0.001 0.024 0.049 0.082 0.611 0.000 0.001 0.001 0.000 0.001 0.001 0.000 0.000 0.001 0.336 0.090 0.674 0.001 0.006 0.001 0.000 0.000 0.001 0.112 0.005 0.001 0.005 0.000 0.001 0.001 
22 gecko_vis 30 0.992 0.002 0.004 0.008 0.988 0.013 0.003 0.001 0.001 0.024 0.000 0.002 0.000 0.757 0.001 0.001 0.001 0.000 0.016 0.000 0.201 0.000 0.000 0.001 0.055 0.001 0.000 0.177 0.001 0.929 0.023 0.078 0.393 0.004 0.036 0.004 0.002 0.045 0.001 0.000 0.000 0.101 0.013 0.001 0.225 0.009 0.167 0.000 0.030 0.000 0.001 0.021 0.039 0.001 0.580 0.001 0.006 0.001 
23 crocodile_vis 30 0.995 0.008 0.020 0.002 0.990 0.002 0.003 0.000 0.000 0.001 0.001 0.038 0.000 0.002 0.000 0.002 0.001 0.001 0.001 0.004 0.018 0.000 0.000 0.002 0.003 0.001 0.001 0.002 0.021 0.012 0.849 0.021 0.010 0.122 0.001 0.001 0.002 0.001 0.001 0.001 0.000 0.001 0.000 0.000 0.001 0.000 0.001 0.001 0.000 0.000 0.003 0.001 0.015 0.001 0.001 0.000 0.001 0.001 
24 axe_vis 30 0.003 0.003 0.006 0.001 0.001 0.981 0.029 0.003 0.831 0.016 0.004 0.188 0.001 0.004 0.005 0.000 0.001 0.000 0.097 0.003 0.001 0.006 0.002 0.000 0.003 0.000 0.001 0.001 0.001 0.002 0.001 0.001 0.003 0.000 0.048 0.001 0.328 0.001 0.037 0.002 0.001 0.008 0.001 0.003 0.000 0.001 0.011 0.001 0.260 0.906 0.023 0.001 0.001 0.127 0.001 0.002 0.004 0.003 
25 hammer_vis 30 0.004 0.000 0.009 0.001 0.005 0.994 0.121 0.001 0.001 0.989 0.003 0.000 0.001 0.000 0.013 0.000 0.001 0.013 0.000 0.000 0.002 0.004 0.002 0.001 0.002 0.000 0.041 0.002 0.006 0.002 0.001 0.016 0.001 0.005 0.057 0.007 0.002 0.001 0.071 0.012 0.001 0.001 0.001 0.001 0.000 0.000 0.001 0.007 0.000 0.001 0.001 0.001 0.003 0.006 0.024 0.003 0.461 0.486 
26 screwdriver_vis 30 0.004 0.001 0.014 0.001 0.020 0.992 0.983 0.001 0.020 0.023 0.001 0.000 0.001 0.001 0.003 0.000 0.001 0.019 0.002 0.000 0.004 0.002 0.001 0.004 0.002 0.000 0.004 0.002 0.003 0.003 0.002 0.011 0.014 0.009 0.897 0.003 0.014 0.013 0.694 0.118 0.001 0.002 0.001 0.002 0.000 0.000 0.001 0.002 0.002 0.148 0.009 0.001 0.001 0.018 0.001 0.001 0.037 0.006 
27 chisel_vis 30 0.004 0.000 0.007 0.001 0.005 0.994 0.991 0.001 0.010 0.007 0.000 0.002 0.000 0.000 0.002 0.000 0.001 0.002 0.000 0.000 0.002 0.001 0.001 0.012 0.001 0.000 0.000 0.002 0.002 0.003 0.003 0.004 0.003 0.001 0.010 0.016 0.685 0.075 0.614 0.152 0.001 0.001 0.001 0.010 0.000 0.000 0.001 0.002 0.002 0.003 0.062 0.001 0.001 0.002 0.001 0.001 0.015 0.005 
28 saw_vis 30 0.005 0.001 0.009 0.001 0.007 0.990 0.134 0.001 0.001 0.971 0.001 0.000 0.001 0.001 0.061 0.000 0.001 0.007 0.001 0.000 0.004 0.002 0.002 0.001 0.002 0.000 0.026 0.001 0.004 0.003 0.001 0.045 0.002 0.021 0.159 0.002 0.007 0.008 0.041 0.019 0.001 0.001 0.001 0.001 0.000 0.000 0.001 0.003 0.001 0.002 0.001 0.001 0.016 0.018 0.015 0.009 0.183 0.508 
29 drill_vis 30 0.004 0.001 0.015 0.001 0.011 0.993 0.014 0.001 0.001 0.986 0.002 0.000 0.003 0.001 0.003 0.001 0.001 0.029 0.001 0.000 0.011 0.002 0.001 0.002 0.002 0.000 0.179 0.001 0.018 0.003 0.001 0.050 0.002 0.037 0.024 0.002 0.001 0.010 0.006 0.015 0.001 0.001 0.001 0.001 0.000 0.000 0.001 0.010 0.000 0.001 0.001 0.001 0.164 0.006 0.008 0.003 0.107 0.829 
30 clamp_vis 30 0.003 0.000 0.001 0.012 0.001 0.995 0.007 0.991 0.039 0.003 0.000 0.001 0.000 0.000 0.001 0.000 0.001 0.000 0.001 0.000 0.001 0.000 0.003 0.001 0.003 0.024 0.000 0.006 0.000 0.002 0.000 0.000 0.001 0.000 0.001 0.060 0.004 0.002 0.001 0.001 0.676 0.025 0.758 0.128 0.002 0.003 0.001 0.001 0.005 0.006 0.001 0.013 0.001 0.001 0.006 0.004 0.001 0.001 
31 hoe_vis 30 0.003 0.000 0.001 0.002 0.001 0.995 0.004 0.991 0.007 0.004 0.000 0.007 0.000 0.001 0.002 0.000 0.001 0.000 0.006 0.000 0.001 0.000 0.001 0.000 0.002 0.001 0.000 0.003 0.001 0.003 0.001 0.000 0.001 0.000 0.002 0.003 0.036 0.004 0.003 0.001 0.024 0.008 0.156 0.855 0.001 0.006 0.002 0.001 0.038 0.004 0.002 0.003 0.001 0.002 0.003 0.003 0.002 0.001 
32 rake_vis 30 0.003 0.000 0.000 0.003 0.001 0.995 0.001 0.992 0.050 0.008 0.000 0.008 0.000 0.001 0.001 0.000 0.002 0.000 0.016 0.000 0.001 0.000 0.001 0.000 0.010 0.010 0.000 0.003 0.000 0.002 0.001 0.000 0.000 0.000 0.000 0.002 0.012 0.001 0.001 0.000 0.003 0.062 0.989 0.095 0.005 0.002 0.038 0.001 0.001 0.001 0.006 0.030 0.002 0.001 0.009 0.004 0.002 0.001 
33 shovel_vis 30 0.003 0.000 0.001 0.002 0.001 0.995 0.009 0.990 0.008 0.002 0.000 0.007 0.000 0.001 0.002 0.000 0.001 0.000 0.003 0.000 0.001 0.000 0.001 0.000 0.002 0.002 0.000 0.006 0.000 0.003 0.000 0.000 0.001 0.000 0.001 0.012 0.080 0.008 0.004 0.001 0.196 0.003 0.443 0.716 0.001 0.007 0.001 0.001 0.038 0.002 0.002 0.006 0.001 0.001 0.002 0.003 0.001 0.001 
34 spade_vis 30 0.003 0.000 0.001 0.003 0.001 0.995 0.001 0.992 0.065 0.004 0.000 0.001 0.000 0.001 0.001 0.000 0.001 0.000 0.007 0.000 0.001 0.000 0.001 0.000 0.004 0.008 0.000 0.002 0.000 0.002 0.001 0.000 0.000 0.000 0.001 0.001 0.002 0.002 0.000 0.000 0.001 0.061 0.820 0.044 0.011 0.004 0.017 0.001 0.001 0.001 0.001 0.022 0.002 0.001 0.003 0.003 0.002 0.001 
35 wrench_vis 30 0.003 0.000 0.001 0.002 0.001 0.995 0.001 0.992 0.004 0.003 0.000 0.009 0.000 0.004 0.002 0.000 0.001 0.000 0.019 0.000 0.001 0.000 0.002 0.000 0.006 0.003 0.000 0.003 0.001 0.004 0.001 0.000 0.001 0.000 0.006 0.001 0.010 0.005 0.000 0.001 0.042 0.052 0.029 0.013 0.020 0.565 0.014 0.000 0.004 0.001 0.001 0.004 0.001 0.001 0.005 0.011 0.001 0.001 
36 accordion_vis 30 0.004 0.003 0.004 0.001 0.001 0.992 0.003 0.002 0.986 0.005 0.001 0.016 0.009 0.003 0.001 0.000 0.003 0.000 0.045 0.001 0.001 0.001 0.000 0.000 0.004 0.001 0.000 0.001 0.001 0.002 0.006 0.002 0.001 0.000 0.001 0.001 0.006 0.001 0.020 0.002 0.001 0.003 0.001 0.002 0.001 0.001 0.053 0.004 0.004 0.048 0.635 0.002 0.002 0.010 0.000 0.001 0.004 0.001 
37 cello_vis 30 0.003 0.002 0.008 0.001 0.001 0.993 0.001 0.001 0.972 0.002 0.001 0.006 0.023 0.001 0.000 0.001 0.003 0.000 0.019 0.004 0.001 0.001 0.000 0.001 0.002 0.001 0.001 0.001 0.001 0.001 0.017 0.001 0.000 0.000 0.000 0.001 0.001 0.001 0.003 0.003 0.000 0.001 0.003 0.002 0.001 0.000 0.011 0.138 0.001 0.003 0.193 0.009 0.003 0.002 0.000 0.001 0.002 0.001 
38 flute_vis 30 0.003 0.004 0.003 0.001 0.001 0.994 0.018 0.028 0.963 0.003 0.001 0.030 0.000 0.002 0.008 0.000 0.001 0.000 0.022 0.000 0.001 0.001 0.000 0.000 0.001 0.001 0.000 0.002 0.001 0.005 0.001 0.000 0.004 0.000 0.019 0.013 0.037 0.045 0.001 0.001 0.002 0.005 0.001 0.065 0.000 0.007 0.005 0.001 0.972 0.033 0.003 0.057 0.001 0.002 0.001 0.016 0.002 0.001 
39 guitar_vis 30 0.004 0.005 0.006 0.001 0.001 0.985 0.021 0.004 0.954 0.006 0.003 0.087 0.002 0.008 0.005 0.000 0.002 0.000 0.093 0.003 0.001 0.005 0.001 0.000 0.005 0.000 0.001 0.002 0.001 0.003 0.001 0.001 0.001 0.000 0.087 0.001 0.155 0.001 0.027 0.002 0.001 0.018 0.001 0.003 0.000 0.001 0.057 0.001 0.108 0.929 0.051 0.001 0.001 0.088 0.001 0.001 0.005 0.002 
40 piano_vis 30 0.003 0.002 0.005 0.001 0.001 0.993 0.005 0.003 0.987 0.002 0.000 0.010 0.005 0.001 0.000 0.001 0.004 0.000 0.015 0.002 0.001 0.000 0.000 0.002 0.002 0.001 0.000 0.001 0.001 0.001 0.021 0.002 0.001 0.000 0.000 0.001 0.003 0.002 0.054 0.013 0.000 0.001 0.002 0.053 0.000 0.000 0.016 0.009 0.002 0.003 0.984 0.025 0.004 0.009 0.000 0.001 0.003 0.001 
41 trumpet_vis 30 0.003 0.001 0.004 0.001 0.001 0.994 0.001 0.006 0.992 0.002 0.000 0.004 0.003 0.001 0.000 0.000 0.002 0.000 0.033 0.002 0.001 0.000 0.000 0.000 0.001 0.006 0.000 0.001 0.001 0.001 0.003 0.001 0.011 0.000 0.000 0.001 0.001 0.009 0.001 0.001 0.000 0.001 0.004 0.009 0.004 0.000 0.013 0.011 0.060 0.001 0.109 0.701 0.004 0.001 0.000 0.001 0.002 0.001 
42 fork_vis 30 0.004 0.000 0.007 0.001 0.050 0.995 0.007 0.001 0.004 0.990 0.001 0.000 0.001 0.003 0.001 0.002 0.001 0.001 0.005 0.000 0.045 0.000 0.001 0.001 0.002 0.000 0.015 0.001 0.003 0.002 0.065 0.012 0.007 0.003 0.007 0.001 0.001 0.008 0.004 0.003 0.000 0.200 0.001 0.001 0.002 0.000 0.082 0.001 0.000 0.001 0.001 0.001 0.911 0.283 0.006 0.001 0.216 0.011 
43 spoon_vis 30 0.004 0.001 0.010 0.001 0.008 0.995 0.277 0.001 0.001 0.989 0.002 0.000 0.001 0.001 0.005 0.000 0.001 0.014 0.001 0.000 0.004 0.002 0.002 0.001 0.002 0.000 0.079 0.002 0.006 0.003 0.001 0.014 0.003 0.015 0.669 0.002 0.002 0.002 0.255 0.020 0.001 0.007 0.001 0.001 0.000 0.000 0.001 0.001 0.001 0.004 0.001 0.001 0.067 0.912 0.012 0.001 0.051 0.038 
44 tongs_vis 30 0.003 0.000 0.011 0.001 0.012 0.995 0.027 0.001 0.000 0.990 0.004 0.000 0.000 0.000 0.001 0.000 0.001 0.018 0.000 0.000 0.011 0.001 0.001 0.001 0.001 0.000 0.008 0.002 0.005 0.006 0.001 0.007 0.005 0.012 0.013 0.007 0.001 0.085 0.001 0.010 0.002 0.001 0.001 0.001 0.000 0.001 0.000 0.002 0.000 0.000 0.001 0.001 0.072 0.001 0.289 0.037 0.018 0.121 
45 ladle_vis 30 0.003 0.001 0.001 0.067 0.001 0.995 0.002 0.517 0.003 0.954 0.002 0.000 0.014 0.000 0.002 0.000 0.002 0.000 0.001 0.000 0.001 0.001 0.041 0.001 0.003 0.048 0.119 0.002 0.001 0.003 0.001 0.000 0.001 0.000 0.015 0.002 0.001 0.001 0.001 0.001 0.021 0.172 0.017 0.001 0.074 0.007 0.001 0.001 0.002 0.003 0.001 0.001 0.257 0.007 0.159 0.208 0.002 0.002 
46 knife_vis 30 0.005 0.001 0.006 0.001 0.002 0.995 0.184 0.001 0.001 0.992 0.005 0.000 0.001 0.000 0.130 0.000 0.001 0.008 0.000 0.000 0.001 0.004 0.001 0.000 0.002 0.000 0.033 0.002 0.005 0.003 0.001 0.041 0.000 0.003 0.198 0.005 0.014 0.008 0.065 0.032 0.001 0.002 0.001 0.001 0.000 0.001 0.001 0.001 0.001 0.001 0.001 0.001 0.004 0.007 0.007 0.011 0.832 0.469 
47 chopsticks_vis 30 0.004 0.000 0.015 0.001 0.006 0.995 0.037 0.001 0.000 0.994 0.014 0.000 0.001 0.000 0.006 0.000 0.001 0.066 0.000 0.000 0.003 0.006 0.002 0.001 0.001 0.000 0.171 0.001 0.036 0.002 0.001 0.033 0.000 0.015 0.023 0.003 0.001 0.004 0.002 0.063 0.002 0.001 0.001 0.001 0.000 0.000 0.001 0.008 0.000 0.001 0.001 0.001 0.036 0.002 0.018 0.013 0.159 0.975 
