0 beaver_vis 30 0.995 0.002 0.991 0.396 0.001 0.002 0.001 0.000 0.001 0.001 0.121 0.175 0.001 0.000 0.001 0.001 0.151 0.714 0.269 0.966 0.016 0.043 0.473 0.000 0.000 0.000 0.548 0.000 0.002 0.001 0.000 0.000 0.000 0.028 0.000 0.002 0.000 0.003 0.013 0.000 0.000 0.000 0.001 0.001 0.015 0.142 0.000 0.001 0.000 0.000 0.000 0.001 0.001 0.000 0.000 0.000 0.000 0.000 
1 bear_vis 30 0.996 0.989 0.003 0.025 0.004 0.001 0.010 0.000 0.001 0.000 0.011 0.849 0.035 0.032 0.053 0.132 0.001 0.001 0.002 0.062 0.003 0.004 0.000 0.002 0.006 0.000 0.049 0.000 0.001 0.002 0.006 0.000 0.000 0.002 0.000 0.001 0.001 0.000 0.002 0.010 0.000 0.000 0.001 0.000 0.000 0.000 0.000 0.001 0.001 0.000 0.000 0.001 0.000 0.000 0.000 0.000 0.000 0.004 
2 sheep_vis 30 0.995 0.047 0.001 0.529 0.001 0.002 0.000 0.000 0.001 0.001 0.002 0.001 0.006 0.000 0.017 0.000 0.003 0.001 0.002 0.000 0.001 0.002 0.007 0.011 0.165 0.001 0.001 0.002 0.003 0.001 0.000 0.000 0.000 0.000 0.000 0.001 0.000 0.000 0.001 0.001 0.000 0.000 0.001 0.000 0.005 0.000 0.000 0.000 0.000 0.000 0.000 0.000 0.001 0.000 0.001 0.001 0.000 0.001 
3 buffalo_vis 30 0.970 0.007 0.001 0.908 0.006 0.002 0.011 0.000 0.000 0.001 0.001 0.004 0.003 0.000 0.000 0.001 0.001 0.004 0.000 0.015 0.001 0.001 0.006 0.044 0.028 0.004 0.899 0.001 0.010 0.001 0.003 0.000 0.000 0.003 0.001 0.000 0.000 0.000 0.001 0.002 0.000 0.000 0.001 0.000 0.001 0.000 0.000 0.000 0.001 0.000 0.000 0.000 0.001 0.000 0.000 0.001 0.000 0.001 
4 poodle_vis 30 0.995 0.004 0.961 0.011 0.001 0.002 0.001 0.000 0.001 0.001 0.001 0.005 0.001 0.000 0.001 0.024 0.005 0.021 0.003 0.009 0.008 0.389 0.005 0.000 0.000 0.000 0.001 0.000 0.000 0.001 0.000 0.000 0.000 0.001 0.000 0.001 0.000 0.006 0.001 0.000 0.000 0.000 0.001 0.000 0.001 0.000 0.000 0.001 0.000 0.000 0.000 0.001 0.001 0.000 0.000 0.000 0.000 0.000 
5 giraffe_vis 30 0.996 0.988 0.002 0.029 0.001 0.001 0.058 0.000 0.001 0.000 0.086 0.949 0.073 0.002 0.005 0.041 0.001 0.001 0.001 0.047 0.001 0.008 0.000 0.001 0.004 0.000 0.104 0.000 0.001 0.001 0.001 0.000 0.000 0.001 0.001 0.001 0.000 0.000 0.002 0.002 0.000 0.000 0.001 0.000 0.000 0.000 0.000 0.000 0.001 0.000 0.000 0.000 0.000 0.000 0.000 0.000 0.000 0.004 
6 robin_vis 30 0.995 0.002 0.993 0.003 0.050 0.001 0.000 0.000 0.001 0.001 0.001 0.001 0.001 0.000 0.001 0.000 0.952 0.015 0.020 0.002 0.870 0.058 0.004 0.000 0.000 0.000 0.000 0.001 0.000 0.034 0.000 0.011 0.009 0.001 0.000 0.012 0.000 0.000 0.000 0.000 0.051 0.000 0.002 0.000 0.001 0.000 0.063 0.065 0.000 0.000 0.132 0.001 0.001 0.261 0.000 0.000 0.001 0.000 
7 swan_vis 30 0.995 0.001 0.992 0.002 0.036 0.002 0.000 0.000 0.001 0.001 0.000 0.001 0.000 0.000 0.001 0.001 0.689 0.006 0.003 0.002 0.902 0.025 0.002 0.000 0.000 0.000 0.000 0.000 0.000 0.018 0.000 0.001 0.004 0.001 0.000 0.004 0.000 0.001 0.000 0.000 0.005 0.000 0.001 0.000 0.001 0.000 0.002 0.012 0.000 0.000 0.284 0.001 0.001 0.036 0.000 0.000 0.000 0.000 
8 woodpecker_vis 30 0.995 0.002 0.993 0.001 0.074 0.002 0.000 0.000 0.001 0.001 0.001 0.001 0.000 0.000 0.001 0.002 0.729 0.008 0.006 0.001 0.958 0.032 0.002 0.000 0.000 0.000 0.000 0.000 0.000 0.041 0.000 0.003 0.007 0.002 0.000 0.007 0.001 0.001 0.001 0.000 0.013 0.000 0.001 0.000 0.000 0.000 0.007 0.032 0.000 0.000 0.346 0.001 0.001 0.067 0.000 0.000 0.000 0.000 
9 peacock_vis 30 0.988 0.010 0.004 0.003 0.949 0.002 0.001 0.000 0.001 0.001 0.000 0.002 0.000 0.000 0.001 0.956 0.009 0.001 0.000 0.001 0.071 0.002 0.001 0.000 0.000 0.000 0.006 0.003 0.000 0.831 0.025 0.002 0.124 0.012 0.000 0.002 0.001 0.000 0.001 0.000 0.000 0.000 0.002 0.000 0.001 0.001 0.000 0.003 0.002 0.000 0.001 0.001 0.133 0.040 0.000 0.001 0.000 0.000 
10 crow_vis 30 0.995 0.001 0.992 0.056 0.001 0.002 0.000 0.000 0.001 0.001 0.001 0.001 0.001 0.000 0.001 0.000 0.347 0.033 0.013 0.044 0.012 0.132 0.052 0.000 0.000 0.000 0.000 0.002 0.000 0.003 0.000 0.000 0.001 0.000 0.000 0.045 0.000 0.007 0.002 0.000 0.001 0.000 0.002 0.001 0.001 0.000 0.000 0.001 0.000 0.000 0.001 0.001 0.001 0.000 0.000 0.000 0.012 0.000 
11 eagle_vis 30 0.995 0.001 0.992 0.006 0.001 0.002 0.000 0.000 0.001 0.002 0.001 0.001 0.000 0.000 0.001 0.000 0.291 0.005 0.003 0.007 0.013 0.007 0.012 0.000 0.000 0.000 0.000 0.000 0.000 0.001 0.000 0.000 0.000 0.001 0.000 0.005 0.000 0.001 0.001 0.000 0.000 0.000 0.001 0.000 0.001 0.000 0.000 0.001 0.000 0.000 0.001 0.001 0.001 0.000 0.000 0.000 0.002 0.000 
12 tuna_vis 30 0.950 0.001 0.002 0.005 0.981 0.008 0.001 0.000 0.002 0.005 0.000 0.001 0.001 0.000 0.001 0.787 0.001 0.000 0.000 0.000 0.009 0.001 0.002 0.000 0.000 0.000 0.011 0.025 0.006 0.030 0.000 0.030 0.822 0.005 0.000 0.002 0.001 0.001 0.001 0.000 0.001 0.000 0.001 0.000 0.000 0.000 0.001 0.002 0.000 0.001 0.023 0.001 0.001 0.005 0.000 0.001 0.000 0.002 
13 goldfish_vis 30 0.980 0.003 0.001 0.965 0.044 0.002 0.011 0.000 0.001 0.001 0.020 0.002 0.001 0.001 0.002 0.001 0.002 0.003 0.000 0.002 0.001 0.001 0.004 0.402 0.002 0.015 0.157 0.003 0.003 0.003 0.015 0.001 0.001 0.002 0.001 0.005 0.000 0.001 0.000 0.005 0.000 0.001 0.002 0.000 0.000 0.000 0.000 0.000 0.000 0.000 0.000 0.000 0.001 0.000 0.001 0.001 0.000 0.001 
14 salmon_vis 30 0.994 0.308 0.085 0.003 0.739 0.002 0.000 0.000 0.001 0.012 0.006 0.017 0.001 0.001 0.000 0.865 0.642 0.002 0.000 0.008 0.566 0.001 0.001 0.001 0.000 0.000 0.008 0.002 0.001 0.958 0.237 0.008 0.006 0.009 0.000 0.001 0.001 0.001 0.000 0.000 0.001 0.000 0.009 0.000 0.019 0.042 0.000 0.033 0.021 0.000 0.000 0.000 0.746 0.742 0.000 0.008 0.000 0.000 
15 sardine_vis 30 0.977 0.002 0.001 0.005 0.977 0.002 0.000 0.000 0.001 0.001 0.000 0.001 0.000 0.000 0.001 0.951 0.001 0.000 0.000 0.000 0.017 0.001 0.001 0.001 0.000 0.000 0.005 0.007 0.001 0.779 0.006 0.006 0.348 0.014 0.000 0.001 0.000 0.000 0.000 0.000 0.001 0.000 0.001 0.000 0.001 0.000 0.000 0.002 0.001 0.000 0.001 0.001 0.027 0.006 0.000 0.001 0.000 0.000 
16 catfish_vis 30 0.995 0.161 0.002 0.113 0.986 0.002 0.001 0.000 0.001 0.001 0.020 0.661 0.002 0.007 0.000 0.961 0.019 0.021 0.000 0.319 0.209 0.028 0.002 0.001 0.000 0.001 0.926 0.002 0.004 0.788 0.979 0.072 0.004 0.464 0.006 0.000 0.007 0.308 0.000 0.000 0.026 0.001 0.001 0.000 0.006 0.497 0.000 0.003 0.880 0.003 0.000 0.001 0.171 0.004 0.000 0.060 0.000 0.071 
17 cod_vis 30 0.241 0.001 0.002 0.300 0.007 0.112 0.000 0.000 0.001 0.882 0.000 0.001 0.001 0.000 0.001 0.001 0.012 0.000 0.001 0.000 0.002 0.001 0.003 0.001 0.005 0.000 0.000 0.038 0.000 0.010 0.000 0.001 0.004 0.001 0.000 0.005 0.000 0.000 0.000 0.000 0.001 0.001 0.005 0.000 0.002 0.000 0.001 0.002 0.000 0.000 0.001 0.001 0.014 0.001 0.002 0.068 0.093 0.006 
18 turtle_vis 30 0.988 0.014 0.001 0.007 0.992 0.002 0.001 0.000 0.001 0.001 0.002 0.001 0.001 0.001 0.001 0.027 0.001 0.009 0.000 0.001 0.003 0.001 0.001 0.008 0.000 0.004 0.017 0.002 0.168 0.014 0.452 0.042 0.030 0.040 0.000 0.001 0.003 0.001 0.000 0.000 0.001 0.000 0.001 0.000 0.001 0.001 0.000 0.004 0.002 0.001 0.000 0.000 0.001 0.004 0.000 0.001 0.001 0.001 
19 rattlesnake_vis 30 0.986 0.007 0.001 0.002 0.992 0.002 0.000 0.000 0.001 0.140 0.001 0.003 0.000 0.000 0.001 0.819 0.272 0.000 0.000 0.001 0.115 0.001 0.000 0.001 0.000 0.000 0.001 0.001 0.000 0.991 0.232 0.037 0.008 0.022 0.000 0.001 0.001 0.001 0.000 0.000 0.001 0.000 0.017 0.000 0.043 0.022 0.000 0.068 0.022 0.000 0.000 0.000 0.945 0.437 0.000 0.075 0.001 0.000 
20 crab_vis 30 0.993 0.020 0.001 0.027 0.992 0.002 0.000 0.000 0.001 0.001 0.001 0.044 0.001 0.001 0.000 0.920 0.040 0.005 0.000 0.008 0.127 0.003 0.001 0.001 0.000 0.001 0.253 0.005 0.003 0.904 0.872 0.104 0.013 0.162 0.000 0.001 0.001 0.027 0.000 0.000 0.015 0.000 0.002 0.000 0.014 0.092 0.000 0.013 0.481 0.001 0.000 0.000 0.389 0.055 0.000 0.106 0.000 0.009 
21 frog_vis 30 0.994 0.030 0.002 0.010 0.991 0.002 0.000 0.000 0.001 0.026 0.003 0.056 0.001 0.001 0.000 0.891 0.336 0.003 0.000 0.013 0.323 0.003 0.001 0.001 0.000 0.000 0.063 0.003 0.001 0.979 0.787 0.054 0.007 0.092 0.000 0.001 0.001 0.010 0.000 0.000 0.003 0.000 0.014 0.000 0.054 0.168 0.000 0.042 0.251 0.001 0.000 0.000 0.820 0.290 0.000 0.087 0.000 0.001 
22 gecko_vis 30 0.981 0.004 0.001 0.021 0.984 0.002 0.000 0.000 0.001 0.002 0.000 0.005 0.000 0.000 0.001 0.966 0.002 0.000 0.000 0.001 0.055 0.001 0.001 0.001 0.000 0.000 0.043 0.043 0.000 0.962 0.017 0.010 0.590 0.049 0.000 0.001 0.001 0.000 0.000 0.000 0.001 0.000 0.002 0.000 0.001 0.000 0.000 0.003 0.003 0.000 0.001 0.001 0.060 0.004 0.001 0.001 0.000 0.000 
23 crocodile_vis 30 0.995 0.810 0.679 0.006 0.541 0.002 0.000 0.000 0.001 0.002 0.349 0.892 0.045 0.097 0.001 0.915 0.613 0.273 0.000 0.875 0.864 0.067 0.001 0.001 0.000 0.000 0.317 0.001 0.002 0.605 0.968 0.012 0.002 0.037 0.001 0.001 0.007 0.118 0.000 0.000 0.017 0.000 0.001 0.000 0.001 0.452 0.000 0.002 0.692 0.002 0.000 0.001 0.485 0.055 0.000 0.003 0.001 0.047 
24 axe_vis 30 0.002 0.002 0.001 0.001 0.001 0.996 0.216 0.000 0.001 0.883 0.001 0.001 0.000 0.000 0.001 0.006 0.005 0.000 0.000 0.000 0.001 0.001 0.000 0.001 0.000 0.000 0.001 0.000 0.000 0.007 0.000 0.000 0.000 0.000 0.004 0.003 0.002 0.002 0.001 0.041 0.001 0.000 0.001 0.000 0.001 0.001 0.000 0.001 0.004 0.000 0.000 0.001 0.689 0.001 0.003 0.008 0.002 0.003 
25 hammer_vis 30 0.005 0.001 0.017 0.005 0.001 0.992 0.125 0.725 0.001 0.054 0.001 0.001 0.000 0.000 0.001 0.000 0.019 0.000 0.001 0.001 0.003 0.002 0.003 0.000 0.000 0.000 0.000 0.000 0.000 0.007 0.000 0.000 0.000 0.001 0.000 0.219 0.001 0.756 0.003 0.008 0.006 0.405 0.578 0.002 0.005 0.002 0.000 0.001 0.000 0.001 0.180 0.001 0.035 0.000 0.001 0.002 0.000 0.037 
26 screwdriver_vis 30 0.004 0.003 0.002 0.001 0.042 0.994 0.008 0.008 0.419 0.191 0.000 0.001 0.000 0.003 0.001 0.001 0.001 0.000 0.001 0.000 0.005 0.001 0.000 0.087 0.000 0.000 0.000 0.000 0.000 0.070 0.000 0.002 0.003 0.001 0.000 0.008 0.017 0.002 0.001 0.035 0.011 0.001 0.192 0.001 0.001 0.001 0.002 0.003 0.047 0.001 0.959 0.013 0.016 0.015 0.010 0.019 0.000 0.000 
27 chisel_vis 30 0.003 0.008 0.001 0.000 0.084 0.995 0.131 0.000 0.248 0.047 0.001 0.001 0.000 0.000 0.007 0.038 0.001 0.000 0.001 0.000 0.006 0.001 0.000 0.002 0.000 0.000 0.000 0.000 0.000 0.238 0.006 0.001 0.001 0.001 0.001 0.029 0.313 0.003 0.001 0.008 0.001 0.000 0.006 0.001 0.000 0.001 0.001 0.007 0.324 0.001 0.558 0.001 0.085 0.035 0.004 0.001 0.000 0.000 
28 saw_vis 30 0.004 0.001 0.002 0.019 0.000 0.991 0.980 0.002 0.001 0.006 0.001 0.001 0.000 0.000 0.147 0.000 0.017 0.001 0.045 0.000 0.001 0.001 0.004 0.312 0.003 0.000 0.000 0.001 0.000 0.005 0.000 0.000 0.000 0.002 0.001 0.971 0.004 0.003 0.060 0.918 0.001 0.000 0.024 0.001 0.008 0.000 0.000 0.011 0.000 0.000 0.002 0.001 0.009 0.000 0.088 0.000 0.000 0.001 
29 drill_vis 30 0.002 0.002 0.001 0.001 0.001 0.996 0.150 0.001 0.001 0.795 0.001 0.001 0.000 0.000 0.001 0.002 0.006 0.000 0.000 0.000 0.001 0.001 0.000 0.004 0.000 0.000 0.001 0.000 0.000 0.005 0.000 0.000 0.000 0.000 0.003 0.004 0.001 0.002 0.001 0.158 0.000 0.000 0.002 0.000 0.011 0.001 0.000 0.001 0.006 0.000 0.000 0.001 0.391 0.000 0.004 0.028 0.002 0.003 
30 clamp_vis 30 0.016 0.001 0.001 0.045 0.001 0.914 0.001 0.042 0.001 0.963 0.001 0.001 0.001 0.000 0.001 0.000 0.011 0.000 0.003 0.000 0.001 0.001 0.001 0.413 0.004 0.006 0.000 0.006 0.000 0.005 0.000 0.015 0.001 0.000 0.001 0.002 0.000 0.000 0.001 0.001 0.049 0.001 0.003 0.000 0.004 0.000 0.043 0.001 0.000 0.000 0.001 0.001 0.003 0.006 0.873 0.448 0.000 0.001 
31 hoe_vis 30 0.008 0.018 0.007 0.000 0.004 0.996 0.000 0.001 0.009 0.994 0.000 0.021 0.013 0.000 0.000 0.001 0.001 0.000 0.000 0.000 0.002 0.000 0.000 0.000 0.000 0.000 0.000 0.000 0.000 0.002 0.000 0.002 0.002 0.000 0.000 0.000 0.000 0.000 0.000 0.001 0.001 0.001 0.001 0.000 0.005 0.001 0.015 0.001 0.035 0.004 0.002 0.001 0.009 0.978 0.001 0.048 0.028 0.002 
32 rake_vis 30 0.016 0.001 0.044 0.012 0.000 0.988 0.001 0.988 0.001 0.041 0.000 0.001 0.000 0.000 0.000 0.000 0.007 0.000 0.025 0.000 0.001 0.001 0.006 0.007 0.000 0.000 0.000 0.000 0.000 0.004 0.000 0.000 0.000 0.000 0.000 0.031 0.000 0.001 0.001 0.001 0.059 0.008 0.776 0.041 0.039 0.002 0.016 0.001 0.000 0.000 0.021 0.019 0.002 0.002 0.004 0.010 0.000 0.001 
33 shovel_vis 30 0.009 0.001 0.013 0.048 0.001 0.995 0.010 0.966 0.002 0.002 0.001 0.034 0.000 0.000 0.000 0.001 0.001 0.001 0.001 0.038 0.001 0.001 0.014 0.001 0.000 0.000 0.026 0.000 0.000 0.002 0.000 0.000 0.000 0.001 0.001 0.001 0.002 0.188 0.012 0.003 0.023 0.901 0.005 0.067 0.003 0.056 0.000 0.001 0.016 0.006 0.002 0.001 0.006 0.000 0.000 0.006 0.000 0.023 
34 spade_vis 30 0.005 0.001 0.018 0.018 0.000 0.991 0.000 0.954 0.001 0.045 0.000 0.001 0.000 0.000 0.000 0.000 0.001 0.000 0.003 0.001 0.001 0.001 0.065 0.001 0.002 0.000 0.000 0.000 0.000 0.001 0.000 0.000 0.001 0.000 0.000 0.001 0.000 0.000 0.002 0.001 0.004 0.395 0.006 0.000 0.431 0.002 0.001 0.001 0.000 0.001 0.001 0.001 0.001 0.012 0.001 0.029 0.000 0.001 
35 wrench_vis 30 0.002 0.001 0.001 0.003 0.001 0.996 0.001 0.581 0.001 0.404 0.001 0.042 0.000 0.000 0.000 0.000 0.001 0.000 0.000 0.001 0.001 0.001 0.000 0.008 0.000 0.000 0.000 0.000 0.000 0.005 0.000 0.000 0.000 0.000 0.003 0.001 0.001 0.001 0.001 0.006 0.001 0.021 0.049 0.000 0.022 0.016 0.000 0.000 0.096 0.001 0.000 0.001 0.194 0.002 0.001 0.152 0.001 0.001 
36 accordion_vis 30 0.005 0.003 0.002 0.000 0.055 0.996 0.000 0.001 0.943 0.033 0.001 0.001 0.001 0.020 0.000 0.000 0.000 0.001 0.001 0.001 0.002 0.001 0.001 0.014 0.000 0.019 0.000 0.000 0.001 0.001 0.000 0.073 0.020 0.001 0.001 0.001 0.002 0.000 0.001 0.000 0.001 0.001 0.001 0.001 0.001 0.002 0.969 0.001 0.167 0.023 0.030 0.010 0.001 0.111 0.008 0.003 0.020 0.000 
37 cello_vis 30 0.005 0.008 0.002 0.000 0.080 0.994 0.728 0.000 0.277 0.001 0.005 0.001 0.000 0.000 0.011 0.008 0.001 0.002 0.001 0.000 0.008 0.001 0.000 0.001 0.000 0.000 0.000 0.000 0.000 0.015 0.048 0.002 0.001 0.003 0.005 0.021 0.954 0.008 0.001 0.008 0.001 0.000 0.012 0.003 0.000 0.001 0.003 0.008 0.004 0.001 0.866 0.002 0.014 0.001 0.005 0.000 0.001 0.000 
38 flute_vis 30 0.005 0.005 0.002 0.000 0.052 0.995 0.005 0.001 0.756 0.011 0.001 0.001 0.002 0.004 0.001 0.001 0.001 0.002 0.001 0.001 0.003 0.001 0.001 0.003 0.001 0.003 0.001 0.000 0.003 0.002 0.001 0.006 0.006 0.001 0.002 0.001 0.015 0.001 0.002 0.002 0.002 0.001 0.001 0.001 0.001 0.001 0.034 0.002 0.028 0.021 0.405 0.003 0.001 0.019 0.006 0.002 0.004 0.000 
39 guitar_vis 30 0.004 0.002 0.002 0.000 0.045 0.996 0.000 0.001 0.978 0.011 0.000 0.002 0.002 0.011 0.000 0.001 0.000 0.001 0.001 0.001 0.002 0.001 0.001 0.003 0.000 0.005 0.001 0.000 0.003 0.001 0.000 0.023 0.026 0.001 0.001 0.001 0.001 0.000 0.001 0.000 0.001 0.002 0.001 0.000 0.001 0.002 0.588 0.001 0.619 0.219 0.011 0.004 0.001 0.182 0.001 0.004 0.003 0.000 
40 piano_vis 30 0.005 0.002 0.003 0.000 0.049 0.995 0.007 0.006 0.838 0.274 0.000 0.001 0.000 0.022 0.001 0.001 0.001 0.000 0.001 0.000 0.006 0.002 0.001 0.018 0.001 0.000 0.000 0.000 0.000 0.005 0.000 0.012 0.018 0.002 0.000 0.005 0.013 0.002 0.001 0.001 0.014 0.008 0.010 0.002 0.001 0.001 0.049 0.004 0.017 0.002 0.939 0.010 0.001 0.102 0.014 0.039 0.000 0.000 
41 trumpet_vis 30 0.012 0.007 0.005 0.000 0.115 0.950 0.002 0.000 0.836 0.059 0.000 0.001 0.001 0.000 0.063 0.001 0.002 0.000 0.004 0.000 0.011 0.002 0.001 0.005 0.037 0.000 0.000 0.000 0.014 0.017 0.000 0.000 0.074 0.006 0.000 0.012 0.004 0.001 0.001 0.016 0.001 0.000 0.009 0.000 0.053 0.000 0.004 0.776 0.000 0.001 0.098 0.003 0.001 0.082 0.070 0.000 0.000 0.000 
42 fork_vis 30 0.001 0.001 0.001 0.001 0.001 0.996 0.022 0.000 0.001 0.993 0.001 0.001 0.000 0.000 0.000 0.002 0.058 0.000 0.000 0.000 0.001 0.001 0.000 0.000 0.000 0.000 0.000 0.000 0.000 0.012 0.000 0.000 0.000 0.000 0.014 0.003 0.001 0.004 0.001 0.008 0.001 0.000 0.001 0.000 0.002 0.001 0.000 0.001 0.002 0.001 0.000 0.001 0.950 0.004 0.013 0.053 0.271 0.024 
43 spoon_vis 30 0.007 0.035 0.006 0.000 0.007 0.996 0.000 0.000 0.022 0.994 0.000 0.009 0.009 0.000 0.000 0.004 0.001 0.000 0.000 0.000 0.005 0.000 0.000 0.000 0.000 0.000 0.000 0.000 0.000 0.002 0.000 0.002 0.005 0.000 0.000 0.000 0.000 0.000 0.000 0.000 0.001 0.000 0.001 0.000 0.002 0.001 0.028 0.001 0.056 0.008 0.003 0.000 0.007 0.989 0.001 0.016 0.017 0.001 
44 tongs_vis 30 0.006 0.002 0.001 0.063 0.002 0.884 0.004 0.001 0.001 0.981 0.001 0.001 0.004 0.000 0.004 0.001 0.075 0.001 0.001 0.000 0.001 0.001 0.001 0.017 0.016 0.014 0.000 0.166 0.000 0.017 0.000 0.004 0.001 0.000 0.004 0.099 0.001 0.001 0.001 0.012 0.006 0.000 0.009 0.000 0.001 0.000 0.001 0.001 0.000 0.000 0.012 0.001 0.031 0.001 0.915 0.023 0.009 0.020 
45 ladle_vis 30 0.001 0.001 0.001 0.007 0.001 0.996 0.000 0.004 0.001 0.994 0.000 0.024 0.001 0.000 0.000 0.000 0.001 0.000 0.000 0.000 0.001 0.000 0.000 0.002 0.002 0.000 0.000 0.000 0.000 0.001 0.000 0.001 0.000 0.000 0.000 0.000 0.000 0.000 0.000 0.001 0.001 0.006 0.001 0.000 0.021 0.001 0.000 0.000 0.002 0.001 0.000 0.000 0.035 0.088 0.008 0.910 0.047 0.008 
46 knife_vis 30 0.008 0.033 0.009 0.000 0.006 0.996 0.000 0.000 0.006 0.994 0.000 0.010 0.017 0.000 0.000 0.035 0.001 0.000 0.000 0.000 0.006 0.001 0.000 0.000 0.000 0.000 0.000 0.000 0.000 0.003 0.000 0.002 0.004 0.000 0.000 0.000 0.000 0.000 0.000 0.000 0.001 0.000 0.001 0.000 0.001 0.001 0.005 0.006 0.007 0.016 0.012 0.000 0.015 0.976 0.001 0.004 0.116 0.002 
47 chopsticks_vis 30 0.002 0.001 0.001 0.068 0.001 0.992 0.002 0.001 0.001 0.993 0.000 0.007 0.077 0.000 0.000 0.003 0.014 0.001 0.000 0.000 0.001 0.001 0.001 0.001 0.022 0.001 0.006 0.106 0.000 0.002 0.000 0.001 0.000 0.000 0.001 0.004 0.000 0.008 0.001 0.052 0.002 0.100 0.004 0.000 0.004 0.000 0.000 0.001 0.000 0.001 0.012 0.000 0.102 0.002 0.111 0.088 0.165 0.987 
