0 beaver_vis 30 0.997 0.113 0.318 0.584 0.007 0.000 0.001 0.036 0.000 0.000 0.015 0.000 0.878 0.001 0.005 0.000 0.099 0.000 0.750 0.000 0.000 0.006 0.001 0.020 0.859 0.000 0.000 0.588 0.006 0.001 0.001 0.000 0.001 0.001 0.000 0.001 0.000 0.004 0.000 0.000 0.000 0.348 0.021 0.000 0.000 0.001 0.000 0.000 0.000 0.000 0.034 0.000 0.000 0.000 0.000 0.004 0.000 0.000 
1 bear_vis 30 0.996 0.979 0.451 0.001 0.007 0.000 0.001 0.000 0.000 0.000 0.028 0.460 0.014 0.004 0.057 0.001 0.456 0.024 0.004 0.001 0.000 0.000 0.000 0.001 0.000 0.001 0.000 0.000 0.007 0.004 0.000 0.000 0.001 0.000 0.001 0.001 0.000 0.001 0.000 0.000 0.000 0.000 0.000 0.000 0.000 0.001 0.038 0.003 0.000 0.001 0.006 0.000 0.002 0.000 0.000 0.014 0.000 0.000 
2 sheep_vis 30 0.997 0.920 0.413 0.008 0.002 0.000 0.000 0.000 0.007 0.000 0.156 0.573 0.022 0.001 0.014 0.013 0.181 0.041 0.056 0.031 0.000 0.007 0.000 0.010 0.002 0.001 0.000 0.000 0.010 0.001 0.000 0.000 0.001 0.000 0.000 0.001 0.000 0.001 0.000 0.000 0.000 0.001 0.000 0.000 0.000 0.005 0.022 0.044 0.000 0.011 0.006 0.000 0.001 0.000 0.000 0.008 0.000 0.000 
3 buffalo_vis 30 0.823 0.025 0.069 0.019 0.012 0.462 0.000 0.000 0.000 0.062 0.001 0.003 0.001 0.007 0.000 0.048 0.001 0.032 0.000 0.001 0.105 0.027 0.000 0.000 0.000 0.025 0.007 0.003 0.000 0.001 0.000 0.572 0.003 0.002 0.014 0.001 0.000 0.010 0.001 0.000 0.000 0.000 0.001 0.000 0.009 0.000 0.001 0.000 0.070 0.010 0.000 0.000 0.125 0.002 0.002 0.000 0.075 0.111 
4 poodle_vis 30 0.996 0.421 0.001 0.001 0.862 0.001 0.003 0.000 0.000 0.000 0.015 0.001 0.338 0.044 0.617 0.002 0.001 0.000 0.001 0.001 0.000 0.001 0.000 0.005 0.236 0.001 0.000 0.007 0.037 0.845 0.149 0.001 0.002 0.051 0.122 0.001 0.003 0.035 0.000 0.044 0.000 0.005 0.000 0.000 0.000 0.000 0.001 0.001 0.000 0.000 0.281 0.000 0.000 0.000 0.000 0.000 0.000 0.000 
5 giraffe_vis 30 0.140 0.169 0.003 0.001 0.015 0.607 0.496 0.000 0.001 0.005 0.011 0.008 0.043 0.016 0.041 0.001 0.018 0.001 0.001 0.000 0.001 0.001 0.000 0.001 0.001 0.001 0.002 0.002 0.004 0.062 0.000 0.002 0.001 0.011 0.725 0.001 0.003 0.067 0.236 0.194 0.000 0.006 0.000 0.000 0.341 0.000 0.130 0.001 0.000 0.001 0.004 0.000 0.311 0.005 0.000 0.009 0.002 0.000 
6 robin_vis 30 0.997 0.046 0.956 0.050 0.001 0.001 0.000 0.003 0.000 0.000 0.008 0.010 0.042 0.000 0.000 0.000 0.483 0.007 0.553 0.008 0.000 0.026 0.000 0.025 0.028 0.000 0.000 0.006 0.001 0.000 0.000 0.000 0.000 0.000 0.000 0.001 0.000 0.001 0.000 0.000 0.000 0.016 0.005 0.000 0.000 0.012 0.000 0.000 0.000 0.000 0.003 0.000 0.000 0.000 0.000 0.024 0.000 0.000 
7 swan_vis 30 0.997 0.028 0.957 0.060 0.001 0.001 0.000 0.003 0.000 0.000 0.001 0.002 0.087 0.000 0.000 0.000 0.364 0.003 0.591 0.003 0.000 0.021 0.000 0.002 0.067 0.001 0.000 0.048 0.000 0.000 0.000 0.000 0.000 0.000 0.000 0.001 0.000 0.001 0.000 0.000 0.000 0.021 0.020 0.000 0.000 0.004 0.000 0.000 0.000 0.000 0.001 0.000 0.000 0.000 0.000 0.013 0.000 0.000 
8 woodpecker_vis 30 0.997 0.000 0.015 0.982 0.002 0.010 0.000 0.249 0.000 0.000 0.005 0.000 0.419 0.000 0.000 0.000 0.001 0.000 0.441 0.002 0.000 0.008 0.007 0.565 0.856 0.000 0.000 0.259 0.004 0.000 0.017 0.000 0.000 0.000 0.000 0.001 0.000 0.008 0.000 0.000 0.001 0.282 0.002 0.006 0.000 0.004 0.000 0.000 0.000 0.000 0.046 0.000 0.000 0.000 0.000 0.001 0.000 0.000 
9 peacock_vis 30 0.997 0.036 0.139 0.878 0.002 0.016 0.000 0.022 0.000 0.000 0.004 0.000 0.010 0.000 0.000 0.000 0.002 0.001 0.009 0.002 0.002 0.025 0.006 0.068 0.087 0.001 0.001 0.150 0.001 0.000 0.002 0.000 0.000 0.001 0.000 0.001 0.000 0.008 0.000 0.000 0.001 0.004 0.004 0.001 0.000 0.001 0.000 0.000 0.000 0.000 0.001 0.000 0.000 0.000 0.000 0.000 0.000 0.000 
10 crow_vis 30 0.997 0.016 0.961 0.001 0.001 0.009 0.000 0.000 0.000 0.016 0.001 0.005 0.000 0.000 0.000 0.003 0.001 0.714 0.000 0.387 0.722 0.492 0.000 0.000 0.000 0.927 0.002 0.000 0.000 0.000 0.000 0.071 0.031 0.000 0.000 0.001 0.000 0.001 0.000 0.000 0.000 0.000 0.003 0.000 0.000 0.001 0.000 0.000 0.000 0.000 0.000 0.021 0.000 0.003 0.762 0.000 0.016 0.388 
11 eagle_vis 30 0.997 0.002 0.325 0.958 0.001 0.001 0.000 0.231 0.000 0.000 0.004 0.000 0.902 0.000 0.000 0.000 0.066 0.000 0.892 0.001 0.000 0.022 0.000 0.075 0.962 0.000 0.000 0.809 0.001 0.000 0.000 0.000 0.000 0.000 0.000 0.001 0.000 0.004 0.000 0.000 0.000 0.593 0.099 0.000 0.000 0.002 0.000 0.000 0.000 0.000 0.039 0.000 0.000 0.000 0.000 0.003 0.000 0.000 
12 tuna_vis 30 0.997 0.000 0.000 0.989 0.012 0.132 0.001 0.174 0.000 0.000 0.003 0.000 0.001 0.000 0.000 0.000 0.000 0.000 0.006 0.006 0.000 0.001 0.359 0.894 0.193 0.003 0.002 0.006 0.028 0.000 0.273 0.001 0.002 0.001 0.000 0.002 0.000 0.017 0.000 0.000 0.012 0.022 0.000 0.308 0.000 0.004 0.000 0.000 0.000 0.000 0.013 0.001 0.000 0.000 0.000 0.000 0.000 0.000 
13 goldfish_vis 30 0.997 0.000 0.000 0.985 0.010 0.135 0.001 0.149 0.000 0.000 0.001 0.000 0.002 0.000 0.000 0.000 0.000 0.000 0.005 0.002 0.000 0.001 0.165 0.826 0.269 0.002 0.002 0.009 0.013 0.000 0.152 0.001 0.001 0.001 0.000 0.001 0.000 0.018 0.000 0.000 0.007 0.028 0.000 0.098 0.000 0.002 0.000 0.000 0.000 0.000 0.011 0.000 0.000 0.000 0.000 0.000 0.000 0.000 
14 salmon_vis 30 0.997 0.000 0.026 0.942 0.001 0.005 0.000 0.149 0.000 0.000 0.002 0.000 0.342 0.000 0.000 0.000 0.001 0.000 0.227 0.001 0.000 0.014 0.001 0.079 0.938 0.001 0.000 0.498 0.000 0.000 0.001 0.000 0.000 0.000 0.000 0.001 0.000 0.010 0.000 0.001 0.000 0.294 0.003 0.000 0.000 0.001 0.000 0.000 0.000 0.000 0.015 0.000 0.000 0.000 0.000 0.001 0.000 0.000 
15 sardine_vis 30 0.997 0.000 0.060 0.221 0.003 0.233 0.001 0.003 0.000 0.000 0.000 0.000 0.001 0.000 0.000 0.000 0.000 0.001 0.000 0.001 0.152 0.023 0.034 0.003 0.002 0.576 0.124 0.040 0.000 0.000 0.001 0.082 0.008 0.003 0.000 0.002 0.000 0.005 0.000 0.000 0.002 0.000 0.002 0.000 0.002 0.000 0.000 0.000 0.000 0.000 0.000 0.001 0.000 0.000 0.029 0.000 0.001 0.000 
16 catfish_vis 30 0.997 0.000 0.000 0.967 0.015 0.122 0.001 0.076 0.000 0.000 0.000 0.000 0.001 0.000 0.000 0.000 0.000 0.000 0.002 0.000 0.000 0.000 0.014 0.299 0.316 0.001 0.004 0.042 0.001 0.000 0.021 0.001 0.001 0.006 0.000 0.001 0.000 0.020 0.000 0.001 0.002 0.021 0.000 0.002 0.000 0.000 0.000 0.000 0.000 0.000 0.003 0.000 0.000 0.000 0.000 0.000 0.000 0.000 
17 cod_vis 30 0.997 0.000 0.011 0.919 0.002 0.098 0.001 0.071 0.000 0.000 0.000 0.000 0.010 0.000 0.000 0.000 0.000 0.000 0.006 0.000 0.000 0.010 0.002 0.042 0.656 0.002 0.001 0.165 0.000 0.000 0.002 0.000 0.001 0.001 0.000 0.001 0.000 0.020 0.000 0.004 0.001 0.054 0.001 0.000 0.000 0.000 0.000 0.000 0.000 0.000 0.002 0.000 0.000 0.000 0.000 0.000 0.000 0.000 
18 turtle_vis 30 0.997 0.163 0.000 0.000 0.922 0.008 0.001 0.000 0.008 0.000 0.008 0.000 0.000 0.001 0.005 0.045 0.000 0.000 0.000 0.003 0.000 0.000 0.001 0.001 0.000 0.003 0.001 0.000 0.225 0.015 0.001 0.007 0.235 0.003 0.000 0.002 0.000 0.014 0.000 0.000 0.000 0.000 0.000 0.000 0.000 0.000 0.000 0.012 0.001 0.000 0.001 0.008 0.000 0.000 0.000 0.000 0.000 0.000 
19 rattlesnake_vis 30 0.997 0.058 0.000 0.016 0.995 0.001 0.040 0.000 0.000 0.000 0.001 0.000 0.000 0.179 0.003 0.101 0.000 0.000 0.000 0.000 0.003 0.000 0.205 0.001 0.000 0.281 0.229 0.000 0.051 0.044 0.150 0.774 0.926 0.699 0.001 0.375 0.001 0.024 0.026 0.000 0.000 0.000 0.000 0.000 0.000 0.000 0.000 0.000 0.074 0.000 0.000 0.039 0.000 0.000 0.000 0.000 0.000 0.000 
20 crab_vis 30 0.997 0.180 0.000 0.007 0.711 0.017 0.001 0.000 0.163 0.000 0.091 0.001 0.000 0.000 0.009 0.019 0.000 0.000 0.000 0.022 0.000 0.000 0.006 0.013 0.000 0.001 0.001 0.000 0.619 0.010 0.007 0.001 0.104 0.002 0.000 0.002 0.000 0.013 0.000 0.000 0.000 0.000 0.000 0.000 0.000 0.000 0.000 0.157 0.000 0.000 0.006 0.014 0.000 0.000 0.000 0.000 0.000 0.000 
21 frog_vis 30 0.998 0.073 0.000 0.002 0.994 0.002 0.007 0.000 0.000 0.000 0.000 0.000 0.000 0.171 0.001 0.202 0.000 0.000 0.000 0.000 0.007 0.000 0.051 0.000 0.000 0.303 0.183 0.000 0.022 0.024 0.015 0.866 0.901 0.542 0.001 0.210 0.000 0.020 0.018 0.000 0.000 0.000 0.000 0.000 0.000 0.000 0.000 0.000 0.171 0.000 0.000 0.028 0.000 0.000 0.000 0.000 0.000 0.001 
22 gecko_vis 30 0.998 0.000 0.000 0.683 0.462 0.027 0.001 0.001 0.000 0.000 0.002 0.000 0.001 0.000 0.000 0.000 0.000 0.000 0.000 0.001 0.000 0.000 0.155 0.407 0.018 0.005 0.001 0.001 0.059 0.001 0.286 0.001 0.035 0.005 0.000 0.003 0.000 0.021 0.000 0.000 0.001 0.002 0.000 0.016 0.000 0.000 0.000 0.000 0.000 0.000 0.004 0.002 0.000 0.000 0.000 0.000 0.000 0.000 
23 crocodile_vis 30 0.998 0.021 0.000 0.132 0.995 0.001 0.102 0.000 0.000 0.000 0.026 0.000 0.006 0.002 0.130 0.001 0.000 0.000 0.000 0.001 0.000 0.000 0.338 0.288 0.006 0.004 0.002 0.000 0.661 0.289 0.938 0.004 0.228 0.216 0.000 0.007 0.145 0.043 0.000 0.007 0.000 0.000 0.000 0.004 0.000 0.000 0.000 0.001 0.000 0.000 0.041 0.003 0.000 0.000 0.000 0.000 0.000 0.000 
24 axe_vis 30 0.003 0.000 0.001 0.000 0.001 0.995 0.002 0.876 0.000 0.128 0.000 0.000 0.000 0.000 0.000 0.000 0.001 0.000 0.002 0.015 0.000 0.000 0.001 0.020 0.000 0.001 0.000 0.000 0.000 0.000 0.000 0.000 0.000 0.000 0.000 0.001 0.000 0.051 0.000 0.000 0.000 0.060 0.003 0.105 0.000 0.349 0.000 0.001 0.000 0.000 0.001 0.008 0.000 0.002 0.036 0.031 0.001 0.001 
25 hammer_vis 30 0.005 0.000 0.000 0.045 0.002 0.995 0.329 0.847 0.000 0.004 0.000 0.000 0.000 0.000 0.000 0.000 0.000 0.000 0.000 0.000 0.004 0.000 0.009 0.001 0.003 0.001 0.238 0.046 0.000 0.001 0.000 0.007 0.001 0.012 0.008 0.024 0.000 0.168 0.020 0.397 0.540 0.034 0.228 0.006 0.605 0.001 0.000 0.000 0.000 0.000 0.000 0.001 0.002 0.001 0.002 0.001 0.057 0.000 
26 screwdriver_vis 30 0.003 0.000 0.001 0.000 0.001 0.995 0.001 0.986 0.000 0.014 0.000 0.000 0.000 0.000 0.000 0.000 0.002 0.000 0.005 0.018 0.000 0.000 0.001 0.058 0.000 0.001 0.000 0.000 0.000 0.000 0.000 0.000 0.000 0.000 0.000 0.001 0.000 0.059 0.000 0.000 0.001 0.225 0.005 0.202 0.000 0.540 0.000 0.001 0.000 0.000 0.006 0.008 0.000 0.001 0.022 0.054 0.000 0.000 
27 chisel_vis 30 0.004 0.000 0.000 0.034 0.001 0.995 0.004 0.991 0.000 0.002 0.000 0.000 0.000 0.000 0.000 0.000 0.001 0.000 0.021 0.000 0.001 0.000 0.003 0.159 0.064 0.000 0.016 0.008 0.000 0.000 0.000 0.000 0.000 0.000 0.000 0.002 0.000 0.148 0.000 0.068 0.493 0.720 0.188 0.192 0.074 0.104 0.000 0.000 0.000 0.000 0.027 0.000 0.000 0.001 0.001 0.013 0.006 0.000 
28 saw_vis 30 0.004 0.000 0.000 0.000 0.026 0.994 0.968 0.000 0.059 0.002 0.000 0.000 0.000 0.000 0.000 0.001 0.000 0.000 0.000 0.000 0.001 0.000 0.002 0.000 0.000 0.001 0.008 0.000 0.001 0.033 0.000 0.069 0.005 0.015 0.357 0.049 0.017 0.191 0.476 0.006 0.001 0.000 0.000 0.001 0.050 0.000 0.006 0.000 0.179 0.003 0.000 0.004 0.081 0.000 0.001 0.001 0.007 0.002 
29 drill_vis 30 0.004 0.000 0.000 0.000 0.034 0.993 0.965 0.000 0.071 0.000 0.000 0.000 0.000 0.000 0.000 0.000 0.000 0.000 0.000 0.000 0.000 0.000 0.002 0.000 0.000 0.000 0.003 0.000 0.002 0.082 0.001 0.006 0.002 0.014 0.414 0.025 0.095 0.224 0.139 0.034 0.002 0.002 0.000 0.001 0.012 0.001 0.013 0.000 0.007 0.001 0.003 0.002 0.033 0.000 0.000 0.001 0.001 0.000 
30 clamp_vis 30 0.004 0.000 0.000 0.047 0.001 0.995 0.004 0.991 0.000 0.001 0.000 0.000 0.000 0.000 0.000 0.000 0.001 0.000 0.031 0.000 0.001 0.000 0.003 0.213 0.104 0.001 0.024 0.015 0.000 0.000 0.000 0.000 0.000 0.000 0.000 0.002 0.000 0.153 0.000 0.113 0.550 0.784 0.206 0.234 0.086 0.124 0.000 0.000 0.000 0.000 0.040 0.000 0.000 0.001 0.001 0.015 0.008 0.000 
31 hoe_vis 30 0.003 0.000 0.000 0.000 0.001 0.995 0.001 0.987 0.000 0.001 0.000 0.000 0.000 0.000 0.000 0.000 0.005 0.000 0.040 0.000 0.000 0.000 0.000 0.006 0.045 0.000 0.000 0.001 0.000 0.000 0.000 0.000 0.000 0.000 0.000 0.001 0.000 0.103 0.000 0.029 0.011 0.959 0.032 0.001 0.003 0.050 0.001 0.000 0.000 0.000 0.059 0.000 0.000 0.001 0.000 0.215 0.000 0.000 
32 rake_vis 30 0.007 0.000 0.027 0.001 0.001 0.994 0.014 0.122 0.000 0.677 0.000 0.001 0.000 0.000 0.000 0.000 0.001 0.027 0.000 0.083 0.005 0.000 0.001 0.000 0.000 0.111 0.002 0.000 0.000 0.000 0.000 0.005 0.004 0.000 0.000 0.051 0.000 0.043 0.000 0.000 0.004 0.001 0.006 0.011 0.008 0.049 0.000 0.001 0.001 0.001 0.000 0.471 0.001 0.028 0.701 0.005 0.054 0.221 
33 shovel_vis 30 0.003 0.000 0.000 0.002 0.001 0.995 0.001 0.991 0.000 0.002 0.000 0.000 0.000 0.000 0.000 0.000 0.001 0.000 0.009 0.001 0.000 0.000 0.001 0.107 0.001 0.000 0.000 0.000 0.000 0.000 0.000 0.000 0.000 0.000 0.000 0.001 0.000 0.101 0.000 0.000 0.046 0.539 0.041 0.281 0.002 0.231 0.000 0.000 0.000 0.000 0.009 0.001 0.000 0.001 0.002 0.020 0.000 0.000 
34 spade_vis 30 0.011 0.000 0.698 0.000 0.001 0.988 0.000 0.162 0.000 0.930 0.000 0.067 0.000 0.000 0.000 0.000 0.295 0.607 0.001 0.039 0.330 0.002 0.001 0.001 0.000 0.065 0.000 0.000 0.000 0.000 0.000 0.003 0.001 0.000 0.000 0.009 0.000 0.011 0.000 0.000 0.000 0.001 0.517 0.008 0.021 0.060 0.003 0.001 0.000 0.008 0.000 0.085 0.064 0.662 0.895 0.165 0.682 0.716 
35 wrench_vis 30 0.003 0.000 0.000 0.000 0.001 0.995 0.001 0.986 0.000 0.001 0.000 0.000 0.000 0.000 0.000 0.000 0.004 0.000 0.022 0.001 0.000 0.000 0.000 0.016 0.016 0.000 0.000 0.001 0.000 0.000 0.000 0.000 0.000 0.000 0.000 0.001 0.000 0.100 0.000 0.007 0.005 0.882 0.020 0.011 0.001 0.139 0.000 0.001 0.000 0.000 0.037 0.000 0.000 0.001 0.000 0.128 0.000 0.000 
36 accordion_vis 30 0.003 0.000 0.000 0.000 0.001 0.995 0.001 0.002 0.867 0.176 0.000 0.055 0.000 0.000 0.000 0.000 0.019 0.000 0.000 0.000 0.000 0.000 0.000 0.000 0.000 0.000 0.000 0.000 0.000 0.000 0.000 0.000 0.000 0.000 0.183 0.001 0.000 0.037 0.000 0.000 0.000 0.013 0.000 0.000 0.000 0.011 0.849 0.012 0.000 0.019 0.026 0.000 0.148 0.006 0.000 0.579 0.000 0.000 
37 cello_vis 30 0.003 0.000 0.000 0.000 0.001 0.994 0.001 0.000 0.990 0.078 0.001 0.153 0.000 0.000 0.000 0.200 0.001 0.006 0.000 0.093 0.000 0.000 0.000 0.000 0.000 0.001 0.000 0.000 0.020 0.001 0.000 0.001 0.020 0.000 0.004 0.001 0.000 0.053 0.000 0.000 0.000 0.000 0.000 0.001 0.000 0.045 0.115 0.663 0.169 0.774 0.004 0.520 0.018 0.001 0.004 0.014 0.000 0.171 
38 flute_vis 30 0.003 0.000 0.001 0.000 0.001 0.995 0.003 0.967 0.000 0.022 0.000 0.000 0.000 0.000 0.000 0.000 0.002 0.000 0.003 0.006 0.000 0.000 0.000 0.025 0.000 0.000 0.000 0.000 0.000 0.000 0.000 0.000 0.000 0.000 0.000 0.002 0.000 0.060 0.000 0.000 0.000 0.176 0.004 0.062 0.001 0.370 0.000 0.001 0.000 0.000 0.004 0.002 0.000 0.001 0.004 0.044 0.000 0.000 
39 guitar_vis 30 0.003 0.000 0.000 0.000 0.001 0.995 0.001 0.000 0.990 0.021 0.001 0.202 0.000 0.000 0.000 0.021 0.002 0.001 0.000 0.082 0.000 0.000 0.000 0.000 0.000 0.000 0.000 0.000 0.031 0.000 0.000 0.000 0.001 0.000 0.003 0.001 0.000 0.052 0.000 0.000 0.000 0.000 0.000 0.000 0.000 0.114 0.248 0.756 0.001 0.608 0.017 0.137 0.008 0.001 0.000 0.042 0.000 0.004 
40 piano_vis 30 0.003 0.000 0.000 0.000 0.001 0.992 0.001 0.000 0.980 0.186 0.000 0.064 0.000 0.000 0.000 0.000 0.006 0.000 0.000 0.000 0.000 0.000 0.000 0.000 0.000 0.000 0.000 0.000 0.000 0.002 0.000 0.000 0.000 0.000 0.501 0.000 0.000 0.052 0.000 0.000 0.000 0.001 0.000 0.000 0.001 0.002 0.884 0.006 0.000 0.101 0.004 0.000 0.478 0.004 0.000 0.144 0.000 0.000 
41 trumpet_vis 30 0.003 0.000 0.000 0.000 0.001 0.990 0.001 0.890 0.010 0.012 0.000 0.001 0.000 0.000 0.000 0.000 0.004 0.000 0.007 0.003 0.000 0.000 0.000 0.032 0.000 0.000 0.000 0.000 0.000 0.000 0.000 0.000 0.000 0.000 0.001 0.001 0.000 0.060 0.000 0.000 0.000 0.427 0.001 0.028 0.000 0.469 0.001 0.002 0.000 0.001 0.021 0.001 0.001 0.001 0.000 0.124 0.000 0.001 
42 fork_vis 30 0.025 0.000 0.014 0.000 0.001 0.992 0.001 0.117 0.000 0.730 0.000 0.001 0.000 0.000 0.000 0.000 0.003 0.005 0.000 0.000 0.008 0.000 0.000 0.000 0.000 0.000 0.000 0.000 0.000 0.000 0.000 0.001 0.000 0.000 0.005 0.001 0.000 0.033 0.000 0.000 0.000 0.002 0.001 0.000 0.280 0.001 0.002 0.000 0.000 0.000 0.000 0.000 0.058 0.077 0.002 0.015 0.064 0.007 
43 spoon_vis 30 0.003 0.000 0.000 0.000 0.001 0.995 0.000 0.735 0.000 0.583 0.000 0.000 0.000 0.000 0.000 0.000 0.080 0.000 0.002 0.000 0.000 0.000 0.000 0.000 0.000 0.000 0.000 0.000 0.000 0.000 0.000 0.000 0.000 0.000 0.000 0.001 0.000 0.023 0.000 0.000 0.000 0.236 0.000 0.000 0.000 0.146 0.015 0.000 0.000 0.000 0.002 0.000 0.001 0.022 0.000 0.748 0.000 0.000 
44 tongs_vis 30 0.005 0.000 0.196 0.000 0.001 0.995 0.001 0.088 0.000 0.983 0.000 0.002 0.000 0.000 0.000 0.000 0.001 0.181 0.000 0.384 0.012 0.000 0.000 0.000 0.000 0.299 0.000 0.000 0.000 0.000 0.000 0.003 0.003 0.000 0.000 0.017 0.000 0.015 0.000 0.000 0.000 0.000 0.004 0.005 0.001 0.158 0.000 0.003 0.001 0.002 0.000 0.806 0.001 0.139 0.976 0.012 0.171 0.777 
45 ladle_vis 30 0.003 0.000 0.000 0.000 0.001 0.995 0.000 0.832 0.000 0.393 0.000 0.000 0.000 0.000 0.000 0.000 0.066 0.000 0.002 0.000 0.000 0.000 0.000 0.000 0.000 0.000 0.000 0.000 0.000 0.000 0.000 0.000 0.000 0.000 0.000 0.001 0.000 0.027 0.000 0.000 0.000 0.327 0.000 0.000 0.000 0.137 0.011 0.000 0.000 0.000 0.002 0.000 0.001 0.014 0.000 0.700 0.000 0.000 
46 knife_vis 30 0.003 0.000 0.000 0.000 0.001 0.995 0.000 0.945 0.000 0.044 0.000 0.000 0.000 0.000 0.000 0.000 0.024 0.000 0.006 0.001 0.000 0.000 0.000 0.001 0.000 0.000 0.000 0.000 0.000 0.000 0.000 0.000 0.000 0.000 0.000 0.001 0.000 0.044 0.000 0.000 0.000 0.665 0.001 0.000 0.000 0.166 0.002 0.000 0.000 0.000 0.010 0.000 0.000 0.003 0.000 0.485 0.000 0.000 
47 chopsticks_vis 30 0.007 0.000 0.158 0.000 0.001 0.994 0.001 0.104 0.000 0.982 0.000 0.001 0.000 0.000 0.000 0.000 0.001 0.124 0.000 0.205 0.016 0.000 0.000 0.000 0.000 0.290 0.000 0.000 0.000 0.000 0.000 0.004 0.002 0.000 0.000 0.016 0.000 0.016 0.000 0.000 0.000 0.000 0.005 0.003 0.002 0.082 0.000 0.001 0.001 0.001 0.000 0.655 0.001 0.099 0.969 0.007 0.193 0.642 
