0 beaver_vis 30 0.990 0.002 0.926 0.008 0.002 0.143 0.001 0.127 0.001 0.001 0.000 0.000 0.002 0.001 0.001 0.001 0.659 0.001 0.014 0.001 0.912 0.001 0.001 0.003 0.002 0.001 0.001 0.228 0.381 0.002 0.001 0.001 0.001 0.001 0.000 0.001 0.002 0.001 0.001 0.001 0.024 0.000 0.001 0.001 0.001 0.124 0.001 0.000 0.000 0.000 0.001 0.001 0.000 0.000 0.001 0.004 0.001 0.010 
1 bear_vis 30 0.940 0.009 0.002 0.018 0.956 0.011 0.383 0.001 0.001 0.001 0.001 0.217 0.001 0.000 0.000 0.005 0.001 0.001 0.001 0.009 0.002 0.001 0.030 0.070 0.006 0.001 0.001 0.001 0.001 0.271 0.005 0.025 0.844 0.145 0.000 0.000 0.002 0.001 0.153 0.002 0.000 0.000 0.001 0.001 0.001 0.001 0.000 0.000 0.000 0.000 0.001 0.001 0.001 0.000 0.001 0.001 0.001 0.001 
2 sheep_vis 30 0.995 0.014 0.012 0.904 0.002 0.001 0.000 0.001 0.001 0.001 0.007 0.000 0.010 0.001 0.015 0.001 0.028 0.007 0.002 0.001 0.001 0.003 0.004 0.001 0.003 0.321 0.780 0.090 0.010 0.001 0.017 0.001 0.000 0.001 0.000 0.000 0.002 0.001 0.001 0.001 0.001 0.000 0.001 0.001 0.001 0.002 0.001 0.000 0.000 0.000 0.001 0.001 0.000 0.000 0.001 0.001 0.001 0.001 
3 buffalo_vis 30 0.029 0.004 0.002 0.001 0.013 0.990 0.923 0.002 0.002 0.001 0.000 0.002 0.005 0.032 0.000 0.001 0.001 0.001 0.001 0.002 0.050 0.001 0.000 0.001 0.001 0.000 0.000 0.000 0.001 0.065 0.000 0.159 0.001 0.001 0.162 0.017 0.189 0.012 0.001 0.002 0.001 0.001 0.004 0.941 0.001 0.002 0.001 0.002 0.063 0.001 0.001 0.003 0.001 0.000 0.002 0.001 0.001 0.001 
4 poodle_vis 30 0.087 0.004 0.002 0.001 0.018 0.990 0.575 0.172 0.002 0.001 0.000 0.001 0.076 0.028 0.000 0.001 0.001 0.001 0.001 0.001 0.026 0.004 0.000 0.001 0.004 0.000 0.000 0.000 0.002 0.434 0.001 0.006 0.001 0.001 0.002 0.002 0.016 0.260 0.001 0.001 0.002 0.004 0.021 0.840 0.001 0.002 0.001 0.001 0.003 0.001 0.001 0.001 0.001 0.000 0.003 0.001 0.001 0.001 
5 giraffe_vis 30 0.227 0.006 0.002 0.001 0.160 0.981 0.858 0.006 0.001 0.001 0.000 0.002 0.052 0.002 0.000 0.000 0.001 0.001 0.001 0.001 0.002 0.002 0.000 0.001 0.010 0.000 0.001 0.000 0.001 0.508 0.001 0.012 0.003 0.001 0.001 0.001 0.048 0.112 0.001 0.003 0.001 0.001 0.039 0.196 0.001 0.002 0.001 0.001 0.001 0.001 0.001 0.001 0.000 0.000 0.002 0.001 0.001 0.001 
6 robin_vis 30 0.986 0.001 0.971 0.003 0.001 0.104 0.000 0.063 0.001 0.003 0.000 0.000 0.001 0.001 0.000 0.000 0.754 0.003 0.012 0.001 0.947 0.001 0.000 0.006 0.001 0.001 0.000 0.126 0.380 0.001 0.000 0.002 0.000 0.001 0.000 0.001 0.002 0.001 0.000 0.001 0.017 0.000 0.000 0.002 0.000 0.158 0.001 0.000 0.001 0.001 0.000 0.001 0.001 0.000 0.001 0.005 0.002 0.039 
7 swan_vis 30 0.440 0.001 0.665 0.001 0.005 0.935 0.001 0.867 0.001 0.011 0.000 0.000 0.001 0.001 0.000 0.000 0.008 0.006 0.001 0.001 0.744 0.018 0.000 0.001 0.001 0.000 0.001 0.002 0.577 0.001 0.001 0.009 0.000 0.001 0.001 0.001 0.003 0.001 0.000 0.000 0.852 0.002 0.003 0.612 0.000 0.006 0.001 0.000 0.005 0.000 0.000 0.001 0.031 0.001 0.007 0.004 0.001 0.002 
8 woodpecker_vis 30 0.785 0.002 0.080 0.413 0.002 0.663 0.000 0.000 0.001 0.274 0.001 0.001 0.002 0.000 0.000 0.000 0.004 0.001 0.121 0.001 0.127 0.001 0.009 0.035 0.340 0.001 0.001 0.019 0.001 0.001 0.001 0.001 0.027 0.001 0.000 0.001 0.001 0.001 0.001 0.002 0.000 0.000 0.000 0.000 0.000 0.001 0.000 0.000 0.000 0.000 0.000 0.000 0.000 0.000 0.008 0.002 0.020 0.002 
9 peacock_vis 30 0.971 0.001 0.976 0.001 0.018 0.179 0.001 0.000 0.001 0.003 0.000 0.001 0.001 0.001 0.000 0.000 0.001 0.002 0.012 0.401 0.982 0.001 0.001 0.012 0.001 0.000 0.000 0.000 0.003 0.001 0.000 0.297 0.071 0.001 0.150 0.000 0.001 0.001 0.000 0.000 0.001 0.000 0.000 0.003 0.000 0.001 0.000 0.000 0.000 0.000 0.000 0.001 0.014 0.000 0.003 0.001 0.025 0.001 
10 crow_vis 30 0.428 0.001 0.503 0.001 0.009 0.721 0.001 0.905 0.004 0.008 0.000 0.000 0.001 0.001 0.000 0.000 0.018 0.020 0.001 0.001 0.682 0.011 0.000 0.001 0.000 0.000 0.002 0.004 0.711 0.002 0.004 0.010 0.000 0.001 0.001 0.001 0.003 0.001 0.000 0.000 0.896 0.003 0.010 0.494 0.000 0.015 0.001 0.003 0.038 0.001 0.000 0.006 0.085 0.001 0.002 0.005 0.001 0.021 
11 eagle_vis 30 0.547 0.001 0.475 0.001 0.006 0.987 0.001 0.050 0.001 0.003 0.000 0.000 0.001 0.001 0.000 0.000 0.002 0.001 0.001 0.001 0.749 0.023 0.000 0.001 0.002 0.000 0.001 0.000 0.043 0.003 0.001 0.020 0.001 0.000 0.001 0.001 0.004 0.005 0.001 0.000 0.081 0.003 0.001 0.723 0.001 0.004 0.001 0.000 0.002 0.001 0.000 0.001 0.002 0.000 0.014 0.001 0.002 0.001 
12 tuna_vis 30 0.987 0.001 0.003 0.038 0.984 0.001 0.000 0.000 0.001 0.003 0.000 0.001 0.001 0.000 0.001 0.069 0.001 0.067 0.001 0.001 0.004 0.001 0.002 0.115 0.001 0.025 0.001 0.002 0.010 0.002 0.100 0.008 0.060 0.969 0.000 0.000 0.001 0.001 0.006 0.001 0.000 0.000 0.000 0.001 0.000 0.001 0.000 0.003 0.000 0.000 0.001 0.005 0.101 0.000 0.001 0.000 0.001 0.004 
13 goldfish_vis 30 0.982 0.002 0.003 0.031 0.979 0.001 0.001 0.001 0.001 0.002 0.000 0.001 0.001 0.001 0.001 0.080 0.001 0.091 0.001 0.001 0.005 0.001 0.001 0.074 0.001 0.058 0.001 0.006 0.026 0.004 0.136 0.019 0.044 0.970 0.000 0.000 0.002 0.001 0.001 0.001 0.001 0.000 0.001 0.001 0.001 0.001 0.001 0.033 0.000 0.000 0.001 0.002 0.070 0.000 0.001 0.001 0.001 0.006 
14 salmon_vis 30 0.994 0.001 0.004 0.958 0.018 0.012 0.000 0.001 0.001 0.001 0.001 0.000 0.001 0.000 0.000 0.001 0.002 0.001 0.002 0.001 0.003 0.001 0.020 0.796 0.041 0.023 0.001 0.228 0.005 0.002 0.001 0.030 0.012 0.015 0.000 0.000 0.001 0.001 0.001 0.013 0.001 0.000 0.001 0.001 0.001 0.001 0.000 0.000 0.000 0.000 0.004 0.000 0.000 0.000 0.001 0.001 0.005 0.010 
15 sardine_vis 30 0.995 0.003 0.007 0.964 0.011 0.001 0.000 0.001 0.001 0.001 0.001 0.000 0.003 0.000 0.001 0.001 0.012 0.002 0.001 0.001 0.001 0.001 0.001 0.046 0.010 0.067 0.102 0.842 0.024 0.001 0.023 0.002 0.001 0.005 0.000 0.000 0.001 0.001 0.000 0.001 0.001 0.000 0.001 0.001 0.001 0.001 0.001 0.000 0.000 0.000 0.003 0.000 0.000 0.000 0.001 0.001 0.001 0.004 
16 catfish_vis 30 0.990 0.002 0.008 0.002 0.977 0.001 0.001 0.003 0.002 0.001 0.000 0.001 0.001 0.001 0.001 0.006 0.002 0.029 0.001 0.001 0.036 0.001 0.000 0.005 0.001 0.003 0.001 0.019 0.856 0.016 0.018 0.333 0.001 0.570 0.000 0.001 0.005 0.001 0.001 0.001 0.002 0.000 0.017 0.003 0.001 0.002 0.001 0.038 0.001 0.001 0.001 0.001 0.002 0.000 0.001 0.001 0.001 0.003 
17 cod_vis 30 0.989 0.001 0.008 0.019 0.979 0.001 0.000 0.001 0.001 0.001 0.000 0.001 0.001 0.001 0.001 0.067 0.002 0.087 0.001 0.001 0.011 0.001 0.001 0.075 0.001 0.036 0.001 0.005 0.116 0.003 0.048 0.082 0.020 0.955 0.000 0.000 0.002 0.001 0.001 0.001 0.001 0.000 0.001 0.001 0.001 0.001 0.001 0.022 0.000 0.000 0.001 0.002 0.052 0.000 0.001 0.001 0.001 0.007 
18 turtle_vis 30 0.951 0.033 0.001 0.001 0.940 0.213 0.467 0.001 0.005 0.001 0.000 0.105 0.001 0.001 0.000 0.009 0.001 0.001 0.001 0.004 0.008 0.001 0.005 0.034 0.002 0.001 0.000 0.000 0.002 0.455 0.001 0.744 0.338 0.064 0.000 0.000 0.204 0.002 0.003 0.014 0.001 0.000 0.003 0.005 0.001 0.001 0.001 0.007 0.001 0.000 0.001 0.003 0.000 0.000 0.001 0.001 0.001 0.001 
19 rattlesnake_vis 30 0.849 0.005 0.001 0.065 0.964 0.166 0.149 0.001 0.031 0.001 0.000 0.018 0.001 0.001 0.000 0.201 0.001 0.018 0.001 0.002 0.003 0.001 0.005 0.145 0.001 0.064 0.002 0.010 0.040 0.136 0.075 0.259 0.266 0.839 0.000 0.000 0.100 0.001 0.003 0.003 0.001 0.000 0.009 0.003 0.001 0.001 0.001 0.318 0.002 0.000 0.006 0.005 0.002 0.000 0.001 0.001 0.001 0.002 
20 crab_vis 30 0.991 0.002 0.002 0.029 0.986 0.001 0.003 0.001 0.001 0.002 0.000 0.075 0.001 0.001 0.000 0.002 0.001 0.001 0.001 0.033 0.005 0.001 0.050 0.104 0.013 0.001 0.000 0.001 0.002 0.014 0.007 0.110 0.945 0.298 0.000 0.000 0.003 0.001 0.058 0.002 0.001 0.000 0.001 0.001 0.000 0.001 0.000 0.001 0.000 0.000 0.001 0.001 0.003 0.000 0.002 0.000 0.004 0.001 
21 frog_vis 30 0.963 0.002 0.003 0.007 0.961 0.008 0.001 0.001 0.003 0.001 0.000 0.003 0.001 0.000 0.000 0.101 0.001 0.016 0.001 0.002 0.007 0.001 0.002 0.053 0.001 0.013 0.001 0.001 0.013 0.016 0.031 0.134 0.106 0.874 0.000 0.000 0.011 0.001 0.001 0.001 0.001 0.000 0.002 0.002 0.001 0.001 0.001 0.071 0.001 0.000 0.001 0.002 0.007 0.000 0.001 0.001 0.001 0.002 
22 gecko_vis 30 0.992 0.002 0.002 0.025 0.987 0.001 0.006 0.001 0.001 0.002 0.000 0.133 0.001 0.000 0.000 0.001 0.001 0.001 0.001 0.053 0.005 0.001 0.075 0.108 0.022 0.001 0.000 0.001 0.001 0.016 0.005 0.102 0.965 0.166 0.000 0.000 0.002 0.001 0.154 0.002 0.001 0.000 0.001 0.001 0.000 0.001 0.000 0.000 0.000 0.000 0.000 0.001 0.002 0.000 0.003 0.000 0.005 0.001 
23 crocodile_vis 30 0.987 0.007 0.003 0.001 0.966 0.012 0.047 0.001 0.002 0.001 0.000 0.010 0.001 0.001 0.000 0.011 0.001 0.004 0.001 0.001 0.027 0.001 0.001 0.043 0.001 0.001 0.000 0.001 0.140 0.079 0.001 0.860 0.048 0.533 0.000 0.000 0.027 0.001 0.001 0.002 0.001 0.000 0.002 0.002 0.000 0.001 0.001 0.020 0.001 0.000 0.001 0.001 0.001 0.000 0.001 0.000 0.001 0.001 
24 axe_vis 30 0.094 0.003 0.001 0.002 0.001 0.978 0.019 0.010 0.876 0.002 0.005 0.000 0.003 0.003 0.000 0.001 0.003 0.001 0.001 0.001 0.012 0.001 0.000 0.091 0.001 0.002 0.000 0.010 0.002 0.021 0.000 0.003 0.000 0.001 0.017 0.012 0.005 0.002 0.001 0.002 0.003 0.003 0.002 0.055 0.001 0.051 0.005 0.014 0.380 0.008 0.084 0.010 0.006 0.001 0.001 0.001 0.001 0.005 
25 hammer_vis 30 0.004 0.002 0.002 0.001 0.002 0.990 0.014 0.033 0.646 0.002 0.000 0.001 0.002 0.081 0.000 0.019 0.002 0.009 0.001 0.002 0.141 0.001 0.000 0.001 0.001 0.000 0.000 0.000 0.003 0.039 0.001 0.003 0.001 0.034 0.004 0.002 0.004 0.005 0.000 0.000 0.045 0.017 0.008 0.130 0.001 0.003 0.005 0.023 0.627 0.001 0.001 0.009 0.012 0.001 0.001 0.001 0.001 0.001 
26 screwdriver_vis 30 0.179 0.022 0.001 0.076 0.001 0.993 0.988 0.001 0.014 0.003 0.018 0.030 0.230 0.005 0.000 0.001 0.001 0.001 0.399 0.019 0.013 0.001 0.249 0.398 0.258 0.000 0.000 0.001 0.000 0.239 0.000 0.019 0.311 0.001 0.181 0.725 0.021 0.200 0.003 0.470 0.001 0.001 0.001 0.006 0.001 0.001 0.003 0.001 0.048 0.001 0.002 0.003 0.003 0.001 0.002 0.001 0.025 0.001 
27 chisel_vis 30 0.002 0.001 0.001 0.001 0.001 0.993 0.005 0.965 0.015 0.002 0.000 0.000 0.009 0.015 0.002 0.001 0.001 0.001 0.001 0.001 0.011 0.005 0.000 0.001 0.001 0.000 0.001 0.001 0.008 0.028 0.007 0.001 0.001 0.001 0.002 0.001 0.004 0.047 0.001 0.000 0.628 0.175 0.407 0.468 0.001 0.022 0.002 0.006 0.081 0.001 0.001 0.003 0.004 0.001 0.002 0.001 0.001 0.001 
28 saw_vis 30 0.002 0.001 0.001 0.001 0.002 0.994 0.991 0.001 0.009 0.003 0.000 0.039 0.003 0.003 0.000 0.000 0.001 0.001 0.001 0.028 0.002 0.001 0.006 0.002 0.004 0.000 0.000 0.000 0.001 0.013 0.000 0.015 0.091 0.001 0.658 0.058 0.242 0.075 0.006 0.020 0.001 0.001 0.001 0.008 0.001 0.001 0.002 0.004 0.032 0.001 0.001 0.004 0.003 0.002 0.003 0.001 0.009 0.001 
29 drill_vis 30 0.002 0.002 0.001 0.001 0.008 0.994 0.991 0.001 0.009 0.003 0.000 0.086 0.002 0.002 0.000 0.001 0.001 0.001 0.001 0.019 0.002 0.001 0.006 0.001 0.002 0.000 0.000 0.000 0.001 0.035 0.001 0.018 0.199 0.001 0.318 0.011 0.236 0.043 0.006 0.005 0.001 0.000 0.001 0.006 0.001 0.001 0.001 0.011 0.013 0.001 0.001 0.006 0.002 0.001 0.003 0.001 0.004 0.001 
30 clamp_vis 30 0.003 0.001 0.024 0.001 0.001 0.994 0.000 0.940 0.001 0.669 0.000 0.000 0.001 0.000 0.000 0.000 0.004 0.012 0.000 0.000 0.058 0.020 0.000 0.000 0.000 0.000 0.053 0.009 0.030 0.001 0.083 0.001 0.000 0.001 0.000 0.000 0.001 0.002 0.000 0.000 0.988 0.004 0.011 0.007 0.001 0.002 0.001 0.004 0.007 0.000 0.000 0.001 0.325 0.000 0.006 0.145 0.001 0.017 
31 hoe_vis 30 0.003 0.001 0.001 0.000 0.021 0.661 0.001 0.971 0.003 0.004 0.000 0.000 0.001 0.001 0.566 0.000 0.001 0.001 0.000 0.001 0.001 0.004 0.000 0.000 0.001 0.000 0.001 0.001 0.001 0.056 0.209 0.000 0.000 0.000 0.001 0.000 0.001 0.002 0.001 0.000 0.020 0.952 0.007 0.001 0.707 0.004 0.002 0.001 0.001 0.001 0.000 0.010 0.012 0.000 0.024 0.009 0.000 0.001 
32 rake_vis 30 0.002 0.001 0.002 0.001 0.002 0.994 0.000 0.988 0.001 0.192 0.000 0.000 0.001 0.001 0.003 0.000 0.001 0.003 0.000 0.000 0.009 0.029 0.000 0.000 0.001 0.000 0.064 0.006 0.006 0.001 0.426 0.000 0.000 0.001 0.000 0.000 0.001 0.018 0.000 0.000 0.986 0.081 0.120 0.005 0.002 0.002 0.001 0.011 0.007 0.000 0.000 0.001 0.122 0.000 0.006 0.066 0.001 0.001 
33 shovel_vis 30 0.004 0.001 0.002 0.001 0.001 0.993 0.001 0.993 0.001 0.001 0.000 0.000 0.007 0.046 0.001 0.000 0.002 0.001 0.001 0.001 0.072 0.004 0.000 0.000 0.000 0.000 0.001 0.001 0.069 0.035 0.001 0.001 0.000 0.000 0.000 0.001 0.002 0.007 0.000 0.000 0.517 0.165 0.392 0.968 0.001 0.199 0.001 0.001 0.179 0.000 0.000 0.001 0.001 0.000 0.001 0.001 0.001 0.001 
34 spade_vis 30 0.091 0.003 0.001 0.001 0.796 0.027 0.001 0.844 0.001 0.004 0.001 0.000 0.001 0.000 0.674 0.000 0.001 0.001 0.000 0.000 0.001 0.001 0.000 0.000 0.001 0.000 0.003 0.003 0.002 0.287 0.495 0.000 0.000 0.001 0.000 0.000 0.001 0.001 0.018 0.000 0.005 0.422 0.099 0.001 0.893 0.002 0.001 0.001 0.001 0.000 0.001 0.009 0.002 0.000 0.009 0.003 0.000 0.001 
35 wrench_vis 30 0.004 0.001 0.002 0.000 0.001 0.992 0.001 0.992 0.003 0.001 0.000 0.000 0.003 0.026 0.001 0.000 0.003 0.001 0.000 0.001 0.069 0.003 0.000 0.000 0.000 0.000 0.000 0.001 0.118 0.030 0.001 0.001 0.000 0.000 0.000 0.000 0.001 0.002 0.000 0.000 0.499 0.472 0.330 0.932 0.001 0.491 0.001 0.001 0.125 0.000 0.000 0.002 0.002 0.000 0.001 0.001 0.000 0.001 
36 accordion_vis 30 0.001 0.001 0.001 0.001 0.001 0.994 0.002 0.012 0.982 0.002 0.007 0.000 0.001 0.002 0.000 0.001 0.004 0.002 0.001 0.001 0.004 0.001 0.000 0.005 0.000 0.001 0.000 0.001 0.001 0.001 0.000 0.001 0.000 0.001 0.005 0.041 0.003 0.001 0.000 0.000 0.003 0.001 0.002 0.016 0.001 0.068 0.048 0.009 0.394 0.473 0.012 0.013 0.003 0.001 0.001 0.001 0.001 0.030 
37 cello_vis 30 0.002 0.001 0.001 0.001 0.001 0.993 0.001 0.899 0.151 0.001 0.000 0.000 0.011 0.006 0.000 0.001 0.009 0.002 0.001 0.001 0.024 0.001 0.000 0.001 0.000 0.000 0.000 0.004 0.013 0.006 0.000 0.001 0.000 0.001 0.001 0.003 0.002 0.001 0.000 0.000 0.148 0.012 0.039 0.350 0.001 0.508 0.003 0.019 0.392 0.002 0.001 0.007 0.005 0.000 0.001 0.001 0.001 0.002 
38 flute_vis 30 0.002 0.001 0.001 0.001 0.001 0.993 0.001 0.980 0.019 0.001 0.000 0.000 0.053 0.007 0.001 0.001 0.010 0.001 0.001 0.001 0.018 0.001 0.000 0.001 0.001 0.000 0.001 0.017 0.017 0.011 0.001 0.001 0.000 0.001 0.001 0.007 0.003 0.011 0.000 0.000 0.552 0.028 0.138 0.298 0.001 0.501 0.002 0.003 0.183 0.003 0.001 0.003 0.002 0.000 0.001 0.004 0.001 0.001 
39 guitar_vis 30 0.001 0.001 0.001 0.001 0.001 0.994 0.001 0.006 0.957 0.002 0.039 0.000 0.001 0.001 0.000 0.001 0.005 0.001 0.002 0.001 0.008 0.001 0.000 0.039 0.000 0.001 0.000 0.001 0.001 0.001 0.000 0.001 0.000 0.001 0.006 0.048 0.002 0.001 0.001 0.000 0.002 0.001 0.001 0.003 0.002 0.119 0.008 0.001 0.114 0.861 0.018 0.025 0.001 0.001 0.001 0.001 0.001 0.057 
40 piano_vis 30 0.002 0.001 0.001 0.001 0.001 0.993 0.001 0.659 0.452 0.001 0.000 0.000 0.001 0.008 0.000 0.001 0.002 0.002 0.001 0.001 0.030 0.001 0.000 0.001 0.000 0.000 0.000 0.000 0.013 0.004 0.000 0.002 0.000 0.001 0.003 0.001 0.003 0.001 0.000 0.000 0.017 0.027 0.017 0.539 0.001 0.195 0.004 0.047 0.582 0.001 0.001 0.023 0.008 0.000 0.001 0.001 0.001 0.002 
41 trumpet_vis 30 0.002 0.001 0.002 0.001 0.001 0.966 0.001 0.039 0.703 0.001 0.000 0.000 0.001 0.002 0.000 0.002 0.001 0.004 0.000 0.001 0.056 0.001 0.000 0.001 0.000 0.000 0.000 0.000 0.004 0.002 0.000 0.001 0.000 0.001 0.335 0.000 0.002 0.001 0.001 0.000 0.005 0.366 0.003 0.036 0.001 0.017 0.001 0.005 0.112 0.002 0.000 0.716 0.084 0.000 0.001 0.001 0.001 0.002 
42 fork_vis 30 0.002 0.001 0.025 0.001 0.001 0.993 0.000 0.001 0.125 0.963 0.000 0.000 0.000 0.000 0.000 0.001 0.001 0.420 0.001 0.006 0.083 0.001 0.000 0.001 0.000 0.014 0.002 0.001 0.002 0.000 0.010 0.004 0.002 0.406 0.001 0.000 0.001 0.001 0.000 0.000 0.870 0.001 0.001 0.001 0.000 0.001 0.002 0.500 0.326 0.000 0.000 0.007 0.965 0.009 0.002 0.008 0.009 0.811 
43 spoon_vis 30 0.559 0.018 0.814 0.027 0.002 0.418 0.000 0.001 0.067 0.974 0.000 0.060 0.001 0.148 0.016 0.369 0.291 0.944 0.046 0.788 0.024 0.658 0.074 0.001 0.001 0.592 0.422 0.000 0.002 0.000 0.206 0.003 0.081 0.559 0.003 0.000 0.002 0.003 0.000 0.000 0.386 0.003 0.001 0.001 0.001 0.001 0.757 0.646 0.010 0.001 0.000 0.003 0.893 0.829 0.006 0.241 0.054 0.148 
44 tongs_vis 30 0.068 0.003 0.002 0.001 0.232 0.555 0.001 0.002 0.728 0.028 0.001 0.001 0.001 0.001 0.000 0.256 0.001 0.023 0.001 0.001 0.006 0.001 0.001 0.009 0.000 0.009 0.001 0.001 0.002 0.048 0.017 0.005 0.004 0.599 0.001 0.000 0.002 0.001 0.001 0.000 0.062 0.001 0.020 0.002 0.001 0.001 0.002 0.713 0.119 0.000 0.015 0.009 0.143 0.001 0.001 0.001 0.001 0.031 
45 ladle_vis 30 0.004 0.001 0.080 0.001 0.001 0.513 0.000 0.005 0.005 0.956 0.000 0.000 0.000 0.000 0.001 0.001 0.001 0.494 0.001 0.020 0.014 0.005 0.000 0.000 0.000 0.003 0.002 0.000 0.001 0.000 0.002 0.001 0.000 0.016 0.025 0.000 0.001 0.001 0.000 0.000 0.013 0.029 0.001 0.001 0.001 0.002 0.007 0.006 0.002 0.001 0.000 0.029 0.962 0.517 0.006 0.034 0.002 0.072 
46 knife_vis 30 0.002 0.001 0.022 0.112 0.001 0.993 0.000 0.001 0.115 0.986 0.000 0.000 0.000 0.000 0.000 0.000 0.015 0.005 0.001 0.001 0.030 0.001 0.001 0.142 0.001 0.020 0.001 0.007 0.001 0.000 0.000 0.001 0.000 0.002 0.001 0.001 0.001 0.001 0.000 0.000 0.010 0.000 0.001 0.001 0.001 0.002 0.002 0.001 0.006 0.487 0.005 0.010 0.248 0.044 0.011 0.291 0.253 0.987 
47 chopsticks_vis 30 0.002 0.001 0.010 0.055 0.001 0.993 0.000 0.001 0.064 0.940 0.000 0.000 0.000 0.000 0.000 0.000 0.011 0.015 0.001 0.001 0.019 0.001 0.000 0.046 0.001 0.067 0.002 0.018 0.001 0.000 0.001 0.002 0.000 0.006 0.000 0.001 0.001 0.001 0.000 0.000 0.094 0.000 0.001 0.001 0.000 0.001 0.001 0.007 0.059 0.023 0.003 0.001 0.126 0.005 0.001 0.034 0.064 0.977 
