0 beaver_vis 30 0.995 0.975 0.013 0.007 0.002 0.002 0.001 0.001 0.002 0.002 0.031 0.002 0.451 0.001 0.169 0.013 0.038 0.003 0.095 0.001 0.002 0.002 0.006 0.000 0.007 0.001 0.001 0.001 0.001 0.001 0.001 0.001 0.001 0.001 0.001 0.014 0.002 0.003 0.002 0.007 0.001 0.005 0.001 0.012 0.002 0.001 0.004 0.002 0.003 0.001 0.002 0.001 0.001 0.002 0.001 0.001 0.002 0.032 
1 bear_vis 30 0.995 0.982 0.001 0.003 0.060 0.002 0.001 0.001 0.010 0.001 0.013 0.982 0.013 0.004 0.001 0.010 0.001 0.021 0.001 0.000 0.001 0.005 0.001 0.000 0.001 0.004 0.003 0.001 0.048 0.001 0.002 0.154 0.002 0.003 0.001 0.010 0.000 0.319 0.001 0.002 0.002 0.001 0.000 0.001 0.001 0.001 0.001 0.001 0.151 0.001 0.001 0.002 0.001 0.001 0.000 0.001 0.003 0.002 
2 sheep_vis 30 0.995 0.972 0.007 0.005 0.002 0.002 0.001 0.001 0.002 0.001 0.024 0.001 0.015 0.066 0.875 0.007 0.069 0.001 0.001 0.001 0.013 0.005 0.006 0.000 0.009 0.000 0.001 0.003 0.001 0.001 0.006 0.001 0.001 0.001 0.001 0.002 0.001 0.001 0.001 0.013 0.001 0.013 0.002 0.002 0.001 0.001 0.001 0.012 0.001 0.001 0.007 0.001 0.003 0.001 0.001 0.001 0.001 0.035 
3 buffalo_vis 30 0.995 0.987 0.002 0.004 0.080 0.002 0.001 0.001 0.003 0.001 0.202 0.871 0.003 0.100 0.007 0.206 0.001 0.008 0.001 0.000 0.004 0.007 0.001 0.001 0.001 0.020 0.004 0.003 0.111 0.001 0.008 0.066 0.004 0.001 0.001 0.003 0.000 0.002 0.001 0.008 0.009 0.001 0.000 0.001 0.001 0.001 0.001 0.005 0.001 0.001 0.001 0.003 0.003 0.001 0.000 0.001 0.001 0.021 
4 poodle_vis 30 0.628 0.907 0.001 0.001 0.001 0.992 0.001 0.290 0.034 0.001 0.670 0.029 0.004 0.003 0.410 0.261 0.001 0.001 0.001 0.008 0.054 0.002 0.002 0.000 0.004 0.000 0.029 0.001 0.002 0.002 0.001 0.001 0.001 0.001 0.001 0.001 0.000 0.002 0.006 0.001 0.071 0.826 0.001 0.002 0.132 0.374 0.004 0.004 0.001 0.766 0.009 0.908 0.030 0.001 0.001 0.766 0.000 0.036 
5 giraffe_vis 30 0.995 0.988 0.001 0.004 0.053 0.002 0.001 0.001 0.003 0.001 0.161 0.945 0.005 0.030 0.002 0.156 0.001 0.021 0.001 0.000 0.001 0.003 0.001 0.001 0.001 0.021 0.006 0.001 0.068 0.001 0.004 0.068 0.003 0.001 0.001 0.004 0.000 0.003 0.001 0.012 0.006 0.001 0.000 0.000 0.001 0.001 0.001 0.003 0.001 0.001 0.001 0.002 0.002 0.001 0.000 0.000 0.001 0.016 
6 robin_vis 30 0.994 0.012 0.969 0.015 0.009 0.004 0.001 0.002 0.005 0.004 0.001 0.001 0.002 0.000 0.148 0.001 0.958 0.005 0.024 0.009 0.132 0.020 0.040 0.000 0.078 0.001 0.001 0.003 0.001 0.001 0.140 0.001 0.001 0.004 0.002 0.002 0.003 0.002 0.001 0.005 0.002 0.026 0.003 0.007 0.001 0.002 0.002 0.012 0.001 0.001 0.015 0.003 0.002 0.001 0.001 0.003 0.001 0.040 
7 swan_vis 30 0.992 0.007 0.986 0.007 0.024 0.013 0.001 0.002 0.016 0.003 0.005 0.001 0.003 0.000 0.020 0.001 0.205 0.005 0.010 0.077 0.597 0.178 0.025 0.000 0.023 0.002 0.001 0.002 0.006 0.001 0.015 0.001 0.016 0.009 0.001 0.001 0.001 0.005 0.001 0.001 0.001 0.006 0.001 0.006 0.001 0.004 0.005 0.001 0.003 0.006 0.031 0.016 0.012 0.001 0.001 0.012 0.002 0.001 
8 woodpecker_vis 30 0.995 0.005 0.988 0.006 0.010 0.004 0.001 0.001 0.006 0.010 0.005 0.001 0.001 0.000 0.001 0.001 0.072 0.007 0.252 0.051 0.035 0.032 0.011 0.000 0.003 0.004 0.001 0.001 0.001 0.001 0.001 0.002 0.005 0.003 0.002 0.002 0.002 0.002 0.001 0.001 0.001 0.002 0.002 0.014 0.001 0.001 0.003 0.001 0.002 0.003 0.002 0.002 0.001 0.002 0.001 0.004 0.003 0.002 
9 peacock_vis 30 0.901 0.008 0.938 0.004 0.002 0.899 0.001 0.011 0.980 0.002 0.001 0.002 0.207 0.001 0.124 0.001 0.732 0.296 0.003 0.002 0.149 0.941 0.028 0.000 0.462 0.000 0.002 0.018 0.033 0.001 0.375 0.001 0.001 0.003 0.001 0.003 0.001 0.002 0.001 0.000 0.002 0.016 0.001 0.057 0.002 0.009 0.775 0.008 0.007 0.467 0.002 0.809 0.008 0.001 0.001 0.009 0.001 0.001 
10 crow_vis 30 0.008 0.002 0.040 0.001 0.002 0.995 0.001 0.135 0.296 0.013 0.002 0.001 0.001 0.000 0.021 0.001 0.020 0.001 0.001 0.001 0.063 0.005 0.025 0.000 0.003 0.000 0.001 0.001 0.014 0.001 0.000 0.001 0.001 0.005 0.001 0.001 0.000 0.002 0.001 0.000 0.022 0.295 0.001 0.004 0.003 0.096 0.002 0.002 0.002 0.201 0.002 0.935 0.031 0.001 0.001 0.903 0.001 0.002 
11 eagle_vis 30 0.993 0.006 0.981 0.009 0.012 0.008 0.001 0.002 0.005 0.008 0.003 0.001 0.001 0.000 0.018 0.001 0.389 0.002 0.024 0.030 0.362 0.018 0.033 0.000 0.010 0.001 0.001 0.001 0.001 0.001 0.016 0.001 0.003 0.003 0.001 0.001 0.002 0.001 0.001 0.001 0.001 0.020 0.003 0.003 0.002 0.002 0.002 0.002 0.001 0.002 0.030 0.003 0.002 0.002 0.001 0.008 0.001 0.004 
12 tuna_vis 30 0.818 0.004 0.003 0.002 0.797 0.472 0.002 0.002 0.003 0.231 0.001 0.064 0.001 0.033 0.001 0.001 0.002 0.001 0.002 0.002 0.018 0.002 0.019 0.010 0.001 0.014 0.001 0.001 0.284 0.007 0.571 0.002 0.754 0.002 0.014 0.001 0.004 0.001 0.011 0.018 0.002 0.015 0.001 0.001 0.004 0.001 0.001 0.001 0.001 0.001 0.029 0.001 0.283 0.049 0.003 0.010 0.031 0.007 
13 goldfish_vis 30 0.990 0.013 0.001 0.005 0.983 0.003 0.002 0.001 0.004 0.005 0.000 0.003 0.001 0.033 0.001 0.005 0.002 0.001 0.002 0.000 0.000 0.001 0.004 0.059 0.000 0.001 0.002 0.003 0.013 0.202 0.072 0.019 0.099 0.667 0.020 0.005 0.001 0.011 0.023 0.005 0.006 0.007 0.001 0.002 0.004 0.005 0.001 0.001 0.064 0.000 0.034 0.005 0.012 0.003 0.002 0.004 0.002 0.006 
14 salmon_vis 30 0.962 0.008 0.197 0.003 0.833 0.030 0.007 0.002 0.034 0.005 0.001 0.575 0.007 0.002 0.001 0.001 0.017 0.005 0.017 0.001 0.001 0.792 0.002 0.000 0.003 0.006 0.003 0.037 0.369 0.004 0.018 0.445 0.020 0.011 0.008 0.003 0.010 0.005 0.001 0.001 0.001 0.002 0.001 0.006 0.001 0.001 0.009 0.001 0.012 0.006 0.003 0.003 0.003 0.003 0.001 0.001 0.028 0.001 
15 sardine_vis 30 0.648 0.005 0.001 0.565 0.583 0.441 0.935 0.017 0.003 0.012 0.000 0.025 0.001 0.470 0.001 0.007 0.001 0.001 0.001 0.000 0.002 0.003 0.006 0.834 0.009 0.147 0.628 0.854 0.328 0.484 0.343 0.007 0.116 0.029 0.571 0.002 0.025 0.003 0.848 0.409 0.075 0.083 0.001 0.001 0.006 0.006 0.002 0.001 0.001 0.001 0.037 0.001 0.150 0.012 0.003 0.002 0.007 0.002 
16 catfish_vis 30 0.972 0.006 0.840 0.029 0.011 0.009 0.002 0.002 0.004 0.025 0.030 0.001 0.001 0.000 0.019 0.001 0.032 0.043 0.002 0.014 0.838 0.013 0.060 0.001 0.056 0.010 0.001 0.003 0.018 0.005 0.019 0.001 0.008 0.002 0.003 0.003 0.003 0.001 0.003 0.004 0.006 0.005 0.001 0.001 0.004 0.001 0.004 0.020 0.001 0.001 0.031 0.002 0.028 0.007 0.002 0.003 0.002 0.010 
17 cod_vis 30 0.925 0.007 0.001 0.868 0.478 0.017 0.724 0.019 0.003 0.005 0.001 0.034 0.001 0.615 0.001 0.014 0.002 0.001 0.003 0.000 0.001 0.005 0.031 0.926 0.017 0.500 0.673 0.917 0.143 0.128 0.519 0.028 0.156 0.193 0.339 0.006 0.017 0.002 0.388 0.013 0.019 0.010 0.002 0.010 0.012 0.010 0.002 0.001 0.001 0.001 0.016 0.001 0.011 0.004 0.002 0.001 0.002 0.001 
18 turtle_vis 30 0.995 0.016 0.035 0.005 0.982 0.002 0.001 0.001 0.002 0.001 0.001 0.010 0.001 0.025 0.002 0.002 0.002 0.009 0.001 0.000 0.126 0.009 0.001 0.001 0.001 0.003 0.004 0.055 0.959 0.008 0.214 0.021 0.005 0.003 0.001 0.001 0.000 0.014 0.001 0.002 0.030 0.001 0.000 0.001 0.001 0.001 0.001 0.001 0.001 0.001 0.001 0.030 0.010 0.001 0.001 0.002 0.001 0.005 
19 rattlesnake_vis 30 0.964 0.061 0.001 0.481 0.958 0.013 0.008 0.004 0.007 0.002 0.000 0.052 0.001 0.600 0.001 0.177 0.003 0.006 0.008 0.000 0.001 0.003 0.002 0.688 0.001 0.042 0.207 0.640 0.270 0.136 0.865 0.252 0.096 0.137 0.009 0.003 0.005 0.005 0.095 0.216 0.014 0.030 0.003 0.004 0.004 0.001 0.002 0.002 0.008 0.001 0.024 0.003 0.010 0.003 0.001 0.001 0.005 0.005 
20 crab_vis 30 0.995 0.010 0.002 0.015 0.985 0.002 0.001 0.001 0.002 0.004 0.000 0.003 0.000 0.012 0.001 0.004 0.001 0.001 0.022 0.001 0.001 0.001 0.014 0.066 0.000 0.003 0.001 0.001 0.009 0.017 0.174 0.014 0.286 0.606 0.001 0.003 0.000 0.004 0.002 0.003 0.007 0.002 0.001 0.001 0.001 0.001 0.001 0.001 0.020 0.000 0.006 0.002 0.002 0.002 0.001 0.007 0.001 0.006 
21 frog_vis 30 0.994 0.006 0.048 0.002 0.975 0.003 0.001 0.001 0.005 0.002 0.000 0.027 0.001 0.001 0.001 0.001 0.004 0.006 0.001 0.000 0.002 0.010 0.001 0.001 0.001 0.001 0.001 0.009 0.795 0.006 0.007 0.032 0.003 0.021 0.001 0.002 0.001 0.182 0.001 0.001 0.005 0.001 0.001 0.002 0.001 0.001 0.001 0.001 0.035 0.001 0.002 0.014 0.002 0.001 0.001 0.002 0.001 0.001 
22 gecko_vis 30 0.889 0.038 0.001 0.077 0.980 0.037 0.037 0.003 0.004 0.007 0.000 0.076 0.001 0.680 0.001 0.102 0.001 0.001 0.004 0.000 0.001 0.005 0.002 0.670 0.001 0.022 0.113 0.241 0.181 0.585 0.690 0.178 0.373 0.147 0.084 0.003 0.011 0.001 0.555 0.104 0.007 0.159 0.001 0.001 0.005 0.001 0.001 0.001 0.003 0.001 0.047 0.002 0.049 0.018 0.003 0.005 0.027 0.006 
23 crocodile_vis 30 0.971 0.018 0.015 0.008 0.936 0.025 0.002 0.002 0.010 0.010 0.001 0.002 0.001 0.051 0.003 0.006 0.032 0.003 0.002 0.001 0.011 0.035 0.003 0.002 0.002 0.001 0.026 0.214 0.432 0.037 0.567 0.013 0.003 0.033 0.005 0.002 0.002 0.003 0.003 0.001 0.004 0.003 0.001 0.001 0.002 0.001 0.004 0.001 0.002 0.002 0.005 0.010 0.016 0.005 0.002 0.003 0.005 0.004 
24 axe_vis 30 0.003 0.001 0.001 0.004 0.001 0.995 0.993 0.004 0.002 0.001 0.000 0.014 0.001 0.001 0.000 0.000 0.001 0.001 0.036 0.000 0.000 0.001 0.002 0.012 0.001 0.001 0.006 0.031 0.000 0.014 0.000 0.001 0.001 0.040 0.961 0.003 0.041 0.024 0.043 0.001 0.001 0.001 0.001 0.017 0.001 0.003 0.002 0.001 0.002 0.006 0.001 0.000 0.001 0.001 0.002 0.001 0.056 0.001 
25 hammer_vis 30 0.004 0.016 0.001 0.004 0.001 0.989 0.969 0.002 0.003 0.015 0.003 0.003 0.051 0.004 0.001 0.000 0.001 0.016 0.001 0.000 0.000 0.000 0.019 0.005 0.027 0.001 0.001 0.001 0.000 0.003 0.000 0.000 0.001 0.001 0.001 0.983 0.009 0.047 0.001 0.039 0.013 0.000 0.002 0.002 0.001 0.001 0.051 0.020 0.002 0.000 0.001 0.001 0.001 0.001 0.005 0.000 0.005 0.014 
26 screwdriver_vis 30 0.002 0.001 0.001 0.003 0.001 0.995 0.990 0.003 0.001 0.004 0.000 0.001 0.005 0.000 0.001 0.000 0.001 0.001 0.011 0.000 0.000 0.001 0.009 0.001 0.003 0.001 0.001 0.002 0.000 0.002 0.000 0.000 0.001 0.001 0.019 0.006 0.957 0.001 0.007 0.006 0.001 0.001 0.001 0.005 0.001 0.001 0.006 0.001 0.001 0.001 0.001 0.000 0.001 0.001 0.002 0.000 0.030 0.001 
27 chisel_vis 30 0.002 0.001 0.001 0.002 0.001 0.995 0.981 0.003 0.002 0.008 0.000 0.001 0.004 0.000 0.000 0.000 0.001 0.001 0.009 0.000 0.000 0.001 0.006 0.001 0.003 0.001 0.001 0.001 0.000 0.001 0.000 0.000 0.001 0.001 0.009 0.032 0.937 0.002 0.003 0.010 0.001 0.001 0.000 0.005 0.001 0.001 0.004 0.001 0.001 0.001 0.001 0.000 0.001 0.001 0.005 0.001 0.019 0.001 
28 saw_vis 30 0.004 0.010 0.001 0.007 0.001 0.990 0.990 0.004 0.001 0.007 0.002 0.002 0.034 0.003 0.001 0.000 0.001 0.004 0.001 0.000 0.000 0.001 0.017 0.005 0.019 0.001 0.001 0.002 0.000 0.004 0.000 0.000 0.001 0.001 0.003 0.765 0.018 0.026 0.014 0.109 0.009 0.001 0.001 0.002 0.001 0.001 0.013 0.002 0.001 0.001 0.001 0.000 0.001 0.001 0.002 0.000 0.011 0.009 
29 drill_vis 30 0.003 0.028 0.001 0.004 0.001 0.993 0.991 0.003 0.001 0.010 0.003 0.003 0.056 0.005 0.002 0.000 0.001 0.008 0.001 0.000 0.000 0.000 0.013 0.004 0.018 0.001 0.001 0.001 0.000 0.002 0.000 0.000 0.001 0.001 0.001 0.930 0.014 0.061 0.003 0.227 0.017 0.001 0.001 0.002 0.001 0.001 0.015 0.007 0.001 0.000 0.001 0.000 0.001 0.001 0.003 0.000 0.009 0.028 
30 clamp_vis 30 0.002 0.001 0.001 0.005 0.001 0.995 0.001 0.945 0.003 0.002 0.002 0.001 0.001 0.000 0.001 0.000 0.001 0.001 0.001 0.000 0.033 0.000 0.018 0.000 0.006 0.001 0.001 0.001 0.000 0.001 0.000 0.000 0.001 0.001 0.001 0.012 0.000 0.007 0.001 0.001 0.925 0.001 0.094 0.013 0.003 0.018 0.001 0.028 0.001 0.001 0.001 0.012 0.001 0.001 0.002 0.004 0.000 0.003 
31 hoe_vis 30 0.001 0.001 0.001 0.006 0.001 0.996 0.002 0.994 0.002 0.002 0.001 0.001 0.000 0.000 0.001 0.000 0.001 0.001 0.002 0.001 0.001 0.000 0.035 0.000 0.002 0.001 0.001 0.001 0.000 0.001 0.000 0.001 0.009 0.001 0.001 0.001 0.065 0.001 0.021 0.002 0.039 0.946 0.010 0.130 0.021 0.008 0.001 0.001 0.001 0.003 0.002 0.002 0.001 0.001 0.001 0.010 0.000 0.001 
32 rake_vis 30 0.002 0.001 0.001 0.006 0.001 0.995 0.001 0.977 0.007 0.003 0.001 0.001 0.001 0.000 0.001 0.001 0.001 0.001 0.002 0.001 0.001 0.000 0.016 0.001 0.004 0.001 0.002 0.000 0.000 0.001 0.000 0.001 0.001 0.001 0.001 0.009 0.002 0.001 0.001 0.000 0.035 0.001 0.965 0.023 0.020 0.027 0.002 0.012 0.001 0.001 0.006 0.002 0.001 0.001 0.055 0.001 0.000 0.001 
33 shovel_vis 30 0.001 0.001 0.001 0.002 0.001 0.996 0.006 0.994 0.002 0.002 0.000 0.001 0.000 0.000 0.000 0.000 0.001 0.001 0.030 0.001 0.000 0.000 0.005 0.000 0.001 0.001 0.001 0.000 0.000 0.001 0.000 0.000 0.001 0.002 0.002 0.001 0.008 0.046 0.002 0.004 0.042 0.090 0.005 0.984 0.002 0.036 0.001 0.001 0.062 0.083 0.001 0.001 0.001 0.001 0.001 0.008 0.000 0.001 
34 spade_vis 30 0.002 0.001 0.001 0.027 0.001 0.995 0.001 0.992 0.002 0.002 0.001 0.001 0.000 0.000 0.001 0.000 0.001 0.001 0.003 0.002 0.001 0.000 0.039 0.001 0.010 0.004 0.012 0.001 0.000 0.001 0.000 0.001 0.002 0.001 0.001 0.001 0.015 0.001 0.003 0.000 0.004 0.273 0.011 0.006 0.842 0.034 0.002 0.001 0.001 0.001 0.013 0.001 0.001 0.003 0.003 0.001 0.000 0.001 
35 wrench_vis 30 0.001 0.001 0.001 0.002 0.001 0.996 0.004 0.994 0.003 0.001 0.000 0.001 0.000 0.000 0.000 0.000 0.001 0.001 0.021 0.001 0.000 0.000 0.004 0.000 0.001 0.001 0.001 0.000 0.000 0.001 0.000 0.001 0.002 0.002 0.002 0.001 0.006 0.036 0.001 0.003 0.036 0.057 0.006 0.973 0.003 0.049 0.001 0.001 0.048 0.058 0.001 0.002 0.001 0.001 0.001 0.006 0.000 0.001 
36 accordion_vis 30 0.005 0.001 0.004 0.002 0.001 0.995 0.848 0.014 0.066 0.002 0.000 0.129 0.002 0.000 0.001 0.000 0.003 0.001 0.003 0.001 0.000 0.002 0.002 0.015 0.001 0.001 0.068 0.010 0.000 0.003 0.000 0.003 0.002 0.008 0.784 0.002 0.079 0.002 0.005 0.000 0.001 0.002 0.002 0.015 0.005 0.011 0.051 0.002 0.002 0.011 0.008 0.001 0.001 0.002 0.002 0.001 0.002 0.001 
37 cello_vis 30 0.020 0.003 0.002 0.001 0.005 0.994 0.001 0.003 0.993 0.005 0.001 0.002 0.001 0.007 0.001 0.003 0.004 0.045 0.001 0.000 0.000 0.000 0.001 0.008 0.001 0.000 0.002 0.001 0.001 0.031 0.042 0.001 0.001 0.001 0.000 0.074 0.001 0.001 0.001 0.003 0.005 0.001 0.019 0.001 0.001 0.001 0.013 0.964 0.047 0.001 0.015 0.009 0.020 0.001 0.002 0.000 0.000 0.026 
38 flute_vis 30 0.003 0.004 0.001 0.001 0.001 0.995 0.964 0.004 0.006 0.003 0.000 0.015 0.002 0.000 0.000 0.000 0.001 0.001 0.003 0.000 0.000 0.000 0.001 0.001 0.001 0.000 0.003 0.001 0.000 0.001 0.000 0.001 0.001 0.003 0.545 0.004 0.009 0.434 0.001 0.002 0.001 0.001 0.001 0.015 0.001 0.002 0.003 0.001 0.023 0.001 0.001 0.001 0.001 0.001 0.036 0.000 0.003 0.001 
39 guitar_vis 30 0.011 0.004 0.003 0.001 0.007 0.996 0.001 0.005 0.995 0.002 0.000 0.062 0.005 0.000 0.000 0.006 0.002 0.028 0.002 0.001 0.000 0.001 0.001 0.001 0.001 0.000 0.021 0.000 0.000 0.008 0.000 0.082 0.001 0.033 0.001 0.020 0.001 0.007 0.001 0.000 0.001 0.001 0.004 0.008 0.002 0.005 0.048 0.018 0.946 0.060 0.001 0.031 0.001 0.001 0.004 0.001 0.001 0.001 
40 piano_vis 30 0.006 0.002 0.002 0.001 0.010 0.989 0.001 0.011 0.964 0.003 0.000 0.020 0.001 0.005 0.001 0.001 0.003 0.001 0.001 0.001 0.000 0.001 0.002 0.003 0.001 0.000 0.003 0.003 0.001 0.005 0.005 0.005 0.005 0.011 0.001 0.002 0.002 0.001 0.001 0.000 0.001 0.021 0.003 0.006 0.008 0.003 0.013 0.004 0.469 0.047 0.091 0.008 0.008 0.002 0.001 0.001 0.001 0.001 
41 trumpet_vis 30 0.012 0.002 0.002 0.001 0.014 0.996 0.001 0.009 0.983 0.003 0.001 0.005 0.000 0.002 0.001 0.004 0.001 0.001 0.001 0.001 0.002 0.000 0.004 0.001 0.001 0.000 0.021 0.001 0.103 0.010 0.001 0.004 0.001 0.014 0.000 0.002 0.000 0.001 0.001 0.000 0.016 0.001 0.004 0.001 0.005 0.021 0.002 0.013 0.002 0.001 0.004 0.977 0.004 0.001 0.001 0.011 0.000 0.002 
42 fork_vis 30 0.003 0.003 0.003 0.001 0.009 0.995 0.003 0.001 0.003 0.993 0.001 0.001 0.001 0.000 0.015 0.001 0.028 0.006 0.001 0.000 0.009 0.000 0.018 0.000 0.001 0.001 0.001 0.000 0.002 0.007 0.001 0.001 0.001 0.019 0.001 0.001 0.001 0.753 0.002 0.006 0.130 0.002 0.000 0.000 0.001 0.002 0.001 0.004 0.003 0.001 0.002 0.013 0.042 0.003 0.002 0.800 0.029 0.952 
43 spoon_vis 30 0.006 0.002 0.076 0.001 0.183 0.996 0.005 0.002 0.002 0.993 0.063 0.023 0.001 0.000 0.002 0.000 0.002 0.001 0.004 0.002 0.274 0.003 0.054 0.000 0.000 0.001 0.001 0.000 0.296 0.005 0.000 0.001 0.078 0.010 0.002 0.001 0.001 0.194 0.011 0.001 0.074 0.023 0.000 0.001 0.001 0.007 0.001 0.001 0.001 0.025 0.001 0.312 0.089 0.009 0.001 0.980 0.220 0.091 
44 tongs_vis 30 0.003 0.002 0.002 0.002 0.001 0.995 0.002 0.241 0.005 0.575 0.001 0.001 0.001 0.000 0.001 0.001 0.007 0.004 0.002 0.000 0.001 0.000 0.018 0.000 0.002 0.001 0.001 0.000 0.000 0.002 0.000 0.001 0.001 0.001 0.001 0.003 0.008 0.002 0.001 0.004 0.009 0.001 0.016 0.001 0.001 0.002 0.001 0.018 0.001 0.000 0.001 0.001 0.003 0.001 0.104 0.001 0.002 0.098 
45 ladle_vis 30 0.002 0.001 0.001 0.017 0.002 0.986 0.261 0.888 0.001 0.381 0.004 0.002 0.000 0.000 0.001 0.000 0.001 0.001 0.009 0.001 0.008 0.001 0.065 0.001 0.001 0.135 0.001 0.001 0.001 0.001 0.000 0.001 0.420 0.001 0.065 0.001 0.044 0.001 0.932 0.001 0.008 0.421 0.000 0.004 0.111 0.005 0.000 0.001 0.001 0.002 0.001 0.001 0.003 0.011 0.002 0.503 0.002 0.002 
46 knife_vis 30 0.005 0.002 0.144 0.001 0.205 0.996 0.005 0.002 0.004 0.994 0.069 0.031 0.001 0.000 0.002 0.001 0.002 0.003 0.008 0.003 0.142 0.002 0.065 0.000 0.000 0.001 0.001 0.000 0.172 0.005 0.000 0.001 0.071 0.013 0.002 0.001 0.001 0.281 0.007 0.001 0.049 0.010 0.000 0.001 0.001 0.009 0.001 0.001 0.001 0.032 0.001 0.220 0.067 0.012 0.002 0.971 0.336 0.125 
47 chopsticks_vis 30 0.003 0.003 0.003 0.001 0.007 0.995 0.002 0.001 0.004 0.995 0.002 0.001 0.001 0.000 0.012 0.002 0.026 0.013 0.001 0.000 0.009 0.000 0.018 0.000 0.001 0.000 0.001 0.000 0.002 0.006 0.000 0.001 0.001 0.011 0.001 0.001 0.000 0.560 0.001 0.013 0.153 0.001 0.000 0.000 0.001 0.002 0.001 0.013 0.003 0.001 0.001 0.009 0.029 0.002 0.006 0.618 0.031 0.973 
