0 beaver_vis 30 0.883 0.006 0.812 0.009 0.003 0.120 0.002 0.002 0.034 0.434 0.057 0.001 0.003 0.000 0.001 0.001 0.009 0.010 0.360 0.468 0.018 0.001 0.011 0.000 0.003 0.025 0.001 0.000 0.000 0.001 0.000 0.006 0.003 0.003 0.003 0.010 0.016 0.006 0.001 0.001 0.001 0.001 0.001 0.001 0.007 0.001 0.004 0.002 0.017 0.002 0.004 0.001 0.001 0.018 0.057 0.003 0.022 0.008 
1 bear_vis 30 0.995 0.031 0.061 0.007 0.979 0.004 0.002 0.001 0.006 0.002 0.001 0.338 0.001 0.000 0.001 0.018 0.001 0.356 0.001 0.004 0.001 0.002 0.001 0.001 0.001 0.044 0.099 0.001 0.708 0.005 0.003 0.945 0.002 0.044 0.002 0.002 0.000 0.430 0.001 0.001 0.019 0.001 0.001 0.001 0.001 0.006 0.001 0.001 0.023 0.001 0.001 0.024 0.001 0.002 0.001 0.003 0.001 0.005 
2 sheep_vis 30 0.994 0.013 0.963 0.018 0.005 0.005 0.002 0.001 0.005 0.008 0.001 0.001 0.006 0.000 0.107 0.001 0.967 0.010 0.054 0.005 0.057 0.005 0.040 0.000 0.091 0.001 0.001 0.003 0.001 0.001 0.135 0.001 0.001 0.004 0.002 0.004 0.012 0.003 0.001 0.009 0.002 0.016 0.004 0.011 0.001 0.001 0.003 0.013 0.003 0.001 0.006 0.001 0.001 0.002 0.005 0.001 0.002 0.045 
3 buffalo_vis 30 0.995 0.016 0.035 0.007 0.954 0.003 0.002 0.001 0.003 0.002 0.001 0.009 0.001 0.000 0.001 0.006 0.002 0.009 0.004 0.003 0.001 0.001 0.001 0.001 0.001 0.006 0.011 0.001 0.052 0.002 0.003 0.473 0.005 0.043 0.003 0.002 0.000 0.014 0.001 0.001 0.004 0.001 0.001 0.002 0.001 0.006 0.001 0.001 0.005 0.001 0.001 0.003 0.001 0.001 0.001 0.005 0.001 0.003 
4 poodle_vis 30 0.976 0.013 0.968 0.006 0.014 0.055 0.002 0.002 0.102 0.007 0.002 0.005 0.050 0.000 0.015 0.001 0.339 0.030 0.015 0.014 0.203 0.931 0.027 0.000 0.084 0.001 0.002 0.004 0.020 0.002 0.055 0.003 0.002 0.007 0.005 0.003 0.001 0.005 0.001 0.001 0.001 0.002 0.001 0.005 0.002 0.006 0.060 0.001 0.009 0.035 0.001 0.012 0.010 0.004 0.004 0.005 0.016 0.002 
5 giraffe_vis 30 0.994 0.971 0.001 0.004 0.096 0.006 0.002 0.001 0.018 0.002 0.004 0.930 0.027 0.002 0.001 0.080 0.001 0.030 0.001 0.001 0.000 0.003 0.001 0.001 0.001 0.001 0.034 0.001 0.052 0.004 0.002 0.186 0.001 0.019 0.001 0.007 0.000 0.518 0.001 0.001 0.003 0.001 0.001 0.001 0.002 0.002 0.001 0.001 0.161 0.001 0.001 0.008 0.001 0.002 0.001 0.001 0.002 0.004 
6 robin_vis 30 0.993 0.006 0.978 0.008 0.006 0.011 0.001 0.001 0.010 0.017 0.001 0.001 0.003 0.000 0.009 0.001 0.772 0.006 0.238 0.006 0.067 0.005 0.029 0.000 0.011 0.001 0.001 0.001 0.001 0.001 0.014 0.002 0.001 0.005 0.003 0.005 0.007 0.004 0.001 0.002 0.002 0.011 0.002 0.013 0.001 0.002 0.003 0.002 0.006 0.002 0.002 0.001 0.001 0.002 0.006 0.003 0.003 0.011 
7 swan_vis 30 0.992 0.004 0.978 0.004 0.004 0.060 0.002 0.001 0.009 0.052 0.002 0.001 0.003 0.000 0.001 0.001 0.131 0.007 0.516 0.005 0.034 0.001 0.013 0.000 0.001 0.001 0.001 0.000 0.000 0.001 0.001 0.002 0.002 0.006 0.002 0.003 0.005 0.007 0.001 0.002 0.002 0.013 0.001 0.010 0.001 0.001 0.002 0.001 0.008 0.003 0.001 0.001 0.001 0.003 0.011 0.005 0.011 0.007 
8 woodpecker_vis 30 0.952 0.009 0.256 0.002 0.840 0.067 0.002 0.002 0.217 0.019 0.001 0.755 0.006 0.000 0.001 0.001 0.013 0.004 0.107 0.007 0.000 0.835 0.003 0.000 0.001 0.007 0.004 0.001 0.148 0.004 0.000 0.819 0.023 0.085 0.132 0.006 0.001 0.022 0.001 0.000 0.001 0.001 0.001 0.012 0.002 0.011 0.027 0.001 0.090 0.036 0.001 0.009 0.001 0.005 0.010 0.004 0.037 0.001 
9 peacock_vis 30 0.825 0.004 0.028 0.001 0.534 0.440 0.002 0.003 0.485 0.014 0.001 0.196 0.005 0.001 0.001 0.001 0.007 0.002 0.025 0.006 0.000 0.202 0.003 0.000 0.001 0.001 0.002 0.002 0.019 0.004 0.001 0.052 0.006 0.057 0.082 0.002 0.001 0.009 0.001 0.000 0.001 0.001 0.001 0.007 0.002 0.019 0.032 0.001 0.100 0.082 0.001 0.009 0.001 0.009 0.007 0.005 0.068 0.001 
10 crow_vis 30 0.994 0.005 0.036 0.005 0.952 0.007 0.001 0.002 0.007 0.004 0.001 0.001 0.001 0.000 0.001 0.002 0.010 0.002 0.015 0.005 0.001 0.001 0.002 0.000 0.001 0.001 0.003 0.003 0.027 0.002 0.002 0.036 0.001 0.340 0.006 0.001 0.000 0.041 0.001 0.000 0.003 0.001 0.001 0.006 0.001 0.009 0.001 0.001 0.020 0.001 0.001 0.009 0.001 0.001 0.002 0.017 0.001 0.001 
11 eagle_vis 30 0.281 0.291 0.037 0.001 0.003 0.995 0.003 0.002 0.025 0.974 0.508 0.549 0.008 0.000 0.001 0.001 0.004 0.006 0.155 0.003 0.001 0.003 0.167 0.000 0.001 0.003 0.001 0.000 0.000 0.001 0.000 0.002 0.046 0.007 0.013 0.002 0.053 0.010 0.002 0.001 0.001 0.002 0.001 0.002 0.002 0.002 0.004 0.001 0.012 0.063 0.001 0.001 0.001 0.895 0.018 0.012 0.622 0.004 
12 tuna_vis 30 0.007 0.066 0.001 0.003 0.002 0.995 0.985 0.002 0.005 0.104 0.001 0.050 0.004 0.007 0.001 0.001 0.001 0.004 0.002 0.001 0.000 0.000 0.003 0.020 0.001 0.001 0.002 0.001 0.000 0.009 0.000 0.001 0.001 0.004 0.043 0.097 0.007 0.722 0.005 0.610 0.020 0.001 0.001 0.003 0.001 0.005 0.001 0.001 0.023 0.002 0.001 0.001 0.001 0.003 0.029 0.002 0.097 0.027 
13 goldfish_vis 30 0.008 0.021 0.001 0.004 0.001 0.995 0.993 0.004 0.003 0.050 0.000 0.044 0.004 0.002 0.000 0.001 0.001 0.003 0.001 0.001 0.000 0.000 0.003 0.020 0.002 0.001 0.009 0.002 0.001 0.028 0.000 0.001 0.001 0.009 0.277 0.036 0.001 0.977 0.001 0.355 0.026 0.001 0.001 0.004 0.001 0.006 0.001 0.001 0.108 0.001 0.001 0.001 0.001 0.002 0.019 0.001 0.054 0.012 
14 salmon_vis 30 0.866 0.003 0.002 0.840 0.001 0.089 0.045 0.005 0.003 0.053 0.008 0.002 0.009 0.000 0.000 0.001 0.001 0.002 0.017 0.072 0.002 0.001 0.111 0.002 0.105 0.467 0.068 0.001 0.000 0.002 0.000 0.003 0.002 0.002 0.099 0.006 0.029 0.002 0.001 0.001 0.001 0.001 0.004 0.001 0.270 0.015 0.005 0.001 0.001 0.001 0.001 0.001 0.001 0.036 0.090 0.001 0.001 0.002 
15 sardine_vis 30 0.125 0.001 0.001 0.141 0.002 0.993 0.329 0.011 0.002 0.247 0.000 0.002 0.001 0.000 0.000 0.004 0.001 0.001 0.073 0.001 0.000 0.000 0.011 0.023 0.002 0.005 0.804 0.001 0.000 0.005 0.000 0.039 0.001 0.345 0.977 0.004 0.003 0.051 0.002 0.001 0.002 0.001 0.001 0.003 0.009 0.418 0.001 0.001 0.004 0.001 0.001 0.001 0.000 0.014 0.321 0.008 0.001 0.001 
16 catfish_vis 30 0.003 0.070 0.001 0.003 0.001 0.995 0.991 0.002 0.003 0.104 0.001 0.011 0.019 0.003 0.001 0.001 0.001 0.006 0.002 0.001 0.000 0.000 0.005 0.005 0.002 0.001 0.003 0.001 0.000 0.003 0.000 0.001 0.001 0.003 0.021 0.132 0.010 0.527 0.007 0.781 0.036 0.001 0.001 0.003 0.001 0.004 0.001 0.001 0.009 0.001 0.001 0.001 0.001 0.002 0.029 0.001 0.083 0.120 
17 cod_vis 30 0.317 0.002 0.001 0.344 0.009 0.993 0.957 0.010 0.002 0.111 0.000 0.017 0.006 0.000 0.000 0.002 0.001 0.001 0.185 0.001 0.000 0.001 0.013 0.122 0.002 0.006 0.781 0.002 0.000 0.010 0.000 0.085 0.002 0.563 0.990 0.003 0.019 0.056 0.003 0.001 0.002 0.001 0.001 0.003 0.004 0.258 0.001 0.001 0.002 0.008 0.001 0.001 0.001 0.026 0.269 0.002 0.003 0.001 
18 turtle_vis 30 0.552 0.003 0.001 0.377 0.255 0.995 0.989 0.018 0.011 0.016 0.000 0.733 0.003 0.000 0.000 0.001 0.001 0.002 0.434 0.001 0.000 0.002 0.004 0.060 0.001 0.312 0.241 0.001 0.001 0.057 0.000 0.340 0.318 0.403 0.990 0.002 0.048 0.147 0.363 0.002 0.001 0.001 0.001 0.031 0.003 0.082 0.001 0.001 0.019 0.060 0.001 0.001 0.001 0.081 0.141 0.009 0.110 0.002 
19 rattlesnake_vis 30 0.874 0.002 0.001 0.691 0.571 0.940 0.979 0.018 0.008 0.004 0.000 0.824 0.001 0.000 0.000 0.001 0.001 0.001 0.115 0.001 0.000 0.002 0.006 0.134 0.000 0.685 0.045 0.001 0.001 0.025 0.000 0.610 0.747 0.544 0.991 0.001 0.197 0.126 0.019 0.006 0.002 0.001 0.001 0.105 0.003 0.317 0.001 0.001 0.022 0.024 0.001 0.001 0.001 0.024 0.117 0.001 0.035 0.001 
20 crab_vis 30 0.550 0.003 0.001 0.271 0.154 0.994 0.988 0.020 0.007 0.010 0.000 0.820 0.002 0.000 0.000 0.001 0.001 0.001 0.343 0.001 0.000 0.001 0.002 0.039 0.000 0.357 0.095 0.001 0.001 0.041 0.000 0.310 0.402 0.237 0.991 0.002 0.073 0.103 0.293 0.001 0.001 0.001 0.001 0.034 0.003 0.098 0.001 0.001 0.019 0.036 0.001 0.001 0.001 0.054 0.152 0.004 0.078 0.001 
21 frog_vis 30 0.148 0.003 0.001 0.001 0.971 0.995 0.012 0.002 0.203 0.962 0.000 0.756 0.001 0.000 0.000 0.001 0.001 0.002 0.035 0.001 0.000 0.000 0.001 0.001 0.000 0.015 0.002 0.000 0.001 0.024 0.000 0.944 0.656 0.068 0.989 0.002 0.018 0.032 0.001 0.002 0.001 0.001 0.001 0.002 0.001 0.038 0.001 0.001 0.376 0.024 0.001 0.001 0.002 0.231 0.632 0.002 0.629 0.002 
22 gecko_vis 30 0.730 0.002 0.001 0.483 0.418 0.992 0.974 0.025 0.010 0.018 0.000 0.876 0.001 0.000 0.000 0.001 0.001 0.001 0.439 0.001 0.000 0.001 0.005 0.053 0.000 0.592 0.024 0.001 0.001 0.018 0.000 0.492 0.698 0.378 0.991 0.001 0.097 0.095 0.196 0.002 0.001 0.001 0.001 0.064 0.002 0.100 0.001 0.001 0.031 0.037 0.001 0.001 0.001 0.047 0.130 0.003 0.086 0.001 
23 crocodile_vis 30 0.098 0.003 0.002 0.001 0.948 0.995 0.049 0.002 0.385 0.935 0.000 0.837 0.001 0.000 0.000 0.001 0.001 0.002 0.185 0.001 0.000 0.001 0.001 0.001 0.000 0.008 0.002 0.000 0.001 0.019 0.000 0.901 0.528 0.071 0.988 0.001 0.068 0.043 0.001 0.001 0.001 0.001 0.001 0.001 0.001 0.011 0.001 0.001 0.621 0.106 0.001 0.001 0.001 0.253 0.444 0.002 0.914 0.002 
24 axe_vis 30 0.257 0.006 0.000 0.392 0.027 0.996 0.995 0.009 0.002 0.017 0.000 0.163 0.012 0.000 0.000 0.002 0.000 0.001 0.580 0.000 0.000 0.002 0.007 0.170 0.001 0.004 0.904 0.002 0.001 0.089 0.000 0.029 0.002 0.702 0.986 0.005 0.009 0.499 0.484 0.001 0.002 0.001 0.001 0.016 0.001 0.019 0.001 0.000 0.006 0.121 0.000 0.000 0.000 0.061 0.061 0.014 0.125 0.001 
25 hammer_vis 30 0.002 0.016 0.000 0.005 0.001 0.995 0.995 0.003 0.001 0.062 0.001 0.002 0.017 0.001 0.002 0.001 0.000 0.003 0.001 0.000 0.000 0.000 0.006 0.002 0.007 0.001 0.005 0.001 0.000 0.002 0.000 0.001 0.001 0.001 0.012 0.029 0.006 0.094 0.003 0.624 0.009 0.001 0.001 0.001 0.001 0.002 0.001 0.001 0.001 0.001 0.000 0.000 0.001 0.002 0.019 0.000 0.013 0.050 
26 screwdriver_vis 30 0.005 0.005 0.000 0.007 0.002 0.996 0.995 0.004 0.002 0.014 0.000 0.041 0.005 0.001 0.000 0.001 0.000 0.001 0.017 0.000 0.000 0.001 0.001 0.023 0.001 0.001 0.053 0.025 0.001 0.047 0.000 0.002 0.001 0.046 0.849 0.008 0.019 0.463 0.017 0.004 0.002 0.001 0.001 0.007 0.001 0.007 0.001 0.000 0.014 0.005 0.000 0.000 0.000 0.002 0.032 0.001 0.127 0.001 
27 chisel_vis 30 0.004 0.006 0.000 0.006 0.002 0.996 0.996 0.003 0.002 0.024 0.000 0.030 0.007 0.001 0.000 0.001 0.000 0.001 0.003 0.000 0.000 0.001 0.003 0.019 0.001 0.001 0.030 0.045 0.001 0.068 0.000 0.001 0.001 0.029 0.686 0.011 0.005 0.688 0.006 0.007 0.002 0.001 0.000 0.004 0.001 0.007 0.001 0.000 0.014 0.004 0.000 0.000 0.001 0.001 0.029 0.001 0.157 0.001 
28 saw_vis 30 0.003 0.060 0.000 0.007 0.001 0.995 0.995 0.005 0.001 0.031 0.003 0.004 0.046 0.003 0.002 0.001 0.000 0.004 0.001 0.000 0.000 0.000 0.006 0.003 0.009 0.001 0.004 0.001 0.000 0.003 0.000 0.001 0.001 0.001 0.011 0.102 0.012 0.128 0.021 0.959 0.059 0.001 0.001 0.003 0.002 0.002 0.001 0.001 0.001 0.001 0.000 0.000 0.001 0.003 0.014 0.000 0.040 0.295 
29 drill_vis 30 0.002 0.042 0.000 0.006 0.001 0.995 0.995 0.005 0.001 0.020 0.002 0.004 0.043 0.004 0.001 0.001 0.000 0.003 0.001 0.000 0.000 0.000 0.005 0.003 0.008 0.001 0.003 0.001 0.000 0.003 0.000 0.001 0.001 0.001 0.011 0.073 0.015 0.083 0.014 0.945 0.024 0.001 0.001 0.002 0.002 0.001 0.001 0.001 0.001 0.001 0.000 0.000 0.002 0.002 0.011 0.000 0.040 0.131 
30 clamp_vis 30 0.003 0.002 0.001 0.005 0.001 0.995 0.984 0.005 0.001 0.033 0.000 0.006 0.002 0.001 0.000 0.001 0.001 0.001 0.002 0.001 0.000 0.000 0.004 0.004 0.002 0.001 0.011 0.003 0.001 0.010 0.000 0.001 0.001 0.009 0.112 0.005 0.001 0.818 0.003 0.003 0.004 0.001 0.001 0.004 0.002 0.015 0.001 0.001 0.003 0.002 0.001 0.000 0.001 0.002 0.025 0.003 0.036 0.001 
31 hoe_vis 30 0.001 0.001 0.001 0.003 0.001 0.996 0.070 0.952 0.013 0.001 0.000 0.001 0.001 0.000 0.000 0.001 0.001 0.001 0.045 0.001 0.000 0.001 0.010 0.001 0.002 0.001 0.002 0.001 0.000 0.001 0.000 0.001 0.001 0.006 0.019 0.001 0.012 0.040 0.001 0.001 0.002 0.022 0.001 0.899 0.004 0.064 0.004 0.001 0.016 0.261 0.001 0.001 0.000 0.001 0.003 0.002 0.001 0.001 
32 rake_vis 30 0.002 0.002 0.001 0.003 0.001 0.995 0.003 0.982 0.008 0.007 0.001 0.001 0.001 0.000 0.001 0.001 0.001 0.001 0.001 0.001 0.000 0.000 0.012 0.001 0.002 0.001 0.009 0.001 0.000 0.001 0.000 0.001 0.001 0.006 0.014 0.001 0.001 0.003 0.001 0.001 0.016 0.019 0.013 0.037 0.008 0.915 0.001 0.002 0.001 0.004 0.001 0.006 0.001 0.002 0.016 0.005 0.000 0.002 
33 shovel_vis 30 0.002 0.001 0.001 0.004 0.001 0.996 0.864 0.100 0.008 0.002 0.000 0.002 0.002 0.000 0.000 0.001 0.000 0.001 0.013 0.000 0.000 0.000 0.003 0.001 0.001 0.001 0.009 0.001 0.000 0.002 0.000 0.001 0.001 0.013 0.133 0.003 0.004 0.591 0.002 0.007 0.004 0.001 0.001 0.133 0.002 0.038 0.002 0.000 0.020 0.047 0.000 0.000 0.000 0.001 0.011 0.001 0.011 0.001 
34 spade_vis 30 0.002 0.001 0.001 0.007 0.001 0.995 0.004 0.991 0.002 0.003 0.001 0.001 0.001 0.000 0.001 0.001 0.001 0.001 0.002 0.001 0.000 0.000 0.017 0.001 0.003 0.001 0.007 0.001 0.000 0.001 0.000 0.001 0.001 0.002 0.007 0.001 0.001 0.001 0.002 0.001 0.023 0.090 0.010 0.041 0.049 0.555 0.001 0.001 0.001 0.003 0.002 0.002 0.001 0.002 0.009 0.003 0.000 0.001 
35 wrench_vis 30 0.002 0.001 0.001 0.020 0.001 0.996 0.013 0.990 0.015 0.001 0.000 0.001 0.001 0.000 0.000 0.002 0.001 0.001 0.001 0.054 0.000 0.000 0.022 0.001 0.030 0.001 0.631 0.001 0.000 0.001 0.000 0.003 0.001 0.044 0.922 0.001 0.001 0.003 0.001 0.001 0.003 0.037 0.002 0.022 0.744 0.992 0.001 0.000 0.001 0.169 0.001 0.013 0.001 0.002 0.069 0.006 0.000 0.001 
36 accordion_vis 30 0.002 0.001 0.001 0.006 0.001 0.995 0.395 0.892 0.134 0.003 0.000 0.095 0.002 0.000 0.000 0.001 0.001 0.001 0.130 0.001 0.000 0.001 0.002 0.003 0.001 0.003 0.120 0.001 0.000 0.002 0.000 0.014 0.006 0.020 0.582 0.001 0.024 0.003 0.002 0.001 0.001 0.005 0.001 0.315 0.047 0.395 0.007 0.001 0.006 0.592 0.001 0.001 0.001 0.004 0.009 0.001 0.001 0.001 
37 cello_vis 30 0.003 0.003 0.001 0.001 0.004 0.994 0.017 0.011 0.427 0.024 0.001 0.016 0.002 0.000 0.001 0.001 0.002 0.001 0.001 0.001 0.000 0.001 0.002 0.002 0.001 0.001 0.037 0.001 0.001 0.004 0.001 0.004 0.002 0.014 0.163 0.001 0.002 0.007 0.002 0.001 0.001 0.005 0.001 0.026 0.002 0.103 0.001 0.001 0.156 0.037 0.009 0.001 0.015 0.008 0.008 0.001 0.002 0.002 
38 flute_vis 30 0.003 0.002 0.001 0.010 0.001 0.995 0.954 0.746 0.463 0.001 0.000 0.249 0.010 0.000 0.000 0.001 0.000 0.001 0.005 0.000 0.000 0.001 0.001 0.023 0.001 0.001 0.517 0.003 0.000 0.005 0.000 0.034 0.003 0.046 0.920 0.001 0.018 0.007 0.002 0.001 0.001 0.002 0.001 0.157 0.032 0.487 0.013 0.000 0.015 0.434 0.000 0.001 0.001 0.003 0.011 0.000 0.001 0.001 
39 guitar_vis 30 0.002 0.002 0.001 0.007 0.002 0.995 0.819 0.769 0.265 0.002 0.000 0.139 0.005 0.000 0.000 0.001 0.001 0.001 0.026 0.001 0.000 0.001 0.001 0.012 0.001 0.001 0.442 0.002 0.000 0.003 0.000 0.025 0.002 0.042 0.734 0.001 0.012 0.003 0.003 0.001 0.001 0.003 0.001 0.143 0.023 0.286 0.007 0.001 0.009 0.417 0.001 0.001 0.001 0.003 0.009 0.001 0.001 0.001 
40 piano_vis 30 0.003 0.004 0.001 0.002 0.003 0.993 0.006 0.003 0.814 0.057 0.001 0.001 0.001 0.001 0.013 0.003 0.011 0.002 0.001 0.001 0.002 0.001 0.009 0.001 0.001 0.001 0.002 0.001 0.001 0.006 0.003 0.001 0.002 0.002 0.011 0.001 0.004 0.001 0.003 0.001 0.003 0.007 0.001 0.001 0.003 0.005 0.003 0.153 0.005 0.002 0.072 0.042 0.146 0.009 0.004 0.001 0.002 0.017 
41 trumpet_vis 30 0.007 0.002 0.001 0.001 0.026 0.994 0.002 0.027 0.892 0.003 0.001 0.002 0.001 0.009 0.001 0.006 0.002 0.001 0.001 0.001 0.000 0.001 0.003 0.003 0.001 0.001 0.020 0.002 0.004 0.015 0.011 0.004 0.006 0.009 0.001 0.001 0.001 0.001 0.001 0.000 0.002 0.042 0.002 0.001 0.018 0.012 0.006 0.003 0.001 0.002 0.361 0.269 0.020 0.002 0.002 0.001 0.000 0.001 
42 fork_vis 30 0.002 0.006 0.001 0.004 0.001 0.995 0.991 0.005 0.001 0.019 0.001 0.002 0.005 0.003 0.001 0.001 0.001 0.001 0.001 0.001 0.000 0.001 0.009 0.002 0.004 0.001 0.005 0.003 0.000 0.004 0.000 0.001 0.001 0.001 0.111 0.002 0.112 0.001 0.025 0.005 0.001 0.002 0.000 0.001 0.004 0.005 0.001 0.001 0.001 0.001 0.001 0.000 0.008 0.008 0.007 0.001 0.006 0.001 
43 spoon_vis 30 0.011 0.004 0.001 0.064 0.004 0.996 0.995 0.133 0.002 0.084 0.000 0.337 0.008 0.000 0.000 0.001 0.001 0.001 0.727 0.001 0.000 0.002 0.003 0.012 0.001 0.015 0.356 0.001 0.000 0.033 0.000 0.026 0.011 0.307 0.993 0.004 0.056 0.355 0.733 0.001 0.001 0.003 0.000 0.103 0.006 0.081 0.002 0.000 0.007 0.262 0.000 0.000 0.001 0.187 0.284 0.077 0.163 0.001 
44 tongs_vis 30 0.003 0.003 0.000 0.005 0.001 0.995 0.995 0.003 0.001 0.024 0.000 0.005 0.004 0.000 0.000 0.001 0.001 0.002 0.001 0.000 0.000 0.000 0.003 0.005 0.002 0.001 0.009 0.004 0.001 0.020 0.000 0.001 0.001 0.010 0.082 0.012 0.002 0.946 0.003 0.015 0.008 0.001 0.001 0.004 0.001 0.005 0.001 0.001 0.011 0.001 0.000 0.000 0.001 0.002 0.016 0.002 0.081 0.004 
45 ladle_vis 30 0.002 0.001 0.001 0.016 0.002 0.996 0.992 0.077 0.002 0.229 0.000 0.057 0.003 0.000 0.000 0.001 0.001 0.001 0.814 0.001 0.000 0.003 0.015 0.001 0.001 0.010 0.018 0.001 0.000 0.004 0.000 0.003 0.015 0.063 0.990 0.002 0.243 0.170 0.048 0.001 0.001 0.002 0.000 0.070 0.002 0.082 0.003 0.000 0.004 0.136 0.000 0.000 0.001 0.028 0.048 0.030 0.163 0.001 
46 knife_vis 30 0.004 0.027 0.001 0.032 0.002 0.996 0.995 0.009 0.002 0.109 0.000 0.171 0.075 0.000 0.000 0.001 0.000 0.001 0.327 0.000 0.000 0.001 0.005 0.006 0.002 0.001 0.571 0.001 0.000 0.017 0.000 0.003 0.001 0.195 0.980 0.007 0.011 0.653 0.185 0.001 0.001 0.001 0.000 0.011 0.002 0.069 0.003 0.000 0.004 0.213 0.000 0.000 0.001 0.088 0.147 0.016 0.101 0.001 
47 chopsticks_vis 30 0.003 0.006 0.001 0.003 0.001 0.995 0.983 0.003 0.001 0.038 0.001 0.009 0.002 0.002 0.001 0.001 0.001 0.001 0.001 0.001 0.000 0.000 0.004 0.002 0.003 0.001 0.011 0.001 0.000 0.003 0.000 0.001 0.001 0.002 0.509 0.001 0.001 0.266 0.003 0.003 0.002 0.001 0.000 0.002 0.003 0.019 0.001 0.001 0.002 0.001 0.001 0.000 0.004 0.007 0.014 0.001 0.004 0.003 
