0 beaver_vis 30 0.996 0.991 0.015 0.041 0.008 0.001 0.000 0.000 0.001 0.001 0.719 0.194 0.146 0.001 0.006 0.014 0.136 0.001 0.000 0.002 0.001 0.005 0.001 0.000 0.006 0.029 0.009 0.002 0.064 0.002 0.001 0.002 0.000 0.001 0.001 0.001 0.048 0.000 0.000 0.003 0.001 0.002 0.000 0.000 0.000 0.003 0.001 0.002 0.001 0.010 0.001 0.001 0.001 0.001 0.000 0.001 0.001 0.002 
1 bear_vis 30 0.995 0.988 0.004 0.001 0.145 0.003 0.001 0.000 0.009 0.003 0.001 0.386 0.001 0.889 0.166 0.002 0.002 0.000 0.171 0.000 0.001 0.000 0.001 0.000 0.006 0.005 0.000 0.003 0.001 0.495 0.001 0.004 0.086 0.001 0.002 0.001 0.001 0.001 0.001 0.001 0.000 0.001 0.001 0.001 0.001 0.279 0.022 0.001 0.934 0.002 0.001 0.011 0.001 0.002 0.012 0.004 0.002 0.001 
2 sheep_vis 30 0.996 0.206 0.003 0.005 0.890 0.003 0.001 0.000 0.000 0.092 0.000 0.000 0.108 0.004 0.009 0.002 0.001 0.000 0.000 0.000 0.001 0.001 0.001 0.000 0.085 0.001 0.033 0.001 0.008 0.005 0.000 0.941 0.000 0.014 0.001 0.001 0.001 0.000 0.004 0.001 0.000 0.001 0.013 0.000 0.000 0.000 0.003 0.002 0.000 0.001 0.001 0.000 0.032 0.001 0.006 0.001 0.007 0.012 
3 buffalo_vis 30 0.882 0.009 0.001 0.001 0.112 0.688 0.001 0.000 0.001 0.374 0.000 0.000 0.001 0.009 0.002 0.001 0.001 0.000 0.001 0.000 0.001 0.000 0.000 0.000 0.028 0.000 0.001 0.001 0.001 0.004 0.001 0.051 0.000 0.000 0.000 0.001 0.014 0.001 0.258 0.001 0.000 0.023 0.389 0.000 0.000 0.000 0.155 0.001 0.000 0.001 0.001 0.001 0.008 0.002 0.042 0.001 0.560 0.003 
4 poodle_vis 30 0.995 0.993 0.008 0.021 0.011 0.002 0.001 0.000 0.001 0.037 0.079 0.001 0.116 0.264 0.980 0.029 0.001 0.000 0.001 0.000 0.001 0.078 0.016 0.000 0.015 0.002 0.004 0.012 0.002 0.020 0.000 0.007 0.000 0.001 0.001 0.001 0.001 0.000 0.003 0.001 0.001 0.001 0.001 0.001 0.000 0.005 0.001 0.001 0.014 0.002 0.001 0.000 0.001 0.424 0.001 0.277 0.002 0.041 
5 giraffe_vis 30 0.995 0.990 0.004 0.001 0.096 0.004 0.001 0.000 0.004 0.007 0.001 0.271 0.001 0.886 0.153 0.003 0.001 0.000 0.123 0.000 0.001 0.000 0.001 0.000 0.006 0.003 0.000 0.002 0.001 0.376 0.001 0.002 0.050 0.001 0.001 0.001 0.001 0.001 0.001 0.001 0.000 0.001 0.001 0.001 0.000 0.163 0.015 0.001 0.854 0.001 0.001 0.005 0.001 0.004 0.018 0.011 0.003 0.001 
6 robin_vis 30 0.996 0.009 0.965 0.003 0.001 0.001 0.001 0.000 0.009 0.001 0.001 0.001 0.048 0.000 0.002 0.000 0.950 0.003 0.004 0.001 0.001 0.017 0.001 0.000 0.002 0.007 0.001 0.001 0.001 0.001 0.000 0.008 0.000 0.000 0.001 0.001 0.036 0.000 0.000 0.001 0.000 0.001 0.001 0.000 0.000 0.001 0.016 0.010 0.001 0.006 0.002 0.001 0.002 0.001 0.000 0.001 0.001 0.001 
7 swan_vis 30 0.996 0.156 0.990 0.003 0.002 0.002 0.001 0.000 0.000 0.020 0.002 0.000 0.084 0.001 0.001 0.167 0.574 0.077 0.001 0.003 0.018 0.030 0.001 0.000 0.001 0.002 0.014 0.001 0.006 0.002 0.001 0.005 0.000 0.002 0.001 0.001 0.000 0.000 0.000 0.001 0.000 0.002 0.001 0.000 0.000 0.000 0.002 0.003 0.000 0.001 0.001 0.000 0.178 0.018 0.000 0.001 0.008 0.005 
8 woodpecker_vis 30 0.996 0.059 0.986 0.005 0.001 0.001 0.001 0.000 0.007 0.001 0.008 0.010 0.090 0.001 0.002 0.001 0.981 0.006 0.007 0.009 0.001 0.021 0.001 0.000 0.002 0.063 0.002 0.001 0.002 0.001 0.000 0.006 0.000 0.000 0.001 0.001 0.045 0.000 0.000 0.001 0.000 0.001 0.001 0.000 0.000 0.001 0.007 0.011 0.001 0.005 0.001 0.001 0.002 0.001 0.000 0.001 0.001 0.001 
9 peacock_vis 30 0.996 0.066 0.989 0.012 0.001 0.001 0.001 0.000 0.001 0.002 0.007 0.001 0.084 0.002 0.018 0.001 0.062 0.024 0.078 0.017 0.004 0.809 0.026 0.000 0.001 0.004 0.003 0.001 0.001 0.001 0.001 0.002 0.001 0.000 0.001 0.001 0.000 0.000 0.001 0.001 0.000 0.001 0.001 0.000 0.000 0.000 0.000 0.001 0.001 0.008 0.001 0.000 0.003 0.032 0.001 0.001 0.001 0.002 
10 crow_vis 30 0.995 0.001 0.974 0.001 0.116 0.003 0.002 0.000 0.002 0.002 0.000 0.000 0.000 0.478 0.003 0.000 0.003 0.000 0.905 0.000 0.865 0.001 0.000 0.000 0.002 0.000 0.000 0.003 0.001 0.805 0.001 0.005 0.113 0.000 0.224 0.001 0.002 0.003 0.005 0.001 0.000 0.002 0.001 0.001 0.001 0.018 0.048 0.001 0.683 0.001 0.001 0.001 0.001 0.001 0.063 0.001 0.003 0.001 
11 eagle_vis 30 0.996 0.053 0.992 0.017 0.001 0.001 0.000 0.000 0.000 0.001 0.080 0.000 0.021 0.000 0.015 0.001 0.031 0.137 0.023 0.204 0.005 0.971 0.109 0.000 0.001 0.005 0.007 0.001 0.002 0.001 0.000 0.000 0.000 0.000 0.001 0.001 0.000 0.000 0.000 0.001 0.001 0.001 0.000 0.000 0.000 0.000 0.000 0.001 0.001 0.011 0.001 0.000 0.001 0.026 0.001 0.001 0.001 0.005 
12 tuna_vis 30 0.995 0.001 0.001 0.992 0.369 0.006 0.102 0.004 0.000 0.002 0.002 0.000 0.000 0.001 0.008 0.000 0.001 0.033 0.000 0.001 0.001 0.000 0.056 0.855 0.008 0.267 0.002 0.961 0.005 0.004 0.001 0.002 0.176 0.001 0.005 0.331 0.001 0.001 0.002 0.012 0.083 0.001 0.003 0.033 0.002 0.001 0.000 0.001 0.000 0.001 0.001 0.001 0.001 0.001 0.153 0.001 0.002 0.002 
13 goldfish_vis 30 0.049 0.000 0.000 0.007 0.003 0.864 0.327 0.013 0.001 0.003 0.000 0.000 0.000 0.000 0.001 0.000 0.001 0.000 0.000 0.000 0.001 0.000 0.001 0.000 0.011 0.000 0.000 0.005 0.001 0.002 0.000 0.001 0.000 0.000 0.004 0.007 0.033 0.004 0.480 0.001 0.002 0.002 0.010 0.001 0.000 0.001 0.001 0.001 0.001 0.001 0.002 0.001 0.001 0.001 0.004 0.001 0.011 0.001 
14 salmon_vis 30 0.248 0.000 0.000 0.005 0.001 0.984 0.003 0.004 0.000 0.499 0.000 0.000 0.000 0.000 0.001 0.000 0.001 0.000 0.000 0.000 0.001 0.000 0.001 0.000 0.028 0.000 0.000 0.002 0.001 0.001 0.000 0.001 0.000 0.000 0.002 0.002 0.069 0.001 0.073 0.001 0.001 0.008 0.009 0.001 0.000 0.001 0.001 0.000 0.000 0.001 0.001 0.000 0.001 0.001 0.012 0.001 0.348 0.001 
15 sardine_vis 30 0.227 0.000 0.000 0.603 0.002 0.973 0.223 0.137 0.000 0.018 0.002 0.000 0.000 0.000 0.015 0.000 0.001 0.038 0.001 0.000 0.001 0.001 0.478 0.094 0.019 0.068 0.293 0.008 0.000 0.005 0.000 0.059 0.150 0.005 0.756 0.046 0.014 0.001 0.001 0.001 0.112 0.013 0.059 0.001 0.002 0.012 0.001 0.001 0.000 0.001 0.001 0.001 0.001 0.001 0.319 0.001 0.002 0.001 
16 catfish_vis 30 0.995 0.220 0.001 0.983 0.007 0.004 0.001 0.001 0.000 0.002 0.001 0.001 0.019 0.001 0.005 0.015 0.011 0.000 0.000 0.000 0.001 0.000 0.007 0.001 0.847 0.019 0.420 0.015 0.001 0.003 0.001 0.043 0.000 0.000 0.013 0.001 0.003 0.000 0.002 0.001 0.001 0.070 0.011 0.001 0.001 0.004 0.002 0.001 0.000 0.001 0.001 0.000 0.013 0.001 0.002 0.001 0.002 0.003 
17 cod_vis 30 0.062 0.000 0.000 0.005 0.001 0.993 0.003 0.013 0.000 0.273 0.000 0.000 0.000 0.000 0.001 0.000 0.001 0.000 0.000 0.000 0.001 0.000 0.001 0.000 0.006 0.000 0.000 0.003 0.000 0.002 0.000 0.000 0.000 0.000 0.004 0.003 0.015 0.001 0.002 0.001 0.001 0.050 0.010 0.001 0.000 0.001 0.001 0.000 0.000 0.001 0.001 0.001 0.001 0.001 0.156 0.001 0.021 0.001 
18 turtle_vis 30 0.761 0.000 0.001 0.001 0.319 0.091 0.620 0.000 0.001 0.003 0.000 0.000 0.000 0.000 0.001 0.000 0.001 0.000 0.000 0.000 0.001 0.000 0.000 0.000 0.002 0.000 0.000 0.009 0.001 0.073 0.001 0.001 0.001 0.000 0.021 0.033 0.036 0.307 0.015 0.001 0.000 0.001 0.002 0.004 0.000 0.000 0.001 0.001 0.020 0.001 0.001 0.024 0.001 0.001 0.006 0.000 0.006 0.001 
19 rattlesnake_vis 30 0.967 0.001 0.001 0.001 0.867 0.060 0.021 0.001 0.010 0.002 0.000 0.001 0.000 0.001 0.001 0.000 0.001 0.000 0.000 0.000 0.003 0.000 0.000 0.000 0.001 0.000 0.000 0.033 0.001 0.104 0.116 0.001 0.001 0.000 0.001 0.005 0.003 0.258 0.002 0.001 0.000 0.001 0.002 0.010 0.013 0.001 0.005 0.001 0.014 0.001 0.006 0.856 0.068 0.001 0.001 0.001 0.002 0.001 
20 crab_vis 30 0.034 0.000 0.003 0.002 0.215 0.961 0.960 0.001 0.051 0.004 0.000 0.001 0.000 0.001 0.001 0.000 0.001 0.002 0.007 0.000 0.005 0.000 0.000 0.001 0.002 0.000 0.000 0.013 0.001 0.085 0.001 0.011 0.484 0.002 0.804 0.029 0.010 0.363 0.060 0.001 0.001 0.001 0.002 0.041 0.006 0.001 0.004 0.001 0.357 0.001 0.001 0.014 0.001 0.001 0.021 0.000 0.002 0.001 
21 frog_vis 30 0.995 0.023 0.001 0.004 0.734 0.049 0.002 0.000 0.000 0.321 0.000 0.000 0.016 0.003 0.002 0.001 0.001 0.000 0.000 0.000 0.001 0.000 0.000 0.000 0.084 0.000 0.007 0.002 0.002 0.007 0.000 0.686 0.000 0.001 0.001 0.002 0.001 0.001 0.004 0.001 0.000 0.001 0.042 0.000 0.000 0.000 0.001 0.001 0.000 0.000 0.001 0.000 0.006 0.001 0.014 0.000 0.073 0.009 
22 gecko_vis 30 0.005 0.000 0.006 0.001 0.084 0.995 0.984 0.010 0.136 0.009 0.000 0.001 0.000 0.000 0.001 0.000 0.001 0.000 0.002 0.000 0.018 0.000 0.000 0.003 0.002 0.000 0.000 0.004 0.001 0.017 0.013 0.001 0.333 0.000 0.029 0.066 0.003 0.839 0.023 0.005 0.001 0.001 0.001 0.129 0.004 0.001 0.001 0.000 0.112 0.001 0.006 0.020 0.001 0.001 0.006 0.001 0.002 0.001 
23 crocodile_vis 30 0.995 0.602 0.009 0.008 0.928 0.002 0.147 0.000 0.000 0.002 0.072 0.003 0.001 0.000 0.005 0.000 0.001 0.032 0.000 0.000 0.001 0.000 0.000 0.001 0.002 0.001 0.023 0.018 0.164 0.034 0.001 0.146 0.000 0.705 0.100 0.004 0.095 0.001 0.001 0.032 0.000 0.001 0.001 0.000 0.000 0.001 0.000 0.001 0.000 0.001 0.001 0.000 0.001 0.001 0.001 0.000 0.002 0.008 
24 axe_vis 30 0.003 0.000 0.003 0.001 0.001 0.995 0.776 0.005 0.024 0.003 0.000 0.001 0.000 0.000 0.001 0.000 0.001 0.000 0.000 0.000 0.001 0.000 0.000 0.000 0.001 0.000 0.000 0.002 0.001 0.002 0.001 0.001 0.000 0.000 0.001 0.013 0.171 0.525 0.001 0.002 0.001 0.001 0.002 0.015 0.000 0.001 0.001 0.000 0.029 0.001 0.002 0.029 0.001 0.001 0.001 0.001 0.002 0.001 
25 hammer_vis 30 0.003 0.000 0.003 0.001 0.003 0.995 0.993 0.001 0.002 0.005 0.001 0.000 0.000 0.000 0.001 0.000 0.001 0.013 0.000 0.000 0.001 0.001 0.000 0.008 0.001 0.000 0.000 0.004 0.001 0.002 0.000 0.003 0.016 0.000 0.009 0.975 0.013 0.007 0.008 0.007 0.024 0.001 0.002 0.001 0.000 0.000 0.000 0.001 0.030 0.001 0.001 0.001 0.000 0.000 0.019 0.001 0.002 0.001 
26 screwdriver_vis 30 0.003 0.000 0.003 0.001 0.002 0.995 0.991 0.001 0.001 0.004 0.000 0.012 0.000 0.000 0.001 0.000 0.001 0.001 0.000 0.000 0.001 0.000 0.000 0.001 0.001 0.000 0.000 0.002 0.001 0.002 0.001 0.002 0.000 0.008 0.002 0.012 0.959 0.008 0.050 0.183 0.001 0.001 0.001 0.003 0.000 0.000 0.001 0.000 0.001 0.001 0.008 0.001 0.001 0.001 0.001 0.001 0.006 0.001 
27 chisel_vis 30 0.003 0.000 0.002 0.001 0.002 0.995 0.994 0.001 0.002 0.004 0.002 0.000 0.000 0.000 0.001 0.000 0.001 0.005 0.000 0.000 0.001 0.000 0.000 0.001 0.001 0.001 0.000 0.004 0.001 0.003 0.000 0.001 0.001 0.000 0.003 0.939 0.256 0.016 0.002 0.048 0.018 0.001 0.001 0.003 0.000 0.000 0.000 0.001 0.009 0.000 0.001 0.002 0.001 0.001 0.009 0.001 0.002 0.001 
28 saw_vis 30 0.004 0.000 0.008 0.001 0.003 0.992 0.826 0.001 0.003 0.010 0.000 0.000 0.000 0.000 0.001 0.000 0.001 0.004 0.000 0.001 0.001 0.000 0.000 0.005 0.001 0.000 0.001 0.002 0.003 0.002 0.010 0.004 0.002 0.004 0.003 0.008 0.066 0.003 0.164 0.041 0.001 0.001 0.001 0.001 0.000 0.000 0.001 0.001 0.001 0.001 0.005 0.001 0.001 0.001 0.001 0.001 0.131 0.001 
29 drill_vis 30 0.003 0.000 0.021 0.001 0.004 0.995 0.979 0.001 0.001 0.006 0.002 0.001 0.000 0.000 0.001 0.000 0.001 0.015 0.000 0.027 0.003 0.000 0.000 0.007 0.001 0.000 0.000 0.002 0.002 0.002 0.020 0.001 0.001 0.015 0.008 0.003 0.036 0.010 0.045 0.588 0.001 0.001 0.001 0.002 0.000 0.000 0.001 0.001 0.000 0.001 0.014 0.001 0.001 0.001 0.001 0.001 0.007 0.002 
30 clamp_vis 30 0.003 0.000 0.000 0.007 0.001 0.995 0.009 0.974 0.000 0.003 0.000 0.006 0.000 0.000 0.002 0.000 0.001 0.000 0.014 0.000 0.001 0.000 0.006 0.003 0.002 0.002 0.000 0.007 0.000 0.002 0.000 0.000 0.002 0.000 0.001 0.009 0.003 0.004 0.001 0.001 0.897 0.001 0.025 0.034 0.001 0.007 0.001 0.001 0.001 0.000 0.000 0.003 0.001 0.001 0.006 0.006 0.001 0.001 
31 hoe_vis 30 0.003 0.000 0.000 0.004 0.001 0.995 0.001 0.991 0.016 0.005 0.000 0.001 0.001 0.001 0.001 0.000 0.001 0.000 0.037 0.001 0.001 0.000 0.001 0.000 0.004 0.022 0.003 0.002 0.000 0.002 0.001 0.000 0.002 0.000 0.001 0.001 0.001 0.001 0.000 0.000 0.001 0.906 0.036 0.004 0.266 0.006 0.017 0.000 0.001 0.007 0.001 0.003 0.003 0.002 0.006 0.003 0.002 0.001 
32 rake_vis 30 0.003 0.000 0.000 0.005 0.001 0.996 0.001 0.985 0.018 0.004 0.000 0.004 0.000 0.001 0.001 0.000 0.001 0.000 0.015 0.000 0.001 0.000 0.001 0.001 0.003 0.012 0.000 0.002 0.000 0.001 0.001 0.000 0.001 0.000 0.000 0.002 0.001 0.001 0.000 0.000 0.006 0.013 0.807 0.013 0.023 0.001 0.003 0.005 0.001 0.000 0.001 0.013 0.002 0.001 0.009 0.002 0.001 0.001 
33 shovel_vis 30 0.003 0.000 0.004 0.005 0.001 0.995 0.242 0.926 0.000 0.003 0.000 0.002 0.000 0.000 0.001 0.000 0.001 0.001 0.000 0.006 0.006 0.000 0.001 0.003 0.001 0.001 0.000 0.008 0.000 0.002 0.000 0.000 0.001 0.000 0.001 0.003 0.005 0.039 0.000 0.012 0.052 0.001 0.005 0.268 0.002 0.005 0.001 0.000 0.001 0.000 0.000 0.002 0.001 0.001 0.005 0.002 0.001 0.001 
34 spade_vis 30 0.003 0.000 0.000 0.012 0.001 0.995 0.001 0.991 0.030 0.003 0.000 0.009 0.001 0.002 0.000 0.000 0.002 0.000 0.059 0.001 0.001 0.000 0.002 0.001 0.005 0.084 0.002 0.002 0.000 0.001 0.001 0.000 0.009 0.000 0.002 0.001 0.001 0.001 0.000 0.000 0.001 0.039 0.011 0.007 0.916 0.042 0.030 0.001 0.001 0.001 0.001 0.081 0.039 0.001 0.004 0.002 0.001 0.001 
35 wrench_vis 30 0.003 0.000 0.000 0.003 0.001 0.995 0.001 0.993 0.036 0.005 0.000 0.001 0.000 0.001 0.001 0.000 0.001 0.000 0.004 0.000 0.001 0.000 0.001 0.000 0.003 0.011 0.000 0.002 0.000 0.002 0.000 0.000 0.000 0.000 0.000 0.001 0.001 0.002 0.000 0.000 0.002 0.107 0.789 0.039 0.008 0.006 0.016 0.001 0.001 0.001 0.001 0.028 0.002 0.001 0.003 0.004 0.001 0.001 
36 accordion_vis 30 0.004 0.019 0.003 0.001 0.001 0.995 0.003 0.023 0.993 0.002 0.000 0.015 0.027 0.031 0.001 0.001 0.025 0.000 0.022 0.000 0.001 0.000 0.000 0.000 0.021 0.000 0.000 0.001 0.001 0.001 0.005 0.006 0.000 0.000 0.014 0.001 0.088 0.004 0.007 0.005 0.000 0.089 0.002 0.030 0.001 0.001 0.910 0.004 0.033 0.147 0.822 0.011 0.005 0.040 0.000 0.001 0.015 0.001 
37 cello_vis 30 0.005 0.003 0.006 0.001 0.001 0.995 0.002 0.001 0.876 0.002 0.002 0.011 0.001 0.000 0.000 0.006 0.010 0.000 0.000 0.015 0.001 0.000 0.000 0.000 0.001 0.001 0.000 0.001 0.002 0.001 0.027 0.000 0.000 0.000 0.000 0.001 0.097 0.001 0.001 0.037 0.000 0.001 0.005 0.003 0.000 0.000 0.003 0.032 0.001 0.001 0.867 0.010 0.002 0.001 0.000 0.001 0.012 0.001 
38 flute_vis 30 0.003 0.002 0.002 0.001 0.001 0.995 0.001 0.037 0.993 0.002 0.000 0.003 0.002 0.001 0.000 0.000 0.003 0.000 0.007 0.000 0.001 0.000 0.000 0.000 0.001 0.006 0.000 0.001 0.001 0.002 0.001 0.001 0.001 0.000 0.000 0.002 0.001 0.120 0.000 0.001 0.001 0.002 0.017 0.031 0.003 0.001 0.138 0.005 0.554 0.001 0.090 0.958 0.002 0.001 0.000 0.002 0.001 0.001 
39 guitar_vis 30 0.005 0.041 0.003 0.001 0.001 0.994 0.001 0.008 0.993 0.003 0.000 0.017 0.069 0.069 0.001 0.001 0.057 0.000 0.033 0.000 0.001 0.000 0.000 0.000 0.054 0.000 0.001 0.001 0.001 0.002 0.004 0.018 0.000 0.000 0.003 0.001 0.089 0.005 0.001 0.001 0.000 0.004 0.002 0.002 0.001 0.009 0.974 0.032 0.006 0.008 0.045 0.009 0.007 0.003 0.000 0.001 0.017 0.001 
40 piano_vis 30 0.005 0.005 0.008 0.001 0.001 0.995 0.067 0.014 0.993 0.002 0.001 0.087 0.001 0.000 0.000 0.003 0.031 0.000 0.001 0.012 0.001 0.000 0.000 0.000 0.001 0.000 0.000 0.001 0.003 0.001 0.584 0.000 0.000 0.000 0.000 0.001 0.207 0.008 0.001 0.535 0.000 0.002 0.001 0.689 0.000 0.000 0.039 0.009 0.002 0.003 0.993 0.143 0.010 0.011 0.000 0.001 0.009 0.001 
41 trumpet_vis 30 0.004 0.003 0.022 0.001 0.001 0.994 0.008 0.001 0.183 0.002 0.007 0.019 0.002 0.000 0.000 0.002 0.007 0.002 0.000 0.183 0.001 0.000 0.000 0.003 0.001 0.001 0.001 0.001 0.017 0.001 0.308 0.001 0.000 0.001 0.000 0.001 0.001 0.003 0.000 0.402 0.000 0.001 0.002 0.002 0.000 0.000 0.004 0.348 0.000 0.001 0.045 0.015 0.028 0.001 0.000 0.001 0.002 0.001 
42 fork_vis 30 0.004 0.000 0.017 0.001 0.018 0.995 0.002 0.000 0.001 0.984 0.001 0.000 0.005 0.001 0.000 0.031 0.002 0.009 0.001 0.003 0.026 0.000 0.000 0.001 0.002 0.000 0.430 0.001 0.031 0.001 0.103 0.026 0.001 0.090 0.003 0.001 0.001 0.004 0.001 0.010 0.000 0.003 0.001 0.000 0.002 0.000 0.024 0.003 0.000 0.000 0.001 0.001 0.979 0.013 0.001 0.001 0.025 0.013 
43 spoon_vis 30 0.003 0.001 0.003 0.001 0.001 0.995 0.001 0.009 0.008 0.954 0.001 0.001 0.001 0.009 0.001 0.001 0.001 0.000 0.042 0.002 0.001 0.001 0.001 0.000 0.001 0.001 0.002 0.001 0.001 0.002 0.001 0.000 0.013 0.000 0.002 0.001 0.001 0.001 0.001 0.001 0.000 0.282 0.001 0.003 0.001 0.001 0.010 0.000 0.007 0.002 0.002 0.001 0.158 0.934 0.014 0.041 0.006 0.001 
44 tongs_vis 30 0.003 0.000 0.006 0.002 0.021 0.996 0.002 0.001 0.000 0.995 0.000 0.000 0.000 0.000 0.001 0.000 0.001 0.004 0.001 0.000 0.030 0.000 0.001 0.000 0.001 0.001 0.003 0.002 0.001 0.012 0.000 0.006 0.040 0.010 0.004 0.007 0.001 0.095 0.000 0.001 0.003 0.002 0.003 0.000 0.001 0.001 0.001 0.001 0.000 0.000 0.000 0.001 0.114 0.001 0.913 0.057 0.006 0.018 
45 ladle_vis 30 0.003 0.001 0.001 0.001 0.001 0.995 0.001 0.012 0.001 0.981 0.000 0.000 0.001 0.003 0.001 0.001 0.001 0.000 0.013 0.001 0.003 0.000 0.001 0.000 0.001 0.002 0.001 0.002 0.001 0.002 0.001 0.000 0.019 0.000 0.001 0.001 0.001 0.005 0.000 0.001 0.001 0.020 0.002 0.001 0.009 0.002 0.003 0.000 0.001 0.001 0.001 0.006 0.249 0.008 0.169 0.336 0.003 0.001 
46 knife_vis 30 0.003 0.001 0.014 0.001 0.002 0.995 0.002 0.001 0.001 0.994 0.007 0.000 0.002 0.001 0.005 0.001 0.001 0.004 0.001 0.000 0.003 0.006 0.001 0.000 0.001 0.000 0.042 0.001 0.003 0.002 0.001 0.005 0.001 0.007 0.002 0.002 0.001 0.004 0.001 0.004 0.001 0.002 0.001 0.001 0.000 0.000 0.001 0.005 0.001 0.001 0.001 0.001 0.027 0.005 0.009 0.058 0.041 0.712 
47 chopsticks_vis 30 0.005 0.000 0.012 0.001 0.006 0.996 0.003 0.000 0.000 0.994 0.006 0.000 0.104 0.000 0.001 0.001 0.002 0.041 0.000 0.000 0.001 0.001 0.000 0.001 0.002 0.000 0.503 0.001 0.333 0.001 0.001 0.091 0.000 0.002 0.003 0.002 0.001 0.001 0.001 0.012 0.001 0.001 0.002 0.000 0.000 0.000 0.001 0.310 0.000 0.000 0.001 0.001 0.706 0.001 0.003 0.002 0.188 0.850 
