0 beaver_vis 30 0.994 0.134 0.861 0.043 0.001 0.003 0.001 0.001 0.029 0.001 0.001 0.019 0.126 0.001 0.124 0.000 0.071 0.001 0.740 0.007 0.001 0.029 0.017 0.001 0.004 0.039 0.001 0.002 0.000 0.000 0.000 0.000 0.001 0.001 0.002 0.000 0.001 0.001 0.001 0.003 0.001 0.001 0.000 0.000 0.001 0.001 0.001 0.000 0.001 0.001 0.011 0.001 0.001 0.003 0.001 0.001 0.002 0.001 
1 bear_vis 30 0.994 0.982 0.033 0.001 0.012 0.001 0.001 0.001 0.006 0.001 0.001 0.977 0.005 0.064 0.034 0.016 0.000 0.003 0.006 0.103 0.001 0.002 0.001 0.001 0.001 0.012 0.001 0.000 0.001 0.001 0.003 0.025 0.001 0.023 0.001 0.000 0.001 0.001 0.001 0.001 0.001 0.001 0.001 0.000 0.014 0.001 0.023 0.000 0.001 0.001 0.050 0.033 0.001 0.002 0.001 0.001 0.001 0.000 
2 sheep_vis 30 0.994 0.986 0.253 0.811 0.001 0.004 0.001 0.001 0.905 0.001 0.007 0.653 0.951 0.001 0.974 0.008 0.002 0.001 0.956 0.004 0.000 0.018 0.001 0.009 0.006 0.591 0.001 0.006 0.000 0.001 0.000 0.004 0.001 0.001 0.002 0.000 0.003 0.001 0.001 0.131 0.001 0.001 0.000 0.001 0.001 0.001 0.015 0.000 0.019 0.001 0.032 0.007 0.000 0.003 0.001 0.001 0.005 0.000 
3 buffalo_vis 30 0.995 0.983 0.032 0.001 0.009 0.001 0.001 0.001 0.003 0.001 0.001 0.853 0.003 0.066 0.036 0.116 0.000 0.002 0.003 0.080 0.001 0.001 0.001 0.001 0.001 0.005 0.001 0.000 0.001 0.005 0.002 0.037 0.001 0.017 0.001 0.000 0.001 0.001 0.001 0.001 0.001 0.001 0.001 0.000 0.004 0.001 0.011 0.000 0.002 0.001 0.040 0.042 0.001 0.001 0.001 0.001 0.001 0.000 
4 poodle_vis 30 0.993 0.948 0.033 0.013 0.001 0.003 0.001 0.001 0.254 0.001 0.001 0.447 0.303 0.001 0.551 0.001 0.000 0.001 0.308 0.003 0.000 0.004 0.001 0.001 0.001 0.116 0.000 0.003 0.000 0.001 0.000 0.001 0.001 0.001 0.001 0.000 0.001 0.001 0.001 0.005 0.001 0.001 0.000 0.000 0.002 0.001 0.004 0.000 0.002 0.001 0.051 0.002 0.001 0.002 0.001 0.001 0.001 0.000 
5 giraffe_vis 30 0.994 0.978 0.023 0.001 0.005 0.001 0.001 0.001 0.002 0.001 0.001 0.036 0.002 0.036 0.093 0.934 0.000 0.001 0.002 0.084 0.001 0.001 0.001 0.001 0.001 0.002 0.001 0.000 0.001 0.022 0.001 0.033 0.001 0.025 0.001 0.000 0.001 0.001 0.001 0.002 0.001 0.001 0.001 0.001 0.002 0.001 0.003 0.001 0.001 0.001 0.078 0.078 0.001 0.001 0.001 0.001 0.001 0.000 
6 robin_vis 30 0.994 0.030 0.962 0.017 0.001 0.007 0.001 0.001 0.018 0.001 0.001 0.010 0.044 0.000 0.109 0.000 0.041 0.001 0.935 0.039 0.001 0.040 0.040 0.001 0.001 0.036 0.001 0.001 0.000 0.000 0.000 0.000 0.001 0.001 0.002 0.000 0.001 0.001 0.001 0.002 0.001 0.001 0.000 0.000 0.001 0.001 0.001 0.000 0.001 0.001 0.023 0.001 0.001 0.003 0.001 0.001 0.003 0.001 
7 swan_vis 30 0.994 0.030 0.953 0.011 0.001 0.005 0.001 0.001 0.011 0.001 0.001 0.009 0.044 0.000 0.124 0.000 0.035 0.001 0.920 0.031 0.001 0.045 0.029 0.001 0.001 0.033 0.001 0.001 0.000 0.000 0.000 0.000 0.001 0.001 0.001 0.000 0.001 0.001 0.001 0.002 0.001 0.001 0.000 0.000 0.001 0.001 0.001 0.000 0.001 0.001 0.021 0.001 0.001 0.002 0.001 0.001 0.002 0.001 
8 woodpecker_vis 30 0.993 0.006 0.948 0.028 0.001 0.005 0.001 0.001 0.004 0.001 0.001 0.003 0.013 0.000 0.027 0.000 0.104 0.001 0.772 0.017 0.001 0.019 0.047 0.001 0.002 0.042 0.001 0.001 0.000 0.000 0.000 0.000 0.001 0.001 0.002 0.000 0.001 0.001 0.001 0.001 0.001 0.001 0.000 0.000 0.001 0.001 0.001 0.000 0.001 0.001 0.006 0.001 0.001 0.003 0.001 0.001 0.002 0.001 
9 peacock_vis 30 0.990 0.006 0.972 0.001 0.001 0.005 0.002 0.001 0.002 0.006 0.001 0.005 0.007 0.016 0.001 0.000 0.100 0.010 0.015 0.014 0.018 0.898 0.005 0.001 0.002 0.000 0.000 0.000 0.000 0.001 0.000 0.000 0.151 0.001 0.002 0.000 0.001 0.001 0.002 0.002 0.001 0.001 0.000 0.000 0.001 0.001 0.001 0.000 0.001 0.001 0.005 0.001 0.007 0.002 0.001 0.001 0.008 0.001 
10 crow_vis 30 0.993 0.021 0.982 0.001 0.001 0.002 0.001 0.001 0.002 0.002 0.001 0.044 0.012 0.009 0.001 0.001 0.017 0.005 0.065 0.218 0.010 0.904 0.002 0.001 0.001 0.001 0.000 0.000 0.000 0.000 0.000 0.001 0.139 0.002 0.001 0.000 0.001 0.001 0.001 0.001 0.001 0.001 0.000 0.000 0.001 0.001 0.002 0.001 0.001 0.001 0.041 0.001 0.005 0.002 0.001 0.001 0.003 0.001 
11 eagle_vis 30 0.993 0.025 0.953 0.010 0.001 0.007 0.001 0.001 0.009 0.001 0.001 0.007 0.043 0.000 0.114 0.000 0.045 0.001 0.912 0.027 0.001 0.047 0.033 0.001 0.001 0.028 0.001 0.001 0.000 0.000 0.000 0.000 0.001 0.001 0.002 0.000 0.001 0.001 0.001 0.002 0.001 0.001 0.000 0.000 0.001 0.001 0.001 0.000 0.001 0.001 0.016 0.001 0.001 0.003 0.001 0.001 0.002 0.001 
12 tuna_vis 30 0.989 0.001 0.072 0.896 0.001 0.012 0.006 0.001 0.002 0.006 0.001 0.001 0.001 0.000 0.001 0.000 0.107 0.001 0.014 0.001 0.056 0.002 0.960 0.002 0.006 0.002 0.004 0.082 0.000 0.001 0.003 0.000 0.053 0.001 0.014 0.001 0.001 0.001 0.008 0.001 0.001 0.001 0.001 0.001 0.001 0.001 0.001 0.000 0.001 0.001 0.001 0.001 0.017 0.002 0.001 0.001 0.002 0.127 
13 goldfish_vis 30 0.993 0.017 0.003 0.986 0.004 0.002 0.004 0.001 0.114 0.001 0.001 0.001 0.003 0.001 0.079 0.010 0.001 0.001 0.007 0.001 0.001 0.000 0.004 0.058 0.054 0.761 0.022 0.227 0.000 0.001 0.001 0.047 0.002 0.013 0.009 0.003 0.001 0.001 0.002 0.001 0.001 0.001 0.001 0.002 0.001 0.001 0.001 0.002 0.001 0.001 0.006 0.003 0.001 0.001 0.001 0.001 0.001 0.001 
14 salmon_vis 30 0.992 0.001 0.949 0.567 0.001 0.003 0.001 0.001 0.004 0.001 0.000 0.001 0.001 0.000 0.003 0.000 0.165 0.001 0.420 0.062 0.011 0.005 0.273 0.001 0.021 0.454 0.001 0.002 0.000 0.000 0.000 0.003 0.005 0.004 0.003 0.001 0.001 0.001 0.003 0.001 0.001 0.001 0.000 0.000 0.001 0.001 0.001 0.001 0.001 0.001 0.008 0.001 0.001 0.002 0.001 0.001 0.002 0.006 
15 sardine_vis 30 0.993 0.010 0.004 0.982 0.001 0.003 0.002 0.001 0.303 0.001 0.001 0.002 0.006 0.000 0.051 0.001 0.001 0.001 0.025 0.001 0.001 0.000 0.005 0.009 0.069 0.860 0.002 0.441 0.000 0.001 0.000 0.025 0.001 0.012 0.002 0.001 0.001 0.001 0.003 0.001 0.001 0.001 0.000 0.001 0.001 0.001 0.001 0.001 0.001 0.001 0.011 0.001 0.001 0.001 0.001 0.001 0.001 0.001 
16 catfish_vis 30 0.994 0.067 0.018 0.990 0.002 0.002 0.005 0.001 0.162 0.001 0.001 0.004 0.076 0.000 0.075 0.001 0.009 0.000 0.027 0.001 0.002 0.001 0.005 0.005 0.742 0.787 0.020 0.700 0.003 0.001 0.001 0.046 0.002 0.004 0.008 0.001 0.001 0.001 0.004 0.001 0.001 0.001 0.001 0.001 0.001 0.001 0.001 0.001 0.002 0.001 0.003 0.001 0.000 0.001 0.001 0.001 0.001 0.001 
17 cod_vis 30 0.992 0.003 0.006 0.968 0.002 0.004 0.007 0.001 0.020 0.001 0.001 0.001 0.007 0.000 0.005 0.000 0.002 0.001 0.016 0.001 0.002 0.001 0.030 0.004 0.166 0.127 0.003 0.544 0.000 0.001 0.001 0.001 0.004 0.002 0.003 0.001 0.001 0.001 0.004 0.001 0.001 0.001 0.000 0.001 0.001 0.001 0.001 0.000 0.001 0.001 0.002 0.001 0.001 0.001 0.001 0.001 0.001 0.001 
18 turtle_vis 30 0.993 0.026 0.018 0.003 0.889 0.001 0.001 0.002 0.001 0.001 0.001 0.028 0.001 0.024 0.000 0.001 0.000 0.003 0.001 0.003 0.028 0.001 0.001 0.001 0.014 0.009 0.003 0.001 0.456 0.003 0.025 0.211 0.004 0.004 0.004 0.001 0.001 0.001 0.001 0.001 0.001 0.001 0.001 0.001 0.001 0.002 0.001 0.001 0.001 0.001 0.001 0.001 0.001 0.001 0.001 0.001 0.001 0.001 
19 rattlesnake_vis 30 0.986 0.006 0.002 0.002 0.957 0.004 0.002 0.001 0.008 0.001 0.001 0.011 0.002 0.002 0.001 0.001 0.000 0.001 0.002 0.004 0.001 0.003 0.002 0.001 0.001 0.001 0.000 0.197 0.001 0.025 0.004 0.011 0.477 0.111 0.004 0.001 0.002 0.003 0.001 0.001 0.001 0.001 0.001 0.001 0.002 0.002 0.009 0.001 0.002 0.001 0.017 0.001 0.001 0.001 0.001 0.001 0.001 0.001 
20 crab_vis 30 0.989 0.001 0.004 0.011 0.957 0.002 0.003 0.001 0.002 0.002 0.001 0.002 0.001 0.004 0.000 0.001 0.000 0.001 0.002 0.003 0.010 0.019 0.014 0.001 0.007 0.001 0.001 0.778 0.005 0.011 0.049 0.003 0.669 0.054 0.019 0.001 0.001 0.001 0.002 0.001 0.001 0.001 0.001 0.001 0.001 0.001 0.001 0.001 0.001 0.001 0.006 0.001 0.002 0.001 0.003 0.001 0.001 0.001 
21 frog_vis 30 0.993 0.025 0.028 0.005 0.850 0.001 0.001 0.001 0.004 0.001 0.000 0.360 0.001 0.001 0.001 0.001 0.000 0.001 0.002 0.073 0.003 0.001 0.001 0.001 0.002 0.304 0.001 0.002 0.009 0.001 0.001 0.857 0.007 0.161 0.002 0.000 0.001 0.001 0.001 0.001 0.001 0.001 0.001 0.000 0.001 0.001 0.002 0.001 0.001 0.001 0.008 0.002 0.001 0.001 0.001 0.001 0.001 0.001 
22 gecko_vis 30 0.925 0.001 0.011 0.001 0.258 0.004 0.004 0.001 0.002 0.004 0.001 0.002 0.001 0.001 0.000 0.000 0.001 0.001 0.002 0.006 0.003 0.010 0.022 0.001 0.003 0.001 0.001 0.067 0.001 0.010 0.002 0.008 0.114 0.009 0.040 0.001 0.001 0.002 0.003 0.001 0.001 0.001 0.001 0.001 0.001 0.001 0.002 0.002 0.001 0.001 0.017 0.001 0.007 0.002 0.001 0.002 0.001 0.002 
23 crocodile_vis 30 0.986 0.001 0.861 0.002 0.068 0.003 0.002 0.001 0.002 0.004 0.000 0.002 0.001 0.001 0.000 0.000 0.003 0.001 0.006 0.622 0.172 0.035 0.147 0.001 0.004 0.006 0.001 0.026 0.000 0.001 0.002 0.087 0.399 0.163 0.011 0.001 0.001 0.001 0.003 0.001 0.001 0.001 0.001 0.001 0.001 0.001 0.001 0.004 0.001 0.001 0.029 0.001 0.005 0.002 0.001 0.001 0.002 0.003 
24 axe_vis 30 0.017 0.006 0.001 0.010 0.001 0.982 0.965 0.002 0.006 0.001 0.006 0.000 0.015 0.001 0.004 0.000 0.001 0.000 0.011 0.000 0.000 0.000 0.008 0.001 0.006 0.002 0.001 0.002 0.000 0.001 0.001 0.000 0.001 0.000 0.013 0.034 0.005 0.003 0.272 0.157 0.008 0.001 0.000 0.001 0.004 0.001 0.001 0.000 0.001 0.002 0.008 0.001 0.006 0.001 0.001 0.001 0.003 0.002 
25 hammer_vis 30 0.021 0.001 0.001 0.025 0.001 0.937 0.963 0.002 0.008 0.001 0.002 0.000 0.005 0.000 0.001 0.000 0.001 0.000 0.006 0.000 0.000 0.000 0.010 0.001 0.011 0.003 0.002 0.004 0.000 0.001 0.001 0.000 0.001 0.000 0.028 0.248 0.007 0.003 0.144 0.006 0.004 0.001 0.000 0.002 0.002 0.001 0.001 0.000 0.001 0.002 0.005 0.001 0.005 0.001 0.001 0.001 0.002 0.004 
26 screwdriver_vis 30 0.031 0.066 0.001 0.001 0.001 0.987 0.950 0.001 0.008 0.001 0.013 0.000 0.093 0.001 0.005 0.000 0.001 0.001 0.012 0.000 0.000 0.001 0.001 0.001 0.001 0.000 0.001 0.000 0.000 0.004 0.000 0.000 0.001 0.000 0.005 0.021 0.746 0.011 0.005 0.216 0.001 0.001 0.000 0.002 0.006 0.001 0.001 0.000 0.004 0.001 0.012 0.001 0.004 0.003 0.001 0.001 0.046 0.001 
27 chisel_vis 30 0.006 0.007 0.001 0.011 0.001 0.995 0.925 0.003 0.007 0.002 0.007 0.000 0.016 0.001 0.004 0.000 0.001 0.000 0.010 0.000 0.000 0.000 0.008 0.001 0.008 0.003 0.001 0.002 0.000 0.001 0.000 0.000 0.001 0.000 0.004 0.005 0.002 0.010 0.631 0.430 0.029 0.001 0.000 0.001 0.004 0.001 0.001 0.000 0.001 0.003 0.004 0.001 0.004 0.001 0.001 0.001 0.009 0.003 
28 saw_vis 30 0.007 0.001 0.001 0.047 0.001 0.992 0.990 0.003 0.002 0.002 0.001 0.000 0.002 0.000 0.001 0.000 0.001 0.000 0.004 0.000 0.000 0.000 0.029 0.001 0.023 0.012 0.001 0.004 0.000 0.001 0.001 0.000 0.002 0.000 0.009 0.010 0.001 0.030 0.959 0.046 0.066 0.001 0.000 0.001 0.001 0.001 0.001 0.000 0.001 0.002 0.003 0.001 0.005 0.001 0.001 0.001 0.006 0.005 
29 drill_vis 30 0.008 0.002 0.001 0.007 0.001 0.993 0.984 0.002 0.003 0.002 0.003 0.000 0.005 0.000 0.002 0.000 0.001 0.000 0.007 0.000 0.000 0.000 0.014 0.001 0.005 0.004 0.001 0.002 0.000 0.001 0.001 0.000 0.002 0.000 0.005 0.004 0.001 0.013 0.895 0.273 0.055 0.001 0.000 0.001 0.002 0.001 0.001 0.000 0.001 0.001 0.005 0.001 0.007 0.001 0.001 0.001 0.010 0.001 
30 clamp_vis 30 0.002 0.001 0.001 0.002 0.001 0.995 0.002 0.990 0.001 0.004 0.006 0.000 0.000 0.001 0.001 0.000 0.000 0.001 0.001 0.000 0.000 0.000 0.000 0.048 0.000 0.000 0.004 0.000 0.000 0.002 0.001 0.000 0.001 0.000 0.001 0.003 0.001 0.013 0.002 0.011 0.966 0.029 0.006 0.083 0.010 0.001 0.001 0.000 0.001 0.001 0.000 0.015 0.001 0.001 0.002 0.001 0.002 0.008 
31 hoe_vis 30 0.005 0.018 0.001 0.001 0.002 0.994 0.001 0.981 0.107 0.001 0.441 0.001 0.000 0.004 0.001 0.000 0.000 0.033 0.001 0.001 0.000 0.000 0.000 0.001 0.000 0.000 0.001 0.000 0.001 0.027 0.001 0.000 0.001 0.000 0.000 0.001 0.005 0.001 0.001 0.001 0.003 0.043 0.001 0.093 0.163 0.005 0.019 0.001 0.002 0.005 0.000 0.126 0.000 0.009 0.001 0.006 0.001 0.001 
32 rake_vis 30 0.006 0.001 0.001 0.003 0.001 0.994 0.001 0.991 0.033 0.010 0.017 0.000 0.000 0.002 0.002 0.002 0.000 0.001 0.001 0.001 0.001 0.000 0.001 0.151 0.001 0.000 0.284 0.000 0.004 0.006 0.008 0.000 0.001 0.000 0.003 0.005 0.000 0.001 0.001 0.001 0.310 0.044 0.977 0.637 0.010 0.007 0.001 0.001 0.007 0.002 0.000 0.154 0.001 0.003 0.012 0.001 0.001 0.046 
33 shovel_vis 30 0.002 0.001 0.001 0.001 0.001 0.995 0.001 0.978 0.002 0.001 0.002 0.000 0.000 0.000 0.000 0.000 0.000 0.001 0.001 0.000 0.000 0.000 0.000 0.028 0.000 0.000 0.003 0.000 0.000 0.002 0.000 0.000 0.001 0.000 0.001 0.002 0.001 0.066 0.001 0.001 0.264 0.005 0.002 0.762 0.003 0.001 0.001 0.000 0.003 0.002 0.000 0.013 0.000 0.001 0.001 0.001 0.003 0.002 
34 spade_vis 30 0.007 0.029 0.001 0.001 0.001 0.986 0.001 0.921 0.004 0.002 0.104 0.005 0.000 0.053 0.000 0.001 0.000 0.080 0.001 0.001 0.000 0.000 0.000 0.001 0.000 0.000 0.001 0.000 0.000 0.001 0.002 0.000 0.001 0.000 0.001 0.001 0.001 0.001 0.001 0.001 0.004 0.003 0.002 0.001 0.972 0.002 0.020 0.001 0.001 0.001 0.000 0.053 0.001 0.061 0.001 0.001 0.001 0.001 
35 wrench_vis 30 0.003 0.001 0.001 0.001 0.005 0.994 0.001 0.976 0.015 0.001 0.003 0.001 0.000 0.002 0.000 0.001 0.000 0.006 0.001 0.001 0.001 0.000 0.000 0.001 0.000 0.000 0.002 0.000 0.012 0.043 0.002 0.001 0.001 0.000 0.001 0.001 0.000 0.002 0.001 0.001 0.002 0.012 0.003 0.020 0.001 0.917 0.003 0.002 0.002 0.015 0.000 0.043 0.000 0.001 0.001 0.012 0.001 0.001 
36 accordion_vis 30 0.005 0.014 0.001 0.001 0.001 0.994 0.001 0.001 0.995 0.003 0.000 0.043 0.021 0.000 0.010 0.001 0.000 0.000 0.032 0.007 0.000 0.001 0.000 0.000 0.001 0.001 0.000 0.001 0.000 0.001 0.000 0.001 0.001 0.002 0.001 0.001 0.001 0.001 0.001 0.002 0.001 0.001 0.000 0.000 0.002 0.001 0.912 0.019 0.008 0.008 0.086 0.070 0.001 0.022 0.001 0.003 0.001 0.000 
37 cello_vis 30 0.002 0.001 0.001 0.001 0.008 0.994 0.001 0.001 0.995 0.013 0.000 0.001 0.000 0.000 0.001 0.003 0.000 0.000 0.001 0.025 0.000 0.000 0.001 0.001 0.001 0.003 0.000 0.003 0.000 0.001 0.000 0.104 0.003 0.011 0.001 0.001 0.001 0.001 0.001 0.001 0.001 0.138 0.001 0.000 0.001 0.002 0.065 0.979 0.002 0.097 0.021 0.015 0.001 0.001 0.015 0.018 0.001 0.001 
38 flute_vis 30 0.003 0.003 0.001 0.001 0.001 0.995 0.001 0.001 0.994 0.005 0.000 0.006 0.002 0.000 0.001 0.002 0.000 0.000 0.005 0.007 0.000 0.000 0.000 0.000 0.001 0.000 0.000 0.001 0.000 0.001 0.000 0.003 0.001 0.001 0.001 0.001 0.001 0.001 0.001 0.001 0.001 0.004 0.000 0.001 0.001 0.001 0.858 0.248 0.013 0.020 0.051 0.048 0.001 0.002 0.002 0.023 0.001 0.000 
39 guitar_vis 30 0.003 0.001 0.001 0.001 0.001 0.984 0.001 0.001 0.655 0.038 0.000 0.001 0.004 0.001 0.000 0.001 0.000 0.000 0.002 0.002 0.000 0.001 0.001 0.000 0.001 0.001 0.000 0.002 0.000 0.001 0.000 0.002 0.002 0.001 0.001 0.001 0.001 0.001 0.001 0.001 0.001 0.003 0.000 0.000 0.012 0.002 0.033 0.028 0.002 0.006 0.005 0.002 0.001 0.018 0.008 0.002 0.001 0.001 
40 piano_vis 30 0.012 0.009 0.001 0.001 0.001 0.990 0.001 0.001 0.994 0.004 0.000 0.016 0.007 0.000 0.003 0.002 0.000 0.000 0.023 0.012 0.000 0.001 0.001 0.001 0.000 0.001 0.000 0.001 0.000 0.001 0.000 0.001 0.002 0.005 0.001 0.001 0.002 0.001 0.001 0.004 0.001 0.001 0.001 0.000 0.006 0.001 0.209 0.013 0.007 0.001 0.627 0.029 0.001 0.004 0.002 0.001 0.001 0.000 
41 trumpet_vis 30 0.008 0.005 0.001 0.000 0.001 0.995 0.001 0.029 0.994 0.001 0.001 0.000 0.000 0.000 0.060 0.007 0.000 0.000 0.001 0.001 0.000 0.000 0.000 0.007 0.000 0.000 0.000 0.000 0.000 0.072 0.000 0.001 0.001 0.001 0.000 0.000 0.001 0.001 0.001 0.001 0.003 0.003 0.001 0.103 0.001 0.005 0.005 0.008 0.081 0.003 0.001 0.984 0.000 0.001 0.001 0.002 0.001 0.000 
42 fork_vis 30 0.004 0.001 0.019 0.001 0.001 0.992 0.002 0.002 0.003 0.992 0.001 0.000 0.001 0.001 0.000 0.000 0.001 0.014 0.011 0.008 0.001 0.088 0.016 0.001 0.001 0.000 0.001 0.000 0.000 0.000 0.000 0.000 0.009 0.000 0.004 0.001 0.001 0.001 0.004 0.001 0.001 0.001 0.001 0.001 0.010 0.001 0.004 0.001 0.001 0.001 0.002 0.001 0.073 0.895 0.002 0.005 0.014 0.062 
43 spoon_vis 30 0.002 0.001 0.007 0.000 0.001 0.995 0.001 0.002 0.011 0.992 0.001 0.000 0.001 0.001 0.000 0.000 0.001 0.012 0.019 0.002 0.000 0.017 0.005 0.000 0.001 0.000 0.000 0.000 0.000 0.000 0.000 0.000 0.007 0.000 0.001 0.000 0.001 0.001 0.001 0.001 0.001 0.002 0.000 0.000 0.008 0.001 0.015 0.001 0.001 0.002 0.001 0.001 0.036 0.942 0.001 0.026 0.025 0.031 
44 tongs_vis 30 0.005 0.001 0.001 0.034 0.001 0.994 0.053 0.003 0.660 0.013 0.001 0.000 0.006 0.000 0.001 0.000 0.002 0.000 0.002 0.001 0.000 0.000 0.005 0.001 0.081 0.003 0.004 0.027 0.000 0.000 0.001 0.000 0.001 0.000 0.067 0.005 0.001 0.001 0.008 0.001 0.001 0.002 0.001 0.002 0.001 0.001 0.001 0.001 0.002 0.092 0.001 0.001 0.001 0.017 0.006 0.001 0.003 0.061 
45 ladle_vis 30 0.003 0.014 0.001 0.001 0.001 0.995 0.001 0.759 0.302 0.005 0.116 0.001 0.001 0.010 0.000 0.000 0.000 0.034 0.001 0.001 0.000 0.000 0.000 0.000 0.001 0.000 0.000 0.000 0.000 0.079 0.000 0.000 0.001 0.000 0.001 0.001 0.010 0.001 0.001 0.001 0.001 0.032 0.000 0.002 0.048 0.034 0.286 0.001 0.003 0.052 0.000 0.020 0.000 0.005 0.002 0.190 0.002 0.001 
46 knife_vis 30 0.002 0.001 0.005 0.001 0.001 0.996 0.001 0.002 0.010 0.993 0.001 0.000 0.001 0.001 0.000 0.000 0.003 0.006 0.023 0.001 0.000 0.014 0.008 0.000 0.001 0.000 0.000 0.000 0.000 0.000 0.000 0.000 0.003 0.000 0.002 0.000 0.001 0.001 0.001 0.001 0.001 0.001 0.000 0.001 0.003 0.001 0.005 0.001 0.001 0.002 0.001 0.001 0.029 0.930 0.001 0.006 0.100 0.054 
47 chopsticks_vis 30 0.002 0.001 0.011 0.001 0.001 0.994 0.002 0.001 0.002 0.990 0.000 0.000 0.000 0.000 0.000 0.000 0.010 0.001 0.002 0.003 0.009 0.003 0.043 0.001 0.001 0.000 0.001 0.000 0.000 0.000 0.000 0.000 0.007 0.000 0.004 0.001 0.001 0.001 0.002 0.001 0.001 0.001 0.001 0.001 0.001 0.001 0.001 0.001 0.001 0.001 0.001 0.001 0.015 0.108 0.002 0.007 0.013 0.738 
