0 beaver_vis 30 0.996 0.991 0.028 0.001 0.007 0.001 0.000 0.000 0.000 0.001 0.062 0.835 0.001 0.018 0.002 0.171 0.004 0.000 0.001 0.058 0.001 0.001 0.001 0.000 0.001 0.001 0.002 0.001 0.001 0.007 0.002 0.000 0.000 0.114 0.000 0.000 0.075 0.000 0.000 0.001 0.000 0.001 0.000 0.001 0.000 0.009 0.001 0.001 0.003 0.001 0.001 0.000 0.001 0.001 0.000 0.000 0.001 0.001 
1 bear_vis 30 0.996 0.992 0.020 0.001 0.027 0.001 0.000 0.000 0.003 0.001 0.047 0.959 0.001 0.019 0.003 0.033 0.010 0.000 0.002 0.041 0.001 0.000 0.000 0.000 0.001 0.012 0.001 0.002 0.001 0.126 0.003 0.001 0.001 0.056 0.000 0.001 0.094 0.000 0.000 0.001 0.000 0.002 0.000 0.002 0.000 0.281 0.004 0.001 0.390 0.001 0.001 0.005 0.001 0.001 0.004 0.001 0.001 0.001 
2 sheep_vis 30 0.996 0.991 0.017 0.001 0.029 0.001 0.000 0.000 0.001 0.001 0.038 0.964 0.001 0.007 0.002 0.014 0.009 0.000 0.001 0.035 0.001 0.001 0.000 0.000 0.001 0.021 0.001 0.002 0.001 0.157 0.002 0.001 0.002 0.034 0.000 0.001 0.079 0.000 0.000 0.001 0.000 0.002 0.000 0.002 0.000 0.383 0.002 0.001 0.617 0.001 0.001 0.014 0.001 0.001 0.006 0.001 0.001 0.001 
3 buffalo_vis 30 0.995 0.992 0.012 0.001 0.086 0.002 0.000 0.000 0.017 0.002 0.001 0.024 0.003 0.979 0.378 0.006 0.003 0.000 0.111 0.001 0.001 0.001 0.001 0.000 0.006 0.003 0.000 0.006 0.001 0.501 0.002 0.002 0.016 0.001 0.005 0.001 0.001 0.001 0.001 0.001 0.000 0.002 0.001 0.001 0.000 0.566 0.033 0.001 0.818 0.004 0.003 0.005 0.001 0.004 0.001 0.005 0.003 0.001 
4 poodle_vis 30 0.996 0.993 0.018 0.001 0.008 0.001 0.000 0.000 0.001 0.001 0.053 0.769 0.001 0.032 0.003 0.287 0.003 0.000 0.001 0.046 0.001 0.001 0.001 0.000 0.001 0.001 0.002 0.001 0.001 0.009 0.002 0.000 0.000 0.102 0.000 0.000 0.043 0.000 0.000 0.001 0.000 0.001 0.000 0.001 0.000 0.010 0.001 0.001 0.003 0.001 0.001 0.000 0.001 0.002 0.001 0.001 0.001 0.001 
5 giraffe_vis 30 0.996 0.993 0.020 0.002 0.031 0.002 0.000 0.000 0.004 0.002 0.065 0.025 0.003 0.117 0.003 0.940 0.005 0.000 0.001 0.056 0.002 0.001 0.000 0.000 0.003 0.004 0.006 0.018 0.002 0.038 0.004 0.001 0.000 0.083 0.000 0.001 0.005 0.001 0.000 0.001 0.000 0.007 0.001 0.002 0.000 0.049 0.005 0.001 0.003 0.001 0.003 0.001 0.003 0.004 0.000 0.001 0.011 0.001 
6 robin_vis 30 0.996 0.045 0.990 0.001 0.001 0.001 0.000 0.000 0.001 0.001 0.001 0.427 0.000 0.001 0.001 0.001 0.347 0.001 0.142 0.420 0.058 0.001 0.000 0.000 0.001 0.004 0.000 0.001 0.001 0.008 0.001 0.000 0.000 0.004 0.000 0.000 0.052 0.000 0.000 0.001 0.000 0.001 0.000 0.001 0.000 0.074 0.001 0.001 0.160 0.001 0.001 0.001 0.000 0.001 0.001 0.000 0.001 0.001 
7 swan_vis 30 0.996 0.005 0.991 0.001 0.001 0.001 0.000 0.000 0.001 0.001 0.002 0.027 0.001 0.001 0.000 0.003 0.185 0.020 0.045 0.439 0.167 0.003 0.001 0.000 0.001 0.001 0.001 0.001 0.001 0.001 0.001 0.000 0.000 0.063 0.000 0.000 0.006 0.000 0.000 0.001 0.000 0.001 0.000 0.000 0.000 0.001 0.001 0.001 0.001 0.001 0.001 0.000 0.001 0.001 0.000 0.000 0.001 0.001 
8 woodpecker_vis 30 0.996 0.042 0.991 0.001 0.001 0.001 0.000 0.000 0.003 0.001 0.002 0.788 0.000 0.001 0.001 0.001 0.717 0.001 0.304 0.476 0.121 0.002 0.000 0.000 0.001 0.064 0.000 0.001 0.000 0.049 0.001 0.000 0.001 0.007 0.000 0.001 0.109 0.000 0.000 0.001 0.000 0.001 0.000 0.003 0.000 0.443 0.004 0.000 0.777 0.001 0.001 0.020 0.000 0.001 0.007 0.001 0.001 0.000 
9 peacock_vis 30 0.996 0.989 0.028 0.001 0.024 0.001 0.000 0.000 0.001 0.001 0.051 0.973 0.001 0.008 0.002 0.018 0.011 0.000 0.002 0.056 0.001 0.001 0.000 0.000 0.001 0.018 0.001 0.001 0.001 0.121 0.002 0.001 0.001 0.069 0.000 0.001 0.159 0.000 0.000 0.001 0.000 0.002 0.000 0.002 0.000 0.294 0.002 0.001 0.470 0.001 0.001 0.007 0.001 0.001 0.005 0.001 0.001 0.001 
10 crow_vis 30 0.996 0.014 0.989 0.001 0.001 0.001 0.000 0.001 0.356 0.001 0.001 0.406 0.001 0.230 0.017 0.001 0.596 0.000 0.980 0.008 0.119 0.004 0.001 0.000 0.001 0.127 0.000 0.001 0.000 0.146 0.001 0.007 0.028 0.000 0.003 0.001 0.008 0.001 0.000 0.001 0.000 0.002 0.001 0.002 0.002 0.231 0.355 0.001 0.951 0.003 0.001 0.079 0.001 0.001 0.010 0.002 0.001 0.001 
11 eagle_vis 30 0.996 0.002 0.991 0.001 0.010 0.001 0.001 0.000 0.000 0.001 0.003 0.002 0.000 0.000 0.000 0.001 0.008 0.580 0.005 0.373 0.709 0.002 0.001 0.001 0.001 0.001 0.002 0.001 0.001 0.001 0.004 0.006 0.001 0.489 0.000 0.000 0.002 0.000 0.000 0.001 0.000 0.001 0.000 0.000 0.000 0.000 0.000 0.001 0.000 0.001 0.001 0.000 0.001 0.001 0.000 0.000 0.001 0.001 
12 tuna_vis 30 0.996 0.991 0.013 0.004 0.031 0.001 0.000 0.000 0.002 0.001 0.008 0.017 0.018 0.900 0.806 0.008 0.002 0.000 0.028 0.001 0.001 0.014 0.005 0.000 0.022 0.002 0.002 0.006 0.001 0.079 0.001 0.010 0.001 0.003 0.010 0.001 0.001 0.000 0.003 0.001 0.001 0.001 0.001 0.001 0.000 0.122 0.006 0.001 0.105 0.019 0.001 0.000 0.000 0.003 0.000 0.002 0.001 0.001 
13 goldfish_vis 30 0.991 0.001 0.001 0.954 0.008 0.016 0.014 0.057 0.002 0.002 0.001 0.001 0.002 0.001 0.017 0.000 0.003 0.001 0.000 0.000 0.001 0.001 0.022 0.173 0.036 0.072 0.001 0.860 0.001 0.003 0.001 0.003 0.024 0.000 0.003 0.048 0.001 0.001 0.006 0.002 0.133 0.001 0.036 0.042 0.005 0.003 0.002 0.013 0.000 0.003 0.002 0.001 0.001 0.001 0.026 0.001 0.002 0.001 
14 salmon_vis 30 0.996 0.985 0.002 0.150 0.072 0.003 0.001 0.000 0.073 0.002 0.001 0.015 0.855 0.030 0.045 0.001 0.031 0.000 0.003 0.000 0.001 0.002 0.001 0.000 0.330 0.072 0.002 0.002 0.003 0.009 0.001 0.191 0.000 0.000 0.007 0.002 0.002 0.000 0.001 0.001 0.000 0.009 0.003 0.001 0.002 0.002 0.059 0.005 0.009 0.104 0.005 0.002 0.001 0.003 0.000 0.001 0.003 0.001 
15 sardine_vis 30 0.996 0.607 0.001 0.985 0.001 0.002 0.001 0.006 0.002 0.001 0.001 0.014 0.015 0.013 0.280 0.001 0.005 0.000 0.002 0.000 0.001 0.001 0.516 0.001 0.880 0.073 0.054 0.061 0.001 0.003 0.001 0.013 0.000 0.000 0.016 0.001 0.003 0.000 0.002 0.001 0.006 0.011 0.005 0.001 0.001 0.145 0.002 0.001 0.001 0.040 0.001 0.001 0.000 0.001 0.002 0.001 0.001 0.001 
16 catfish_vis 30 0.996 0.973 0.015 0.106 0.004 0.002 0.000 0.000 0.001 0.002 0.208 0.045 0.464 0.001 0.001 0.041 0.406 0.000 0.000 0.001 0.001 0.002 0.001 0.000 0.017 0.092 0.030 0.001 0.046 0.001 0.001 0.004 0.000 0.000 0.001 0.001 0.011 0.000 0.000 0.001 0.000 0.008 0.001 0.000 0.000 0.002 0.002 0.008 0.000 0.003 0.001 0.001 0.004 0.002 0.000 0.001 0.002 0.002 
17 cod_vis 30 0.948 0.134 0.001 0.962 0.001 0.082 0.006 0.352 0.003 0.002 0.003 0.068 0.002 0.004 0.646 0.000 0.005 0.000 0.002 0.000 0.001 0.001 0.708 0.001 0.651 0.098 0.017 0.022 0.001 0.005 0.000 0.005 0.001 0.000 0.372 0.002 0.117 0.000 0.004 0.001 0.025 0.056 0.007 0.013 0.001 0.551 0.005 0.001 0.002 0.276 0.002 0.001 0.000 0.002 0.003 0.003 0.003 0.001 
18 turtle_vis 30 0.996 0.018 0.007 0.001 0.956 0.003 0.003 0.000 0.001 0.001 0.001 0.017 0.001 0.000 0.000 0.001 0.003 0.001 0.000 0.001 0.001 0.000 0.000 0.000 0.002 0.001 0.001 0.002 0.015 0.005 0.042 0.122 0.001 0.175 0.001 0.001 0.004 0.001 0.000 0.002 0.000 0.001 0.001 0.000 0.000 0.000 0.002 0.002 0.000 0.001 0.003 0.006 0.007 0.001 0.000 0.000 0.003 0.001 
19 rattlesnake_vis 30 0.031 0.015 0.002 0.001 0.002 0.969 0.002 0.080 0.992 0.002 0.000 0.030 0.002 0.017 0.001 0.001 0.012 0.000 0.039 0.000 0.001 0.000 0.000 0.000 0.002 0.002 0.000 0.001 0.001 0.012 0.003 0.001 0.000 0.000 0.003 0.001 0.043 0.024 0.001 0.001 0.000 0.103 0.004 0.020 0.015 0.010 0.945 0.001 0.869 0.016 0.073 0.791 0.002 0.002 0.000 0.003 0.003 0.000 
20 crab_vis 30 0.995 0.036 0.012 0.001 0.986 0.002 0.001 0.000 0.004 0.001 0.001 0.032 0.001 0.004 0.000 0.006 0.005 0.000 0.001 0.001 0.015 0.000 0.000 0.000 0.003 0.001 0.001 0.002 0.005 0.348 0.346 0.030 0.002 0.214 0.003 0.000 0.024 0.001 0.000 0.001 0.000 0.002 0.001 0.001 0.003 0.001 0.054 0.002 0.001 0.001 0.002 0.009 0.035 0.001 0.001 0.000 0.002 0.001 
21 frog_vis 30 0.995 0.975 0.036 0.002 0.161 0.044 0.001 0.000 0.819 0.001 0.007 0.956 0.057 0.012 0.001 0.099 0.694 0.000 0.015 0.020 0.001 0.000 0.000 0.000 0.003 0.779 0.001 0.001 0.003 0.112 0.082 0.022 0.006 0.011 0.000 0.001 0.106 0.000 0.000 0.001 0.000 0.025 0.001 0.001 0.071 0.065 0.644 0.008 0.346 0.001 0.002 0.826 0.042 0.001 0.002 0.001 0.002 0.001 
22 gecko_vis 30 0.995 0.987 0.013 0.001 0.066 0.002 0.000 0.000 0.026 0.001 0.016 0.952 0.001 0.033 0.002 0.006 0.009 0.000 0.006 0.020 0.001 0.000 0.000 0.000 0.001 0.034 0.000 0.002 0.001 0.276 0.007 0.001 0.004 0.014 0.001 0.001 0.059 0.001 0.000 0.001 0.000 0.004 0.001 0.004 0.000 0.442 0.014 0.001 0.817 0.002 0.002 0.046 0.001 0.001 0.011 0.001 0.001 0.000 
23 crocodile_vis 30 0.996 0.991 0.016 0.001 0.024 0.001 0.000 0.000 0.001 0.001 0.040 0.957 0.001 0.010 0.001 0.027 0.007 0.000 0.001 0.041 0.001 0.000 0.000 0.000 0.001 0.007 0.001 0.001 0.001 0.077 0.004 0.000 0.001 0.041 0.000 0.000 0.086 0.000 0.000 0.001 0.000 0.001 0.000 0.001 0.000 0.202 0.002 0.001 0.292 0.001 0.001 0.003 0.001 0.001 0.002 0.000 0.001 0.001 
24 axe_vis 30 0.004 0.001 0.019 0.001 0.003 0.994 0.929 0.001 0.005 0.010 0.034 0.001 0.000 0.000 0.001 0.000 0.001 0.042 0.000 0.008 0.003 0.000 0.000 0.000 0.001 0.000 0.005 0.001 0.002 0.010 0.002 0.001 0.000 0.150 0.334 0.002 0.142 0.143 0.001 0.093 0.001 0.002 0.001 0.001 0.000 0.004 0.002 0.001 0.005 0.001 0.001 0.001 0.001 0.001 0.001 0.001 0.008 0.001 
25 hammer_vis 30 0.004 0.000 0.928 0.001 0.002 0.994 0.989 0.001 0.002 0.002 0.000 0.000 0.000 0.000 0.001 0.000 0.001 0.346 0.001 0.008 0.059 0.001 0.000 0.002 0.001 0.000 0.000 0.003 0.001 0.003 0.000 0.001 0.002 0.000 0.001 0.279 0.020 0.021 0.001 0.022 0.004 0.001 0.001 0.001 0.000 0.000 0.000 0.001 0.003 0.000 0.001 0.002 0.000 0.000 0.003 0.000 0.002 0.001 
26 screwdriver_vis 30 0.004 0.000 0.002 0.001 0.002 0.995 0.993 0.001 0.004 0.002 0.000 0.002 0.000 0.000 0.001 0.000 0.001 0.000 0.000 0.000 0.001 0.000 0.000 0.000 0.001 0.000 0.000 0.002 0.001 0.005 0.001 0.001 0.000 0.000 0.002 0.620 0.970 0.258 0.001 0.049 0.003 0.001 0.001 0.006 0.000 0.000 0.001 0.000 0.065 0.000 0.002 0.005 0.000 0.001 0.001 0.000 0.004 0.001 
27 chisel_vis 30 0.004 0.000 0.010 0.001 0.007 0.995 0.981 0.002 0.014 0.004 0.000 0.001 0.000 0.000 0.001 0.000 0.001 0.001 0.000 0.001 0.008 0.000 0.000 0.000 0.001 0.000 0.000 0.004 0.001 0.021 0.008 0.000 0.001 0.000 0.001 0.021 0.033 0.987 0.001 0.096 0.002 0.001 0.001 0.016 0.000 0.001 0.001 0.001 0.017 0.000 0.001 0.107 0.001 0.000 0.001 0.000 0.002 0.001 
28 saw_vis 30 0.004 0.000 0.013 0.001 0.003 0.992 0.987 0.000 0.001 0.002 0.002 0.009 0.000 0.000 0.001 0.000 0.001 0.010 0.000 0.028 0.001 0.000 0.000 0.006 0.001 0.000 0.000 0.002 0.001 0.002 0.007 0.001 0.001 0.038 0.001 0.005 0.450 0.004 0.028 0.378 0.001 0.001 0.001 0.002 0.000 0.000 0.000 0.001 0.001 0.001 0.007 0.001 0.000 0.001 0.001 0.000 0.002 0.001 
29 drill_vis 30 0.004 0.000 0.015 0.001 0.003 0.994 0.993 0.000 0.001 0.003 0.029 0.000 0.000 0.000 0.001 0.000 0.001 0.030 0.000 0.002 0.001 0.000 0.000 0.003 0.001 0.000 0.000 0.002 0.013 0.002 0.001 0.001 0.000 0.005 0.003 0.013 0.196 0.048 0.011 0.973 0.001 0.001 0.001 0.002 0.000 0.000 0.000 0.001 0.000 0.001 0.007 0.001 0.001 0.001 0.000 0.000 0.036 0.003 
30 clamp_vis 30 0.003 0.000 0.001 0.001 0.001 0.995 0.693 0.890 0.001 0.002 0.000 0.001 0.000 0.000 0.000 0.000 0.001 0.000 0.000 0.000 0.001 0.000 0.000 0.001 0.001 0.000 0.000 0.009 0.000 0.003 0.001 0.000 0.000 0.000 0.001 0.003 0.090 0.747 0.000 0.014 0.046 0.001 0.005 0.030 0.001 0.015 0.001 0.001 0.001 0.000 0.001 0.002 0.001 0.000 0.003 0.001 0.001 0.001 
31 hoe_vis 30 0.006 0.022 0.012 0.001 0.001 0.973 0.002 0.002 0.954 0.002 0.009 0.172 0.008 0.001 0.001 0.008 0.066 0.000 0.001 0.036 0.001 0.001 0.000 0.000 0.002 0.001 0.001 0.001 0.003 0.002 0.071 0.001 0.000 0.000 0.002 0.001 0.023 0.002 0.001 0.082 0.001 0.002 0.001 0.001 0.001 0.001 0.025 0.512 0.004 0.017 0.063 0.035 0.009 0.003 0.001 0.001 0.002 0.001 
32 rake_vis 30 0.003 0.000 0.001 0.009 0.001 0.995 0.001 0.986 0.050 0.002 0.000 0.017 0.000 0.001 0.001 0.000 0.002 0.000 0.025 0.000 0.001 0.000 0.001 0.008 0.002 0.094 0.000 0.002 0.000 0.002 0.002 0.000 0.009 0.000 0.001 0.001 0.001 0.003 0.000 0.001 0.004 0.001 0.018 0.172 0.875 0.004 0.005 0.005 0.001 0.001 0.001 0.472 0.009 0.001 0.001 0.001 0.001 0.001 
33 shovel_vis 30 0.003 0.000 0.009 0.001 0.011 0.995 0.980 0.003 0.033 0.005 0.000 0.001 0.000 0.000 0.001 0.000 0.001 0.000 0.000 0.000 0.012 0.000 0.000 0.000 0.001 0.000 0.000 0.005 0.001 0.104 0.014 0.000 0.001 0.000 0.001 0.017 0.093 0.991 0.001 0.216 0.006 0.001 0.001 0.019 0.000 0.003 0.001 0.001 0.025 0.000 0.001 0.355 0.001 0.001 0.001 0.001 0.003 0.001 
34 spade_vis 30 0.003 0.001 0.007 0.001 0.001 0.992 0.001 0.004 0.984 0.002 0.001 0.009 0.010 0.001 0.000 0.000 0.002 0.000 0.013 0.008 0.001 0.001 0.000 0.002 0.001 0.001 0.000 0.001 0.001 0.002 0.015 0.001 0.001 0.000 0.001 0.001 0.001 0.002 0.001 0.008 0.001 0.002 0.002 0.002 0.009 0.001 0.009 0.107 0.002 0.001 0.369 0.053 0.008 0.001 0.001 0.001 0.001 0.001 
35 wrench_vis 30 0.004 0.041 0.003 0.001 0.001 0.994 0.001 0.014 0.983 0.010 0.001 0.008 0.004 0.018 0.005 0.000 0.012 0.000 0.015 0.000 0.001 0.001 0.000 0.000 0.002 0.001 0.000 0.001 0.001 0.011 0.001 0.002 0.000 0.000 0.002 0.001 0.031 0.050 0.000 0.001 0.003 0.002 0.006 0.001 0.001 0.143 0.615 0.008 0.196 0.003 0.001 0.077 0.001 0.001 0.001 0.153 0.009 0.001 
36 accordion_vis 30 0.005 0.019 0.003 0.001 0.001 0.994 0.002 0.010 0.993 0.002 0.000 0.016 0.020 0.026 0.001 0.001 0.022 0.000 0.022 0.000 0.001 0.000 0.000 0.000 0.020 0.000 0.000 0.001 0.001 0.002 0.004 0.009 0.000 0.000 0.002 0.001 0.084 0.004 0.005 0.002 0.000 0.005 0.003 0.011 0.000 0.001 0.891 0.006 0.015 0.016 0.378 0.014 0.003 0.002 0.000 0.001 0.011 0.001 
37 cello_vis 30 0.005 0.005 0.007 0.001 0.001 0.993 0.001 0.002 0.982 0.001 0.001 0.013 0.003 0.001 0.000 0.001 0.008 0.000 0.002 0.006 0.001 0.000 0.000 0.000 0.001 0.001 0.000 0.001 0.001 0.001 0.012 0.000 0.000 0.000 0.000 0.001 0.001 0.016 0.000 0.004 0.001 0.001 0.005 0.002 0.000 0.000 0.016 0.203 0.002 0.001 0.033 0.363 0.003 0.001 0.000 0.001 0.001 0.001 
38 flute_vis 30 0.004 0.009 0.010 0.001 0.001 0.992 0.021 0.009 0.700 0.001 0.012 0.146 0.000 0.000 0.001 0.000 0.002 0.000 0.001 0.056 0.001 0.001 0.000 0.000 0.001 0.003 0.000 0.001 0.001 0.003 0.001 0.000 0.006 0.000 0.001 0.003 0.002 0.289 0.000 0.044 0.005 0.001 0.001 0.508 0.000 0.004 0.001 0.001 0.581 0.001 0.004 0.717 0.001 0.001 0.000 0.008 0.001 0.001 
39 guitar_vis 30 0.005 0.024 0.004 0.001 0.001 0.993 0.001 0.003 0.991 0.002 0.001 0.021 0.044 0.025 0.001 0.001 0.035 0.000 0.023 0.000 0.001 0.000 0.000 0.000 0.021 0.001 0.001 0.001 0.001 0.002 0.005 0.009 0.000 0.000 0.001 0.001 0.039 0.004 0.000 0.001 0.000 0.001 0.005 0.001 0.001 0.004 0.794 0.210 0.002 0.002 0.005 0.016 0.003 0.001 0.000 0.001 0.010 0.001 
40 piano_vis 30 0.006 0.004 0.015 0.001 0.001 0.994 0.028 0.009 0.947 0.002 0.008 0.010 0.002 0.000 0.000 0.111 0.032 0.000 0.000 0.208 0.001 0.000 0.000 0.001 0.001 0.002 0.000 0.001 0.052 0.001 0.648 0.000 0.000 0.000 0.000 0.001 0.041 0.008 0.001 0.690 0.000 0.019 0.001 0.520 0.000 0.000 0.017 0.006 0.001 0.001 0.991 0.273 0.042 0.019 0.000 0.000 0.052 0.000 
41 trumpet_vis 30 0.006 0.024 0.012 0.001 0.001 0.993 0.001 0.001 0.876 0.001 0.005 0.095 0.002 0.000 0.000 0.006 0.042 0.000 0.000 0.043 0.001 0.000 0.000 0.000 0.001 0.001 0.000 0.001 0.002 0.001 0.086 0.000 0.000 0.000 0.000 0.001 0.034 0.010 0.000 0.232 0.001 0.001 0.006 0.001 0.000 0.000 0.011 0.868 0.000 0.000 0.050 0.076 0.004 0.001 0.000 0.001 0.002 0.001 
42 fork_vis 30 0.009 0.000 0.032 0.001 0.122 0.995 0.004 0.000 0.001 0.988 0.002 0.000 0.002 0.000 0.000 0.187 0.005 0.007 0.000 0.010 0.272 0.000 0.000 0.001 0.001 0.000 0.360 0.001 0.309 0.002 0.801 0.003 0.000 0.047 0.001 0.001 0.001 0.053 0.000 0.254 0.000 0.003 0.001 0.000 0.007 0.000 0.024 0.006 0.000 0.000 0.001 0.001 0.989 0.011 0.001 0.001 0.063 0.072 
43 spoon_vis 30 0.005 0.001 0.007 0.001 0.003 0.995 0.011 0.000 0.001 0.993 0.002 0.000 0.017 0.000 0.001 0.001 0.001 0.008 0.000 0.000 0.001 0.001 0.000 0.000 0.002 0.000 0.168 0.001 0.032 0.002 0.001 0.045 0.000 0.001 0.021 0.002 0.001 0.001 0.005 0.004 0.000 0.016 0.002 0.001 0.000 0.000 0.002 0.002 0.000 0.002 0.001 0.001 0.074 0.015 0.003 0.001 0.828 0.065 
44 tongs_vis 30 0.004 0.000 0.016 0.001 0.006 0.995 0.017 0.000 0.000 0.993 0.008 0.000 0.000 0.000 0.002 0.000 0.001 0.027 0.000 0.000 0.007 0.001 0.001 0.001 0.001 0.000 0.102 0.001 0.010 0.002 0.001 0.017 0.001 0.044 0.005 0.002 0.001 0.007 0.002 0.031 0.001 0.001 0.001 0.000 0.000 0.000 0.000 0.003 0.000 0.000 0.001 0.000 0.033 0.001 0.018 0.006 0.080 0.930 
45 ladle_vis 30 0.006 0.020 0.009 0.001 0.001 0.995 0.001 0.001 0.091 0.964 0.003 0.001 0.130 0.010 0.001 0.015 0.006 0.000 0.025 0.002 0.001 0.001 0.000 0.000 0.003 0.001 0.010 0.001 0.002 0.002 0.002 0.001 0.000 0.000 0.001 0.001 0.001 0.001 0.000 0.001 0.000 0.003 0.001 0.001 0.001 0.001 0.065 0.035 0.001 0.001 0.001 0.001 0.575 0.049 0.001 0.053 0.007 0.008 
46 knife_vis 30 0.007 0.001 0.012 0.001 0.003 0.995 0.155 0.000 0.001 0.994 0.034 0.000 0.001 0.000 0.005 0.001 0.001 0.013 0.000 0.000 0.001 0.009 0.001 0.000 0.001 0.000 0.065 0.001 0.030 0.002 0.001 0.004 0.000 0.002 0.074 0.005 0.004 0.003 0.024 0.080 0.001 0.002 0.001 0.001 0.000 0.000 0.001 0.002 0.000 0.003 0.001 0.000 0.006 0.017 0.013 0.005 0.897 0.693 
47 chopsticks_vis 30 0.006 0.001 0.011 0.001 0.005 0.995 0.002 0.000 0.000 0.989 0.002 0.000 0.001 0.000 0.000 0.006 0.001 0.001 0.000 0.001 0.006 0.000 0.000 0.000 0.001 0.000 0.066 0.001 0.017 0.001 0.023 0.005 0.000 0.004 0.001 0.001 0.002 0.002 0.001 0.010 0.000 0.004 0.001 0.000 0.000 0.000 0.005 0.012 0.000 0.000 0.001 0.000 0.473 0.001 0.001 0.001 0.538 0.030 
