0 beaver_vis 30 0.005 0.005 0.001 0.001 0.001 0.996 0.001 0.971 0.051 0.001 0.068 0.000 0.000 0.002 0.002 0.000 0.000 0.001 0.001 0.001 0.000 0.000 0.000 0.013 0.001 0.000 0.004 0.000 0.000 0.016 0.000 0.000 0.001 0.000 0.001 0.001 0.003 0.003 0.001 0.001 0.005 0.002 0.005 0.805 0.003 0.012 0.001 0.001 0.084 0.005 0.000 0.111 0.000 0.002 0.001 0.002 0.006 0.001 
1 bear_vis 30 0.003 0.001 0.001 0.012 0.001 0.995 0.045 0.011 0.975 0.005 0.003 0.000 0.007 0.001 0.001 0.000 0.015 0.001 0.002 0.001 0.000 0.000 0.005 0.001 0.060 0.001 0.010 0.025 0.000 0.004 0.001 0.001 0.001 0.000 0.227 0.002 0.001 0.004 0.006 0.001 0.001 0.038 0.001 0.003 0.001 0.005 0.006 0.001 0.005 0.954 0.001 0.001 0.001 0.017 0.004 0.017 0.003 0.007 
2 sheep_vis 30 0.001 0.001 0.001 0.001 0.003 0.996 0.002 0.003 0.990 0.004 0.001 0.000 0.001 0.000 0.000 0.000 0.001 0.000 0.001 0.001 0.000 0.000 0.001 0.001 0.002 0.000 0.001 0.001 0.000 0.001 0.000 0.007 0.002 0.000 0.002 0.001 0.001 0.004 0.001 0.001 0.001 0.112 0.001 0.001 0.001 0.006 0.053 0.175 0.003 0.749 0.000 0.001 0.000 0.003 0.003 0.113 0.003 0.001 
3 buffalo_vis 30 0.002 0.001 0.001 0.026 0.001 0.995 0.011 0.010 0.992 0.003 0.002 0.001 0.008 0.000 0.010 0.000 0.002 0.000 0.005 0.001 0.000 0.000 0.004 0.001 0.026 0.008 0.009 0.076 0.000 0.002 0.000 0.001 0.001 0.000 0.034 0.002 0.001 0.003 0.002 0.001 0.001 0.365 0.001 0.002 0.001 0.002 0.042 0.010 0.006 0.975 0.001 0.007 0.000 0.033 0.004 0.010 0.002 0.007 
4 poodle_vis 30 0.032 0.002 0.001 0.008 0.001 0.988 0.982 0.003 0.074 0.002 0.002 0.001 0.016 0.001 0.002 0.000 0.086 0.001 0.002 0.001 0.000 0.000 0.007 0.002 0.039 0.002 0.006 0.027 0.000 0.025 0.001 0.000 0.001 0.000 0.977 0.002 0.127 0.045 0.002 0.001 0.001 0.001 0.001 0.093 0.001 0.002 0.002 0.001 0.040 0.085 0.001 0.001 0.001 0.002 0.001 0.001 0.010 0.002 
5 giraffe_vis 30 0.002 0.001 0.001 0.033 0.001 0.995 0.014 0.010 0.988 0.004 0.002 0.000 0.006 0.001 0.001 0.000 0.003 0.001 0.002 0.001 0.000 0.000 0.004 0.002 0.052 0.004 0.010 0.058 0.000 0.001 0.001 0.001 0.001 0.000 0.076 0.002 0.001 0.002 0.003 0.001 0.001 0.131 0.001 0.002 0.001 0.002 0.004 0.002 0.004 0.922 0.001 0.001 0.001 0.038 0.005 0.003 0.002 0.021 
6 robin_vis 30 0.001 0.001 0.001 0.002 0.001 0.996 0.003 0.004 0.897 0.016 0.003 0.000 0.006 0.000 0.000 0.000 0.001 0.001 0.004 0.001 0.000 0.000 0.001 0.001 0.007 0.000 0.001 0.000 0.000 0.000 0.000 0.000 0.001 0.000 0.003 0.002 0.001 0.002 0.002 0.001 0.001 0.055 0.001 0.001 0.001 0.002 0.006 0.001 0.002 0.196 0.000 0.001 0.000 0.168 0.003 0.004 0.003 0.010 
7 swan_vis 30 0.013 0.001 0.001 0.067 0.001 0.978 0.966 0.003 0.005 0.003 0.001 0.000 0.001 0.001 0.001 0.000 0.003 0.001 0.004 0.001 0.001 0.000 0.064 0.001 0.027 0.012 0.002 0.006 0.000 0.001 0.001 0.000 0.002 0.000 0.062 0.014 0.001 0.013 0.800 0.011 0.026 0.002 0.001 0.001 0.001 0.001 0.001 0.001 0.002 0.004 0.002 0.001 0.005 0.002 0.002 0.001 0.004 0.017 
8 woodpecker_vis 30 0.001 0.001 0.001 0.001 0.001 0.996 0.002 0.003 0.054 0.837 0.001 0.000 0.001 0.000 0.000 0.000 0.013 0.002 0.013 0.001 0.000 0.001 0.004 0.001 0.002 0.000 0.001 0.000 0.000 0.000 0.000 0.000 0.002 0.000 0.003 0.001 0.001 0.001 0.002 0.001 0.001 0.010 0.001 0.001 0.001 0.002 0.004 0.001 0.002 0.023 0.000 0.001 0.001 0.279 0.002 0.020 0.348 0.016 
9 peacock_vis 30 0.027 0.004 0.001 0.012 0.001 0.930 0.919 0.003 0.041 0.003 0.005 0.000 0.016 0.001 0.003 0.000 0.002 0.001 0.010 0.001 0.000 0.000 0.010 0.001 0.011 0.002 0.003 0.007 0.000 0.001 0.001 0.000 0.001 0.000 0.129 0.168 0.019 0.002 0.021 0.012 0.002 0.002 0.001 0.002 0.004 0.001 0.002 0.001 0.003 0.008 0.006 0.001 0.004 0.006 0.002 0.001 0.003 0.006 
10 crow_vis 30 0.045 0.003 0.001 0.114 0.001 0.849 0.978 0.004 0.143 0.002 0.008 0.001 0.030 0.001 0.015 0.000 0.023 0.001 0.006 0.001 0.001 0.000 0.094 0.004 0.091 0.019 0.051 0.291 0.000 0.003 0.005 0.000 0.001 0.000 0.974 0.042 0.007 0.004 0.018 0.003 0.002 0.001 0.001 0.010 0.001 0.002 0.002 0.001 0.007 0.038 0.002 0.001 0.002 0.005 0.002 0.001 0.005 0.011 
11 eagle_vis 30 0.039 0.060 0.001 0.002 0.001 0.973 0.809 0.003 0.026 0.003 0.018 0.001 0.116 0.001 0.006 0.000 0.001 0.001 0.017 0.001 0.000 0.001 0.002 0.001 0.004 0.001 0.001 0.001 0.000 0.001 0.001 0.000 0.001 0.000 0.014 0.029 0.302 0.002 0.004 0.101 0.001 0.001 0.001 0.001 0.008 0.001 0.002 0.001 0.002 0.005 0.009 0.001 0.003 0.006 0.001 0.001 0.004 0.003 
12 tuna_vis 30 0.042 0.001 0.068 0.003 0.001 0.877 0.550 0.002 0.002 0.211 0.001 0.000 0.001 0.001 0.001 0.000 0.719 0.003 0.014 0.002 0.051 0.002 0.951 0.001 0.006 0.001 0.021 0.003 0.000 0.001 0.002 0.001 0.005 0.001 0.897 0.002 0.001 0.001 0.074 0.001 0.001 0.001 0.001 0.001 0.002 0.001 0.001 0.001 0.001 0.002 0.004 0.001 0.215 0.008 0.002 0.002 0.011 0.880 
13 goldfish_vis 30 0.632 0.004 0.001 0.683 0.003 0.160 0.801 0.004 0.057 0.004 0.009 0.000 0.032 0.001 0.012 0.001 0.016 0.001 0.003 0.001 0.002 0.001 0.237 0.018 0.151 0.015 0.115 0.858 0.002 0.037 0.041 0.001 0.002 0.001 0.950 0.028 0.002 0.002 0.009 0.002 0.002 0.008 0.003 0.002 0.001 0.002 0.002 0.002 0.002 0.069 0.002 0.001 0.003 0.004 0.007 0.002 0.002 0.005 
14 salmon_vis 30 0.986 0.001 0.955 0.001 0.020 0.004 0.003 0.006 0.002 0.002 0.001 0.001 0.001 0.011 0.000 0.001 0.070 0.080 0.002 0.048 0.943 0.009 0.005 0.001 0.018 0.001 0.038 0.001 0.088 0.002 0.009 0.007 0.008 0.001 0.014 0.001 0.001 0.001 0.002 0.001 0.001 0.002 0.001 0.002 0.001 0.003 0.002 0.001 0.001 0.002 0.001 0.001 0.006 0.002 0.002 0.002 0.002 0.006 
15 sardine_vis 30 0.973 0.017 0.005 0.002 0.871 0.013 0.002 0.029 0.005 0.001 0.003 0.004 0.001 0.010 0.000 0.001 0.000 0.017 0.001 0.001 0.010 0.000 0.001 0.001 0.004 0.001 0.022 0.000 0.765 0.022 0.019 0.136 0.002 0.000 0.002 0.001 0.001 0.002 0.001 0.001 0.001 0.039 0.001 0.001 0.001 0.005 0.002 0.002 0.001 0.004 0.001 0.001 0.001 0.001 0.001 0.003 0.002 0.001 
16 catfish_vis 30 0.516 0.005 0.001 0.001 0.375 0.006 0.004 0.930 0.001 0.003 0.191 0.005 0.000 0.017 0.001 0.003 0.000 0.323 0.001 0.002 0.014 0.000 0.028 0.007 0.001 0.004 0.206 0.018 0.244 0.158 0.792 0.002 0.001 0.011 0.160 0.005 0.001 0.001 0.002 0.001 0.047 0.100 0.246 0.003 0.059 0.007 0.001 0.006 0.001 0.001 0.002 0.057 0.021 0.002 0.002 0.001 0.001 0.002 
17 cod_vis 30 0.473 0.009 0.001 0.218 0.004 0.107 0.304 0.004 0.098 0.002 0.013 0.001 0.055 0.002 0.008 0.001 0.007 0.001 0.003 0.001 0.001 0.001 0.088 0.002 0.070 0.007 0.041 0.726 0.005 0.033 0.016 0.001 0.002 0.001 0.822 0.007 0.002 0.002 0.006 0.002 0.001 0.027 0.001 0.001 0.001 0.002 0.003 0.003 0.002 0.108 0.001 0.001 0.002 0.005 0.004 0.005 0.002 0.003 
18 turtle_vis 30 0.896 0.001 0.001 0.002 0.932 0.007 0.005 0.052 0.002 0.005 0.001 0.000 0.001 0.008 0.000 0.053 0.000 0.003 0.001 0.001 0.003 0.001 0.001 0.007 0.001 0.000 0.009 0.081 0.206 0.922 0.046 0.014 0.007 0.003 0.011 0.011 0.002 0.004 0.001 0.001 0.001 0.323 0.004 0.003 0.002 0.399 0.003 0.114 0.001 0.011 0.002 0.002 0.009 0.002 0.009 0.354 0.001 0.001 
19 rattlesnake_vis 30 0.917 0.352 0.002 0.001 0.530 0.011 0.009 0.002 0.004 0.002 0.007 0.001 0.042 0.487 0.001 0.330 0.000 0.003 0.001 0.001 0.000 0.069 0.001 0.001 0.001 0.000 0.001 0.321 0.002 0.909 0.005 0.001 0.031 0.001 0.014 0.003 0.484 0.002 0.001 0.008 0.001 0.002 0.001 0.001 0.002 0.014 0.157 0.002 0.002 0.003 0.006 0.001 0.008 0.002 0.004 0.590 0.001 0.001 
20 crab_vis 30 0.014 0.001 0.024 0.001 0.001 0.928 0.003 0.002 0.002 0.961 0.001 0.000 0.001 0.001 0.000 0.000 0.003 0.003 0.001 0.004 0.003 0.013 0.016 0.000 0.001 0.000 0.001 0.000 0.000 0.001 0.001 0.000 0.014 0.001 0.010 0.001 0.002 0.001 0.002 0.001 0.001 0.002 0.001 0.001 0.001 0.003 0.002 0.009 0.001 0.002 0.003 0.001 0.169 0.009 0.012 0.303 0.003 0.038 
21 frog_vis 30 0.985 0.017 0.005 0.001 0.907 0.006 0.001 0.012 0.003 0.001 0.002 0.001 0.000 0.003 0.000 0.006 0.000 0.005 0.001 0.001 0.002 0.000 0.000 0.001 0.001 0.001 0.008 0.000 0.530 0.181 0.001 0.351 0.001 0.001 0.001 0.001 0.001 0.002 0.001 0.001 0.001 0.016 0.001 0.001 0.002 0.006 0.003 0.003 0.001 0.002 0.001 0.002 0.001 0.001 0.001 0.004 0.001 0.001 
22 gecko_vis 30 0.900 0.003 0.002 0.002 0.893 0.009 0.004 0.002 0.003 0.006 0.001 0.000 0.001 0.031 0.000 0.115 0.001 0.001 0.001 0.001 0.003 0.005 0.002 0.001 0.002 0.000 0.001 0.708 0.147 0.882 0.022 0.010 0.072 0.002 0.009 0.005 0.005 0.010 0.002 0.001 0.001 0.096 0.001 0.001 0.002 0.180 0.007 0.066 0.001 0.021 0.002 0.001 0.008 0.002 0.014 0.712 0.001 0.001 
23 crocodile_vis 30 0.448 0.002 0.001 0.001 0.823 0.006 0.003 0.780 0.002 0.002 0.022 0.001 0.000 0.002 0.000 0.001 0.000 0.127 0.001 0.002 0.001 0.000 0.003 0.002 0.001 0.001 0.022 0.001 0.050 0.100 0.135 0.002 0.001 0.003 0.007 0.014 0.001 0.001 0.002 0.001 0.025 0.795 0.006 0.001 0.074 0.002 0.001 0.027 0.001 0.001 0.002 0.021 0.015 0.001 0.002 0.003 0.001 0.001 
24 axe_vis 30 0.047 0.002 0.001 0.021 0.001 0.978 0.990 0.003 0.048 0.001 0.002 0.001 0.013 0.001 0.003 0.000 0.178 0.001 0.003 0.001 0.001 0.000 0.016 0.003 0.080 0.003 0.014 0.061 0.000 0.049 0.001 0.001 0.001 0.000 0.988 0.002 0.113 0.080 0.002 0.001 0.001 0.001 0.001 0.151 0.001 0.003 0.002 0.000 0.046 0.130 0.001 0.001 0.001 0.002 0.001 0.001 0.011 0.002 
25 hammer_vis 30 0.011 0.001 0.001 0.010 0.001 0.993 0.921 0.003 0.250 0.001 0.001 0.000 0.005 0.001 0.001 0.000 0.066 0.000 0.002 0.000 0.000 0.000 0.003 0.002 0.072 0.001 0.006 0.018 0.000 0.015 0.001 0.000 0.001 0.000 0.935 0.003 0.027 0.160 0.002 0.001 0.001 0.001 0.001 0.230 0.001 0.006 0.001 0.000 0.189 0.278 0.001 0.001 0.001 0.001 0.001 0.001 0.013 0.004 
26 screwdriver_vis 30 0.042 0.067 0.001 0.002 0.001 0.990 0.946 0.002 0.016 0.001 0.009 0.001 0.107 0.001 0.003 0.000 0.002 0.001 0.008 0.000 0.000 0.000 0.001 0.001 0.002 0.000 0.001 0.000 0.000 0.003 0.000 0.000 0.001 0.000 0.034 0.008 0.905 0.007 0.002 0.008 0.001 0.001 0.000 0.011 0.001 0.001 0.002 0.000 0.006 0.006 0.004 0.001 0.001 0.001 0.001 0.001 0.009 0.001 
27 chisel_vis 30 0.032 0.002 0.001 0.018 0.001 0.989 0.992 0.003 0.047 0.001 0.001 0.000 0.008 0.001 0.002 0.000 0.159 0.000 0.002 0.000 0.000 0.000 0.008 0.003 0.077 0.002 0.014 0.043 0.000 0.065 0.001 0.000 0.001 0.000 0.989 0.004 0.123 0.178 0.002 0.001 0.001 0.001 0.001 0.278 0.001 0.003 0.001 0.000 0.081 0.154 0.001 0.001 0.000 0.001 0.001 0.001 0.012 0.002 
28 saw_vis 30 0.044 0.078 0.001 0.002 0.001 0.987 0.921 0.002 0.013 0.001 0.012 0.001 0.118 0.001 0.004 0.000 0.001 0.001 0.011 0.000 0.000 0.001 0.001 0.001 0.002 0.000 0.001 0.000 0.000 0.002 0.000 0.000 0.001 0.000 0.012 0.019 0.855 0.004 0.003 0.021 0.001 0.001 0.000 0.004 0.003 0.001 0.001 0.000 0.003 0.003 0.007 0.001 0.002 0.001 0.001 0.001 0.006 0.001 
29 drill_vis 30 0.050 0.104 0.001 0.001 0.001 0.972 0.866 0.002 0.019 0.002 0.023 0.001 0.159 0.001 0.008 0.000 0.001 0.001 0.020 0.001 0.000 0.001 0.001 0.001 0.002 0.001 0.001 0.001 0.000 0.001 0.001 0.000 0.001 0.000 0.009 0.029 0.629 0.002 0.003 0.096 0.001 0.001 0.001 0.002 0.010 0.001 0.002 0.001 0.002 0.002 0.013 0.001 0.004 0.005 0.001 0.001 0.004 0.001 
30 clamp_vis 30 0.002 0.001 0.001 0.001 0.001 0.996 0.002 0.954 0.005 0.001 0.001 0.000 0.000 0.000 0.000 0.000 0.000 0.000 0.001 0.000 0.000 0.000 0.000 0.037 0.001 0.000 0.005 0.000 0.000 0.003 0.000 0.000 0.001 0.000 0.001 0.003 0.001 0.064 0.001 0.001 0.014 0.002 0.002 0.980 0.001 0.004 0.001 0.000 0.008 0.005 0.000 0.016 0.000 0.001 0.001 0.001 0.003 0.003 
31 hoe_vis 30 0.002 0.001 0.001 0.001 0.001 0.996 0.002 0.962 0.098 0.002 0.007 0.000 0.000 0.001 0.000 0.000 0.001 0.001 0.001 0.000 0.000 0.000 0.000 0.013 0.001 0.000 0.030 0.000 0.000 0.011 0.001 0.000 0.001 0.000 0.006 0.001 0.001 0.008 0.001 0.001 0.002 0.004 0.002 0.758 0.001 0.097 0.002 0.000 0.012 0.125 0.000 0.031 0.000 0.001 0.001 0.003 0.004 0.002 
32 rake_vis 30 0.002 0.001 0.001 0.001 0.001 0.996 0.001 0.965 0.007 0.001 0.001 0.000 0.000 0.001 0.000 0.000 0.000 0.001 0.001 0.000 0.000 0.000 0.000 0.032 0.001 0.000 0.007 0.000 0.000 0.004 0.000 0.000 0.001 0.000 0.001 0.001 0.001 0.038 0.001 0.001 0.010 0.004 0.004 0.956 0.001 0.013 0.001 0.001 0.008 0.008 0.000 0.021 0.000 0.001 0.001 0.002 0.003 0.003 
33 shovel_vis 30 0.003 0.001 0.001 0.001 0.001 0.996 0.002 0.972 0.029 0.001 0.002 0.000 0.000 0.001 0.000 0.000 0.001 0.000 0.001 0.000 0.000 0.000 0.000 0.037 0.001 0.000 0.031 0.000 0.000 0.015 0.001 0.000 0.001 0.000 0.005 0.001 0.001 0.025 0.001 0.001 0.007 0.001 0.029 0.962 0.001 0.113 0.001 0.000 0.052 0.025 0.000 0.037 0.000 0.001 0.001 0.002 0.006 0.004 
34 spade_vis 30 0.003 0.001 0.001 0.001 0.001 0.994 0.001 0.968 0.007 0.002 0.003 0.000 0.000 0.001 0.000 0.000 0.000 0.002 0.001 0.001 0.001 0.000 0.000 0.002 0.001 0.000 0.002 0.000 0.004 0.001 0.005 0.000 0.001 0.000 0.001 0.001 0.001 0.001 0.001 0.001 0.003 0.008 0.007 0.016 0.014 0.017 0.001 0.001 0.001 0.003 0.000 0.023 0.000 0.001 0.001 0.002 0.001 0.002 
35 wrench_vis 30 0.003 0.001 0.001 0.001 0.001 0.996 0.001 0.967 0.024 0.002 0.001 0.000 0.000 0.002 0.000 0.000 0.000 0.001 0.001 0.001 0.001 0.000 0.000 0.003 0.001 0.000 0.005 0.000 0.004 0.018 0.002 0.001 0.001 0.000 0.003 0.001 0.001 0.010 0.001 0.001 0.001 0.002 0.023 0.485 0.001 0.745 0.002 0.001 0.016 0.022 0.000 0.028 0.000 0.001 0.001 0.003 0.003 0.002 
36 accordion_vis 30 0.004 0.026 0.001 0.001 0.001 0.995 0.001 0.001 0.994 0.003 0.001 0.245 0.059 0.001 0.064 0.001 0.000 0.001 0.017 0.003 0.000 0.000 0.001 0.001 0.001 0.001 0.000 0.002 0.000 0.002 0.000 0.004 0.002 0.001 0.002 0.001 0.004 0.002 0.001 0.001 0.001 0.001 0.001 0.001 0.001 0.048 0.880 0.006 0.806 0.051 0.025 0.096 0.000 0.004 0.002 0.007 0.005 0.001 
37 cello_vis 30 0.004 0.003 0.001 0.001 0.001 0.995 0.004 0.001 0.991 0.003 0.001 0.001 0.006 0.001 0.019 0.001 0.001 0.000 0.004 0.001 0.000 0.000 0.001 0.001 0.002 0.001 0.001 0.001 0.000 0.001 0.000 0.001 0.001 0.000 0.015 0.001 0.016 0.007 0.001 0.001 0.001 0.001 0.001 0.007 0.001 0.002 0.006 0.001 0.869 0.018 0.014 0.029 0.000 0.002 0.002 0.001 0.011 0.001 
38 flute_vis 30 0.005 0.003 0.001 0.001 0.001 0.995 0.005 0.002 0.993 0.002 0.001 0.001 0.007 0.001 0.028 0.001 0.001 0.001 0.006 0.001 0.000 0.000 0.001 0.001 0.002 0.001 0.001 0.002 0.000 0.001 0.000 0.001 0.001 0.000 0.018 0.001 0.005 0.007 0.001 0.001 0.001 0.001 0.001 0.005 0.001 0.003 0.010 0.001 0.912 0.041 0.020 0.031 0.000 0.002 0.001 0.001 0.012 0.001 
39 guitar_vis 30 0.002 0.009 0.001 0.001 0.001 0.995 0.002 0.002 0.993 0.004 0.001 0.002 0.031 0.001 0.071 0.000 0.001 0.001 0.039 0.001 0.000 0.000 0.001 0.001 0.002 0.001 0.001 0.003 0.000 0.007 0.000 0.001 0.001 0.000 0.012 0.001 0.007 0.004 0.001 0.001 0.001 0.002 0.001 0.002 0.001 0.016 0.680 0.001 0.830 0.941 0.002 0.139 0.000 0.005 0.002 0.014 0.007 0.002 
40 piano_vis 30 0.007 0.014 0.001 0.001 0.001 0.994 0.001 0.001 0.994 0.001 0.000 0.022 0.019 0.000 0.015 0.001 0.000 0.000 0.022 0.003 0.000 0.000 0.001 0.001 0.001 0.001 0.000 0.000 0.000 0.001 0.000 0.001 0.001 0.002 0.001 0.001 0.007 0.001 0.001 0.001 0.001 0.001 0.001 0.001 0.001 0.002 0.607 0.002 0.116 0.050 0.079 0.060 0.001 0.001 0.001 0.002 0.002 0.001 
41 trumpet_vis 30 0.004 0.001 0.001 0.001 0.001 0.995 0.001 0.963 0.016 0.002 0.001 0.000 0.000 0.002 0.000 0.001 0.000 0.001 0.001 0.001 0.001 0.000 0.000 0.002 0.001 0.000 0.003 0.000 0.009 0.031 0.002 0.001 0.001 0.000 0.001 0.001 0.001 0.009 0.001 0.001 0.001 0.004 0.024 0.301 0.001 0.863 0.002 0.002 0.008 0.011 0.000 0.029 0.000 0.001 0.002 0.006 0.002 0.001 
42 fork_vis 30 0.002 0.001 0.002 0.001 0.001 0.984 0.002 0.003 0.031 0.907 0.001 0.000 0.001 0.001 0.000 0.000 0.032 0.001 0.002 0.001 0.004 0.001 0.024 0.001 0.004 0.000 0.001 0.001 0.000 0.000 0.001 0.000 0.004 0.000 0.009 0.001 0.001 0.001 0.002 0.001 0.001 0.002 0.001 0.001 0.002 0.002 0.002 0.001 0.002 0.015 0.001 0.001 0.002 0.048 0.012 0.007 0.031 0.583 
43 spoon_vis 30 0.001 0.001 0.002 0.001 0.001 0.996 0.001 0.004 0.024 0.942 0.001 0.000 0.001 0.000 0.000 0.000 0.012 0.002 0.007 0.001 0.000 0.001 0.003 0.001 0.001 0.000 0.001 0.000 0.000 0.001 0.000 0.000 0.005 0.000 0.003 0.000 0.004 0.002 0.002 0.001 0.001 0.003 0.000 0.001 0.001 0.012 0.012 0.001 0.004 0.029 0.000 0.001 0.001 0.061 0.001 0.058 0.848 0.010 
44 tongs_vis 30 0.001 0.001 0.001 0.003 0.001 0.995 0.006 0.019 0.987 0.007 0.003 0.000 0.010 0.001 0.001 0.000 0.002 0.000 0.002 0.001 0.000 0.000 0.001 0.001 0.034 0.001 0.002 0.005 0.000 0.002 0.000 0.000 0.001 0.000 0.027 0.001 0.001 0.005 0.001 0.001 0.001 0.171 0.001 0.002 0.001 0.005 0.032 0.001 0.005 0.903 0.000 0.001 0.000 0.045 0.005 0.047 0.003 0.006 
45 ladle_vis 30 0.001 0.001 0.002 0.001 0.001 0.996 0.001 0.004 0.021 0.963 0.001 0.000 0.001 0.000 0.000 0.000 0.007 0.002 0.008 0.001 0.000 0.001 0.003 0.001 0.001 0.000 0.001 0.000 0.000 0.001 0.000 0.000 0.005 0.000 0.002 0.000 0.002 0.002 0.002 0.001 0.001 0.003 0.000 0.001 0.001 0.009 0.013 0.001 0.003 0.019 0.000 0.001 0.002 0.167 0.001 0.066 0.688 0.013 
46 knife_vis 30 0.001 0.002 0.001 0.002 0.001 0.996 0.019 0.035 0.993 0.004 0.005 0.000 0.029 0.001 0.000 0.000 0.006 0.000 0.002 0.000 0.000 0.000 0.001 0.001 0.025 0.000 0.001 0.001 0.000 0.012 0.000 0.000 0.001 0.000 0.092 0.000 0.016 0.033 0.002 0.001 0.001 0.025 0.000 0.004 0.001 0.072 0.286 0.001 0.048 0.990 0.000 0.001 0.000 0.014 0.002 0.215 0.014 0.004 
47 chopsticks_vis 30 0.001 0.001 0.001 0.004 0.001 0.996 0.002 0.008 0.987 0.010 0.005 0.000 0.007 0.000 0.001 0.000 0.001 0.000 0.002 0.001 0.000 0.000 0.001 0.001 0.012 0.001 0.002 0.005 0.000 0.001 0.000 0.000 0.001 0.000 0.004 0.001 0.001 0.002 0.002 0.001 0.001 0.617 0.001 0.001 0.001 0.002 0.013 0.001 0.002 0.908 0.000 0.001 0.000 0.116 0.004 0.012 0.003 0.008 
