0 beaver_vis 30 0.996 0.992 0.010 0.025 0.001 0.002 0.001 0.001 0.002 0.008 0.613 0.005 0.265 0.001 0.343 0.834 0.013 0.005 0.007 0.032 0.008 0.006 0.008 0.000 0.023 0.001 0.006 0.000 0.001 0.000 0.001 0.001 0.001 0.001 0.001 0.002 0.000 0.001 0.002 0.002 0.002 0.006 0.003 0.001 0.004 0.002 0.002 0.016 0.001 0.001 0.002 0.002 0.001 0.005 0.020 0.002 0.001 0.257 
1 bear_vis 30 0.995 0.984 0.001 0.006 0.002 0.003 0.001 0.001 0.003 0.001 0.039 0.010 0.020 0.065 0.092 0.079 0.003 0.001 0.005 0.000 0.001 0.004 0.002 0.001 0.001 0.001 0.001 0.002 0.001 0.001 0.005 0.001 0.001 0.001 0.001 0.003 0.001 0.001 0.003 0.003 0.001 0.004 0.001 0.001 0.001 0.001 0.002 0.001 0.001 0.001 0.001 0.001 0.001 0.002 0.001 0.001 0.001 0.015 
2 sheep_vis 30 0.996 0.985 0.008 0.009 0.001 0.001 0.001 0.001 0.001 0.001 0.084 0.002 0.038 0.027 0.919 0.030 0.067 0.002 0.001 0.001 0.024 0.006 0.009 0.000 0.020 0.000 0.001 0.001 0.001 0.000 0.004 0.000 0.000 0.001 0.001 0.002 0.000 0.001 0.001 0.009 0.001 0.011 0.003 0.002 0.001 0.001 0.001 0.020 0.001 0.001 0.005 0.002 0.002 0.001 0.000 0.001 0.001 0.076 
3 buffalo_vis 30 0.996 0.979 0.001 0.007 0.006 0.002 0.001 0.001 0.001 0.001 0.004 0.003 0.004 0.932 0.094 0.028 0.001 0.001 0.001 0.000 0.006 0.004 0.002 0.002 0.003 0.000 0.001 0.127 0.003 0.001 0.040 0.000 0.001 0.001 0.001 0.001 0.000 0.001 0.003 0.026 0.001 0.003 0.001 0.001 0.001 0.001 0.001 0.002 0.001 0.001 0.003 0.002 0.003 0.001 0.000 0.000 0.000 0.003 
4 poodle_vis 30 0.995 0.976 0.006 0.005 0.001 0.002 0.001 0.001 0.002 0.001 0.046 0.001 0.008 0.070 0.936 0.009 0.075 0.001 0.001 0.001 0.026 0.004 0.011 0.000 0.009 0.000 0.001 0.002 0.001 0.001 0.003 0.000 0.001 0.001 0.001 0.001 0.001 0.001 0.002 0.005 0.001 0.035 0.002 0.002 0.001 0.001 0.001 0.007 0.001 0.001 0.010 0.002 0.003 0.001 0.000 0.001 0.001 0.042 
5 giraffe_vis 30 0.995 0.894 0.001 0.180 0.001 0.002 0.002 0.001 0.002 0.001 0.003 0.002 0.003 0.851 0.080 0.009 0.002 0.001 0.001 0.000 0.003 0.004 0.002 0.012 0.004 0.001 0.002 0.566 0.001 0.001 0.011 0.000 0.001 0.001 0.004 0.002 0.001 0.001 0.009 0.021 0.002 0.004 0.002 0.001 0.001 0.001 0.001 0.001 0.001 0.001 0.003 0.002 0.003 0.001 0.000 0.001 0.000 0.001 
6 robin_vis 30 0.996 0.976 0.015 0.006 0.001 0.002 0.001 0.001 0.002 0.001 0.148 0.002 0.009 0.022 0.865 0.005 0.025 0.001 0.001 0.001 0.054 0.007 0.009 0.000 0.009 0.000 0.001 0.001 0.001 0.000 0.002 0.000 0.001 0.001 0.001 0.001 0.000 0.001 0.001 0.006 0.001 0.010 0.002 0.002 0.001 0.001 0.001 0.010 0.001 0.001 0.007 0.002 0.003 0.001 0.000 0.001 0.001 0.030 
7 swan_vis 30 0.996 0.972 0.050 0.007 0.001 0.002 0.001 0.001 0.002 0.002 0.469 0.010 0.052 0.001 0.118 0.009 0.005 0.005 0.006 0.007 0.042 0.009 0.006 0.000 0.007 0.001 0.001 0.001 0.001 0.000 0.001 0.001 0.001 0.001 0.001 0.003 0.000 0.001 0.001 0.003 0.001 0.002 0.001 0.002 0.001 0.001 0.001 0.003 0.001 0.001 0.001 0.002 0.001 0.001 0.001 0.001 0.001 0.018 
8 woodpecker_vis 30 0.995 0.977 0.050 0.007 0.001 0.006 0.001 0.001 0.002 0.002 0.272 0.022 0.639 0.000 0.004 0.015 0.003 0.010 0.708 0.004 0.002 0.009 0.006 0.000 0.003 0.001 0.001 0.000 0.001 0.000 0.001 0.001 0.001 0.001 0.001 0.033 0.002 0.003 0.002 0.001 0.001 0.003 0.001 0.012 0.002 0.001 0.006 0.001 0.003 0.005 0.001 0.001 0.001 0.005 0.002 0.002 0.006 0.013 
9 peacock_vis 30 0.994 0.004 0.986 0.005 0.003 0.010 0.001 0.001 0.003 0.012 0.003 0.001 0.001 0.000 0.001 0.001 0.176 0.004 0.853 0.012 0.012 0.019 0.023 0.000 0.002 0.001 0.001 0.000 0.001 0.001 0.002 0.001 0.004 0.002 0.001 0.008 0.036 0.001 0.001 0.001 0.001 0.006 0.001 0.052 0.002 0.001 0.002 0.001 0.003 0.002 0.001 0.001 0.001 0.005 0.001 0.006 0.025 0.001 
10 crow_vis 30 0.995 0.964 0.041 0.007 0.001 0.002 0.001 0.001 0.001 0.025 0.959 0.022 0.002 0.004 0.057 0.009 0.001 0.002 0.007 0.044 0.088 0.005 0.005 0.000 0.003 0.003 0.001 0.001 0.003 0.000 0.001 0.001 0.001 0.001 0.000 0.001 0.000 0.001 0.001 0.001 0.003 0.002 0.002 0.001 0.002 0.001 0.001 0.002 0.001 0.001 0.001 0.004 0.002 0.001 0.001 0.003 0.000 0.021 
11 eagle_vis 30 0.995 0.957 0.020 0.005 0.001 0.004 0.001 0.001 0.002 0.002 0.197 0.001 0.003 0.013 0.781 0.003 0.018 0.001 0.006 0.001 0.047 0.005 0.017 0.000 0.004 0.000 0.001 0.001 0.001 0.001 0.001 0.000 0.001 0.001 0.001 0.001 0.001 0.001 0.004 0.002 0.001 0.041 0.002 0.002 0.001 0.001 0.001 0.003 0.001 0.001 0.006 0.001 0.001 0.002 0.001 0.007 0.001 0.023 
12 tuna_vis 30 0.298 0.002 0.001 0.896 0.001 0.817 0.008 0.008 0.001 0.019 0.001 0.001 0.001 0.000 0.014 0.001 0.001 0.001 0.030 0.002 0.013 0.001 0.963 0.011 0.012 0.004 0.002 0.002 0.000 0.001 0.009 0.000 0.007 0.003 0.014 0.001 0.049 0.001 0.015 0.001 0.001 0.024 0.000 0.001 0.005 0.002 0.001 0.001 0.000 0.001 0.001 0.001 0.001 0.009 0.001 0.002 0.001 0.001 
13 goldfish_vis 30 0.984 0.004 0.001 0.979 0.003 0.003 0.024 0.014 0.001 0.002 0.001 0.001 0.001 0.024 0.007 0.001 0.003 0.001 0.024 0.000 0.009 0.001 0.857 0.560 0.033 0.014 0.006 0.046 0.001 0.006 0.035 0.000 0.017 0.022 0.004 0.036 0.035 0.001 0.069 0.002 0.011 0.004 0.022 0.004 0.005 0.001 0.001 0.001 0.000 0.000 0.002 0.001 0.001 0.001 0.004 0.001 0.000 0.001 
14 salmon_vis 30 0.996 0.632 0.001 0.834 0.001 0.002 0.008 0.004 0.001 0.001 0.006 0.001 0.009 0.076 0.339 0.001 0.002 0.001 0.001 0.000 0.023 0.002 0.011 0.002 0.378 0.001 0.002 0.388 0.001 0.001 0.001 0.000 0.000 0.001 0.006 0.004 0.001 0.001 0.003 0.016 0.009 0.001 0.027 0.017 0.001 0.005 0.001 0.001 0.000 0.000 0.001 0.001 0.001 0.001 0.000 0.000 0.000 0.001 
15 sardine_vis 30 0.996 0.013 0.001 0.977 0.005 0.002 0.003 0.004 0.001 0.001 0.001 0.001 0.001 0.002 0.001 0.017 0.001 0.001 0.014 0.000 0.001 0.001 0.002 0.062 0.015 0.134 0.690 0.054 0.002 0.001 0.004 0.004 0.001 0.002 0.001 0.011 0.001 0.001 0.020 0.001 0.059 0.001 0.013 0.001 0.003 0.001 0.001 0.001 0.000 0.000 0.001 0.001 0.001 0.001 0.042 0.000 0.000 0.001 
16 catfish_vis 30 0.921 0.002 0.001 0.959 0.001 0.003 0.006 0.004 0.001 0.005 0.001 0.001 0.001 0.001 0.027 0.001 0.008 0.001 0.034 0.001 0.027 0.001 0.970 0.105 0.079 0.004 0.002 0.006 0.001 0.001 0.011 0.000 0.003 0.006 0.002 0.014 0.032 0.001 0.005 0.001 0.002 0.001 0.008 0.001 0.004 0.001 0.002 0.001 0.000 0.000 0.005 0.001 0.001 0.001 0.002 0.001 0.000 0.001 
17 cod_vis 30 0.995 0.020 0.001 0.926 0.007 0.002 0.012 0.002 0.001 0.001 0.001 0.001 0.001 0.081 0.003 0.001 0.001 0.001 0.001 0.000 0.002 0.001 0.003 0.077 0.081 0.003 0.048 0.975 0.002 0.003 0.040 0.000 0.001 0.001 0.022 0.002 0.002 0.001 0.021 0.009 0.005 0.001 0.006 0.005 0.001 0.001 0.001 0.001 0.000 0.000 0.001 0.001 0.001 0.001 0.000 0.000 0.000 0.001 
18 turtle_vis 30 0.993 0.029 0.001 0.008 0.965 0.004 0.001 0.001 0.004 0.003 0.000 0.002 0.001 0.204 0.001 0.022 0.007 0.001 0.002 0.000 0.001 0.002 0.003 0.236 0.001 0.001 0.005 0.029 0.013 0.436 0.745 0.009 0.062 0.050 0.003 0.009 0.004 0.001 0.024 0.086 0.005 0.013 0.002 0.001 0.002 0.001 0.001 0.005 0.005 0.001 0.070 0.003 0.019 0.001 0.003 0.001 0.002 0.022 
19 rattlesnake_vis 30 0.979 0.020 0.001 0.002 0.961 0.004 0.002 0.001 0.007 0.007 0.000 0.003 0.001 0.214 0.001 0.012 0.004 0.001 0.001 0.000 0.001 0.002 0.001 0.158 0.001 0.001 0.006 0.034 0.015 0.865 0.267 0.017 0.072 0.018 0.009 0.024 0.007 0.001 0.060 0.102 0.009 0.018 0.006 0.001 0.003 0.001 0.001 0.010 0.015 0.001 0.111 0.003 0.032 0.002 0.019 0.002 0.004 0.038 
20 crab_vis 30 0.995 0.009 0.002 0.011 0.989 0.003 0.001 0.001 0.002 0.007 0.001 0.052 0.000 0.046 0.001 0.001 0.001 0.002 0.001 0.001 0.008 0.001 0.015 0.110 0.000 0.117 0.001 0.001 0.125 0.016 0.379 0.008 0.949 0.012 0.001 0.004 0.001 0.001 0.006 0.059 0.015 0.003 0.001 0.001 0.002 0.001 0.001 0.002 0.001 0.001 0.013 0.001 0.012 0.003 0.001 0.001 0.002 0.015 
21 frog_vis 30 0.996 0.014 0.007 0.009 0.953 0.002 0.001 0.001 0.002 0.001 0.001 0.001 0.001 0.008 0.002 0.005 0.036 0.002 0.013 0.000 0.004 0.004 0.002 0.001 0.001 0.001 0.006 0.029 0.050 0.009 0.199 0.004 0.001 0.341 0.001 0.001 0.000 0.008 0.001 0.001 0.006 0.003 0.000 0.001 0.001 0.001 0.001 0.001 0.004 0.001 0.001 0.005 0.002 0.001 0.000 0.008 0.001 0.005 
22 gecko_vis 30 0.995 0.007 0.002 0.007 0.989 0.003 0.001 0.001 0.002 0.006 0.001 0.036 0.000 0.023 0.001 0.001 0.001 0.001 0.002 0.001 0.002 0.001 0.010 0.071 0.000 0.066 0.001 0.001 0.050 0.023 0.119 0.012 0.945 0.027 0.001 0.003 0.001 0.001 0.008 0.018 0.008 0.004 0.001 0.001 0.002 0.001 0.001 0.001 0.003 0.000 0.019 0.001 0.007 0.003 0.001 0.002 0.002 0.005 
23 crocodile_vis 30 0.993 0.039 0.003 0.035 0.972 0.007 0.001 0.001 0.004 0.013 0.001 0.002 0.001 0.247 0.005 0.072 0.008 0.008 0.002 0.001 0.005 0.002 0.059 0.399 0.001 0.001 0.004 0.004 0.043 0.261 0.938 0.003 0.070 0.170 0.001 0.011 0.001 0.001 0.006 0.101 0.017 0.008 0.000 0.001 0.002 0.001 0.001 0.015 0.002 0.001 0.011 0.004 0.021 0.004 0.001 0.009 0.004 0.200 
24 axe_vis 30 0.002 0.001 0.001 0.003 0.001 0.995 0.994 0.004 0.001 0.002 0.000 0.003 0.005 0.002 0.000 0.000 0.001 0.001 0.006 0.000 0.000 0.002 0.004 0.007 0.002 0.001 0.001 0.010 0.000 0.001 0.000 0.000 0.001 0.001 0.127 0.002 0.933 0.002 0.054 0.003 0.001 0.001 0.000 0.005 0.001 0.001 0.004 0.000 0.001 0.001 0.000 0.000 0.001 0.002 0.003 0.000 0.040 0.001 
25 hammer_vis 30 0.005 0.052 0.001 0.005 0.001 0.987 0.985 0.002 0.002 0.005 0.006 0.006 0.081 0.010 0.002 0.000 0.001 0.012 0.001 0.000 0.000 0.000 0.015 0.008 0.021 0.001 0.001 0.001 0.000 0.002 0.000 0.000 0.001 0.001 0.001 0.985 0.008 0.071 0.002 0.113 0.027 0.001 0.001 0.003 0.001 0.001 0.059 0.020 0.003 0.001 0.000 0.000 0.001 0.001 0.002 0.000 0.006 0.023 
26 screwdriver_vis 30 0.002 0.001 0.001 0.004 0.001 0.995 0.994 0.004 0.001 0.002 0.000 0.002 0.005 0.001 0.000 0.000 0.001 0.001 0.007 0.000 0.000 0.003 0.005 0.006 0.002 0.001 0.001 0.010 0.000 0.002 0.000 0.000 0.001 0.001 0.095 0.002 0.942 0.001 0.056 0.003 0.001 0.001 0.000 0.003 0.001 0.001 0.006 0.000 0.001 0.001 0.001 0.000 0.001 0.002 0.002 0.000 0.042 0.001 
27 chisel_vis 30 0.001 0.001 0.001 0.003 0.001 0.996 0.982 0.004 0.001 0.022 0.000 0.001 0.003 0.000 0.000 0.000 0.001 0.001 0.016 0.000 0.000 0.001 0.012 0.001 0.004 0.000 0.001 0.001 0.000 0.001 0.000 0.000 0.001 0.001 0.009 0.010 0.938 0.003 0.006 0.016 0.001 0.001 0.000 0.006 0.000 0.001 0.002 0.000 0.001 0.002 0.000 0.000 0.001 0.001 0.004 0.001 0.033 0.001 
28 saw_vis 30 0.023 0.135 0.001 0.015 0.001 0.954 0.994 0.081 0.001 0.002 0.002 0.010 0.015 0.130 0.003 0.001 0.001 0.001 0.002 0.000 0.000 0.001 0.013 0.044 0.003 0.001 0.002 0.018 0.000 0.017 0.000 0.000 0.003 0.001 0.077 0.005 0.212 0.001 0.945 0.027 0.005 0.176 0.001 0.012 0.004 0.001 0.003 0.001 0.001 0.002 0.001 0.000 0.003 0.002 0.001 0.004 0.014 0.001 
29 drill_vis 30 0.012 0.224 0.001 0.013 0.001 0.994 0.995 0.004 0.001 0.002 0.007 0.125 0.137 0.186 0.003 0.000 0.000 0.001 0.001 0.000 0.000 0.002 0.009 0.035 0.010 0.001 0.002 0.005 0.001 0.010 0.000 0.000 0.001 0.001 0.003 0.102 0.007 0.035 0.920 0.893 0.070 0.003 0.000 0.008 0.001 0.001 0.005 0.001 0.001 0.004 0.000 0.000 0.003 0.001 0.001 0.004 0.180 0.036 
30 clamp_vis 30 0.001 0.001 0.001 0.003 0.001 0.996 0.008 0.994 0.001 0.001 0.000 0.001 0.000 0.000 0.000 0.000 0.001 0.001 0.032 0.000 0.000 0.000 0.004 0.000 0.001 0.001 0.001 0.001 0.000 0.001 0.000 0.000 0.001 0.002 0.002 0.001 0.008 0.059 0.001 0.006 0.053 0.095 0.005 0.988 0.001 0.033 0.001 0.001 0.086 0.102 0.001 0.001 0.000 0.001 0.001 0.007 0.000 0.001 
31 hoe_vis 30 0.001 0.001 0.001 0.008 0.001 0.996 0.002 0.994 0.001 0.002 0.000 0.001 0.000 0.000 0.001 0.000 0.001 0.000 0.002 0.001 0.001 0.000 0.082 0.001 0.004 0.001 0.001 0.002 0.000 0.001 0.000 0.000 0.003 0.001 0.001 0.000 0.043 0.001 0.020 0.000 0.005 0.949 0.001 0.021 0.065 0.009 0.001 0.000 0.001 0.004 0.008 0.001 0.001 0.001 0.001 0.008 0.000 0.001 
32 rake_vis 30 0.001 0.001 0.001 0.005 0.001 0.996 0.002 0.995 0.001 0.001 0.000 0.001 0.000 0.000 0.001 0.000 0.001 0.001 0.002 0.001 0.001 0.000 0.018 0.000 0.001 0.001 0.001 0.001 0.000 0.001 0.000 0.000 0.005 0.001 0.001 0.001 0.057 0.001 0.007 0.011 0.137 0.890 0.034 0.459 0.008 0.015 0.001 0.001 0.001 0.001 0.001 0.001 0.001 0.001 0.001 0.004 0.000 0.001 
33 shovel_vis 30 0.001 0.001 0.001 0.002 0.001 0.996 0.009 0.992 0.002 0.001 0.000 0.001 0.000 0.000 0.000 0.000 0.001 0.000 0.033 0.000 0.000 0.000 0.006 0.000 0.001 0.000 0.001 0.000 0.000 0.000 0.000 0.000 0.001 0.002 0.002 0.001 0.008 0.023 0.003 0.002 0.015 0.069 0.002 0.976 0.001 0.030 0.001 0.000 0.034 0.112 0.000 0.001 0.000 0.001 0.001 0.011 0.001 0.001 
34 spade_vis 30 0.002 0.001 0.001 0.045 0.001 0.995 0.004 0.994 0.002 0.001 0.001 0.001 0.000 0.000 0.001 0.000 0.001 0.001 0.003 0.001 0.002 0.000 0.079 0.001 0.009 0.002 0.002 0.002 0.000 0.001 0.000 0.000 0.006 0.001 0.001 0.001 0.035 0.001 0.221 0.000 0.037 0.891 0.007 0.140 0.494 0.019 0.002 0.001 0.001 0.004 0.012 0.001 0.001 0.001 0.001 0.012 0.000 0.001 
35 wrench_vis 30 0.001 0.001 0.001 0.001 0.001 0.996 0.005 0.989 0.005 0.001 0.000 0.001 0.000 0.000 0.000 0.000 0.001 0.001 0.030 0.001 0.000 0.000 0.005 0.000 0.001 0.000 0.001 0.000 0.000 0.000 0.000 0.001 0.001 0.003 0.002 0.001 0.009 0.025 0.001 0.002 0.012 0.044 0.002 0.971 0.001 0.028 0.001 0.000 0.043 0.110 0.001 0.002 0.000 0.001 0.001 0.008 0.001 0.001 
36 accordion_vis 30 0.003 0.003 0.007 0.001 0.009 0.996 0.032 0.004 0.494 0.005 0.000 0.021 0.024 0.001 0.001 0.001 0.008 0.001 0.003 0.001 0.000 0.024 0.002 0.001 0.001 0.000 0.003 0.001 0.000 0.014 0.010 0.002 0.005 0.001 0.021 0.001 0.573 0.001 0.001 0.001 0.001 0.022 0.000 0.002 0.002 0.001 0.126 0.001 0.003 0.235 0.003 0.001 0.013 0.214 0.002 0.001 0.321 0.001 
37 cello_vis 30 0.002 0.002 0.008 0.001 0.003 0.996 0.001 0.011 0.986 0.002 0.000 0.032 0.009 0.000 0.001 0.001 0.007 0.001 0.007 0.001 0.000 0.007 0.002 0.000 0.001 0.000 0.012 0.000 0.000 0.001 0.000 0.027 0.001 0.035 0.013 0.001 0.013 0.001 0.001 0.000 0.001 0.023 0.001 0.010 0.003 0.009 0.103 0.001 0.054 0.945 0.002 0.005 0.001 0.004 0.001 0.001 0.008 0.001 
38 flute_vis 30 0.001 0.001 0.001 0.001 0.001 0.996 0.978 0.004 0.002 0.007 0.000 0.001 0.002 0.000 0.000 0.000 0.001 0.001 0.011 0.000 0.000 0.001 0.004 0.000 0.001 0.000 0.001 0.001 0.000 0.001 0.000 0.000 0.001 0.002 0.164 0.002 0.032 0.714 0.002 0.002 0.001 0.002 0.000 0.014 0.001 0.002 0.002 0.000 0.007 0.006 0.000 0.001 0.001 0.001 0.002 0.002 0.018 0.001 
39 guitar_vis 30 0.001 0.001 0.009 0.001 0.001 0.996 0.002 0.047 0.910 0.010 0.000 0.001 0.001 0.000 0.000 0.000 0.012 0.001 0.314 0.001 0.000 0.003 0.011 0.000 0.000 0.000 0.001 0.000 0.000 0.001 0.000 0.001 0.001 0.009 0.001 0.001 0.002 0.001 0.001 0.000 0.001 0.309 0.000 0.011 0.001 0.003 0.024 0.000 0.008 0.978 0.001 0.008 0.001 0.007 0.001 0.025 0.023 0.001 
40 piano_vis 30 0.004 0.003 0.007 0.001 0.004 0.993 0.001 0.004 0.992 0.002 0.000 0.082 0.006 0.003 0.001 0.001 0.010 0.001 0.002 0.001 0.000 0.026 0.002 0.002 0.001 0.000 0.002 0.002 0.001 0.004 0.004 0.005 0.003 0.006 0.001 0.005 0.050 0.001 0.001 0.000 0.001 0.004 0.002 0.010 0.004 0.001 0.353 0.006 0.125 0.381 0.048 0.005 0.004 0.002 0.001 0.000 0.005 0.001 
41 trumpet_vis 30 0.002 0.001 0.004 0.001 0.001 0.996 0.001 0.034 0.643 0.003 0.001 0.001 0.000 0.000 0.011 0.001 0.004 0.001 0.001 0.001 0.005 0.001 0.011 0.000 0.001 0.000 0.003 0.000 0.006 0.001 0.000 0.001 0.001 0.008 0.001 0.001 0.000 0.001 0.001 0.000 0.004 0.031 0.001 0.002 0.003 0.458 0.002 0.001 0.001 0.100 0.002 0.767 0.286 0.001 0.001 0.091 0.000 0.001 
42 fork_vis 30 0.005 0.006 0.011 0.001 0.014 0.995 0.005 0.001 0.002 0.993 0.072 0.012 0.001 0.000 0.001 0.004 0.001 0.001 0.009 0.148 0.004 0.001 0.020 0.000 0.000 0.001 0.009 0.000 0.003 0.004 0.001 0.022 0.006 0.019 0.011 0.001 0.001 0.024 0.010 0.001 0.002 0.009 0.000 0.000 0.009 0.070 0.001 0.001 0.001 0.049 0.002 0.033 0.013 0.414 0.004 0.951 0.024 0.023 
43 spoon_vis 30 0.003 0.002 0.016 0.001 0.009 0.996 0.004 0.001 0.002 0.995 0.131 0.024 0.001 0.000 0.001 0.002 0.001 0.002 0.008 0.254 0.004 0.001 0.016 0.000 0.000 0.002 0.007 0.000 0.002 0.002 0.000 0.045 0.007 0.006 0.007 0.001 0.001 0.011 0.004 0.001 0.001 0.003 0.000 0.001 0.014 0.053 0.001 0.000 0.001 0.026 0.001 0.014 0.007 0.606 0.004 0.917 0.023 0.012 
44 tongs_vis 30 0.002 0.015 0.001 0.003 0.001 0.996 0.991 0.002 0.001 0.037 0.002 0.022 0.087 0.000 0.000 0.000 0.001 0.001 0.006 0.000 0.000 0.001 0.009 0.001 0.003 0.001 0.002 0.000 0.000 0.001 0.000 0.001 0.001 0.001 0.022 0.003 0.408 0.002 0.017 0.003 0.001 0.001 0.000 0.001 0.001 0.001 0.004 0.001 0.001 0.003 0.001 0.000 0.001 0.024 0.007 0.001 0.032 0.001 
45 ladle_vis 30 0.004 0.001 0.028 0.001 0.036 0.996 0.002 0.003 0.001 0.993 0.054 0.017 0.000 0.000 0.001 0.000 0.001 0.001 0.004 0.007 0.066 0.001 0.032 0.000 0.000 0.001 0.001 0.000 0.049 0.002 0.000 0.001 0.038 0.005 0.002 0.000 0.001 0.025 0.005 0.001 0.005 0.012 0.000 0.001 0.001 0.013 0.000 0.000 0.001 0.015 0.001 0.087 0.022 0.010 0.001 0.990 0.049 0.009 
46 knife_vis 30 0.004 0.002 0.046 0.001 0.082 0.996 0.006 0.001 0.004 0.988 0.031 0.026 0.001 0.000 0.002 0.000 0.002 0.001 0.006 0.001 0.157 0.004 0.040 0.000 0.000 0.001 0.001 0.000 0.237 0.003 0.000 0.001 0.042 0.006 0.002 0.001 0.001 0.132 0.005 0.001 0.019 0.007 0.000 0.001 0.001 0.004 0.001 0.000 0.001 0.028 0.000 0.190 0.054 0.005 0.001 0.982 0.254 0.026 
47 chopsticks_vis 30 0.006 0.002 0.058 0.001 0.174 0.996 0.005 0.002 0.002 0.991 0.064 0.023 0.001 0.000 0.003 0.000 0.002 0.001 0.003 0.001 0.327 0.003 0.051 0.000 0.000 0.001 0.001 0.000 0.353 0.005 0.000 0.001 0.076 0.011 0.002 0.001 0.001 0.176 0.012 0.001 0.079 0.029 0.000 0.001 0.001 0.007 0.001 0.001 0.001 0.025 0.001 0.367 0.094 0.007 0.001 0.986 0.182 0.077 
