0 beaver_vis 30 0.996 0.991 0.002 0.040 0.001 0.001 0.102 0.000 0.000 0.000 0.053 0.977 0.132 0.002 0.002 0.043 0.000 0.001 0.001 0.080 0.001 0.010 0.000 0.000 0.004 0.000 0.212 0.000 0.000 0.001 0.001 0.000 0.000 0.000 0.001 0.000 0.000 0.000 0.004 0.007 0.000 0.000 0.001 0.000 0.000 0.000 0.000 0.000 0.002 0.000 0.000 0.000 0.000 0.000 0.000 0.000 0.000 0.025 
1 bear_vis 30 0.996 0.992 0.013 0.451 0.001 0.001 0.010 0.000 0.000 0.000 0.223 0.986 0.053 0.007 0.023 0.362 0.001 0.000 0.004 0.937 0.001 0.035 0.001 0.001 0.036 0.000 0.629 0.000 0.000 0.001 0.002 0.000 0.000 0.001 0.000 0.000 0.001 0.000 0.058 0.047 0.000 0.001 0.001 0.000 0.001 0.001 0.000 0.000 0.003 0.000 0.000 0.000 0.000 0.000 0.000 0.001 0.000 0.022 
2 sheep_vis 30 0.996 0.985 0.004 0.013 0.001 0.001 0.003 0.000 0.000 0.001 0.018 0.346 0.935 0.002 0.001 0.004 0.001 0.005 0.001 0.003 0.001 0.025 0.000 0.000 0.061 0.001 0.012 0.000 0.036 0.001 0.001 0.000 0.000 0.000 0.011 0.000 0.000 0.000 0.001 0.001 0.000 0.000 0.001 0.000 0.002 0.000 0.000 0.000 0.001 0.000 0.000 0.000 0.000 0.000 0.000 0.004 0.009 0.194 
3 buffalo_vis 30 0.996 0.988 0.002 0.043 0.001 0.001 0.016 0.000 0.000 0.000 0.021 0.979 0.033 0.004 0.003 0.063 0.000 0.000 0.001 0.532 0.001 0.007 0.000 0.000 0.006 0.000 0.121 0.000 0.000 0.001 0.001 0.000 0.000 0.000 0.000 0.000 0.000 0.001 0.018 0.023 0.000 0.001 0.001 0.000 0.000 0.000 0.000 0.000 0.001 0.000 0.000 0.000 0.000 0.000 0.000 0.000 0.000 0.018 
4 poodle_vis 30 0.996 0.987 0.003 0.058 0.001 0.001 0.019 0.000 0.000 0.000 0.022 0.975 0.032 0.003 0.003 0.062 0.000 0.000 0.001 0.523 0.001 0.007 0.000 0.000 0.007 0.000 0.148 0.000 0.000 0.001 0.001 0.000 0.000 0.000 0.000 0.000 0.000 0.001 0.022 0.025 0.000 0.001 0.001 0.000 0.000 0.000 0.000 0.000 0.001 0.000 0.000 0.000 0.000 0.000 0.000 0.000 0.000 0.017 
5 giraffe_vis 30 0.996 0.988 0.003 0.089 0.001 0.001 0.016 0.000 0.000 0.000 0.033 0.984 0.031 0.004 0.004 0.096 0.000 0.000 0.001 0.697 0.001 0.009 0.000 0.000 0.009 0.000 0.206 0.000 0.000 0.001 0.002 0.000 0.000 0.000 0.000 0.000 0.000 0.001 0.026 0.028 0.000 0.001 0.001 0.000 0.000 0.000 0.000 0.000 0.001 0.000 0.000 0.000 0.000 0.000 0.000 0.000 0.000 0.016 
6 robin_vis 30 0.996 0.079 0.705 0.012 0.001 0.001 0.014 0.000 0.000 0.000 0.003 0.014 0.003 0.001 0.001 0.019 0.001 0.009 0.021 0.217 0.001 0.544 0.009 0.000 0.000 0.000 0.036 0.000 0.001 0.001 0.001 0.000 0.000 0.001 0.000 0.000 0.000 0.000 0.044 0.000 0.000 0.000 0.001 0.000 0.000 0.000 0.000 0.000 0.000 0.000 0.000 0.000 0.000 0.000 0.000 0.000 0.000 0.000 
7 swan_vis 30 0.996 0.982 0.004 0.006 0.001 0.001 0.001 0.000 0.000 0.000 0.067 0.107 0.785 0.001 0.001 0.004 0.001 0.004 0.001 0.006 0.001 0.016 0.000 0.000 0.012 0.000 0.006 0.000 0.004 0.001 0.001 0.000 0.000 0.000 0.005 0.000 0.000 0.000 0.001 0.000 0.000 0.000 0.001 0.000 0.001 0.001 0.000 0.000 0.001 0.000 0.000 0.000 0.000 0.000 0.000 0.001 0.005 0.004 
8 woodpecker_vis 30 0.996 0.036 0.816 0.013 0.001 0.001 0.004 0.000 0.001 0.000 0.002 0.011 0.001 0.001 0.001 0.010 0.001 0.009 0.022 0.442 0.003 0.454 0.013 0.000 0.000 0.000 0.033 0.000 0.001 0.001 0.001 0.000 0.000 0.002 0.000 0.000 0.000 0.000 0.063 0.000 0.000 0.000 0.001 0.000 0.000 0.000 0.000 0.000 0.000 0.000 0.000 0.000 0.000 0.000 0.000 0.000 0.000 0.000 
9 peacock_vis 30 0.996 0.102 0.796 0.016 0.001 0.001 0.026 0.000 0.001 0.000 0.002 0.082 0.001 0.001 0.001 0.045 0.001 0.002 0.016 0.757 0.006 0.668 0.009 0.000 0.000 0.000 0.050 0.000 0.001 0.001 0.002 0.000 0.000 0.006 0.000 0.000 0.001 0.002 0.259 0.000 0.000 0.000 0.001 0.001 0.000 0.001 0.000 0.000 0.000 0.000 0.000 0.000 0.000 0.000 0.000 0.000 0.000 0.000 
10 crow_vis 30 0.996 0.021 0.985 0.000 0.012 0.001 0.000 0.000 0.002 0.000 0.003 0.002 0.009 0.002 0.000 0.273 0.003 0.522 0.001 0.028 0.885 0.779 0.001 0.000 0.000 0.000 0.001 0.000 0.018 0.001 0.007 0.002 0.007 0.004 0.000 0.000 0.001 0.015 0.000 0.000 0.000 0.000 0.001 0.000 0.000 0.003 0.001 0.001 0.001 0.618 0.001 0.000 0.001 0.003 0.000 0.000 0.032 0.000 
11 eagle_vis 30 0.996 0.019 0.922 0.032 0.001 0.001 0.001 0.000 0.001 0.000 0.002 0.013 0.003 0.001 0.001 0.006 0.002 0.018 0.028 0.525 0.003 0.612 0.055 0.000 0.001 0.000 0.032 0.000 0.001 0.001 0.001 0.000 0.000 0.002 0.000 0.000 0.000 0.001 0.109 0.000 0.000 0.000 0.001 0.000 0.001 0.001 0.000 0.000 0.000 0.000 0.000 0.000 0.000 0.000 0.000 0.000 0.000 0.000 
12 tuna_vis 30 0.996 0.952 0.001 0.057 0.002 0.001 0.003 0.000 0.000 0.000 0.052 0.088 0.324 0.001 0.001 0.023 0.000 0.001 0.001 0.002 0.001 0.007 0.001 0.002 0.025 0.001 0.034 0.001 0.003 0.001 0.001 0.000 0.000 0.001 0.002 0.000 0.000 0.000 0.001 0.000 0.000 0.000 0.001 0.000 0.000 0.000 0.000 0.000 0.001 0.000 0.000 0.000 0.000 0.000 0.000 0.000 0.000 0.001 
13 goldfish_vis 30 0.994 0.107 0.001 0.791 0.001 0.001 0.002 0.000 0.000 0.000 0.001 0.009 0.009 0.001 0.001 0.025 0.000 0.000 0.000 0.001 0.001 0.002 0.003 0.004 0.334 0.001 0.303 0.001 0.003 0.001 0.001 0.000 0.000 0.001 0.001 0.000 0.000 0.000 0.001 0.000 0.000 0.000 0.001 0.000 0.001 0.000 0.000 0.000 0.000 0.000 0.000 0.000 0.000 0.000 0.000 0.001 0.000 0.001 
14 salmon_vis 30 0.996 0.797 0.001 0.166 0.001 0.001 0.001 0.000 0.000 0.001 0.008 0.050 0.576 0.001 0.000 0.005 0.000 0.001 0.001 0.006 0.001 0.008 0.002 0.001 0.158 0.002 0.064 0.001 0.012 0.001 0.000 0.000 0.000 0.000 0.001 0.000 0.000 0.000 0.001 0.000 0.000 0.000 0.001 0.000 0.001 0.000 0.000 0.000 0.000 0.000 0.000 0.000 0.000 0.000 0.000 0.002 0.002 0.005 
15 sardine_vis 30 0.967 0.007 0.001 0.965 0.015 0.001 0.010 0.000 0.000 0.000 0.003 0.002 0.004 0.001 0.001 0.001 0.001 0.002 0.000 0.022 0.001 0.001 0.012 0.253 0.074 0.017 0.746 0.001 0.019 0.001 0.004 0.001 0.000 0.004 0.001 0.000 0.000 0.000 0.001 0.029 0.000 0.000 0.001 0.000 0.002 0.000 0.000 0.000 0.000 0.000 0.000 0.000 0.000 0.000 0.001 0.003 0.000 0.001 
16 catfish_vis 30 0.996 0.961 0.002 0.041 0.001 0.001 0.001 0.000 0.000 0.000 0.014 0.066 0.866 0.001 0.001 0.004 0.001 0.003 0.001 0.005 0.001 0.014 0.001 0.001 0.070 0.001 0.026 0.000 0.014 0.001 0.001 0.000 0.000 0.000 0.002 0.000 0.000 0.000 0.001 0.000 0.000 0.000 0.001 0.000 0.002 0.000 0.000 0.000 0.000 0.000 0.000 0.000 0.000 0.000 0.000 0.002 0.008 0.011 
17 cod_vis 30 0.991 0.017 0.001 0.974 0.018 0.001 0.015 0.000 0.000 0.000 0.009 0.001 0.004 0.001 0.002 0.001 0.001 0.001 0.000 0.003 0.001 0.001 0.023 0.258 0.450 0.029 0.217 0.002 0.033 0.001 0.001 0.001 0.001 0.002 0.001 0.000 0.000 0.000 0.005 0.005 0.000 0.000 0.001 0.000 0.002 0.000 0.000 0.000 0.000 0.000 0.000 0.000 0.000 0.000 0.001 0.002 0.000 0.000 
18 turtle_vis 30 0.982 0.007 0.001 0.971 0.022 0.001 0.006 0.000 0.000 0.000 0.019 0.002 0.005 0.001 0.006 0.001 0.003 0.002 0.001 0.001 0.001 0.001 0.009 0.769 0.031 0.018 0.059 0.002 0.015 0.002 0.003 0.000 0.000 0.001 0.001 0.010 0.000 0.000 0.001 0.031 0.000 0.000 0.003 0.000 0.001 0.000 0.000 0.000 0.000 0.000 0.000 0.000 0.001 0.000 0.001 0.002 0.000 0.001 
19 rattlesnake_vis 30 0.979 0.004 0.004 0.001 0.989 0.001 0.000 0.000 0.001 0.001 0.001 0.001 0.000 0.001 0.000 0.030 0.019 0.002 0.000 0.001 0.034 0.002 0.001 0.000 0.000 0.000 0.001 0.000 0.001 0.741 0.028 0.006 0.004 0.051 0.000 0.000 0.001 0.002 0.000 0.000 0.001 0.000 0.001 0.000 0.049 0.006 0.000 0.159 0.002 0.000 0.000 0.000 0.010 0.032 0.000 0.002 0.000 0.000 
20 crab_vis 30 0.991 0.046 0.001 0.016 0.981 0.001 0.001 0.000 0.003 0.000 0.001 0.001 0.028 0.019 0.001 0.001 0.001 0.029 0.000 0.001 0.001 0.001 0.003 0.026 0.035 0.105 0.009 0.001 0.957 0.001 0.073 0.022 0.086 0.021 0.001 0.000 0.000 0.000 0.000 0.000 0.001 0.000 0.001 0.000 0.012 0.000 0.001 0.027 0.001 0.000 0.000 0.000 0.000 0.001 0.001 0.001 0.002 0.000 
21 frog_vis 30 0.992 0.004 0.001 0.985 0.041 0.001 0.001 0.000 0.000 0.001 0.068 0.001 0.007 0.001 0.001 0.000 0.006 0.018 0.001 0.002 0.001 0.001 0.106 0.324 0.308 0.738 0.061 0.001 0.128 0.001 0.002 0.001 0.001 0.001 0.002 0.000 0.000 0.000 0.001 0.002 0.000 0.000 0.001 0.001 0.007 0.000 0.000 0.000 0.000 0.000 0.000 0.000 0.000 0.000 0.003 0.016 0.002 0.001 
22 gecko_vis 30 0.992 0.021 0.001 0.015 0.992 0.001 0.001 0.000 0.004 0.000 0.001 0.001 0.041 0.031 0.000 0.001 0.001 0.025 0.000 0.001 0.001 0.001 0.005 0.012 0.056 0.103 0.005 0.001 0.982 0.001 0.047 0.031 0.089 0.021 0.001 0.000 0.001 0.000 0.000 0.000 0.002 0.000 0.001 0.000 0.033 0.000 0.001 0.023 0.001 0.000 0.000 0.001 0.000 0.002 0.001 0.003 0.003 0.000 
23 crocodile_vis 30 0.992 0.023 0.001 0.017 0.990 0.001 0.001 0.000 0.004 0.000 0.001 0.001 0.038 0.031 0.001 0.001 0.001 0.026 0.001 0.001 0.001 0.001 0.005 0.017 0.057 0.095 0.010 0.000 0.984 0.001 0.055 0.021 0.088 0.027 0.001 0.000 0.000 0.000 0.000 0.000 0.001 0.000 0.001 0.000 0.029 0.000 0.001 0.023 0.001 0.000 0.000 0.001 0.000 0.002 0.001 0.002 0.002 0.000 
24 axe_vis 30 0.003 0.007 0.001 0.000 0.054 0.995 0.002 0.000 0.953 0.010 0.001 0.046 0.006 0.012 0.000 0.006 0.000 0.001 0.000 0.004 0.001 0.001 0.000 0.005 0.001 0.001 0.055 0.000 0.015 0.001 0.005 0.001 0.005 0.001 0.003 0.001 0.008 0.001 0.001 0.001 0.001 0.007 0.001 0.000 0.001 0.006 0.003 0.001 0.980 0.241 0.000 0.002 0.001 0.088 0.000 0.015 0.001 0.001 
25 hammer_vis 30 0.691 0.001 0.012 0.549 0.001 0.902 0.029 0.437 0.005 0.001 0.001 0.004 0.000 0.000 0.000 0.000 0.001 0.001 0.002 0.040 0.002 0.002 0.038 0.078 0.000 0.000 0.012 0.000 0.000 0.001 0.000 0.000 0.000 0.003 0.000 0.010 0.003 0.024 0.013 0.001 0.001 0.057 0.005 0.579 0.000 0.013 0.000 0.001 0.001 0.001 0.003 0.005 0.001 0.000 0.000 0.000 0.000 0.000 
26 screwdriver_vis 30 0.994 0.001 0.011 0.005 0.945 0.002 0.001 0.000 0.023 0.000 0.000 0.001 0.000 0.001 0.001 0.011 0.000 0.006 0.000 0.207 0.008 0.006 0.289 0.000 0.001 0.000 0.295 0.000 0.462 0.002 0.001 0.001 0.465 0.883 0.000 0.001 0.001 0.001 0.005 0.000 0.001 0.000 0.001 0.001 0.004 0.001 0.001 0.005 0.000 0.344 0.001 0.001 0.000 0.000 0.000 0.000 0.000 0.000 
27 chisel_vis 30 0.993 0.001 0.013 0.002 0.955 0.016 0.002 0.000 0.022 0.000 0.000 0.001 0.000 0.000 0.000 0.014 0.001 0.003 0.000 0.487 0.029 0.006 0.028 0.000 0.000 0.000 0.096 0.000 0.002 0.002 0.010 0.000 0.006 0.958 0.000 0.001 0.002 0.027 0.002 0.000 0.001 0.000 0.001 0.006 0.011 0.053 0.000 0.014 0.001 0.111 0.001 0.003 0.001 0.000 0.000 0.000 0.000 0.000 
28 saw_vis 30 0.951 0.001 0.002 0.889 0.005 0.037 0.108 0.001 0.002 0.001 0.001 0.002 0.000 0.000 0.001 0.003 0.001 0.005 0.001 0.029 0.001 0.002 0.088 0.001 0.000 0.001 0.708 0.000 0.000 0.001 0.001 0.000 0.000 0.049 0.000 0.006 0.001 0.026 0.038 0.002 0.001 0.001 0.001 0.002 0.001 0.001 0.000 0.001 0.000 0.000 0.000 0.001 0.001 0.000 0.000 0.000 0.000 0.000 
29 drill_vis 30 0.002 0.013 0.001 0.001 0.013 0.996 0.730 0.000 0.162 0.007 0.002 0.001 0.000 0.000 0.000 0.001 0.001 0.008 0.000 0.001 0.001 0.001 0.000 0.002 0.001 0.000 0.009 0.000 0.001 0.001 0.023 0.000 0.000 0.002 0.228 0.001 0.018 0.002 0.003 0.256 0.000 0.000 0.001 0.000 0.194 0.162 0.000 0.063 0.733 0.013 0.000 0.001 0.007 0.027 0.001 0.020 0.014 0.002 
30 clamp_vis 30 0.012 0.001 0.011 0.006 0.001 0.994 0.001 0.987 0.012 0.001 0.000 0.001 0.000 0.000 0.000 0.000 0.001 0.000 0.038 0.002 0.001 0.001 0.004 0.025 0.000 0.000 0.000 0.000 0.000 0.001 0.000 0.000 0.000 0.001 0.000 0.014 0.001 0.001 0.008 0.014 0.002 0.002 0.959 0.010 0.569 0.005 0.001 0.001 0.000 0.001 0.000 0.203 0.001 0.000 0.000 0.004 0.000 0.000 
31 hoe_vis 30 0.003 0.001 0.002 0.005 0.001 0.996 0.000 0.093 0.006 0.956 0.000 0.004 0.000 0.000 0.000 0.000 0.000 0.000 0.000 0.001 0.001 0.001 0.001 0.001 0.001 0.000 0.000 0.000 0.000 0.001 0.000 0.000 0.000 0.000 0.000 0.000 0.000 0.000 0.001 0.000 0.002 0.056 0.001 0.000 0.017 0.003 0.001 0.000 0.002 0.006 0.000 0.001 0.003 0.046 0.001 0.564 0.004 0.004 
32 rake_vis 30 0.007 0.001 0.014 0.013 0.001 0.977 0.000 0.914 0.026 0.002 0.000 0.001 0.000 0.000 0.000 0.000 0.000 0.000 0.023 0.004 0.001 0.001 0.129 0.007 0.017 0.000 0.000 0.000 0.000 0.001 0.000 0.000 0.001 0.000 0.000 0.000 0.000 0.001 0.013 0.000 0.002 0.066 0.002 0.000 0.896 0.005 0.001 0.001 0.001 0.009 0.000 0.008 0.001 0.004 0.000 0.011 0.000 0.000 
33 shovel_vis 30 0.016 0.001 0.007 0.000 0.006 0.995 0.001 0.013 0.994 0.000 0.000 0.001 0.000 0.001 0.000 0.000 0.000 0.000 0.006 0.105 0.003 0.001 0.002 0.001 0.000 0.000 0.001 0.000 0.000 0.001 0.000 0.000 0.004 0.048 0.000 0.001 0.001 0.001 0.048 0.000 0.001 0.001 0.002 0.002 0.130 0.042 0.010 0.014 0.142 0.578 0.000 0.873 0.001 0.002 0.000 0.000 0.000 0.000 
34 spade_vis 30 0.004 0.001 0.003 0.000 0.006 0.995 0.000 0.020 0.986 0.002 0.000 0.001 0.000 0.001 0.000 0.000 0.000 0.000 0.001 0.007 0.001 0.001 0.001 0.000 0.001 0.000 0.001 0.000 0.003 0.001 0.000 0.000 0.042 0.001 0.000 0.000 0.000 0.000 0.001 0.000 0.001 0.002 0.001 0.000 0.439 0.006 0.004 0.014 0.311 0.544 0.000 0.021 0.001 0.376 0.000 0.003 0.000 0.000 
35 wrench_vis 30 0.005 0.001 0.001 0.001 0.001 0.996 0.001 0.842 0.041 0.013 0.002 0.020 0.000 0.000 0.000 0.000 0.001 0.001 0.000 0.006 0.001 0.001 0.000 0.001 0.000 0.000 0.002 0.000 0.000 0.001 0.000 0.000 0.000 0.000 0.107 0.000 0.000 0.025 0.001 0.001 0.010 0.035 0.001 0.002 0.018 0.925 0.001 0.000 0.623 0.028 0.000 0.002 0.008 0.004 0.000 0.184 0.004 0.001 
36 accordion_vis 30 0.007 0.002 0.003 0.000 0.159 0.996 0.000 0.001 0.867 0.029 0.000 0.021 0.012 0.004 0.000 0.011 0.000 0.002 0.001 0.001 0.002 0.001 0.001 0.001 0.000 0.003 0.084 0.000 0.037 0.001 0.000 0.019 0.040 0.001 0.000 0.000 0.000 0.000 0.001 0.000 0.001 0.005 0.001 0.000 0.001 0.002 0.118 0.001 0.859 0.403 0.005 0.003 0.000 0.213 0.000 0.006 0.006 0.002 
37 cello_vis 30 0.005 0.001 0.004 0.000 0.036 0.995 0.000 0.001 0.896 0.051 0.000 0.011 0.003 0.004 0.000 0.003 0.000 0.001 0.001 0.001 0.003 0.001 0.001 0.001 0.000 0.002 0.004 0.000 0.002 0.001 0.000 0.014 0.013 0.001 0.000 0.001 0.001 0.000 0.001 0.000 0.001 0.004 0.001 0.001 0.001 0.003 0.165 0.001 0.819 0.388 0.017 0.005 0.000 0.425 0.000 0.017 0.009 0.000 
38 flute_vis 30 0.837 0.003 0.003 0.020 0.897 0.307 0.000 0.001 0.085 0.001 0.000 0.002 0.027 0.001 0.000 0.314 0.000 0.033 0.001 0.040 0.004 0.001 0.007 0.000 0.027 0.007 0.819 0.000 0.863 0.001 0.008 0.008 0.538 0.072 0.000 0.000 0.000 0.000 0.001 0.000 0.001 0.001 0.001 0.000 0.003 0.001 0.013 0.001 0.028 0.108 0.003 0.002 0.000 0.006 0.000 0.001 0.002 0.001 
39 guitar_vis 30 0.004 0.005 0.002 0.000 0.046 0.996 0.000 0.001 0.990 0.020 0.000 0.076 0.024 0.034 0.000 0.003 0.000 0.001 0.000 0.016 0.002 0.001 0.001 0.006 0.005 0.001 0.174 0.000 0.110 0.001 0.000 0.002 0.020 0.001 0.000 0.000 0.000 0.000 0.001 0.001 0.001 0.083 0.001 0.000 0.003 0.001 0.019 0.001 0.933 0.601 0.003 0.003 0.000 0.132 0.000 0.024 0.001 0.008 
40 piano_vis 30 0.007 0.002 0.004 0.000 0.047 0.995 0.000 0.001 0.917 0.052 0.001 0.001 0.001 0.015 0.000 0.000 0.000 0.001 0.002 0.000 0.002 0.001 0.001 0.009 0.000 0.009 0.000 0.000 0.001 0.001 0.000 0.040 0.013 0.001 0.001 0.000 0.001 0.000 0.001 0.000 0.001 0.000 0.001 0.001 0.001 0.002 0.980 0.001 0.064 0.012 0.055 0.016 0.001 0.087 0.006 0.004 0.036 0.000 
41 trumpet_vis 30 0.007 0.003 0.003 0.000 0.050 0.995 0.000 0.001 0.926 0.049 0.001 0.001 0.001 0.016 0.000 0.000 0.000 0.001 0.001 0.000 0.002 0.001 0.001 0.010 0.000 0.012 0.000 0.000 0.001 0.001 0.000 0.049 0.014 0.001 0.001 0.000 0.001 0.000 0.001 0.000 0.001 0.000 0.001 0.001 0.001 0.002 0.983 0.001 0.080 0.014 0.041 0.015 0.001 0.096 0.007 0.004 0.035 0.000 
42 fork_vis 30 0.002 0.004 0.001 0.000 0.030 0.996 0.000 0.000 0.045 0.992 0.000 0.002 0.002 0.000 0.000 0.015 0.000 0.000 0.000 0.000 0.003 0.001 0.000 0.000 0.000 0.000 0.000 0.000 0.000 0.003 0.000 0.005 0.019 0.000 0.001 0.000 0.001 0.001 0.001 0.000 0.001 0.000 0.001 0.000 0.001 0.001 0.036 0.003 0.061 0.029 0.020 0.001 0.010 0.978 0.000 0.008 0.062 0.001 
43 spoon_vis 30 0.007 0.030 0.005 0.000 0.008 0.996 0.000 0.000 0.034 0.993 0.000 0.007 0.006 0.000 0.000 0.006 0.000 0.000 0.000 0.000 0.008 0.001 0.000 0.000 0.000 0.000 0.000 0.000 0.000 0.002 0.000 0.002 0.007 0.000 0.000 0.000 0.000 0.000 0.000 0.000 0.001 0.000 0.001 0.000 0.002 0.001 0.033 0.001 0.053 0.012 0.005 0.000 0.005 0.988 0.000 0.007 0.015 0.001 
44 tongs_vis 30 0.003 0.008 0.001 0.000 0.227 0.996 0.913 0.000 0.284 0.005 0.002 0.001 0.000 0.000 0.000 0.211 0.001 0.101 0.000 0.000 0.004 0.001 0.000 0.000 0.000 0.000 0.001 0.000 0.000 0.004 0.640 0.005 0.000 0.002 0.872 0.001 0.973 0.131 0.001 0.001 0.000 0.000 0.001 0.000 0.000 0.302 0.001 0.027 0.953 0.392 0.001 0.001 0.045 0.183 0.000 0.001 0.126 0.001 
45 ladle_vis 30 0.001 0.001 0.001 0.004 0.001 0.996 0.000 0.003 0.002 0.994 0.000 0.016 0.002 0.000 0.000 0.000 0.001 0.000 0.000 0.000 0.001 0.000 0.000 0.001 0.002 0.000 0.000 0.000 0.000 0.001 0.000 0.001 0.000 0.000 0.000 0.000 0.000 0.000 0.000 0.000 0.001 0.006 0.001 0.000 0.016 0.001 0.000 0.000 0.002 0.001 0.000 0.000 0.018 0.134 0.008 0.882 0.032 0.008 
46 knife_vis 30 0.008 0.036 0.006 0.000 0.009 0.996 0.000 0.000 0.033 0.993 0.000 0.006 0.007 0.000 0.000 0.009 0.000 0.000 0.000 0.000 0.009 0.001 0.000 0.000 0.000 0.000 0.000 0.000 0.000 0.001 0.000 0.002 0.006 0.000 0.000 0.000 0.000 0.000 0.000 0.000 0.000 0.000 0.001 0.000 0.001 0.001 0.028 0.001 0.041 0.019 0.007 0.000 0.005 0.986 0.000 0.004 0.026 0.001 
47 chopsticks_vis 30 0.002 0.002 0.001 0.000 0.042 0.996 0.000 0.000 0.053 0.991 0.000 0.001 0.001 0.000 0.000 0.020 0.000 0.000 0.000 0.000 0.002 0.001 0.000 0.000 0.000 0.000 0.000 0.000 0.000 0.003 0.000 0.006 0.031 0.000 0.001 0.000 0.001 0.001 0.001 0.000 0.001 0.000 0.001 0.000 0.001 0.001 0.038 0.003 0.062 0.038 0.030 0.001 0.010 0.973 0.000 0.009 0.078 0.001 
