0 beaver_vis 30 0.996 0.976 0.032 0.001 0.028 0.001 0.001 0.001 0.000 0.001 0.963 0.043 0.032 0.001 0.012 0.015 0.004 0.040 0.003 0.002 0.005 0.006 0.000 0.001 0.001 0.001 0.016 0.002 0.032 0.001 0.001 0.001 0.001 0.001 0.001 0.000 0.001 0.001 0.001 0.001 0.001 0.001 0.002 0.001 0.002 0.001 0.001 0.001 0.000 0.001 0.001 0.003 0.001 0.001 0.001 0.001 0.002 0.000 
1 bear_vis 30 0.996 0.992 0.002 0.001 0.024 0.001 0.001 0.001 0.004 0.001 0.001 0.043 0.020 0.725 0.051 0.187 0.016 0.001 0.001 0.001 0.004 0.000 0.000 0.006 0.000 0.002 0.001 0.001 0.001 0.033 0.034 0.001 0.002 0.001 0.001 0.004 0.001 0.000 0.001 0.000 0.002 0.004 0.019 0.000 0.000 0.002 0.016 0.034 0.009 0.001 0.005 0.049 0.000 0.001 0.001 0.018 0.001 0.000 
2 sheep_vis 30 0.996 0.969 0.020 0.001 0.029 0.001 0.000 0.001 0.001 0.001 0.002 0.032 0.046 0.970 0.015 0.006 0.013 0.001 0.003 0.039 0.008 0.001 0.001 0.002 0.001 0.001 0.001 0.001 0.001 0.018 0.015 0.001 0.020 0.001 0.000 0.002 0.001 0.000 0.001 0.000 0.001 0.024 0.055 0.001 0.000 0.002 0.017 0.007 0.007 0.001 0.006 0.019 0.001 0.004 0.002 0.005 0.001 0.000 
3 buffalo_vis 30 0.996 0.979 0.004 0.001 0.058 0.001 0.001 0.001 0.001 0.001 0.001 0.005 0.008 0.932 0.049 0.041 0.064 0.001 0.001 0.002 0.008 0.000 0.000 0.007 0.000 0.002 0.001 0.001 0.001 0.128 0.041 0.001 0.007 0.002 0.001 0.006 0.001 0.000 0.001 0.000 0.003 0.007 0.013 0.001 0.000 0.002 0.003 0.210 0.006 0.001 0.002 0.177 0.001 0.001 0.001 0.020 0.001 0.000 
4 poodle_vis 30 0.996 0.097 0.202 0.001 0.010 0.001 0.001 0.001 0.001 0.001 0.001 0.182 0.001 0.117 0.018 0.002 0.001 0.003 0.001 0.232 0.007 0.002 0.001 0.001 0.001 0.002 0.001 0.002 0.001 0.001 0.065 0.001 0.001 0.008 0.001 0.007 0.001 0.000 0.001 0.000 0.001 0.001 0.002 0.001 0.000 0.001 0.000 0.038 0.006 0.001 0.001 0.004 0.000 0.005 0.000 0.001 0.001 0.001 
5 giraffe_vis 30 0.996 0.991 0.002 0.001 0.026 0.001 0.000 0.001 0.013 0.001 0.001 0.006 0.017 0.134 0.036 0.838 0.005 0.001 0.001 0.000 0.005 0.001 0.000 0.014 0.000 0.002 0.001 0.002 0.001 0.018 0.026 0.001 0.001 0.001 0.001 0.005 0.001 0.001 0.001 0.000 0.042 0.002 0.004 0.000 0.000 0.003 0.008 0.118 0.011 0.002 0.004 0.362 0.000 0.001 0.000 0.015 0.001 0.000 
6 robin_vis 30 0.996 0.005 0.992 0.002 0.002 0.001 0.001 0.001 0.000 0.001 0.004 0.005 0.005 0.013 0.002 0.001 0.005 0.221 0.011 0.326 0.227 0.003 0.001 0.001 0.005 0.012 0.003 0.001 0.001 0.001 0.001 0.001 0.002 0.002 0.001 0.007 0.001 0.001 0.001 0.000 0.001 0.001 0.001 0.001 0.000 0.003 0.000 0.011 0.013 0.003 0.000 0.009 0.000 0.006 0.000 0.002 0.001 0.001 
7 swan_vis 30 0.996 0.003 0.993 0.003 0.002 0.001 0.002 0.001 0.000 0.001 0.002 0.010 0.004 0.002 0.002 0.002 0.001 0.582 0.023 0.049 0.599 0.024 0.001 0.001 0.012 0.048 0.005 0.001 0.001 0.001 0.001 0.003 0.001 0.002 0.002 0.011 0.001 0.002 0.001 0.001 0.001 0.001 0.001 0.001 0.000 0.007 0.000 0.009 0.022 0.023 0.000 0.020 0.000 0.002 0.000 0.001 0.001 0.001 
8 woodpecker_vis 30 0.996 0.007 0.992 0.003 0.002 0.001 0.000 0.001 0.000 0.001 0.002 0.002 0.009 0.069 0.002 0.001 0.003 0.184 0.024 0.281 0.045 0.001 0.001 0.002 0.009 0.002 0.002 0.001 0.001 0.001 0.003 0.001 0.002 0.001 0.001 0.002 0.001 0.001 0.001 0.000 0.001 0.001 0.001 0.001 0.000 0.007 0.000 0.036 0.020 0.004 0.000 0.011 0.000 0.006 0.000 0.025 0.001 0.001 
9 peacock_vis 30 0.996 0.002 0.993 0.001 0.002 0.001 0.001 0.001 0.000 0.001 0.001 0.002 0.001 0.152 0.007 0.000 0.004 0.005 0.005 0.514 0.139 0.030 0.004 0.001 0.001 0.001 0.001 0.003 0.001 0.001 0.002 0.001 0.005 0.005 0.001 0.042 0.001 0.000 0.002 0.001 0.001 0.001 0.001 0.002 0.000 0.001 0.000 0.001 0.013 0.001 0.001 0.001 0.001 0.002 0.000 0.005 0.001 0.002 
10 crow_vis 30 0.996 0.007 0.991 0.002 0.002 0.001 0.009 0.001 0.000 0.001 0.001 0.015 0.002 0.001 0.021 0.005 0.001 0.158 0.014 0.014 0.976 0.006 0.000 0.001 0.006 0.114 0.002 0.009 0.001 0.001 0.001 0.006 0.003 0.003 0.001 0.003 0.039 0.006 0.001 0.000 0.001 0.001 0.001 0.002 0.000 0.014 0.000 0.000 0.008 0.108 0.000 0.002 0.000 0.002 0.000 0.001 0.007 0.001 
11 eagle_vis 30 0.996 0.002 0.993 0.002 0.002 0.001 0.001 0.001 0.000 0.001 0.002 0.000 0.001 0.001 0.005 0.000 0.151 0.108 0.019 0.310 0.009 0.854 0.014 0.001 0.001 0.001 0.012 0.002 0.001 0.001 0.000 0.001 0.001 0.009 0.001 0.001 0.000 0.000 0.001 0.001 0.001 0.001 0.001 0.001 0.000 0.001 0.000 0.000 0.000 0.003 0.000 0.001 0.004 0.001 0.000 0.007 0.002 0.001 
12 tuna_vis 30 0.996 0.003 0.003 0.007 0.985 0.001 0.001 0.001 0.001 0.001 0.001 0.002 0.001 0.007 0.001 0.000 0.001 0.001 0.001 0.013 0.001 0.001 0.003 0.002 0.002 0.002 0.002 0.002 0.004 0.084 0.454 0.011 0.123 0.116 0.001 0.005 0.000 0.000 0.001 0.000 0.001 0.001 0.004 0.001 0.001 0.001 0.001 0.038 0.001 0.001 0.001 0.003 0.000 0.001 0.008 0.007 0.001 0.001 
13 goldfish_vis 30 0.995 0.006 0.001 0.005 0.991 0.001 0.001 0.001 0.031 0.001 0.001 0.015 0.001 0.044 0.001 0.001 0.001 0.000 0.001 0.000 0.002 0.000 0.001 0.020 0.001 0.007 0.002 0.001 0.021 0.081 0.974 0.010 0.032 0.030 0.001 0.055 0.001 0.000 0.001 0.000 0.001 0.001 0.002 0.001 0.001 0.001 0.009 0.261 0.012 0.001 0.002 0.009 0.000 0.001 0.001 0.017 0.001 0.001 
14 salmon_vis 30 0.996 0.002 0.069 0.036 0.305 0.001 0.001 0.002 0.001 0.001 0.001 0.004 0.001 0.038 0.002 0.001 0.001 0.001 0.001 0.041 0.010 0.000 0.002 0.003 0.004 0.060 0.005 0.004 0.001 0.004 0.086 0.016 0.014 0.047 0.002 0.018 0.001 0.000 0.001 0.000 0.001 0.001 0.002 0.001 0.001 0.001 0.001 0.109 0.010 0.001 0.001 0.023 0.000 0.001 0.001 0.006 0.001 0.002 
15 sardine_vis 30 0.996 0.002 0.016 0.040 0.788 0.001 0.001 0.002 0.001 0.001 0.001 0.004 0.001 0.021 0.001 0.001 0.001 0.001 0.001 0.018 0.007 0.000 0.002 0.003 0.004 0.048 0.003 0.002 0.001 0.009 0.219 0.025 0.034 0.031 0.001 0.015 0.001 0.000 0.001 0.000 0.001 0.001 0.003 0.001 0.001 0.001 0.001 0.154 0.005 0.001 0.001 0.028 0.000 0.001 0.003 0.005 0.001 0.001 
16 catfish_vis 30 0.995 0.019 0.006 0.002 0.874 0.001 0.001 0.001 0.005 0.001 0.002 0.017 0.001 0.001 0.004 0.001 0.001 0.003 0.001 0.002 0.002 0.003 0.001 0.002 0.001 0.001 0.005 0.003 0.288 0.019 0.111 0.003 0.003 0.017 0.001 0.003 0.001 0.000 0.001 0.001 0.001 0.001 0.001 0.001 0.001 0.001 0.001 0.051 0.001 0.001 0.001 0.005 0.000 0.001 0.001 0.001 0.001 0.001 
17 cod_vis 30 0.995 0.002 0.003 0.028 0.955 0.001 0.001 0.002 0.002 0.001 0.001 0.003 0.001 0.003 0.001 0.001 0.001 0.000 0.001 0.006 0.002 0.000 0.002 0.008 0.002 0.015 0.002 0.002 0.006 0.134 0.416 0.011 0.026 0.039 0.001 0.004 0.000 0.000 0.001 0.000 0.001 0.001 0.003 0.001 0.001 0.001 0.002 0.108 0.002 0.001 0.001 0.007 0.000 0.001 0.002 0.020 0.001 0.001 
18 turtle_vis 30 0.971 0.002 0.002 0.002 0.990 0.002 0.001 0.001 0.000 0.002 0.001 0.000 0.001 0.001 0.003 0.000 0.003 0.000 0.001 0.001 0.001 0.001 0.001 0.001 0.001 0.001 0.002 0.001 0.194 0.546 0.011 0.002 0.013 0.157 0.001 0.010 0.000 0.000 0.001 0.000 0.001 0.001 0.005 0.000 0.001 0.001 0.000 0.002 0.001 0.001 0.001 0.001 0.001 0.001 0.003 0.001 0.001 0.001 
19 rattlesnake_vis 30 0.970 0.002 0.002 0.001 0.989 0.010 0.001 0.001 0.001 0.001 0.001 0.000 0.001 0.001 0.001 0.000 0.155 0.000 0.000 0.000 0.001 0.000 0.001 0.011 0.001 0.001 0.001 0.001 0.018 0.936 0.005 0.002 0.029 0.028 0.001 0.006 0.000 0.000 0.001 0.001 0.005 0.002 0.006 0.000 0.001 0.001 0.000 0.001 0.001 0.000 0.096 0.001 0.009 0.001 0.001 0.002 0.001 0.001 
20 crab_vis 30 0.994 0.008 0.001 0.004 0.986 0.001 0.001 0.001 0.095 0.001 0.001 0.008 0.005 0.001 0.001 0.001 0.001 0.001 0.001 0.000 0.004 0.000 0.001 0.002 0.003 0.009 0.001 0.001 0.055 0.051 0.124 0.691 0.020 0.005 0.001 0.031 0.000 0.001 0.001 0.000 0.001 0.001 0.002 0.000 0.002 0.002 0.001 0.203 0.002 0.001 0.004 0.124 0.000 0.001 0.002 0.001 0.001 0.001 
21 frog_vis 30 0.994 0.007 0.003 0.005 0.989 0.001 0.001 0.002 0.001 0.001 0.001 0.002 0.012 0.001 0.001 0.001 0.001 0.001 0.001 0.000 0.005 0.000 0.001 0.001 0.013 0.005 0.002 0.001 0.037 0.051 0.014 0.832 0.126 0.008 0.002 0.008 0.000 0.001 0.001 0.000 0.001 0.001 0.002 0.001 0.006 0.001 0.001 0.022 0.001 0.001 0.001 0.023 0.000 0.001 0.021 0.001 0.001 0.001 
22 gecko_vis 30 0.994 0.003 0.002 0.003 0.992 0.001 0.000 0.001 0.001 0.001 0.001 0.001 0.005 0.002 0.001 0.000 0.001 0.000 0.001 0.002 0.002 0.000 0.003 0.001 0.002 0.001 0.001 0.001 0.003 0.203 0.024 0.263 0.440 0.008 0.001 0.005 0.000 0.000 0.001 0.000 0.001 0.001 0.004 0.001 0.001 0.001 0.001 0.015 0.001 0.001 0.001 0.011 0.000 0.001 0.014 0.001 0.001 0.001 
23 crocodile_vis 30 0.984 0.003 0.003 0.002 0.992 0.001 0.001 0.001 0.000 0.004 0.002 0.001 0.001 0.001 0.004 0.000 0.002 0.000 0.001 0.002 0.001 0.003 0.002 0.001 0.001 0.001 0.003 0.002 0.477 0.552 0.017 0.002 0.014 0.246 0.001 0.006 0.000 0.000 0.001 0.001 0.001 0.001 0.004 0.000 0.001 0.001 0.000 0.011 0.000 0.001 0.000 0.001 0.001 0.001 0.008 0.001 0.002 0.002 
24 axe_vis 30 0.004 0.031 0.010 0.051 0.010 0.992 0.989 0.004 0.169 0.137 0.006 0.082 0.008 0.001 0.006 0.003 0.001 0.108 0.009 0.001 0.023 0.001 0.001 0.007 0.248 0.027 0.017 0.005 0.188 0.006 0.005 0.076 0.001 0.003 0.988 0.010 0.139 0.111 0.229 0.008 0.001 0.001 0.001 0.025 0.031 0.011 0.006 0.197 0.154 0.134 0.001 0.001 0.002 0.044 0.015 0.008 0.004 0.375 
25 hammer_vis 30 0.006 0.003 0.004 0.001 0.007 0.950 0.985 0.002 0.004 0.001 0.000 0.001 0.001 0.000 0.070 0.008 0.002 0.000 0.001 0.000 0.007 0.002 0.000 0.026 0.000 0.004 0.001 0.086 0.004 0.009 0.003 0.003 0.000 0.018 0.002 0.987 0.035 0.011 0.005 0.121 0.052 0.001 0.010 0.002 0.001 0.001 0.000 0.002 0.011 0.001 0.061 0.001 0.002 0.001 0.001 0.001 0.003 0.001 
26 screwdriver_vis 30 0.004 0.006 0.003 0.002 0.002 0.993 0.970 0.003 0.004 0.007 0.001 0.006 0.001 0.000 0.001 0.001 0.001 0.013 0.002 0.000 0.004 0.000 0.000 0.002 0.013 0.002 0.001 0.001 0.021 0.003 0.001 0.004 0.000 0.001 0.460 0.019 0.011 0.033 0.003 0.003 0.001 0.001 0.001 0.009 0.001 0.001 0.001 0.005 0.015 0.002 0.001 0.001 0.001 0.001 0.002 0.001 0.002 0.022 
27 chisel_vis 30 0.003 0.003 0.003 0.001 0.002 0.994 0.971 0.002 0.016 0.032 0.001 0.000 0.002 0.000 0.004 0.001 0.001 0.001 0.001 0.000 0.004 0.001 0.000 0.002 0.008 0.001 0.001 0.001 0.014 0.005 0.000 0.001 0.000 0.001 0.020 0.003 0.009 0.896 0.001 0.023 0.002 0.001 0.001 0.002 0.001 0.001 0.001 0.002 0.003 0.110 0.001 0.001 0.001 0.001 0.003 0.001 0.275 0.002 
28 saw_vis 30 0.003 0.002 0.029 0.003 0.002 0.991 0.971 0.002 0.120 0.003 0.000 0.000 0.001 0.000 0.001 0.001 0.037 0.001 0.001 0.000 0.001 0.000 0.001 0.014 0.000 0.001 0.001 0.002 0.005 0.002 0.001 0.003 0.000 0.001 0.005 0.017 0.028 0.001 0.985 0.005 0.002 0.001 0.001 0.001 0.010 0.001 0.000 0.004 0.001 0.023 0.025 0.001 0.029 0.050 0.001 0.001 0.001 0.001 
29 drill_vis 30 0.003 0.002 0.004 0.001 0.002 0.991 0.989 0.002 0.002 0.003 0.000 0.000 0.001 0.000 0.001 0.001 0.002 0.000 0.001 0.000 0.001 0.001 0.000 0.001 0.000 0.000 0.001 0.002 0.001 0.003 0.000 0.002 0.000 0.001 0.001 0.112 0.003 0.136 0.031 0.745 0.074 0.001 0.001 0.002 0.002 0.001 0.000 0.001 0.001 0.001 0.013 0.001 0.030 0.001 0.002 0.001 0.001 0.001 
30 clamp_vis 30 0.002 0.002 0.001 0.001 0.002 0.995 0.000 0.989 0.001 0.002 0.000 0.001 0.001 0.000 0.000 0.000 0.000 0.000 0.001 0.000 0.000 0.000 0.001 0.001 0.001 0.000 0.000 0.001 0.000 0.001 0.000 0.001 0.001 0.001 0.000 0.002 0.001 0.001 0.001 0.001 0.789 0.003 0.043 0.006 0.011 0.001 0.000 0.000 0.000 0.000 0.006 0.007 0.001 0.000 0.005 0.001 0.001 0.001 
31 hoe_vis 30 0.003 0.002 0.001 0.002 0.004 0.995 0.000 0.971 0.001 0.017 0.000 0.000 0.003 0.001 0.000 0.000 0.001 0.000 0.001 0.001 0.001 0.000 0.054 0.001 0.001 0.000 0.001 0.001 0.000 0.002 0.001 0.001 0.009 0.001 0.001 0.000 0.000 0.000 0.001 0.000 0.001 0.946 0.007 0.002 0.011 0.016 0.031 0.001 0.001 0.001 0.002 0.010 0.009 0.001 0.001 0.027 0.001 0.001 
32 rake_vis 30 0.004 0.010 0.001 0.002 0.015 0.994 0.000 0.991 0.258 0.003 0.000 0.029 0.002 0.001 0.000 0.001 0.001 0.000 0.001 0.000 0.000 0.000 0.006 0.013 0.001 0.001 0.000 0.001 0.000 0.007 0.012 0.001 0.010 0.001 0.000 0.017 0.000 0.001 0.001 0.000 0.086 0.031 0.988 0.002 0.003 0.026 0.059 0.000 0.009 0.000 0.075 0.157 0.001 0.000 0.011 0.001 0.001 0.001 
33 shovel_vis 30 0.002 0.002 0.001 0.003 0.002 0.995 0.010 0.994 0.001 0.001 0.000 0.000 0.002 0.000 0.000 0.000 0.001 0.001 0.007 0.000 0.001 0.000 0.008 0.001 0.002 0.000 0.001 0.005 0.001 0.001 0.000 0.002 0.002 0.001 0.001 0.001 0.002 0.002 0.001 0.067 0.020 0.011 0.026 0.943 0.003 0.007 0.000 0.000 0.001 0.001 0.001 0.002 0.002 0.001 0.001 0.001 0.001 0.002 
34 spade_vis 30 0.003 0.005 0.001 0.011 0.004 0.991 0.000 0.984 0.028 0.002 0.000 0.001 0.006 0.000 0.000 0.001 0.001 0.000 0.001 0.000 0.000 0.000 0.006 0.004 0.001 0.000 0.001 0.002 0.001 0.001 0.001 0.002 0.004 0.001 0.001 0.000 0.000 0.001 0.001 0.001 0.006 0.604 0.012 0.004 0.348 0.059 0.111 0.000 0.000 0.000 0.015 0.055 0.001 0.000 0.005 0.002 0.001 0.001 
35 wrench_vis 30 0.003 0.002 0.001 0.008 0.003 0.995 0.000 0.932 0.088 0.001 0.000 0.000 0.007 0.001 0.000 0.003 0.001 0.006 0.001 0.000 0.002 0.000 0.001 0.015 0.005 0.000 0.001 0.001 0.002 0.003 0.001 0.001 0.002 0.001 0.001 0.001 0.000 0.001 0.001 0.000 0.001 0.005 0.007 0.015 0.001 0.966 0.005 0.001 0.019 0.045 0.001 0.026 0.000 0.001 0.000 0.002 0.001 0.000 
36 accordion_vis 30 0.003 0.012 0.001 0.005 0.003 0.993 0.001 0.001 0.994 0.003 0.000 0.005 0.003 0.001 0.000 0.003 0.001 0.002 0.001 0.000 0.001 0.000 0.000 0.011 0.002 0.000 0.001 0.000 0.005 0.002 0.002 0.001 0.000 0.001 0.003 0.001 0.001 0.001 0.004 0.000 0.001 0.001 0.001 0.000 0.001 0.015 0.978 0.008 0.003 0.518 0.015 0.002 0.000 0.065 0.005 0.004 0.001 0.000 
37 cello_vis 30 0.004 0.008 0.001 0.002 0.007 0.986 0.001 0.001 0.992 0.001 0.000 0.003 0.001 0.000 0.000 0.005 0.001 0.000 0.000 0.000 0.000 0.000 0.000 0.023 0.000 0.001 0.001 0.000 0.002 0.031 0.003 0.001 0.000 0.001 0.000 0.173 0.000 0.001 0.001 0.000 0.031 0.001 0.007 0.000 0.001 0.001 0.003 0.528 0.028 0.001 0.465 0.028 0.000 0.001 0.008 0.001 0.001 0.000 
38 flute_vis 30 0.003 0.002 0.001 0.003 0.003 0.994 0.005 0.001 0.952 0.002 0.000 0.001 0.004 0.001 0.000 0.010 0.001 0.018 0.001 0.000 0.002 0.000 0.000 0.028 0.006 0.000 0.002 0.000 0.005 0.006 0.003 0.001 0.001 0.001 0.002 0.001 0.002 0.002 0.001 0.002 0.001 0.001 0.001 0.000 0.001 0.058 0.009 0.003 0.188 0.746 0.004 0.002 0.000 0.003 0.000 0.004 0.001 0.000 
39 guitar_vis 30 0.003 0.002 0.001 0.003 0.003 0.995 0.003 0.001 0.977 0.003 0.000 0.001 0.012 0.001 0.000 0.011 0.001 0.042 0.001 0.000 0.002 0.000 0.000 0.038 0.012 0.000 0.002 0.000 0.012 0.010 0.003 0.001 0.001 0.001 0.001 0.001 0.001 0.002 0.003 0.004 0.001 0.001 0.001 0.000 0.001 0.071 0.032 0.003 0.036 0.970 0.005 0.002 0.000 0.021 0.001 0.005 0.002 0.000 
40 piano_vis 30 0.002 0.002 0.001 0.001 0.003 0.990 0.001 0.001 0.956 0.001 0.000 0.000 0.001 0.000 0.000 0.001 0.001 0.000 0.001 0.000 0.000 0.000 0.000 0.006 0.000 0.000 0.001 0.000 0.001 0.003 0.001 0.001 0.000 0.001 0.000 0.007 0.000 0.001 0.004 0.016 0.031 0.002 0.001 0.000 0.001 0.001 0.002 0.006 0.002 0.001 0.968 0.002 0.002 0.001 0.003 0.001 0.001 0.000 
41 trumpet_vis 30 0.003 0.004 0.001 0.002 0.006 0.994 0.000 0.003 0.988 0.001 0.000 0.001 0.001 0.000 0.000 0.002 0.001 0.000 0.000 0.000 0.000 0.000 0.000 0.009 0.000 0.000 0.001 0.000 0.003 0.079 0.001 0.001 0.000 0.000 0.000 0.006 0.000 0.001 0.001 0.000 0.021 0.001 0.144 0.000 0.001 0.005 0.003 0.256 0.002 0.001 0.007 0.858 0.000 0.001 0.006 0.001 0.001 0.000 
42 fork_vis 30 0.003 0.001 0.001 0.001 0.011 0.925 0.002 0.002 0.001 0.624 0.000 0.000 0.001 0.000 0.001 0.000 0.083 0.000 0.001 0.000 0.001 0.000 0.002 0.001 0.001 0.000 0.001 0.001 0.001 0.104 0.000 0.001 0.001 0.004 0.001 0.001 0.001 0.001 0.004 0.002 0.001 0.001 0.001 0.001 0.002 0.001 0.001 0.001 0.000 0.001 0.004 0.001 0.577 0.004 0.023 0.001 0.002 0.004 
43 spoon_vis 30 0.004 0.001 0.006 0.001 0.004 0.995 0.002 0.002 0.001 0.994 0.001 0.000 0.001 0.002 0.010 0.000 0.019 0.001 0.001 0.006 0.001 0.001 0.001 0.001 0.009 0.000 0.001 0.001 0.001 0.009 0.001 0.001 0.002 0.022 0.001 0.000 0.016 0.001 0.003 0.001 0.001 0.001 0.002 0.001 0.001 0.001 0.002 0.001 0.001 0.005 0.001 0.001 0.035 0.815 0.007 0.004 0.144 0.036 
44 tongs_vis 30 0.002 0.004 0.001 0.001 0.002 0.988 0.012 0.006 0.777 0.002 0.000 0.001 0.001 0.000 0.000 0.001 0.000 0.000 0.001 0.000 0.000 0.000 0.000 0.002 0.001 0.000 0.001 0.001 0.001 0.003 0.000 0.001 0.000 0.001 0.001 0.005 0.000 0.002 0.001 0.003 0.053 0.001 0.002 0.001 0.004 0.001 0.001 0.118 0.012 0.000 0.065 0.002 0.002 0.000 0.033 0.001 0.001 0.001 
45 ladle_vis 30 0.005 0.001 0.004 0.001 0.033 0.995 0.001 0.001 0.338 0.990 0.000 0.000 0.016 0.045 0.001 0.001 0.042 0.001 0.001 0.003 0.002 0.008 0.002 0.023 0.007 0.000 0.001 0.001 0.002 0.050 0.041 0.001 0.044 0.002 0.001 0.000 0.001 0.001 0.003 0.001 0.001 0.003 0.001 0.001 0.001 0.017 0.479 0.002 0.003 0.734 0.001 0.001 0.005 0.897 0.001 0.963 0.075 0.006 
46 knife_vis 30 0.021 0.002 0.032 0.001 0.004 0.994 0.001 0.001 0.557 0.144 0.000 0.000 0.010 0.001 0.001 0.017 0.002 0.010 0.001 0.000 0.080 0.017 0.000 0.004 0.002 0.000 0.001 0.001 0.002 0.005 0.002 0.001 0.002 0.001 0.002 0.001 0.002 0.012 0.002 0.003 0.001 0.001 0.001 0.001 0.001 0.261 0.020 0.001 0.007 0.913 0.001 0.001 0.001 0.054 0.001 0.151 0.071 0.001 
47 chopsticks_vis 30 0.003 0.007 0.001 0.001 0.012 0.992 0.001 0.002 0.001 0.991 0.000 0.002 0.001 0.001 0.001 0.000 0.001 0.000 0.001 0.005 0.000 0.000 0.001 0.001 0.003 0.000 0.001 0.001 0.001 0.007 0.000 0.001 0.001 0.007 0.001 0.001 0.001 0.001 0.001 0.001 0.001 0.001 0.007 0.001 0.002 0.001 0.014 0.002 0.001 0.001 0.001 0.001 0.058 0.006 0.899 0.001 0.001 0.025 
