0 beaver_vis 30 0.993 0.987 0.003 0.040 0.000 0.001 0.001 0.005 0.000 0.000 0.100 0.004 0.934 0.014 0.013 0.001 0.000 0.005 0.015 0.001 0.000 0.043 0.001 0.002 0.021 0.003 0.002 0.001 0.001 0.000 0.000 0.000 0.000 0.000 0.001 0.001 0.000 0.000 0.000 0.001 0.000 0.001 0.000 0.000 0.065 0.002 0.001 0.003 0.000 0.000 0.000 0.000 0.002 0.000 0.000 0.000 0.000 0.000 
1 bear_vis 30 0.992 0.987 0.003 0.033 0.000 0.002 0.001 0.003 0.000 0.000 0.098 0.002 0.962 0.016 0.026 0.001 0.000 0.004 0.013 0.001 0.000 0.068 0.001 0.001 0.051 0.001 0.002 0.001 0.002 0.000 0.000 0.000 0.000 0.000 0.002 0.001 0.000 0.000 0.000 0.001 0.000 0.001 0.000 0.000 0.051 0.001 0.001 0.005 0.000 0.001 0.000 0.000 0.003 0.000 0.000 0.000 0.000 0.001 
2 sheep_vis 30 0.991 0.986 0.002 0.034 0.001 0.002 0.001 0.004 0.000 0.001 0.016 0.002 0.844 0.097 0.003 0.002 0.000 0.002 0.252 0.001 0.000 0.016 0.001 0.005 0.001 0.003 0.001 0.001 0.000 0.000 0.000 0.000 0.000 0.000 0.001 0.001 0.000 0.000 0.001 0.001 0.000 0.001 0.000 0.000 0.076 0.001 0.000 0.002 0.000 0.018 0.000 0.000 0.001 0.000 0.000 0.000 0.000 0.001 
3 buffalo_vis 30 0.991 0.985 0.002 0.146 0.001 0.002 0.001 0.002 0.001 0.001 0.009 0.002 0.899 0.068 0.002 0.001 0.000 0.001 0.252 0.001 0.000 0.020 0.005 0.051 0.001 0.001 0.001 0.001 0.000 0.000 0.000 0.000 0.000 0.000 0.001 0.001 0.000 0.000 0.004 0.002 0.000 0.000 0.000 0.000 0.130 0.001 0.000 0.002 0.000 0.002 0.000 0.000 0.001 0.001 0.000 0.000 0.000 0.001 
4 poodle_vis 30 0.994 0.984 0.006 0.105 0.000 0.001 0.001 0.004 0.000 0.000 0.504 0.037 0.201 0.001 0.002 0.077 0.000 0.019 0.006 0.001 0.000 0.005 0.001 0.004 0.000 0.214 0.002 0.001 0.000 0.000 0.000 0.000 0.000 0.001 0.001 0.011 0.000 0.000 0.000 0.001 0.000 0.001 0.000 0.000 0.088 0.003 0.000 0.001 0.000 0.001 0.000 0.001 0.001 0.000 0.000 0.000 0.000 0.001 
5 giraffe_vis 30 0.992 0.986 0.002 0.129 0.000 0.001 0.001 0.003 0.000 0.000 0.016 0.002 0.916 0.051 0.002 0.001 0.000 0.002 0.152 0.001 0.000 0.026 0.003 0.025 0.003 0.002 0.001 0.001 0.000 0.000 0.000 0.000 0.000 0.000 0.001 0.001 0.000 0.000 0.001 0.002 0.000 0.000 0.000 0.000 0.101 0.001 0.000 0.001 0.000 0.002 0.000 0.000 0.001 0.000 0.000 0.000 0.000 0.001 
6 robin_vis 30 0.972 0.919 0.003 0.007 0.001 0.002 0.001 0.019 0.000 0.001 0.026 0.002 0.257 0.004 0.003 0.001 0.000 0.003 0.112 0.001 0.000 0.011 0.005 0.001 0.001 0.002 0.002 0.001 0.000 0.000 0.005 0.000 0.000 0.000 0.001 0.001 0.000 0.000 0.003 0.001 0.000 0.001 0.001 0.000 0.670 0.003 0.000 0.004 0.000 0.000 0.000 0.000 0.001 0.000 0.001 0.000 0.000 0.001 
7 swan_vis 30 0.988 0.981 0.004 0.013 0.000 0.002 0.001 0.027 0.000 0.001 0.101 0.002 0.948 0.005 0.038 0.001 0.001 0.004 0.004 0.001 0.000 0.084 0.001 0.000 0.078 0.001 0.004 0.001 0.004 0.000 0.001 0.000 0.000 0.000 0.003 0.001 0.000 0.000 0.000 0.001 0.000 0.001 0.000 0.000 0.113 0.005 0.001 0.023 0.000 0.000 0.000 0.000 0.006 0.000 0.000 0.000 0.000 0.001 
8 woodpecker_vis 30 0.991 0.985 0.003 0.018 0.000 0.002 0.001 0.015 0.000 0.001 0.060 0.003 0.927 0.033 0.014 0.001 0.001 0.003 0.039 0.001 0.000 0.038 0.001 0.002 0.016 0.001 0.003 0.001 0.002 0.000 0.000 0.000 0.000 0.000 0.002 0.001 0.000 0.000 0.000 0.001 0.000 0.001 0.000 0.000 0.095 0.003 0.001 0.008 0.000 0.001 0.000 0.000 0.003 0.000 0.000 0.000 0.000 0.001 
9 peacock_vis 30 0.981 0.916 0.025 0.008 0.000 0.002 0.001 0.027 0.001 0.001 0.054 0.001 0.844 0.004 0.018 0.001 0.001 0.003 0.008 0.001 0.000 0.177 0.001 0.000 0.040 0.001 0.002 0.001 0.002 0.000 0.001 0.000 0.000 0.000 0.002 0.001 0.000 0.000 0.000 0.001 0.000 0.001 0.001 0.000 0.155 0.004 0.001 0.025 0.000 0.001 0.000 0.000 0.006 0.000 0.001 0.000 0.000 0.001 
10 crow_vis 30 0.992 0.981 0.005 0.043 0.001 0.002 0.001 0.006 0.001 0.001 0.067 0.001 0.893 0.004 0.029 0.002 0.000 0.004 0.010 0.001 0.000 0.042 0.001 0.001 0.020 0.003 0.001 0.002 0.001 0.000 0.000 0.000 0.000 0.000 0.002 0.001 0.000 0.000 0.000 0.001 0.000 0.001 0.001 0.000 0.071 0.002 0.001 0.004 0.000 0.001 0.000 0.000 0.002 0.000 0.000 0.000 0.000 0.001 
11 eagle_vis 30 0.992 0.983 0.004 0.012 0.000 0.002 0.001 0.014 0.000 0.000 0.074 0.002 0.921 0.030 0.023 0.000 0.001 0.006 0.004 0.001 0.000 0.039 0.001 0.002 0.040 0.001 0.004 0.001 0.002 0.001 0.000 0.000 0.000 0.000 0.002 0.001 0.000 0.000 0.000 0.001 0.000 0.001 0.000 0.000 0.049 0.003 0.002 0.009 0.000 0.000 0.000 0.000 0.006 0.000 0.000 0.000 0.000 0.001 
12 tuna_vis 30 0.989 0.024 0.001 0.978 0.006 0.001 0.001 0.004 0.000 0.000 0.001 0.000 0.035 0.001 0.000 0.000 0.000 0.001 0.001 0.000 0.002 0.005 0.070 0.039 0.832 0.005 0.014 0.004 0.010 0.001 0.001 0.000 0.001 0.001 0.005 0.001 0.000 0.000 0.002 0.004 0.001 0.000 0.000 0.000 0.002 0.001 0.000 0.000 0.000 0.000 0.000 0.000 0.006 0.000 0.001 0.000 0.000 0.000 
13 goldfish_vis 30 0.991 0.071 0.001 0.989 0.004 0.001 0.001 0.002 0.000 0.001 0.001 0.000 0.066 0.006 0.000 0.000 0.000 0.001 0.006 0.000 0.001 0.004 0.102 0.551 0.500 0.045 0.002 0.002 0.001 0.001 0.000 0.001 0.005 0.001 0.002 0.001 0.000 0.000 0.008 0.009 0.001 0.000 0.000 0.000 0.002 0.000 0.000 0.000 0.000 0.002 0.000 0.000 0.003 0.000 0.000 0.000 0.000 0.001 
14 salmon_vis 30 0.981 0.047 0.001 0.972 0.006 0.002 0.002 0.006 0.000 0.001 0.001 0.000 0.121 0.002 0.001 0.000 0.001 0.001 0.001 0.000 0.002 0.013 0.026 0.024 0.963 0.001 0.101 0.005 0.069 0.003 0.001 0.000 0.000 0.000 0.095 0.000 0.000 0.000 0.001 0.003 0.000 0.000 0.000 0.001 0.002 0.001 0.000 0.000 0.000 0.000 0.000 0.000 0.016 0.000 0.001 0.000 0.000 0.001 
15 sardine_vis 30 0.993 0.085 0.002 0.988 0.002 0.001 0.001 0.003 0.000 0.001 0.003 0.000 0.004 0.001 0.000 0.060 0.000 0.002 0.001 0.001 0.003 0.002 0.012 0.042 0.011 0.776 0.005 0.011 0.001 0.001 0.000 0.003 0.001 0.041 0.001 0.041 0.000 0.000 0.002 0.002 0.010 0.000 0.001 0.000 0.002 0.002 0.000 0.000 0.000 0.003 0.000 0.000 0.001 0.000 0.000 0.000 0.001 0.001 
16 catfish_vis 30 0.991 0.053 0.001 0.979 0.006 0.001 0.002 0.004 0.000 0.001 0.002 0.000 0.118 0.001 0.001 0.000 0.000 0.002 0.001 0.000 0.001 0.008 0.024 0.040 0.962 0.002 0.126 0.005 0.079 0.002 0.001 0.000 0.000 0.000 0.159 0.000 0.000 0.000 0.001 0.003 0.000 0.000 0.000 0.000 0.002 0.001 0.000 0.000 0.000 0.000 0.000 0.000 0.014 0.000 0.001 0.000 0.000 0.000 
17 cod_vis 30 0.992 0.072 0.001 0.986 0.006 0.002 0.001 0.002 0.000 0.001 0.001 0.000 0.023 0.003 0.000 0.004 0.000 0.001 0.009 0.000 0.002 0.003 0.237 0.076 0.165 0.046 0.001 0.038 0.001 0.001 0.000 0.000 0.013 0.009 0.002 0.002 0.000 0.000 0.067 0.019 0.021 0.000 0.001 0.000 0.002 0.001 0.000 0.000 0.000 0.121 0.000 0.000 0.001 0.000 0.001 0.000 0.001 0.001 
18 turtle_vis 30 0.989 0.056 0.001 0.977 0.006 0.002 0.002 0.003 0.000 0.001 0.001 0.000 0.130 0.002 0.001 0.000 0.000 0.002 0.001 0.001 0.001 0.009 0.025 0.047 0.960 0.002 0.115 0.005 0.076 0.002 0.001 0.000 0.000 0.000 0.145 0.000 0.000 0.000 0.001 0.003 0.000 0.000 0.000 0.000 0.002 0.001 0.000 0.000 0.000 0.000 0.000 0.000 0.014 0.000 0.001 0.000 0.000 0.001 
19 rattlesnake_vis 30 0.991 0.181 0.001 0.962 0.003 0.002 0.001 0.003 0.000 0.001 0.001 0.000 0.071 0.006 0.000 0.001 0.000 0.001 0.010 0.000 0.001 0.003 0.052 0.128 0.257 0.037 0.002 0.003 0.001 0.001 0.000 0.000 0.003 0.002 0.002 0.001 0.000 0.000 0.005 0.006 0.001 0.000 0.000 0.000 0.002 0.001 0.000 0.000 0.000 0.026 0.000 0.000 0.002 0.000 0.000 0.000 0.001 0.001 
20 crab_vis 30 0.989 0.047 0.001 0.976 0.006 0.002 0.002 0.003 0.000 0.001 0.001 0.000 0.090 0.003 0.001 0.000 0.000 0.001 0.002 0.001 0.001 0.008 0.034 0.040 0.932 0.003 0.051 0.004 0.039 0.002 0.001 0.000 0.001 0.000 0.062 0.001 0.000 0.000 0.001 0.004 0.000 0.000 0.000 0.000 0.002 0.001 0.000 0.000 0.000 0.000 0.000 0.000 0.011 0.000 0.001 0.000 0.000 0.001 
21 frog_vis 30 0.990 0.087 0.001 0.979 0.003 0.002 0.001 0.004 0.000 0.001 0.002 0.000 0.106 0.002 0.001 0.000 0.000 0.001 0.002 0.001 0.001 0.007 0.027 0.060 0.834 0.008 0.018 0.003 0.009 0.001 0.000 0.000 0.001 0.001 0.015 0.001 0.000 0.000 0.001 0.003 0.001 0.000 0.000 0.000 0.003 0.001 0.000 0.000 0.000 0.001 0.000 0.000 0.007 0.000 0.001 0.000 0.000 0.001 
22 gecko_vis 30 0.988 0.198 0.001 0.600 0.011 0.002 0.001 0.003 0.000 0.001 0.001 0.000 0.035 0.008 0.001 0.001 0.000 0.001 0.020 0.001 0.001 0.003 0.040 0.026 0.108 0.018 0.002 0.002 0.002 0.001 0.001 0.000 0.003 0.004 0.002 0.001 0.000 0.000 0.005 0.003 0.002 0.000 0.000 0.000 0.003 0.001 0.000 0.000 0.000 0.012 0.000 0.000 0.001 0.000 0.001 0.000 0.000 0.001 
23 crocodile_vis 30 0.987 0.035 0.001 0.971 0.005 0.002 0.002 0.006 0.000 0.001 0.002 0.000 0.084 0.001 0.001 0.000 0.000 0.002 0.001 0.001 0.002 0.013 0.043 0.027 0.947 0.002 0.085 0.004 0.059 0.001 0.001 0.000 0.000 0.000 0.065 0.001 0.000 0.000 0.001 0.003 0.000 0.000 0.000 0.000 0.003 0.001 0.000 0.000 0.000 0.000 0.000 0.000 0.016 0.000 0.001 0.000 0.000 0.001 
24 axe_vis 30 0.004 0.122 0.001 0.007 0.001 0.950 0.964 0.003 0.001 0.003 0.002 0.000 0.208 0.019 0.001 0.000 0.000 0.001 0.018 0.001 0.000 0.023 0.012 0.045 0.000 0.000 0.000 0.003 0.000 0.001 0.000 0.000 0.002 0.000 0.015 0.010 0.001 0.002 0.768 0.021 0.002 0.000 0.001 0.001 0.093 0.000 0.000 0.005 0.000 0.046 0.002 0.000 0.005 0.001 0.002 0.000 0.001 0.013 
25 hammer_vis 30 0.003 0.034 0.001 0.022 0.001 0.978 0.984 0.004 0.001 0.002 0.001 0.000 0.076 0.008 0.001 0.000 0.000 0.001 0.010 0.001 0.000 0.011 0.020 0.085 0.000 0.001 0.000 0.005 0.000 0.000 0.000 0.000 0.001 0.000 0.014 0.007 0.001 0.002 0.891 0.014 0.003 0.000 0.001 0.001 0.026 0.001 0.000 0.001 0.000 0.037 0.001 0.000 0.003 0.000 0.002 0.000 0.000 0.007 
26 screwdriver_vis 30 0.007 0.355 0.001 0.008 0.001 0.733 0.978 0.017 0.001 0.008 0.003 0.002 0.229 0.160 0.001 0.001 0.000 0.001 0.109 0.001 0.001 0.016 0.023 0.135 0.000 0.001 0.000 0.014 0.000 0.001 0.001 0.001 0.012 0.000 0.015 0.069 0.001 0.001 0.968 0.511 0.001 0.000 0.082 0.001 0.701 0.000 0.000 0.012 0.000 0.013 0.040 0.000 0.008 0.107 0.002 0.000 0.000 0.013 
27 chisel_vis 30 0.003 0.012 0.001 0.006 0.001 0.987 0.988 0.002 0.002 0.004 0.000 0.000 0.019 0.006 0.001 0.000 0.000 0.001 0.007 0.001 0.000 0.004 0.013 0.031 0.000 0.000 0.000 0.004 0.000 0.001 0.001 0.000 0.001 0.000 0.032 0.004 0.001 0.008 0.908 0.007 0.002 0.000 0.001 0.001 0.009 0.000 0.000 0.002 0.000 0.035 0.001 0.000 0.002 0.001 0.003 0.000 0.001 0.015 
28 saw_vis 30 0.011 0.004 0.001 0.771 0.001 0.330 0.982 0.282 0.000 0.018 0.001 0.000 0.010 0.047 0.000 0.000 0.000 0.006 0.003 0.001 0.003 0.005 0.206 0.940 0.009 0.002 0.001 0.159 0.000 0.001 0.001 0.001 0.180 0.000 0.103 0.079 0.001 0.000 0.920 0.965 0.002 0.001 0.180 0.001 0.089 0.000 0.000 0.000 0.000 0.001 0.060 0.000 0.370 0.119 0.001 0.000 0.001 0.001 
29 drill_vis 30 0.003 0.009 0.001 0.046 0.001 0.964 0.991 0.007 0.001 0.002 0.000 0.000 0.019 0.007 0.000 0.000 0.000 0.001 0.005 0.001 0.001 0.005 0.036 0.144 0.001 0.001 0.000 0.007 0.000 0.000 0.000 0.000 0.002 0.000 0.012 0.018 0.001 0.001 0.898 0.169 0.002 0.000 0.001 0.001 0.025 0.000 0.000 0.001 0.000 0.015 0.002 0.000 0.005 0.001 0.001 0.000 0.000 0.005 
30 clamp_vis 30 0.002 0.001 0.001 0.027 0.001 0.983 0.016 0.845 0.001 0.002 0.000 0.000 0.000 0.000 0.001 0.000 0.000 0.000 0.000 0.001 0.001 0.001 0.027 0.001 0.001 0.019 0.000 0.003 0.000 0.001 0.002 0.000 0.000 0.008 0.003 0.006 0.001 0.001 0.107 0.002 0.755 0.000 0.018 0.020 0.027 0.003 0.000 0.001 0.000 0.001 0.000 0.009 0.001 0.000 0.005 0.000 0.000 0.001 
31 hoe_vis 30 0.004 0.191 0.001 0.001 0.001 0.289 0.015 0.012 0.787 0.096 0.001 0.047 0.029 0.207 0.004 0.001 0.003 0.001 0.179 0.002 0.001 0.004 0.001 0.001 0.001 0.004 0.001 0.000 0.002 0.001 0.002 0.001 0.001 0.004 0.016 0.002 0.001 0.000 0.096 0.004 0.001 0.003 0.003 0.000 0.894 0.001 0.002 0.787 0.000 0.068 0.728 0.145 0.004 0.570 0.027 0.000 0.001 0.024 
32 rake_vis 30 0.003 0.001 0.019 0.000 0.001 0.990 0.004 0.003 0.011 0.967 0.000 0.000 0.000 0.000 0.001 0.000 0.013 0.001 0.006 0.010 0.004 0.015 0.004 0.000 0.000 0.000 0.001 0.000 0.015 0.001 0.008 0.000 0.000 0.001 0.012 0.001 0.001 0.002 0.004 0.001 0.002 0.001 0.001 0.003 0.084 0.002 0.000 0.319 0.004 0.001 0.001 0.012 0.021 0.016 0.724 0.006 0.001 0.057 
33 shovel_vis 30 0.003 0.042 0.001 0.002 0.001 0.976 0.342 0.010 0.001 0.003 0.000 0.000 0.049 0.006 0.001 0.000 0.000 0.000 0.010 0.001 0.000 0.009 0.008 0.010 0.000 0.000 0.000 0.002 0.001 0.001 0.001 0.000 0.001 0.000 0.009 0.001 0.001 0.002 0.470 0.003 0.003 0.000 0.001 0.001 0.113 0.000 0.000 0.006 0.000 0.019 0.001 0.000 0.001 0.001 0.003 0.000 0.000 0.004 
34 spade_vis 30 0.004 0.384 0.003 0.016 0.001 0.020 0.003 0.378 0.167 0.005 0.003 0.017 0.165 0.095 0.001 0.007 0.002 0.001 0.180 0.001 0.002 0.041 0.008 0.002 0.018 0.131 0.002 0.001 0.001 0.001 0.011 0.000 0.001 0.023 0.007 0.001 0.000 0.000 0.010 0.005 0.014 0.003 0.012 0.001 0.899 0.001 0.001 0.223 0.000 0.041 0.328 0.079 0.010 0.163 0.006 0.000 0.000 0.001 
35 wrench_vis 30 0.003 0.004 0.001 0.000 0.002 0.986 0.027 0.002 0.821 0.032 0.000 0.001 0.002 0.004 0.003 0.000 0.001 0.001 0.001 0.002 0.000 0.001 0.001 0.000 0.000 0.000 0.001 0.000 0.016 0.001 0.003 0.000 0.000 0.001 0.035 0.001 0.001 0.005 0.006 0.000 0.002 0.001 0.001 0.002 0.006 0.003 0.002 0.470 0.030 0.048 0.005 0.013 0.002 0.001 0.017 0.001 0.001 0.044 
36 accordion_vis 30 0.003 0.019 0.001 0.000 0.001 0.990 0.001 0.002 0.990 0.004 0.001 0.002 0.001 0.063 0.002 0.001 0.001 0.001 0.001 0.001 0.000 0.000 0.000 0.000 0.000 0.000 0.000 0.000 0.000 0.001 0.001 0.000 0.000 0.001 0.001 0.001 0.003 0.000 0.001 0.002 0.000 0.013 0.001 0.000 0.020 0.001 0.096 0.025 0.001 0.044 0.958 0.010 0.001 0.027 0.001 0.001 0.001 0.002 
37 cello_vis 30 0.003 0.050 0.001 0.000 0.001 0.992 0.001 0.003 0.987 0.005 0.001 0.001 0.008 0.005 0.029 0.001 0.002 0.000 0.002 0.001 0.000 0.001 0.000 0.000 0.000 0.000 0.000 0.000 0.001 0.001 0.003 0.000 0.000 0.001 0.002 0.001 0.000 0.001 0.001 0.000 0.001 0.001 0.001 0.001 0.133 0.010 0.015 0.981 0.002 0.061 0.017 0.111 0.001 0.002 0.007 0.001 0.001 0.005 
38 flute_vis 30 0.003 0.038 0.001 0.000 0.002 0.640 0.002 0.005 0.920 0.017 0.001 0.005 0.006 0.035 0.003 0.001 0.001 0.000 0.028 0.001 0.000 0.001 0.001 0.000 0.000 0.004 0.000 0.000 0.002 0.001 0.005 0.000 0.001 0.008 0.004 0.001 0.001 0.001 0.031 0.001 0.005 0.001 0.001 0.001 0.727 0.001 0.001 0.718 0.002 0.092 0.398 0.166 0.001 0.027 0.025 0.001 0.001 0.005 
39 guitar_vis 30 0.003 0.027 0.001 0.000 0.001 0.990 0.001 0.001 0.987 0.008 0.001 0.001 0.004 0.009 0.005 0.001 0.001 0.001 0.005 0.001 0.000 0.001 0.000 0.000 0.000 0.001 0.000 0.000 0.001 0.001 0.001 0.000 0.000 0.001 0.002 0.001 0.000 0.000 0.003 0.000 0.001 0.001 0.001 0.000 0.139 0.002 0.004 0.904 0.001 0.181 0.051 0.137 0.001 0.004 0.003 0.001 0.001 0.006 
40 piano_vis 30 0.002 0.023 0.001 0.000 0.001 0.987 0.001 0.002 0.990 0.004 0.001 0.002 0.002 0.056 0.002 0.001 0.001 0.001 0.001 0.001 0.000 0.000 0.000 0.000 0.000 0.000 0.000 0.000 0.000 0.001 0.001 0.000 0.000 0.001 0.001 0.001 0.002 0.000 0.001 0.001 0.000 0.008 0.001 0.000 0.044 0.001 0.101 0.060 0.001 0.032 0.890 0.014 0.001 0.014 0.001 0.000 0.001 0.002 
41 trumpet_vis 30 0.002 0.043 0.001 0.000 0.001 0.995 0.001 0.003 0.990 0.004 0.001 0.001 0.005 0.003 0.037 0.001 0.002 0.000 0.002 0.001 0.000 0.001 0.000 0.000 0.000 0.000 0.000 0.000 0.001 0.001 0.002 0.000 0.000 0.001 0.001 0.001 0.000 0.001 0.001 0.000 0.001 0.001 0.001 0.001 0.069 0.015 0.024 0.942 0.004 0.145 0.010 0.136 0.001 0.001 0.010 0.001 0.001 0.003 
42 fork_vis 30 0.004 0.001 0.046 0.001 0.001 0.964 0.003 0.002 0.000 0.923 0.000 0.000 0.001 0.002 0.000 0.000 0.002 0.008 0.014 0.004 0.003 0.343 0.013 0.000 0.001 0.000 0.001 0.000 0.001 0.000 0.000 0.000 0.000 0.000 0.018 0.001 0.000 0.000 0.002 0.002 0.000 0.002 0.001 0.000 0.044 0.001 0.000 0.009 0.000 0.001 0.000 0.000 0.408 0.125 0.023 0.002 0.001 0.124 
43 spoon_vis 30 0.005 0.001 0.048 0.000 0.001 0.983 0.001 0.003 0.001 0.988 0.000 0.001 0.000 0.019 0.000 0.000 0.021 0.005 0.010 0.005 0.009 0.033 0.003 0.000 0.000 0.000 0.000 0.000 0.000 0.000 0.001 0.000 0.012 0.000 0.002 0.001 0.001 0.000 0.001 0.006 0.000 0.067 0.001 0.000 0.201 0.000 0.001 0.004 0.000 0.000 0.030 0.001 0.456 0.975 0.007 0.005 0.002 0.023 
44 tongs_vis 30 0.003 0.001 0.001 0.235 0.001 0.707 0.164 0.619 0.001 0.034 0.000 0.000 0.001 0.001 0.001 0.000 0.000 0.000 0.002 0.001 0.005 0.004 0.369 0.037 0.002 0.009 0.000 0.007 0.000 0.001 0.009 0.000 0.014 0.004 0.005 0.002 0.001 0.001 0.854 0.190 0.269 0.000 0.014 0.011 0.358 0.001 0.000 0.001 0.000 0.001 0.006 0.001 0.021 0.002 0.036 0.000 0.001 0.003 
45 ladle_vis 30 0.004 0.001 0.038 0.000 0.001 0.983 0.002 0.002 0.001 0.977 0.000 0.000 0.000 0.006 0.000 0.000 0.009 0.005 0.004 0.004 0.006 0.059 0.004 0.000 0.000 0.000 0.001 0.000 0.001 0.001 0.001 0.000 0.002 0.000 0.006 0.001 0.001 0.000 0.002 0.002 0.000 0.027 0.001 0.000 0.084 0.001 0.000 0.004 0.000 0.000 0.003 0.001 0.498 0.815 0.026 0.005 0.002 0.034 
46 knife_vis 30 0.005 0.001 0.047 0.000 0.001 0.988 0.002 0.001 0.007 0.985 0.000 0.001 0.000 0.020 0.000 0.001 0.004 0.004 0.149 0.030 0.001 0.057 0.003 0.000 0.000 0.001 0.000 0.000 0.001 0.000 0.000 0.000 0.008 0.000 0.002 0.001 0.001 0.001 0.014 0.001 0.000 0.003 0.001 0.000 0.050 0.001 0.000 0.008 0.001 0.020 0.007 0.005 0.108 0.797 0.006 0.002 0.007 0.397 
47 chopsticks_vis 30 0.004 0.001 0.169 0.000 0.001 0.958 0.003 0.001 0.022 0.991 0.000 0.003 0.000 0.010 0.001 0.001 0.009 0.001 0.652 0.118 0.002 0.080 0.008 0.000 0.000 0.002 0.000 0.000 0.001 0.000 0.000 0.001 0.010 0.001 0.004 0.002 0.001 0.001 0.057 0.001 0.001 0.001 0.001 0.000 0.520 0.001 0.000 0.317 0.001 0.018 0.011 0.071 0.009 0.857 0.111 0.002 0.003 0.684 
