0 beaver_vis 30 0.995 0.988 0.017 0.002 0.001 0.003 0.000 0.001 0.001 0.006 0.108 0.003 0.027 0.006 0.126 0.009 0.007 0.002 0.001 0.000 0.014 0.006 0.002 0.000 0.000 0.000 0.001 0.003 0.000 0.005 0.004 0.000 0.001 0.001 0.000 0.000 0.000 0.000 0.000 0.006 0.000 0.000 0.000 0.001 0.000 0.001 0.000 0.000 0.000 0.001 0.001 0.000 0.001 0.001 0.002 0.001 0.001 0.000 
1 bear_vis 30 0.995 0.614 0.000 0.928 0.000 0.003 0.000 0.003 0.001 0.001 0.000 0.647 0.005 0.001 0.002 0.004 0.000 0.002 0.001 0.000 0.000 0.000 0.009 0.271 0.001 0.005 0.002 0.117 0.000 0.000 0.001 0.000 0.001 0.001 0.000 0.000 0.000 0.001 0.000 0.001 0.000 0.036 0.001 0.000 0.001 0.001 0.000 0.000 0.001 0.010 0.000 0.000 0.000 0.001 0.001 0.001 0.000 0.000 
2 sheep_vis 30 0.995 0.965 0.003 0.143 0.000 0.005 0.000 0.001 0.001 0.005 0.001 0.040 0.000 0.860 0.042 0.079 0.000 0.003 0.001 0.001 0.000 0.011 0.003 0.058 0.007 0.000 0.000 0.160 0.000 0.016 0.001 0.000 0.000 0.000 0.000 0.000 0.000 0.000 0.001 0.045 0.000 0.001 0.000 0.006 0.000 0.001 0.001 0.000 0.002 0.002 0.000 0.000 0.000 0.007 0.011 0.001 0.012 0.000 
3 buffalo_vis 30 0.995 0.112 0.000 0.978 0.001 0.003 0.000 0.020 0.001 0.001 0.000 0.003 0.000 0.016 0.001 0.105 0.000 0.001 0.000 0.000 0.000 0.000 0.029 0.070 0.014 0.002 0.002 0.957 0.000 0.016 0.002 0.000 0.000 0.000 0.000 0.000 0.000 0.001 0.000 0.003 0.000 0.026 0.000 0.221 0.000 0.003 0.000 0.000 0.018 0.079 0.000 0.000 0.000 0.001 0.001 0.007 0.002 0.000 
4 poodle_vis 30 0.995 0.937 0.005 0.066 0.002 0.003 0.001 0.001 0.001 0.004 0.000 0.318 0.015 0.075 0.189 0.004 0.000 0.002 0.002 0.000 0.001 0.010 0.011 0.006 0.003 0.001 0.001 0.019 0.001 0.001 0.002 0.000 0.001 0.001 0.000 0.001 0.000 0.001 0.000 0.051 0.000 0.002 0.000 0.000 0.000 0.001 0.000 0.000 0.001 0.002 0.000 0.000 0.000 0.004 0.009 0.001 0.002 0.000 
5 giraffe_vis 30 0.995 0.545 0.000 0.975 0.000 0.003 0.000 0.005 0.001 0.001 0.000 0.480 0.002 0.001 0.002 0.003 0.000 0.001 0.000 0.000 0.000 0.000 0.009 0.340 0.001 0.003 0.003 0.222 0.000 0.000 0.002 0.000 0.000 0.001 0.000 0.000 0.000 0.001 0.000 0.001 0.000 0.041 0.001 0.000 0.001 0.002 0.000 0.000 0.001 0.020 0.000 0.001 0.000 0.001 0.001 0.001 0.000 0.000 
6 robin_vis 30 0.994 0.403 0.412 0.380 0.000 0.003 0.001 0.001 0.001 0.001 0.000 0.576 0.021 0.001 0.000 0.059 0.001 0.005 0.950 0.007 0.000 0.003 0.002 0.286 0.002 0.176 0.000 0.000 0.000 0.000 0.000 0.000 0.000 0.001 0.000 0.000 0.000 0.000 0.001 0.001 0.000 0.001 0.000 0.000 0.005 0.000 0.003 0.000 0.000 0.001 0.000 0.000 0.000 0.001 0.001 0.000 0.000 0.000 
7 swan_vis 30 0.995 0.178 0.687 0.671 0.000 0.003 0.001 0.001 0.001 0.001 0.000 0.342 0.001 0.205 0.000 0.001 0.001 0.007 0.025 0.697 0.001 0.001 0.001 0.046 0.573 0.000 0.001 0.000 0.000 0.000 0.000 0.000 0.000 0.000 0.000 0.000 0.001 0.000 0.001 0.058 0.000 0.000 0.000 0.000 0.001 0.000 0.015 0.000 0.002 0.000 0.000 0.000 0.000 0.001 0.001 0.000 0.000 0.000 
8 woodpecker_vis 30 0.995 0.424 0.866 0.152 0.000 0.003 0.000 0.001 0.001 0.001 0.000 0.466 0.018 0.002 0.000 0.121 0.001 0.013 0.892 0.042 0.000 0.003 0.009 0.003 0.021 0.011 0.000 0.000 0.000 0.000 0.000 0.001 0.001 0.000 0.000 0.000 0.000 0.000 0.001 0.001 0.000 0.001 0.000 0.000 0.002 0.000 0.022 0.001 0.000 0.001 0.000 0.000 0.000 0.001 0.003 0.001 0.000 0.000 
9 peacock_vis 30 0.995 0.484 0.699 0.217 0.000 0.002 0.001 0.001 0.001 0.001 0.000 0.552 0.027 0.002 0.000 0.105 0.001 0.009 0.919 0.013 0.000 0.004 0.006 0.022 0.007 0.043 0.000 0.000 0.000 0.000 0.000 0.001 0.001 0.000 0.000 0.000 0.000 0.000 0.001 0.001 0.000 0.001 0.000 0.000 0.003 0.000 0.008 0.000 0.000 0.001 0.000 0.000 0.000 0.001 0.003 0.001 0.000 0.000 
10 crow_vis 30 0.994 0.208 0.586 0.790 0.000 0.003 0.001 0.001 0.001 0.001 0.000 0.388 0.001 0.181 0.001 0.001 0.000 0.005 0.022 0.487 0.001 0.000 0.001 0.216 0.319 0.001 0.001 0.000 0.000 0.000 0.000 0.000 0.000 0.000 0.000 0.000 0.000 0.000 0.003 0.036 0.000 0.000 0.000 0.000 0.001 0.000 0.007 0.000 0.001 0.000 0.000 0.000 0.000 0.000 0.001 0.000 0.000 0.000 
11 eagle_vis 30 0.995 0.597 0.672 0.143 0.001 0.003 0.001 0.001 0.001 0.001 0.000 0.600 0.051 0.001 0.000 0.119 0.002 0.008 0.893 0.005 0.001 0.022 0.010 0.010 0.003 0.030 0.000 0.000 0.000 0.000 0.000 0.000 0.001 0.001 0.000 0.000 0.001 0.000 0.001 0.001 0.000 0.002 0.000 0.000 0.002 0.000 0.005 0.000 0.000 0.001 0.001 0.000 0.001 0.003 0.006 0.001 0.000 0.000 
12 tuna_vis 30 0.995 0.028 0.000 0.931 0.088 0.002 0.000 0.004 0.001 0.001 0.000 0.092 0.010 0.000 0.000 0.087 0.000 0.004 0.003 0.000 0.000 0.003 0.962 0.001 0.024 0.064 0.001 0.007 0.001 0.001 0.004 0.001 0.148 0.077 0.000 0.001 0.000 0.001 0.000 0.000 0.001 0.041 0.013 0.000 0.006 0.002 0.002 0.002 0.000 0.015 0.000 0.001 0.000 0.003 0.097 0.027 0.000 0.000 
13 goldfish_vis 30 0.995 0.007 0.000 0.993 0.001 0.003 0.000 0.001 0.001 0.001 0.000 0.047 0.001 0.001 0.001 0.000 0.000 0.001 0.000 0.000 0.000 0.000 0.007 0.782 0.016 0.039 0.045 0.058 0.000 0.000 0.003 0.000 0.001 0.001 0.000 0.001 0.000 0.002 0.000 0.001 0.000 0.003 0.001 0.000 0.021 0.001 0.000 0.000 0.001 0.004 0.000 0.001 0.000 0.000 0.000 0.000 0.000 0.000 
14 salmon_vis 30 0.995 0.001 0.001 0.994 0.002 0.002 0.000 0.001 0.001 0.000 0.000 0.001 0.000 0.040 0.001 0.003 0.000 0.001 0.000 0.046 0.000 0.000 0.014 0.083 0.953 0.002 0.016 0.020 0.005 0.004 0.001 0.005 0.001 0.000 0.000 0.003 0.000 0.001 0.000 0.014 0.000 0.000 0.000 0.050 0.002 0.001 0.046 0.000 0.053 0.001 0.001 0.000 0.000 0.000 0.001 0.000 0.000 0.000 
15 sardine_vis 30 0.995 0.076 0.000 0.976 0.001 0.003 0.000 0.009 0.001 0.001 0.000 0.002 0.000 0.015 0.001 0.063 0.000 0.001 0.000 0.000 0.000 0.000 0.022 0.065 0.009 0.001 0.003 0.949 0.000 0.013 0.004 0.000 0.000 0.001 0.000 0.001 0.000 0.002 0.000 0.003 0.000 0.018 0.001 0.117 0.000 0.002 0.000 0.000 0.011 0.051 0.000 0.001 0.000 0.000 0.001 0.002 0.001 0.000 
16 catfish_vis 30 0.995 0.001 0.000 0.956 0.051 0.002 0.001 0.001 0.001 0.001 0.000 0.000 0.002 0.000 0.017 0.000 0.000 0.001 0.000 0.000 0.000 0.000 0.001 0.010 0.053 0.009 0.951 0.017 0.005 0.001 0.005 0.004 0.012 0.001 0.000 0.002 0.000 0.006 0.000 0.027 0.000 0.000 0.001 0.001 0.001 0.001 0.000 0.000 0.002 0.001 0.001 0.002 0.000 0.000 0.000 0.000 0.000 0.000 
17 cod_vis 30 0.995 0.153 0.000 0.970 0.001 0.003 0.000 0.015 0.001 0.001 0.000 0.002 0.000 0.002 0.002 0.042 0.000 0.001 0.000 0.000 0.000 0.000 0.004 0.193 0.001 0.001 0.007 0.955 0.000 0.001 0.005 0.000 0.000 0.001 0.000 0.001 0.000 0.004 0.000 0.000 0.000 0.061 0.001 0.043 0.000 0.001 0.000 0.000 0.003 0.130 0.000 0.001 0.000 0.000 0.000 0.001 0.001 0.000 
18 turtle_vis 30 0.995 0.001 0.006 0.012 0.979 0.003 0.001 0.001 0.002 0.002 0.001 0.000 0.001 0.000 0.037 0.000 0.001 0.101 0.000 0.000 0.170 0.001 0.005 0.000 0.002 0.004 0.021 0.015 0.715 0.001 0.877 0.001 0.035 0.008 0.000 0.007 0.009 0.100 0.001 0.001 0.000 0.000 0.002 0.000 0.000 0.002 0.000 0.000 0.001 0.001 0.005 0.002 0.024 0.001 0.001 0.000 0.008 0.003 
19 rattlesnake_vis 30 0.966 0.001 0.000 0.001 0.970 0.004 0.001 0.111 0.003 0.007 0.001 0.000 0.000 0.000 0.000 0.001 0.009 0.000 0.000 0.000 0.000 0.005 0.003 0.000 0.000 0.003 0.001 0.013 0.001 0.965 0.022 0.009 0.000 0.107 0.003 0.001 0.000 0.002 0.000 0.001 0.058 0.012 0.062 0.012 0.002 0.002 0.000 0.002 0.000 0.004 0.004 0.023 0.118 0.000 0.005 0.008 0.003 0.004 
20 crab_vis 30 0.995 0.007 0.000 0.886 0.213 0.002 0.000 0.001 0.001 0.001 0.000 0.001 0.007 0.000 0.023 0.000 0.000 0.001 0.000 0.000 0.000 0.000 0.009 0.001 0.030 0.006 0.863 0.043 0.003 0.001 0.045 0.002 0.048 0.001 0.000 0.002 0.000 0.010 0.000 0.019 0.000 0.001 0.001 0.001 0.000 0.001 0.000 0.000 0.001 0.001 0.001 0.002 0.000 0.000 0.001 0.000 0.000 0.000 
21 frog_vis 30 0.992 0.001 0.000 0.001 0.915 0.003 0.001 0.006 0.003 0.001 0.001 0.000 0.000 0.000 0.002 0.000 0.004 0.001 0.000 0.000 0.000 0.000 0.001 0.000 0.000 0.005 0.002 0.012 0.001 0.860 0.014 0.010 0.001 0.006 0.001 0.001 0.000 0.002 0.001 0.001 0.009 0.002 0.012 0.002 0.001 0.001 0.000 0.001 0.000 0.001 0.002 0.013 0.044 0.000 0.001 0.002 0.003 0.001 
22 gecko_vis 30 0.995 0.021 0.000 0.054 0.963 0.003 0.000 0.001 0.002 0.001 0.001 0.000 0.249 0.000 0.001 0.001 0.000 0.001 0.000 0.000 0.000 0.001 0.172 0.000 0.001 0.024 0.044 0.006 0.001 0.006 0.258 0.004 0.767 0.391 0.000 0.001 0.000 0.004 0.000 0.001 0.010 0.012 0.018 0.000 0.000 0.001 0.000 0.001 0.000 0.002 0.001 0.004 0.002 0.000 0.005 0.006 0.000 0.002 
23 crocodile_vis 30 0.995 0.002 0.000 0.004 0.966 0.003 0.001 0.001 0.002 0.003 0.000 0.000 0.008 0.000 0.068 0.000 0.001 0.001 0.000 0.000 0.001 0.002 0.008 0.000 0.001 0.005 0.023 0.234 0.005 0.538 0.184 0.001 0.020 0.032 0.000 0.001 0.000 0.006 0.000 0.048 0.001 0.001 0.005 0.038 0.000 0.001 0.000 0.001 0.001 0.001 0.006 0.003 0.003 0.000 0.002 0.001 0.017 0.002 
24 axe_vis 30 0.003 0.000 0.002 0.001 0.001 0.996 0.994 0.008 0.002 0.002 0.000 0.000 0.000 0.000 0.004 0.000 0.003 0.000 0.000 0.151 0.005 0.000 0.000 0.000 0.002 0.000 0.001 0.000 0.003 0.001 0.000 0.001 0.000 0.000 0.863 0.008 0.722 0.051 0.003 0.614 0.107 0.011 0.001 0.118 0.000 0.001 0.000 0.000 0.041 0.000 0.003 0.000 0.000 0.000 0.006 0.000 0.008 0.000 
25 hammer_vis 30 0.004 0.000 0.000 0.022 0.003 0.997 0.981 0.118 0.014 0.001 0.000 0.000 0.000 0.000 0.007 0.000 0.000 0.000 0.000 0.001 0.001 0.000 0.000 0.033 0.002 0.001 0.095 0.003 0.033 0.001 0.002 0.001 0.000 0.000 0.002 0.988 0.015 0.018 0.023 0.013 0.003 0.000 0.161 0.009 0.004 0.015 0.000 0.000 0.022 0.000 0.009 0.002 0.000 0.000 0.004 0.000 0.005 0.001 
26 screwdriver_vis 30 0.003 0.000 0.001 0.001 0.001 0.997 0.994 0.001 0.002 0.005 0.000 0.000 0.000 0.001 0.005 0.000 0.000 0.000 0.000 0.038 0.006 0.000 0.000 0.000 0.007 0.000 0.001 0.000 0.004 0.001 0.000 0.001 0.000 0.000 0.005 0.022 0.961 0.007 0.003 0.094 0.108 0.000 0.001 0.003 0.005 0.001 0.000 0.000 0.003 0.000 0.002 0.000 0.000 0.000 0.112 0.000 0.007 0.000 
27 chisel_vis 30 0.003 0.000 0.000 0.003 0.001 0.997 0.990 0.006 0.015 0.001 0.000 0.000 0.000 0.001 0.007 0.000 0.000 0.000 0.000 0.002 0.002 0.000 0.000 0.002 0.004 0.000 0.021 0.002 0.022 0.000 0.001 0.001 0.000 0.000 0.005 0.361 0.381 0.449 0.008 0.004 0.023 0.002 0.001 0.010 0.019 0.027 0.000 0.000 0.013 0.000 0.001 0.003 0.000 0.000 0.007 0.000 0.011 0.001 
28 saw_vis 30 0.004 0.001 0.001 0.001 0.001 0.996 0.994 0.001 0.003 0.004 0.000 0.000 0.000 0.002 0.028 0.000 0.001 0.001 0.000 0.005 0.034 0.000 0.000 0.032 0.001 0.000 0.008 0.000 0.011 0.001 0.000 0.001 0.000 0.000 0.004 0.041 0.071 0.061 0.839 0.092 0.001 0.001 0.001 0.001 0.048 0.001 0.000 0.000 0.002 0.000 0.004 0.001 0.001 0.000 0.004 0.000 0.014 0.001 
29 drill_vis 30 0.003 0.000 0.001 0.001 0.001 0.996 0.994 0.002 0.001 0.004 0.000 0.000 0.000 0.000 0.002 0.000 0.002 0.000 0.000 0.032 0.003 0.000 0.000 0.000 0.001 0.000 0.001 0.000 0.001 0.002 0.000 0.002 0.000 0.000 0.022 0.077 0.085 0.001 0.007 0.982 0.014 0.001 0.008 0.012 0.013 0.000 0.000 0.000 0.004 0.000 0.023 0.000 0.000 0.000 0.027 0.000 0.003 0.001 
30 clamp_vis 30 0.003 0.000 0.000 0.001 0.001 0.997 0.004 0.994 0.044 0.001 0.000 0.000 0.000 0.000 0.000 0.000 0.000 0.000 0.000 0.000 0.000 0.000 0.001 0.000 0.001 0.005 0.000 0.000 0.000 0.012 0.000 0.041 0.000 0.001 0.001 0.002 0.000 0.002 0.000 0.001 0.981 0.009 0.038 0.064 0.012 0.018 0.000 0.000 0.001 0.000 0.000 0.058 0.000 0.000 0.002 0.001 0.000 0.001 
31 hoe_vis 30 0.004 0.003 0.000 0.001 0.001 0.996 0.008 0.006 0.002 0.990 0.000 0.001 0.016 0.000 0.000 0.000 0.002 0.001 0.001 0.000 0.001 0.023 0.002 0.000 0.000 0.000 0.000 0.001 0.000 0.003 0.001 0.000 0.000 0.051 0.041 0.001 0.001 0.003 0.001 0.177 0.002 0.009 0.071 0.001 0.002 0.001 0.001 0.001 0.001 0.001 0.016 0.001 0.014 0.134 0.187 0.020 0.025 0.865 
32 rake_vis 30 0.004 0.000 0.000 0.002 0.002 0.996 0.163 0.990 0.008 0.001 0.000 0.000 0.000 0.000 0.000 0.000 0.001 0.000 0.034 0.001 0.000 0.001 0.001 0.001 0.000 0.016 0.000 0.000 0.000 0.002 0.000 0.021 0.000 0.001 0.018 0.011 0.000 0.001 0.002 0.088 0.009 0.002 0.932 0.002 0.076 0.002 0.002 0.001 0.001 0.000 0.001 0.003 0.000 0.000 0.045 0.001 0.000 0.002 
33 shovel_vis 30 0.003 0.000 0.000 0.002 0.001 0.997 0.040 0.986 0.002 0.001 0.000 0.000 0.000 0.000 0.000 0.000 0.000 0.000 0.000 0.000 0.000 0.000 0.001 0.001 0.001 0.000 0.010 0.014 0.000 0.014 0.000 0.001 0.000 0.000 0.021 0.066 0.001 0.023 0.000 0.073 0.067 0.004 0.035 0.978 0.001 0.005 0.000 0.000 0.078 0.001 0.002 0.002 0.000 0.000 0.001 0.001 0.005 0.001 
34 spade_vis 30 0.004 0.000 0.001 0.005 0.001 0.991 0.063 0.884 0.013 0.001 0.000 0.002 0.000 0.000 0.000 0.000 0.000 0.001 0.093 0.002 0.000 0.000 0.001 0.004 0.000 0.028 0.000 0.000 0.000 0.001 0.000 0.013 0.000 0.001 0.001 0.001 0.000 0.000 0.070 0.008 0.002 0.014 0.239 0.000 0.888 0.001 0.003 0.001 0.000 0.000 0.001 0.002 0.000 0.000 0.084 0.000 0.000 0.001 
35 wrench_vis 30 0.003 0.001 0.000 0.005 0.000 0.996 0.001 0.123 0.987 0.002 0.000 0.000 0.000 0.011 0.000 0.040 0.000 0.005 0.000 0.000 0.000 0.000 0.001 0.008 0.001 0.003 0.000 0.005 0.000 0.000 0.000 0.000 0.000 0.000 0.001 0.000 0.000 0.001 0.001 0.000 0.000 0.000 0.001 0.002 0.001 0.223 0.006 0.001 0.053 0.398 0.001 0.007 0.000 0.002 0.000 0.003 0.007 0.001 
36 accordion_vis 30 0.004 0.001 0.032 0.006 0.001 0.996 0.092 0.002 0.990 0.002 0.000 0.007 0.000 0.495 0.000 0.000 0.000 0.008 0.000 0.043 0.002 0.000 0.000 0.416 0.004 0.001 0.000 0.000 0.001 0.001 0.000 0.000 0.000 0.000 0.005 0.022 0.007 0.000 0.139 0.000 0.000 0.000 0.001 0.000 0.001 0.001 0.752 0.003 0.827 0.007 0.122 0.001 0.000 0.008 0.000 0.000 0.036 0.001 
37 cello_vis 30 0.005 0.001 0.001 0.001 0.003 0.995 0.028 0.001 0.994 0.033 0.001 0.000 0.000 0.001 0.000 0.000 0.005 0.002 0.000 0.000 0.004 0.000 0.001 0.000 0.001 0.001 0.001 0.000 0.001 0.001 0.001 0.003 0.022 0.001 0.002 0.004 0.042 0.001 0.001 0.000 0.230 0.000 0.001 0.000 0.001 0.006 0.004 0.931 0.003 0.002 0.308 0.083 0.001 0.001 0.000 0.001 0.006 0.146 
38 flute_vis 30 0.003 0.000 0.000 0.006 0.001 0.996 0.060 0.002 0.979 0.001 0.000 0.000 0.000 0.010 0.001 0.000 0.000 0.001 0.000 0.001 0.000 0.000 0.001 0.021 0.003 0.001 0.011 0.003 0.001 0.000 0.000 0.000 0.000 0.000 0.007 0.514 0.001 0.030 0.002 0.001 0.000 0.000 0.013 0.010 0.001 0.001 0.028 0.001 0.976 0.002 0.065 0.002 0.000 0.001 0.000 0.000 0.073 0.001 
39 guitar_vis 30 0.003 0.001 0.004 0.005 0.001 0.996 0.001 0.005 0.994 0.002 0.000 0.003 0.000 0.024 0.000 0.003 0.000 0.045 0.010 0.001 0.000 0.000 0.002 0.013 0.002 0.025 0.000 0.001 0.000 0.001 0.000 0.000 0.000 0.000 0.001 0.002 0.000 0.000 0.016 0.000 0.000 0.000 0.007 0.000 0.014 0.007 0.809 0.020 0.021 0.026 0.002 0.002 0.000 0.008 0.000 0.001 0.001 0.002 
40 piano_vis 30 0.005 0.002 0.038 0.001 0.002 0.995 0.049 0.001 0.994 0.013 0.003 0.000 0.000 0.003 0.000 0.000 0.028 0.005 0.000 0.001 0.077 0.000 0.001 0.000 0.001 0.001 0.001 0.000 0.001 0.001 0.001 0.002 0.004 0.001 0.006 0.004 0.131 0.000 0.001 0.000 0.021 0.000 0.001 0.000 0.000 0.002 0.031 0.524 0.005 0.001 0.939 0.004 0.002 0.001 0.000 0.001 0.030 0.036 
41 trumpet_vis 30 0.005 0.001 0.001 0.001 0.003 0.995 0.009 0.001 0.994 0.026 0.001 0.000 0.001 0.000 0.000 0.000 0.003 0.002 0.000 0.000 0.002 0.000 0.001 0.000 0.001 0.003 0.001 0.000 0.001 0.001 0.001 0.003 0.019 0.001 0.001 0.003 0.008 0.002 0.001 0.000 0.074 0.000 0.002 0.000 0.002 0.003 0.003 0.892 0.002 0.002 0.128 0.286 0.001 0.001 0.000 0.001 0.004 0.147 
42 fork_vis 30 0.006 0.002 0.001 0.001 0.004 0.995 0.006 0.001 0.001 0.991 0.000 0.001 0.038 0.000 0.000 0.000 0.007 0.001 0.001 0.000 0.002 0.011 0.001 0.000 0.000 0.000 0.000 0.000 0.000 0.011 0.002 0.000 0.000 0.021 0.010 0.000 0.001 0.004 0.001 0.008 0.010 0.020 0.001 0.000 0.008 0.001 0.000 0.004 0.000 0.001 0.001 0.001 0.815 0.014 0.130 0.012 0.005 0.110 
43 spoon_vis 30 0.004 0.002 0.001 0.001 0.001 0.997 0.001 0.001 0.006 0.993 0.000 0.007 0.000 0.002 0.000 0.002 0.000 0.001 0.009 0.000 0.000 0.030 0.012 0.000 0.000 0.000 0.000 0.000 0.000 0.008 0.001 0.000 0.000 0.004 0.005 0.000 0.001 0.000 0.002 0.003 0.000 0.001 0.001 0.000 0.005 0.001 0.096 0.030 0.001 0.005 0.001 0.000 0.010 0.929 0.081 0.066 0.026 0.042 
44 tongs_vis 30 0.004 0.002 0.000 0.001 0.005 0.996 0.078 0.009 0.001 0.991 0.000 0.003 0.013 0.000 0.000 0.000 0.001 0.001 0.001 0.000 0.000 0.036 0.003 0.000 0.000 0.000 0.000 0.001 0.000 0.002 0.001 0.000 0.000 0.030 0.006 0.001 0.005 0.003 0.000 0.021 0.022 0.010 0.014 0.001 0.004 0.002 0.000 0.001 0.000 0.000 0.000 0.001 0.179 0.001 0.981 0.014 0.001 0.091 
45 ladle_vis 30 0.003 0.004 0.001 0.001 0.001 0.997 0.001 0.001 0.004 0.992 0.000 0.001 0.000 0.005 0.000 0.004 0.000 0.001 0.001 0.000 0.000 0.001 0.002 0.000 0.000 0.000 0.000 0.000 0.000 0.003 0.001 0.000 0.000 0.001 0.002 0.000 0.001 0.000 0.001 0.001 0.000 0.001 0.001 0.000 0.001 0.001 0.008 0.023 0.001 0.004 0.001 0.000 0.004 0.503 0.032 0.055 0.043 0.008 
46 knife_vis 30 0.002 0.007 0.000 0.001 0.001 0.997 0.001 0.001 0.003 0.987 0.000 0.000 0.000 0.008 0.000 0.010 0.000 0.001 0.000 0.000 0.000 0.000 0.001 0.000 0.000 0.000 0.000 0.001 0.000 0.001 0.001 0.000 0.000 0.001 0.001 0.000 0.001 0.001 0.001 0.001 0.001 0.000 0.000 0.003 0.000 0.001 0.001 0.003 0.004 0.003 0.001 0.000 0.001 0.035 0.010 0.450 0.128 0.003 
47 chopsticks_vis 30 0.004 0.010 0.000 0.001 0.005 0.996 0.011 0.002 0.003 0.993 0.001 0.000 0.040 0.000 0.001 0.000 0.006 0.001 0.000 0.000 0.004 0.002 0.002 0.000 0.000 0.000 0.000 0.001 0.000 0.003 0.006 0.000 0.000 0.040 0.017 0.001 0.003 0.002 0.001 0.148 0.006 0.001 0.016 0.001 0.001 0.001 0.000 0.003 0.001 0.001 0.075 0.001 0.059 0.145 0.061 0.057 0.149 0.983 
