0 beaver_vis 30 0.995 0.989 0.011 0.001 0.003 0.003 0.001 0.001 0.001 0.010 0.773 0.001 0.035 0.004 0.188 0.021 0.039 0.002 0.000 0.000 0.025 0.010 0.001 0.000 0.000 0.000 0.001 0.005 0.000 0.030 0.013 0.000 0.002 0.001 0.000 0.000 0.001 0.000 0.000 0.004 0.000 0.000 0.000 0.002 0.000 0.001 0.000 0.000 0.000 0.001 0.002 0.000 0.004 0.001 0.001 0.001 0.003 0.001 
1 bear_vis 30 0.900 0.088 0.649 0.001 0.001 0.155 0.001 0.001 0.002 0.814 0.000 0.157 0.236 0.001 0.000 0.023 0.029 0.009 0.727 0.001 0.000 0.812 0.060 0.000 0.000 0.000 0.000 0.000 0.000 0.004 0.001 0.000 0.000 0.188 0.008 0.000 0.000 0.000 0.003 0.004 0.000 0.004 0.001 0.000 0.001 0.001 0.050 0.001 0.001 0.012 0.003 0.000 0.039 0.906 0.020 0.016 0.003 0.010 
2 sheep_vis 30 0.995 0.001 0.014 0.002 0.977 0.003 0.001 0.001 0.004 0.001 0.000 0.000 0.015 0.000 0.000 0.000 0.175 0.001 0.002 0.005 0.001 0.002 0.005 0.000 0.006 0.053 0.008 0.000 0.015 0.124 0.001 0.948 0.052 0.119 0.048 0.001 0.001 0.001 0.001 0.014 0.087 0.002 0.089 0.001 0.001 0.000 0.001 0.024 0.000 0.001 0.032 0.003 0.001 0.000 0.001 0.002 0.000 0.001 
3 buffalo_vis 30 0.991 0.781 0.045 0.821 0.001 0.008 0.001 0.001 0.001 0.007 0.000 0.354 0.002 0.174 0.046 0.029 0.000 0.043 0.000 0.000 0.001 0.002 0.003 0.429 0.001 0.001 0.003 0.684 0.001 0.000 0.005 0.000 0.000 0.000 0.001 0.000 0.001 0.016 0.017 0.000 0.000 0.130 0.000 0.000 0.000 0.001 0.000 0.000 0.028 0.597 0.001 0.000 0.001 0.026 0.000 0.001 0.016 0.000 
4 poodle_vis 30 0.995 0.263 0.005 0.098 0.403 0.003 0.001 0.001 0.001 0.015 0.002 0.000 0.004 0.003 0.575 0.000 0.002 0.002 0.000 0.000 0.013 0.002 0.002 0.000 0.001 0.000 0.209 0.736 0.003 0.133 0.409 0.000 0.001 0.001 0.000 0.001 0.003 0.003 0.001 0.029 0.000 0.000 0.000 0.019 0.000 0.001 0.000 0.000 0.001 0.001 0.004 0.000 0.003 0.001 0.001 0.001 0.022 0.001 
5 giraffe_vis 30 0.928 0.829 0.030 0.708 0.000 0.042 0.001 0.001 0.002 0.217 0.000 0.886 0.023 0.447 0.139 0.002 0.000 0.049 0.002 0.000 0.002 0.007 0.027 0.610 0.003 0.001 0.001 0.169 0.001 0.000 0.006 0.000 0.000 0.001 0.001 0.000 0.000 0.001 0.326 0.002 0.000 0.003 0.000 0.000 0.001 0.001 0.001 0.000 0.010 0.101 0.001 0.000 0.002 0.282 0.003 0.001 0.096 0.001 
6 robin_vis 30 0.993 0.002 0.989 0.001 0.057 0.003 0.006 0.001 0.001 0.001 0.001 0.000 0.010 0.000 0.000 0.000 0.909 0.002 0.009 0.009 0.200 0.010 0.000 0.000 0.000 0.000 0.000 0.000 0.001 0.009 0.000 0.038 0.001 0.001 0.010 0.000 0.001 0.000 0.001 0.005 0.001 0.000 0.000 0.000 0.000 0.000 0.000 0.001 0.000 0.000 0.022 0.000 0.009 0.001 0.001 0.000 0.000 0.001 
7 swan_vis 30 0.994 0.553 0.991 0.001 0.006 0.003 0.017 0.001 0.001 0.133 0.002 0.029 0.002 0.722 0.039 0.000 0.006 0.921 0.000 0.003 0.879 0.011 0.001 0.000 0.001 0.000 0.000 0.000 0.047 0.000 0.014 0.000 0.000 0.000 0.001 0.000 0.145 0.000 0.143 0.001 0.000 0.000 0.000 0.000 0.000 0.000 0.003 0.000 0.001 0.001 0.006 0.000 0.021 0.551 0.001 0.000 0.080 0.001 
8 woodpecker_vis 30 0.989 0.016 0.983 0.001 0.147 0.005 0.009 0.001 0.003 0.002 0.002 0.000 0.093 0.000 0.000 0.000 0.763 0.002 0.009 0.007 0.381 0.129 0.000 0.000 0.000 0.000 0.000 0.000 0.001 0.002 0.000 0.016 0.001 0.008 0.026 0.000 0.001 0.000 0.001 0.006 0.000 0.000 0.001 0.000 0.000 0.000 0.001 0.001 0.000 0.000 0.026 0.000 0.095 0.001 0.001 0.001 0.000 0.002 
9 peacock_vis 30 0.994 0.272 0.936 0.001 0.030 0.003 0.007 0.001 0.001 0.046 0.001 0.001 0.022 0.004 0.228 0.000 0.013 0.019 0.000 0.001 0.912 0.037 0.000 0.000 0.000 0.000 0.000 0.000 0.008 0.000 0.021 0.000 0.000 0.001 0.001 0.000 0.028 0.000 0.002 0.006 0.000 0.000 0.000 0.000 0.000 0.000 0.000 0.000 0.000 0.000 0.010 0.000 0.139 0.017 0.001 0.000 0.014 0.001 
10 crow_vis 30 0.991 0.006 0.977 0.001 0.004 0.004 0.010 0.001 0.001 0.001 0.000 0.000 0.003 0.003 0.028 0.000 0.042 0.011 0.000 0.022 0.897 0.002 0.000 0.006 0.001 0.000 0.001 0.000 0.018 0.000 0.000 0.000 0.000 0.000 0.001 0.000 0.009 0.000 0.064 0.034 0.000 0.000 0.000 0.000 0.000 0.000 0.000 0.000 0.000 0.000 0.011 0.000 0.008 0.000 0.000 0.000 0.001 0.000 
11 eagle_vis 30 0.995 0.622 0.982 0.001 0.097 0.003 0.010 0.001 0.001 0.124 0.018 0.001 0.042 0.016 0.726 0.000 0.021 0.300 0.000 0.001 0.987 0.040 0.000 0.000 0.000 0.000 0.000 0.000 0.064 0.000 0.355 0.000 0.000 0.001 0.001 0.000 0.173 0.001 0.009 0.002 0.000 0.000 0.000 0.000 0.000 0.000 0.000 0.000 0.000 0.000 0.024 0.000 0.350 0.011 0.001 0.000 0.075 0.002 
12 tuna_vis 30 0.995 0.086 0.000 0.027 0.979 0.003 0.001 0.001 0.001 0.001 0.002 0.001 0.284 0.000 0.001 0.001 0.000 0.001 0.000 0.000 0.000 0.002 0.332 0.000 0.001 0.006 0.021 0.030 0.001 0.006 0.729 0.000 0.854 0.569 0.000 0.001 0.000 0.009 0.000 0.001 0.005 0.012 0.016 0.000 0.000 0.002 0.000 0.000 0.000 0.003 0.001 0.002 0.003 0.000 0.010 0.011 0.000 0.005 
13 goldfish_vis 30 0.995 0.163 0.000 0.981 0.001 0.003 0.001 0.109 0.001 0.001 0.000 0.003 0.000 0.002 0.002 0.126 0.000 0.001 0.000 0.000 0.000 0.000 0.004 0.562 0.001 0.002 0.007 0.967 0.001 0.001 0.003 0.000 0.000 0.000 0.000 0.001 0.000 0.004 0.000 0.000 0.000 0.208 0.000 0.063 0.000 0.001 0.000 0.000 0.006 0.323 0.000 0.000 0.000 0.000 0.000 0.001 0.001 0.000 
14 salmon_vis 30 0.995 0.065 0.001 0.377 0.461 0.003 0.002 0.001 0.002 0.001 0.000 0.000 0.001 0.001 0.253 0.000 0.000 0.001 0.000 0.002 0.001 0.000 0.002 0.001 0.033 0.001 0.422 0.717 0.018 0.082 0.255 0.003 0.003 0.000 0.000 0.008 0.001 0.007 0.001 0.026 0.000 0.000 0.000 0.024 0.000 0.000 0.000 0.000 0.005 0.001 0.002 0.001 0.000 0.000 0.001 0.000 0.003 0.000 
15 sardine_vis 30 0.995 0.002 0.000 0.939 0.017 0.003 0.001 0.001 0.001 0.001 0.000 0.000 0.001 0.000 0.019 0.000 0.000 0.001 0.000 0.000 0.000 0.000 0.001 0.041 0.011 0.008 0.907 0.045 0.003 0.001 0.002 0.001 0.002 0.000 0.000 0.002 0.000 0.003 0.000 0.014 0.000 0.001 0.001 0.002 0.001 0.001 0.000 0.000 0.002 0.001 0.001 0.001 0.000 0.000 0.000 0.000 0.000 0.000 
16 catfish_vis 30 0.995 0.332 0.000 0.526 0.607 0.003 0.001 0.001 0.001 0.001 0.004 0.000 0.001 0.001 0.501 0.000 0.000 0.001 0.000 0.000 0.001 0.000 0.007 0.001 0.002 0.000 0.341 0.937 0.008 0.037 0.885 0.000 0.017 0.001 0.000 0.003 0.001 0.032 0.000 0.003 0.000 0.000 0.001 0.029 0.000 0.002 0.000 0.000 0.001 0.002 0.001 0.001 0.001 0.000 0.001 0.001 0.013 0.000 
17 cod_vis 30 0.995 0.244 0.000 0.240 0.014 0.003 0.001 0.001 0.001 0.001 0.000 0.001 0.014 0.000 0.588 0.000 0.000 0.001 0.000 0.000 0.000 0.000 0.001 0.004 0.001 0.001 0.839 0.958 0.002 0.001 0.173 0.000 0.001 0.001 0.000 0.001 0.000 0.781 0.000 0.004 0.000 0.639 0.001 0.012 0.000 0.001 0.000 0.000 0.003 0.085 0.001 0.001 0.000 0.000 0.000 0.001 0.001 0.000 
18 turtle_vis 30 0.995 0.001 0.001 0.001 0.941 0.003 0.001 0.001 0.001 0.003 0.002 0.000 0.000 0.000 0.006 0.000 0.003 0.001 0.000 0.000 0.001 0.001 0.002 0.000 0.000 0.000 0.001 0.018 0.005 0.779 0.053 0.001 0.002 0.018 0.001 0.001 0.001 0.003 0.001 0.001 0.001 0.000 0.001 0.001 0.000 0.002 0.000 0.001 0.000 0.001 0.003 0.001 0.049 0.000 0.001 0.002 0.014 0.003 
19 rattlesnake_vis 30 0.992 0.001 0.000 0.001 0.886 0.004 0.001 0.008 0.003 0.008 0.002 0.000 0.000 0.000 0.017 0.000 0.003 0.001 0.000 0.000 0.000 0.001 0.003 0.000 0.000 0.001 0.007 0.134 0.002 0.914 0.057 0.003 0.001 0.022 0.002 0.001 0.001 0.007 0.001 0.001 0.044 0.003 0.004 0.004 0.000 0.004 0.000 0.006 0.000 0.004 0.003 0.009 0.055 0.000 0.004 0.012 0.012 0.003 
20 crab_vis 30 0.995 0.001 0.001 0.001 0.992 0.003 0.002 0.001 0.001 0.003 0.000 0.000 0.050 0.000 0.000 0.000 0.007 0.001 0.000 0.000 0.001 0.042 0.023 0.000 0.000 0.001 0.000 0.000 0.002 0.053 0.084 0.003 0.058 0.851 0.002 0.001 0.001 0.001 0.001 0.001 0.005 0.006 0.015 0.000 0.000 0.001 0.000 0.001 0.000 0.001 0.003 0.001 0.161 0.001 0.009 0.008 0.000 0.024 
21 frog_vis 30 0.995 0.000 0.019 0.001 0.991 0.003 0.001 0.001 0.007 0.001 0.000 0.000 0.003 0.000 0.000 0.000 0.061 0.001 0.000 0.001 0.001 0.001 0.003 0.000 0.002 0.030 0.002 0.000 0.009 0.045 0.001 0.952 0.120 0.042 0.014 0.001 0.001 0.001 0.000 0.003 0.070 0.001 0.040 0.001 0.000 0.001 0.000 0.038 0.000 0.000 0.018 0.004 0.001 0.000 0.001 0.001 0.000 0.001 
22 gecko_vis 30 0.994 0.001 0.001 0.001 0.992 0.003 0.002 0.001 0.003 0.002 0.000 0.000 0.044 0.000 0.000 0.000 0.008 0.001 0.000 0.000 0.001 0.055 0.023 0.000 0.000 0.001 0.000 0.000 0.001 0.108 0.072 0.009 0.044 0.869 0.004 0.001 0.000 0.001 0.000 0.001 0.007 0.006 0.030 0.000 0.000 0.001 0.000 0.002 0.000 0.001 0.004 0.002 0.140 0.001 0.010 0.009 0.000 0.028 
23 crocodile_vis 30 0.995 0.001 0.001 0.001 0.987 0.003 0.001 0.001 0.001 0.011 0.003 0.000 0.001 0.000 0.002 0.000 0.024 0.001 0.000 0.000 0.001 0.008 0.003 0.000 0.000 0.000 0.001 0.012 0.002 0.962 0.046 0.002 0.001 0.070 0.001 0.001 0.001 0.001 0.000 0.002 0.006 0.001 0.003 0.007 0.000 0.001 0.000 0.001 0.000 0.001 0.012 0.001 0.057 0.001 0.003 0.006 0.006 0.008 
24 axe_vis 30 0.003 0.001 0.194 0.001 0.001 0.996 0.974 0.037 0.020 0.001 0.000 0.000 0.000 0.001 0.130 0.000 0.047 0.001 0.000 0.045 0.140 0.002 0.000 0.085 0.001 0.000 0.015 0.002 0.013 0.001 0.000 0.001 0.000 0.000 0.970 0.003 0.020 0.032 0.017 0.002 0.000 0.041 0.000 0.013 0.000 0.001 0.000 0.000 0.079 0.016 0.057 0.000 0.005 0.000 0.000 0.000 0.066 0.000 
25 hammer_vis 30 0.004 0.000 0.000 0.008 0.002 0.997 0.989 0.064 0.008 0.001 0.000 0.000 0.000 0.000 0.009 0.000 0.000 0.000 0.000 0.001 0.002 0.000 0.000 0.019 0.002 0.001 0.052 0.002 0.029 0.001 0.001 0.001 0.000 0.000 0.003 0.985 0.038 0.011 0.023 0.025 0.002 0.000 0.124 0.009 0.002 0.009 0.000 0.000 0.025 0.000 0.013 0.001 0.000 0.000 0.005 0.000 0.006 0.001 
26 screwdriver_vis 30 0.003 0.000 0.001 0.001 0.001 0.997 0.995 0.001 0.003 0.005 0.000 0.000 0.000 0.001 0.007 0.000 0.001 0.000 0.000 0.052 0.012 0.000 0.000 0.000 0.007 0.000 0.001 0.000 0.004 0.000 0.000 0.001 0.000 0.000 0.012 0.009 0.975 0.053 0.004 0.043 0.094 0.001 0.000 0.003 0.003 0.001 0.000 0.000 0.005 0.000 0.002 0.000 0.001 0.000 0.072 0.000 0.012 0.000 
27 chisel_vis 30 0.003 0.000 0.000 0.002 0.001 0.997 0.992 0.004 0.010 0.001 0.000 0.000 0.000 0.001 0.009 0.000 0.000 0.000 0.000 0.002 0.002 0.000 0.000 0.003 0.002 0.000 0.024 0.001 0.016 0.000 0.001 0.001 0.000 0.000 0.006 0.121 0.237 0.807 0.012 0.005 0.030 0.004 0.001 0.007 0.033 0.025 0.000 0.000 0.014 0.000 0.001 0.007 0.000 0.000 0.003 0.000 0.013 0.000 
28 saw_vis 30 0.003 0.000 0.001 0.001 0.001 0.997 0.994 0.001 0.002 0.004 0.000 0.000 0.000 0.000 0.004 0.000 0.001 0.000 0.000 0.055 0.004 0.000 0.000 0.000 0.002 0.000 0.001 0.000 0.002 0.001 0.000 0.001 0.000 0.000 0.008 0.068 0.652 0.002 0.006 0.927 0.052 0.001 0.001 0.006 0.009 0.000 0.000 0.000 0.005 0.000 0.010 0.000 0.000 0.000 0.073 0.000 0.005 0.000 
29 drill_vis 30 0.003 0.000 0.001 0.001 0.001 0.997 0.994 0.001 0.001 0.004 0.000 0.000 0.000 0.000 0.003 0.000 0.001 0.000 0.000 0.053 0.004 0.000 0.000 0.000 0.001 0.000 0.001 0.000 0.001 0.002 0.000 0.002 0.000 0.000 0.023 0.109 0.272 0.001 0.004 0.984 0.019 0.001 0.004 0.014 0.011 0.000 0.000 0.000 0.006 0.000 0.029 0.000 0.000 0.000 0.039 0.000 0.003 0.001 
30 clamp_vis 30 0.002 0.000 0.000 0.001 0.001 0.997 0.004 0.994 0.044 0.001 0.000 0.000 0.000 0.000 0.000 0.000 0.000 0.000 0.000 0.000 0.000 0.000 0.001 0.000 0.001 0.005 0.000 0.000 0.000 0.013 0.000 0.043 0.000 0.001 0.001 0.002 0.000 0.002 0.000 0.001 0.984 0.008 0.035 0.070 0.010 0.017 0.000 0.000 0.001 0.000 0.000 0.067 0.000 0.000 0.002 0.001 0.000 0.001 
31 hoe_vis 30 0.002 0.001 0.000 0.001 0.001 0.997 0.001 0.993 0.001 0.033 0.000 0.001 0.000 0.000 0.000 0.004 0.000 0.001 0.001 0.000 0.000 0.001 0.002 0.000 0.000 0.000 0.000 0.001 0.000 0.001 0.000 0.000 0.000 0.001 0.002 0.000 0.000 0.003 0.000 0.000 0.024 0.918 0.002 0.001 0.008 0.101 0.000 0.000 0.000 0.007 0.000 0.001 0.001 0.000 0.044 0.012 0.000 0.001 
32 rake_vis 30 0.003 0.000 0.000 0.002 0.002 0.996 0.058 0.991 0.007 0.001 0.000 0.000 0.000 0.000 0.000 0.000 0.000 0.000 0.050 0.001 0.000 0.000 0.001 0.001 0.000 0.012 0.000 0.000 0.000 0.001 0.000 0.012 0.000 0.001 0.005 0.003 0.000 0.001 0.003 0.031 0.016 0.003 0.768 0.002 0.224 0.002 0.003 0.000 0.000 0.000 0.000 0.002 0.000 0.000 0.069 0.001 0.000 0.001 
33 shovel_vis 30 0.003 0.000 0.000 0.001 0.001 0.997 0.031 0.989 0.002 0.001 0.000 0.000 0.000 0.000 0.000 0.000 0.000 0.000 0.000 0.000 0.000 0.000 0.001 0.001 0.001 0.000 0.010 0.010 0.000 0.020 0.000 0.001 0.000 0.000 0.016 0.091 0.000 0.012 0.000 0.083 0.088 0.003 0.047 0.974 0.001 0.004 0.000 0.000 0.065 0.000 0.002 0.002 0.000 0.000 0.001 0.001 0.003 0.001 
34 spade_vis 30 0.003 0.000 0.000 0.003 0.001 0.996 0.018 0.965 0.015 0.001 0.000 0.003 0.000 0.000 0.000 0.000 0.000 0.000 0.073 0.001 0.000 0.000 0.001 0.001 0.000 0.006 0.000 0.000 0.000 0.000 0.000 0.005 0.000 0.001 0.001 0.000 0.000 0.000 0.002 0.001 0.008 0.021 0.012 0.000 0.959 0.001 0.000 0.001 0.000 0.000 0.000 0.001 0.000 0.000 0.109 0.001 0.000 0.001 
35 wrench_vis 30 0.003 0.001 0.000 0.007 0.001 0.997 0.001 0.992 0.115 0.005 0.001 0.000 0.000 0.001 0.000 0.046 0.000 0.005 0.000 0.000 0.000 0.000 0.002 0.003 0.000 0.012 0.000 0.008 0.000 0.001 0.001 0.000 0.000 0.001 0.001 0.001 0.000 0.002 0.001 0.000 0.010 0.003 0.015 0.011 0.001 0.936 0.000 0.001 0.002 0.020 0.000 0.045 0.000 0.000 0.003 0.006 0.001 0.002 
36 accordion_vis 30 0.003 0.001 0.029 0.002 0.001 0.996 0.024 0.003 0.993 0.014 0.000 0.007 0.000 0.087 0.000 0.002 0.001 0.129 0.015 0.009 0.000 0.000 0.002 0.007 0.005 0.005 0.000 0.000 0.000 0.001 0.000 0.000 0.000 0.000 0.002 0.011 0.003 0.000 0.032 0.000 0.000 0.000 0.014 0.000 0.004 0.005 0.972 0.014 0.111 0.007 0.019 0.001 0.000 0.034 0.001 0.001 0.003 0.008 
37 cello_vis 30 0.004 0.001 0.002 0.001 0.001 0.996 0.046 0.001 0.994 0.065 0.001 0.000 0.001 0.001 0.000 0.000 0.007 0.004 0.000 0.001 0.008 0.000 0.001 0.000 0.001 0.001 0.000 0.000 0.001 0.001 0.001 0.002 0.010 0.001 0.002 0.002 0.093 0.001 0.001 0.000 0.134 0.000 0.001 0.000 0.001 0.004 0.013 0.931 0.003 0.003 0.172 0.018 0.001 0.001 0.001 0.001 0.006 0.134 
38 flute_vis 30 0.003 0.000 0.001 0.003 0.001 0.996 0.027 0.002 0.632 0.001 0.000 0.001 0.000 0.020 0.000 0.000 0.000 0.001 0.000 0.018 0.000 0.000 0.000 0.040 0.003 0.000 0.000 0.001 0.001 0.000 0.000 0.000 0.000 0.000 0.004 0.008 0.001 0.000 0.002 0.005 0.000 0.000 0.001 0.002 0.001 0.001 0.056 0.001 0.957 0.001 0.005 0.000 0.000 0.001 0.000 0.000 0.011 0.000 
39 guitar_vis 30 0.003 0.001 0.002 0.004 0.000 0.996 0.001 0.010 0.995 0.001 0.000 0.002 0.000 0.003 0.000 0.009 0.000 0.016 0.007 0.001 0.000 0.000 0.002 0.010 0.001 0.039 0.000 0.001 0.000 0.001 0.000 0.000 0.000 0.000 0.001 0.000 0.000 0.000 0.001 0.000 0.000 0.001 0.001 0.001 0.018 0.018 0.069 0.015 0.016 0.817 0.001 0.018 0.000 0.004 0.000 0.002 0.002 0.001 
40 piano_vis 30 0.004 0.001 0.077 0.001 0.002 0.995 0.009 0.001 0.994 0.002 0.000 0.000 0.001 0.002 0.001 0.000 0.105 0.002 0.001 0.001 0.103 0.000 0.000 0.001 0.001 0.013 0.001 0.000 0.002 0.002 0.001 0.002 0.001 0.001 0.051 0.008 0.007 0.000 0.001 0.000 0.000 0.000 0.003 0.000 0.000 0.001 0.127 0.006 0.008 0.019 0.990 0.001 0.003 0.004 0.000 0.000 0.017 0.015 
41 trumpet_vis 30 0.004 0.001 0.000 0.002 0.002 0.996 0.002 0.002 0.994 0.013 0.000 0.000 0.001 0.000 0.000 0.000 0.003 0.001 0.000 0.000 0.001 0.000 0.002 0.000 0.001 0.007 0.001 0.001 0.000 0.001 0.001 0.001 0.010 0.001 0.001 0.001 0.001 0.004 0.001 0.000 0.014 0.000 0.003 0.001 0.003 0.003 0.001 0.668 0.002 0.005 0.036 0.601 0.000 0.001 0.000 0.002 0.002 0.112 
42 fork_vis 30 0.004 0.005 0.001 0.001 0.003 0.996 0.004 0.001 0.002 0.993 0.000 0.001 0.041 0.000 0.000 0.000 0.006 0.001 0.001 0.000 0.002 0.004 0.001 0.000 0.000 0.000 0.000 0.000 0.000 0.009 0.002 0.000 0.000 0.015 0.008 0.000 0.002 0.004 0.001 0.014 0.015 0.004 0.001 0.000 0.004 0.001 0.000 0.036 0.000 0.001 0.006 0.001 0.700 0.096 0.065 0.063 0.034 0.506 
43 spoon_vis 30 0.004 0.002 0.001 0.001 0.001 0.997 0.001 0.001 0.008 0.994 0.000 0.019 0.001 0.001 0.000 0.001 0.000 0.001 0.016 0.000 0.000 0.024 0.022 0.000 0.000 0.000 0.000 0.000 0.000 0.002 0.001 0.000 0.000 0.005 0.005 0.000 0.001 0.000 0.002 0.009 0.000 0.001 0.002 0.000 0.017 0.001 0.024 0.101 0.001 0.008 0.002 0.000 0.026 0.942 0.181 0.124 0.019 0.085 
44 tongs_vis 30 0.004 0.003 0.000 0.001 0.006 0.997 0.083 0.009 0.001 0.992 0.000 0.003 0.015 0.000 0.000 0.000 0.001 0.000 0.001 0.000 0.000 0.034 0.002 0.000 0.000 0.000 0.000 0.001 0.000 0.002 0.002 0.000 0.000 0.032 0.008 0.001 0.004 0.003 0.000 0.024 0.023 0.009 0.013 0.001 0.003 0.002 0.000 0.001 0.000 0.000 0.000 0.001 0.193 0.001 0.978 0.013 0.001 0.116 
45 ladle_vis 30 0.002 0.004 0.000 0.001 0.001 0.997 0.001 0.003 0.005 0.989 0.000 0.001 0.000 0.001 0.000 0.023 0.000 0.001 0.001 0.000 0.000 0.001 0.002 0.000 0.000 0.000 0.000 0.001 0.000 0.001 0.001 0.000 0.000 0.001 0.027 0.000 0.001 0.004 0.000 0.001 0.009 0.018 0.001 0.002 0.001 0.003 0.000 0.005 0.001 0.035 0.000 0.000 0.002 0.039 0.014 0.978 0.030 0.005 
46 knife_vis 30 0.002 0.010 0.000 0.001 0.001 0.997 0.001 0.001 0.002 0.988 0.000 0.000 0.000 0.018 0.000 0.001 0.000 0.001 0.000 0.000 0.000 0.000 0.001 0.000 0.000 0.000 0.000 0.001 0.000 0.001 0.001 0.000 0.000 0.001 0.002 0.000 0.004 0.001 0.001 0.001 0.000 0.000 0.000 0.004 0.000 0.001 0.000 0.001 0.005 0.002 0.001 0.000 0.001 0.013 0.003 0.184 0.530 0.004 
47 chopsticks_vis 30 0.004 0.012 0.000 0.001 0.005 0.996 0.009 0.001 0.003 0.993 0.001 0.000 0.042 0.000 0.001 0.000 0.006 0.001 0.000 0.000 0.004 0.001 0.002 0.000 0.000 0.000 0.000 0.001 0.000 0.002 0.008 0.000 0.000 0.024 0.009 0.001 0.003 0.004 0.001 0.086 0.010 0.001 0.007 0.001 0.001 0.002 0.000 0.010 0.001 0.001 0.037 0.002 0.094 0.121 0.058 0.081 0.131 0.980 
