0 beaver_vis 30 0.580 0.007 0.612 0.005 0.001 0.304 0.000 0.000 0.001 0.978 0.001 0.001 0.020 0.000 0.001 0.001 0.612 0.027 0.015 0.000 0.005 0.002 0.001 0.000 0.001 0.001 0.000 0.003 0.000 0.002 0.000 0.003 0.000 0.000 0.001 0.005 0.000 0.000 0.000 0.000 0.002 0.000 0.001 0.000 0.002 0.001 0.001 0.001 0.000 0.000 0.000 0.000 0.040 0.045 0.021 0.006 0.394 0.006 
1 bear_vis 30 0.918 0.000 0.011 0.737 0.002 0.186 0.000 0.177 0.013 0.001 0.000 0.001 0.000 0.000 0.000 0.000 0.001 0.000 0.006 0.007 0.002 0.001 0.106 0.546 0.000 0.000 0.000 0.000 0.000 0.002 0.000 0.000 0.001 0.002 0.000 0.003 0.000 0.001 0.002 0.000 0.003 0.001 0.048 0.081 0.005 0.006 0.003 0.001 0.001 0.003 0.002 0.028 0.001 0.001 0.000 0.000 0.000 0.000 
2 sheep_vis 30 0.968 0.002 0.001 0.003 0.985 0.045 0.000 0.000 0.001 0.042 0.000 0.001 0.002 0.000 0.000 0.523 0.003 0.001 0.000 0.000 0.003 0.001 0.000 0.000 0.000 0.001 0.004 0.003 0.001 0.170 0.264 0.070 0.023 0.006 0.001 0.000 0.002 0.001 0.000 0.000 0.002 0.000 0.001 0.000 0.001 0.001 0.001 0.001 0.004 0.000 0.001 0.000 0.004 0.011 0.001 0.001 0.002 0.001 
3 buffalo_vis 30 0.955 0.001 0.009 0.224 0.117 0.117 0.000 0.035 0.005 0.001 0.000 0.002 0.000 0.000 0.000 0.000 0.001 0.000 0.001 0.009 0.002 0.002 0.120 0.001 0.000 0.000 0.011 0.000 0.000 0.003 0.000 0.000 0.008 0.265 0.000 0.002 0.000 0.005 0.002 0.000 0.004 0.002 0.002 0.004 0.002 0.012 0.001 0.002 0.001 0.003 0.000 0.002 0.001 0.000 0.000 0.000 0.000 0.000 
4 poodle_vis 30 0.010 0.001 0.037 0.005 0.001 0.994 0.000 0.940 0.004 0.370 0.000 0.001 0.000 0.000 0.000 0.000 0.001 0.000 0.001 0.001 0.002 0.001 0.013 0.000 0.000 0.000 0.000 0.000 0.000 0.001 0.000 0.000 0.001 0.000 0.000 0.000 0.000 0.002 0.001 0.000 0.006 0.109 0.026 0.001 0.128 0.008 0.003 0.001 0.000 0.003 0.003 0.001 0.001 0.006 0.000 0.023 0.001 0.000 
5 giraffe_vis 30 0.931 0.001 0.009 0.664 0.002 0.141 0.000 0.117 0.007 0.001 0.000 0.001 0.000 0.000 0.000 0.000 0.001 0.000 0.001 0.034 0.002 0.001 0.108 0.037 0.000 0.000 0.001 0.000 0.000 0.002 0.000 0.000 0.000 0.005 0.000 0.001 0.000 0.002 0.002 0.000 0.004 0.001 0.008 0.019 0.006 0.006 0.001 0.001 0.001 0.002 0.001 0.006 0.001 0.000 0.000 0.000 0.000 0.000 
6 robin_vis 30 0.982 0.002 0.001 0.001 0.989 0.002 0.000 0.000 0.001 0.071 0.000 0.001 0.001 0.001 0.000 0.001 0.023 0.001 0.000 0.000 0.002 0.001 0.000 0.000 0.000 0.001 0.000 0.009 0.001 0.587 0.001 0.829 0.174 0.000 0.000 0.000 0.000 0.000 0.000 0.000 0.007 0.000 0.003 0.000 0.001 0.001 0.006 0.005 0.000 0.000 0.009 0.000 0.003 0.314 0.004 0.041 0.001 0.000 
7 swan_vis 30 0.992 0.001 0.005 0.001 0.989 0.002 0.000 0.002 0.001 0.009 0.000 0.001 0.000 0.000 0.000 0.001 0.060 0.001 0.000 0.000 0.028 0.002 0.001 0.000 0.000 0.000 0.000 0.003 0.000 0.943 0.002 0.129 0.047 0.015 0.000 0.001 0.001 0.001 0.000 0.000 0.012 0.000 0.220 0.000 0.002 0.001 0.004 0.045 0.000 0.001 0.012 0.002 0.007 0.015 0.001 0.001 0.001 0.000 
8 woodpecker_vis 30 0.771 0.001 0.001 0.012 0.892 0.269 0.000 0.000 0.001 0.273 0.000 0.001 0.001 0.000 0.000 0.171 0.005 0.001 0.000 0.000 0.001 0.001 0.001 0.000 0.000 0.001 0.000 0.009 0.001 0.022 0.000 0.075 0.679 0.000 0.000 0.000 0.000 0.000 0.000 0.000 0.002 0.000 0.001 0.000 0.001 0.001 0.001 0.001 0.000 0.000 0.002 0.000 0.001 0.096 0.005 0.001 0.003 0.001 
9 peacock_vis 30 0.206 0.001 0.024 0.039 0.004 0.403 0.000 0.021 0.004 0.674 0.000 0.001 0.000 0.000 0.000 0.006 0.068 0.001 0.001 0.001 0.003 0.006 0.020 0.000 0.001 0.000 0.001 0.003 0.000 0.009 0.000 0.001 0.013 0.001 0.000 0.024 0.000 0.004 0.001 0.000 0.006 0.000 0.003 0.001 0.004 0.004 0.002 0.002 0.000 0.002 0.007 0.001 0.021 0.001 0.002 0.001 0.140 0.002 
10 crow_vis 30 0.952 0.001 0.016 0.414 0.017 0.129 0.000 0.050 0.006 0.001 0.000 0.001 0.000 0.000 0.000 0.000 0.010 0.001 0.001 0.001 0.003 0.002 0.021 0.001 0.000 0.001 0.000 0.004 0.000 0.022 0.000 0.001 0.002 0.001 0.000 0.002 0.000 0.002 0.001 0.000 0.008 0.000 0.004 0.001 0.001 0.009 0.003 0.001 0.001 0.002 0.000 0.002 0.002 0.001 0.000 0.000 0.000 0.000 
11 eagle_vis 30 0.983 0.003 0.002 0.001 0.989 0.002 0.000 0.000 0.001 0.018 0.001 0.001 0.000 0.001 0.000 0.001 0.025 0.001 0.000 0.000 0.004 0.001 0.001 0.003 0.000 0.000 0.000 0.008 0.001 0.904 0.007 0.415 0.058 0.001 0.000 0.001 0.001 0.000 0.000 0.000 0.007 0.000 0.032 0.000 0.001 0.001 0.003 0.006 0.001 0.000 0.014 0.001 0.010 0.019 0.002 0.006 0.001 0.000 
12 tuna_vis 30 0.010 0.001 0.034 0.001 0.002 0.994 0.003 0.005 0.019 0.697 0.000 0.001 0.000 0.000 0.005 0.000 0.042 0.000 0.005 0.000 0.003 0.001 0.001 0.001 0.000 0.000 0.000 0.000 0.000 0.008 0.000 0.001 0.001 0.000 0.000 0.400 0.002 0.001 0.001 0.001 0.005 0.000 0.104 0.000 0.002 0.001 0.100 0.005 0.000 0.002 0.648 0.002 0.037 0.009 0.056 0.003 0.006 0.000 
13 goldfish_vis 30 0.645 0.001 0.030 0.001 0.431 0.995 0.003 0.045 0.994 0.001 0.001 0.001 0.000 0.009 0.000 0.000 0.001 0.000 0.013 0.013 0.020 0.001 0.002 0.040 0.000 0.000 0.000 0.000 0.000 0.003 0.001 0.000 0.025 0.159 0.000 0.001 0.080 0.001 0.008 0.000 0.005 0.000 0.019 0.566 0.001 0.012 0.327 0.003 0.007 0.013 0.194 0.966 0.001 0.001 0.000 0.000 0.000 0.000 
14 salmon_vis 30 0.487 0.001 0.004 0.049 0.005 0.479 0.000 0.001 0.006 0.641 0.000 0.001 0.003 0.000 0.000 0.018 0.006 0.002 0.000 0.000 0.002 0.001 0.001 0.000 0.001 0.000 0.002 0.010 0.000 0.004 0.000 0.004 0.003 0.000 0.000 0.001 0.000 0.001 0.001 0.000 0.003 0.000 0.001 0.000 0.001 0.001 0.008 0.005 0.000 0.001 0.022 0.001 0.014 0.017 0.006 0.002 0.086 0.021 
15 sardine_vis 30 0.814 0.002 0.002 0.003 0.471 0.162 0.000 0.003 0.001 0.115 0.000 0.001 0.001 0.000 0.002 0.073 0.003 0.001 0.000 0.000 0.009 0.001 0.002 0.001 0.000 0.000 0.003 0.001 0.001 0.083 0.003 0.002 0.051 0.072 0.001 0.001 0.001 0.000 0.001 0.000 0.006 0.000 0.001 0.000 0.002 0.001 0.001 0.026 0.000 0.000 0.000 0.001 0.009 0.002 0.009 0.004 0.010 0.003 
16 catfish_vis 30 0.006 0.003 0.009 0.000 0.003 0.990 0.000 0.001 0.006 0.989 0.000 0.001 0.026 0.000 0.000 0.001 0.064 0.002 0.001 0.000 0.003 0.002 0.001 0.000 0.001 0.000 0.000 0.001 0.000 0.004 0.000 0.002 0.002 0.000 0.000 0.003 0.001 0.001 0.001 0.000 0.003 0.000 0.002 0.000 0.002 0.001 0.007 0.008 0.000 0.001 0.057 0.001 0.074 0.052 0.020 0.004 0.831 0.018 
17 cod_vis 30 0.875 0.000 0.008 0.544 0.004 0.117 0.000 0.075 0.005 0.008 0.000 0.001 0.000 0.000 0.000 0.000 0.001 0.000 0.001 0.001 0.001 0.001 0.044 0.001 0.001 0.000 0.002 0.001 0.000 0.001 0.000 0.000 0.007 0.001 0.000 0.001 0.000 0.001 0.001 0.000 0.010 0.006 0.003 0.001 0.003 0.003 0.002 0.000 0.000 0.001 0.001 0.002 0.001 0.001 0.000 0.001 0.000 0.000 
18 turtle_vis 30 0.004 0.001 0.003 0.001 0.010 0.989 0.000 0.001 0.005 0.991 0.000 0.001 0.003 0.000 0.001 0.004 0.008 0.001 0.001 0.000 0.004 0.002 0.001 0.000 0.002 0.000 0.000 0.001 0.000 0.009 0.000 0.003 0.003 0.000 0.000 0.002 0.001 0.001 0.001 0.000 0.003 0.000 0.002 0.000 0.002 0.001 0.008 0.013 0.000 0.002 0.106 0.001 0.117 0.070 0.012 0.013 0.801 0.054 
19 rattlesnake_vis 30 0.010 0.000 0.028 0.011 0.001 0.988 0.009 0.045 0.007 0.497 0.000 0.001 0.000 0.000 0.001 0.000 0.055 0.000 0.005 0.000 0.002 0.003 0.010 0.000 0.000 0.000 0.000 0.001 0.000 0.003 0.000 0.000 0.001 0.000 0.000 0.634 0.000 0.002 0.002 0.000 0.007 0.000 0.015 0.001 0.002 0.002 0.022 0.002 0.000 0.001 0.189 0.002 0.011 0.001 0.023 0.001 0.023 0.000 
20 crab_vis 30 0.011 0.001 0.003 0.016 0.014 0.982 0.000 0.001 0.012 0.987 0.000 0.001 0.004 0.000 0.001 0.010 0.005 0.001 0.001 0.000 0.004 0.002 0.001 0.000 0.002 0.000 0.001 0.012 0.000 0.009 0.000 0.004 0.007 0.000 0.000 0.003 0.001 0.001 0.001 0.000 0.002 0.000 0.002 0.000 0.001 0.001 0.009 0.013 0.000 0.001 0.162 0.001 0.025 0.041 0.009 0.003 0.141 0.049 
21 frog_vis 30 0.978 0.004 0.001 0.001 0.986 0.002 0.000 0.000 0.001 0.112 0.000 0.001 0.002 0.000 0.000 0.002 0.025 0.000 0.000 0.000 0.003 0.001 0.001 0.000 0.000 0.000 0.000 0.267 0.001 0.378 0.000 0.889 0.530 0.000 0.000 0.000 0.000 0.000 0.000 0.000 0.014 0.000 0.002 0.000 0.001 0.001 0.007 0.013 0.000 0.000 0.069 0.000 0.002 0.186 0.012 0.003 0.001 0.000 
22 gecko_vis 30 0.003 0.001 0.003 0.001 0.017 0.992 0.000 0.001 0.015 0.990 0.000 0.001 0.003 0.000 0.001 0.004 0.007 0.000 0.001 0.000 0.004 0.001 0.000 0.000 0.002 0.000 0.000 0.002 0.000 0.011 0.000 0.005 0.006 0.000 0.000 0.003 0.001 0.001 0.001 0.001 0.004 0.000 0.002 0.000 0.002 0.001 0.017 0.018 0.000 0.002 0.244 0.001 0.070 0.080 0.024 0.007 0.596 0.047 
23 crocodile_vis 30 0.007 0.007 0.010 0.000 0.016 0.987 0.000 0.001 0.004 0.993 0.000 0.001 0.047 0.000 0.001 0.003 0.050 0.002 0.001 0.000 0.004 0.001 0.000 0.000 0.000 0.000 0.000 0.001 0.000 0.014 0.000 0.006 0.005 0.000 0.000 0.001 0.001 0.000 0.001 0.000 0.003 0.000 0.002 0.000 0.002 0.001 0.011 0.020 0.000 0.001 0.089 0.001 0.062 0.252 0.016 0.002 0.821 0.017 
24 axe_vis 30 0.424 0.004 0.001 0.018 0.425 0.749 0.118 0.000 0.002 0.016 0.001 0.001 0.006 0.000 0.000 0.456 0.001 0.049 0.000 0.000 0.001 0.001 0.001 0.001 0.001 0.013 0.407 0.001 0.073 0.004 0.005 0.019 0.098 0.003 0.020 0.001 0.025 0.002 0.001 0.002 0.002 0.000 0.001 0.000 0.001 0.001 0.001 0.001 0.009 0.002 0.000 0.001 0.023 0.001 0.004 0.001 0.002 0.003 
25 hammer_vis 30 0.945 0.001 0.011 0.668 0.048 0.235 0.002 0.033 0.071 0.001 0.004 0.001 0.000 0.001 0.000 0.000 0.001 0.001 0.014 0.012 0.002 0.001 0.116 0.730 0.000 0.013 0.009 0.000 0.000 0.001 0.000 0.000 0.001 0.014 0.000 0.001 0.006 0.002 0.003 0.000 0.007 0.001 0.002 0.273 0.001 0.003 0.021 0.001 0.002 0.001 0.010 0.136 0.001 0.000 0.000 0.000 0.000 0.000 
26 screwdriver_vis 30 0.902 0.006 0.001 0.001 0.919 0.288 0.067 0.000 0.012 0.002 0.002 0.001 0.000 0.001 0.001 0.236 0.001 0.012 0.000 0.011 0.002 0.001 0.002 0.002 0.000 0.001 0.168 0.000 0.015 0.003 0.265 0.002 0.023 0.516 0.015 0.001 0.107 0.001 0.001 0.001 0.002 0.000 0.001 0.000 0.001 0.001 0.002 0.003 0.011 0.007 0.002 0.001 0.001 0.001 0.002 0.000 0.001 0.000 
27 chisel_vis 30 0.888 0.019 0.001 0.007 0.879 0.353 0.091 0.001 0.009 0.001 0.006 0.068 0.000 0.000 0.000 0.902 0.001 0.044 0.000 0.065 0.027 0.002 0.000 0.001 0.000 0.001 0.750 0.000 0.001 0.056 0.900 0.001 0.004 0.175 0.012 0.001 0.153 0.014 0.001 0.001 0.001 0.000 0.001 0.001 0.001 0.005 0.001 0.001 0.294 0.003 0.001 0.001 0.004 0.000 0.000 0.000 0.000 0.000 
28 saw_vis 30 0.667 0.001 0.002 0.800 0.012 0.261 0.109 0.001 0.004 0.004 0.001 0.003 0.003 0.000 0.001 0.003 0.002 0.004 0.001 0.001 0.001 0.002 0.011 0.010 0.006 0.020 0.597 0.091 0.001 0.003 0.000 0.001 0.001 0.001 0.002 0.042 0.013 0.010 0.001 0.007 0.006 0.058 0.001 0.001 0.001 0.001 0.002 0.002 0.000 0.001 0.026 0.001 0.002 0.000 0.006 0.003 0.000 0.306 
29 drill_vis 30 0.002 0.004 0.001 0.003 0.000 0.996 0.830 0.001 0.001 0.141 0.001 0.002 0.000 0.000 0.000 0.001 0.001 0.001 0.000 0.000 0.001 0.001 0.000 0.021 0.004 0.000 0.004 0.000 0.000 0.001 0.000 0.000 0.000 0.000 0.012 0.001 0.001 0.003 0.002 0.899 0.001 0.001 0.001 0.000 0.087 0.001 0.000 0.001 0.011 0.000 0.000 0.000 0.032 0.000 0.003 0.022 0.001 0.007 
30 clamp_vis 30 0.017 0.001 0.025 0.028 0.000 0.995 0.001 0.962 0.003 0.001 0.000 0.001 0.000 0.000 0.000 0.000 0.002 0.000 0.021 0.001 0.001 0.001 0.004 0.316 0.000 0.000 0.000 0.000 0.000 0.011 0.000 0.000 0.000 0.000 0.000 0.373 0.000 0.002 0.002 0.001 0.451 0.008 0.022 0.516 0.002 0.001 0.004 0.000 0.001 0.000 0.369 0.032 0.001 0.000 0.003 0.001 0.000 0.000 
31 hoe_vis 30 0.031 0.001 0.057 0.000 0.011 0.995 0.000 0.083 0.991 0.003 0.000 0.001 0.000 0.002 0.000 0.000 0.001 0.000 0.056 0.001 0.002 0.001 0.005 0.001 0.001 0.000 0.000 0.000 0.001 0.001 0.000 0.000 0.112 0.002 0.000 0.000 0.000 0.000 0.018 0.000 0.004 0.001 0.002 0.011 0.161 0.007 0.914 0.048 0.001 0.235 0.032 0.808 0.001 0.077 0.000 0.001 0.001 0.000 
32 rake_vis 30 0.015 0.000 0.017 0.007 0.000 0.996 0.000 0.893 0.005 0.001 0.000 0.001 0.000 0.000 0.000 0.000 0.001 0.000 0.036 0.001 0.001 0.001 0.003 0.043 0.000 0.000 0.000 0.000 0.000 0.006 0.000 0.000 0.000 0.000 0.000 0.053 0.000 0.001 0.001 0.001 0.012 0.001 0.295 0.035 0.004 0.003 0.013 0.000 0.000 0.000 0.012 0.027 0.001 0.000 0.003 0.001 0.000 0.000 
33 shovel_vis 30 0.785 0.001 0.022 0.722 0.001 0.890 0.012 0.466 0.026 0.001 0.008 0.002 0.000 0.001 0.000 0.000 0.001 0.001 0.015 0.013 0.001 0.001 0.076 0.316 0.000 0.018 0.011 0.000 0.000 0.001 0.000 0.000 0.000 0.002 0.000 0.003 0.002 0.003 0.010 0.001 0.011 0.004 0.002 0.969 0.001 0.005 0.008 0.001 0.001 0.001 0.003 0.058 0.001 0.000 0.000 0.000 0.000 0.000 
34 spade_vis 30 0.008 0.000 0.029 0.030 0.000 0.647 0.000 0.968 0.005 0.006 0.000 0.001 0.000 0.000 0.000 0.000 0.001 0.000 0.151 0.014 0.001 0.001 0.173 0.033 0.014 0.000 0.000 0.000 0.000 0.001 0.000 0.000 0.001 0.000 0.000 0.001 0.000 0.000 0.027 0.001 0.004 0.030 0.130 0.001 0.939 0.003 0.002 0.001 0.000 0.001 0.000 0.078 0.001 0.005 0.001 0.034 0.000 0.000 
35 wrench_vis 30 0.052 0.001 0.017 0.000 0.009 0.996 0.013 0.060 0.993 0.001 0.001 0.001 0.000 0.002 0.000 0.000 0.000 0.000 0.070 0.015 0.005 0.001 0.001 0.014 0.000 0.000 0.000 0.000 0.000 0.001 0.000 0.000 0.001 0.033 0.000 0.001 0.071 0.001 0.105 0.001 0.003 0.001 0.007 0.834 0.002 0.058 0.290 0.003 0.021 0.012 0.037 0.976 0.001 0.000 0.000 0.000 0.000 0.000 
36 accordion_vis 30 0.008 0.002 0.003 0.000 0.030 0.996 0.000 0.002 0.899 0.039 0.001 0.001 0.001 0.017 0.000 0.000 0.000 0.000 0.002 0.001 0.002 0.001 0.001 0.006 0.000 0.006 0.000 0.000 0.001 0.001 0.000 0.021 0.008 0.000 0.000 0.000 0.001 0.000 0.001 0.000 0.002 0.000 0.001 0.001 0.002 0.005 0.956 0.002 0.046 0.011 0.045 0.027 0.000 0.167 0.003 0.008 0.029 0.000 
37 cello_vis 30 0.024 0.001 0.010 0.000 0.017 0.996 0.001 0.028 0.995 0.001 0.000 0.001 0.000 0.006 0.001 0.000 0.000 0.000 0.117 0.019 0.004 0.001 0.001 0.065 0.000 0.000 0.000 0.000 0.000 0.001 0.000 0.000 0.001 0.081 0.000 0.001 0.004 0.000 0.067 0.001 0.002 0.000 0.004 0.097 0.030 0.007 0.056 0.048 0.026 0.005 0.003 0.992 0.000 0.001 0.000 0.000 0.000 0.000 
38 flute_vis 30 0.006 0.001 0.003 0.000 0.020 0.996 0.000 0.024 0.990 0.002 0.000 0.002 0.001 0.014 0.000 0.000 0.000 0.000 0.001 0.119 0.002 0.001 0.001 0.007 0.001 0.002 0.002 0.000 0.002 0.001 0.000 0.005 0.011 0.001 0.000 0.000 0.001 0.000 0.013 0.000 0.002 0.201 0.001 0.001 0.015 0.008 0.189 0.001 0.173 0.588 0.006 0.089 0.000 0.040 0.001 0.003 0.001 0.000 
39 guitar_vis 30 0.010 0.001 0.005 0.000 0.024 0.996 0.000 0.007 0.985 0.005 0.000 0.001 0.000 0.002 0.000 0.000 0.000 0.001 0.001 0.001 0.003 0.001 0.001 0.000 0.000 0.001 0.000 0.000 0.000 0.001 0.000 0.005 0.016 0.001 0.000 0.000 0.001 0.000 0.001 0.000 0.002 0.005 0.001 0.006 0.001 0.015 0.525 0.001 0.106 0.565 0.106 0.046 0.000 0.266 0.000 0.003 0.013 0.000 
40 piano_vis 30 0.006 0.003 0.004 0.000 0.047 0.996 0.000 0.003 0.951 0.017 0.001 0.001 0.001 0.024 0.000 0.000 0.000 0.000 0.004 0.001 0.002 0.001 0.001 0.024 0.000 0.008 0.000 0.000 0.001 0.001 0.000 0.020 0.013 0.001 0.000 0.000 0.001 0.000 0.001 0.000 0.002 0.000 0.001 0.001 0.002 0.002 0.967 0.003 0.077 0.007 0.027 0.071 0.000 0.065 0.006 0.004 0.011 0.000 
41 trumpet_vis 30 0.025 0.001 0.011 0.000 0.017 0.996 0.001 0.026 0.995 0.001 0.000 0.001 0.000 0.006 0.001 0.000 0.000 0.000 0.120 0.018 0.004 0.001 0.001 0.059 0.000 0.000 0.000 0.000 0.000 0.001 0.000 0.000 0.001 0.079 0.000 0.001 0.005 0.000 0.068 0.001 0.002 0.000 0.005 0.102 0.031 0.008 0.063 0.048 0.024 0.005 0.003 0.992 0.000 0.001 0.000 0.000 0.000 0.000 
42 fork_vis 30 0.002 0.002 0.001 0.001 0.001 0.996 0.582 0.001 0.001 0.171 0.001 0.001 0.000 0.000 0.000 0.002 0.002 0.001 0.000 0.000 0.001 0.001 0.000 0.004 0.001 0.000 0.001 0.000 0.000 0.001 0.001 0.000 0.000 0.000 0.013 0.001 0.002 0.003 0.001 0.262 0.001 0.000 0.001 0.000 0.008 0.001 0.000 0.001 0.006 0.001 0.000 0.001 0.116 0.000 0.002 0.010 0.001 0.002 
43 spoon_vis 30 0.002 0.008 0.001 0.000 0.178 0.996 0.925 0.000 0.184 0.010 0.003 0.001 0.000 0.000 0.000 0.106 0.001 0.108 0.000 0.000 0.002 0.001 0.000 0.000 0.000 0.001 0.002 0.000 0.000 0.002 0.564 0.005 0.000 0.001 0.899 0.000 0.936 0.152 0.001 0.001 0.001 0.000 0.001 0.000 0.001 0.382 0.001 0.027 0.951 0.328 0.000 0.001 0.049 0.216 0.000 0.001 0.160 0.001 
44 tongs_vis 30 0.002 0.004 0.001 0.003 0.002 0.995 0.581 0.001 0.004 0.248 0.005 0.001 0.000 0.000 0.032 0.001 0.013 0.001 0.001 0.000 0.001 0.001 0.000 0.038 0.000 0.003 0.000 0.003 0.000 0.024 0.001 0.001 0.000 0.000 0.021 0.213 0.191 0.002 0.001 0.020 0.003 0.000 0.002 0.000 0.001 0.001 0.001 0.003 0.001 0.000 0.019 0.001 0.069 0.000 0.661 0.001 0.001 0.000 
45 ladle_vis 30 0.001 0.001 0.001 0.001 0.001 0.996 0.000 0.003 0.003 0.993 0.000 0.003 0.001 0.000 0.000 0.000 0.001 0.000 0.000 0.000 0.001 0.001 0.000 0.001 0.001 0.000 0.000 0.000 0.000 0.001 0.000 0.001 0.000 0.000 0.000 0.000 0.000 0.000 0.000 0.000 0.001 0.001 0.001 0.000 0.029 0.002 0.001 0.001 0.009 0.001 0.000 0.001 0.010 0.718 0.005 0.858 0.015 0.001 
46 knife_vis 30 0.027 0.001 0.018 0.002 0.010 0.996 0.011 0.147 0.899 0.002 0.001 0.329 0.000 0.002 0.000 0.011 0.000 0.001 0.001 0.654 0.109 0.002 0.002 0.003 0.000 0.000 0.397 0.000 0.000 0.002 0.001 0.000 0.001 0.183 0.004 0.000 0.011 0.065 0.028 0.002 0.015 0.144 0.001 0.068 0.003 0.228 0.001 0.001 0.973 0.719 0.003 0.583 0.001 0.001 0.000 0.005 0.000 0.001 
47 chopsticks_vis 30 0.002 0.007 0.001 0.001 0.003 0.996 0.763 0.001 0.004 0.008 0.005 0.001 0.000 0.000 0.028 0.004 0.003 0.001 0.001 0.000 0.001 0.001 0.000 0.008 0.000 0.000 0.000 0.000 0.000 0.053 0.002 0.001 0.000 0.001 0.012 0.060 0.783 0.003 0.001 0.009 0.001 0.000 0.002 0.001 0.001 0.001 0.001 0.004 0.002 0.001 0.032 0.001 0.122 0.001 0.071 0.000 0.000 0.000 
