0 beaver_vis 30 0.993 0.989 0.042 0.000 0.009 0.002 0.137 0.000 0.001 0.001 0.338 0.962 0.006 0.004 0.000 0.040 0.000 0.001 0.004 0.144 0.001 0.000 0.000 0.000 0.000 0.000 0.000 0.000 0.045 0.000 0.007 0.001 0.000 0.001 0.008 0.146 0.001 0.000 0.022 0.006 0.000 0.000 0.000 0.000 0.000 0.003 0.000 0.018 0.000 0.000 0.001 0.000 0.001 0.001 0.000 0.000 0.000 0.060 
1 bear_vis 30 0.012 0.352 0.287 0.000 0.000 0.981 0.954 0.151 0.016 0.144 0.591 0.072 0.001 0.000 0.013 0.163 0.006 0.075 0.006 0.330 0.130 0.000 0.000 0.000 0.000 0.001 0.000 0.001 0.000 0.000 0.000 0.000 0.000 0.000 0.940 0.373 0.004 0.000 0.737 0.000 0.002 0.004 0.681 0.000 0.000 0.859 0.016 0.904 0.002 0.104 0.001 0.000 0.648 0.004 0.002 0.008 0.004 0.753 
2 sheep_vis 30 0.988 0.983 0.020 0.000 0.012 0.004 0.339 0.000 0.001 0.001 0.244 0.969 0.012 0.005 0.000 0.017 0.000 0.000 0.012 0.128 0.000 0.000 0.000 0.000 0.000 0.000 0.000 0.000 0.062 0.000 0.006 0.002 0.000 0.001 0.012 0.345 0.004 0.000 0.038 0.016 0.001 0.001 0.000 0.000 0.000 0.002 0.000 0.045 0.001 0.000 0.001 0.000 0.001 0.001 0.000 0.000 0.000 0.121 
3 buffalo_vis 30 0.993 0.156 0.955 0.001 0.000 0.002 0.001 0.001 0.000 0.002 0.025 0.000 0.001 0.001 0.009 0.001 0.112 0.695 0.001 0.013 0.052 0.002 0.000 0.001 0.000 0.000 0.015 0.003 0.001 0.000 0.000 0.000 0.000 0.000 0.001 0.007 0.000 0.000 0.001 0.000 0.000 0.001 0.001 0.000 0.000 0.192 0.000 0.005 0.000 0.000 0.000 0.000 0.008 0.001 0.002 0.001 0.000 0.002 
4 poodle_vis 30 0.992 0.979 0.221 0.000 0.001 0.005 0.002 0.000 0.000 0.005 0.869 0.122 0.012 0.007 0.129 0.133 0.002 0.087 0.001 0.016 0.141 0.000 0.000 0.000 0.000 0.000 0.001 0.001 0.021 0.000 0.006 0.000 0.000 0.002 0.006 0.026 0.001 0.000 0.001 0.000 0.000 0.001 0.001 0.000 0.000 0.018 0.000 0.012 0.001 0.000 0.000 0.000 0.046 0.013 0.001 0.000 0.006 0.026 
5 giraffe_vis 30 0.976 0.986 0.358 0.000 0.002 0.021 0.012 0.000 0.001 0.002 0.865 0.336 0.012 0.001 0.021 0.920 0.001 0.083 0.002 0.120 0.015 0.000 0.000 0.000 0.000 0.000 0.000 0.000 0.043 0.001 0.046 0.001 0.000 0.004 0.026 0.011 0.011 0.000 0.001 0.000 0.000 0.001 0.001 0.000 0.000 0.060 0.001 0.003 0.005 0.001 0.001 0.000 0.007 0.002 0.000 0.000 0.001 0.005 
6 robin_vis 30 0.992 0.975 0.063 0.000 0.011 0.002 0.250 0.000 0.001 0.001 0.303 0.943 0.012 0.008 0.000 0.022 0.001 0.003 0.025 0.183 0.002 0.001 0.000 0.000 0.000 0.000 0.000 0.000 0.088 0.000 0.007 0.002 0.000 0.001 0.011 0.324 0.002 0.000 0.047 0.011 0.001 0.001 0.001 0.000 0.000 0.003 0.000 0.051 0.000 0.000 0.001 0.000 0.001 0.001 0.000 0.000 0.000 0.086 
7 swan_vis 30 0.994 0.011 0.446 0.002 0.000 0.098 0.001 0.001 0.000 0.024 0.001 0.000 0.001 0.003 0.001 0.000 0.004 0.045 0.002 0.002 0.041 0.017 0.037 0.001 0.001 0.000 0.004 0.002 0.000 0.000 0.003 0.000 0.000 0.000 0.000 0.002 0.000 0.000 0.000 0.000 0.001 0.001 0.001 0.000 0.000 0.038 0.000 0.004 0.000 0.000 0.000 0.000 0.002 0.085 0.058 0.002 0.000 0.001 
8 woodpecker_vis 30 0.949 0.013 0.991 0.001 0.000 0.013 0.058 0.201 0.001 0.001 0.005 0.005 0.001 0.000 0.000 0.056 0.036 0.540 0.396 0.947 0.834 0.009 0.001 0.000 0.002 0.030 0.001 0.003 0.001 0.000 0.003 0.000 0.000 0.003 0.106 0.036 0.001 0.001 0.008 0.001 0.011 0.005 0.089 0.005 0.001 0.049 0.001 0.096 0.001 0.001 0.001 0.000 0.009 0.001 0.001 0.005 0.000 0.002 
9 peacock_vis 30 0.201 0.001 0.992 0.001 0.000 0.168 0.606 0.984 0.000 0.432 0.002 0.002 0.000 0.000 0.003 0.053 0.078 0.873 0.028 0.965 0.937 0.005 0.000 0.000 0.001 0.002 0.000 0.002 0.000 0.000 0.000 0.000 0.000 0.001 0.699 0.038 0.001 0.003 0.209 0.000 0.014 0.332 0.787 0.001 0.003 0.816 0.007 0.020 0.000 0.007 0.001 0.000 0.919 0.019 0.013 0.295 0.010 0.027 
10 crow_vis 30 0.991 0.007 0.987 0.001 0.000 0.002 0.013 0.036 0.001 0.001 0.001 0.149 0.000 0.000 0.000 0.002 0.002 0.032 0.183 0.939 0.006 0.001 0.000 0.000 0.001 0.014 0.001 0.001 0.004 0.000 0.001 0.000 0.000 0.001 0.005 0.069 0.000 0.001 0.008 0.000 0.036 0.001 0.006 0.000 0.000 0.088 0.000 0.030 0.000 0.000 0.001 0.000 0.001 0.000 0.001 0.001 0.000 0.001 
11 eagle_vis 30 0.994 0.024 0.992 0.002 0.000 0.002 0.001 0.016 0.000 0.001 0.158 0.000 0.001 0.000 0.000 0.007 0.033 0.970 0.026 0.495 0.297 0.015 0.000 0.001 0.001 0.003 0.004 0.008 0.002 0.000 0.001 0.000 0.000 0.004 0.006 0.020 0.000 0.000 0.001 0.000 0.001 0.002 0.055 0.000 0.000 0.214 0.000 0.065 0.000 0.000 0.000 0.000 0.003 0.000 0.000 0.002 0.000 0.001 
12 tuna_vis 30 0.990 0.007 0.975 0.004 0.000 0.003 0.010 0.125 0.001 0.001 0.022 0.000 0.002 0.000 0.000 0.007 0.012 0.815 0.171 0.188 0.091 0.001 0.000 0.001 0.000 0.007 0.002 0.003 0.002 0.000 0.009 0.000 0.000 0.011 0.041 0.010 0.001 0.001 0.000 0.000 0.002 0.004 0.067 0.001 0.001 0.327 0.001 0.126 0.001 0.001 0.002 0.000 0.001 0.000 0.001 0.001 0.000 0.001 
13 goldfish_vis 30 0.967 0.011 0.000 0.003 0.968 0.090 0.001 0.001 0.136 0.001 0.002 0.002 0.012 0.000 0.000 0.002 0.000 0.000 0.017 0.001 0.001 0.000 0.010 0.026 0.000 0.003 0.000 0.000 0.021 0.097 0.662 0.003 0.008 0.334 0.000 0.004 0.001 0.000 0.000 0.001 0.004 0.002 0.002 0.000 0.000 0.005 0.001 0.119 0.002 0.009 0.007 0.061 0.000 0.003 0.001 0.001 0.000 0.005 
14 salmon_vis 30 0.990 0.002 0.861 0.003 0.000 0.003 0.021 0.018 0.001 0.001 0.000 0.004 0.002 0.000 0.000 0.000 0.001 0.003 0.224 0.154 0.002 0.013 0.001 0.000 0.008 0.017 0.001 0.001 0.003 0.000 0.003 0.000 0.000 0.000 0.005 0.008 0.000 0.002 0.002 0.002 0.044 0.001 0.003 0.002 0.001 0.038 0.000 0.012 0.000 0.000 0.001 0.000 0.000 0.001 0.002 0.001 0.000 0.000 
15 sardine_vis 30 0.975 0.059 0.000 0.053 0.941 0.013 0.009 0.001 0.084 0.001 0.003 0.666 0.065 0.006 0.000 0.000 0.000 0.000 0.143 0.001 0.000 0.000 0.002 0.000 0.006 0.047 0.223 0.001 0.937 0.000 0.059 0.531 0.007 0.004 0.001 0.168 0.002 0.002 0.004 0.261 0.041 0.001 0.001 0.000 0.000 0.001 0.001 0.234 0.003 0.002 0.013 0.007 0.000 0.001 0.001 0.000 0.000 0.002 
16 catfish_vis 30 0.994 0.982 0.011 0.001 0.019 0.006 0.001 0.000 0.003 0.001 0.925 0.092 0.007 0.002 0.003 0.105 0.000 0.009 0.001 0.004 0.041 0.000 0.000 0.000 0.000 0.000 0.001 0.001 0.009 0.001 0.349 0.000 0.000 0.056 0.001 0.005 0.001 0.000 0.000 0.000 0.000 0.001 0.001 0.000 0.000 0.037 0.000 0.042 0.001 0.001 0.001 0.001 0.000 0.019 0.000 0.000 0.000 0.120 
17 cod_vis 30 0.991 0.128 0.001 0.014 0.960 0.002 0.005 0.001 0.013 0.001 0.002 0.575 0.043 0.003 0.000 0.000 0.000 0.001 0.073 0.001 0.000 0.000 0.001 0.000 0.001 0.022 0.076 0.001 0.929 0.000 0.043 0.149 0.001 0.003 0.001 0.034 0.001 0.004 0.002 0.161 0.005 0.001 0.001 0.000 0.000 0.001 0.001 0.069 0.007 0.005 0.004 0.001 0.000 0.001 0.001 0.000 0.000 0.001 
18 turtle_vis 30 0.986 0.014 0.000 0.002 0.973 0.032 0.001 0.001 0.104 0.001 0.008 0.002 0.003 0.000 0.000 0.002 0.000 0.000 0.003 0.001 0.001 0.000 0.002 0.002 0.000 0.001 0.000 0.000 0.013 0.068 0.353 0.003 0.031 0.224 0.000 0.003 0.001 0.000 0.000 0.000 0.001 0.001 0.001 0.000 0.000 0.009 0.001 0.129 0.001 0.012 0.003 0.031 0.000 0.002 0.001 0.000 0.000 0.002 
19 rattlesnake_vis 30 0.906 0.002 0.000 0.007 0.932 0.041 0.001 0.001 0.096 0.001 0.003 0.004 0.003 0.000 0.000 0.001 0.000 0.000 0.006 0.000 0.000 0.000 0.011 0.000 0.001 0.002 0.000 0.001 0.002 0.007 0.038 0.011 0.621 0.184 0.000 0.004 0.001 0.000 0.004 0.001 0.001 0.002 0.003 0.000 0.001 0.001 0.001 0.210 0.001 0.004 0.018 0.005 0.000 0.001 0.000 0.001 0.000 0.002 
20 crab_vis 30 0.979 0.013 0.000 0.002 0.978 0.038 0.001 0.001 0.108 0.001 0.004 0.002 0.003 0.000 0.000 0.001 0.000 0.000 0.009 0.001 0.001 0.000 0.003 0.001 0.000 0.001 0.000 0.000 0.005 0.022 0.335 0.024 0.049 0.930 0.000 0.004 0.001 0.000 0.000 0.001 0.004 0.003 0.002 0.000 0.000 0.003 0.001 0.156 0.001 0.004 0.007 0.076 0.000 0.001 0.000 0.000 0.000 0.003 
21 frog_vis 30 0.154 0.003 0.000 0.030 0.454 0.218 0.022 0.001 0.308 0.001 0.001 0.036 0.007 0.199 0.000 0.001 0.000 0.000 0.014 0.001 0.000 0.000 0.000 0.000 0.434 0.067 0.001 0.011 0.027 0.001 0.000 0.661 0.253 0.008 0.001 0.125 0.003 0.000 0.018 0.050 0.002 0.003 0.001 0.000 0.002 0.001 0.001 0.202 0.004 0.002 0.598 0.005 0.000 0.001 0.000 0.002 0.000 0.002 
22 gecko_vis 30 0.024 0.000 0.000 0.001 0.328 0.985 0.001 0.006 0.959 0.001 0.004 0.001 0.004 0.000 0.000 0.001 0.000 0.000 0.014 0.000 0.001 0.000 0.010 0.009 0.000 0.002 0.000 0.001 0.001 0.010 0.202 0.000 0.010 0.554 0.000 0.010 0.002 0.000 0.000 0.001 0.024 0.023 0.009 0.000 0.000 0.003 0.001 0.935 0.001 0.006 0.092 0.104 0.000 0.004 0.001 0.004 0.000 0.016 
23 crocodile_vis 30 0.911 0.013 0.000 0.006 0.941 0.109 0.001 0.002 0.146 0.001 0.004 0.016 0.007 0.000 0.000 0.002 0.000 0.000 0.038 0.001 0.002 0.000 0.029 0.003 0.000 0.004 0.000 0.001 0.004 0.043 0.587 0.021 0.260 0.866 0.000 0.011 0.001 0.000 0.000 0.001 0.019 0.008 0.004 0.000 0.000 0.004 0.001 0.271 0.002 0.004 0.019 0.110 0.000 0.002 0.001 0.001 0.000 0.006 
24 axe_vis 30 0.002 0.001 0.000 0.000 0.000 0.993 0.993 0.000 0.001 0.032 0.000 0.006 0.001 0.000 0.000 0.000 0.000 0.000 0.001 0.000 0.000 0.000 0.000 0.000 0.002 0.000 0.000 0.000 0.000 0.000 0.000 0.000 0.001 0.000 0.002 0.766 0.037 0.005 0.061 0.960 0.001 0.009 0.000 0.000 0.000 0.000 0.000 0.001 0.000 0.001 0.005 0.000 0.084 0.001 0.000 0.001 0.001 0.005 
25 hammer_vis 30 0.002 0.000 0.002 0.000 0.000 0.994 0.973 0.028 0.001 0.004 0.000 0.001 0.000 0.000 0.000 0.000 0.000 0.000 0.000 0.056 0.000 0.000 0.000 0.000 0.002 0.000 0.000 0.000 0.000 0.000 0.000 0.000 0.000 0.000 0.000 0.904 0.002 0.044 0.009 0.001 0.006 0.014 0.001 0.000 0.003 0.000 0.000 0.001 0.000 0.000 0.001 0.000 0.092 0.000 0.011 0.000 0.000 0.001 
26 screwdriver_vis 30 0.001 0.000 0.000 0.000 0.000 0.994 0.993 0.000 0.001 0.019 0.000 0.008 0.001 0.001 0.000 0.000 0.000 0.000 0.000 0.000 0.000 0.000 0.000 0.000 0.000 0.000 0.000 0.000 0.000 0.000 0.000 0.000 0.001 0.000 0.002 0.044 0.052 0.003 0.151 0.899 0.000 0.001 0.000 0.000 0.000 0.000 0.000 0.001 0.000 0.001 0.001 0.000 0.056 0.005 0.000 0.000 0.001 0.001 
27 chisel_vis 30 0.001 0.000 0.001 0.000 0.000 0.993 0.965 0.007 0.001 0.003 0.000 0.001 0.000 0.000 0.000 0.000 0.000 0.000 0.000 0.020 0.000 0.000 0.000 0.000 0.001 0.000 0.000 0.000 0.000 0.000 0.000 0.000 0.000 0.000 0.001 0.760 0.002 0.038 0.014 0.004 0.001 0.007 0.000 0.000 0.001 0.000 0.000 0.001 0.000 0.000 0.001 0.000 0.072 0.000 0.008 0.000 0.000 0.001 
28 saw_vis 30 0.001 0.001 0.000 0.000 0.000 0.994 0.992 0.000 0.001 0.056 0.000 0.028 0.000 0.001 0.000 0.000 0.000 0.000 0.000 0.001 0.000 0.000 0.000 0.000 0.001 0.000 0.000 0.000 0.000 0.000 0.000 0.000 0.001 0.000 0.001 0.805 0.023 0.002 0.060 0.703 0.001 0.002 0.000 0.000 0.000 0.000 0.000 0.001 0.000 0.000 0.001 0.000 0.253 0.003 0.001 0.000 0.000 0.002 
29 drill_vis 30 0.001 0.000 0.000 0.000 0.000 0.994 0.993 0.000 0.001 0.039 0.000 0.008 0.001 0.000 0.000 0.000 0.000 0.000 0.000 0.000 0.000 0.000 0.000 0.000 0.001 0.000 0.000 0.000 0.000 0.000 0.000 0.000 0.001 0.000 0.001 0.737 0.046 0.005 0.058 0.958 0.001 0.006 0.000 0.000 0.000 0.000 0.000 0.001 0.000 0.001 0.003 0.000 0.101 0.001 0.001 0.001 0.001 0.004 
30 clamp_vis 30 0.003 0.000 0.029 0.001 0.000 0.995 0.015 0.965 0.001 0.034 0.000 0.000 0.000 0.000 0.000 0.000 0.000 0.000 0.011 0.025 0.001 0.000 0.006 0.000 0.004 0.001 0.000 0.000 0.000 0.000 0.000 0.000 0.002 0.002 0.000 0.015 0.000 0.004 0.000 0.001 0.974 0.030 0.019 0.002 0.002 0.006 0.000 0.001 0.000 0.000 0.001 0.004 0.001 0.001 0.031 0.006 0.000 0.002 
31 hoe_vis 30 0.002 0.000 0.001 0.002 0.000 0.994 0.002 0.991 0.003 0.007 0.000 0.000 0.000 0.000 0.000 0.000 0.000 0.000 0.000 0.010 0.001 0.000 0.001 0.001 0.000 0.001 0.000 0.000 0.000 0.000 0.000 0.000 0.014 0.001 0.000 0.002 0.000 0.001 0.004 0.000 0.031 0.016 0.705 0.000 0.731 0.022 0.001 0.001 0.000 0.001 0.001 0.004 0.000 0.001 0.023 0.022 0.000 0.000 
32 rake_vis 30 0.002 0.000 0.001 0.002 0.000 0.994 0.020 0.986 0.002 0.002 0.000 0.000 0.000 0.000 0.000 0.000 0.000 0.000 0.001 0.001 0.000 0.000 0.000 0.000 0.000 0.001 0.000 0.000 0.000 0.000 0.000 0.000 0.005 0.002 0.000 0.002 0.000 0.002 0.001 0.000 0.011 0.033 0.926 0.001 0.078 0.003 0.002 0.001 0.000 0.000 0.002 0.004 0.000 0.000 0.002 0.005 0.000 0.000 
33 shovel_vis 30 0.003 0.000 0.022 0.001 0.000 0.995 0.008 0.967 0.001 0.043 0.000 0.000 0.000 0.000 0.000 0.000 0.000 0.000 0.007 0.037 0.001 0.000 0.009 0.000 0.004 0.001 0.000 0.000 0.000 0.000 0.000 0.000 0.002 0.001 0.000 0.009 0.000 0.004 0.000 0.001 0.973 0.025 0.007 0.003 0.003 0.007 0.000 0.001 0.000 0.000 0.001 0.002 0.001 0.002 0.072 0.006 0.000 0.002 
34 spade_vis 30 0.001 0.000 0.000 0.013 0.000 0.994 0.001 0.988 0.004 0.002 0.000 0.000 0.000 0.000 0.000 0.000 0.000 0.000 0.000 0.001 0.000 0.000 0.004 0.001 0.002 0.005 0.000 0.000 0.000 0.000 0.000 0.000 0.085 0.001 0.000 0.001 0.000 0.003 0.013 0.000 0.008 0.013 0.141 0.020 0.967 0.002 0.006 0.001 0.000 0.001 0.004 0.004 0.000 0.001 0.009 0.074 0.000 0.000 
35 wrench_vis 30 0.002 0.000 0.001 0.001 0.000 0.994 0.023 0.800 0.002 0.002 0.000 0.000 0.000 0.000 0.000 0.000 0.000 0.000 0.004 0.001 0.000 0.000 0.001 0.000 0.001 0.001 0.000 0.000 0.000 0.000 0.000 0.000 0.004 0.001 0.000 0.002 0.000 0.009 0.000 0.001 0.226 0.011 0.046 0.087 0.010 0.003 0.001 0.001 0.000 0.000 0.001 0.002 0.000 0.000 0.002 0.003 0.000 0.000 
36 accordion_vis 30 0.018 0.011 0.002 0.027 0.016 0.103 0.372 0.031 0.009 0.008 0.000 0.057 0.010 0.116 0.000 0.002 0.000 0.000 0.010 0.082 0.000 0.001 0.001 0.000 0.746 0.008 0.000 0.001 0.001 0.001 0.000 0.134 0.378 0.002 0.000 0.361 0.053 0.183 0.131 0.321 0.068 0.231 0.001 0.001 0.274 0.001 0.003 0.005 0.001 0.001 0.099 0.001 0.011 0.002 0.026 0.001 0.000 0.001 
37 cello_vis 30 0.246 0.002 0.000 0.010 0.536 0.645 0.012 0.078 0.799 0.002 0.001 0.003 0.002 0.000 0.000 0.001 0.000 0.000 0.001 0.000 0.000 0.000 0.001 0.000 0.001 0.005 0.000 0.011 0.003 0.005 0.000 0.140 0.098 0.052 0.000 0.008 0.007 0.001 0.080 0.001 0.010 0.005 0.008 0.001 0.151 0.001 0.095 0.009 0.001 0.007 0.526 0.073 0.000 0.003 0.001 0.001 0.000 0.001 
38 flute_vis 30 0.002 0.000 0.001 0.000 0.000 0.994 0.984 0.009 0.013 0.001 0.000 0.000 0.001 0.000 0.000 0.000 0.000 0.000 0.004 0.001 0.000 0.000 0.000 0.000 0.008 0.001 0.000 0.000 0.000 0.000 0.000 0.000 0.000 0.000 0.001 0.649 0.053 0.206 0.001 0.033 0.013 0.018 0.001 0.011 0.003 0.001 0.001 0.002 0.002 0.001 0.030 0.002 0.005 0.000 0.001 0.001 0.000 0.001 
39 guitar_vis 30 0.011 0.001 0.002 0.001 0.003 0.919 0.954 0.011 0.008 0.001 0.000 0.004 0.006 0.001 0.000 0.000 0.000 0.000 0.017 0.001 0.000 0.001 0.000 0.000 0.149 0.002 0.000 0.001 0.001 0.000 0.000 0.002 0.004 0.001 0.000 0.887 0.089 0.114 0.010 0.231 0.080 0.026 0.001 0.004 0.010 0.001 0.001 0.006 0.001 0.001 0.121 0.001 0.002 0.000 0.001 0.001 0.000 0.001 
40 piano_vis 30 0.831 0.021 0.000 0.050 0.931 0.003 0.003 0.001 0.046 0.001 0.001 0.004 0.003 0.005 0.000 0.004 0.000 0.000 0.002 0.001 0.000 0.000 0.000 0.000 0.011 0.012 0.000 0.026 0.003 0.022 0.000 0.667 0.339 0.019 0.000 0.006 0.004 0.001 0.181 0.007 0.000 0.001 0.002 0.000 0.007 0.000 0.063 0.006 0.000 0.002 0.138 0.002 0.000 0.000 0.000 0.000 0.000 0.000 
41 trumpet_vis 30 0.002 0.000 0.001 0.001 0.000 0.994 0.002 0.984 0.016 0.005 0.000 0.000 0.000 0.000 0.000 0.000 0.000 0.000 0.001 0.003 0.001 0.000 0.001 0.001 0.000 0.001 0.000 0.000 0.000 0.000 0.000 0.000 0.002 0.006 0.000 0.004 0.001 0.001 0.000 0.000 0.028 0.102 0.978 0.000 0.045 0.082 0.001 0.002 0.000 0.001 0.007 0.034 0.000 0.000 0.011 0.002 0.000 0.001 
42 fork_vis 30 0.005 0.076 0.000 0.000 0.000 0.995 0.118 0.000 0.000 0.993 0.000 0.000 0.000 0.090 0.001 0.000 0.000 0.000 0.000 0.000 0.008 0.001 0.001 0.000 0.004 0.000 0.000 0.000 0.000 0.000 0.000 0.000 0.000 0.000 0.000 0.242 0.001 0.001 0.026 0.041 0.000 0.003 0.000 0.000 0.000 0.000 0.000 0.000 0.000 0.001 0.001 0.000 0.981 0.088 0.005 0.016 0.003 0.052 
43 spoon_vis 30 0.004 0.065 0.000 0.000 0.000 0.995 0.132 0.000 0.000 0.993 0.000 0.000 0.000 0.143 0.001 0.000 0.000 0.000 0.000 0.000 0.007 0.001 0.000 0.000 0.008 0.000 0.000 0.000 0.000 0.000 0.000 0.000 0.000 0.000 0.000 0.239 0.001 0.001 0.042 0.066 0.000 0.003 0.000 0.000 0.000 0.000 0.000 0.000 0.000 0.001 0.001 0.000 0.985 0.131 0.004 0.018 0.003 0.049 
44 tongs_vis 30 0.015 0.000 0.000 0.000 0.000 0.995 0.005 0.003 0.001 0.991 0.000 0.000 0.000 0.000 0.001 0.000 0.000 0.000 0.000 0.000 0.000 0.000 0.038 0.000 0.000 0.000 0.000 0.000 0.000 0.000 0.000 0.000 0.000 0.000 0.001 0.002 0.000 0.066 0.002 0.001 0.011 0.001 0.001 0.000 0.000 0.022 0.000 0.001 0.000 0.001 0.000 0.000 0.125 0.016 0.986 0.014 0.001 0.053 
45 ladle_vis 30 0.004 0.000 0.000 0.002 0.000 0.995 0.001 0.002 0.001 0.988 0.000 0.000 0.000 0.000 0.000 0.000 0.000 0.000 0.000 0.000 0.001 0.001 0.025 0.000 0.016 0.000 0.000 0.000 0.000 0.000 0.000 0.000 0.002 0.000 0.000 0.001 0.000 0.024 0.003 0.001 0.002 0.002 0.004 0.000 0.002 0.000 0.000 0.001 0.000 0.002 0.000 0.000 0.012 0.009 0.257 0.438 0.002 0.009 
46 knife_vis 30 0.005 0.017 0.000 0.000 0.000 0.995 0.002 0.000 0.001 0.993 0.000 0.000 0.000 0.001 0.007 0.000 0.000 0.000 0.000 0.000 0.012 0.000 0.001 0.000 0.000 0.000 0.000 0.000 0.000 0.000 0.000 0.000 0.000 0.000 0.000 0.007 0.002 0.001 0.003 0.003 0.000 0.003 0.000 0.000 0.000 0.000 0.000 0.001 0.000 0.002 0.000 0.000 0.649 0.342 0.008 0.009 0.009 0.146 
47 chopsticks_vis 30 0.008 0.011 0.000 0.000 0.000 0.995 0.002 0.000 0.001 0.993 0.001 0.000 0.000 0.001 0.003 0.000 0.000 0.000 0.000 0.000 0.018 0.000 0.001 0.000 0.000 0.000 0.000 0.000 0.000 0.000 0.000 0.000 0.000 0.000 0.000 0.011 0.001 0.000 0.002 0.003 0.000 0.003 0.000 0.000 0.000 0.000 0.000 0.001 0.000 0.002 0.001 0.000 0.546 0.550 0.010 0.010 0.011 0.200 
