0 beaver_vis 30 0.995 0.088 0.003 0.001 0.952 0.004 0.001 0.000 0.000 0.009 0.000 0.001 0.002 0.605 0.000 0.003 0.001 0.000 0.012 0.000 0.003 0.000 0.000 0.000 0.004 0.002 0.001 0.001 0.001 0.094 0.004 0.442 0.034 0.031 0.000 0.001 0.001 0.001 0.001 0.001 0.000 0.001 0.003 0.000 0.008 0.000 0.188 0.001 0.001 0.000 0.001 0.006 0.346 0.001 0.045 0.000 0.002 0.002 
1 bear_vis 30 0.994 0.032 0.003 0.001 0.987 0.002 0.002 0.000 0.001 0.002 0.000 0.003 0.000 0.401 0.018 0.000 0.001 0.000 0.011 0.000 0.006 0.000 0.000 0.000 0.002 0.001 0.000 0.006 0.001 0.883 0.003 0.378 0.429 0.235 0.459 0.001 0.001 0.003 0.003 0.001 0.000 0.001 0.001 0.000 0.001 0.023 0.007 0.001 0.272 0.000 0.001 0.001 0.001 0.001 0.141 0.000 0.002 0.001 
2 sheep_vis 30 0.995 0.032 0.003 0.001 0.971 0.007 0.001 0.000 0.000 0.023 0.000 0.000 0.001 0.599 0.000 0.004 0.001 0.000 0.007 0.000 0.003 0.000 0.000 0.000 0.007 0.001 0.002 0.001 0.001 0.082 0.003 0.639 0.027 0.057 0.000 0.001 0.001 0.001 0.001 0.001 0.000 0.001 0.004 0.000 0.003 0.000 0.142 0.001 0.000 0.000 0.001 0.001 0.444 0.001 0.065 0.000 0.003 0.002 
3 buffalo_vis 30 0.986 0.008 0.002 0.001 0.904 0.073 0.001 0.000 0.000 0.071 0.000 0.000 0.001 0.091 0.000 0.003 0.001 0.000 0.001 0.000 0.006 0.000 0.000 0.000 0.005 0.000 0.001 0.001 0.001 0.126 0.002 0.166 0.007 0.024 0.001 0.001 0.001 0.001 0.011 0.001 0.000 0.002 0.006 0.000 0.007 0.000 0.245 0.001 0.000 0.000 0.001 0.004 0.700 0.001 0.140 0.000 0.003 0.002 
4 poodle_vis 30 0.993 0.027 0.002 0.001 0.965 0.015 0.001 0.000 0.000 0.109 0.000 0.000 0.003 0.189 0.001 0.001 0.001 0.000 0.002 0.000 0.003 0.000 0.000 0.000 0.005 0.001 0.001 0.001 0.001 0.109 0.002 0.557 0.006 0.015 0.001 0.001 0.001 0.001 0.003 0.001 0.000 0.001 0.011 0.000 0.001 0.000 0.040 0.001 0.000 0.000 0.001 0.001 0.182 0.001 0.163 0.000 0.002 0.002 
5 giraffe_vis 30 0.993 0.008 0.001 0.001 0.940 0.007 0.001 0.000 0.000 0.033 0.000 0.000 0.000 0.736 0.001 0.001 0.001 0.000 0.010 0.000 0.009 0.000 0.000 0.000 0.006 0.001 0.001 0.001 0.001 0.302 0.002 0.208 0.076 0.010 0.001 0.001 0.001 0.001 0.008 0.001 0.000 0.002 0.004 0.000 0.014 0.001 0.110 0.001 0.001 0.000 0.001 0.001 0.259 0.001 0.310 0.000 0.002 0.002 
6 robin_vis 30 0.995 0.045 0.004 0.001 0.954 0.002 0.002 0.000 0.012 0.001 0.000 0.005 0.001 0.234 0.000 0.000 0.001 0.000 0.021 0.000 0.002 0.000 0.000 0.001 0.002 0.004 0.000 0.006 0.001 0.046 0.017 0.289 0.213 0.001 0.000 0.001 0.001 0.002 0.017 0.001 0.000 0.000 0.006 0.001 0.012 0.000 0.011 0.001 0.027 0.000 0.004 0.502 0.002 0.000 0.001 0.000 0.001 0.001 
7 swan_vis 30 0.934 0.001 0.001 0.001 0.287 0.316 0.002 0.000 0.000 0.181 0.000 0.000 0.000 0.002 0.000 0.001 0.001 0.000 0.000 0.000 0.002 0.000 0.000 0.000 0.005 0.000 0.001 0.001 0.001 0.004 0.002 0.019 0.000 0.002 0.001 0.001 0.010 0.001 0.031 0.001 0.000 0.002 0.050 0.000 0.000 0.000 0.044 0.001 0.000 0.000 0.002 0.000 0.059 0.001 0.033 0.000 0.036 0.001 
8 woodpecker_vis 30 0.995 0.014 0.006 0.001 0.979 0.001 0.002 0.000 0.010 0.001 0.000 0.004 0.000 0.152 0.000 0.000 0.001 0.000 0.013 0.000 0.004 0.000 0.000 0.002 0.001 0.002 0.000 0.008 0.001 0.065 0.032 0.177 0.279 0.001 0.000 0.001 0.001 0.003 0.004 0.001 0.000 0.000 0.005 0.001 0.018 0.000 0.008 0.001 0.017 0.000 0.002 0.566 0.003 0.000 0.001 0.000 0.001 0.001 
9 peacock_vis 30 0.063 0.000 0.002 0.001 0.022 0.932 0.017 0.000 0.001 0.353 0.000 0.000 0.000 0.004 0.000 0.000 0.001 0.000 0.002 0.000 0.003 0.000 0.000 0.000 0.002 0.000 0.000 0.001 0.001 0.007 0.001 0.037 0.001 0.010 0.003 0.001 0.320 0.003 0.013 0.001 0.000 0.001 0.001 0.001 0.000 0.000 0.004 0.000 0.002 0.000 0.001 0.000 0.001 0.001 0.005 0.000 0.071 0.001 
10 crow_vis 30 0.930 0.151 0.001 0.001 0.316 0.134 0.002 0.000 0.001 0.038 0.000 0.001 0.000 0.113 0.001 0.001 0.001 0.000 0.002 0.000 0.002 0.000 0.000 0.000 0.002 0.000 0.000 0.001 0.001 0.086 0.001 0.010 0.006 0.007 0.001 0.001 0.002 0.001 0.018 0.001 0.000 0.001 0.003 0.000 0.000 0.001 0.016 0.001 0.008 0.000 0.001 0.001 0.008 0.001 0.134 0.000 0.004 0.001 
11 eagle_vis 30 0.302 0.000 0.001 0.001 0.158 0.737 0.004 0.000 0.001 0.294 0.000 0.000 0.000 0.002 0.000 0.000 0.001 0.000 0.001 0.000 0.002 0.000 0.000 0.000 0.001 0.000 0.000 0.001 0.001 0.009 0.001 0.005 0.001 0.000 0.001 0.001 0.001 0.001 0.018 0.001 0.000 0.001 0.064 0.000 0.001 0.000 0.033 0.001 0.001 0.000 0.002 0.001 0.042 0.001 0.550 0.000 0.002 0.001 
12 tuna_vis 30 0.034 0.000 0.028 0.001 0.292 0.924 0.507 0.001 0.025 0.006 0.000 0.023 0.000 0.001 0.001 0.000 0.001 0.006 0.002 0.015 0.007 0.000 0.000 0.006 0.002 0.002 0.000 0.002 0.001 0.025 0.006 0.011 0.530 0.137 0.002 0.031 0.027 0.261 0.023 0.002 0.001 0.001 0.003 0.001 0.000 0.000 0.003 0.001 0.031 0.000 0.001 0.009 0.001 0.001 0.002 0.000 0.003 0.001 
13 goldfish_vis 30 0.461 0.000 0.001 0.001 0.022 0.994 0.002 0.000 0.001 0.751 0.000 0.000 0.001 0.001 0.001 0.001 0.001 0.000 0.000 0.000 0.001 0.000 0.000 0.000 0.013 0.000 0.001 0.001 0.001 0.003 0.001 0.083 0.000 0.000 0.001 0.002 0.044 0.001 0.024 0.001 0.000 0.005 0.005 0.000 0.000 0.000 0.017 0.001 0.000 0.000 0.001 0.001 0.006 0.001 0.002 0.000 0.635 0.002 
14 salmon_vis 30 0.139 0.000 0.001 0.001 0.009 0.994 0.007 0.000 0.001 0.942 0.000 0.000 0.000 0.000 0.001 0.000 0.001 0.000 0.000 0.000 0.001 0.000 0.000 0.000 0.008 0.000 0.000 0.001 0.001 0.003 0.001 0.002 0.000 0.000 0.002 0.003 0.212 0.001 0.148 0.001 0.000 0.003 0.003 0.000 0.000 0.000 0.003 0.001 0.000 0.001 0.001 0.000 0.002 0.001 0.006 0.000 0.851 0.002 
15 sardine_vis 30 0.995 0.474 0.002 0.001 0.514 0.014 0.002 0.000 0.090 0.007 0.000 0.063 0.004 0.398 0.001 0.000 0.001 0.000 0.072 0.000 0.001 0.000 0.000 0.000 0.005 0.044 0.000 0.002 0.001 0.021 0.001 0.217 0.085 0.001 0.001 0.002 0.001 0.001 0.008 0.001 0.000 0.001 0.012 0.001 0.013 0.000 0.044 0.001 0.144 0.000 0.001 0.514 0.003 0.001 0.001 0.000 0.004 0.001 
16 catfish_vis 30 0.472 0.000 0.001 0.001 0.015 0.987 0.002 0.000 0.001 0.609 0.000 0.000 0.001 0.000 0.001 0.000 0.001 0.000 0.000 0.000 0.001 0.000 0.000 0.000 0.011 0.000 0.001 0.001 0.001 0.002 0.001 0.018 0.000 0.000 0.001 0.002 0.023 0.001 0.021 0.001 0.000 0.002 0.005 0.000 0.000 0.000 0.003 0.001 0.000 0.001 0.001 0.000 0.003 0.001 0.002 0.000 0.392 0.003 
17 cod_vis 30 0.245 0.000 0.001 0.001 0.006 0.995 0.010 0.000 0.001 0.957 0.000 0.000 0.001 0.000 0.001 0.000 0.002 0.000 0.000 0.000 0.001 0.000 0.000 0.000 0.007 0.000 0.004 0.001 0.004 0.002 0.001 0.022 0.000 0.000 0.001 0.003 0.470 0.001 0.019 0.002 0.000 0.002 0.004 0.000 0.000 0.000 0.004 0.001 0.000 0.001 0.001 0.000 0.013 0.001 0.003 0.001 0.729 0.005 
18 turtle_vis 30 0.200 0.000 0.001 0.001 0.016 0.992 0.002 0.000 0.001 0.872 0.000 0.000 0.000 0.001 0.000 0.000 0.001 0.000 0.000 0.000 0.001 0.000 0.000 0.000 0.015 0.000 0.001 0.001 0.001 0.002 0.001 0.013 0.000 0.000 0.001 0.001 0.137 0.001 0.036 0.001 0.000 0.003 0.003 0.000 0.000 0.000 0.020 0.001 0.000 0.000 0.001 0.000 0.007 0.001 0.002 0.000 0.816 0.002 
19 rattlesnake_vis 30 0.070 0.000 0.001 0.001 0.010 0.994 0.007 0.000 0.001 0.928 0.000 0.000 0.000 0.001 0.000 0.000 0.001 0.000 0.000 0.000 0.001 0.000 0.000 0.000 0.014 0.000 0.001 0.001 0.001 0.003 0.001 0.016 0.000 0.000 0.001 0.001 0.375 0.001 0.048 0.001 0.000 0.001 0.002 0.000 0.000 0.000 0.017 0.001 0.000 0.000 0.001 0.000 0.005 0.001 0.003 0.000 0.739 0.002 
20 crab_vis 30 0.992 0.035 0.002 0.001 0.986 0.008 0.007 0.000 0.001 0.002 0.000 0.004 0.000 0.483 0.022 0.000 0.001 0.000 0.015 0.000 0.005 0.000 0.000 0.000 0.002 0.000 0.000 0.010 0.001 0.916 0.002 0.221 0.434 0.076 0.439 0.002 0.002 0.008 0.006 0.001 0.000 0.001 0.001 0.001 0.003 0.033 0.016 0.001 0.437 0.000 0.001 0.003 0.001 0.001 0.158 0.000 0.002 0.001 
21 frog_vis 30 0.995 0.404 0.002 0.001 0.668 0.009 0.001 0.000 0.000 0.042 0.000 0.000 0.008 0.392 0.001 0.005 0.001 0.000 0.007 0.000 0.002 0.000 0.000 0.000 0.006 0.004 0.001 0.001 0.001 0.042 0.002 0.219 0.007 0.004 0.000 0.001 0.001 0.000 0.001 0.001 0.000 0.002 0.008 0.000 0.002 0.000 0.098 0.001 0.002 0.000 0.001 0.008 0.237 0.001 0.063 0.001 0.003 0.003 
22 gecko_vis 30 0.115 0.000 0.033 0.001 0.804 0.701 0.245 0.000 0.009 0.006 0.000 0.009 0.000 0.043 0.004 0.000 0.001 0.035 0.111 0.001 0.033 0.000 0.001 0.002 0.001 0.007 0.002 0.001 0.001 0.315 0.003 0.262 0.831 0.528 0.889 0.002 0.015 0.102 0.005 0.001 0.000 0.001 0.001 0.001 0.007 0.006 0.010 0.001 0.079 0.000 0.001 0.003 0.003 0.001 0.027 0.000 0.002 0.001 
23 crocodile_vis 30 0.052 0.000 0.001 0.001 0.015 0.933 0.002 0.000 0.001 0.308 0.000 0.000 0.000 0.001 0.000 0.000 0.001 0.000 0.000 0.000 0.001 0.000 0.000 0.000 0.002 0.000 0.001 0.001 0.001 0.003 0.001 0.002 0.000 0.000 0.001 0.001 0.004 0.001 0.006 0.001 0.000 0.001 0.001 0.000 0.000 0.000 0.007 0.001 0.000 0.000 0.001 0.000 0.019 0.001 0.003 0.000 0.021 0.001 
24 axe_vis 30 0.004 0.000 0.003 0.001 0.008 0.995 0.140 0.000 0.004 0.884 0.000 0.000 0.000 0.001 0.000 0.000 0.001 0.000 0.001 0.000 0.006 0.000 0.000 0.000 0.004 0.000 0.000 0.001 0.001 0.002 0.027 0.006 0.000 0.000 0.001 0.002 0.677 0.027 0.420 0.012 0.000 0.001 0.023 0.001 0.000 0.000 0.006 0.002 0.000 0.000 0.085 0.000 0.005 0.001 0.001 0.000 0.293 0.003 
25 hammer_vis 30 0.028 0.000 0.001 0.001 0.012 0.988 0.005 0.000 0.001 0.754 0.000 0.000 0.000 0.003 0.000 0.000 0.001 0.000 0.001 0.000 0.002 0.000 0.000 0.000 0.021 0.000 0.000 0.001 0.001 0.001 0.002 0.012 0.000 0.000 0.001 0.001 0.330 0.001 0.141 0.001 0.000 0.003 0.003 0.000 0.000 0.000 0.174 0.001 0.000 0.000 0.002 0.000 0.009 0.001 0.002 0.000 0.678 0.002 
26 screwdriver_vis 30 0.005 0.000 0.002 0.001 0.013 0.994 0.036 0.000 0.005 0.981 0.000 0.000 0.000 0.001 0.000 0.000 0.001 0.000 0.001 0.000 0.019 0.000 0.000 0.000 0.017 0.000 0.000 0.001 0.001 0.004 0.037 0.009 0.000 0.000 0.001 0.001 0.893 0.009 0.160 0.001 0.000 0.017 0.006 0.000 0.000 0.000 0.265 0.001 0.000 0.000 0.004 0.000 0.045 0.001 0.012 0.000 0.886 0.002 
27 chisel_vis 30 0.004 0.000 0.002 0.001 0.012 0.995 0.058 0.000 0.004 0.982 0.000 0.000 0.000 0.001 0.000 0.000 0.001 0.000 0.001 0.000 0.022 0.000 0.000 0.000 0.011 0.000 0.000 0.001 0.001 0.005 0.040 0.007 0.000 0.000 0.001 0.001 0.904 0.017 0.161 0.001 0.000 0.009 0.008 0.001 0.000 0.000 0.149 0.001 0.000 0.000 0.008 0.000 0.029 0.001 0.012 0.000 0.887 0.002 
28 saw_vis 30 0.046 0.000 0.001 0.001 0.012 0.987 0.004 0.000 0.000 0.682 0.000 0.000 0.000 0.003 0.000 0.000 0.001 0.000 0.001 0.000 0.001 0.000 0.000 0.000 0.016 0.000 0.000 0.001 0.001 0.001 0.001 0.007 0.000 0.000 0.001 0.001 0.172 0.001 0.119 0.001 0.000 0.003 0.002 0.000 0.000 0.000 0.112 0.001 0.000 0.000 0.002 0.000 0.008 0.001 0.001 0.000 0.660 0.002 
29 drill_vis 30 0.007 0.000 0.002 0.001 0.011 0.992 0.018 0.000 0.001 0.945 0.000 0.000 0.000 0.001 0.000 0.000 0.001 0.000 0.001 0.000 0.008 0.000 0.000 0.000 0.016 0.000 0.001 0.001 0.001 0.002 0.010 0.012 0.000 0.000 0.001 0.001 0.806 0.002 0.162 0.001 0.000 0.008 0.002 0.000 0.000 0.000 0.236 0.001 0.000 0.001 0.002 0.000 0.024 0.001 0.006 0.000 0.788 0.002 
30 clamp_vis 30 0.005 0.000 0.002 0.001 0.005 0.995 0.003 0.001 0.001 0.965 0.000 0.000 0.000 0.001 0.000 0.001 0.003 0.000 0.001 0.000 0.003 0.000 0.000 0.000 0.005 0.000 0.003 0.001 0.001 0.002 0.006 0.035 0.000 0.002 0.001 0.001 0.675 0.002 0.003 0.001 0.000 0.002 0.005 0.001 0.001 0.000 0.235 0.001 0.000 0.000 0.001 0.001 0.217 0.001 0.026 0.001 0.384 0.002 
31 hoe_vis 30 0.079 0.000 0.001 0.001 0.006 0.988 0.003 0.000 0.001 0.734 0.000 0.000 0.000 0.001 0.001 0.000 0.001 0.000 0.000 0.000 0.001 0.000 0.000 0.000 0.003 0.000 0.000 0.001 0.001 0.003 0.001 0.003 0.000 0.000 0.001 0.001 0.263 0.001 0.047 0.001 0.000 0.001 0.002 0.000 0.000 0.000 0.006 0.001 0.000 0.000 0.001 0.000 0.003 0.001 0.009 0.001 0.161 0.002 
32 rake_vis 30 0.804 0.001 0.001 0.001 0.045 0.405 0.001 0.000 0.000 0.158 0.000 0.000 0.000 0.001 0.000 0.004 0.001 0.000 0.000 0.000 0.001 0.000 0.000 0.000 0.002 0.000 0.004 0.001 0.001 0.002 0.001 0.014 0.000 0.004 0.001 0.001 0.009 0.001 0.004 0.001 0.000 0.001 0.001 0.000 0.000 0.000 0.006 0.001 0.000 0.000 0.001 0.000 0.017 0.001 0.007 0.000 0.021 0.002 
33 shovel_vis 30 0.009 0.000 0.002 0.001 0.012 0.995 0.055 0.001 0.009 0.992 0.000 0.000 0.000 0.001 0.001 0.001 0.010 0.000 0.001 0.000 0.006 0.000 0.000 0.000 0.007 0.000 0.001 0.001 0.003 0.005 0.020 0.006 0.000 0.000 0.001 0.003 0.901 0.006 0.007 0.002 0.000 0.022 0.012 0.001 0.000 0.000 0.277 0.001 0.001 0.000 0.001 0.001 0.152 0.001 0.020 0.001 0.915 0.003 
34 spade_vis 30 0.845 0.002 0.001 0.001 0.052 0.373 0.001 0.000 0.001 0.172 0.000 0.000 0.000 0.001 0.000 0.006 0.001 0.000 0.000 0.000 0.001 0.000 0.000 0.000 0.002 0.000 0.008 0.001 0.002 0.002 0.001 0.013 0.000 0.009 0.001 0.001 0.008 0.001 0.003 0.001 0.000 0.001 0.002 0.000 0.000 0.000 0.008 0.001 0.000 0.000 0.001 0.000 0.024 0.001 0.006 0.000 0.023 0.002 
35 wrench_vis 30 0.003 0.000 0.002 0.001 0.024 0.995 0.082 0.001 0.002 0.993 0.000 0.000 0.000 0.003 0.001 0.000 0.001 0.000 0.002 0.000 0.053 0.000 0.000 0.000 0.002 0.000 0.000 0.001 0.001 0.376 0.001 0.002 0.001 0.000 0.004 0.006 0.835 0.560 0.008 0.001 0.000 0.004 0.004 0.001 0.000 0.001 0.057 0.001 0.092 0.000 0.001 0.001 0.005 0.001 0.814 0.028 0.382 0.002 
36 accordion_vis 30 0.005 0.000 0.002 0.001 0.008 0.994 0.281 0.000 0.001 0.990 0.000 0.000 0.000 0.002 0.001 0.000 0.001 0.000 0.001 0.000 0.009 0.000 0.000 0.000 0.005 0.000 0.001 0.001 0.001 0.007 0.002 0.004 0.000 0.002 0.002 0.001 0.941 0.006 0.107 0.002 0.000 0.003 0.001 0.001 0.000 0.000 0.015 0.001 0.001 0.001 0.001 0.000 0.004 0.003 0.063 0.001 0.861 0.005 
37 cello_vis 30 0.192 0.000 0.001 0.001 0.054 0.901 0.002 0.000 0.000 0.699 0.000 0.000 0.000 0.002 0.000 0.000 0.001 0.000 0.001 0.000 0.003 0.000 0.000 0.000 0.002 0.000 0.000 0.001 0.001 0.009 0.001 0.003 0.000 0.000 0.001 0.001 0.086 0.002 0.024 0.001 0.000 0.001 0.004 0.000 0.000 0.000 0.018 0.001 0.000 0.000 0.001 0.000 0.014 0.001 0.182 0.000 0.026 0.002 
38 flute_vis 30 0.005 0.000 0.003 0.001 0.011 0.995 0.073 0.000 0.002 0.991 0.000 0.000 0.000 0.001 0.001 0.000 0.001 0.000 0.001 0.000 0.024 0.000 0.000 0.000 0.009 0.000 0.001 0.001 0.001 0.007 0.028 0.004 0.000 0.000 0.001 0.002 0.920 0.014 0.063 0.001 0.000 0.016 0.003 0.001 0.000 0.000 0.104 0.002 0.000 0.001 0.002 0.000 0.026 0.002 0.036 0.001 0.912 0.005 
39 guitar_vis 30 0.005 0.000 0.002 0.001 0.008 0.994 0.129 0.000 0.001 0.988 0.000 0.000 0.000 0.002 0.001 0.000 0.001 0.000 0.001 0.000 0.010 0.000 0.000 0.000 0.004 0.000 0.001 0.001 0.001 0.007 0.002 0.003 0.000 0.006 0.002 0.001 0.936 0.007 0.099 0.001 0.000 0.002 0.001 0.001 0.000 0.000 0.013 0.001 0.001 0.001 0.001 0.000 0.004 0.002 0.079 0.001 0.656 0.004 
40 piano_vis 30 0.229 0.000 0.001 0.001 0.043 0.920 0.002 0.000 0.001 0.465 0.000 0.000 0.000 0.002 0.000 0.000 0.001 0.000 0.000 0.000 0.002 0.000 0.000 0.000 0.003 0.000 0.000 0.001 0.001 0.002 0.001 0.005 0.000 0.000 0.001 0.001 0.075 0.001 0.022 0.001 0.000 0.001 0.003 0.000 0.000 0.000 0.026 0.001 0.000 0.001 0.001 0.000 0.021 0.001 0.035 0.000 0.048 0.001 
41 trumpet_vis 30 0.025 0.000 0.002 0.001 0.108 0.967 0.003 0.000 0.001 0.930 0.000 0.000 0.000 0.006 0.001 0.000 0.001 0.000 0.003 0.000 0.015 0.000 0.000 0.000 0.002 0.000 0.000 0.001 0.001 0.145 0.002 0.042 0.003 0.006 0.002 0.001 0.078 0.135 0.009 0.001 0.000 0.001 0.003 0.000 0.001 0.001 0.105 0.001 0.003 0.000 0.001 0.001 0.080 0.001 0.450 0.010 0.006 0.002 
42 fork_vis 30 0.007 0.000 0.004 0.001 0.032 0.989 0.006 0.000 0.007 0.979 0.000 0.000 0.001 0.006 0.000 0.000 0.001 0.000 0.002 0.000 0.012 0.000 0.000 0.000 0.037 0.000 0.006 0.001 0.002 0.003 0.019 0.035 0.001 0.000 0.004 0.001 0.015 0.009 0.020 0.001 0.000 0.004 0.006 0.000 0.001 0.000 0.309 0.002 0.000 0.001 0.001 0.000 0.369 0.004 0.003 0.001 0.793 0.021 
43 spoon_vis 30 0.004 0.000 0.002 0.001 0.011 0.994 0.042 0.000 0.002 0.989 0.000 0.000 0.000 0.005 0.001 0.000 0.001 0.000 0.002 0.000 0.012 0.000 0.000 0.000 0.016 0.000 0.001 0.001 0.001 0.004 0.005 0.022 0.000 0.002 0.003 0.001 0.848 0.004 0.425 0.001 0.000 0.002 0.002 0.001 0.000 0.000 0.058 0.001 0.000 0.001 0.001 0.001 0.013 0.005 0.018 0.001 0.882 0.004 
44 tongs_vis 30 0.005 0.000 0.003 0.001 0.021 0.993 0.014 0.000 0.016 0.985 0.000 0.000 0.001 0.003 0.000 0.000 0.001 0.000 0.003 0.000 0.008 0.000 0.000 0.000 0.063 0.000 0.004 0.001 0.002 0.002 0.014 0.042 0.001 0.001 0.003 0.001 0.189 0.002 0.074 0.001 0.000 0.020 0.007 0.000 0.000 0.000 0.458 0.002 0.000 0.001 0.001 0.000 0.206 0.005 0.005 0.001 0.783 0.007 
45 ladle_vis 30 0.004 0.000 0.002 0.001 0.007 0.995 0.037 0.000 0.001 0.983 0.000 0.000 0.000 0.003 0.001 0.000 0.001 0.000 0.002 0.000 0.007 0.000 0.000 0.000 0.008 0.000 0.001 0.001 0.001 0.004 0.002 0.026 0.000 0.005 0.002 0.001 0.895 0.003 0.472 0.001 0.000 0.002 0.002 0.001 0.000 0.000 0.026 0.001 0.001 0.001 0.001 0.001 0.006 0.004 0.030 0.001 0.686 0.004 
46 knife_vis 30 0.004 0.000 0.002 0.001 0.013 0.995 0.047 0.000 0.002 0.991 0.000 0.000 0.000 0.011 0.001 0.000 0.001 0.000 0.004 0.000 0.019 0.000 0.000 0.000 0.028 0.000 0.001 0.001 0.001 0.006 0.005 0.018 0.000 0.001 0.002 0.001 0.842 0.007 0.630 0.001 0.000 0.002 0.003 0.001 0.000 0.000 0.109 0.001 0.001 0.001 0.001 0.000 0.012 0.005 0.020 0.001 0.923 0.005 
47 chopsticks_vis 30 0.009 0.000 0.003 0.001 0.027 0.988 0.006 0.000 0.005 0.979 0.000 0.000 0.001 0.004 0.000 0.001 0.001 0.000 0.001 0.000 0.009 0.000 0.000 0.000 0.038 0.000 0.006 0.001 0.002 0.004 0.010 0.056 0.001 0.001 0.003 0.001 0.026 0.017 0.012 0.001 0.000 0.002 0.006 0.000 0.000 0.000 0.335 0.003 0.000 0.001 0.001 0.000 0.339 0.003 0.003 0.001 0.758 0.037 
