0 beaver_vis 30 0.005 0.001 0.015 0.058 0.001 0.994 0.018 0.000 0.001 0.979 0.000 0.001 0.001 0.000 0.000 0.000 0.001 0.000 0.073 0.038 0.033 0.001 0.021 0.072 0.099 0.000 0.000 0.000 0.000 0.001 0.000 0.003 0.016 0.000 0.136 0.009 0.003 0.002 0.002 0.001 0.001 0.000 0.000 0.001 0.000 0.001 0.001 0.000 0.001 0.002 0.000 0.001 0.018 0.086 0.109 0.001 0.955 0.021 
1 bear_vis 30 0.132 0.020 0.002 0.001 0.410 0.540 0.986 0.000 0.001 0.002 0.002 0.326 0.001 0.001 0.000 0.001 0.001 0.000 0.001 0.009 0.003 0.001 0.019 0.004 0.010 0.000 0.000 0.000 0.001 0.237 0.000 0.006 0.257 0.001 0.278 0.001 0.003 0.002 0.891 0.002 0.000 0.001 0.000 0.002 0.000 0.001 0.000 0.000 0.000 0.000 0.000 0.021 0.001 0.001 0.005 0.001 0.002 0.000 
2 sheep_vis 30 0.004 0.001 0.023 0.007 0.001 0.994 0.008 0.000 0.001 0.983 0.000 0.000 0.001 0.000 0.000 0.000 0.001 0.001 0.007 0.052 0.041 0.001 0.005 0.012 0.015 0.000 0.000 0.000 0.000 0.000 0.000 0.003 0.018 0.000 0.263 0.003 0.003 0.002 0.002 0.001 0.001 0.000 0.000 0.001 0.000 0.001 0.001 0.000 0.001 0.001 0.000 0.001 0.104 0.108 0.136 0.003 0.746 0.037 
3 buffalo_vis 30 0.714 0.066 0.006 0.001 0.804 0.168 0.967 0.000 0.001 0.004 0.002 0.567 0.001 0.001 0.000 0.004 0.001 0.001 0.002 0.031 0.015 0.001 0.033 0.039 0.009 0.000 0.000 0.000 0.001 0.725 0.001 0.020 0.859 0.015 0.015 0.002 0.008 0.002 0.519 0.002 0.001 0.000 0.000 0.006 0.000 0.001 0.000 0.000 0.001 0.000 0.000 0.002 0.001 0.001 0.004 0.001 0.009 0.001 
4 poodle_vis 30 0.004 0.001 0.015 0.028 0.002 0.994 0.023 0.000 0.001 0.973 0.000 0.001 0.001 0.001 0.000 0.000 0.001 0.001 0.024 0.067 0.038 0.001 0.010 0.034 0.032 0.000 0.000 0.000 0.000 0.001 0.000 0.006 0.042 0.001 0.151 0.005 0.004 0.002 0.001 0.001 0.001 0.000 0.000 0.002 0.000 0.001 0.001 0.000 0.001 0.001 0.000 0.001 0.061 0.063 0.069 0.001 0.902 0.042 
5 giraffe_vis 30 0.598 0.068 0.003 0.001 0.799 0.550 0.989 0.000 0.001 0.002 0.001 0.650 0.003 0.002 0.000 0.010 0.001 0.001 0.002 0.015 0.005 0.001 0.061 0.030 0.008 0.000 0.000 0.000 0.001 0.813 0.002 0.077 0.900 0.041 0.008 0.002 0.085 0.014 0.030 0.041 0.001 0.000 0.001 0.005 0.000 0.001 0.001 0.002 0.002 0.000 0.000 0.001 0.001 0.001 0.003 0.001 0.003 0.001 
6 robin_vis 30 0.006 0.001 0.044 0.001 0.003 0.993 0.017 0.000 0.000 0.983 0.000 0.002 0.000 0.000 0.000 0.000 0.001 0.001 0.002 0.462 0.083 0.001 0.003 0.001 0.005 0.000 0.000 0.000 0.001 0.001 0.000 0.007 0.249 0.001 0.962 0.001 0.002 0.001 0.004 0.000 0.001 0.001 0.000 0.002 0.000 0.001 0.000 0.000 0.001 0.000 0.000 0.008 0.693 0.242 0.461 0.001 0.661 0.002 
7 swan_vis 30 0.964 0.001 0.977 0.001 0.020 0.204 0.002 0.000 0.000 0.006 0.000 0.001 0.000 0.001 0.000 0.000 0.001 0.001 0.012 0.390 0.985 0.001 0.000 0.010 0.001 0.000 0.000 0.000 0.003 0.002 0.000 0.252 0.069 0.001 0.212 0.001 0.002 0.001 0.000 0.000 0.001 0.000 0.000 0.010 0.000 0.001 0.000 0.000 0.001 0.000 0.000 0.001 0.015 0.001 0.009 0.001 0.034 0.001 
8 woodpecker_vis 30 0.006 0.001 0.039 0.001 0.003 0.993 0.020 0.000 0.000 0.984 0.000 0.002 0.000 0.000 0.000 0.000 0.001 0.001 0.002 0.473 0.078 0.001 0.003 0.001 0.006 0.000 0.000 0.000 0.000 0.001 0.000 0.005 0.279 0.001 0.962 0.001 0.002 0.001 0.004 0.000 0.000 0.001 0.000 0.002 0.000 0.001 0.000 0.000 0.000 0.000 0.000 0.006 0.682 0.248 0.476 0.001 0.675 0.001 
9 peacock_vis 30 0.861 0.001 0.527 0.001 0.020 0.542 0.003 0.001 0.000 0.015 0.000 0.000 0.001 0.003 0.000 0.000 0.001 0.000 0.009 0.004 0.914 0.012 0.000 0.001 0.011 0.000 0.000 0.000 0.004 0.231 0.000 0.004 0.008 0.000 0.034 0.001 0.002 0.002 0.000 0.000 0.001 0.108 0.000 0.037 0.000 0.001 0.000 0.000 0.000 0.000 0.000 0.001 0.002 0.001 0.073 0.001 0.007 0.001 
10 crow_vis 30 0.926 0.001 0.954 0.001 0.017 0.289 0.003 0.000 0.000 0.010 0.000 0.001 0.000 0.001 0.000 0.000 0.001 0.001 0.012 0.468 0.979 0.001 0.001 0.013 0.001 0.000 0.000 0.000 0.001 0.001 0.000 0.188 0.110 0.001 0.335 0.001 0.002 0.001 0.001 0.000 0.000 0.000 0.000 0.006 0.000 0.001 0.000 0.000 0.001 0.000 0.000 0.002 0.021 0.001 0.011 0.001 0.047 0.001 
11 eagle_vis 30 0.980 0.001 0.976 0.001 0.064 0.152 0.002 0.001 0.001 0.010 0.000 0.000 0.001 0.001 0.000 0.000 0.001 0.001 0.012 0.008 0.983 0.022 0.000 0.001 0.012 0.000 0.000 0.000 0.016 0.018 0.000 0.009 0.024 0.000 0.004 0.001 0.003 0.002 0.001 0.000 0.001 0.005 0.000 0.022 0.000 0.001 0.000 0.000 0.001 0.000 0.000 0.001 0.002 0.001 0.071 0.001 0.007 0.001 
12 tuna_vis 30 0.510 0.010 0.004 0.001 0.819 0.149 0.798 0.001 0.000 0.002 0.000 0.012 0.005 0.001 0.008 0.000 0.001 0.000 0.001 0.001 0.007 0.003 0.001 0.001 0.225 0.000 0.001 0.000 0.001 0.794 0.028 0.002 0.056 0.000 0.001 0.001 0.002 0.014 0.156 0.001 0.001 0.014 0.000 0.003 0.003 0.001 0.000 0.000 0.000 0.000 0.000 0.001 0.000 0.000 0.080 0.001 0.002 0.001 
13 goldfish_vis 30 0.307 0.009 0.007 0.001 0.487 0.884 0.917 0.001 0.001 0.002 0.000 0.075 0.023 0.001 0.000 0.000 0.001 0.001 0.002 0.002 0.018 0.002 0.006 0.001 0.042 0.000 0.001 0.000 0.001 0.505 0.026 0.018 0.353 0.001 0.001 0.001 0.049 0.171 0.005 0.047 0.001 0.000 0.002 0.007 0.000 0.001 0.000 0.002 0.001 0.000 0.000 0.001 0.001 0.001 0.003 0.001 0.003 0.001 
14 salmon_vis 30 0.014 0.001 0.014 0.001 0.003 0.992 0.007 0.000 0.000 0.934 0.000 0.001 0.001 0.000 0.000 0.000 0.001 0.000 0.004 0.014 0.032 0.007 0.001 0.001 0.187 0.000 0.001 0.000 0.001 0.001 0.002 0.004 0.041 0.000 0.125 0.001 0.002 0.004 0.001 0.001 0.001 0.004 0.000 0.002 0.000 0.001 0.000 0.000 0.000 0.000 0.000 0.002 0.043 0.010 0.806 0.004 0.088 0.001 
15 sardine_vis 30 0.029 0.001 0.007 0.002 0.014 0.989 0.017 0.001 0.001 0.677 0.000 0.001 0.001 0.000 0.000 0.000 0.001 0.000 0.006 0.003 0.020 0.009 0.001 0.001 0.274 0.000 0.001 0.000 0.001 0.001 0.003 0.007 0.024 0.000 0.018 0.002 0.007 0.015 0.001 0.002 0.001 0.005 0.000 0.003 0.000 0.001 0.000 0.000 0.001 0.000 0.000 0.001 0.003 0.002 0.748 0.003 0.027 0.001 
16 catfish_vis 30 0.977 0.001 0.968 0.001 0.027 0.303 0.001 0.001 0.001 0.006 0.000 0.001 0.001 0.001 0.000 0.000 0.001 0.001 0.012 0.058 0.975 0.008 0.000 0.001 0.005 0.000 0.000 0.000 0.010 0.004 0.001 0.071 0.044 0.001 0.010 0.001 0.001 0.001 0.000 0.001 0.001 0.001 0.000 0.009 0.000 0.001 0.000 0.000 0.000 0.000 0.000 0.001 0.004 0.001 0.012 0.001 0.008 0.001 
17 cod_vis 30 0.342 0.001 0.164 0.001 0.024 0.888 0.006 0.001 0.001 0.138 0.000 0.001 0.001 0.001 0.000 0.000 0.001 0.001 0.009 0.007 0.558 0.056 0.001 0.001 0.071 0.000 0.001 0.000 0.001 0.023 0.021 0.006 0.303 0.000 0.009 0.002 0.007 0.025 0.001 0.001 0.002 0.044 0.001 0.014 0.000 0.001 0.000 0.000 0.001 0.000 0.000 0.001 0.004 0.001 0.383 0.001 0.010 0.001 
18 turtle_vis 30 0.622 0.077 0.002 0.001 0.855 0.060 0.977 0.000 0.001 0.001 0.004 0.615 0.001 0.001 0.000 0.003 0.001 0.001 0.001 0.011 0.003 0.001 0.036 0.022 0.010 0.000 0.000 0.000 0.001 0.727 0.001 0.011 0.737 0.006 0.009 0.001 0.003 0.001 0.855 0.002 0.001 0.000 0.000 0.002 0.000 0.001 0.000 0.000 0.001 0.000 0.000 0.005 0.000 0.000 0.002 0.001 0.002 0.001 
19 rattlesnake_vis 30 0.241 0.019 0.002 0.001 0.424 0.441 0.912 0.000 0.000 0.002 0.001 0.286 0.001 0.000 0.000 0.001 0.001 0.000 0.001 0.028 0.003 0.001 0.019 0.009 0.008 0.000 0.000 0.000 0.001 0.240 0.001 0.007 0.521 0.003 0.195 0.000 0.001 0.001 0.627 0.001 0.000 0.001 0.000 0.001 0.000 0.001 0.000 0.000 0.000 0.000 0.000 0.006 0.003 0.001 0.006 0.000 0.003 0.001 
20 crab_vis 30 0.499 0.059 0.002 0.001 0.825 0.064 0.974 0.000 0.000 0.001 0.003 0.549 0.001 0.001 0.000 0.002 0.001 0.000 0.001 0.008 0.003 0.001 0.030 0.012 0.011 0.000 0.000 0.000 0.001 0.633 0.001 0.006 0.601 0.004 0.013 0.001 0.001 0.001 0.883 0.002 0.000 0.000 0.000 0.001 0.000 0.001 0.000 0.000 0.000 0.000 0.000 0.007 0.000 0.000 0.002 0.000 0.001 0.000 
21 frog_vis 30 0.209 0.016 0.002 0.001 0.706 0.241 0.961 0.000 0.000 0.002 0.002 0.348 0.001 0.000 0.000 0.001 0.001 0.000 0.001 0.005 0.002 0.001 0.023 0.004 0.010 0.000 0.000 0.000 0.001 0.196 0.000 0.016 0.205 0.001 0.037 0.001 0.003 0.001 0.938 0.004 0.000 0.000 0.000 0.001 0.000 0.001 0.000 0.000 0.000 0.000 0.000 0.020 0.001 0.000 0.004 0.000 0.004 0.001 
22 gecko_vis 30 0.292 0.034 0.002 0.001 0.667 0.223 0.974 0.000 0.000 0.001 0.002 0.424 0.001 0.001 0.000 0.001 0.001 0.000 0.001 0.006 0.003 0.001 0.022 0.006 0.010 0.000 0.000 0.000 0.001 0.440 0.001 0.006 0.419 0.002 0.044 0.001 0.001 0.001 0.867 0.002 0.000 0.001 0.000 0.002 0.000 0.001 0.000 0.000 0.000 0.000 0.000 0.010 0.000 0.000 0.002 0.000 0.001 0.000 
23 crocodile_vis 30 0.749 0.111 0.002 0.001 0.878 0.039 0.969 0.000 0.000 0.001 0.004 0.658 0.001 0.000 0.000 0.003 0.001 0.000 0.001 0.012 0.003 0.001 0.038 0.032 0.011 0.000 0.000 0.000 0.001 0.818 0.001 0.006 0.822 0.008 0.007 0.001 0.001 0.001 0.857 0.002 0.000 0.000 0.000 0.002 0.000 0.001 0.000 0.000 0.000 0.000 0.000 0.003 0.000 0.000 0.002 0.000 0.001 0.000 
24 axe_vis 30 0.773 0.002 0.505 0.001 0.002 0.750 0.007 0.001 0.001 0.037 0.000 0.001 0.006 0.004 0.000 0.000 0.001 0.001 0.051 0.007 0.545 0.033 0.000 0.000 0.023 0.000 0.000 0.000 0.002 0.018 0.001 0.001 0.006 0.000 0.040 0.001 0.001 0.012 0.000 0.000 0.001 0.008 0.000 0.003 0.000 0.001 0.001 0.000 0.000 0.000 0.000 0.001 0.004 0.011 0.036 0.001 0.002 0.001 
25 hammer_vis 30 0.002 0.001 0.010 0.007 0.001 0.994 0.009 0.000 0.033 0.814 0.000 0.000 0.001 0.000 0.000 0.000 0.004 0.014 0.001 0.004 0.032 0.001 0.001 0.008 0.001 0.024 0.001 0.005 0.001 0.001 0.000 0.006 0.002 0.005 0.004 0.002 0.001 0.001 0.000 0.000 0.116 0.000 0.000 0.001 0.000 0.001 0.001 0.004 0.126 0.001 0.001 0.001 0.211 0.004 0.003 0.007 0.064 0.858 
26 screwdriver_vis 30 0.599 0.001 0.473 0.005 0.001 0.947 0.006 0.000 0.001 0.337 0.000 0.001 0.001 0.000 0.000 0.000 0.001 0.001 0.396 0.232 0.005 0.003 0.090 0.001 0.004 0.000 0.001 0.000 0.000 0.000 0.000 0.001 0.012 0.000 0.065 0.002 0.001 0.001 0.000 0.000 0.001 0.000 0.000 0.001 0.000 0.001 0.001 0.000 0.000 0.000 0.000 0.001 0.031 0.249 0.015 0.001 0.171 0.001 
27 chisel_vis 30 0.003 0.001 0.014 0.095 0.001 0.994 0.001 0.000 0.001 0.982 0.000 0.000 0.000 0.000 0.000 0.000 0.002 0.001 0.006 0.002 0.024 0.001 0.002 0.105 0.003 0.001 0.001 0.001 0.000 0.000 0.000 0.001 0.001 0.001 0.002 0.001 0.001 0.001 0.000 0.000 0.001 0.000 0.000 0.001 0.000 0.001 0.001 0.000 0.001 0.033 0.000 0.001 0.034 0.030 0.010 0.016 0.560 0.812 
28 saw_vis 30 0.823 0.001 0.003 0.676 0.001 0.943 0.013 0.000 0.001 0.089 0.000 0.001 0.001 0.000 0.000 0.000 0.001 0.000 0.010 0.003 0.004 0.001 0.051 0.091 0.488 0.000 0.001 0.002 0.000 0.001 0.000 0.017 0.011 0.000 0.004 0.002 0.002 0.001 0.005 0.038 0.000 0.000 0.000 0.001 0.000 0.001 0.001 0.000 0.001 0.001 0.000 0.001 0.001 0.002 0.018 0.001 0.242 0.002 
29 drill_vis 30 0.001 0.001 0.001 0.001 0.001 0.995 0.992 0.000 0.019 0.013 0.000 0.036 0.004 0.028 0.000 0.000 0.001 0.000 0.024 0.182 0.051 0.001 0.007 0.007 0.008 0.000 0.000 0.000 0.000 0.030 0.000 0.005 0.396 0.001 0.777 0.565 0.056 0.371 0.002 0.004 0.001 0.001 0.000 0.007 0.000 0.001 0.004 0.000 0.185 0.002 0.000 0.001 0.002 0.002 0.005 0.001 0.045 0.001 
30 clamp_vis 30 0.007 0.001 0.030 0.001 0.002 0.994 0.003 0.014 0.001 0.918 0.000 0.000 0.001 0.000 0.000 0.000 0.001 0.001 0.002 0.018 0.116 0.028 0.001 0.000 0.022 0.000 0.005 0.000 0.001 0.001 0.012 0.002 0.162 0.000 0.005 0.000 0.001 0.040 0.000 0.000 0.113 0.001 0.001 0.003 0.001 0.001 0.001 0.000 0.001 0.000 0.000 0.001 0.054 0.003 0.204 0.006 0.127 0.001 
31 hoe_vis 30 0.016 0.001 0.172 0.085 0.001 0.991 0.000 0.001 0.221 0.991 0.004 0.000 0.000 0.000 0.001 0.000 0.105 0.235 0.006 0.009 0.001 0.003 0.005 0.001 0.000 0.400 0.031 0.000 0.000 0.000 0.000 0.000 0.000 0.001 0.002 0.000 0.001 0.001 0.000 0.000 0.001 0.000 0.000 0.001 0.003 0.002 0.832 0.001 0.001 0.066 0.001 0.001 0.185 0.981 0.002 0.825 0.020 0.786 
32 rake_vis 30 0.002 0.001 0.004 0.001 0.002 0.994 0.830 0.012 0.001 0.065 0.000 0.003 0.004 0.004 0.004 0.000 0.001 0.001 0.004 0.004 0.020 0.033 0.000 0.000 0.039 0.000 0.001 0.000 0.001 0.091 0.011 0.001 0.065 0.000 0.743 0.001 0.001 0.383 0.001 0.000 0.029 0.750 0.001 0.002 0.001 0.001 0.001 0.000 0.001 0.000 0.000 0.001 0.007 0.001 0.419 0.004 0.001 0.001 
33 shovel_vis 30 0.002 0.001 0.018 0.095 0.001 0.994 0.000 0.001 0.012 0.982 0.001 0.000 0.000 0.000 0.000 0.000 0.008 0.003 0.002 0.001 0.023 0.001 0.001 0.120 0.001 0.010 0.000 0.006 0.001 0.000 0.000 0.001 0.000 0.001 0.001 0.001 0.001 0.001 0.000 0.000 0.003 0.000 0.000 0.001 0.001 0.001 0.001 0.000 0.001 0.197 0.001 0.002 0.120 0.016 0.005 0.106 0.107 0.976 
34 spade_vis 30 0.001 0.001 0.001 0.000 0.002 0.994 0.918 0.027 0.001 0.024 0.000 0.002 0.004 0.002 0.007 0.000 0.001 0.001 0.002 0.001 0.005 0.021 0.000 0.000 0.067 0.000 0.000 0.000 0.000 0.117 0.009 0.000 0.019 0.000 0.797 0.001 0.001 0.358 0.002 0.000 0.005 0.911 0.001 0.001 0.006 0.001 0.001 0.000 0.001 0.000 0.000 0.002 0.003 0.001 0.658 0.003 0.001 0.001 
35 wrench_vis 30 0.011 0.001 0.030 0.020 0.001 0.993 0.000 0.001 0.003 0.915 0.000 0.000 0.001 0.000 0.000 0.000 0.006 0.001 0.006 0.001 0.015 0.002 0.000 0.006 0.014 0.001 0.004 0.002 0.001 0.000 0.001 0.001 0.000 0.000 0.001 0.001 0.001 0.001 0.000 0.000 0.003 0.000 0.000 0.001 0.001 0.003 0.001 0.000 0.001 0.009 0.000 0.002 0.009 0.015 0.084 0.294 0.017 0.146 
36 accordion_vis 30 0.012 0.001 0.158 0.094 0.001 0.993 0.000 0.000 0.271 0.993 0.004 0.000 0.000 0.000 0.001 0.000 0.102 0.243 0.006 0.010 0.001 0.003 0.006 0.001 0.000 0.423 0.035 0.000 0.000 0.000 0.000 0.000 0.000 0.001 0.002 0.000 0.001 0.001 0.000 0.000 0.002 0.000 0.000 0.000 0.003 0.002 0.872 0.001 0.001 0.069 0.001 0.001 0.221 0.981 0.002 0.856 0.027 0.832 
37 cello_vis 30 0.003 0.001 0.016 0.060 0.001 0.991 0.000 0.001 0.080 0.953 0.001 0.000 0.000 0.000 0.000 0.000 0.009 0.007 0.002 0.001 0.020 0.001 0.001 0.103 0.001 0.017 0.001 0.007 0.001 0.000 0.001 0.001 0.000 0.002 0.001 0.001 0.001 0.001 0.000 0.000 0.013 0.000 0.000 0.001 0.001 0.001 0.002 0.001 0.004 0.337 0.003 0.004 0.086 0.012 0.003 0.069 0.074 0.959 
38 flute_vis 30 0.004 0.001 0.017 0.103 0.001 0.993 0.001 0.000 0.001 0.985 0.000 0.000 0.000 0.000 0.000 0.000 0.002 0.001 0.053 0.009 0.027 0.001 0.012 0.110 0.057 0.001 0.001 0.001 0.000 0.000 0.000 0.001 0.002 0.001 0.033 0.008 0.001 0.001 0.001 0.000 0.002 0.000 0.000 0.000 0.000 0.001 0.001 0.000 0.001 0.007 0.000 0.001 0.009 0.076 0.059 0.006 0.916 0.169 
39 guitar_vis 30 0.003 0.001 0.016 0.102 0.001 0.994 0.000 0.000 0.002 0.983 0.000 0.000 0.000 0.000 0.000 0.000 0.002 0.002 0.018 0.003 0.025 0.001 0.004 0.113 0.014 0.002 0.001 0.001 0.000 0.000 0.000 0.001 0.001 0.001 0.008 0.003 0.001 0.001 0.001 0.000 0.002 0.000 0.000 0.000 0.000 0.001 0.001 0.000 0.001 0.020 0.000 0.001 0.020 0.048 0.025 0.012 0.742 0.509 
40 piano_vis 30 0.816 0.012 0.341 0.053 0.001 0.353 0.001 0.002 0.045 0.015 0.004 0.001 0.034 0.001 0.001 0.001 0.033 0.009 0.530 0.007 0.005 0.017 0.034 0.002 0.014 0.034 0.047 0.002 0.001 0.001 0.001 0.001 0.001 0.003 0.001 0.002 0.001 0.001 0.000 0.000 0.014 0.001 0.001 0.002 0.000 0.001 0.006 0.010 0.030 0.001 0.001 0.002 0.015 0.004 0.001 0.002 0.001 0.009 
41 trumpet_vis 30 0.003 0.001 0.018 0.101 0.001 0.993 0.000 0.001 0.013 0.980 0.001 0.000 0.000 0.000 0.000 0.000 0.008 0.003 0.002 0.001 0.021 0.001 0.001 0.117 0.001 0.010 0.001 0.006 0.001 0.000 0.000 0.001 0.000 0.001 0.001 0.001 0.001 0.001 0.000 0.000 0.003 0.000 0.000 0.001 0.001 0.001 0.002 0.000 0.002 0.152 0.002 0.002 0.103 0.019 0.005 0.089 0.118 0.971 
42 fork_vis 30 0.037 0.001 0.324 0.001 0.003 0.527 0.001 0.001 0.001 0.861 0.000 0.001 0.000 0.000 0.000 0.002 0.001 0.247 0.001 0.112 0.373 0.002 0.001 0.004 0.001 0.002 0.000 0.000 0.001 0.000 0.011 0.001 0.075 0.252 0.113 0.000 0.001 0.001 0.000 0.000 0.007 0.005 0.000 0.001 0.000 0.001 0.001 0.000 0.000 0.000 0.000 0.004 0.844 0.019 0.046 0.002 0.041 0.015 
43 spoon_vis 30 0.007 0.001 0.033 0.031 0.001 0.994 0.002 0.000 0.001 0.987 0.000 0.002 0.000 0.000 0.000 0.000 0.001 0.001 0.023 0.127 0.008 0.004 0.020 0.015 0.012 0.000 0.001 0.000 0.000 0.000 0.000 0.001 0.004 0.000 0.217 0.001 0.001 0.001 0.001 0.000 0.001 0.000 0.000 0.000 0.000 0.001 0.002 0.000 0.000 0.002 0.000 0.001 0.047 0.436 0.054 0.005 0.748 0.079 
44 tongs_vis 30 0.014 0.000 0.045 0.001 0.005 0.991 0.001 0.001 0.001 0.981 0.000 0.000 0.000 0.000 0.000 0.000 0.001 0.001 0.001 0.004 0.070 0.102 0.000 0.000 0.111 0.000 0.002 0.000 0.000 0.001 0.031 0.000 0.079 0.000 0.042 0.000 0.001 0.007 0.000 0.000 0.005 0.034 0.000 0.001 0.000 0.001 0.000 0.000 0.000 0.000 0.000 0.001 0.095 0.007 0.943 0.010 0.033 0.001 
45 ladle_vis 30 0.004 0.000 0.040 0.032 0.001 0.993 0.000 0.005 0.002 0.987 0.000 0.000 0.000 0.000 0.000 0.000 0.013 0.004 0.001 0.001 0.010 0.001 0.000 0.003 0.001 0.002 0.002 0.005 0.000 0.000 0.001 0.000 0.000 0.001 0.001 0.000 0.001 0.001 0.000 0.000 0.027 0.001 0.000 0.000 0.006 0.002 0.002 0.000 0.001 0.018 0.000 0.001 0.133 0.051 0.043 0.534 0.025 0.660 
46 knife_vis 30 0.005 0.000 0.013 0.092 0.001 0.994 0.002 0.000 0.001 0.980 0.000 0.000 0.000 0.000 0.000 0.000 0.001 0.001 0.090 0.013 0.026 0.001 0.022 0.102 0.108 0.000 0.000 0.000 0.000 0.000 0.000 0.001 0.004 0.000 0.051 0.011 0.001 0.001 0.001 0.000 0.001 0.000 0.000 0.000 0.000 0.001 0.001 0.000 0.000 0.002 0.000 0.001 0.004 0.072 0.065 0.002 0.957 0.036 
47 chopsticks_vis 30 0.003 0.000 0.034 0.003 0.001 0.986 0.000 0.000 0.001 0.937 0.000 0.000 0.000 0.000 0.000 0.000 0.001 0.007 0.001 0.005 0.054 0.001 0.001 0.006 0.001 0.001 0.000 0.000 0.001 0.000 0.000 0.001 0.001 0.002 0.012 0.000 0.001 0.001 0.000 0.000 0.001 0.000 0.000 0.000 0.000 0.001 0.001 0.000 0.001 0.001 0.000 0.008 0.510 0.025 0.013 0.005 0.138 0.356 
