0 beaver_vis 30 0.996 0.977 0.035 0.014 0.001 0.002 0.001 0.001 0.001 0.004 0.509 0.033 0.273 0.000 0.012 0.065 0.002 0.013 0.347 0.005 0.005 0.002 0.004 0.000 0.007 0.001 0.002 0.001 0.001 0.000 0.001 0.001 0.000 0.001 0.001 0.017 0.001 0.003 0.001 0.002 0.002 0.001 0.001 0.007 0.002 0.001 0.001 0.002 0.002 0.001 0.001 0.001 0.001 0.002 0.003 0.001 0.002 0.042 
1 bear_vis 30 0.996 0.771 0.001 0.418 0.004 0.001 0.001 0.001 0.001 0.001 0.056 0.244 0.001 0.003 0.001 0.032 0.001 0.002 0.001 0.000 0.001 0.001 0.001 0.001 0.001 0.410 0.006 0.001 0.004 0.001 0.001 0.005 0.003 0.001 0.001 0.002 0.000 0.001 0.018 0.001 0.010 0.000 0.005 0.001 0.007 0.001 0.000 0.001 0.000 0.000 0.001 0.001 0.001 0.001 0.001 0.000 0.000 0.003 
2 sheep_vis 30 0.996 0.004 0.199 0.942 0.001 0.002 0.001 0.001 0.001 0.002 0.222 0.002 0.002 0.000 0.001 0.001 0.001 0.564 0.010 0.019 0.242 0.002 0.015 0.000 0.613 0.700 0.025 0.001 0.001 0.000 0.001 0.001 0.001 0.001 0.001 0.097 0.000 0.060 0.001 0.001 0.258 0.000 0.001 0.002 0.006 0.002 0.001 0.001 0.000 0.001 0.001 0.001 0.001 0.001 0.001 0.001 0.000 0.002 
3 buffalo_vis 30 0.996 0.868 0.001 0.212 0.003 0.001 0.001 0.001 0.001 0.001 0.010 0.037 0.001 0.037 0.005 0.015 0.001 0.001 0.001 0.000 0.003 0.002 0.001 0.001 0.001 0.020 0.005 0.002 0.003 0.001 0.002 0.001 0.002 0.001 0.001 0.002 0.000 0.001 0.021 0.001 0.006 0.001 0.003 0.001 0.001 0.001 0.001 0.001 0.000 0.000 0.001 0.001 0.001 0.001 0.001 0.000 0.000 0.001 
4 poodle_vis 30 0.996 0.945 0.001 0.041 0.003 0.001 0.001 0.001 0.001 0.001 0.102 0.236 0.002 0.003 0.007 0.082 0.001 0.002 0.001 0.001 0.006 0.001 0.001 0.001 0.002 0.075 0.003 0.001 0.002 0.000 0.001 0.009 0.004 0.001 0.001 0.001 0.000 0.001 0.007 0.001 0.004 0.001 0.002 0.000 0.003 0.001 0.001 0.001 0.000 0.000 0.001 0.001 0.001 0.001 0.001 0.001 0.000 0.005 
5 giraffe_vis 30 0.996 0.979 0.001 0.005 0.012 0.001 0.001 0.001 0.001 0.001 0.036 0.325 0.001 0.032 0.002 0.049 0.001 0.001 0.001 0.000 0.001 0.001 0.001 0.001 0.001 0.009 0.002 0.001 0.004 0.001 0.003 0.012 0.007 0.001 0.001 0.001 0.000 0.001 0.003 0.002 0.002 0.001 0.001 0.000 0.001 0.000 0.000 0.001 0.000 0.000 0.001 0.001 0.001 0.001 0.000 0.000 0.000 0.002 
6 robin_vis 30 0.996 0.008 0.987 0.017 0.004 0.003 0.001 0.001 0.002 0.184 0.034 0.001 0.002 0.000 0.001 0.001 0.010 0.038 0.854 0.656 0.006 0.002 0.007 0.000 0.003 0.014 0.001 0.000 0.001 0.001 0.001 0.020 0.001 0.002 0.001 0.002 0.000 0.013 0.001 0.000 0.002 0.001 0.002 0.006 0.001 0.001 0.001 0.001 0.001 0.001 0.001 0.001 0.001 0.002 0.013 0.023 0.001 0.005 
7 swan_vis 30 0.996 0.958 0.108 0.010 0.001 0.002 0.001 0.001 0.002 0.010 0.927 0.141 0.029 0.000 0.006 0.017 0.002 0.115 0.055 0.009 0.030 0.003 0.004 0.000 0.010 0.003 0.003 0.001 0.001 0.000 0.001 0.001 0.001 0.001 0.001 0.011 0.000 0.004 0.001 0.002 0.005 0.001 0.001 0.001 0.002 0.001 0.001 0.012 0.001 0.001 0.001 0.001 0.001 0.002 0.001 0.001 0.001 0.100 
8 woodpecker_vis 30 0.996 0.010 0.989 0.012 0.003 0.003 0.001 0.001 0.002 0.084 0.021 0.002 0.003 0.000 0.001 0.001 0.010 0.095 0.908 0.321 0.003 0.003 0.005 0.000 0.003 0.012 0.001 0.000 0.001 0.000 0.001 0.011 0.001 0.001 0.001 0.005 0.001 0.010 0.001 0.001 0.001 0.001 0.001 0.013 0.001 0.001 0.001 0.001 0.003 0.001 0.001 0.001 0.001 0.002 0.010 0.005 0.002 0.005 
9 peacock_vis 30 0.996 0.978 0.051 0.012 0.001 0.001 0.001 0.001 0.001 0.136 0.986 0.072 0.004 0.000 0.025 0.083 0.001 0.104 0.001 0.013 0.427 0.001 0.005 0.000 0.005 0.008 0.002 0.001 0.002 0.000 0.001 0.001 0.001 0.001 0.000 0.008 0.000 0.004 0.001 0.001 0.074 0.000 0.000 0.000 0.003 0.001 0.001 0.028 0.000 0.001 0.001 0.002 0.001 0.001 0.000 0.004 0.000 0.583 
10 crow_vis 30 0.996 0.971 0.040 0.010 0.001 0.001 0.001 0.001 0.001 0.030 0.968 0.029 0.003 0.000 0.014 0.021 0.001 0.007 0.008 0.074 0.057 0.002 0.003 0.000 0.004 0.006 0.001 0.001 0.002 0.000 0.001 0.001 0.001 0.001 0.000 0.002 0.000 0.001 0.001 0.001 0.004 0.001 0.003 0.001 0.004 0.001 0.001 0.005 0.000 0.000 0.001 0.002 0.001 0.001 0.002 0.001 0.000 0.039 
11 eagle_vis 30 0.996 0.980 0.060 0.009 0.001 0.002 0.001 0.001 0.003 0.004 0.867 0.052 0.158 0.000 0.011 0.037 0.003 0.076 0.006 0.029 0.005 0.004 0.003 0.000 0.012 0.002 0.002 0.001 0.001 0.000 0.001 0.001 0.001 0.001 0.001 0.006 0.000 0.004 0.001 0.007 0.001 0.001 0.002 0.001 0.002 0.001 0.002 0.011 0.001 0.001 0.001 0.001 0.001 0.003 0.003 0.001 0.001 0.054 
12 tuna_vis 30 0.994 0.002 0.016 0.955 0.001 0.002 0.004 0.023 0.001 0.002 0.001 0.001 0.001 0.000 0.006 0.001 0.047 0.001 0.005 0.001 0.114 0.001 0.140 0.008 0.710 0.005 0.004 0.261 0.001 0.001 0.004 0.001 0.001 0.002 0.005 0.006 0.011 0.001 0.004 0.003 0.011 0.002 0.043 0.029 0.004 0.004 0.001 0.001 0.001 0.000 0.002 0.001 0.001 0.001 0.002 0.001 0.000 0.001 
13 goldfish_vis 30 0.996 0.005 0.001 0.978 0.006 0.001 0.002 0.004 0.001 0.001 0.001 0.001 0.001 0.001 0.001 0.031 0.001 0.001 0.020 0.000 0.001 0.001 0.001 0.028 0.027 0.101 0.865 0.037 0.002 0.001 0.004 0.007 0.001 0.002 0.001 0.009 0.001 0.001 0.015 0.001 0.065 0.001 0.012 0.001 0.003 0.001 0.001 0.001 0.000 0.000 0.001 0.001 0.001 0.001 0.062 0.000 0.000 0.001 
14 salmon_vis 30 0.995 0.003 0.084 0.985 0.001 0.002 0.005 0.100 0.001 0.001 0.010 0.001 0.003 0.000 0.015 0.001 0.008 0.003 0.039 0.081 0.311 0.010 0.032 0.001 0.633 0.446 0.032 0.258 0.003 0.001 0.003 0.001 0.001 0.001 0.005 0.002 0.001 0.017 0.002 0.001 0.049 0.001 0.040 0.085 0.004 0.063 0.001 0.001 0.001 0.001 0.001 0.001 0.001 0.001 0.002 0.001 0.000 0.001 
15 sardine_vis 30 0.005 0.001 0.001 0.012 0.001 0.989 0.031 0.894 0.001 0.027 0.001 0.001 0.001 0.000 0.001 0.001 0.001 0.001 0.002 0.001 0.002 0.001 0.045 0.001 0.003 0.004 0.002 0.001 0.001 0.002 0.000 0.001 0.015 0.001 0.025 0.002 0.010 0.001 0.019 0.001 0.016 0.125 0.001 0.010 0.019 0.021 0.001 0.001 0.001 0.001 0.003 0.001 0.001 0.004 0.008 0.018 0.001 0.001 
16 catfish_vis 30 0.996 0.687 0.001 0.803 0.001 0.001 0.001 0.002 0.001 0.001 0.019 0.051 0.002 0.002 0.002 0.049 0.001 0.002 0.001 0.001 0.001 0.001 0.001 0.004 0.003 0.308 0.064 0.003 0.002 0.001 0.001 0.001 0.001 0.001 0.001 0.005 0.000 0.001 0.037 0.001 0.027 0.000 0.008 0.001 0.006 0.001 0.001 0.001 0.000 0.000 0.001 0.001 0.001 0.001 0.001 0.000 0.000 0.002 
17 cod_vis 30 0.419 0.001 0.001 0.893 0.001 0.280 0.201 0.255 0.001 0.005 0.004 0.001 0.001 0.000 0.002 0.001 0.001 0.001 0.035 0.002 0.074 0.002 0.720 0.021 0.040 0.175 0.006 0.024 0.001 0.003 0.001 0.001 0.168 0.001 0.029 0.003 0.048 0.001 0.223 0.001 0.006 0.059 0.001 0.005 0.022 0.006 0.002 0.001 0.001 0.001 0.002 0.001 0.001 0.002 0.002 0.011 0.001 0.001 
18 turtle_vis 30 0.996 0.642 0.001 0.621 0.003 0.001 0.001 0.002 0.001 0.001 0.031 0.175 0.001 0.002 0.001 0.008 0.001 0.001 0.001 0.000 0.002 0.001 0.001 0.002 0.001 0.528 0.007 0.002 0.004 0.001 0.002 0.003 0.003 0.001 0.001 0.002 0.000 0.001 0.028 0.001 0.013 0.000 0.008 0.001 0.008 0.001 0.001 0.001 0.000 0.000 0.001 0.001 0.001 0.001 0.001 0.000 0.000 0.001 
19 rattlesnake_vis 30 0.995 0.901 0.002 0.105 0.003 0.002 0.001 0.001 0.001 0.001 0.002 0.004 0.002 0.797 0.017 0.011 0.001 0.001 0.001 0.000 0.004 0.002 0.001 0.007 0.003 0.001 0.002 0.329 0.007 0.001 0.011 0.001 0.001 0.001 0.001 0.002 0.000 0.001 0.008 0.014 0.003 0.001 0.002 0.001 0.001 0.001 0.001 0.001 0.001 0.001 0.001 0.001 0.002 0.001 0.000 0.000 0.000 0.002 
20 crab_vis 30 0.996 0.006 0.001 0.920 0.030 0.001 0.001 0.009 0.001 0.001 0.001 0.004 0.001 0.001 0.001 0.002 0.001 0.001 0.016 0.001 0.001 0.001 0.001 0.015 0.001 0.923 0.036 0.003 0.004 0.001 0.003 0.043 0.032 0.001 0.001 0.005 0.000 0.001 0.009 0.001 0.047 0.000 0.020 0.001 0.010 0.001 0.000 0.001 0.000 0.000 0.001 0.001 0.001 0.001 0.024 0.000 0.000 0.001 
21 frog_vis 30 0.995 0.018 0.968 0.050 0.005 0.002 0.001 0.002 0.001 0.072 0.077 0.001 0.003 0.000 0.001 0.002 0.011 0.067 0.025 0.887 0.056 0.003 0.006 0.000 0.024 0.073 0.003 0.001 0.001 0.001 0.001 0.037 0.003 0.001 0.002 0.002 0.001 0.002 0.001 0.001 0.002 0.001 0.014 0.002 0.009 0.007 0.001 0.005 0.001 0.001 0.004 0.001 0.001 0.003 0.077 0.001 0.001 0.008 
22 gecko_vis 30 0.995 0.011 0.003 0.016 0.968 0.002 0.001 0.001 0.001 0.002 0.001 0.001 0.001 0.008 0.001 0.009 0.011 0.001 0.058 0.001 0.002 0.002 0.005 0.010 0.001 0.001 0.003 0.006 0.015 0.014 0.182 0.005 0.004 0.747 0.001 0.002 0.000 0.017 0.001 0.001 0.011 0.003 0.001 0.002 0.001 0.001 0.001 0.001 0.016 0.000 0.002 0.005 0.001 0.001 0.001 0.024 0.001 0.008 
23 crocodile_vis 30 0.996 0.952 0.002 0.005 0.093 0.001 0.001 0.001 0.002 0.001 0.021 0.867 0.002 0.003 0.002 0.040 0.001 0.006 0.001 0.001 0.004 0.003 0.001 0.000 0.001 0.005 0.006 0.001 0.063 0.001 0.010 0.148 0.001 0.002 0.001 0.002 0.000 0.048 0.001 0.001 0.005 0.001 0.000 0.001 0.001 0.001 0.001 0.001 0.012 0.001 0.001 0.002 0.001 0.001 0.000 0.001 0.001 0.005 
24 axe_vis 30 0.003 0.001 0.001 0.029 0.001 0.990 0.069 0.984 0.002 0.003 0.001 0.001 0.001 0.000 0.001 0.001 0.001 0.001 0.007 0.009 0.001 0.001 0.025 0.002 0.006 0.004 0.009 0.006 0.001 0.001 0.000 0.001 0.003 0.007 0.073 0.001 0.003 0.004 0.041 0.001 0.015 0.216 0.001 0.072 0.293 0.877 0.001 0.001 0.001 0.025 0.001 0.003 0.001 0.001 0.003 0.251 0.001 0.001 
25 hammer_vis 30 0.003 0.001 0.001 0.007 0.001 0.993 0.155 0.168 0.003 0.004 0.001 0.001 0.001 0.000 0.001 0.000 0.001 0.003 0.001 0.000 0.001 0.001 0.015 0.001 0.009 0.001 0.002 0.001 0.001 0.002 0.000 0.001 0.001 0.002 0.003 0.004 0.001 0.713 0.004 0.010 0.298 0.002 0.001 0.148 0.002 0.006 0.001 0.001 0.008 0.005 0.001 0.001 0.001 0.001 0.002 0.026 0.001 0.008 
26 screwdriver_vis 30 0.006 0.001 0.001 0.064 0.001 0.969 0.700 0.789 0.001 0.036 0.001 0.001 0.001 0.001 0.002 0.000 0.002 0.001 0.004 0.000 0.003 0.001 0.163 0.006 0.028 0.001 0.005 0.014 0.001 0.006 0.001 0.001 0.003 0.001 0.057 0.003 0.059 0.001 0.705 0.002 0.011 0.701 0.001 0.005 0.022 0.004 0.002 0.001 0.001 0.001 0.002 0.001 0.004 0.004 0.003 0.085 0.001 0.001 
27 chisel_vis 30 0.002 0.001 0.001 0.014 0.001 0.994 0.078 0.946 0.001 0.012 0.001 0.001 0.001 0.000 0.001 0.000 0.001 0.001 0.001 0.000 0.005 0.001 0.071 0.001 0.013 0.001 0.002 0.003 0.001 0.002 0.000 0.000 0.001 0.001 0.002 0.001 0.010 0.001 0.065 0.009 0.156 0.614 0.003 0.030 0.004 0.002 0.001 0.001 0.001 0.001 0.001 0.001 0.003 0.001 0.001 0.020 0.001 0.002 
28 saw_vis 30 0.005 0.002 0.001 0.020 0.001 0.960 0.960 0.026 0.001 0.004 0.001 0.001 0.002 0.000 0.001 0.001 0.001 0.001 0.009 0.001 0.001 0.002 0.043 0.003 0.016 0.002 0.004 0.010 0.001 0.004 0.000 0.001 0.001 0.006 0.611 0.004 0.049 0.032 0.031 0.001 0.002 0.004 0.002 0.008 0.013 0.026 0.003 0.001 0.001 0.008 0.003 0.001 0.003 0.002 0.005 0.043 0.004 0.001 
29 drill_vis 30 0.004 0.004 0.001 0.014 0.001 0.969 0.990 0.013 0.001 0.003 0.001 0.004 0.016 0.003 0.001 0.001 0.001 0.001 0.002 0.001 0.001 0.002 0.012 0.006 0.011 0.002 0.003 0.017 0.001 0.004 0.000 0.001 0.002 0.001 0.432 0.003 0.842 0.001 0.036 0.001 0.002 0.002 0.002 0.002 0.008 0.004 0.008 0.001 0.001 0.001 0.003 0.001 0.006 0.003 0.005 0.001 0.015 0.001 
30 clamp_vis 30 0.001 0.001 0.001 0.006 0.001 0.995 0.002 0.991 0.002 0.001 0.001 0.001 0.000 0.000 0.001 0.000 0.001 0.001 0.001 0.001 0.003 0.000 0.022 0.001 0.005 0.001 0.002 0.001 0.001 0.001 0.000 0.001 0.001 0.002 0.001 0.001 0.000 0.031 0.001 0.003 0.823 0.055 0.006 0.125 0.005 0.193 0.001 0.001 0.001 0.001 0.001 0.006 0.001 0.001 0.001 0.030 0.000 0.012 
31 hoe_vis 30 0.001 0.001 0.001 0.006 0.001 0.996 0.002 0.993 0.001 0.002 0.001 0.001 0.000 0.000 0.001 0.000 0.001 0.001 0.001 0.001 0.001 0.000 0.063 0.001 0.004 0.001 0.001 0.002 0.001 0.000 0.000 0.001 0.004 0.001 0.001 0.001 0.034 0.001 0.008 0.000 0.004 0.875 0.001 0.010 0.103 0.013 0.001 0.001 0.001 0.003 0.011 0.002 0.001 0.001 0.001 0.006 0.000 0.001 
32 rake_vis 30 0.001 0.001 0.001 0.008 0.001 0.995 0.002 0.990 0.002 0.001 0.001 0.001 0.000 0.000 0.001 0.000 0.001 0.001 0.002 0.001 0.001 0.000 0.036 0.001 0.004 0.002 0.002 0.001 0.001 0.000 0.000 0.001 0.003 0.001 0.001 0.001 0.014 0.001 0.002 0.000 0.007 0.158 0.039 0.010 0.073 0.022 0.001 0.001 0.001 0.002 0.014 0.002 0.001 0.001 0.001 0.002 0.000 0.001 
33 shovel_vis 30 0.001 0.001 0.001 0.007 0.001 0.996 0.002 0.995 0.001 0.001 0.001 0.001 0.000 0.000 0.001 0.000 0.001 0.001 0.002 0.001 0.001 0.000 0.038 0.001 0.002 0.001 0.001 0.001 0.001 0.000 0.000 0.001 0.007 0.001 0.001 0.001 0.059 0.001 0.022 0.001 0.042 0.954 0.009 0.138 0.020 0.012 0.001 0.001 0.001 0.003 0.002 0.002 0.001 0.001 0.001 0.012 0.000 0.001 
34 spade_vis 30 0.002 0.001 0.001 0.013 0.001 0.995 0.002 0.993 0.001 0.001 0.001 0.001 0.000 0.000 0.001 0.000 0.001 0.001 0.002 0.001 0.001 0.000 0.038 0.001 0.005 0.003 0.003 0.001 0.001 0.001 0.000 0.001 0.007 0.001 0.001 0.001 0.021 0.001 0.004 0.000 0.005 0.536 0.004 0.008 0.584 0.024 0.001 0.001 0.001 0.002 0.012 0.002 0.001 0.001 0.001 0.001 0.000 0.001 
35 wrench_vis 30 0.001 0.001 0.001 0.002 0.001 0.996 0.001 0.985 0.002 0.002 0.001 0.001 0.000 0.000 0.001 0.000 0.001 0.001 0.002 0.001 0.001 0.000 0.051 0.000 0.001 0.001 0.001 0.001 0.001 0.000 0.000 0.001 0.001 0.004 0.002 0.001 0.000 0.001 0.002 0.000 0.005 0.558 0.001 0.019 0.005 0.562 0.000 0.001 0.001 0.028 0.001 0.027 0.001 0.001 0.001 0.159 0.000 0.001 
36 accordion_vis 30 0.004 0.002 0.026 0.001 0.013 0.995 0.001 0.005 0.002 0.991 0.131 0.025 0.001 0.000 0.001 0.001 0.002 0.001 0.014 0.319 0.005 0.001 0.017 0.000 0.001 0.003 0.003 0.001 0.002 0.001 0.000 0.040 0.025 0.008 0.007 0.001 0.001 0.010 0.004 0.001 0.002 0.028 0.000 0.001 0.037 0.068 0.001 0.001 0.001 0.056 0.007 0.022 0.008 0.536 0.004 0.911 0.015 0.009 
37 cello_vis 30 0.009 0.003 0.002 0.001 0.007 0.994 0.001 0.013 0.898 0.003 0.001 0.001 0.001 0.003 0.002 0.009 0.003 0.006 0.001 0.001 0.001 0.001 0.003 0.002 0.001 0.001 0.004 0.001 0.001 0.009 0.022 0.001 0.002 0.001 0.001 0.001 0.001 0.001 0.001 0.005 0.006 0.009 0.002 0.001 0.009 0.002 0.008 0.674 0.001 0.001 0.115 0.043 0.155 0.001 0.001 0.001 0.000 0.048 
38 flute_vis 30 0.002 0.001 0.008 0.001 0.001 0.995 0.001 0.182 0.506 0.011 0.001 0.001 0.001 0.000 0.001 0.000 0.013 0.001 0.067 0.001 0.001 0.002 0.018 0.000 0.001 0.000 0.001 0.001 0.001 0.001 0.001 0.001 0.004 0.001 0.001 0.001 0.276 0.001 0.002 0.000 0.001 0.868 0.001 0.003 0.004 0.002 0.050 0.001 0.001 0.601 0.024 0.003 0.003 0.018 0.001 0.008 0.013 0.001 
39 guitar_vis 30 0.002 0.001 0.017 0.001 0.002 0.995 0.001 0.719 0.031 0.041 0.005 0.002 0.000 0.000 0.002 0.000 0.002 0.001 0.004 0.002 0.038 0.001 0.036 0.000 0.000 0.000 0.001 0.000 0.003 0.001 0.000 0.001 0.022 0.002 0.001 0.001 0.001 0.001 0.002 0.000 0.022 0.838 0.000 0.002 0.005 0.014 0.001 0.001 0.001 0.220 0.008 0.632 0.008 0.002 0.001 0.925 0.001 0.002 
40 piano_vis 30 0.021 0.008 0.002 0.001 0.278 0.991 0.003 0.017 0.050 0.046 0.001 0.003 0.001 0.023 0.001 0.026 0.003 0.001 0.001 0.001 0.001 0.001 0.002 0.005 0.001 0.001 0.042 0.004 0.005 0.182 0.049 0.003 0.011 0.009 0.006 0.001 0.004 0.001 0.007 0.003 0.005 0.091 0.002 0.001 0.006 0.002 0.005 0.003 0.001 0.003 0.135 0.006 0.214 0.010 0.001 0.016 0.004 0.045 
41 trumpet_vis 30 0.002 0.001 0.001 0.002 0.001 0.995 0.001 0.806 0.023 0.001 0.001 0.001 0.000 0.000 0.001 0.000 0.001 0.001 0.001 0.001 0.002 0.000 0.012 0.000 0.006 0.001 0.002 0.001 0.001 0.001 0.000 0.001 0.001 0.002 0.001 0.001 0.000 0.008 0.001 0.000 0.100 0.004 0.238 0.013 0.006 0.815 0.001 0.003 0.001 0.002 0.001 0.038 0.003 0.001 0.002 0.004 0.000 0.001 
42 fork_vis 30 0.003 0.005 0.002 0.001 0.004 0.994 0.006 0.002 0.002 0.989 0.002 0.001 0.001 0.001 0.043 0.001 0.020 0.006 0.001 0.001 0.007 0.001 0.019 0.001 0.001 0.001 0.001 0.001 0.001 0.006 0.003 0.001 0.002 0.001 0.005 0.001 0.001 0.007 0.004 0.018 0.004 0.005 0.000 0.001 0.001 0.001 0.001 0.020 0.001 0.001 0.003 0.001 0.212 0.011 0.002 0.011 0.032 0.857 
43 spoon_vis 30 0.002 0.002 0.017 0.001 0.003 0.995 0.003 0.001 0.003 0.987 0.004 0.027 0.001 0.000 0.001 0.001 0.002 0.008 0.005 0.001 0.002 0.002 0.014 0.000 0.001 0.001 0.001 0.001 0.001 0.002 0.001 0.001 0.013 0.001 0.002 0.001 0.002 0.002 0.005 0.003 0.001 0.008 0.000 0.001 0.001 0.001 0.001 0.001 0.001 0.004 0.002 0.001 0.028 0.027 0.001 0.030 0.840 0.023 
44 tongs_vis 30 0.003 0.003 0.003 0.001 0.004 0.993 0.003 0.002 0.007 0.990 0.001 0.001 0.001 0.000 0.038 0.001 0.043 0.010 0.001 0.001 0.006 0.001 0.016 0.000 0.001 0.001 0.001 0.001 0.001 0.007 0.001 0.001 0.001 0.005 0.002 0.001 0.001 0.262 0.002 0.016 0.007 0.002 0.001 0.001 0.001 0.003 0.001 0.024 0.001 0.001 0.003 0.004 0.230 0.003 0.003 0.093 0.018 0.870 
45 ladle_vis 30 0.003 0.001 0.026 0.001 0.019 0.996 0.002 0.009 0.002 0.981 0.083 0.020 0.000 0.000 0.001 0.001 0.001 0.001 0.007 0.070 0.017 0.001 0.023 0.000 0.000 0.001 0.001 0.000 0.008 0.001 0.000 0.007 0.023 0.009 0.002 0.001 0.000 0.019 0.004 0.001 0.006 0.029 0.000 0.001 0.006 0.048 0.000 0.000 0.001 0.053 0.001 0.097 0.006 0.060 0.001 0.983 0.015 0.010 
46 knife_vis 30 0.002 0.002 0.015 0.001 0.003 0.996 0.004 0.001 0.003 0.988 0.003 0.015 0.001 0.000 0.001 0.001 0.003 0.010 0.004 0.001 0.002 0.001 0.013 0.000 0.001 0.001 0.001 0.000 0.001 0.002 0.001 0.001 0.009 0.001 0.002 0.001 0.003 0.002 0.005 0.007 0.001 0.006 0.000 0.001 0.001 0.001 0.001 0.001 0.001 0.003 0.001 0.001 0.023 0.019 0.001 0.024 0.892 0.033 
47 chopsticks_vis 30 0.003 0.003 0.006 0.001 0.020 0.995 0.004 0.001 0.002 0.993 0.005 0.001 0.001 0.000 0.016 0.001 0.010 0.003 0.001 0.001 0.032 0.001 0.030 0.000 0.001 0.001 0.001 0.001 0.011 0.008 0.001 0.001 0.002 0.015 0.003 0.001 0.001 0.558 0.004 0.003 0.126 0.006 0.000 0.001 0.001 0.003 0.001 0.001 0.001 0.003 0.002 0.040 0.063 0.010 0.001 0.920 0.059 0.824 
