0 beaver_vis 30 0.992 0.962 0.007 0.015 0.000 0.001 0.001 0.005 0.000 0.000 0.089 0.001 0.160 0.002 0.005 0.036 0.000 0.156 0.002 0.000 0.000 0.011 0.001 0.001 0.001 0.003 0.001 0.001 0.000 0.001 0.000 0.000 0.000 0.000 0.001 0.013 0.000 0.000 0.000 0.016 0.000 0.002 0.000 0.000 0.014 0.006 0.005 0.002 0.000 0.001 0.001 0.000 0.003 0.000 0.000 0.000 0.000 0.000 
1 bear_vis 30 0.991 0.979 0.003 0.026 0.000 0.001 0.001 0.003 0.000 0.000 0.024 0.001 0.601 0.021 0.003 0.006 0.000 0.023 0.008 0.000 0.000 0.016 0.001 0.001 0.002 0.002 0.001 0.000 0.000 0.001 0.000 0.000 0.000 0.000 0.001 0.002 0.000 0.000 0.000 0.013 0.000 0.000 0.000 0.000 0.012 0.001 0.003 0.001 0.000 0.008 0.001 0.000 0.004 0.000 0.000 0.000 0.000 0.000 
2 sheep_vis 30 0.988 0.976 0.002 0.011 0.000 0.001 0.001 0.005 0.000 0.000 0.016 0.001 0.587 0.141 0.002 0.001 0.001 0.006 0.007 0.000 0.000 0.018 0.001 0.008 0.003 0.001 0.001 0.000 0.000 0.001 0.000 0.000 0.000 0.000 0.002 0.001 0.000 0.000 0.000 0.085 0.000 0.000 0.000 0.000 0.018 0.001 0.002 0.004 0.000 0.002 0.001 0.000 0.004 0.001 0.000 0.000 0.000 0.001 
3 buffalo_vis 30 0.991 0.864 0.002 0.031 0.000 0.001 0.001 0.003 0.000 0.000 0.011 0.001 0.369 0.019 0.003 0.002 0.000 0.008 0.005 0.000 0.000 0.012 0.001 0.004 0.005 0.001 0.001 0.002 0.000 0.005 0.000 0.000 0.000 0.000 0.001 0.001 0.001 0.000 0.000 0.343 0.000 0.000 0.000 0.000 0.010 0.001 0.001 0.001 0.000 0.002 0.001 0.000 0.003 0.000 0.000 0.000 0.000 0.000 
4 poodle_vis 30 0.992 0.934 0.006 0.020 0.000 0.001 0.001 0.005 0.000 0.000 0.194 0.005 0.175 0.003 0.010 0.001 0.000 0.073 0.003 0.000 0.000 0.012 0.001 0.001 0.002 0.001 0.004 0.001 0.000 0.001 0.000 0.000 0.000 0.000 0.001 0.001 0.000 0.000 0.000 0.021 0.000 0.001 0.000 0.000 0.028 0.001 0.001 0.002 0.000 0.001 0.000 0.000 0.002 0.000 0.000 0.000 0.000 0.000 
5 giraffe_vis 30 0.992 0.913 0.003 0.023 0.000 0.001 0.001 0.003 0.000 0.000 0.019 0.001 0.519 0.014 0.005 0.003 0.001 0.022 0.004 0.000 0.000 0.012 0.001 0.002 0.028 0.001 0.001 0.001 0.000 0.005 0.000 0.000 0.000 0.000 0.001 0.001 0.000 0.000 0.000 0.029 0.000 0.000 0.000 0.000 0.009 0.001 0.004 0.001 0.000 0.003 0.000 0.000 0.010 0.000 0.000 0.000 0.000 0.000 
6 robin_vis 30 0.988 0.982 0.004 0.010 0.000 0.001 0.001 0.014 0.000 0.001 0.066 0.001 0.919 0.019 0.033 0.000 0.001 0.012 0.003 0.000 0.000 0.049 0.001 0.001 0.073 0.000 0.003 0.001 0.002 0.001 0.000 0.000 0.000 0.000 0.004 0.000 0.000 0.000 0.000 0.003 0.000 0.000 0.000 0.000 0.033 0.003 0.004 0.011 0.000 0.000 0.000 0.000 0.010 0.000 0.000 0.000 0.000 0.000 
7 swan_vis 30 0.990 0.979 0.003 0.009 0.000 0.001 0.001 0.012 0.000 0.000 0.057 0.002 0.890 0.022 0.027 0.000 0.001 0.021 0.002 0.000 0.000 0.033 0.001 0.001 0.061 0.000 0.003 0.001 0.002 0.002 0.000 0.000 0.000 0.000 0.003 0.000 0.000 0.000 0.000 0.006 0.000 0.001 0.000 0.000 0.023 0.003 0.008 0.006 0.000 0.000 0.000 0.000 0.012 0.000 0.000 0.000 0.000 0.000 
8 woodpecker_vis 30 0.989 0.980 0.002 0.009 0.000 0.001 0.001 0.007 0.000 0.000 0.055 0.002 0.897 0.030 0.021 0.000 0.001 0.022 0.003 0.000 0.000 0.036 0.001 0.001 0.056 0.000 0.002 0.001 0.001 0.002 0.000 0.000 0.000 0.000 0.004 0.000 0.000 0.000 0.000 0.005 0.000 0.000 0.000 0.000 0.021 0.002 0.009 0.005 0.000 0.000 0.000 0.000 0.013 0.000 0.000 0.000 0.000 0.000 
9 peacock_vis 30 0.980 0.985 0.002 0.027 0.000 0.002 0.001 0.005 0.001 0.001 0.066 0.002 0.953 0.023 0.019 0.001 0.001 0.004 0.015 0.000 0.000 0.062 0.001 0.001 0.035 0.001 0.001 0.000 0.001 0.000 0.000 0.000 0.000 0.000 0.002 0.001 0.000 0.000 0.000 0.002 0.000 0.000 0.000 0.000 0.074 0.002 0.001 0.009 0.000 0.001 0.001 0.000 0.005 0.001 0.000 0.000 0.000 0.001 
10 crow_vis 30 0.989 0.972 0.003 0.036 0.000 0.001 0.001 0.008 0.000 0.001 0.029 0.001 0.638 0.042 0.013 0.000 0.001 0.004 0.012 0.000 0.000 0.028 0.002 0.028 0.026 0.000 0.002 0.004 0.001 0.001 0.000 0.000 0.000 0.000 0.004 0.000 0.000 0.000 0.001 0.101 0.000 0.000 0.001 0.000 0.021 0.001 0.001 0.004 0.000 0.000 0.000 0.000 0.003 0.000 0.000 0.000 0.000 0.000 
11 eagle_vis 30 0.992 0.985 0.003 0.017 0.000 0.001 0.001 0.008 0.000 0.000 0.074 0.002 0.940 0.019 0.034 0.000 0.001 0.009 0.003 0.000 0.000 0.044 0.001 0.001 0.073 0.000 0.003 0.001 0.003 0.001 0.000 0.000 0.000 0.000 0.004 0.000 0.000 0.000 0.000 0.002 0.000 0.000 0.000 0.000 0.025 0.002 0.003 0.006 0.000 0.000 0.000 0.000 0.007 0.000 0.000 0.000 0.000 0.000 
12 tuna_vis 30 0.991 0.981 0.006 0.047 0.000 0.001 0.001 0.007 0.000 0.000 0.512 0.011 0.804 0.004 0.034 0.000 0.001 0.017 0.003 0.000 0.000 0.051 0.001 0.001 0.049 0.001 0.017 0.001 0.005 0.000 0.000 0.000 0.000 0.000 0.006 0.000 0.000 0.000 0.000 0.001 0.000 0.000 0.000 0.000 0.053 0.002 0.001 0.004 0.000 0.000 0.000 0.000 0.004 0.000 0.000 0.000 0.000 0.000 
13 goldfish_vis 30 0.987 0.144 0.001 0.983 0.003 0.001 0.002 0.005 0.000 0.000 0.002 0.000 0.246 0.008 0.001 0.000 0.001 0.002 0.005 0.000 0.001 0.015 0.042 0.438 0.784 0.012 0.058 0.003 0.033 0.001 0.001 0.001 0.001 0.000 0.042 0.000 0.000 0.000 0.002 0.006 0.000 0.000 0.000 0.000 0.003 0.001 0.000 0.000 0.000 0.000 0.000 0.000 0.010 0.000 0.000 0.000 0.000 0.000 
14 salmon_vis 30 0.982 0.040 0.026 0.983 0.003 0.001 0.002 0.007 0.000 0.001 0.002 0.000 0.132 0.002 0.001 0.000 0.001 0.007 0.003 0.000 0.014 0.087 0.263 0.067 0.935 0.004 0.089 0.009 0.039 0.002 0.001 0.000 0.001 0.000 0.045 0.000 0.000 0.000 0.001 0.005 0.000 0.000 0.000 0.001 0.002 0.001 0.000 0.000 0.000 0.000 0.000 0.000 0.026 0.000 0.001 0.000 0.001 0.000 
15 sardine_vis 30 0.990 0.077 0.002 0.979 0.004 0.001 0.002 0.007 0.000 0.000 0.013 0.001 0.075 0.002 0.001 0.000 0.000 0.009 0.001 0.000 0.003 0.013 0.009 0.050 0.727 0.017 0.600 0.019 0.047 0.001 0.001 0.004 0.000 0.000 0.038 0.000 0.000 0.000 0.001 0.003 0.000 0.000 0.000 0.001 0.003 0.002 0.000 0.000 0.000 0.000 0.000 0.000 0.010 0.000 0.001 0.000 0.000 0.000 
16 catfish_vis 30 0.986 0.076 0.001 0.981 0.004 0.001 0.002 0.005 0.000 0.000 0.003 0.000 0.184 0.004 0.001 0.000 0.001 0.002 0.002 0.000 0.001 0.017 0.043 0.269 0.928 0.004 0.078 0.003 0.044 0.001 0.001 0.000 0.001 0.000 0.056 0.000 0.000 0.000 0.001 0.005 0.000 0.000 0.000 0.000 0.002 0.001 0.000 0.000 0.000 0.000 0.000 0.000 0.012 0.000 0.000 0.000 0.000 0.000 
17 cod_vis 30 0.987 0.078 0.001 0.986 0.005 0.001 0.002 0.004 0.000 0.000 0.001 0.000 0.161 0.005 0.001 0.000 0.000 0.001 0.003 0.000 0.001 0.012 0.056 0.410 0.883 0.012 0.038 0.003 0.020 0.001 0.001 0.001 0.001 0.000 0.027 0.000 0.000 0.000 0.002 0.008 0.000 0.000 0.000 0.000 0.002 0.001 0.000 0.000 0.000 0.000 0.000 0.000 0.009 0.000 0.000 0.000 0.000 0.000 
18 turtle_vis 30 0.987 0.024 0.001 0.986 0.004 0.001 0.001 0.003 0.000 0.000 0.001 0.000 0.030 0.002 0.000 0.000 0.000 0.001 0.004 0.000 0.002 0.007 0.237 0.099 0.446 0.014 0.003 0.004 0.002 0.001 0.001 0.000 0.003 0.001 0.003 0.000 0.000 0.000 0.005 0.007 0.002 0.000 0.000 0.000 0.002 0.001 0.000 0.000 0.000 0.001 0.000 0.000 0.003 0.000 0.000 0.000 0.000 0.000 
19 rattlesnake_vis 30 0.991 0.015 0.008 0.991 0.007 0.001 0.002 0.003 0.000 0.001 0.001 0.000 0.009 0.001 0.000 0.001 0.000 0.001 0.019 0.000 0.012 0.008 0.897 0.049 0.094 0.008 0.001 0.374 0.001 0.002 0.000 0.000 0.100 0.006 0.002 0.002 0.000 0.000 0.516 0.074 0.154 0.000 0.002 0.000 0.002 0.000 0.000 0.000 0.000 0.006 0.000 0.000 0.001 0.000 0.002 0.000 0.001 0.001 
20 crab_vis 30 0.988 0.088 0.001 0.981 0.004 0.001 0.001 0.005 0.000 0.000 0.003 0.000 0.186 0.005 0.001 0.000 0.000 0.002 0.002 0.000 0.001 0.014 0.049 0.365 0.904 0.008 0.051 0.003 0.027 0.001 0.001 0.001 0.001 0.000 0.029 0.000 0.000 0.000 0.001 0.005 0.000 0.000 0.000 0.000 0.003 0.001 0.000 0.000 0.000 0.000 0.000 0.000 0.010 0.000 0.000 0.000 0.000 0.000 
21 frog_vis 30 0.984 0.030 0.001 0.968 0.007 0.001 0.001 0.005 0.000 0.001 0.001 0.000 0.042 0.001 0.000 0.000 0.000 0.001 0.001 0.000 0.002 0.005 0.046 0.027 0.824 0.005 0.012 0.002 0.011 0.001 0.001 0.000 0.001 0.001 0.004 0.000 0.000 0.000 0.002 0.004 0.001 0.000 0.000 0.000 0.003 0.001 0.000 0.000 0.000 0.000 0.000 0.000 0.006 0.000 0.001 0.000 0.000 0.000 
22 gecko_vis 30 0.991 0.220 0.001 0.958 0.002 0.001 0.001 0.005 0.000 0.000 0.006 0.001 0.164 0.002 0.001 0.000 0.000 0.004 0.002 0.000 0.001 0.014 0.010 0.205 0.548 0.033 0.095 0.004 0.013 0.001 0.001 0.002 0.000 0.000 0.010 0.000 0.000 0.000 0.001 0.003 0.000 0.000 0.000 0.000 0.004 0.001 0.000 0.000 0.000 0.000 0.000 0.000 0.006 0.000 0.000 0.000 0.000 0.000 
23 crocodile_vis 30 0.991 0.984 0.003 0.044 0.000 0.001 0.001 0.005 0.000 0.000 0.099 0.002 0.964 0.015 0.029 0.000 0.001 0.004 0.011 0.000 0.000 0.079 0.001 0.001 0.084 0.001 0.003 0.001 0.004 0.000 0.000 0.000 0.000 0.000 0.003 0.000 0.000 0.000 0.000 0.001 0.000 0.000 0.000 0.000 0.042 0.001 0.001 0.005 0.000 0.000 0.000 0.000 0.004 0.000 0.000 0.000 0.000 0.000 
24 axe_vis 30 0.002 0.002 0.001 0.000 0.002 0.995 0.993 0.007 0.013 0.004 0.000 0.000 0.000 0.001 0.005 0.000 0.000 0.003 0.000 0.001 0.000 0.000 0.001 0.001 0.000 0.000 0.000 0.002 0.000 0.025 0.002 0.000 0.000 0.000 0.037 0.002 0.981 0.006 0.003 0.023 0.000 0.001 0.003 0.004 0.001 0.001 0.161 0.001 0.001 0.000 0.001 0.000 0.001 0.000 0.001 0.002 0.029 0.001 
25 hammer_vis 30 0.002 0.013 0.001 0.003 0.001 0.991 0.992 0.003 0.006 0.002 0.000 0.000 0.010 0.008 0.001 0.000 0.000 0.001 0.014 0.001 0.000 0.002 0.010 0.012 0.000 0.000 0.000 0.002 0.000 0.000 0.000 0.000 0.001 0.000 0.004 0.020 0.001 0.002 0.910 0.047 0.002 0.000 0.001 0.000 0.011 0.000 0.000 0.001 0.000 0.063 0.003 0.000 0.001 0.000 0.001 0.000 0.000 0.019 
26 screwdriver_vis 30 0.002 0.021 0.001 0.001 0.001 0.992 0.992 0.002 0.003 0.003 0.000 0.000 0.005 0.047 0.001 0.000 0.000 0.004 0.001 0.001 0.000 0.001 0.002 0.043 0.000 0.000 0.000 0.001 0.000 0.001 0.000 0.000 0.002 0.000 0.005 0.028 0.033 0.000 0.027 0.899 0.000 0.000 0.001 0.001 0.002 0.000 0.001 0.001 0.000 0.001 0.106 0.000 0.004 0.002 0.001 0.000 0.001 0.001 
27 chisel_vis 30 0.002 0.014 0.001 0.001 0.001 0.994 0.992 0.002 0.011 0.003 0.000 0.000 0.002 0.050 0.001 0.000 0.000 0.002 0.000 0.001 0.000 0.000 0.001 0.023 0.000 0.000 0.000 0.001 0.000 0.001 0.000 0.000 0.002 0.000 0.007 0.023 0.066 0.001 0.023 0.793 0.000 0.000 0.001 0.001 0.001 0.000 0.001 0.001 0.000 0.002 0.141 0.000 0.002 0.001 0.001 0.000 0.001 0.001 
28 saw_vis 30 0.003 0.050 0.001 0.007 0.001 0.975 0.989 0.005 0.001 0.002 0.001 0.000 0.039 0.025 0.000 0.000 0.000 0.001 0.010 0.001 0.000 0.003 0.011 0.047 0.000 0.000 0.000 0.003 0.000 0.000 0.000 0.000 0.002 0.000 0.005 0.022 0.001 0.001 0.773 0.197 0.001 0.000 0.001 0.000 0.034 0.000 0.000 0.001 0.000 0.020 0.008 0.000 0.003 0.002 0.001 0.000 0.000 0.004 
29 drill_vis 30 0.002 0.030 0.001 0.005 0.001 0.990 0.992 0.005 0.001 0.002 0.000 0.000 0.012 0.036 0.000 0.000 0.000 0.008 0.001 0.000 0.000 0.001 0.005 0.073 0.000 0.000 0.000 0.002 0.000 0.001 0.000 0.000 0.001 0.000 0.003 0.031 0.008 0.000 0.025 0.960 0.000 0.000 0.001 0.000 0.004 0.000 0.001 0.000 0.000 0.001 0.060 0.000 0.011 0.001 0.001 0.000 0.000 0.001 
30 clamp_vis 30 0.001 0.029 0.001 0.001 0.001 0.990 0.004 0.969 0.001 0.001 0.001 0.000 0.028 0.001 0.000 0.000 0.000 0.000 0.002 0.001 0.001 0.025 0.008 0.001 0.000 0.001 0.000 0.001 0.000 0.000 0.002 0.000 0.000 0.001 0.001 0.001 0.000 0.000 0.136 0.020 0.018 0.001 0.039 0.008 0.958 0.002 0.000 0.028 0.000 0.000 0.002 0.001 0.011 0.001 0.005 0.000 0.000 0.000 
31 hoe_vis 30 0.002 0.003 0.214 0.000 0.001 0.990 0.001 0.215 0.001 0.070 0.001 0.000 0.006 0.001 0.001 0.000 0.002 0.001 0.012 0.001 0.001 0.477 0.002 0.000 0.001 0.000 0.001 0.000 0.000 0.000 0.001 0.000 0.000 0.000 0.002 0.000 0.000 0.000 0.000 0.001 0.001 0.008 0.001 0.003 0.154 0.037 0.001 0.158 0.000 0.003 0.001 0.002 0.063 0.002 0.004 0.005 0.000 0.000 
32 rake_vis 30 0.002 0.161 0.001 0.001 0.001 0.643 0.001 0.990 0.001 0.007 0.004 0.001 0.142 0.026 0.000 0.000 0.000 0.001 0.001 0.001 0.001 0.046 0.001 0.002 0.000 0.003 0.001 0.000 0.000 0.000 0.001 0.000 0.000 0.001 0.001 0.001 0.000 0.000 0.001 0.101 0.002 0.052 0.029 0.003 0.986 0.007 0.001 0.108 0.000 0.000 0.208 0.001 0.397 0.233 0.005 0.000 0.000 0.000 
33 shovel_vis 30 0.001 0.001 0.001 0.001 0.001 0.995 0.002 0.995 0.001 0.001 0.009 0.000 0.000 0.000 0.000 0.000 0.000 0.001 0.000 0.001 0.001 0.001 0.001 0.000 0.000 0.001 0.052 0.001 0.000 0.000 0.040 0.000 0.000 0.000 0.001 0.000 0.000 0.003 0.000 0.000 0.012 0.017 0.006 0.951 0.024 0.201 0.000 0.002 0.001 0.000 0.000 0.008 0.002 0.000 0.003 0.001 0.000 0.000 
34 spade_vis 30 0.001 0.009 0.001 0.006 0.001 0.727 0.003 0.964 0.001 0.020 0.001 0.000 0.019 0.001 0.000 0.000 0.000 0.000 0.005 0.000 0.001 0.053 0.066 0.002 0.001 0.006 0.000 0.001 0.000 0.000 0.005 0.000 0.001 0.001 0.001 0.001 0.000 0.000 0.381 0.060 0.053 0.001 0.009 0.004 0.975 0.002 0.000 0.045 0.000 0.001 0.007 0.001 0.036 0.011 0.011 0.000 0.000 0.000 
35 wrench_vis 30 0.002 0.002 0.001 0.001 0.001 0.995 0.001 0.976 0.005 0.001 0.002 0.000 0.000 0.000 0.001 0.000 0.000 0.002 0.000 0.001 0.001 0.000 0.000 0.003 0.000 0.004 0.003 0.000 0.000 0.000 0.001 0.000 0.000 0.001 0.001 0.001 0.000 0.000 0.000 0.000 0.001 0.658 0.008 0.003 0.006 0.025 0.003 0.004 0.001 0.000 0.001 0.007 0.005 0.000 0.002 0.001 0.001 0.000 
36 accordion_vis 30 0.002 0.007 0.001 0.000 0.001 0.995 0.001 0.016 0.990 0.004 0.000 0.000 0.001 0.006 0.009 0.000 0.006 0.001 0.000 0.001 0.000 0.000 0.000 0.000 0.000 0.000 0.000 0.000 0.000 0.012 0.009 0.000 0.000 0.000 0.002 0.000 0.188 0.000 0.000 0.000 0.000 0.051 0.001 0.000 0.001 0.002 0.942 0.008 0.050 0.003 0.020 0.001 0.001 0.001 0.001 0.064 0.005 0.001 
37 cello_vis 30 0.002 0.013 0.001 0.000 0.001 0.994 0.001 0.001 0.993 0.003 0.001 0.000 0.001 0.030 0.003 0.001 0.001 0.000 0.001 0.001 0.000 0.000 0.000 0.000 0.000 0.000 0.000 0.000 0.000 0.001 0.000 0.000 0.000 0.001 0.002 0.001 0.003 0.000 0.000 0.001 0.000 0.005 0.001 0.000 0.006 0.001 0.237 0.033 0.002 0.190 0.913 0.012 0.001 0.003 0.001 0.001 0.001 0.002 
38 flute_vis 30 0.002 0.002 0.001 0.000 0.003 0.995 0.002 0.500 0.537 0.004 0.001 0.000 0.000 0.000 0.003 0.000 0.001 0.000 0.000 0.002 0.000 0.000 0.001 0.000 0.000 0.001 0.033 0.000 0.006 0.001 0.018 0.000 0.000 0.002 0.013 0.000 0.001 0.006 0.001 0.000 0.010 0.028 0.001 0.244 0.002 0.144 0.007 0.017 0.729 0.002 0.001 0.282 0.001 0.000 0.012 0.003 0.001 0.001 
39 guitar_vis 30 0.002 0.014 0.001 0.000 0.001 0.995 0.001 0.002 0.993 0.005 0.000 0.000 0.001 0.007 0.003 0.001 0.000 0.000 0.004 0.001 0.000 0.000 0.000 0.000 0.000 0.000 0.000 0.000 0.000 0.001 0.000 0.000 0.000 0.003 0.002 0.001 0.001 0.000 0.003 0.000 0.020 0.000 0.001 0.000 0.004 0.002 0.018 0.018 0.035 0.947 0.035 0.067 0.001 0.001 0.001 0.001 0.003 0.002 
40 piano_vis 30 0.002 0.015 0.001 0.000 0.001 0.993 0.002 0.001 0.991 0.003 0.000 0.001 0.001 0.052 0.001 0.001 0.001 0.001 0.001 0.001 0.000 0.000 0.000 0.000 0.000 0.000 0.000 0.000 0.000 0.001 0.001 0.000 0.000 0.001 0.001 0.001 0.003 0.000 0.000 0.004 0.000 0.010 0.001 0.000 0.009 0.001 0.077 0.018 0.000 0.040 0.964 0.010 0.001 0.015 0.001 0.000 0.001 0.001 
41 trumpet_vis 30 0.001 0.023 0.001 0.000 0.001 0.995 0.001 0.006 0.990 0.001 0.001 0.033 0.000 0.000 0.003 0.003 0.000 0.000 0.001 0.016 0.000 0.000 0.000 0.000 0.000 0.018 0.000 0.000 0.000 0.000 0.001 0.001 0.000 0.016 0.001 0.001 0.000 0.001 0.000 0.000 0.006 0.010 0.001 0.000 0.068 0.006 0.003 0.091 0.003 0.060 0.015 0.952 0.000 0.001 0.002 0.001 0.000 0.001 
42 fork_vis 30 0.003 0.001 0.358 0.004 0.001 0.830 0.015 0.740 0.000 0.277 0.003 0.000 0.014 0.001 0.000 0.000 0.002 0.009 0.002 0.001 0.005 0.873 0.017 0.000 0.011 0.001 0.008 0.000 0.001 0.000 0.001 0.000 0.000 0.000 0.078 0.001 0.000 0.000 0.001 0.008 0.001 0.003 0.000 0.005 0.464 0.237 0.000 0.180 0.000 0.000 0.000 0.000 0.674 0.003 0.027 0.018 0.001 0.005 
43 spoon_vis 30 0.003 0.001 0.022 0.000 0.001 0.993 0.004 0.002 0.002 0.959 0.000 0.000 0.000 0.015 0.000 0.000 0.015 0.013 0.003 0.005 0.002 0.008 0.001 0.000 0.000 0.000 0.000 0.000 0.000 0.001 0.000 0.000 0.001 0.000 0.006 0.000 0.001 0.000 0.000 0.004 0.000 0.010 0.001 0.000 0.001 0.001 0.004 0.001 0.000 0.001 0.001 0.001 0.108 0.323 0.001 0.094 0.041 0.020 
44 tongs_vis 30 0.002 0.001 0.001 0.533 0.001 0.130 0.012 0.896 0.000 0.023 0.000 0.000 0.002 0.001 0.000 0.000 0.000 0.000 0.002 0.001 0.011 0.020 0.667 0.054 0.013 0.026 0.001 0.008 0.000 0.000 0.056 0.000 0.008 0.003 0.005 0.001 0.000 0.000 0.814 0.259 0.343 0.000 0.014 0.049 0.763 0.001 0.000 0.002 0.000 0.000 0.001 0.000 0.025 0.001 0.032 0.000 0.000 0.001 
45 ladle_vis 30 0.002 0.001 0.178 0.000 0.001 0.993 0.002 0.003 0.008 0.959 0.000 0.000 0.000 0.001 0.001 0.000 0.108 0.001 0.001 0.008 0.002 0.028 0.002 0.000 0.000 0.000 0.001 0.000 0.004 0.001 0.003 0.000 0.000 0.000 0.012 0.000 0.001 0.001 0.001 0.001 0.000 0.005 0.001 0.001 0.004 0.002 0.014 0.148 0.001 0.000 0.000 0.002 0.031 0.009 0.124 0.765 0.005 0.011 
46 knife_vis 30 0.003 0.001 0.006 0.000 0.001 0.995 0.002 0.001 0.007 0.926 0.000 0.000 0.000 0.026 0.000 0.000 0.004 0.002 0.005 0.003 0.001 0.001 0.001 0.000 0.000 0.000 0.000 0.000 0.000 0.001 0.000 0.000 0.003 0.000 0.004 0.001 0.001 0.000 0.000 0.001 0.000 0.003 0.001 0.000 0.001 0.001 0.002 0.001 0.000 0.004 0.005 0.001 0.011 0.373 0.001 0.008 0.039 0.009 
47 chopsticks_vis 30 0.003 0.001 0.005 0.014 0.001 0.985 0.273 0.002 0.000 0.967 0.000 0.000 0.000 0.001 0.000 0.000 0.001 0.019 0.001 0.001 0.008 0.295 0.114 0.001 0.016 0.001 0.015 0.000 0.001 0.000 0.000 0.000 0.001 0.000 0.152 0.001 0.001 0.001 0.003 0.007 0.000 0.001 0.000 0.000 0.001 0.001 0.000 0.001 0.000 0.001 0.000 0.000 0.657 0.007 0.002 0.001 0.025 0.780 
