0 beaver_vis 30 0.994 0.002 0.982 0.002 0.000 0.002 0.000 0.000 0.000 0.098 0.143 0.000 0.001 0.000 0.289 0.000 0.016 0.000 0.000 0.029 0.001 0.967 0.178 0.000 0.001 0.000 0.000 0.001 0.000 0.001 0.000 0.000 0.002 0.000 0.035 0.000 0.000 0.000 0.000 0.000 0.000 0.001 0.000 0.000 0.000 0.000 0.000 0.000 0.000 0.001 0.000 0.000 0.000 0.230 0.000 0.067 0.000 0.000 
1 bear_vis 30 0.994 0.991 0.037 0.000 0.026 0.001 0.000 0.000 0.029 0.000 0.021 0.931 0.034 0.002 0.001 0.389 0.000 0.009 0.000 0.056 0.000 0.000 0.000 0.000 0.000 0.000 0.000 0.000 0.002 0.001 0.002 0.003 0.008 0.000 0.000 0.000 0.000 0.000 0.000 0.000 0.000 0.001 0.000 0.000 0.000 0.003 0.023 0.001 0.000 0.001 0.179 0.000 0.001 0.000 0.000 0.000 0.000 0.000 
2 sheep_vis 30 0.555 0.002 0.442 0.000 0.000 0.970 0.021 0.002 0.000 0.923 0.001 0.000 0.004 0.000 0.005 0.000 0.332 0.000 0.004 0.000 0.001 0.025 0.001 0.000 0.001 0.000 0.000 0.001 0.000 0.001 0.000 0.000 0.000 0.000 0.079 0.000 0.036 0.000 0.000 0.003 0.000 0.005 0.000 0.000 0.010 0.001 0.001 0.005 0.000 0.001 0.000 0.000 0.006 0.676 0.000 0.005 0.082 0.005 
3 buffalo_vis 30 0.995 0.980 0.005 0.000 0.045 0.235 0.000 0.000 0.497 0.000 0.000 0.000 0.000 0.767 0.242 0.017 0.001 0.000 0.000 0.000 0.008 0.000 0.000 0.000 0.000 0.000 0.000 0.001 0.001 0.009 0.001 0.000 0.055 0.000 0.000 0.000 0.000 0.000 0.000 0.000 0.000 0.001 0.000 0.000 0.000 0.000 0.013 0.008 0.000 0.006 0.000 0.002 0.000 0.000 0.000 0.000 0.001 0.000 
4 poodle_vis 30 0.994 0.989 0.850 0.000 0.154 0.002 0.000 0.000 0.000 0.000 0.001 0.000 0.039 0.975 0.988 0.156 0.705 0.000 0.000 0.000 0.264 0.050 0.001 0.000 0.000 0.000 0.000 0.007 0.002 0.926 0.001 0.000 0.129 0.000 0.001 0.000 0.002 0.000 0.000 0.000 0.000 0.002 0.000 0.003 0.000 0.003 0.208 0.019 0.000 0.027 0.000 0.007 0.001 0.072 0.000 0.000 0.069 0.000 
5 giraffe_vis 30 0.994 0.989 0.030 0.000 0.014 0.001 0.000 0.000 0.063 0.000 0.000 0.086 0.001 0.235 0.001 0.846 0.000 0.047 0.000 0.000 0.001 0.000 0.000 0.000 0.000 0.000 0.000 0.000 0.017 0.001 0.103 0.000 0.009 0.000 0.000 0.000 0.000 0.000 0.000 0.000 0.000 0.001 0.000 0.000 0.000 0.024 0.035 0.056 0.001 0.001 0.013 0.000 0.004 0.000 0.000 0.000 0.000 0.000 
6 robin_vis 30 0.754 0.000 0.705 0.000 0.000 0.783 0.013 0.000 0.001 0.621 0.000 0.000 0.000 0.003 0.001 0.000 0.415 0.001 0.001 0.000 0.002 0.003 0.000 0.000 0.000 0.000 0.000 0.001 0.000 0.000 0.001 0.000 0.000 0.000 0.010 0.000 0.118 0.001 0.000 0.001 0.000 0.001 0.000 0.000 0.000 0.000 0.001 0.128 0.000 0.001 0.000 0.001 0.060 0.123 0.000 0.001 0.178 0.000 
7 swan_vis 30 0.995 0.001 0.939 0.237 0.001 0.003 0.000 0.000 0.000 0.164 0.032 0.000 0.000 0.001 0.005 0.000 0.013 0.001 0.000 0.184 0.047 0.438 0.286 0.000 0.001 0.000 0.024 0.005 0.000 0.001 0.000 0.000 0.122 0.000 0.000 0.000 0.000 0.000 0.000 0.000 0.000 0.001 0.000 0.000 0.000 0.000 0.000 0.000 0.000 0.001 0.000 0.000 0.000 0.001 0.000 0.302 0.001 0.000 
8 woodpecker_vis 30 0.200 0.000 0.097 0.014 0.000 0.003 0.985 0.016 0.000 0.013 0.000 0.000 0.334 0.000 0.001 0.000 0.484 0.000 0.985 0.003 0.000 0.049 0.001 0.000 0.832 0.044 0.030 0.000 0.000 0.000 0.000 0.000 0.000 0.000 0.981 0.001 0.973 0.002 0.277 0.982 0.000 0.044 0.000 0.000 0.942 0.149 0.001 0.000 0.000 0.001 0.000 0.000 0.007 0.532 0.000 0.000 0.000 0.094 
9 peacock_vis 30 0.994 0.341 0.817 0.001 0.001 0.001 0.000 0.000 0.000 0.000 0.482 0.620 0.009 0.000 0.001 0.000 0.000 0.002 0.000 0.940 0.000 0.032 0.001 0.000 0.001 0.007 0.061 0.000 0.000 0.001 0.000 0.001 0.001 0.000 0.000 0.000 0.000 0.000 0.000 0.000 0.000 0.001 0.000 0.000 0.000 0.000 0.000 0.000 0.000 0.001 0.003 0.000 0.000 0.000 0.000 0.000 0.000 0.001 
10 crow_vis 30 0.995 0.285 0.991 0.004 0.001 0.001 0.000 0.000 0.000 0.001 0.000 0.000 0.000 0.095 0.004 0.000 0.022 0.014 0.000 0.000 0.874 0.136 0.001 0.001 0.000 0.000 0.000 0.013 0.000 0.001 0.002 0.000 0.119 0.000 0.000 0.000 0.000 0.000 0.000 0.000 0.000 0.001 0.000 0.000 0.000 0.000 0.000 0.000 0.000 0.001 0.000 0.000 0.000 0.000 0.000 0.001 0.006 0.000 
11 eagle_vis 30 0.994 0.009 0.991 0.023 0.000 0.001 0.000 0.000 0.000 0.083 0.238 0.000 0.001 0.000 0.683 0.000 0.113 0.000 0.000 0.022 0.011 0.987 0.529 0.000 0.004 0.000 0.000 0.006 0.000 0.001 0.000 0.000 0.004 0.000 0.190 0.000 0.000 0.000 0.000 0.000 0.000 0.001 0.000 0.000 0.000 0.000 0.000 0.000 0.000 0.001 0.000 0.000 0.000 0.618 0.000 0.229 0.001 0.000 
12 tuna_vis 30 0.995 0.000 0.002 0.992 0.019 0.003 0.009 0.000 0.000 0.000 0.000 0.000 0.001 0.000 0.003 0.000 0.000 0.000 0.000 0.000 0.001 0.051 0.976 0.000 0.206 0.000 0.118 0.237 0.000 0.007 0.000 0.000 0.003 0.195 0.158 0.000 0.000 0.003 0.158 0.000 0.077 0.001 0.000 0.000 0.002 0.000 0.000 0.000 0.000 0.001 0.000 0.000 0.000 0.000 0.000 0.190 0.000 0.000 
13 goldfish_vis 30 0.995 0.000 0.003 0.612 0.034 0.001 0.001 0.000 0.000 0.000 0.000 0.000 0.000 0.000 0.000 0.000 0.000 0.000 0.000 0.000 0.002 0.000 0.002 0.008 0.002 0.000 0.000 0.012 0.001 0.001 0.001 0.000 0.002 0.000 0.000 0.000 0.000 0.000 0.000 0.000 0.000 0.001 0.000 0.000 0.000 0.000 0.000 0.000 0.000 0.001 0.000 0.000 0.000 0.000 0.000 0.000 0.000 0.000 
14 salmon_vis 30 0.995 0.000 0.003 0.991 0.017 0.007 0.013 0.000 0.000 0.000 0.000 0.000 0.001 0.000 0.002 0.000 0.000 0.000 0.001 0.000 0.000 0.052 0.958 0.001 0.202 0.000 0.122 0.188 0.000 0.009 0.000 0.000 0.002 0.152 0.149 0.000 0.000 0.003 0.143 0.000 0.056 0.001 0.000 0.000 0.002 0.000 0.000 0.000 0.000 0.001 0.000 0.000 0.000 0.000 0.000 0.132 0.000 0.000 
15 sardine_vis 30 0.995 0.000 0.002 0.964 0.025 0.031 0.001 0.000 0.000 0.000 0.000 0.000 0.000 0.000 0.001 0.000 0.000 0.000 0.000 0.000 0.001 0.003 0.368 0.001 0.013 0.000 0.012 0.047 0.000 0.002 0.000 0.000 0.003 0.008 0.004 0.000 0.000 0.001 0.004 0.000 0.001 0.001 0.000 0.000 0.000 0.000 0.000 0.000 0.000 0.001 0.000 0.000 0.000 0.000 0.000 0.010 0.000 0.000 
16 catfish_vis 30 0.994 0.000 0.001 0.979 0.003 0.003 0.000 0.000 0.000 0.000 0.001 0.000 0.000 0.000 0.000 0.000 0.000 0.000 0.000 0.008 0.000 0.001 0.508 0.000 0.003 0.001 0.915 0.005 0.000 0.001 0.002 0.000 0.002 0.136 0.001 0.000 0.000 0.000 0.007 0.000 0.002 0.001 0.000 0.000 0.005 0.000 0.000 0.000 0.000 0.001 0.000 0.000 0.000 0.000 0.000 0.005 0.000 0.000 
17 cod_vis 30 0.995 0.000 0.026 0.986 0.210 0.001 0.002 0.000 0.000 0.000 0.000 0.000 0.000 0.000 0.001 0.000 0.000 0.000 0.000 0.000 0.221 0.001 0.059 0.039 0.005 0.000 0.000 0.916 0.000 0.011 0.014 0.000 0.017 0.000 0.002 0.000 0.000 0.008 0.000 0.000 0.000 0.001 0.000 0.000 0.000 0.000 0.000 0.000 0.000 0.001 0.000 0.000 0.000 0.000 0.000 0.003 0.001 0.000 
18 turtle_vis 30 0.991 0.004 0.000 0.004 0.992 0.333 0.000 0.201 0.000 0.000 0.000 0.000 0.004 0.001 0.016 0.000 0.000 0.000 0.000 0.000 0.000 0.000 0.049 0.000 0.001 0.000 0.000 0.001 0.003 0.478 0.005 0.003 0.089 0.694 0.000 0.000 0.000 0.000 0.000 0.000 0.074 0.003 0.000 0.001 0.001 0.000 0.000 0.000 0.000 0.003 0.000 0.001 0.000 0.000 0.000 0.000 0.000 0.000 
19 rattlesnake_vis 30 0.992 0.005 0.000 0.004 0.993 0.403 0.000 0.207 0.000 0.000 0.000 0.000 0.004 0.002 0.017 0.000 0.000 0.000 0.000 0.000 0.001 0.000 0.039 0.000 0.001 0.000 0.000 0.003 0.007 0.591 0.008 0.002 0.086 0.584 0.000 0.000 0.000 0.000 0.000 0.000 0.062 0.003 0.000 0.006 0.000 0.000 0.000 0.000 0.000 0.003 0.000 0.002 0.000 0.000 0.000 0.000 0.000 0.000 
20 crab_vis 30 0.994 0.019 0.000 0.001 0.984 0.012 0.000 0.029 0.000 0.000 0.000 0.000 0.001 0.023 0.001 0.001 0.000 0.000 0.000 0.000 0.000 0.000 0.001 0.000 0.000 0.000 0.000 0.002 0.006 0.032 0.974 0.004 0.031 0.039 0.000 0.000 0.000 0.000 0.000 0.000 0.001 0.001 0.000 0.011 0.001 0.000 0.000 0.000 0.000 0.001 0.000 0.023 0.000 0.000 0.000 0.000 0.000 0.000 
21 frog_vis 30 0.991 0.006 0.000 0.008 0.993 0.254 0.000 0.059 0.000 0.000 0.004 0.000 0.007 0.000 0.108 0.000 0.000 0.000 0.000 0.000 0.000 0.000 0.222 0.000 0.001 0.000 0.003 0.001 0.000 0.346 0.000 0.005 0.493 0.908 0.000 0.000 0.000 0.000 0.000 0.000 0.074 0.005 0.000 0.000 0.001 0.000 0.000 0.000 0.000 0.023 0.000 0.002 0.000 0.000 0.000 0.001 0.000 0.000 
22 gecko_vis 30 0.992 0.009 0.000 0.004 0.992 0.299 0.000 0.137 0.000 0.000 0.000 0.000 0.003 0.003 0.022 0.000 0.000 0.000 0.000 0.000 0.001 0.000 0.025 0.000 0.001 0.000 0.000 0.002 0.001 0.504 0.004 0.002 0.128 0.522 0.000 0.000 0.000 0.000 0.000 0.000 0.030 0.002 0.000 0.000 0.000 0.000 0.000 0.000 0.000 0.002 0.000 0.002 0.000 0.000 0.000 0.000 0.000 0.000 
23 crocodile_vis 30 0.990 0.009 0.000 0.016 0.991 0.008 0.000 0.084 0.000 0.000 0.019 0.000 0.012 0.000 0.004 0.000 0.000 0.000 0.000 0.000 0.000 0.000 0.110 0.000 0.001 0.000 0.172 0.000 0.000 0.068 0.051 0.083 0.083 0.983 0.000 0.000 0.000 0.000 0.000 0.000 0.122 0.001 0.000 0.000 0.191 0.000 0.000 0.000 0.000 0.001 0.000 0.001 0.000 0.000 0.000 0.000 0.000 0.000 
24 axe_vis 30 0.004 0.000 0.000 0.001 0.000 0.994 0.976 0.108 0.000 0.002 0.000 0.000 0.000 0.000 0.000 0.000 0.001 0.000 0.001 0.000 0.000 0.001 0.001 0.000 0.002 0.000 0.000 0.001 0.000 0.001 0.000 0.000 0.000 0.000 0.945 0.000 0.048 0.005 0.008 0.007 0.003 0.011 0.000 0.000 0.121 0.000 0.000 0.000 0.000 0.001 0.000 0.000 0.000 0.127 0.000 0.000 0.000 0.000 
25 hammer_vis 30 0.001 0.000 0.000 0.016 0.000 0.994 0.992 0.055 0.000 0.172 0.000 0.000 0.000 0.000 0.000 0.000 0.000 0.000 0.001 0.000 0.000 0.000 0.000 0.116 0.003 0.001 0.000 0.002 0.026 0.001 0.000 0.000 0.000 0.000 0.002 0.967 0.030 0.199 0.348 0.061 0.001 0.001 0.080 0.024 0.000 0.024 0.000 0.000 0.002 0.002 0.002 0.000 0.040 0.000 0.253 0.000 0.007 0.000 
26 screwdriver_vis 30 0.009 0.000 0.000 0.000 0.000 0.994 0.962 0.063 0.000 0.002 0.000 0.000 0.000 0.000 0.000 0.000 0.019 0.000 0.001 0.000 0.000 0.000 0.000 0.000 0.001 0.000 0.000 0.001 0.000 0.001 0.000 0.000 0.000 0.000 0.029 0.001 0.879 0.010 0.000 0.001 0.001 0.001 0.000 0.003 0.000 0.007 0.000 0.001 0.000 0.001 0.000 0.000 0.002 0.003 0.000 0.000 0.001 0.000 
27 chisel_vis 30 0.004 0.000 0.000 0.001 0.000 0.994 0.976 0.057 0.000 0.023 0.000 0.000 0.000 0.000 0.000 0.000 0.002 0.000 0.000 0.000 0.000 0.000 0.001 0.000 0.001 0.000 0.000 0.017 0.000 0.001 0.000 0.000 0.000 0.000 0.024 0.012 0.298 0.607 0.004 0.001 0.004 0.001 0.000 0.029 0.000 0.001 0.000 0.000 0.000 0.001 0.000 0.001 0.001 0.001 0.000 0.000 0.023 0.000 
28 saw_vis 30 0.001 0.000 0.000 0.083 0.000 0.993 0.991 0.078 0.000 0.093 0.000 0.000 0.000 0.000 0.000 0.000 0.000 0.000 0.001 0.000 0.000 0.000 0.005 0.000 0.020 0.000 0.017 0.002 0.000 0.001 0.000 0.000 0.000 0.000 0.114 0.027 0.003 0.106 0.969 0.019 0.106 0.004 0.063 0.000 0.001 0.000 0.000 0.000 0.000 0.001 0.000 0.000 0.000 0.000 0.034 0.003 0.000 0.001 
29 drill_vis 30 0.001 0.000 0.000 0.003 0.000 0.992 0.989 0.052 0.000 0.004 0.000 0.000 0.000 0.000 0.000 0.000 0.000 0.000 0.026 0.000 0.000 0.000 0.000 0.000 0.011 0.000 0.000 0.001 0.000 0.000 0.000 0.000 0.000 0.000 0.009 0.095 0.340 0.001 0.031 0.925 0.000 0.031 0.001 0.000 0.000 0.300 0.000 0.000 0.000 0.001 0.001 0.000 0.044 0.001 0.000 0.000 0.000 0.017 
30 clamp_vis 30 0.001 0.000 0.000 0.000 0.103 0.995 0.065 0.993 0.034 0.000 0.000 0.000 0.000 0.000 0.002 0.000 0.000 0.000 0.000 0.000 0.000 0.000 0.001 0.000 0.001 0.000 0.000 0.001 0.001 0.069 0.000 0.000 0.000 0.016 0.005 0.002 0.003 0.116 0.003 0.000 0.939 0.044 0.058 0.379 0.019 0.002 0.000 0.000 0.000 0.015 0.000 0.135 0.000 0.000 0.000 0.000 0.000 0.000 
31 hoe_vis 30 0.002 0.005 0.000 0.000 0.001 0.994 0.024 0.991 0.006 0.000 0.000 0.000 0.047 0.000 0.012 0.000 0.000 0.000 0.000 0.000 0.000 0.000 0.000 0.000 0.001 0.000 0.000 0.000 0.001 0.006 0.000 0.000 0.000 0.007 0.098 0.001 0.011 0.000 0.001 0.004 0.016 0.952 0.002 0.001 0.470 0.018 0.002 0.000 0.000 0.008 0.000 0.000 0.000 0.010 0.000 0.000 0.000 0.000 
32 rake_vis 30 0.001 0.000 0.000 0.000 0.050 0.993 0.076 0.993 0.005 0.000 0.000 0.000 0.004 0.000 0.000 0.000 0.000 0.000 0.000 0.000 0.000 0.000 0.000 0.000 0.002 0.001 0.008 0.000 0.011 0.002 0.005 0.026 0.000 0.008 0.000 0.041 0.002 0.006 0.040 0.012 0.171 0.044 0.791 0.151 0.053 0.065 0.000 0.000 0.004 0.001 0.021 0.002 0.000 0.000 0.001 0.000 0.000 0.000 
33 shovel_vis 30 0.001 0.020 0.000 0.000 0.001 0.995 0.015 0.991 0.055 0.000 0.000 0.000 0.005 0.000 0.000 0.016 0.000 0.000 0.000 0.000 0.000 0.000 0.000 0.000 0.001 0.000 0.000 0.001 0.025 0.005 0.000 0.000 0.000 0.000 0.000 0.009 0.076 0.002 0.000 0.028 0.002 0.164 0.003 0.141 0.000 0.945 0.073 0.005 0.000 0.002 0.130 0.001 0.005 0.000 0.000 0.000 0.000 0.000 
34 spade_vis 30 0.001 0.029 0.000 0.000 0.001 0.982 0.018 0.992 0.000 0.000 0.003 0.000 0.128 0.000 0.001 0.000 0.001 0.000 0.001 0.000 0.000 0.000 0.000 0.000 0.001 0.000 0.001 0.000 0.000 0.001 0.000 0.000 0.000 0.048 0.081 0.000 0.032 0.000 0.000 0.005 0.006 0.077 0.002 0.001 0.983 0.051 0.000 0.013 0.000 0.001 0.000 0.000 0.000 0.001 0.000 0.000 0.000 0.000 
35 wrench_vis 30 0.002 0.006 0.000 0.000 0.001 0.994 0.010 0.989 0.007 0.000 0.000 0.000 0.044 0.000 0.004 0.000 0.000 0.000 0.000 0.000 0.000 0.000 0.000 0.000 0.001 0.000 0.000 0.000 0.001 0.003 0.000 0.000 0.000 0.006 0.017 0.001 0.005 0.000 0.000 0.013 0.003 0.894 0.001 0.001 0.147 0.044 0.005 0.000 0.000 0.006 0.000 0.000 0.000 0.002 0.000 0.000 0.000 0.000 
36 accordion_vis 30 0.003 0.022 0.000 0.000 0.001 0.994 0.000 0.207 0.987 0.005 0.006 0.000 0.001 0.001 0.539 0.000 0.001 0.000 0.000 0.000 0.000 0.002 0.000 0.000 0.000 0.000 0.000 0.000 0.001 0.001 0.000 0.000 0.000 0.000 0.001 0.001 0.001 0.000 0.000 0.000 0.000 0.233 0.000 0.001 0.000 0.002 0.760 0.054 0.000 0.596 0.000 0.003 0.001 0.678 0.000 0.000 0.001 0.008 
37 cello_vis 30 0.001 0.001 0.000 0.000 0.002 0.994 0.000 0.067 0.988 0.017 0.004 0.000 0.000 0.006 0.030 0.001 0.000 0.000 0.000 0.000 0.000 0.000 0.001 0.000 0.000 0.000 0.001 0.000 0.001 0.001 0.001 0.000 0.016 0.006 0.000 0.001 0.000 0.000 0.000 0.000 0.006 0.001 0.000 0.002 0.001 0.002 0.002 0.042 0.023 0.027 0.001 0.657 0.001 0.002 0.000 0.010 0.001 0.000 
38 flute_vis 30 0.001 0.000 0.000 0.000 0.034 0.995 0.000 0.133 0.990 0.137 0.000 0.000 0.000 0.009 0.062 0.001 0.000 0.000 0.000 0.000 0.004 0.000 0.004 0.000 0.000 0.000 0.000 0.001 0.004 0.002 0.000 0.000 0.106 0.003 0.000 0.003 0.001 0.002 0.000 0.000 0.040 0.003 0.001 0.023 0.000 0.002 0.002 0.006 0.585 0.781 0.000 0.887 0.002 0.001 0.002 0.095 0.024 0.000 
39 guitar_vis 30 0.706 0.361 0.000 0.000 0.121 0.523 0.059 0.131 0.001 0.007 0.000 0.000 0.000 0.001 0.001 0.000 0.002 0.000 0.000 0.000 0.001 0.000 0.000 0.000 0.000 0.000 0.000 0.001 0.000 0.001 0.001 0.000 0.001 0.000 0.005 0.001 0.015 0.001 0.000 0.001 0.000 0.002 0.000 0.001 0.000 0.001 0.000 0.000 0.000 0.002 0.000 0.000 0.001 0.003 0.000 0.000 0.004 0.000 
40 piano_vis 30 0.022 0.087 0.000 0.000 0.006 0.929 0.000 0.001 0.988 0.000 0.002 0.338 0.001 0.000 0.000 0.001 0.000 0.000 0.000 0.005 0.000 0.000 0.000 0.000 0.000 0.000 0.000 0.000 0.001 0.001 0.000 0.000 0.003 0.000 0.000 0.001 0.000 0.000 0.000 0.000 0.000 0.006 0.000 0.001 0.000 0.001 0.196 0.001 0.008 0.008 0.966 0.000 0.001 0.000 0.001 0.000 0.001 0.035 
41 trumpet_vis 30 0.001 0.001 0.000 0.000 0.004 0.994 0.013 0.985 0.020 0.000 0.000 0.000 0.014 0.000 0.001 0.000 0.000 0.000 0.000 0.000 0.000 0.000 0.000 0.000 0.000 0.000 0.000 0.000 0.001 0.005 0.000 0.000 0.000 0.004 0.003 0.001 0.003 0.001 0.000 0.003 0.030 0.565 0.013 0.011 0.060 0.020 0.001 0.000 0.001 0.004 0.000 0.001 0.000 0.000 0.000 0.000 0.000 0.000 
42 fork_vis 30 0.024 0.000 0.024 0.000 0.000 0.995 0.034 0.000 0.042 0.992 0.000 0.000 0.000 0.001 0.001 0.000 0.193 0.000 0.000 0.000 0.021 0.001 0.000 0.001 0.000 0.000 0.000 0.004 0.000 0.000 0.000 0.000 0.000 0.000 0.001 0.002 0.157 0.020 0.000 0.000 0.000 0.001 0.000 0.001 0.000 0.000 0.001 0.061 0.000 0.003 0.000 0.014 0.239 0.173 0.000 0.010 0.905 0.000 
43 spoon_vis 30 0.021 0.000 0.009 0.001 0.001 0.995 0.012 0.000 0.004 0.989 0.000 0.000 0.000 0.000 0.006 0.000 0.004 0.000 0.000 0.001 0.003 0.042 0.014 0.000 0.000 0.000 0.000 0.002 0.000 0.001 0.000 0.000 0.001 0.000 0.027 0.000 0.001 0.003 0.001 0.000 0.000 0.001 0.000 0.000 0.000 0.000 0.000 0.000 0.000 0.013 0.000 0.002 0.000 0.370 0.003 0.551 0.020 0.018 
44 tongs_vis 30 0.001 0.000 0.022 0.002 0.000 0.995 0.086 0.000 0.242 0.992 0.000 0.000 0.000 0.000 0.000 0.002 0.001 0.767 0.000 0.000 0.401 0.000 0.000 0.632 0.000 0.031 0.000 0.003 0.011 0.000 0.004 0.000 0.000 0.000 0.000 0.925 0.002 0.023 0.001 0.001 0.000 0.001 0.000 0.004 0.000 0.001 0.000 0.003 0.948 0.017 0.352 0.001 0.895 0.000 0.981 0.001 0.802 0.004 
45 ladle_vis 30 0.860 0.000 0.106 0.603 0.002 0.870 0.003 0.000 0.002 0.949 0.001 0.000 0.000 0.000 0.009 0.000 0.000 0.000 0.000 0.060 0.357 0.189 0.704 0.000 0.001 0.000 0.032 0.010 0.000 0.001 0.000 0.000 0.607 0.001 0.004 0.000 0.000 0.010 0.004 0.000 0.002 0.002 0.000 0.000 0.000 0.000 0.000 0.000 0.000 0.024 0.000 0.008 0.000 0.007 0.070 0.971 0.013 0.001 
46 knife_vis 30 0.005 0.000 0.002 0.001 0.001 0.995 0.037 0.000 0.295 0.992 0.000 0.000 0.000 0.003 0.001 0.000 0.004 0.000 0.000 0.000 0.809 0.001 0.001 0.001 0.000 0.000 0.000 0.193 0.000 0.001 0.000 0.000 0.001 0.000 0.002 0.024 0.004 0.819 0.000 0.000 0.000 0.001 0.000 0.014 0.000 0.000 0.000 0.002 0.066 0.016 0.000 0.879 0.035 0.003 0.029 0.658 0.989 0.000 
47 chopsticks_vis 30 0.013 0.000 0.010 0.001 0.000 0.995 0.027 0.000 0.094 0.993 0.000 0.000 0.000 0.001 0.001 0.000 0.074 0.000 0.000 0.000 0.037 0.001 0.001 0.000 0.000 0.000 0.000 0.005 0.000 0.000 0.000 0.000 0.000 0.000 0.001 0.001 0.053 0.037 0.000 0.000 0.000 0.001 0.000 0.001 0.000 0.000 0.000 0.029 0.000 0.004 0.000 0.048 0.119 0.060 0.001 0.023 0.944 0.000 
