0 beaver_vis 30 0.996 0.535 0.151 0.001 0.016 0.001 0.000 0.001 0.001 0.001 0.607 0.060 0.009 0.001 0.001 0.003 0.002 0.299 0.005 0.003 0.002 0.003 0.001 0.001 0.002 0.001 0.014 0.001 0.185 0.001 0.001 0.001 0.000 0.001 0.001 0.001 0.000 0.000 0.001 0.000 0.001 0.001 0.001 0.001 0.001 0.001 0.000 0.029 0.000 0.001 0.000 0.013 0.000 0.002 0.000 0.000 0.001 0.000 
1 bear_vis 30 0.996 0.042 0.656 0.001 0.003 0.001 0.000 0.001 0.000 0.002 0.002 0.016 0.006 0.372 0.002 0.000 0.001 0.003 0.001 0.741 0.014 0.000 0.001 0.001 0.003 0.001 0.001 0.000 0.000 0.001 0.007 0.000 0.006 0.001 0.000 0.001 0.000 0.000 0.001 0.000 0.001 0.001 0.001 0.000 0.000 0.001 0.000 0.004 0.008 0.000 0.000 0.001 0.000 0.008 0.001 0.005 0.001 0.001 
2 sheep_vis 30 0.996 0.224 0.029 0.002 0.104 0.001 0.000 0.001 0.001 0.001 0.003 0.001 0.431 0.017 0.001 0.001 0.005 0.002 0.010 0.005 0.002 0.001 0.001 0.001 0.003 0.001 0.001 0.001 0.000 0.017 0.001 0.002 0.018 0.001 0.000 0.001 0.000 0.000 0.001 0.000 0.001 0.002 0.001 0.001 0.000 0.002 0.000 0.012 0.001 0.001 0.001 0.019 0.000 0.002 0.001 0.002 0.001 0.000 
3 buffalo_vis 30 0.996 0.991 0.004 0.001 0.018 0.001 0.000 0.001 0.000 0.002 0.002 0.051 0.057 0.982 0.033 0.011 0.029 0.001 0.001 0.042 0.003 0.000 0.001 0.002 0.001 0.001 0.001 0.001 0.000 0.029 0.019 0.001 0.011 0.001 0.000 0.001 0.001 0.000 0.001 0.000 0.002 0.040 0.111 0.001 0.000 0.001 0.041 0.006 0.005 0.001 0.010 0.016 0.001 0.005 0.002 0.008 0.001 0.001 
4 poodle_vis 30 0.996 0.025 0.787 0.001 0.004 0.001 0.000 0.001 0.001 0.001 0.005 0.032 0.003 0.013 0.002 0.003 0.002 0.110 0.001 0.151 0.006 0.001 0.001 0.001 0.001 0.001 0.001 0.001 0.003 0.001 0.008 0.001 0.001 0.001 0.001 0.003 0.000 0.000 0.001 0.000 0.001 0.001 0.001 0.001 0.000 0.001 0.000 0.055 0.002 0.001 0.000 0.008 0.000 0.006 0.000 0.001 0.001 0.001 
5 giraffe_vis 30 0.996 0.973 0.004 0.001 0.012 0.001 0.000 0.001 0.000 0.002 0.004 0.779 0.005 0.560 0.049 0.001 0.002 0.001 0.001 0.245 0.004 0.001 0.001 0.001 0.001 0.002 0.001 0.001 0.001 0.001 0.030 0.000 0.002 0.002 0.000 0.001 0.001 0.000 0.001 0.000 0.001 0.001 0.037 0.001 0.000 0.001 0.028 0.001 0.002 0.001 0.001 0.001 0.001 0.010 0.004 0.001 0.001 0.001 
6 robin_vis 30 0.996 0.002 0.993 0.003 0.001 0.001 0.000 0.001 0.000 0.001 0.003 0.001 0.003 0.011 0.002 0.000 0.062 0.065 0.031 0.928 0.009 0.006 0.043 0.001 0.006 0.001 0.008 0.001 0.001 0.001 0.000 0.000 0.004 0.004 0.001 0.002 0.000 0.000 0.002 0.000 0.001 0.001 0.001 0.001 0.000 0.001 0.000 0.000 0.000 0.001 0.000 0.001 0.001 0.011 0.000 0.002 0.001 0.007 
7 swan_vis 30 0.996 0.002 0.994 0.002 0.001 0.001 0.000 0.001 0.000 0.001 0.003 0.002 0.002 0.005 0.001 0.000 0.029 0.586 0.015 0.780 0.013 0.008 0.004 0.001 0.006 0.001 0.008 0.001 0.001 0.001 0.001 0.000 0.001 0.007 0.001 0.001 0.000 0.000 0.001 0.000 0.001 0.001 0.001 0.001 0.000 0.001 0.000 0.002 0.000 0.003 0.000 0.001 0.000 0.045 0.000 0.002 0.001 0.001 
8 woodpecker_vis 30 0.996 0.002 0.993 0.006 0.001 0.001 0.001 0.001 0.000 0.001 0.003 0.000 0.005 0.001 0.001 0.000 0.002 0.208 0.476 0.191 0.036 0.003 0.008 0.001 0.025 0.001 0.008 0.001 0.000 0.001 0.000 0.001 0.002 0.001 0.001 0.000 0.000 0.000 0.002 0.000 0.001 0.001 0.001 0.004 0.000 0.002 0.000 0.000 0.000 0.001 0.000 0.001 0.000 0.001 0.000 0.001 0.001 0.001 
9 peacock_vis 30 0.996 0.001 0.993 0.002 0.001 0.001 0.000 0.001 0.000 0.002 0.001 0.000 0.002 0.047 0.001 0.000 0.017 0.018 0.015 0.755 0.002 0.010 0.041 0.001 0.003 0.000 0.001 0.001 0.000 0.001 0.001 0.000 0.003 0.002 0.001 0.001 0.000 0.000 0.001 0.000 0.001 0.003 0.001 0.001 0.000 0.001 0.000 0.000 0.001 0.000 0.001 0.001 0.001 0.005 0.000 0.008 0.001 0.003 
10 crow_vis 30 0.996 0.016 0.991 0.001 0.002 0.001 0.002 0.001 0.000 0.001 0.013 0.030 0.028 0.014 0.002 0.007 0.001 0.241 0.004 0.026 0.811 0.002 0.001 0.001 0.005 0.063 0.001 0.001 0.001 0.001 0.002 0.020 0.003 0.001 0.003 0.057 0.001 0.001 0.002 0.000 0.001 0.001 0.001 0.001 0.000 0.012 0.000 0.020 0.094 0.010 0.000 0.030 0.000 0.003 0.000 0.001 0.001 0.001 
11 eagle_vis 30 0.996 0.001 0.994 0.002 0.001 0.001 0.000 0.001 0.000 0.001 0.002 0.001 0.001 0.002 0.002 0.000 0.058 0.524 0.017 0.713 0.011 0.055 0.010 0.001 0.003 0.001 0.011 0.001 0.001 0.001 0.000 0.000 0.001 0.005 0.001 0.001 0.000 0.000 0.003 0.001 0.001 0.001 0.001 0.001 0.000 0.001 0.000 0.001 0.000 0.004 0.000 0.001 0.001 0.026 0.000 0.001 0.001 0.001 
12 tuna_vis 30 0.944 0.001 0.002 0.978 0.002 0.001 0.000 0.005 0.000 0.003 0.000 0.000 0.002 0.000 0.000 0.000 0.001 0.000 0.025 0.058 0.000 0.001 0.980 0.002 0.026 0.001 0.002 0.011 0.000 0.002 0.000 0.001 0.022 0.004 0.000 0.000 0.000 0.000 0.000 0.000 0.000 0.012 0.003 0.001 0.013 0.001 0.000 0.000 0.000 0.000 0.000 0.000 0.001 0.001 0.001 0.002 0.001 0.001 
13 goldfish_vis 30 0.985 0.003 0.002 0.987 0.003 0.001 0.000 0.001 0.000 0.001 0.001 0.001 0.001 0.001 0.001 0.001 0.001 0.001 0.003 0.001 0.001 0.000 0.009 0.162 0.003 0.027 0.005 0.153 0.001 0.002 0.001 0.001 0.001 0.002 0.001 0.001 0.000 0.000 0.001 0.000 0.001 0.001 0.001 0.001 0.006 0.001 0.001 0.000 0.001 0.001 0.001 0.005 0.000 0.001 0.000 0.001 0.001 0.000 
14 salmon_vis 30 0.996 0.002 0.986 0.017 0.001 0.001 0.001 0.001 0.000 0.001 0.005 0.001 0.007 0.001 0.001 0.000 0.001 0.556 0.275 0.159 0.033 0.001 0.005 0.001 0.122 0.001 0.012 0.001 0.000 0.001 0.000 0.001 0.001 0.002 0.007 0.000 0.000 0.001 0.001 0.000 0.001 0.001 0.001 0.001 0.000 0.003 0.000 0.000 0.000 0.002 0.000 0.001 0.000 0.002 0.000 0.001 0.001 0.001 
15 sardine_vis 30 0.959 0.003 0.005 0.992 0.002 0.001 0.001 0.001 0.000 0.001 0.001 0.001 0.004 0.000 0.001 0.000 0.001 0.002 0.064 0.001 0.001 0.000 0.180 0.005 0.341 0.012 0.026 0.013 0.001 0.002 0.000 0.003 0.001 0.002 0.003 0.000 0.000 0.000 0.001 0.002 0.001 0.001 0.001 0.001 0.025 0.001 0.001 0.000 0.000 0.001 0.001 0.001 0.000 0.001 0.001 0.001 0.001 0.001 
16 catfish_vis 30 0.986 0.001 0.012 0.696 0.010 0.001 0.000 0.001 0.000 0.006 0.001 0.001 0.001 0.000 0.001 0.000 0.016 0.002 0.001 0.047 0.001 0.010 0.708 0.124 0.003 0.001 0.026 0.001 0.001 0.051 0.001 0.000 0.001 0.035 0.001 0.000 0.000 0.000 0.001 0.000 0.000 0.001 0.001 0.000 0.001 0.001 0.000 0.001 0.000 0.001 0.007 0.000 0.011 0.001 0.000 0.068 0.001 0.001 
17 cod_vis 30 0.987 0.005 0.005 0.992 0.003 0.001 0.001 0.001 0.000 0.001 0.001 0.002 0.007 0.000 0.001 0.000 0.001 0.004 0.028 0.001 0.001 0.000 0.032 0.004 0.903 0.090 0.074 0.004 0.001 0.002 0.001 0.005 0.001 0.002 0.053 0.000 0.000 0.001 0.001 0.000 0.001 0.001 0.001 0.001 0.009 0.001 0.001 0.001 0.000 0.001 0.000 0.001 0.000 0.001 0.003 0.001 0.001 0.001 
18 turtle_vis 30 0.996 0.001 0.046 0.090 0.796 0.001 0.000 0.001 0.000 0.012 0.001 0.002 0.001 0.001 0.004 0.000 0.001 0.001 0.001 0.228 0.001 0.003 0.016 0.006 0.004 0.011 0.053 0.005 0.006 0.006 0.046 0.001 0.011 0.966 0.001 0.001 0.000 0.000 0.001 0.000 0.001 0.001 0.002 0.000 0.001 0.001 0.000 0.003 0.000 0.001 0.000 0.001 0.001 0.001 0.014 0.008 0.002 0.003 
19 rattlesnake_vis 30 0.988 0.002 0.002 0.003 0.991 0.002 0.000 0.001 0.000 0.002 0.001 0.000 0.001 0.001 0.001 0.000 0.033 0.000 0.001 0.001 0.001 0.000 0.002 0.006 0.001 0.001 0.002 0.001 0.040 0.896 0.006 0.002 0.040 0.047 0.001 0.003 0.000 0.000 0.001 0.000 0.002 0.001 0.006 0.000 0.001 0.001 0.000 0.002 0.000 0.001 0.007 0.001 0.002 0.001 0.002 0.002 0.001 0.001 
20 crab_vis 30 0.995 0.001 0.002 0.018 0.972 0.001 0.000 0.002 0.001 0.001 0.000 0.000 0.002 0.004 0.001 0.000 0.001 0.000 0.001 0.012 0.001 0.000 0.012 0.002 0.004 0.001 0.001 0.001 0.002 0.271 0.075 0.011 0.266 0.008 0.000 0.001 0.000 0.000 0.000 0.000 0.001 0.002 0.005 0.001 0.000 0.001 0.001 0.026 0.000 0.000 0.001 0.007 0.000 0.001 0.003 0.019 0.001 0.001 
21 frog_vis 30 0.996 0.001 0.061 0.077 0.654 0.001 0.001 0.001 0.001 0.001 0.001 0.001 0.002 0.001 0.001 0.000 0.001 0.005 0.001 0.005 0.003 0.001 0.004 0.003 0.028 0.009 0.012 0.001 0.003 0.065 0.014 0.015 0.014 0.010 0.004 0.001 0.000 0.001 0.001 0.000 0.001 0.001 0.001 0.001 0.001 0.001 0.000 0.135 0.001 0.002 0.000 0.031 0.000 0.001 0.001 0.005 0.001 0.001 
22 gecko_vis 30 0.996 0.001 0.297 0.056 0.269 0.001 0.000 0.002 0.000 0.002 0.000 0.001 0.005 0.001 0.001 0.000 0.001 0.007 0.001 0.571 0.003 0.000 0.053 0.001 0.143 0.001 0.002 0.001 0.001 0.006 0.003 0.002 0.102 0.012 0.000 0.000 0.000 0.000 0.000 0.000 0.001 0.001 0.005 0.001 0.001 0.002 0.001 0.001 0.000 0.000 0.000 0.001 0.000 0.001 0.003 0.014 0.001 0.002 
23 crocodile_vis 30 0.996 0.001 0.084 0.086 0.891 0.001 0.000 0.001 0.000 0.055 0.001 0.000 0.001 0.001 0.001 0.000 0.001 0.001 0.001 0.084 0.000 0.087 0.055 0.006 0.006 0.001 0.167 0.003 0.013 0.029 0.003 0.001 0.007 0.975 0.000 0.000 0.000 0.000 0.000 0.000 0.000 0.001 0.002 0.000 0.001 0.000 0.000 0.005 0.000 0.000 0.000 0.001 0.001 0.001 0.016 0.040 0.002 0.003 
24 axe_vis 30 0.004 0.012 0.005 0.021 0.003 0.984 0.957 0.002 0.029 0.021 0.003 0.111 0.005 0.001 0.006 0.002 0.001 0.091 0.003 0.002 0.014 0.002 0.001 0.005 0.090 0.016 0.008 0.003 0.124 0.002 0.006 0.013 0.001 0.002 0.986 0.002 0.047 0.012 0.052 0.002 0.001 0.001 0.001 0.006 0.008 0.006 0.005 0.027 0.031 0.054 0.001 0.001 0.001 0.027 0.003 0.004 0.002 0.046 
25 hammer_vis 30 0.004 0.002 0.003 0.001 0.004 0.982 0.988 0.003 0.003 0.001 0.000 0.003 0.001 0.001 0.023 0.004 0.001 0.000 0.001 0.000 0.005 0.000 0.000 0.016 0.001 0.006 0.001 0.018 0.004 0.005 0.003 0.004 0.000 0.008 0.003 0.979 0.056 0.005 0.007 0.040 0.052 0.001 0.008 0.002 0.001 0.001 0.000 0.002 0.032 0.001 0.083 0.001 0.002 0.001 0.001 0.001 0.001 0.002 
26 screwdriver_vis 30 0.004 0.004 0.002 0.002 0.001 0.986 0.954 0.017 0.002 0.005 0.000 0.042 0.001 0.001 0.006 0.001 0.001 0.002 0.001 0.000 0.015 0.000 0.000 0.007 0.001 0.008 0.001 0.009 0.001 0.001 0.001 0.001 0.000 0.001 0.004 0.010 0.983 0.001 0.114 0.015 0.003 0.001 0.001 0.002 0.001 0.001 0.001 0.001 0.010 0.002 0.016 0.001 0.002 0.007 0.001 0.001 0.005 0.001 
27 chisel_vis 30 0.004 0.006 0.001 0.001 0.001 0.994 0.081 0.002 0.913 0.002 0.000 0.023 0.001 0.005 0.001 0.041 0.001 0.002 0.001 0.000 0.015 0.000 0.000 0.064 0.001 0.005 0.001 0.001 0.001 0.001 0.045 0.001 0.000 0.001 0.008 0.009 0.348 0.002 0.001 0.001 0.001 0.001 0.001 0.001 0.001 0.023 0.016 0.002 0.956 0.062 0.006 0.001 0.000 0.002 0.001 0.001 0.002 0.001 
28 saw_vis 30 0.003 0.002 0.035 0.004 0.002 0.989 0.978 0.002 0.108 0.004 0.000 0.001 0.001 0.000 0.002 0.001 0.030 0.001 0.001 0.000 0.001 0.000 0.001 0.022 0.001 0.001 0.001 0.002 0.004 0.001 0.001 0.004 0.000 0.001 0.011 0.010 0.079 0.001 0.989 0.003 0.002 0.001 0.001 0.001 0.018 0.001 0.001 0.004 0.001 0.018 0.019 0.001 0.028 0.072 0.001 0.001 0.001 0.001 
29 drill_vis 30 0.002 0.002 0.018 0.002 0.002 0.989 0.959 0.002 0.038 0.003 0.000 0.000 0.001 0.000 0.001 0.001 0.030 0.001 0.001 0.000 0.001 0.000 0.001 0.013 0.001 0.001 0.001 0.002 0.005 0.002 0.000 0.002 0.000 0.001 0.003 0.009 0.047 0.001 0.942 0.028 0.004 0.001 0.001 0.001 0.007 0.001 0.000 0.002 0.001 0.010 0.028 0.001 0.048 0.024 0.002 0.001 0.001 0.001 
30 clamp_vis 30 0.002 0.003 0.001 0.001 0.002 0.995 0.001 0.985 0.000 0.002 0.000 0.001 0.001 0.000 0.000 0.000 0.000 0.000 0.001 0.000 0.000 0.000 0.001 0.001 0.001 0.000 0.000 0.001 0.000 0.001 0.000 0.001 0.001 0.001 0.000 0.010 0.002 0.001 0.000 0.001 0.887 0.002 0.035 0.012 0.016 0.001 0.000 0.000 0.000 0.000 0.003 0.010 0.001 0.000 0.004 0.001 0.001 0.001 
31 hoe_vis 30 0.003 0.001 0.001 0.001 0.003 0.995 0.000 0.977 0.001 0.025 0.000 0.000 0.001 0.001 0.000 0.000 0.001 0.000 0.001 0.001 0.000 0.000 0.049 0.001 0.001 0.000 0.000 0.000 0.000 0.002 0.000 0.001 0.007 0.001 0.000 0.000 0.000 0.000 0.001 0.000 0.002 0.942 0.006 0.001 0.006 0.005 0.010 0.000 0.000 0.000 0.002 0.004 0.014 0.001 0.001 0.014 0.001 0.001 
32 rake_vis 30 0.003 0.004 0.001 0.002 0.004 0.994 0.000 0.993 0.000 0.027 0.000 0.001 0.002 0.000 0.000 0.000 0.000 0.000 0.001 0.000 0.000 0.000 0.004 0.001 0.002 0.000 0.001 0.001 0.001 0.001 0.000 0.001 0.005 0.001 0.000 0.000 0.000 0.001 0.000 0.002 0.017 0.005 0.598 0.012 0.013 0.002 0.001 0.000 0.000 0.000 0.002 0.002 0.002 0.000 0.032 0.001 0.001 0.002 
33 shovel_vis 30 0.002 0.004 0.001 0.001 0.002 0.995 0.003 0.995 0.000 0.002 0.000 0.001 0.001 0.000 0.000 0.000 0.000 0.000 0.001 0.000 0.001 0.000 0.001 0.001 0.001 0.000 0.000 0.006 0.000 0.001 0.000 0.001 0.002 0.001 0.001 0.002 0.093 0.001 0.001 0.009 0.500 0.006 0.091 0.630 0.015 0.003 0.001 0.000 0.001 0.000 0.002 0.002 0.001 0.001 0.002 0.001 0.001 0.001 
34 spade_vis 30 0.002 0.003 0.001 0.002 0.003 0.993 0.000 0.994 0.000 0.088 0.000 0.001 0.002 0.000 0.001 0.000 0.001 0.000 0.001 0.002 0.000 0.000 0.174 0.001 0.001 0.000 0.000 0.006 0.000 0.001 0.000 0.001 0.005 0.001 0.001 0.000 0.000 0.001 0.001 0.001 0.004 0.181 0.024 0.024 0.840 0.001 0.003 0.000 0.000 0.000 0.001 0.004 0.138 0.001 0.014 0.001 0.001 0.002 
35 wrench_vis 30 0.003 0.001 0.001 0.010 0.003 0.995 0.000 0.973 0.029 0.001 0.000 0.000 0.023 0.001 0.000 0.002 0.001 0.003 0.002 0.000 0.004 0.000 0.001 0.006 0.016 0.000 0.001 0.001 0.001 0.003 0.001 0.002 0.006 0.001 0.001 0.000 0.000 0.002 0.001 0.000 0.001 0.019 0.011 0.092 0.001 0.983 0.002 0.000 0.075 0.022 0.000 0.030 0.000 0.001 0.000 0.003 0.001 0.001 
36 accordion_vis 30 0.003 0.018 0.001 0.004 0.003 0.991 0.000 0.001 0.993 0.002 0.000 0.010 0.002 0.001 0.000 0.002 0.001 0.001 0.001 0.000 0.000 0.000 0.000 0.008 0.002 0.000 0.001 0.000 0.004 0.002 0.002 0.001 0.000 0.000 0.005 0.000 0.001 0.001 0.002 0.000 0.001 0.001 0.001 0.000 0.001 0.010 0.968 0.024 0.003 0.055 0.026 0.002 0.000 0.004 0.011 0.004 0.001 0.000 
37 cello_vis 30 0.003 0.003 0.001 0.001 0.003 0.993 0.001 0.001 0.993 0.001 0.000 0.000 0.001 0.000 0.000 0.002 0.001 0.000 0.001 0.000 0.000 0.000 0.000 0.006 0.000 0.000 0.001 0.000 0.002 0.025 0.001 0.001 0.000 0.000 0.001 0.003 0.000 0.001 0.001 0.000 0.009 0.001 0.001 0.000 0.001 0.001 0.003 0.757 0.004 0.001 0.102 0.020 0.000 0.001 0.007 0.001 0.001 0.000 
38 flute_vis 30 0.003 0.002 0.001 0.002 0.002 0.995 0.005 0.001 0.976 0.002 0.000 0.002 0.001 0.001 0.000 0.017 0.001 0.004 0.001 0.000 0.004 0.000 0.000 0.051 0.001 0.001 0.001 0.000 0.002 0.002 0.007 0.001 0.000 0.000 0.002 0.001 0.040 0.001 0.001 0.001 0.001 0.001 0.001 0.000 0.001 0.038 0.071 0.003 0.350 0.636 0.004 0.001 0.000 0.006 0.001 0.002 0.002 0.000 
39 guitar_vis 30 0.003 0.011 0.001 0.005 0.003 0.993 0.001 0.001 0.994 0.003 0.000 0.005 0.003 0.001 0.000 0.003 0.001 0.001 0.001 0.000 0.001 0.000 0.000 0.011 0.002 0.000 0.001 0.000 0.004 0.002 0.002 0.001 0.000 0.000 0.002 0.001 0.001 0.001 0.003 0.000 0.001 0.001 0.001 0.000 0.001 0.014 0.978 0.006 0.004 0.437 0.013 0.002 0.000 0.048 0.005 0.003 0.001 0.000 
40 piano_vis 30 0.002 0.002 0.001 0.002 0.002 0.985 0.001 0.001 0.986 0.001 0.000 0.000 0.001 0.000 0.000 0.001 0.001 0.000 0.001 0.000 0.000 0.000 0.000 0.005 0.000 0.000 0.001 0.000 0.001 0.003 0.001 0.001 0.000 0.000 0.001 0.002 0.000 0.001 0.014 0.003 0.008 0.004 0.001 0.000 0.003 0.001 0.004 0.058 0.001 0.001 0.920 0.004 0.003 0.001 0.002 0.001 0.001 0.000 
41 trumpet_vis 30 0.002 0.003 0.001 0.002 0.003 0.995 0.000 0.008 0.987 0.001 0.000 0.000 0.001 0.000 0.000 0.001 0.000 0.000 0.001 0.000 0.000 0.000 0.000 0.004 0.001 0.000 0.000 0.000 0.002 0.024 0.001 0.001 0.000 0.000 0.000 0.001 0.000 0.001 0.001 0.000 0.009 0.004 0.002 0.001 0.004 0.022 0.004 0.596 0.001 0.001 0.003 0.510 0.000 0.000 0.003 0.001 0.001 0.000 
42 fork_vis 30 0.002 0.002 0.001 0.001 0.003 0.992 0.001 0.004 0.001 0.991 0.000 0.000 0.001 0.000 0.001 0.000 0.003 0.000 0.001 0.001 0.000 0.000 0.004 0.001 0.001 0.000 0.001 0.001 0.000 0.002 0.000 0.001 0.001 0.002 0.001 0.001 0.002 0.001 0.004 0.010 0.001 0.001 0.002 0.001 0.004 0.001 0.001 0.001 0.000 0.001 0.019 0.001 0.922 0.007 0.168 0.001 0.001 0.006 
43 spoon_vis 30 0.012 0.003 0.018 0.001 0.006 0.995 0.001 0.001 0.001 0.991 0.002 0.001 0.003 0.006 0.076 0.000 0.149 0.002 0.001 0.081 0.002 0.001 0.008 0.002 0.016 0.001 0.001 0.001 0.003 0.008 0.001 0.001 0.006 0.026 0.002 0.000 0.018 0.000 0.010 0.000 0.001 0.001 0.001 0.001 0.001 0.001 0.004 0.001 0.000 0.006 0.001 0.001 0.040 0.980 0.003 0.005 0.036 0.033 
44 tongs_vis 30 0.003 0.009 0.001 0.001 0.008 0.991 0.001 0.004 0.001 0.989 0.000 0.001 0.001 0.000 0.001 0.000 0.001 0.000 0.001 0.004 0.000 0.000 0.001 0.001 0.003 0.000 0.001 0.001 0.001 0.004 0.000 0.001 0.001 0.006 0.001 0.001 0.001 0.001 0.001 0.001 0.001 0.001 0.010 0.001 0.002 0.001 0.003 0.001 0.000 0.000 0.001 0.001 0.046 0.001 0.910 0.001 0.001 0.027 
45 ladle_vis 30 0.002 0.001 0.002 0.001 0.004 0.995 0.000 0.758 0.001 0.214 0.000 0.000 0.002 0.017 0.000 0.000 0.012 0.000 0.001 0.001 0.000 0.020 0.089 0.013 0.001 0.000 0.000 0.002 0.000 0.007 0.003 0.000 0.092 0.001 0.000 0.000 0.000 0.000 0.001 0.002 0.001 0.765 0.001 0.014 0.001 0.018 0.003 0.001 0.001 0.001 0.001 0.001 0.005 0.002 0.001 0.847 0.001 0.020 
46 knife_vis 30 0.488 0.001 0.158 0.001 0.446 0.990 0.001 0.001 0.001 0.507 0.002 0.000 0.001 0.001 0.027 0.000 0.009 0.001 0.001 0.003 0.012 0.008 0.001 0.001 0.003 0.000 0.005 0.001 0.022 0.006 0.001 0.001 0.126 0.276 0.001 0.000 0.003 0.001 0.001 0.001 0.001 0.001 0.001 0.001 0.001 0.001 0.001 0.001 0.001 0.004 0.000 0.001 0.007 0.088 0.002 0.004 0.596 0.009 
47 chopsticks_vis 30 0.178 0.009 0.001 0.014 0.075 0.037 0.001 0.002 0.001 0.131 0.001 0.001 0.001 0.001 0.002 0.000 0.005 0.000 0.001 0.008 0.001 0.001 0.166 0.001 0.002 0.000 0.005 0.001 0.004 0.010 0.001 0.001 0.002 0.016 0.001 0.001 0.000 0.001 0.001 0.002 0.001 0.001 0.002 0.001 0.001 0.001 0.001 0.001 0.000 0.001 0.001 0.001 0.035 0.002 0.015 0.001 0.001 0.008 
