0 beaver_vis 30 0.996 0.959 0.027 0.001 0.000 0.001 0.001 0.000 0.002 0.000 0.830 0.135 0.003 0.003 0.247 0.002 0.010 0.004 0.028 0.270 0.001 0.012 0.001 0.001 0.001 0.005 0.011 0.001 0.000 0.000 0.001 0.001 0.000 0.000 0.000 0.001 0.001 0.000 0.000 0.000 0.001 0.001 0.000 0.003 0.002 0.000 0.001 0.001 0.000 0.000 0.014 0.001 0.003 0.000 0.000 0.000 0.000 0.000 
1 bear_vis 30 0.996 0.968 0.006 0.002 0.000 0.001 0.000 0.000 0.002 0.000 0.827 0.064 0.003 0.002 0.200 0.002 0.003 0.012 0.166 0.100 0.001 0.006 0.001 0.000 0.001 0.010 0.025 0.001 0.000 0.000 0.001 0.000 0.000 0.000 0.000 0.001 0.001 0.000 0.000 0.000 0.001 0.001 0.000 0.003 0.002 0.000 0.001 0.001 0.000 0.000 0.018 0.001 0.003 0.000 0.000 0.000 0.000 0.000 
2 sheep_vis 30 0.996 0.941 0.010 0.002 0.000 0.001 0.001 0.000 0.003 0.000 0.968 0.006 0.011 0.008 0.009 0.001 0.012 0.004 0.021 0.078 0.001 0.006 0.000 0.000 0.001 0.015 0.004 0.001 0.000 0.000 0.000 0.000 0.000 0.000 0.000 0.001 0.000 0.000 0.000 0.000 0.001 0.001 0.000 0.009 0.000 0.000 0.001 0.002 0.000 0.000 0.002 0.001 0.015 0.000 0.000 0.000 0.000 0.000 
3 buffalo_vis 30 0.996 0.994 0.004 0.031 0.000 0.001 0.011 0.000 0.002 0.000 0.050 0.881 0.037 0.774 0.001 0.398 0.003 0.007 0.052 0.003 0.010 0.008 0.000 0.153 0.318 0.003 0.002 0.001 0.001 0.000 0.017 0.001 0.000 0.000 0.001 0.001 0.002 0.001 0.004 0.000 0.001 0.000 0.000 0.094 0.000 0.000 0.000 0.001 0.007 0.000 0.001 0.001 0.002 0.000 0.000 0.000 0.000 0.000 
4 poodle_vis 30 0.996 0.935 0.015 0.001 0.000 0.001 0.000 0.000 0.001 0.000 0.518 0.100 0.002 0.002 0.333 0.002 0.004 0.006 0.023 0.080 0.001 0.005 0.001 0.000 0.001 0.002 0.004 0.001 0.000 0.000 0.001 0.001 0.000 0.000 0.000 0.001 0.001 0.000 0.000 0.000 0.001 0.001 0.000 0.001 0.002 0.000 0.003 0.001 0.000 0.000 0.006 0.000 0.001 0.001 0.000 0.000 0.000 0.000 
5 giraffe_vis 30 0.996 0.993 0.005 0.023 0.000 0.001 0.001 0.000 0.002 0.000 0.051 0.878 0.030 0.076 0.002 0.065 0.002 0.001 0.019 0.009 0.002 0.002 0.000 0.002 0.035 0.018 0.018 0.001 0.000 0.000 0.001 0.001 0.000 0.000 0.000 0.001 0.001 0.000 0.001 0.000 0.001 0.000 0.000 0.004 0.001 0.000 0.001 0.001 0.002 0.000 0.009 0.000 0.001 0.000 0.000 0.000 0.000 0.000 
6 robin_vis 30 0.996 0.006 0.982 0.010 0.000 0.001 0.002 0.000 0.001 0.000 0.002 0.001 0.003 0.001 0.008 0.001 0.007 0.817 0.036 0.029 0.003 0.082 0.005 0.000 0.018 0.001 0.000 0.001 0.000 0.002 0.000 0.000 0.000 0.000 0.001 0.001 0.001 0.000 0.000 0.000 0.001 0.002 0.000 0.000 0.001 0.000 0.001 0.001 0.000 0.000 0.001 0.000 0.001 0.001 0.000 0.001 0.000 0.001 
7 swan_vis 30 0.996 0.010 0.986 0.021 0.000 0.001 0.093 0.000 0.001 0.000 0.005 0.001 0.003 0.002 0.028 0.001 0.008 0.983 0.031 0.047 0.002 0.032 0.013 0.000 0.014 0.001 0.000 0.001 0.000 0.002 0.000 0.000 0.000 0.000 0.013 0.001 0.046 0.000 0.000 0.000 0.001 0.002 0.000 0.000 0.001 0.000 0.001 0.001 0.000 0.000 0.001 0.000 0.002 0.052 0.000 0.001 0.000 0.001 
8 woodpecker_vis 30 0.995 0.006 0.992 0.148 0.000 0.001 0.003 0.004 0.002 0.000 0.018 0.001 0.010 0.001 0.004 0.001 0.024 0.132 0.027 0.281 0.063 0.937 0.003 0.001 0.366 0.005 0.000 0.004 0.000 0.001 0.000 0.000 0.000 0.000 0.001 0.001 0.007 0.002 0.000 0.000 0.001 0.090 0.001 0.001 0.038 0.000 0.001 0.001 0.000 0.000 0.002 0.001 0.003 0.000 0.000 0.020 0.000 0.000 
9 peacock_vis 30 0.996 0.007 0.991 0.106 0.000 0.001 0.001 0.000 0.004 0.000 0.044 0.012 0.004 0.001 0.021 0.001 0.018 0.132 0.045 0.975 0.002 0.015 0.014 0.000 0.015 0.064 0.000 0.001 0.000 0.000 0.000 0.000 0.000 0.000 0.004 0.001 0.003 0.000 0.000 0.001 0.001 0.004 0.000 0.001 0.008 0.000 0.064 0.001 0.001 0.000 0.026 0.000 0.003 0.002 0.000 0.000 0.000 0.000 
10 crow_vis 30 0.996 0.007 0.994 0.001 0.001 0.002 0.132 0.000 0.001 0.000 0.001 0.001 0.002 0.002 0.001 0.004 0.941 0.388 0.012 0.003 0.031 0.015 0.000 0.000 0.002 0.000 0.000 0.002 0.001 0.006 0.001 0.000 0.002 0.000 0.181 0.001 0.000 0.000 0.002 0.004 0.001 0.000 0.000 0.000 0.000 0.000 0.000 0.001 0.000 0.000 0.001 0.000 0.001 0.001 0.000 0.000 0.000 0.001 
11 eagle_vis 30 0.996 0.006 0.987 0.045 0.000 0.001 0.001 0.001 0.001 0.000 0.005 0.001 0.006 0.001 0.005 0.001 0.005 0.193 0.105 0.071 0.003 0.631 0.004 0.000 0.080 0.001 0.000 0.001 0.000 0.001 0.000 0.000 0.000 0.000 0.000 0.001 0.001 0.000 0.000 0.000 0.001 0.002 0.001 0.001 0.008 0.000 0.001 0.001 0.000 0.000 0.001 0.000 0.002 0.000 0.000 0.001 0.000 0.000 
12 tuna_vis 30 0.995 0.104 0.237 0.896 0.000 0.001 0.001 0.001 0.002 0.000 0.001 0.026 0.143 0.002 0.001 0.002 0.001 0.341 0.044 0.004 0.441 0.019 0.059 0.003 0.977 0.019 0.001 0.004 0.000 0.052 0.000 0.001 0.001 0.002 0.004 0.002 0.002 0.000 0.001 0.000 0.001 0.001 0.001 0.001 0.002 0.015 0.005 0.001 0.001 0.001 0.004 0.001 0.001 0.003 0.001 0.013 0.000 0.000 
13 goldfish_vis 30 0.995 0.043 0.001 0.954 0.001 0.001 0.000 0.002 0.002 0.000 0.004 0.005 0.119 0.002 0.001 0.000 0.000 0.000 0.000 0.002 0.001 0.001 0.008 0.017 0.001 0.015 0.693 0.004 0.001 0.000 0.001 0.001 0.000 0.001 0.000 0.001 0.000 0.000 0.000 0.000 0.002 0.000 0.001 0.001 0.001 0.235 0.000 0.003 0.000 0.000 0.003 0.001 0.001 0.000 0.000 0.001 0.000 0.000 
14 salmon_vis 30 0.995 0.983 0.004 0.121 0.000 0.001 0.001 0.000 0.003 0.000 0.018 0.845 0.264 0.061 0.001 0.039 0.001 0.006 0.092 0.006 0.003 0.001 0.001 0.001 0.212 0.086 0.040 0.001 0.000 0.000 0.001 0.000 0.000 0.000 0.000 0.001 0.001 0.000 0.004 0.000 0.001 0.000 0.001 0.003 0.001 0.000 0.001 0.002 0.001 0.000 0.010 0.001 0.001 0.000 0.000 0.000 0.000 0.000 
15 sardine_vis 30 0.995 0.978 0.002 0.107 0.000 0.001 0.001 0.000 0.003 0.000 0.039 0.119 0.893 0.130 0.001 0.004 0.001 0.003 0.031 0.004 0.002 0.001 0.002 0.001 0.054 0.139 0.027 0.001 0.000 0.000 0.000 0.000 0.000 0.001 0.000 0.001 0.000 0.000 0.002 0.000 0.001 0.000 0.001 0.001 0.001 0.005 0.002 0.003 0.000 0.000 0.005 0.001 0.002 0.000 0.000 0.000 0.000 0.000 
16 catfish_vis 30 0.995 0.986 0.002 0.112 0.000 0.001 0.000 0.000 0.002 0.000 0.032 0.664 0.831 0.023 0.001 0.005 0.000 0.002 0.068 0.004 0.001 0.001 0.002 0.001 0.060 0.244 0.259 0.001 0.000 0.000 0.001 0.000 0.000 0.000 0.000 0.001 0.001 0.000 0.002 0.000 0.001 0.000 0.002 0.001 0.001 0.002 0.001 0.002 0.000 0.000 0.013 0.001 0.001 0.000 0.000 0.000 0.000 0.000 
17 cod_vis 30 0.995 0.017 0.002 0.990 0.001 0.001 0.001 0.000 0.003 0.000 0.004 0.006 0.096 0.002 0.000 0.000 0.000 0.021 0.029 0.008 0.003 0.001 0.015 0.001 0.127 0.920 0.017 0.015 0.000 0.000 0.001 0.000 0.000 0.001 0.000 0.001 0.001 0.000 0.014 0.000 0.001 0.000 0.001 0.002 0.001 0.001 0.001 0.009 0.001 0.000 0.003 0.001 0.001 0.000 0.000 0.000 0.000 0.000 
18 turtle_vis 30 0.995 0.016 0.001 0.002 0.952 0.001 0.001 0.001 0.001 0.000 0.003 0.001 0.001 0.013 0.000 0.006 0.005 0.000 0.000 0.000 0.002 0.001 0.000 0.007 0.000 0.000 0.001 0.017 0.861 0.001 0.007 0.034 0.005 0.016 0.000 0.001 0.000 0.000 0.001 0.001 0.002 0.000 0.000 0.001 0.000 0.000 0.000 0.002 0.006 0.000 0.000 0.000 0.001 0.000 0.000 0.000 0.000 0.000 
19 rattlesnake_vis 30 0.990 0.003 0.005 0.003 0.982 0.002 0.001 0.001 0.002 0.001 0.000 0.001 0.001 0.001 0.005 0.004 0.002 0.000 0.002 0.001 0.003 0.001 0.011 0.001 0.001 0.000 0.000 0.000 0.001 0.950 0.001 0.178 0.033 0.136 0.048 0.002 0.001 0.001 0.001 0.001 0.001 0.001 0.001 0.000 0.000 0.000 0.000 0.001 0.002 0.029 0.001 0.000 0.001 0.001 0.001 0.001 0.004 0.002 
20 crab_vis 30 0.995 0.961 0.001 0.008 0.002 0.007 0.001 0.002 0.001 0.000 0.002 0.001 0.931 0.958 0.000 0.002 0.001 0.004 0.000 0.001 0.050 0.013 0.000 0.107 0.002 0.000 0.001 0.012 0.040 0.000 0.001 0.002 0.019 0.001 0.000 0.002 0.000 0.003 0.000 0.000 0.040 0.000 0.000 0.001 0.000 0.057 0.000 0.001 0.000 0.000 0.000 0.000 0.001 0.000 0.000 0.512 0.000 0.000 
21 frog_vis 30 0.995 0.003 0.001 0.001 0.985 0.001 0.001 0.000 0.001 0.001 0.000 0.000 0.001 0.001 0.001 0.001 0.001 0.000 0.000 0.000 0.002 0.000 0.001 0.001 0.000 0.000 0.000 0.001 0.027 0.071 0.001 0.826 0.022 0.003 0.004 0.001 0.000 0.000 0.000 0.000 0.001 0.000 0.000 0.000 0.000 0.000 0.000 0.001 0.004 0.213 0.000 0.000 0.000 0.000 0.000 0.000 0.001 0.001 
22 gecko_vis 30 0.995 0.786 0.002 0.001 0.013 0.002 0.001 0.001 0.001 0.001 0.001 0.000 0.148 0.121 0.000 0.042 0.003 0.000 0.002 0.000 0.045 0.008 0.000 0.001 0.001 0.000 0.000 0.001 0.093 0.000 0.001 0.001 0.003 0.026 0.000 0.004 0.000 0.001 0.001 0.000 0.007 0.000 0.001 0.001 0.000 0.001 0.000 0.001 0.000 0.000 0.000 0.000 0.001 0.000 0.001 0.001 0.000 0.001 
23 crocodile_vis 30 0.995 0.984 0.002 0.010 0.001 0.001 0.001 0.001 0.001 0.000 0.018 0.004 0.173 0.634 0.001 0.336 0.030 0.001 0.022 0.001 0.017 0.001 0.001 0.001 0.002 0.002 0.003 0.003 0.106 0.000 0.001 0.001 0.000 0.000 0.000 0.001 0.000 0.000 0.005 0.000 0.001 0.000 0.001 0.001 0.000 0.001 0.001 0.001 0.001 0.000 0.001 0.001 0.001 0.000 0.000 0.001 0.000 0.000 
24 axe_vis 30 0.015 0.001 0.011 0.000 0.000 0.993 0.953 0.001 0.002 0.001 0.000 0.000 0.001 0.001 0.000 0.002 0.003 0.001 0.003 0.001 0.002 0.000 0.000 0.000 0.001 0.000 0.000 0.000 0.000 0.000 0.000 0.000 0.001 0.000 0.959 0.003 0.001 0.002 0.089 0.002 0.001 0.000 0.001 0.001 0.001 0.000 0.001 0.001 0.009 0.000 0.001 0.000 0.001 0.004 0.000 0.000 0.028 0.001 
25 hammer_vis 30 0.011 0.001 0.018 0.000 0.000 0.993 0.956 0.001 0.001 0.002 0.000 0.000 0.002 0.000 0.000 0.001 0.035 0.001 0.003 0.001 0.001 0.001 0.000 0.000 0.001 0.000 0.000 0.000 0.000 0.000 0.000 0.000 0.000 0.000 0.001 0.763 0.000 0.018 0.147 0.007 0.045 0.000 0.002 0.001 0.001 0.000 0.000 0.001 0.000 0.000 0.001 0.000 0.003 0.000 0.001 0.001 0.000 0.001 
26 screwdriver_vis 30 0.010 0.001 0.005 0.000 0.001 0.988 0.892 0.001 0.001 0.001 0.000 0.000 0.001 0.001 0.000 0.001 0.002 0.001 0.001 0.001 0.001 0.000 0.000 0.000 0.001 0.000 0.000 0.000 0.000 0.000 0.000 0.000 0.001 0.000 0.846 0.005 0.004 0.004 0.022 0.003 0.001 0.000 0.001 0.001 0.001 0.000 0.000 0.001 0.002 0.000 0.001 0.000 0.001 0.003 0.001 0.000 0.040 0.001 
27 chisel_vis 30 0.003 0.001 0.005 0.000 0.000 0.995 0.938 0.001 0.001 0.002 0.000 0.000 0.001 0.001 0.000 0.001 0.004 0.000 0.000 0.001 0.001 0.001 0.000 0.000 0.001 0.000 0.000 0.000 0.000 0.000 0.000 0.000 0.001 0.000 0.001 0.212 0.001 0.135 0.092 0.002 0.004 0.000 0.001 0.001 0.001 0.000 0.000 0.001 0.001 0.000 0.001 0.000 0.002 0.000 0.001 0.001 0.001 0.001 
28 saw_vis 30 0.029 0.002 0.046 0.000 0.000 0.992 0.966 0.001 0.001 0.002 0.000 0.000 0.013 0.001 0.000 0.002 0.044 0.005 0.032 0.001 0.026 0.001 0.000 0.000 0.001 0.000 0.000 0.000 0.000 0.000 0.000 0.000 0.001 0.000 0.008 0.036 0.000 0.050 0.922 0.001 0.001 0.000 0.001 0.001 0.001 0.000 0.000 0.001 0.001 0.000 0.001 0.000 0.002 0.000 0.000 0.001 0.004 0.001 
29 drill_vis 30 0.007 0.002 0.010 0.000 0.000 0.990 0.955 0.001 0.002 0.001 0.000 0.000 0.004 0.001 0.000 0.001 0.011 0.004 0.012 0.001 0.002 0.000 0.000 0.000 0.001 0.000 0.000 0.000 0.000 0.000 0.000 0.000 0.001 0.000 0.012 0.026 0.001 0.038 0.890 0.005 0.002 0.000 0.001 0.001 0.001 0.001 0.000 0.001 0.001 0.000 0.002 0.000 0.003 0.000 0.000 0.001 0.000 0.001 
30 clamp_vis 30 0.001 0.001 0.001 0.002 0.001 0.995 0.002 0.993 0.003 0.001 0.010 0.000 0.004 0.000 0.000 0.001 0.003 0.000 0.000 0.001 0.003 0.003 0.001 0.000 0.001 0.000 0.002 0.138 0.000 0.000 0.002 0.001 0.000 0.000 0.000 0.002 0.000 0.019 0.000 0.001 0.409 0.044 0.008 0.335 0.003 0.016 0.005 0.003 0.007 0.000 0.001 0.001 0.003 0.000 0.001 0.002 0.002 0.001 
31 hoe_vis 30 0.002 0.001 0.001 0.010 0.000 0.995 0.001 0.992 0.004 0.002 0.001 0.001 0.001 0.000 0.002 0.000 0.000 0.000 0.000 0.001 0.005 0.000 0.013 0.000 0.000 0.000 0.001 0.176 0.000 0.000 0.000 0.013 0.000 0.000 0.000 0.001 0.003 0.017 0.000 0.000 0.004 0.932 0.001 0.063 0.050 0.181 0.142 0.000 0.046 0.001 0.001 0.001 0.001 0.001 0.004 0.019 0.013 0.001 
32 rake_vis 30 0.002 0.001 0.003 0.001 0.003 0.992 0.001 0.986 0.001 0.003 0.002 0.000 0.003 0.000 0.001 0.004 0.002 0.000 0.013 0.001 0.002 0.039 0.001 0.000 0.001 0.000 0.011 0.002 0.000 0.001 0.013 0.001 0.000 0.004 0.000 0.002 0.001 0.007 0.001 0.002 0.055 0.001 0.522 0.003 0.050 0.003 0.001 0.002 0.001 0.000 0.002 0.001 0.001 0.000 0.006 0.002 0.001 0.003 
33 shovel_vis 30 0.001 0.001 0.001 0.002 0.000 0.995 0.001 0.987 0.005 0.001 0.008 0.001 0.003 0.000 0.000 0.001 0.000 0.000 0.000 0.001 0.002 0.001 0.001 0.000 0.000 0.000 0.008 0.026 0.000 0.000 0.001 0.005 0.000 0.000 0.000 0.001 0.001 0.042 0.000 0.000 0.030 0.053 0.003 0.475 0.003 0.068 0.001 0.000 0.033 0.000 0.001 0.005 0.004 0.000 0.003 0.002 0.050 0.001 
34 spade_vis 30 0.005 0.001 0.001 0.009 0.000 0.994 0.001 0.992 0.001 0.005 0.002 0.004 0.002 0.000 0.036 0.000 0.000 0.000 0.000 0.004 0.001 0.002 0.036 0.000 0.001 0.000 0.010 0.030 0.000 0.001 0.000 0.007 0.000 0.000 0.000 0.001 0.036 0.020 0.000 0.000 0.004 0.874 0.019 0.043 0.573 0.011 0.052 0.001 0.004 0.000 0.007 0.001 0.001 0.001 0.007 0.020 0.008 0.001 
35 wrench_vis 30 0.001 0.001 0.001 0.002 0.001 0.995 0.001 0.948 0.007 0.003 0.001 0.000 0.006 0.000 0.000 0.000 0.000 0.000 0.000 0.001 0.015 0.000 0.004 0.000 0.000 0.000 0.001 0.006 0.000 0.001 0.000 0.004 0.000 0.000 0.000 0.001 0.001 0.002 0.000 0.000 0.001 0.032 0.002 0.005 0.002 0.928 0.008 0.001 0.019 0.004 0.001 0.006 0.001 0.000 0.013 0.004 0.061 0.001 
36 accordion_vis 30 0.007 0.002 0.006 0.001 0.024 0.994 0.002 0.002 0.980 0.001 0.001 0.002 0.001 0.001 0.001 0.148 0.009 0.000 0.005 0.001 0.055 0.000 0.001 0.000 0.000 0.001 0.000 0.006 0.000 0.043 0.000 0.047 0.000 0.000 0.052 0.001 0.000 0.000 0.001 0.001 0.004 0.001 0.000 0.000 0.001 0.001 0.437 0.007 0.059 0.011 0.003 0.001 0.001 0.005 0.000 0.001 0.103 0.001 
37 cello_vis 30 0.001 0.003 0.001 0.000 0.225 0.994 0.001 0.003 0.990 0.001 0.014 0.000 0.019 0.001 0.000 0.014 0.020 0.000 0.068 0.001 0.003 0.000 0.001 0.000 0.000 0.052 0.002 0.002 0.108 0.000 0.000 0.002 0.001 0.003 0.001 0.014 0.000 0.000 0.024 0.002 0.107 0.000 0.006 0.001 0.001 0.003 0.062 0.973 0.004 0.003 0.006 0.044 0.008 0.000 0.001 0.001 0.000 0.001 
38 flute_vis 30 0.006 0.001 0.001 0.001 0.000 0.994 0.403 0.001 0.213 0.001 0.001 0.001 0.002 0.001 0.000 0.001 0.001 0.001 0.000 0.001 0.001 0.000 0.001 0.000 0.000 0.001 0.000 0.000 0.000 0.000 0.000 0.001 0.000 0.000 0.019 0.002 0.043 0.001 0.001 0.002 0.002 0.001 0.001 0.001 0.001 0.000 0.006 0.005 0.233 0.001 0.002 0.001 0.001 0.031 0.000 0.001 0.034 0.001 
39 guitar_vis 30 0.002 0.001 0.001 0.001 0.014 0.995 0.001 0.001 0.993 0.003 0.001 0.001 0.001 0.000 0.006 0.001 0.003 0.000 0.000 0.001 0.003 0.000 0.009 0.000 0.000 0.002 0.001 0.001 0.001 0.032 0.000 0.023 0.001 0.000 0.002 0.001 0.000 0.000 0.000 0.000 0.002 0.004 0.000 0.000 0.001 0.027 0.115 0.031 0.017 0.896 0.004 0.010 0.001 0.002 0.001 0.001 0.058 0.001 
40 piano_vis 30 0.012 0.004 0.008 0.001 0.151 0.345 0.002 0.002 0.452 0.006 0.001 0.003 0.005 0.001 0.009 0.077 0.004 0.000 0.148 0.002 0.005 0.000 0.013 0.000 0.001 0.005 0.002 0.000 0.001 0.320 0.001 0.016 0.001 0.006 0.174 0.003 0.001 0.000 0.008 0.003 0.002 0.001 0.005 0.001 0.003 0.002 0.033 0.045 0.006 0.008 0.173 0.002 0.002 0.002 0.001 0.001 0.035 0.027 
41 trumpet_vis 30 0.001 0.001 0.001 0.001 0.013 0.995 0.001 0.003 0.992 0.003 0.028 0.000 0.004 0.001 0.001 0.001 0.005 0.000 0.002 0.002 0.001 0.000 0.001 0.000 0.000 0.031 0.003 0.001 0.015 0.000 0.000 0.000 0.000 0.001 0.000 0.002 0.000 0.000 0.000 0.002 0.001 0.001 0.002 0.036 0.001 0.052 0.002 0.021 0.014 0.071 0.007 0.950 0.021 0.000 0.005 0.001 0.005 0.001 
42 fork_vis 30 0.003 0.001 0.010 0.000 0.001 0.995 0.001 0.002 0.982 0.004 0.008 0.000 0.001 0.001 0.010 0.004 0.012 0.001 0.001 0.006 0.002 0.000 0.005 0.000 0.000 0.002 0.001 0.001 0.000 0.002 0.000 0.002 0.000 0.000 0.000 0.001 0.001 0.000 0.000 0.000 0.001 0.016 0.000 0.001 0.001 0.007 0.537 0.001 0.004 0.074 0.006 0.006 0.007 0.004 0.001 0.001 0.006 0.001 
43 spoon_vis 30 0.004 0.001 0.001 0.000 0.009 0.995 0.003 0.000 0.013 0.917 0.000 0.000 0.000 0.001 0.003 0.000 0.001 0.001 0.000 0.000 0.001 0.000 0.006 0.000 0.000 0.000 0.000 0.001 0.000 0.001 0.000 0.052 0.026 0.000 0.082 0.001 0.005 0.001 0.000 0.000 0.001 0.002 0.000 0.000 0.000 0.001 0.003 0.000 0.001 0.009 0.000 0.000 0.012 0.567 0.001 0.008 0.141 0.003 
44 tongs_vis 30 0.001 0.001 0.001 0.000 0.001 0.995 0.002 0.008 0.001 0.991 0.001 0.000 0.001 0.001 0.000 0.000 0.009 0.001 0.000 0.000 0.001 0.003 0.001 0.000 0.000 0.000 0.000 0.001 0.001 0.000 0.000 0.000 0.014 0.000 0.000 0.050 0.001 0.014 0.000 0.001 0.003 0.001 0.008 0.020 0.001 0.002 0.000 0.001 0.001 0.001 0.001 0.005 0.076 0.000 0.941 0.005 0.044 0.005 
45 ladle_vis 30 0.002 0.001 0.001 0.000 0.000 0.995 0.002 0.042 0.002 0.985 0.000 0.000 0.001 0.000 0.003 0.000 0.001 0.010 0.000 0.000 0.001 0.001 0.027 0.000 0.000 0.000 0.000 0.008 0.000 0.000 0.000 0.001 0.005 0.000 0.000 0.001 0.016 0.088 0.000 0.000 0.001 0.078 0.000 0.000 0.001 0.016 0.001 0.000 0.001 0.007 0.000 0.001 0.026 0.043 0.009 0.948 0.086 0.001 
46 knife_vis 30 0.002 0.001 0.001 0.000 0.002 0.995 0.001 0.000 0.004 0.990 0.000 0.000 0.000 0.001 0.005 0.000 0.002 0.000 0.000 0.000 0.001 0.000 0.001 0.000 0.000 0.000 0.000 0.000 0.000 0.000 0.000 0.006 0.006 0.000 0.001 0.001 0.001 0.001 0.000 0.000 0.001 0.001 0.000 0.000 0.000 0.002 0.000 0.000 0.001 0.020 0.000 0.001 0.002 0.031 0.002 0.004 0.905 0.006 
47 chopsticks_vis 30 0.002 0.004 0.001 0.000 0.011 0.995 0.001 0.001 0.005 0.975 0.000 0.000 0.001 0.001 0.002 0.001 0.003 0.000 0.000 0.000 0.001 0.000 0.001 0.000 0.000 0.000 0.003 0.000 0.001 0.000 0.000 0.002 0.009 0.000 0.001 0.001 0.001 0.001 0.001 0.000 0.001 0.002 0.000 0.000 0.000 0.001 0.001 0.001 0.001 0.006 0.001 0.002 0.008 0.006 0.003 0.002 0.206 0.055 
