0 beaver_vis 30 0.995 0.006 0.972 0.044 0.001 0.003 0.001 0.001 0.003 0.007 0.001 0.001 0.000 0.001 0.015 0.016 0.536 0.000 0.026 0.034 0.006 0.001 0.106 0.002 0.000 0.025 0.000 0.000 0.000 0.008 0.000 0.000 0.001 0.003 0.000 0.001 0.000 0.001 0.000 0.001 0.001 0.000 0.000 0.000 0.001 0.003 0.003 0.000 0.000 0.007 0.007 0.001 0.035 0.006 0.002 0.034 0.000 0.002 
1 bear_vis 30 0.743 0.214 0.006 0.001 0.001 0.908 0.031 0.001 0.001 0.206 0.001 0.057 0.000 0.043 0.001 0.050 0.001 0.001 0.002 0.001 0.002 0.000 0.001 0.000 0.000 0.000 0.000 0.000 0.002 0.021 0.000 0.001 0.001 0.000 0.001 0.001 0.003 0.004 0.003 0.002 0.001 0.000 0.000 0.000 0.000 0.001 0.001 0.001 0.000 0.012 0.001 0.001 0.003 0.034 0.028 0.005 0.006 0.004 
2 sheep_vis 30 0.994 0.065 0.027 0.001 0.110 0.003 0.001 0.001 0.001 0.008 0.000 0.002 0.001 0.000 0.009 0.019 0.016 0.000 0.001 0.000 0.010 0.000 0.014 0.000 0.000 0.000 0.000 0.000 0.000 0.023 0.001 0.000 0.002 0.611 0.000 0.001 0.000 0.000 0.004 0.000 0.003 0.000 0.000 0.000 0.001 0.025 0.002 0.000 0.000 0.001 0.003 0.001 0.279 0.008 0.002 0.005 0.000 0.002 
3 buffalo_vis 30 0.892 0.625 0.025 0.001 0.012 0.697 0.905 0.001 0.001 0.627 0.005 0.061 0.000 0.087 0.001 0.126 0.002 0.000 0.001 0.006 0.204 0.000 0.001 0.000 0.000 0.000 0.000 0.000 0.001 0.183 0.005 0.001 0.006 0.000 0.010 0.457 0.066 0.013 0.004 0.001 0.001 0.000 0.003 0.000 0.000 0.001 0.001 0.001 0.000 0.170 0.002 0.001 0.003 0.014 0.891 0.005 0.001 0.043 
4 poodle_vis 30 0.977 0.511 0.036 0.001 0.007 0.701 0.824 0.001 0.001 0.050 0.001 0.015 0.000 0.037 0.001 0.311 0.001 0.000 0.001 0.002 0.146 0.000 0.001 0.000 0.000 0.000 0.000 0.000 0.001 0.143 0.000 0.000 0.001 0.000 0.001 0.005 0.521 0.012 0.008 0.001 0.001 0.000 0.000 0.000 0.000 0.001 0.001 0.000 0.000 0.146 0.022 0.001 0.002 0.008 0.511 0.008 0.004 0.007 
5 giraffe_vis 30 0.963 0.761 0.029 0.001 0.009 0.423 0.776 0.001 0.001 0.289 0.001 0.311 0.001 0.049 0.001 0.108 0.003 0.001 0.001 0.008 0.040 0.000 0.001 0.000 0.000 0.000 0.000 0.000 0.002 0.173 0.000 0.001 0.002 0.000 0.001 0.011 0.040 0.006 0.008 0.006 0.001 0.000 0.000 0.000 0.000 0.001 0.001 0.000 0.000 0.027 0.006 0.001 0.010 0.040 0.343 0.004 0.003 0.008 
6 robin_vis 30 0.807 0.092 0.058 0.001 0.005 0.871 0.000 0.038 0.001 0.174 0.000 0.206 0.007 0.000 0.009 0.005 0.097 0.000 0.001 0.003 0.095 0.000 0.008 0.000 0.000 0.000 0.000 0.000 0.000 0.264 0.001 0.000 0.001 0.919 0.000 0.001 0.000 0.000 0.001 0.000 0.130 0.000 0.000 0.000 0.004 0.790 0.002 0.000 0.000 0.001 0.001 0.001 0.906 0.093 0.004 0.035 0.000 0.002 
7 swan_vis 30 0.010 0.011 0.012 0.001 0.001 0.995 0.001 0.083 0.001 0.842 0.003 0.002 0.002 0.000 0.000 0.001 0.001 0.003 0.001 0.001 0.114 0.000 0.002 0.000 0.000 0.000 0.000 0.000 0.000 0.011 0.001 0.000 0.000 0.010 0.000 0.001 0.000 0.009 0.076 0.001 0.871 0.000 0.001 0.001 0.004 0.079 0.001 0.000 0.000 0.000 0.000 0.001 0.083 0.002 0.018 0.298 0.000 0.261 
8 woodpecker_vis 30 0.351 0.002 0.523 0.001 0.001 0.961 0.001 0.017 0.001 0.113 0.001 0.001 0.001 0.000 0.001 0.010 0.091 0.458 0.001 0.007 0.090 0.006 0.215 0.000 0.000 0.000 0.001 0.000 0.000 0.003 0.001 0.000 0.001 0.068 0.000 0.001 0.000 0.001 0.000 0.001 0.047 0.000 0.000 0.000 0.076 0.044 0.002 0.001 0.000 0.001 0.001 0.001 0.498 0.003 0.002 0.769 0.000 0.002 
9 peacock_vis 30 0.010 0.002 0.334 0.001 0.001 0.994 0.001 0.399 0.001 0.891 0.001 0.001 0.001 0.000 0.000 0.001 0.034 0.280 0.001 0.007 0.674 0.005 0.089 0.000 0.000 0.000 0.000 0.000 0.000 0.008 0.000 0.000 0.001 0.448 0.000 0.001 0.000 0.010 0.000 0.001 0.223 0.000 0.000 0.001 0.173 0.377 0.001 0.001 0.000 0.001 0.000 0.004 0.916 0.002 0.004 0.540 0.000 0.021 
10 crow_vis 30 0.011 0.058 0.006 0.001 0.001 0.995 0.001 0.226 0.001 0.837 0.084 0.009 0.000 0.001 0.000 0.001 0.000 0.002 0.001 0.001 0.421 0.000 0.001 0.000 0.000 0.000 0.000 0.000 0.001 0.013 0.001 0.000 0.001 0.002 0.000 0.001 0.000 0.012 0.007 0.001 0.935 0.000 0.001 0.001 0.002 0.053 0.001 0.000 0.000 0.001 0.000 0.001 0.035 0.001 0.306 0.108 0.000 0.060 
11 eagle_vis 30 0.009 0.003 0.099 0.001 0.001 0.995 0.001 0.416 0.001 0.910 0.001 0.002 0.009 0.000 0.001 0.001 0.011 0.069 0.001 0.002 0.584 0.002 0.026 0.000 0.000 0.000 0.000 0.000 0.000 0.016 0.000 0.000 0.000 0.513 0.000 0.001 0.000 0.008 0.000 0.001 0.491 0.000 0.000 0.001 0.024 0.762 0.001 0.000 0.000 0.001 0.000 0.005 0.910 0.003 0.004 0.279 0.000 0.074 
12 tuna_vis 30 0.990 0.002 0.970 0.032 0.002 0.016 0.001 0.006 0.002 0.023 0.023 0.000 0.001 0.000 0.001 0.454 0.027 0.059 0.001 0.002 0.925 0.004 0.557 0.001 0.001 0.000 0.017 0.000 0.000 0.002 0.001 0.000 0.001 0.007 0.001 0.001 0.001 0.002 0.000 0.002 0.101 0.001 0.000 0.006 0.133 0.009 0.002 0.001 0.000 0.003 0.001 0.001 0.324 0.001 0.053 0.876 0.001 0.007 
13 goldfish_vis 30 0.100 0.044 0.007 0.001 0.003 0.978 0.017 0.001 0.002 0.776 0.001 0.001 0.003 0.012 0.001 0.014 0.001 0.007 0.001 0.000 0.002 0.000 0.003 0.000 0.000 0.000 0.000 0.001 0.007 0.005 0.001 0.000 0.003 0.001 0.003 0.001 0.001 0.001 0.004 0.017 0.000 0.001 0.000 0.000 0.001 0.001 0.002 0.001 0.000 0.006 0.001 0.001 0.010 0.034 0.011 0.007 0.447 0.003 
14 salmon_vis 30 0.187 0.016 0.072 0.001 0.002 0.940 0.001 0.044 0.001 0.650 0.002 0.007 0.006 0.000 0.002 0.008 0.008 0.006 0.001 0.001 0.544 0.001 0.023 0.000 0.000 0.000 0.000 0.000 0.001 0.013 0.001 0.000 0.001 0.569 0.000 0.001 0.000 0.001 0.001 0.001 0.174 0.000 0.000 0.000 0.028 0.239 0.001 0.001 0.000 0.001 0.001 0.001 0.876 0.002 0.009 0.139 0.001 0.009 
15 sardine_vis 30 0.993 0.015 0.799 0.001 0.006 0.028 0.001 0.001 0.002 0.009 0.000 0.002 0.001 0.000 0.006 0.078 0.490 0.001 0.001 0.002 0.031 0.000 0.249 0.001 0.000 0.000 0.000 0.000 0.000 0.014 0.001 0.000 0.002 0.373 0.000 0.001 0.000 0.000 0.001 0.001 0.005 0.000 0.000 0.000 0.005 0.031 0.002 0.001 0.000 0.001 0.005 0.001 0.492 0.007 0.003 0.478 0.000 0.002 
16 catfish_vis 30 0.039 0.043 0.005 0.001 0.002 0.986 0.047 0.001 0.001 0.960 0.001 0.003 0.017 0.001 0.001 0.000 0.001 0.003 0.000 0.000 0.142 0.000 0.001 0.000 0.000 0.000 0.000 0.000 0.001 0.006 0.003 0.000 0.001 0.019 0.000 0.001 0.000 0.001 0.052 0.018 0.007 0.000 0.000 0.000 0.001 0.008 0.001 0.001 0.000 0.001 0.001 0.001 0.184 0.003 0.013 0.010 0.005 0.261 
17 cod_vis 30 0.992 0.084 0.363 0.001 0.007 0.005 0.002 0.001 0.002 0.016 0.003 0.073 0.000 0.001 0.001 0.025 0.005 0.000 0.001 0.023 0.297 0.000 0.004 0.000 0.000 0.000 0.000 0.001 0.000 0.029 0.001 0.000 0.002 0.086 0.001 0.001 0.001 0.001 0.001 0.001 0.042 0.000 0.001 0.000 0.003 0.068 0.008 0.001 0.000 0.003 0.001 0.001 0.084 0.001 0.128 0.002 0.001 0.006 
18 turtle_vis 30 0.305 0.049 0.017 0.001 0.005 0.980 0.574 0.001 0.001 0.949 0.001 0.002 0.031 0.001 0.001 0.000 0.001 0.003 0.000 0.000 0.230 0.001 0.002 0.000 0.000 0.000 0.000 0.000 0.001 0.002 0.026 0.000 0.001 0.122 0.000 0.001 0.001 0.000 0.018 0.781 0.002 0.001 0.000 0.000 0.001 0.007 0.001 0.001 0.000 0.001 0.002 0.001 0.622 0.002 0.053 0.002 0.128 0.032 
19 rattlesnake_vis 30 0.050 0.122 0.004 0.001 0.004 0.982 0.027 0.160 0.001 0.897 0.065 0.010 0.002 0.001 0.000 0.001 0.000 0.002 0.000 0.000 0.597 0.000 0.001 0.000 0.000 0.000 0.000 0.000 0.001 0.033 0.002 0.000 0.001 0.002 0.000 0.001 0.001 0.023 0.013 0.001 0.817 0.000 0.001 0.000 0.001 0.058 0.001 0.001 0.000 0.001 0.001 0.001 0.045 0.002 0.463 0.046 0.001 0.149 
20 crab_vis 30 0.989 0.908 0.016 0.001 0.013 0.003 0.001 0.001 0.002 0.025 0.001 0.408 0.481 0.001 0.010 0.001 0.009 0.000 0.001 0.000 0.005 0.001 0.004 0.000 0.000 0.000 0.000 0.001 0.001 0.005 0.003 0.002 0.003 0.476 0.000 0.001 0.000 0.000 0.026 0.002 0.001 0.001 0.000 0.000 0.001 0.036 0.001 0.001 0.000 0.001 0.015 0.001 0.105 0.014 0.002 0.001 0.009 0.018 
21 frog_vis 30 0.241 0.078 0.033 0.001 0.007 0.968 0.001 0.396 0.001 0.743 0.001 0.042 0.012 0.000 0.003 0.001 0.027 0.002 0.001 0.001 0.505 0.000 0.004 0.000 0.000 0.000 0.000 0.000 0.001 0.265 0.001 0.000 0.001 0.719 0.000 0.001 0.000 0.001 0.001 0.001 0.626 0.000 0.000 0.000 0.003 0.942 0.001 0.001 0.000 0.001 0.001 0.002 0.911 0.042 0.003 0.013 0.000 0.072 
22 gecko_vis 30 0.988 0.053 0.128 0.001 0.008 0.003 0.001 0.001 0.004 0.019 0.001 0.016 0.003 0.002 0.014 0.003 0.075 0.000 0.006 0.028 0.005 0.001 0.014 0.001 0.001 0.116 0.000 0.001 0.000 0.006 0.002 0.004 0.006 0.005 0.001 0.002 0.000 0.001 0.001 0.002 0.001 0.001 0.000 0.000 0.001 0.003 0.003 0.002 0.000 0.006 0.009 0.001 0.021 0.007 0.003 0.002 0.005 0.013 
23 crocodile_vis 30 0.027 0.030 0.005 0.001 0.003 0.985 0.002 0.053 0.001 0.962 0.001 0.002 0.010 0.000 0.001 0.000 0.001 0.001 0.000 0.000 0.101 0.001 0.001 0.000 0.000 0.000 0.000 0.000 0.001 0.008 0.002 0.000 0.001 0.038 0.000 0.001 0.000 0.002 0.042 0.002 0.425 0.000 0.000 0.000 0.001 0.077 0.001 0.001 0.000 0.001 0.001 0.001 0.269 0.003 0.013 0.085 0.001 0.300 
24 axe_vis 30 0.071 0.003 0.001 0.002 0.005 0.992 0.238 0.003 0.030 0.001 0.001 0.006 0.000 0.001 0.000 0.001 0.000 0.004 0.001 0.000 0.003 0.000 0.001 0.000 0.001 0.000 0.000 0.002 0.007 0.002 0.004 0.000 0.001 0.001 0.001 0.043 0.179 0.009 0.001 0.003 0.000 0.001 0.009 0.004 0.001 0.001 0.001 0.014 0.006 0.002 0.002 0.004 0.001 0.000 0.003 0.000 0.003 0.002 
25 hammer_vis 30 0.003 0.001 0.001 0.001 0.005 0.996 0.058 0.944 0.001 0.035 0.001 0.001 0.000 0.001 0.000 0.001 0.000 0.000 0.000 0.000 0.053 0.000 0.001 0.000 0.000 0.000 0.000 0.001 0.030 0.018 0.003 0.000 0.001 0.042 0.000 0.002 0.005 0.005 0.013 0.002 0.893 0.003 0.028 0.005 0.003 0.008 0.001 0.001 0.000 0.000 0.001 0.001 0.012 0.000 0.067 0.002 0.000 0.006 
26 screwdriver_vis 30 0.513 0.057 0.001 0.002 0.005 0.991 0.250 0.002 0.005 0.001 0.001 0.042 0.001 0.002 0.000 0.001 0.000 0.002 0.000 0.001 0.006 0.000 0.001 0.000 0.001 0.000 0.001 0.001 0.018 0.034 0.005 0.001 0.001 0.001 0.001 0.009 0.217 0.025 0.002 0.004 0.000 0.001 0.003 0.002 0.001 0.002 0.001 0.015 0.002 0.001 0.005 0.002 0.001 0.000 0.003 0.000 0.005 0.005 
27 chisel_vis 30 0.003 0.001 0.001 0.001 0.002 0.995 0.039 0.899 0.001 0.044 0.002 0.001 0.000 0.001 0.000 0.001 0.000 0.000 0.000 0.000 0.109 0.000 0.001 0.000 0.000 0.000 0.001 0.001 0.025 0.006 0.002 0.000 0.001 0.001 0.000 0.004 0.010 0.004 0.001 0.001 0.747 0.001 0.040 0.025 0.004 0.005 0.001 0.001 0.000 0.000 0.001 0.001 0.002 0.000 0.272 0.001 0.000 0.002 
28 saw_vis 30 0.009 0.001 0.001 0.001 0.026 0.992 0.975 0.002 0.003 0.002 0.001 0.001 0.001 0.001 0.000 0.000 0.000 0.000 0.000 0.001 0.008 0.000 0.001 0.000 0.001 0.000 0.000 0.001 0.015 0.298 0.018 0.000 0.002 0.005 0.001 0.137 0.326 0.089 0.129 0.024 0.000 0.002 0.018 0.002 0.001 0.007 0.001 0.006 0.001 0.001 0.126 0.001 0.001 0.000 0.002 0.000 0.009 0.020 
29 drill_vis 30 0.006 0.001 0.001 0.001 0.025 0.991 0.645 0.001 0.003 0.006 0.000 0.000 0.016 0.001 0.000 0.000 0.000 0.000 0.000 0.000 0.001 0.000 0.001 0.000 0.001 0.000 0.000 0.001 0.172 0.001 0.054 0.001 0.002 0.007 0.000 0.004 0.005 0.000 0.008 0.447 0.000 0.026 0.001 0.000 0.001 0.001 0.001 0.007 0.000 0.000 0.124 0.001 0.006 0.000 0.001 0.000 0.309 0.002 
30 clamp_vis 30 0.003 0.002 0.001 0.001 0.003 0.996 0.002 0.719 0.001 0.051 0.001 0.001 0.003 0.001 0.000 0.000 0.000 0.000 0.000 0.000 0.002 0.000 0.001 0.000 0.001 0.000 0.000 0.001 0.006 0.002 0.004 0.001 0.001 0.002 0.000 0.002 0.003 0.000 0.003 0.001 0.034 0.006 0.725 0.005 0.007 0.257 0.001 0.001 0.000 0.001 0.001 0.001 0.002 0.000 0.044 0.017 0.002 0.012 
31 hoe_vis 30 0.003 0.017 0.001 0.002 0.003 0.995 0.001 0.770 0.002 0.008 0.001 0.002 0.006 0.006 0.000 0.000 0.000 0.000 0.001 0.000 0.001 0.001 0.001 0.000 0.001 0.000 0.000 0.007 0.003 0.001 0.006 0.003 0.001 0.001 0.000 0.009 0.005 0.000 0.001 0.001 0.003 0.031 0.858 0.024 0.026 0.189 0.001 0.003 0.002 0.001 0.001 0.001 0.001 0.000 0.044 0.008 0.002 0.002 
32 rake_vis 30 0.005 0.119 0.001 0.001 0.006 0.996 0.001 0.604 0.001 0.003 0.002 0.028 0.005 0.002 0.000 0.000 0.000 0.050 0.000 0.000 0.003 0.000 0.001 0.000 0.001 0.000 0.000 0.001 0.019 0.002 0.004 0.001 0.001 0.005 0.000 0.002 0.002 0.000 0.011 0.001 0.047 0.003 0.071 0.003 0.008 0.546 0.001 0.001 0.000 0.001 0.001 0.001 0.003 0.000 0.009 0.023 0.001 0.001 
33 shovel_vis 30 0.002 0.033 0.001 0.001 0.002 0.996 0.002 0.584 0.001 0.024 0.001 0.002 0.006 0.008 0.000 0.000 0.000 0.001 0.000 0.000 0.001 0.001 0.001 0.000 0.001 0.000 0.000 0.002 0.002 0.001 0.001 0.001 0.000 0.001 0.000 0.003 0.005 0.001 0.001 0.001 0.010 0.011 0.425 0.040 0.008 0.180 0.001 0.001 0.001 0.001 0.001 0.002 0.001 0.000 0.026 0.025 0.003 0.001 
34 spade_vis 30 0.004 0.030 0.001 0.001 0.007 0.995 0.001 0.825 0.001 0.005 0.002 0.006 0.086 0.001 0.012 0.000 0.000 0.001 0.001 0.000 0.001 0.002 0.001 0.000 0.001 0.000 0.000 0.005 0.013 0.001 0.015 0.012 0.001 0.006 0.000 0.003 0.001 0.000 0.001 0.001 0.005 0.012 0.498 0.001 0.025 0.661 0.001 0.002 0.000 0.001 0.001 0.004 0.004 0.000 0.012 0.005 0.001 0.002 
35 wrench_vis 30 0.003 0.155 0.001 0.001 0.002 0.996 0.001 0.458 0.002 0.004 0.003 0.009 0.016 0.007 0.001 0.000 0.000 0.005 0.001 0.000 0.001 0.001 0.001 0.000 0.001 0.000 0.000 0.004 0.004 0.001 0.001 0.002 0.001 0.001 0.000 0.002 0.001 0.000 0.007 0.001 0.010 0.005 0.278 0.018 0.012 0.420 0.001 0.001 0.001 0.001 0.001 0.002 0.001 0.000 0.006 0.054 0.002 0.001 
36 accordion_vis 30 0.006 0.032 0.001 0.002 0.007 0.990 0.004 0.510 0.014 0.053 0.003 0.005 0.002 0.005 0.000 0.000 0.000 0.002 0.001 0.000 0.001 0.001 0.002 0.000 0.001 0.000 0.000 0.003 0.002 0.001 0.014 0.001 0.003 0.001 0.001 0.018 0.012 0.000 0.003 0.002 0.002 0.018 0.457 0.007 0.005 0.314 0.001 0.017 0.002 0.004 0.005 0.002 0.001 0.000 0.059 0.069 0.007 0.005 
37 cello_vis 30 0.005 0.028 0.001 0.001 0.005 0.995 0.001 0.427 0.002 0.428 0.006 0.009 0.001 0.001 0.000 0.001 0.000 0.007 0.001 0.000 0.007 0.000 0.001 0.000 0.001 0.000 0.000 0.001 0.003 0.004 0.005 0.000 0.001 0.006 0.000 0.002 0.001 0.004 0.021 0.001 0.746 0.003 0.017 0.001 0.007 0.059 0.001 0.002 0.000 0.000 0.001 0.001 0.013 0.001 0.031 0.087 0.000 0.008 
38 flute_vis 30 0.003 0.075 0.001 0.001 0.002 0.995 0.002 0.580 0.002 0.002 0.003 0.020 0.002 0.002 0.000 0.000 0.000 0.058 0.000 0.000 0.001 0.000 0.001 0.000 0.001 0.000 0.000 0.002 0.002 0.001 0.001 0.000 0.001 0.001 0.000 0.003 0.005 0.001 0.028 0.001 0.013 0.003 0.096 0.050 0.007 0.529 0.001 0.001 0.001 0.001 0.001 0.002 0.001 0.000 0.009 0.104 0.002 0.001 
39 guitar_vis 30 0.003 0.092 0.001 0.001 0.003 0.995 0.001 0.528 0.003 0.005 0.003 0.010 0.005 0.005 0.000 0.000 0.000 0.009 0.001 0.000 0.001 0.001 0.001 0.000 0.001 0.000 0.000 0.003 0.002 0.001 0.002 0.001 0.001 0.001 0.000 0.003 0.003 0.001 0.009 0.001 0.010 0.004 0.241 0.034 0.009 0.414 0.001 0.002 0.001 0.001 0.001 0.003 0.001 0.000 0.015 0.075 0.002 0.002 
40 piano_vis 30 0.008 0.002 0.002 0.001 0.016 0.989 0.004 0.865 0.005 0.043 0.004 0.002 0.001 0.001 0.001 0.001 0.000 0.000 0.001 0.000 0.037 0.001 0.002 0.000 0.001 0.000 0.000 0.001 0.022 0.003 0.030 0.001 0.004 0.006 0.001 0.005 0.003 0.001 0.001 0.001 0.383 0.005 0.259 0.001 0.018 0.024 0.001 0.012 0.000 0.001 0.003 0.001 0.007 0.000 0.383 0.001 0.002 0.004 
41 trumpet_vis 30 0.003 0.069 0.001 0.001 0.005 0.996 0.001 0.639 0.001 0.002 0.002 0.035 0.005 0.001 0.000 0.000 0.000 0.102 0.000 0.000 0.001 0.000 0.001 0.000 0.001 0.000 0.000 0.002 0.008 0.001 0.004 0.001 0.001 0.010 0.000 0.001 0.001 0.000 0.084 0.001 0.013 0.007 0.038 0.005 0.013 0.718 0.001 0.001 0.000 0.001 0.001 0.002 0.004 0.000 0.003 0.059 0.001 0.001 
42 fork_vis 30 0.035 0.024 0.007 0.001 0.005 0.990 0.001 0.052 0.001 0.687 0.001 0.009 0.021 0.000 0.003 0.000 0.006 0.001 0.001 0.001 0.027 0.003 0.002 0.000 0.001 0.000 0.000 0.000 0.000 0.017 0.011 0.000 0.002 0.134 0.000 0.001 0.000 0.001 0.001 0.002 0.107 0.001 0.001 0.000 0.011 0.075 0.001 0.001 0.000 0.001 0.001 0.001 0.362 0.037 0.011 0.020 0.001 0.018 
43 spoon_vis 30 0.027 0.030 0.007 0.001 0.006 0.987 0.001 0.125 0.001 0.968 0.002 0.002 0.028 0.000 0.005 0.000 0.005 0.002 0.001 0.000 0.083 0.004 0.002 0.000 0.001 0.000 0.000 0.001 0.001 0.009 0.015 0.000 0.002 0.135 0.000 0.001 0.000 0.003 0.002 0.002 0.296 0.001 0.001 0.000 0.018 0.107 0.001 0.002 0.000 0.001 0.001 0.001 0.538 0.012 0.018 0.110 0.001 0.077 
44 tongs_vis 30 0.006 0.010 0.001 0.001 0.004 0.995 0.001 0.106 0.001 0.974 0.001 0.001 0.006 0.000 0.001 0.000 0.001 0.001 0.001 0.000 0.041 0.001 0.001 0.000 0.001 0.000 0.000 0.001 0.001 0.007 0.004 0.000 0.001 0.029 0.000 0.001 0.000 0.003 0.014 0.001 0.647 0.001 0.002 0.000 0.007 0.062 0.001 0.001 0.000 0.000 0.001 0.001 0.295 0.007 0.008 0.144 0.000 0.123 
45 ladle_vis 30 0.332 0.058 0.002 0.001 0.004 0.994 0.001 0.098 0.001 0.413 0.008 0.002 0.094 0.000 0.004 0.000 0.003 0.005 0.001 0.000 0.012 0.011 0.001 0.000 0.001 0.000 0.000 0.001 0.003 0.002 0.009 0.003 0.001 0.037 0.000 0.001 0.000 0.000 0.000 0.001 0.018 0.003 0.001 0.000 0.022 0.155 0.001 0.001 0.000 0.000 0.001 0.003 0.387 0.002 0.009 0.008 0.001 0.024 
46 knife_vis 30 0.008 0.015 0.002 0.001 0.004 0.994 0.001 0.123 0.001 0.982 0.001 0.001 0.009 0.000 0.001 0.000 0.001 0.002 0.001 0.000 0.048 0.001 0.001 0.000 0.001 0.000 0.000 0.001 0.001 0.006 0.006 0.000 0.001 0.033 0.000 0.001 0.000 0.002 0.005 0.003 0.514 0.001 0.001 0.000 0.008 0.069 0.001 0.001 0.000 0.000 0.001 0.001 0.348 0.007 0.012 0.099 0.001 0.113 
47 chopsticks_vis 30 0.007 0.018 0.003 0.001 0.003 0.994 0.001 0.277 0.001 0.993 0.002 0.001 0.025 0.000 0.002 0.000 0.006 0.000 0.001 0.000 0.088 0.004 0.001 0.000 0.001 0.000 0.000 0.000 0.001 0.010 0.007 0.000 0.001 0.066 0.000 0.001 0.000 0.000 0.000 0.007 0.211 0.016 0.001 0.000 0.008 0.225 0.001 0.001 0.000 0.000 0.001 0.003 0.935 0.024 0.011 0.021 0.001 0.096 
