0 beaver_vis 30 0.426 0.001 0.986 0.000 0.001 0.123 0.798 0.000 0.000 0.978 0.000 0.000 0.001 0.000 0.001 0.107 0.938 0.731 0.937 0.007 0.001 0.068 0.000 0.009 0.002 0.001 0.000 0.001 0.000 0.001 0.000 0.000 0.000 0.000 0.043 0.008 0.923 0.001 0.000 0.376 0.000 0.002 0.000 0.001 0.000 0.265 0.086 0.502 0.000 0.001 0.001 0.000 0.903 0.662 0.001 0.000 0.208 0.231 
1 bear_vis 30 0.992 0.989 0.033 0.000 0.020 0.001 0.000 0.000 0.017 0.000 0.392 0.963 0.138 0.001 0.001 0.087 0.000 0.003 0.000 0.334 0.000 0.001 0.000 0.000 0.000 0.000 0.001 0.000 0.001 0.001 0.001 0.006 0.007 0.000 0.000 0.000 0.000 0.000 0.000 0.000 0.000 0.001 0.000 0.000 0.000 0.002 0.021 0.000 0.000 0.001 0.112 0.000 0.000 0.000 0.000 0.000 0.000 0.000 
2 sheep_vis 30 0.993 0.011 0.467 0.010 0.000 0.001 0.003 0.000 0.000 0.000 0.000 0.000 0.010 0.000 0.001 0.000 0.018 0.000 0.032 0.001 0.000 0.031 0.001 0.000 0.015 0.000 0.000 0.002 0.000 0.001 0.002 0.000 0.000 0.000 0.011 0.000 0.001 0.000 0.000 0.006 0.000 0.001 0.000 0.000 0.002 0.000 0.000 0.000 0.000 0.001 0.000 0.000 0.000 0.001 0.000 0.000 0.000 0.001 
3 buffalo_vis 30 0.993 0.981 0.058 0.000 0.013 0.001 0.000 0.000 0.037 0.000 0.006 0.789 0.019 0.005 0.000 0.682 0.000 0.037 0.000 0.019 0.001 0.000 0.000 0.000 0.000 0.000 0.000 0.000 0.006 0.001 0.005 0.001 0.005 0.000 0.000 0.000 0.000 0.000 0.000 0.000 0.000 0.001 0.000 0.000 0.000 0.013 0.046 0.003 0.001 0.001 0.153 0.000 0.002 0.000 0.000 0.000 0.000 0.000 
4 poodle_vis 30 0.271 0.001 0.183 0.000 0.001 0.586 0.011 0.000 0.001 0.537 0.001 0.000 0.001 0.000 0.011 0.000 0.028 0.000 0.002 0.051 0.000 0.137 0.001 0.000 0.001 0.000 0.006 0.000 0.001 0.001 0.000 0.000 0.000 0.000 0.086 0.000 0.009 0.000 0.000 0.003 0.000 0.002 0.000 0.000 0.000 0.001 0.006 0.001 0.000 0.004 0.000 0.000 0.002 0.327 0.000 0.018 0.003 0.046 
5 giraffe_vis 30 0.993 0.985 0.047 0.000 0.027 0.001 0.000 0.000 0.097 0.000 0.000 0.513 0.002 0.038 0.000 0.971 0.000 0.187 0.000 0.001 0.002 0.000 0.000 0.001 0.000 0.000 0.000 0.000 0.055 0.001 0.041 0.001 0.008 0.000 0.000 0.000 0.000 0.000 0.000 0.000 0.000 0.001 0.000 0.000 0.000 0.046 0.068 0.014 0.007 0.001 0.276 0.000 0.008 0.000 0.000 0.000 0.000 0.000 
6 robin_vis 30 0.082 0.000 0.013 0.001 0.000 0.129 0.989 0.014 0.000 0.001 0.000 0.000 0.007 0.000 0.000 0.001 0.361 0.001 0.985 0.000 0.000 0.002 0.000 0.001 0.044 0.006 0.001 0.000 0.000 0.000 0.000 0.000 0.000 0.000 0.398 0.010 0.941 0.002 0.005 0.977 0.000 0.002 0.000 0.001 0.185 0.629 0.000 0.001 0.000 0.001 0.000 0.000 0.176 0.012 0.000 0.000 0.000 0.004 
7 swan_vis 30 0.994 0.051 0.986 0.019 0.000 0.001 0.001 0.000 0.000 0.000 0.000 0.000 0.003 0.000 0.000 0.014 0.052 0.304 0.596 0.001 0.001 0.004 0.000 0.005 0.005 0.003 0.000 0.001 0.000 0.000 0.005 0.000 0.000 0.000 0.000 0.000 0.005 0.000 0.000 0.002 0.000 0.001 0.000 0.000 0.000 0.001 0.000 0.000 0.000 0.001 0.000 0.000 0.004 0.000 0.000 0.000 0.000 0.000 
8 woodpecker_vis 30 0.025 0.000 0.004 0.002 0.000 0.236 0.988 0.023 0.000 0.001 0.000 0.000 0.047 0.000 0.000 0.000 0.031 0.000 0.970 0.002 0.000 0.003 0.000 0.000 0.270 0.038 0.058 0.000 0.000 0.000 0.000 0.000 0.000 0.000 0.634 0.001 0.639 0.000 0.091 0.983 0.000 0.009 0.001 0.000 0.835 0.058 0.000 0.000 0.000 0.001 0.000 0.000 0.002 0.034 0.000 0.000 0.000 0.036 
9 peacock_vis 30 0.985 0.219 0.060 0.001 0.001 0.001 0.000 0.000 0.000 0.000 0.000 0.009 0.005 0.000 0.000 0.019 0.000 0.007 0.017 0.007 0.000 0.001 0.000 0.000 0.001 0.001 0.000 0.000 0.001 0.001 0.001 0.000 0.000 0.000 0.000 0.000 0.000 0.000 0.000 0.001 0.000 0.001 0.000 0.000 0.000 0.005 0.000 0.000 0.000 0.001 0.003 0.000 0.001 0.000 0.000 0.000 0.000 0.000 
10 crow_vis 30 0.994 0.089 0.991 0.018 0.001 0.001 0.001 0.000 0.000 0.002 0.000 0.000 0.006 0.000 0.000 0.261 0.154 0.862 0.680 0.003 0.010 0.005 0.000 0.103 0.004 0.006 0.000 0.001 0.001 0.001 0.006 0.000 0.000 0.000 0.000 0.000 0.004 0.000 0.000 0.002 0.000 0.001 0.000 0.000 0.000 0.008 0.000 0.000 0.000 0.001 0.000 0.000 0.111 0.000 0.000 0.000 0.000 0.000 
11 eagle_vis 30 0.044 0.000 0.014 0.001 0.000 0.145 0.987 0.016 0.000 0.002 0.000 0.000 0.011 0.000 0.000 0.000 0.145 0.000 0.981 0.001 0.000 0.002 0.000 0.000 0.083 0.014 0.004 0.000 0.000 0.000 0.000 0.000 0.000 0.000 0.541 0.003 0.861 0.001 0.017 0.978 0.000 0.003 0.000 0.000 0.474 0.339 0.000 0.000 0.000 0.001 0.000 0.000 0.033 0.014 0.000 0.000 0.000 0.009 
12 tuna_vis 30 0.989 0.000 0.003 0.953 0.008 0.005 0.004 0.000 0.000 0.000 0.000 0.000 0.001 0.000 0.000 0.000 0.000 0.004 0.001 0.000 0.002 0.000 0.001 0.575 0.022 0.302 0.000 0.006 0.023 0.001 0.001 0.002 0.000 0.000 0.000 0.040 0.000 0.000 0.003 0.001 0.000 0.001 0.000 0.000 0.000 0.000 0.000 0.000 0.000 0.001 0.000 0.000 0.000 0.000 0.050 0.000 0.000 0.000 
13 goldfish_vis 30 0.993 0.000 0.003 0.959 0.015 0.013 0.001 0.000 0.000 0.000 0.000 0.000 0.000 0.000 0.000 0.000 0.000 0.004 0.000 0.000 0.005 0.000 0.001 0.423 0.015 0.043 0.000 0.004 0.014 0.001 0.000 0.001 0.001 0.000 0.000 0.024 0.000 0.000 0.003 0.000 0.000 0.001 0.000 0.000 0.000 0.000 0.000 0.000 0.000 0.001 0.000 0.000 0.000 0.000 0.057 0.000 0.000 0.000 
14 salmon_vis 30 0.995 0.001 0.700 0.991 0.047 0.001 0.004 0.000 0.000 0.000 0.000 0.000 0.021 0.000 0.000 0.000 0.000 0.017 0.271 0.010 0.001 0.006 0.027 0.576 0.844 0.861 0.030 0.039 0.001 0.001 0.003 0.131 0.001 0.001 0.001 0.000 0.000 0.000 0.007 0.003 0.000 0.001 0.000 0.000 0.000 0.000 0.000 0.000 0.000 0.001 0.000 0.000 0.000 0.000 0.001 0.000 0.000 0.000 
15 sardine_vis 30 0.993 0.000 0.905 0.686 0.001 0.001 0.001 0.000 0.000 0.176 0.002 0.000 0.001 0.000 0.000 0.000 0.000 0.035 0.003 0.791 0.033 0.013 0.006 0.003 0.008 0.465 0.600 0.000 0.000 0.001 0.001 0.002 0.106 0.000 0.000 0.000 0.000 0.000 0.001 0.001 0.000 0.001 0.000 0.000 0.000 0.000 0.000 0.000 0.000 0.001 0.000 0.000 0.000 0.000 0.540 0.003 0.000 0.000 
16 catfish_vis 30 0.994 0.000 0.036 0.963 0.010 0.001 0.000 0.000 0.000 0.000 0.000 0.000 0.000 0.000 0.000 0.000 0.000 0.116 0.000 0.004 0.022 0.000 0.000 0.462 0.004 0.729 0.009 0.002 0.009 0.001 0.014 0.027 0.002 0.000 0.000 0.003 0.000 0.000 0.000 0.000 0.000 0.001 0.000 0.000 0.000 0.000 0.000 0.000 0.000 0.001 0.000 0.000 0.000 0.000 0.101 0.000 0.000 0.000 
17 cod_vis 30 0.993 0.000 0.004 0.966 0.007 0.073 0.005 0.000 0.000 0.000 0.000 0.000 0.001 0.000 0.000 0.000 0.000 0.001 0.002 0.000 0.001 0.002 0.402 0.032 0.033 0.002 0.057 0.010 0.001 0.001 0.000 0.000 0.001 0.009 0.001 0.001 0.000 0.000 0.020 0.001 0.002 0.001 0.000 0.000 0.000 0.000 0.000 0.000 0.000 0.001 0.000 0.000 0.000 0.000 0.000 0.007 0.000 0.000 
18 turtle_vis 30 0.975 0.057 0.000 0.002 0.987 0.002 0.000 0.032 0.000 0.000 0.000 0.000 0.002 0.000 0.000 0.584 0.000 0.004 0.000 0.000 0.001 0.000 0.000 0.109 0.000 0.004 0.000 0.000 0.958 0.004 0.916 0.638 0.004 0.000 0.000 0.008 0.000 0.000 0.000 0.000 0.000 0.001 0.004 0.017 0.000 0.088 0.000 0.000 0.056 0.001 0.003 0.000 0.000 0.000 0.000 0.000 0.000 0.000 
19 rattlesnake_vis 30 0.985 0.038 0.000 0.004 0.988 0.033 0.000 0.018 0.000 0.000 0.000 0.000 0.002 0.003 0.001 0.006 0.000 0.000 0.000 0.000 0.001 0.000 0.000 0.001 0.000 0.000 0.000 0.001 0.065 0.047 0.413 0.278 0.117 0.035 0.000 0.000 0.000 0.000 0.000 0.000 0.000 0.001 0.000 0.003 0.000 0.000 0.000 0.000 0.021 0.001 0.000 0.002 0.000 0.000 0.000 0.000 0.000 0.000 
20 crab_vis 30 0.988 0.074 0.000 0.005 0.991 0.001 0.000 0.011 0.000 0.000 0.000 0.000 0.005 0.000 0.000 0.129 0.000 0.001 0.000 0.000 0.000 0.000 0.000 0.033 0.001 0.003 0.000 0.000 0.882 0.005 0.441 0.790 0.010 0.000 0.000 0.002 0.000 0.000 0.000 0.000 0.000 0.001 0.004 0.001 0.000 0.011 0.000 0.000 0.019 0.001 0.005 0.000 0.000 0.000 0.000 0.000 0.000 0.000 
21 frog_vis 30 0.988 0.163 0.000 0.143 0.992 0.001 0.000 0.003 0.000 0.000 0.005 0.023 0.082 0.000 0.000 0.000 0.000 0.000 0.000 0.052 0.000 0.000 0.000 0.000 0.007 0.420 0.882 0.000 0.005 0.001 0.040 0.988 0.169 0.591 0.000 0.000 0.000 0.000 0.000 0.000 0.000 0.001 0.036 0.000 0.000 0.000 0.000 0.000 0.000 0.001 0.017 0.000 0.000 0.000 0.000 0.000 0.000 0.000 
22 gecko_vis 30 0.993 0.079 0.001 0.001 0.957 0.033 0.000 0.000 0.030 0.000 0.000 0.000 0.001 0.966 0.002 0.092 0.000 0.004 0.000 0.000 0.628 0.000 0.001 0.001 0.000 0.000 0.000 0.003 0.017 0.003 0.978 0.001 0.964 0.001 0.000 0.000 0.000 0.000 0.000 0.000 0.000 0.001 0.000 0.004 0.000 0.000 0.000 0.005 0.343 0.001 0.000 0.901 0.000 0.000 0.000 0.000 0.001 0.000 
23 crocodile_vis 30 0.962 0.054 0.000 0.030 0.988 0.001 0.000 0.031 0.000 0.000 0.000 0.000 0.063 0.001 0.000 0.052 0.000 0.001 0.000 0.001 0.001 0.000 0.000 0.006 0.003 0.063 0.060 0.000 0.291 0.003 0.363 0.846 0.013 0.090 0.000 0.001 0.000 0.000 0.000 0.000 0.000 0.001 0.066 0.002 0.001 0.004 0.000 0.000 0.007 0.001 0.001 0.000 0.000 0.000 0.000 0.000 0.000 0.000 
24 axe_vis 30 0.018 0.000 0.000 0.000 0.001 0.994 0.950 0.031 0.000 0.032 0.000 0.000 0.000 0.000 0.000 0.000 0.065 0.000 0.001 0.000 0.000 0.000 0.000 0.000 0.000 0.000 0.000 0.001 0.001 0.001 0.000 0.000 0.000 0.000 0.067 0.009 0.890 0.010 0.000 0.009 0.000 0.002 0.000 0.003 0.000 0.035 0.001 0.001 0.000 0.003 0.000 0.000 0.050 0.010 0.000 0.000 0.004 0.001 
25 hammer_vis 30 0.001 0.000 0.000 0.001 0.001 0.995 0.964 0.246 0.000 0.028 0.000 0.000 0.000 0.000 0.000 0.001 0.000 0.000 0.003 0.000 0.000 0.000 0.000 0.018 0.001 0.000 0.000 0.001 0.013 0.001 0.000 0.000 0.000 0.000 0.000 0.761 0.299 0.015 0.037 0.327 0.000 0.002 0.013 0.009 0.000 0.557 0.000 0.000 0.001 0.002 0.008 0.000 0.182 0.000 0.035 0.000 0.001 0.000 
26 screwdriver_vis 30 0.008 0.000 0.000 0.000 0.001 0.994 0.765 0.289 0.007 0.001 0.000 0.000 0.000 0.000 0.001 0.001 0.013 0.000 0.001 0.000 0.000 0.000 0.000 0.000 0.000 0.000 0.000 0.000 0.002 0.001 0.000 0.000 0.000 0.000 0.014 0.004 0.698 0.002 0.000 0.045 0.000 0.010 0.000 0.005 0.000 0.117 0.010 0.001 0.000 0.005 0.003 0.000 0.011 0.003 0.000 0.000 0.001 0.001 
27 chisel_vis 30 0.003 0.000 0.000 0.000 0.001 0.994 0.931 0.038 0.000 0.035 0.000 0.000 0.000 0.000 0.000 0.000 0.001 0.000 0.000 0.000 0.000 0.000 0.000 0.001 0.001 0.000 0.000 0.001 0.001 0.001 0.000 0.000 0.000 0.000 0.010 0.118 0.156 0.061 0.003 0.022 0.000 0.003 0.001 0.004 0.000 0.011 0.000 0.000 0.000 0.003 0.000 0.000 0.006 0.001 0.001 0.000 0.002 0.000 
28 saw_vis 30 0.001 0.000 0.000 0.001 0.001 0.994 0.937 0.020 0.000 0.002 0.000 0.000 0.000 0.000 0.000 0.000 0.000 0.000 0.008 0.000 0.000 0.000 0.000 0.000 0.008 0.000 0.000 0.000 0.001 0.001 0.000 0.000 0.000 0.000 0.002 0.017 0.019 0.001 0.015 0.901 0.000 0.059 0.001 0.000 0.000 0.028 0.000 0.000 0.000 0.001 0.003 0.000 0.003 0.001 0.001 0.000 0.000 0.067 
29 drill_vis 30 0.409 0.000 0.000 0.000 0.000 0.963 0.502 0.004 0.000 0.004 0.000 0.000 0.000 0.000 0.000 0.000 0.000 0.000 0.006 0.000 0.000 0.000 0.000 0.000 0.002 0.000 0.000 0.000 0.000 0.000 0.000 0.000 0.000 0.000 0.009 0.012 0.039 0.000 0.001 0.253 0.000 0.007 0.000 0.000 0.000 0.021 0.000 0.000 0.000 0.002 0.001 0.000 0.005 0.001 0.001 0.000 0.000 0.004 
30 clamp_vis 30 0.001 0.000 0.000 0.000 0.105 0.994 0.076 0.992 0.036 0.000 0.000 0.000 0.001 0.000 0.002 0.000 0.000 0.000 0.000 0.000 0.000 0.000 0.001 0.000 0.001 0.000 0.000 0.001 0.003 0.052 0.000 0.000 0.000 0.031 0.005 0.013 0.002 0.090 0.009 0.002 0.888 0.081 0.142 0.306 0.049 0.005 0.000 0.000 0.001 0.027 0.001 0.093 0.000 0.000 0.000 0.000 0.000 0.000 
31 hoe_vis 30 0.001 0.012 0.000 0.000 0.001 0.992 0.034 0.991 0.016 0.000 0.000 0.000 0.260 0.000 0.001 0.000 0.000 0.000 0.000 0.000 0.000 0.000 0.000 0.000 0.002 0.000 0.000 0.000 0.001 0.003 0.000 0.000 0.000 0.001 0.007 0.001 0.007 0.000 0.001 0.277 0.001 0.987 0.027 0.000 0.091 0.310 0.048 0.000 0.000 0.021 0.007 0.000 0.000 0.003 0.000 0.000 0.000 0.001 
32 rake_vis 30 0.001 0.001 0.000 0.000 0.016 0.994 0.001 0.222 0.977 0.011 0.000 0.002 0.001 0.000 0.001 0.000 0.000 0.000 0.000 0.001 0.000 0.000 0.000 0.000 0.001 0.000 0.001 0.000 0.002 0.001 0.000 0.001 0.003 0.001 0.000 0.009 0.000 0.000 0.001 0.002 0.001 0.120 0.073 0.000 0.000 0.003 0.055 0.000 0.434 0.636 0.725 0.000 0.001 0.000 0.039 0.000 0.000 0.059 
33 shovel_vis 30 0.001 0.001 0.000 0.000 0.012 0.994 0.028 0.991 0.013 0.000 0.000 0.000 0.013 0.000 0.006 0.000 0.000 0.000 0.000 0.000 0.000 0.000 0.000 0.000 0.001 0.000 0.000 0.000 0.002 0.009 0.000 0.000 0.000 0.019 0.039 0.006 0.003 0.001 0.004 0.002 0.173 0.864 0.069 0.003 0.237 0.007 0.000 0.000 0.000 0.025 0.001 0.000 0.000 0.001 0.000 0.000 0.000 0.000 
34 spade_vis 30 0.001 0.004 0.000 0.000 0.003 0.993 0.025 0.990 0.007 0.000 0.000 0.000 0.056 0.000 0.008 0.000 0.000 0.000 0.000 0.000 0.000 0.000 0.000 0.000 0.001 0.000 0.000 0.000 0.001 0.006 0.000 0.000 0.000 0.009 0.084 0.001 0.009 0.000 0.001 0.004 0.026 0.946 0.008 0.001 0.478 0.020 0.002 0.000 0.000 0.009 0.000 0.000 0.000 0.008 0.000 0.000 0.000 0.000 
35 wrench_vis 30 0.001 0.008 0.000 0.000 0.003 0.994 0.012 0.987 0.035 0.000 0.000 0.000 0.135 0.000 0.001 0.000 0.000 0.000 0.000 0.000 0.000 0.000 0.000 0.000 0.001 0.000 0.000 0.000 0.001 0.002 0.000 0.000 0.000 0.001 0.002 0.002 0.002 0.000 0.001 0.076 0.001 0.972 0.026 0.001 0.023 0.116 0.013 0.000 0.000 0.031 0.001 0.000 0.000 0.001 0.000 0.000 0.000 0.001 
36 accordion_vis 30 0.002 0.101 0.000 0.000 0.001 0.993 0.000 0.047 0.978 0.001 0.114 0.001 0.001 0.002 0.013 0.010 0.006 0.000 0.000 0.001 0.000 0.000 0.000 0.000 0.000 0.000 0.000 0.000 0.002 0.001 0.000 0.000 0.000 0.001 0.001 0.001 0.002 0.000 0.000 0.000 0.000 0.002 0.000 0.001 0.075 0.020 0.144 0.864 0.001 0.003 0.011 0.006 0.011 0.051 0.000 0.000 0.001 0.001 
37 cello_vis 30 0.001 0.000 0.000 0.000 0.011 0.994 0.000 0.044 0.990 0.039 0.003 0.000 0.000 0.003 0.001 0.001 0.000 0.000 0.000 0.006 0.001 0.000 0.001 0.000 0.000 0.000 0.033 0.000 0.002 0.001 0.010 0.001 0.042 0.006 0.000 0.004 0.000 0.001 0.001 0.000 0.005 0.001 0.018 0.002 0.001 0.001 0.001 0.025 0.779 0.030 0.087 0.465 0.001 0.000 0.054 0.004 0.001 0.001 
38 flute_vis 30 0.002 0.019 0.000 0.000 0.002 0.994 0.000 0.022 0.990 0.002 0.005 0.001 0.000 0.001 0.002 0.003 0.001 0.000 0.000 0.002 0.001 0.000 0.000 0.000 0.000 0.000 0.001 0.000 0.002 0.001 0.000 0.000 0.003 0.000 0.000 0.001 0.001 0.000 0.000 0.000 0.000 0.002 0.000 0.002 0.000 0.006 0.155 0.158 0.030 0.007 0.033 0.002 0.005 0.006 0.001 0.000 0.001 0.002 
39 guitar_vis 30 0.002 0.030 0.000 0.000 0.001 0.994 0.000 0.075 0.990 0.007 0.001 0.006 0.001 0.000 0.011 0.002 0.000 0.000 0.000 0.000 0.000 0.001 0.000 0.000 0.000 0.000 0.000 0.000 0.001 0.001 0.000 0.000 0.001 0.000 0.000 0.001 0.001 0.000 0.000 0.002 0.000 0.297 0.000 0.001 0.000 0.019 0.818 0.012 0.006 0.694 0.173 0.000 0.007 0.041 0.000 0.000 0.001 0.171 
40 piano_vis 30 0.002 0.014 0.000 0.000 0.001 0.993 0.000 0.024 0.988 0.003 0.008 0.006 0.001 0.000 0.005 0.000 0.000 0.000 0.000 0.001 0.000 0.000 0.000 0.000 0.000 0.000 0.000 0.000 0.001 0.001 0.000 0.000 0.001 0.000 0.000 0.001 0.000 0.000 0.000 0.000 0.000 0.007 0.000 0.000 0.000 0.001 0.105 0.029 0.002 0.020 0.071 0.002 0.001 0.003 0.000 0.000 0.000 0.007 
41 trumpet_vis 30 0.001 0.000 0.000 0.000 0.012 0.994 0.000 0.091 0.983 0.028 0.002 0.000 0.000 0.005 0.012 0.000 0.000 0.000 0.000 0.001 0.001 0.000 0.002 0.000 0.000 0.000 0.006 0.000 0.001 0.001 0.003 0.000 0.051 0.012 0.000 0.001 0.000 0.001 0.000 0.000 0.022 0.003 0.004 0.001 0.001 0.001 0.001 0.014 0.242 0.083 0.003 0.717 0.000 0.001 0.002 0.022 0.001 0.000 
42 fork_vis 30 0.984 0.001 0.883 0.000 0.001 0.012 0.001 0.000 0.000 0.022 0.000 0.000 0.000 0.222 0.001 0.001 0.345 0.006 0.003 0.000 0.260 0.005 0.000 0.000 0.001 0.000 0.000 0.012 0.000 0.001 0.287 0.000 0.022 0.000 0.004 0.001 0.010 0.000 0.000 0.001 0.000 0.001 0.000 0.000 0.000 0.001 0.001 0.005 0.000 0.002 0.000 0.020 0.002 0.004 0.000 0.001 0.019 0.001 
43 spoon_vis 30 0.923 0.002 0.001 0.000 0.001 0.870 0.003 0.025 0.001 0.012 0.000 0.000 0.001 0.000 0.002 0.000 0.001 0.000 0.000 0.000 0.001 0.004 0.002 0.000 0.001 0.000 0.000 0.000 0.001 0.002 0.000 0.000 0.002 0.000 0.013 0.001 0.009 0.000 0.000 0.001 0.000 0.018 0.000 0.001 0.001 0.002 0.002 0.000 0.000 0.004 0.000 0.000 0.001 0.003 0.000 0.015 0.001 0.000 
44 tongs_vis 30 0.001 0.000 0.051 0.003 0.001 0.995 0.061 0.000 0.038 0.991 0.000 0.000 0.000 0.000 0.000 0.005 0.001 0.862 0.000 0.001 0.204 0.000 0.000 0.575 0.000 0.150 0.000 0.002 0.005 0.000 0.032 0.000 0.000 0.000 0.000 0.786 0.002 0.019 0.001 0.001 0.000 0.001 0.000 0.002 0.000 0.001 0.000 0.010 0.881 0.002 0.296 0.001 0.810 0.000 0.985 0.001 0.468 0.011 
45 ladle_vis 30 0.002 0.002 0.000 0.000 0.002 0.993 0.036 0.987 0.006 0.000 0.000 0.000 0.019 0.000 0.027 0.000 0.000 0.000 0.000 0.000 0.000 0.000 0.001 0.000 0.001 0.000 0.000 0.000 0.001 0.020 0.000 0.000 0.000 0.022 0.212 0.001 0.013 0.000 0.001 0.002 0.148 0.900 0.001 0.001 0.575 0.006 0.001 0.000 0.000 0.014 0.000 0.000 0.000 0.009 0.000 0.000 0.000 0.000 
46 knife_vis 30 0.130 0.000 0.121 0.000 0.001 0.994 0.053 0.000 0.010 0.985 0.000 0.000 0.000 0.001 0.004 0.000 0.566 0.000 0.000 0.000 0.003 0.003 0.001 0.000 0.001 0.000 0.000 0.002 0.000 0.001 0.000 0.000 0.000 0.000 0.010 0.001 0.433 0.004 0.000 0.001 0.000 0.002 0.000 0.001 0.000 0.001 0.003 0.093 0.000 0.008 0.000 0.002 0.235 0.651 0.000 0.005 0.859 0.002 
47 chopsticks_vis 30 0.001 0.000 0.048 0.000 0.001 0.994 0.042 0.000 0.034 0.988 0.000 0.000 0.000 0.000 0.000 0.000 0.001 0.001 0.001 0.005 0.001 0.001 0.000 0.000 0.000 0.000 0.000 0.000 0.000 0.001 0.000 0.000 0.000 0.000 0.000 0.005 0.002 0.000 0.000 0.024 0.000 0.001 0.000 0.000 0.000 0.001 0.006 0.001 0.000 0.006 0.030 0.000 0.189 0.038 0.078 0.000 0.002 0.833 
