0 beaver_vis 30 0.994 0.982 0.002 0.000 0.088 0.002 0.001 0.001 0.011 0.001 0.001 0.003 0.093 0.749 0.670 0.002 0.127 0.001 0.003 0.001 0.000 0.000 0.000 0.000 0.000 0.000 0.000 0.000 0.003 0.384 0.001 0.000 0.001 0.000 0.001 0.000 0.004 0.000 0.000 0.001 0.000 0.001 0.003 0.000 0.001 0.000 0.873 0.002 0.000 0.001 0.001 0.000 0.001 0.002 0.000 0.002 0.006 0.000 
1 bear_vis 30 0.995 0.985 0.002 0.000 0.089 0.001 0.000 0.001 0.222 0.000 0.001 0.003 0.057 0.904 0.209 0.088 0.029 0.001 0.021 0.001 0.000 0.000 0.001 0.001 0.000 0.000 0.000 0.000 0.001 0.276 0.001 0.000 0.002 0.001 0.001 0.000 0.001 0.000 0.000 0.001 0.000 0.001 0.012 0.000 0.001 0.000 0.822 0.001 0.000 0.383 0.013 0.000 0.000 0.008 0.000 0.000 0.069 0.000 
2 sheep_vis 30 0.445 0.143 0.049 0.000 0.005 0.717 0.001 0.001 0.017 0.285 0.000 0.001 0.005 0.063 0.063 0.001 0.153 0.001 0.006 0.002 0.001 0.001 0.001 0.000 0.000 0.000 0.000 0.000 0.001 0.041 0.003 0.000 0.001 0.000 0.001 0.000 0.004 0.000 0.000 0.001 0.000 0.003 0.007 0.000 0.001 0.000 0.294 0.005 0.000 0.001 0.001 0.000 0.001 0.170 0.002 0.389 0.003 0.001 
3 buffalo_vis 30 0.995 0.985 0.003 0.001 0.203 0.002 0.001 0.001 0.399 0.001 0.001 0.002 0.067 0.849 0.549 0.099 0.061 0.001 0.010 0.001 0.001 0.000 0.001 0.001 0.000 0.000 0.000 0.001 0.002 0.644 0.001 0.000 0.001 0.001 0.001 0.000 0.004 0.000 0.000 0.001 0.000 0.001 0.033 0.000 0.001 0.000 0.941 0.001 0.001 0.442 0.007 0.000 0.001 0.004 0.000 0.001 0.244 0.000 
4 poodle_vis 30 0.993 0.960 0.002 0.000 0.077 0.002 0.001 0.001 0.011 0.001 0.001 0.001 0.038 0.408 0.600 0.001 0.152 0.001 0.002 0.001 0.000 0.000 0.000 0.000 0.000 0.000 0.000 0.000 0.002 0.320 0.004 0.000 0.000 0.000 0.001 0.000 0.006 0.000 0.000 0.001 0.000 0.001 0.005 0.000 0.001 0.000 0.852 0.003 0.000 0.001 0.002 0.000 0.001 0.001 0.000 0.005 0.002 0.000 
5 giraffe_vis 30 0.994 0.986 0.002 0.000 0.130 0.002 0.001 0.001 0.310 0.001 0.001 0.003 0.069 0.857 0.470 0.090 0.052 0.001 0.011 0.001 0.000 0.000 0.001 0.001 0.000 0.000 0.000 0.000 0.002 0.543 0.001 0.000 0.001 0.001 0.001 0.000 0.002 0.000 0.000 0.001 0.000 0.001 0.022 0.000 0.001 0.000 0.926 0.001 0.000 0.389 0.007 0.000 0.000 0.004 0.000 0.001 0.164 0.000 
6 robin_vis 30 0.008 0.001 0.212 0.000 0.001 0.994 0.001 0.004 0.037 0.993 0.000 0.001 0.000 0.073 0.001 0.000 0.492 0.002 0.022 0.022 0.004 0.007 0.001 0.000 0.000 0.000 0.000 0.000 0.000 0.002 0.005 0.000 0.002 0.000 0.001 0.001 0.001 0.000 0.000 0.001 0.000 0.278 0.032 0.000 0.115 0.001 0.024 0.131 0.000 0.001 0.060 0.005 0.099 0.971 0.097 0.756 0.003 0.004 
7 swan_vis 30 0.683 0.003 0.961 0.001 0.001 0.648 0.001 0.004 0.000 0.772 0.001 0.000 0.008 0.015 0.001 0.001 0.241 0.841 0.009 0.002 0.014 0.703 0.005 0.000 0.002 0.000 0.000 0.000 0.000 0.006 0.000 0.000 0.003 0.000 0.001 0.004 0.003 0.000 0.000 0.718 0.000 0.120 0.001 0.000 0.003 0.071 0.031 0.009 0.000 0.000 0.002 0.000 0.864 0.166 0.007 0.347 0.012 0.002 
8 woodpecker_vis 30 0.907 0.004 0.990 0.000 0.006 0.054 0.001 0.001 0.001 0.548 0.000 0.000 0.001 0.041 0.053 0.001 0.988 0.006 0.032 0.027 0.271 0.061 0.001 0.000 0.000 0.000 0.000 0.000 0.006 0.208 0.183 0.000 0.002 0.001 0.001 0.000 0.001 0.000 0.000 0.001 0.000 0.022 0.043 0.000 0.002 0.001 0.014 0.064 0.000 0.000 0.000 0.001 0.015 0.236 0.229 0.735 0.001 0.001 
9 peacock_vis 30 0.054 0.001 0.289 0.000 0.001 0.958 0.001 0.001 0.011 0.978 0.000 0.003 0.000 0.092 0.001 0.001 0.212 0.010 0.078 0.018 0.002 0.004 0.001 0.000 0.000 0.000 0.000 0.000 0.000 0.001 0.001 0.000 0.026 0.001 0.001 0.006 0.002 0.000 0.000 0.153 0.000 0.113 0.002 0.000 0.290 0.000 0.001 0.013 0.000 0.001 0.746 0.005 0.046 0.979 0.008 0.008 0.004 0.011 
10 crow_vis 30 0.989 0.003 0.990 0.000 0.008 0.199 0.001 0.002 0.000 0.093 0.003 0.002 0.000 0.002 0.050 0.041 0.979 0.133 0.003 0.819 0.824 0.008 0.001 0.000 0.000 0.000 0.001 0.000 0.002 0.066 0.345 0.000 0.001 0.079 0.001 0.000 0.001 0.001 0.000 0.001 0.000 0.851 0.260 0.000 0.002 0.004 0.003 0.014 0.000 0.000 0.000 0.272 0.004 0.045 0.327 0.770 0.001 0.001 
11 eagle_vis 30 0.010 0.002 0.119 0.000 0.001 0.989 0.001 0.001 0.037 0.982 0.000 0.001 0.000 0.021 0.001 0.001 0.120 0.003 0.014 0.006 0.001 0.002 0.001 0.000 0.000 0.000 0.000 0.000 0.000 0.001 0.001 0.000 0.003 0.000 0.001 0.001 0.001 0.000 0.000 0.026 0.000 0.066 0.001 0.000 0.067 0.000 0.002 0.011 0.000 0.001 0.484 0.005 0.018 0.953 0.003 0.009 0.001 0.002 
12 tuna_vis 30 0.994 0.001 0.256 0.214 0.245 0.001 0.001 0.001 0.000 0.013 0.000 0.000 0.000 0.005 0.001 0.000 0.015 0.007 0.006 0.002 0.168 0.005 0.304 0.009 0.110 0.000 0.001 0.006 0.028 0.009 0.019 0.002 0.175 0.001 0.001 0.000 0.001 0.000 0.003 0.015 0.000 0.000 0.001 0.000 0.000 0.000 0.000 0.000 0.000 0.000 0.000 0.000 0.064 0.001 0.004 0.000 0.001 0.000 
13 goldfish_vis 30 0.994 0.035 0.002 0.019 0.983 0.001 0.001 0.001 0.000 0.000 0.000 0.007 0.001 0.008 0.023 0.001 0.007 0.001 0.001 0.003 0.004 0.000 0.001 0.016 0.021 0.000 0.013 0.006 0.348 0.180 0.077 0.449 0.013 0.004 0.005 0.000 0.002 0.004 0.001 0.001 0.000 0.001 0.001 0.000 0.001 0.000 0.001 0.000 0.003 0.000 0.000 0.000 0.000 0.000 0.002 0.000 0.002 0.000 
14 salmon_vis 30 0.993 0.024 0.003 0.002 0.960 0.002 0.001 0.001 0.001 0.001 0.000 0.001 0.001 0.164 0.002 0.001 0.039 0.001 0.002 0.001 0.006 0.000 0.001 0.039 0.003 0.000 0.000 0.001 0.012 0.239 0.012 0.020 0.392 0.001 0.001 0.000 0.005 0.000 0.001 0.006 0.000 0.000 0.001 0.000 0.001 0.000 0.001 0.000 0.000 0.001 0.003 0.000 0.001 0.003 0.000 0.000 0.005 0.000 
15 sardine_vis 30 0.994 0.030 0.002 0.028 0.978 0.001 0.001 0.001 0.000 0.000 0.001 0.020 0.001 0.005 0.020 0.001 0.002 0.001 0.001 0.008 0.003 0.000 0.001 0.009 0.007 0.001 0.056 0.006 0.612 0.037 0.063 0.600 0.009 0.006 0.002 0.001 0.001 0.011 0.001 0.001 0.000 0.001 0.001 0.001 0.001 0.000 0.000 0.000 0.005 0.000 0.000 0.001 0.000 0.000 0.002 0.000 0.001 0.000 
16 catfish_vis 30 0.993 0.043 0.001 0.013 0.983 0.001 0.001 0.001 0.001 0.000 0.000 0.001 0.002 0.050 0.026 0.000 0.020 0.001 0.001 0.001 0.002 0.000 0.001 0.011 0.057 0.000 0.003 0.002 0.529 0.390 0.044 0.052 0.023 0.002 0.007 0.000 0.003 0.001 0.001 0.001 0.000 0.000 0.001 0.000 0.001 0.000 0.002 0.000 0.003 0.000 0.000 0.000 0.001 0.000 0.001 0.000 0.002 0.000 
17 cod_vis 30 0.993 0.019 0.001 0.005 0.985 0.001 0.001 0.001 0.000 0.001 0.000 0.001 0.001 0.131 0.005 0.001 0.030 0.001 0.001 0.001 0.004 0.000 0.001 0.033 0.018 0.000 0.001 0.001 0.077 0.693 0.054 0.048 0.080 0.002 0.001 0.000 0.006 0.000 0.001 0.002 0.000 0.001 0.001 0.000 0.000 0.000 0.005 0.000 0.001 0.000 0.001 0.000 0.001 0.001 0.001 0.000 0.003 0.000 
18 turtle_vis 30 0.993 0.377 0.002 0.001 0.863 0.002 0.001 0.001 0.021 0.001 0.000 0.000 0.003 0.094 0.352 0.002 0.097 0.001 0.001 0.001 0.001 0.000 0.001 0.000 0.002 0.000 0.000 0.001 0.008 0.962 0.002 0.001 0.001 0.001 0.002 0.000 0.085 0.000 0.000 0.001 0.000 0.001 0.015 0.000 0.001 0.001 0.871 0.001 0.046 0.005 0.001 0.000 0.001 0.001 0.001 0.005 0.195 0.000 
19 rattlesnake_vis 30 0.991 0.022 0.001 0.002 0.981 0.002 0.001 0.001 0.003 0.001 0.000 0.000 0.001 0.062 0.033 0.001 0.063 0.001 0.000 0.001 0.002 0.000 0.001 0.002 0.024 0.000 0.001 0.001 0.029 0.957 0.012 0.005 0.022 0.002 0.003 0.000 0.091 0.000 0.000 0.002 0.000 0.001 0.001 0.000 0.001 0.000 0.174 0.000 0.055 0.001 0.002 0.000 0.001 0.001 0.001 0.001 0.070 0.000 
20 crab_vis 30 0.994 0.026 0.001 0.004 0.991 0.002 0.001 0.001 0.001 0.001 0.000 0.001 0.001 0.058 0.012 0.001 0.024 0.001 0.000 0.002 0.004 0.000 0.001 0.029 0.009 0.000 0.002 0.018 0.053 0.775 0.172 0.209 0.031 0.002 0.002 0.000 0.126 0.003 0.000 0.001 0.000 0.001 0.012 0.000 0.000 0.000 0.019 0.000 0.004 0.000 0.001 0.000 0.001 0.001 0.001 0.001 0.016 0.000 
21 frog_vis 30 0.991 0.032 0.001 0.001 0.972 0.002 0.001 0.001 0.002 0.001 0.000 0.000 0.001 0.105 0.020 0.001 0.076 0.001 0.000 0.001 0.002 0.000 0.001 0.004 0.019 0.000 0.001 0.001 0.051 0.902 0.030 0.008 0.021 0.001 0.002 0.000 0.022 0.001 0.000 0.002 0.000 0.001 0.001 0.000 0.001 0.000 0.030 0.000 0.002 0.000 0.001 0.000 0.001 0.001 0.001 0.001 0.004 0.001 
22 gecko_vis 30 0.957 0.010 0.001 0.001 0.968 0.002 0.001 0.001 0.002 0.001 0.000 0.000 0.000 0.018 0.004 0.001 0.080 0.000 0.000 0.001 0.004 0.000 0.001 0.001 0.005 0.000 0.000 0.001 0.010 0.703 0.398 0.001 0.012 0.007 0.001 0.000 0.005 0.000 0.000 0.001 0.000 0.001 0.001 0.000 0.001 0.000 0.006 0.000 0.001 0.000 0.003 0.000 0.001 0.001 0.001 0.000 0.001 0.000 
23 crocodile_vis 30 0.992 0.078 0.001 0.001 0.930 0.002 0.001 0.001 0.005 0.001 0.000 0.000 0.001 0.076 0.040 0.001 0.075 0.001 0.001 0.001 0.001 0.000 0.001 0.001 0.004 0.000 0.000 0.001 0.011 0.868 0.012 0.001 0.010 0.001 0.001 0.000 0.087 0.000 0.000 0.009 0.000 0.001 0.001 0.000 0.000 0.000 0.042 0.000 0.001 0.001 0.004 0.000 0.001 0.001 0.001 0.000 0.002 0.000 
24 axe_vis 30 0.003 0.004 0.001 0.001 0.003 0.995 0.976 0.131 0.002 0.010 0.000 0.000 0.000 0.001 0.001 0.000 0.000 0.031 0.000 0.001 0.001 0.000 0.001 0.005 0.000 0.000 0.000 0.002 0.000 0.002 0.001 0.001 0.003 0.000 0.005 0.041 0.226 0.004 0.010 0.023 0.000 0.011 0.005 0.001 0.001 0.000 0.007 0.000 0.000 0.000 0.002 0.000 0.001 0.001 0.002 0.001 0.005 0.001 
25 hammer_vis 30 0.115 0.003 0.001 0.860 0.003 0.064 0.012 0.103 0.000 0.004 0.000 0.000 0.012 0.001 0.000 0.000 0.000 0.000 0.008 0.001 0.020 0.015 0.746 0.308 0.176 0.025 0.000 0.019 0.001 0.001 0.131 0.000 0.025 0.004 0.003 0.001 0.001 0.001 0.368 0.030 0.037 0.000 0.002 0.003 0.051 0.000 0.000 0.000 0.000 0.000 0.000 0.000 0.002 0.000 0.004 0.000 0.000 0.001 
26 screwdriver_vis 30 0.002 0.021 0.001 0.001 0.002 0.995 0.989 0.002 0.002 0.006 0.000 0.000 0.005 0.032 0.000 0.000 0.000 0.003 0.000 0.001 0.001 0.000 0.001 0.034 0.000 0.000 0.000 0.001 0.000 0.001 0.001 0.000 0.006 0.000 0.003 0.016 0.027 0.001 0.020 0.877 0.000 0.000 0.001 0.000 0.001 0.000 0.001 0.000 0.000 0.001 0.063 0.000 0.004 0.001 0.001 0.000 0.001 0.001 
27 chisel_vis 30 0.004 0.106 0.001 0.002 0.002 0.534 0.063 0.063 0.001 0.006 0.000 0.000 0.045 0.002 0.001 0.000 0.000 0.000 0.007 0.001 0.001 0.013 0.008 0.003 0.000 0.001 0.000 0.001 0.000 0.001 0.007 0.000 0.003 0.000 0.004 0.001 0.003 0.001 0.044 0.009 0.002 0.000 0.002 0.001 0.249 0.000 0.000 0.001 0.000 0.001 0.001 0.000 0.001 0.001 0.002 0.000 0.001 0.001 
28 saw_vis 30 0.003 0.077 0.001 0.016 0.001 0.959 0.959 0.004 0.001 0.003 0.001 0.000 0.136 0.012 0.000 0.000 0.000 0.001 0.016 0.001 0.001 0.017 0.024 0.067 0.000 0.000 0.000 0.004 0.000 0.001 0.001 0.000 0.001 0.000 0.007 0.004 0.001 0.001 0.846 0.014 0.002 0.000 0.001 0.001 0.039 0.000 0.000 0.002 0.000 0.033 0.001 0.000 0.003 0.001 0.002 0.000 0.000 0.004 
29 drill_vis 30 0.003 0.083 0.001 0.011 0.001 0.984 0.968 0.004 0.001 0.005 0.001 0.000 0.131 0.012 0.000 0.000 0.000 0.001 0.015 0.001 0.001 0.014 0.017 0.050 0.000 0.000 0.000 0.003 0.000 0.001 0.000 0.000 0.001 0.000 0.007 0.004 0.001 0.001 0.789 0.022 0.001 0.000 0.001 0.001 0.021 0.000 0.000 0.002 0.000 0.040 0.001 0.000 0.003 0.001 0.001 0.000 0.001 0.003 
30 clamp_vis 30 0.002 0.061 0.001 0.002 0.001 0.815 0.001 0.937 0.001 0.001 0.002 0.000 0.026 0.001 0.000 0.000 0.000 0.000 0.002 0.001 0.001 0.028 0.005 0.002 0.000 0.005 0.000 0.001 0.000 0.000 0.004 0.000 0.000 0.001 0.000 0.001 0.000 0.000 0.031 0.005 0.009 0.002 0.036 0.004 0.962 0.001 0.000 0.012 0.000 0.000 0.001 0.003 0.005 0.001 0.002 0.000 0.000 0.000 
31 hoe_vis 30 0.002 0.001 0.001 0.000 0.001 0.996 0.001 0.827 0.001 0.005 0.001 0.001 0.000 0.000 0.000 0.000 0.000 0.021 0.000 0.001 0.001 0.001 0.000 0.000 0.000 0.001 0.001 0.000 0.000 0.000 0.002 0.000 0.000 0.000 0.000 0.001 0.000 0.000 0.000 0.000 0.000 0.663 0.015 0.002 0.018 0.003 0.001 0.001 0.000 0.000 0.001 0.006 0.012 0.001 0.001 0.002 0.001 0.000 
32 rake_vis 30 0.002 0.002 0.001 0.002 0.001 0.901 0.001 0.993 0.001 0.004 0.003 0.008 0.000 0.001 0.000 0.001 0.000 0.012 0.000 0.001 0.008 0.001 0.000 0.056 0.000 0.137 0.007 0.000 0.000 0.000 0.004 0.000 0.000 0.003 0.000 0.003 0.000 0.000 0.000 0.066 0.001 0.974 0.023 0.003 0.739 0.005 0.001 0.001 0.000 0.000 0.276 0.005 0.611 0.073 0.002 0.001 0.000 0.000 
33 shovel_vis 30 0.001 0.001 0.001 0.001 0.001 0.996 0.001 0.985 0.001 0.001 0.001 0.000 0.000 0.000 0.000 0.000 0.000 0.003 0.000 0.001 0.002 0.000 0.000 0.006 0.000 0.004 0.016 0.001 0.000 0.000 0.006 0.000 0.000 0.001 0.000 0.001 0.000 0.000 0.000 0.000 0.001 0.832 0.012 0.012 0.011 0.008 0.002 0.001 0.000 0.000 0.000 0.003 0.013 0.000 0.002 0.001 0.001 0.000 
34 spade_vis 30 0.002 0.013 0.001 0.001 0.001 0.799 0.001 0.989 0.001 0.004 0.003 0.002 0.006 0.006 0.000 0.000 0.000 0.003 0.000 0.001 0.001 0.002 0.001 0.010 0.000 0.011 0.001 0.000 0.000 0.000 0.002 0.000 0.000 0.001 0.000 0.001 0.000 0.000 0.000 0.086 0.001 0.568 0.020 0.002 0.926 0.003 0.001 0.003 0.000 0.000 0.281 0.003 0.532 0.144 0.002 0.001 0.000 0.000 
35 wrench_vis 30 0.002 0.003 0.001 0.000 0.001 0.996 0.000 0.965 0.001 0.001 0.002 0.001 0.000 0.000 0.000 0.000 0.000 0.008 0.000 0.001 0.001 0.000 0.000 0.001 0.000 0.001 0.002 0.000 0.000 0.000 0.002 0.000 0.000 0.000 0.001 0.001 0.000 0.000 0.000 0.000 0.000 0.800 0.012 0.004 0.014 0.011 0.007 0.001 0.000 0.000 0.001 0.008 0.007 0.000 0.001 0.002 0.000 0.000 
36 accordion_vis 30 0.003 0.011 0.001 0.000 0.001 0.995 0.001 0.002 0.983 0.009 0.000 0.001 0.001 0.051 0.001 0.000 0.002 0.001 0.000 0.001 0.000 0.000 0.000 0.000 0.000 0.000 0.000 0.000 0.000 0.001 0.001 0.000 0.000 0.000 0.001 0.001 0.008 0.000 0.000 0.002 0.000 0.019 0.001 0.000 0.002 0.001 0.452 0.004 0.001 0.011 0.513 0.003 0.001 0.017 0.001 0.002 0.001 0.001 
37 cello_vis 30 0.002 0.008 0.001 0.000 0.001 0.994 0.001 0.003 0.984 0.005 0.000 0.001 0.001 0.045 0.001 0.001 0.002 0.001 0.000 0.001 0.000 0.000 0.000 0.000 0.000 0.000 0.000 0.000 0.000 0.002 0.001 0.000 0.000 0.001 0.001 0.001 0.002 0.000 0.000 0.001 0.000 0.013 0.001 0.000 0.006 0.001 0.125 0.014 0.001 0.069 0.928 0.008 0.002 0.012 0.001 0.001 0.001 0.001 
38 flute_vis 30 0.002 0.002 0.001 0.000 0.001 0.995 0.002 0.991 0.001 0.002 0.017 0.000 0.000 0.000 0.001 0.000 0.000 0.001 0.000 0.001 0.001 0.002 0.001 0.000 0.000 0.001 0.037 0.001 0.000 0.001 0.012 0.000 0.000 0.000 0.003 0.000 0.001 0.001 0.000 0.001 0.004 0.018 0.002 0.745 0.022 0.359 0.001 0.002 0.001 0.000 0.000 0.008 0.002 0.000 0.003 0.001 0.000 0.000 
39 guitar_vis 30 0.003 0.001 0.005 0.000 0.001 0.995 0.001 0.001 0.113 0.917 0.000 0.001 0.000 0.052 0.001 0.000 0.007 0.004 0.005 0.005 0.000 0.001 0.001 0.000 0.000 0.000 0.000 0.000 0.000 0.001 0.000 0.000 0.001 0.000 0.002 0.001 0.004 0.000 0.000 0.001 0.000 0.008 0.001 0.000 0.001 0.001 0.035 0.001 0.000 0.015 0.013 0.001 0.004 0.229 0.001 0.104 0.452 0.002 
40 piano_vis 30 0.002 0.011 0.001 0.000 0.001 0.994 0.001 0.002 0.990 0.004 0.000 0.001 0.001 0.049 0.001 0.001 0.001 0.001 0.000 0.001 0.000 0.000 0.000 0.000 0.000 0.000 0.000 0.000 0.000 0.001 0.001 0.000 0.000 0.001 0.001 0.001 0.003 0.000 0.000 0.002 0.000 0.011 0.001 0.000 0.005 0.001 0.149 0.011 0.001 0.060 0.931 0.008 0.001 0.013 0.001 0.001 0.001 0.001 
41 trumpet_vis 30 0.002 0.053 0.001 0.000 0.001 0.992 0.001 0.004 0.990 0.003 0.000 0.002 0.005 0.022 0.002 0.001 0.001 0.000 0.012 0.001 0.000 0.000 0.000 0.000 0.000 0.001 0.000 0.000 0.000 0.001 0.001 0.000 0.000 0.001 0.001 0.000 0.000 0.000 0.003 0.000 0.001 0.001 0.001 0.000 0.324 0.001 0.003 0.876 0.000 0.436 0.180 0.237 0.001 0.003 0.002 0.001 0.000 0.001 
42 fork_vis 30 0.003 0.001 0.011 0.000 0.001 0.995 0.002 0.019 0.000 0.796 0.000 0.000 0.000 0.003 0.000 0.000 0.003 0.130 0.000 0.001 0.018 0.129 0.002 0.000 0.001 0.000 0.001 0.000 0.000 0.001 0.001 0.000 0.000 0.000 0.006 0.000 0.001 0.000 0.000 0.005 0.000 0.030 0.001 0.000 0.001 0.001 0.001 0.001 0.000 0.000 0.000 0.000 0.904 0.060 0.003 0.021 0.005 0.002 
43 spoon_vis 30 0.003 0.001 0.018 0.000 0.001 0.995 0.001 0.001 0.007 0.966 0.000 0.000 0.000 0.016 0.000 0.000 0.028 0.002 0.003 0.003 0.005 0.002 0.001 0.000 0.000 0.000 0.000 0.000 0.000 0.001 0.001 0.000 0.003 0.000 0.002 0.000 0.001 0.000 0.000 0.002 0.000 0.026 0.001 0.000 0.006 0.000 0.001 0.004 0.000 0.001 0.014 0.003 0.075 0.835 0.005 0.016 0.003 0.003 
44 tongs_vis 30 0.002 0.001 0.701 0.001 0.001 0.991 0.001 0.135 0.001 0.816 0.000 0.000 0.000 0.000 0.000 0.000 0.040 0.001 0.007 0.008 0.015 0.821 0.017 0.000 0.004 0.000 0.003 0.000 0.001 0.000 0.004 0.000 0.000 0.000 0.005 0.000 0.001 0.000 0.000 0.001 0.001 0.002 0.001 0.009 0.087 0.048 0.000 0.487 0.000 0.000 0.000 0.005 0.266 0.003 0.127 0.322 0.001 0.001 
45 ladle_vis 30 0.003 0.001 0.056 0.000 0.001 0.995 0.001 0.007 0.004 0.975 0.000 0.000 0.000 0.002 0.000 0.000 0.190 0.002 0.001 0.002 0.006 0.006 0.001 0.000 0.000 0.000 0.000 0.000 0.000 0.001 0.003 0.000 0.001 0.000 0.002 0.000 0.001 0.000 0.000 0.001 0.000 0.107 0.001 0.000 0.008 0.001 0.019 0.032 0.000 0.000 0.001 0.001 0.179 0.223 0.019 0.835 0.003 0.001 
46 knife_vis 30 0.003 0.001 0.023 0.000 0.001 0.995 0.001 0.001 0.022 0.973 0.000 0.001 0.000 0.026 0.000 0.000 0.043 0.002 0.007 0.004 0.003 0.002 0.001 0.000 0.000 0.000 0.000 0.000 0.000 0.001 0.001 0.000 0.004 0.000 0.002 0.000 0.001 0.000 0.000 0.002 0.000 0.029 0.001 0.000 0.014 0.000 0.001 0.008 0.000 0.001 0.036 0.007 0.049 0.888 0.004 0.016 0.003 0.003 
47 chopsticks_vis 30 0.003 0.001 0.012 0.000 0.001 0.995 0.001 0.044 0.000 0.769 0.000 0.000 0.000 0.002 0.000 0.000 0.004 0.044 0.000 0.001 0.017 0.122 0.001 0.000 0.001 0.000 0.001 0.000 0.000 0.001 0.001 0.000 0.000 0.000 0.004 0.000 0.001 0.000 0.000 0.004 0.000 0.041 0.001 0.000 0.003 0.001 0.001 0.001 0.000 0.000 0.000 0.000 0.881 0.060 0.004 0.026 0.002 0.001 
