0 beaver_vis 30 0.996 0.982 0.003 0.013 0.001 0.001 0.000 0.008 0.001 0.000 0.961 0.018 0.053 0.037 0.038 0.001 0.001 0.083 0.001 0.000 0.000 0.001 0.000 0.001 0.001 0.001 0.073 0.000 0.002 0.006 0.002 0.000 0.000 0.000 0.000 0.000 0.001 0.000 0.001 0.002 0.001 0.004 0.000 0.001 0.001 0.000 0.001 0.000 0.000 0.000 0.000 0.001 0.000 0.001 0.000 0.001 0.001 0.000 
1 bear_vis 30 0.996 0.981 0.006 0.006 0.001 0.001 0.000 0.010 0.001 0.000 0.920 0.021 0.042 0.089 0.018 0.001 0.001 0.051 0.001 0.001 0.001 0.001 0.000 0.001 0.001 0.001 0.047 0.000 0.002 0.023 0.003 0.000 0.001 0.000 0.001 0.000 0.001 0.000 0.001 0.001 0.001 0.001 0.000 0.001 0.002 0.000 0.001 0.000 0.001 0.001 0.000 0.001 0.000 0.001 0.001 0.001 0.001 0.000 
2 sheep_vis 30 0.996 0.980 0.004 0.024 0.001 0.001 0.000 0.005 0.001 0.000 0.951 0.020 0.069 0.037 0.065 0.001 0.001 0.082 0.002 0.000 0.000 0.001 0.000 0.001 0.001 0.002 0.070 0.000 0.001 0.003 0.003 0.000 0.000 0.000 0.000 0.000 0.000 0.000 0.001 0.002 0.001 0.002 0.000 0.000 0.002 0.000 0.001 0.000 0.000 0.001 0.000 0.001 0.000 0.002 0.000 0.001 0.001 0.000 
3 buffalo_vis 30 0.996 0.977 0.004 0.007 0.001 0.001 0.000 0.011 0.001 0.000 0.938 0.013 0.034 0.047 0.015 0.001 0.001 0.053 0.001 0.001 0.001 0.001 0.000 0.001 0.001 0.001 0.054 0.000 0.002 0.030 0.002 0.001 0.001 0.000 0.001 0.000 0.001 0.000 0.001 0.001 0.001 0.001 0.001 0.001 0.001 0.000 0.001 0.000 0.000 0.001 0.000 0.001 0.000 0.001 0.001 0.001 0.001 0.000 
4 poodle_vis 30 0.996 0.983 0.003 0.012 0.001 0.001 0.000 0.006 0.001 0.000 0.948 0.022 0.061 0.049 0.051 0.001 0.001 0.062 0.002 0.000 0.000 0.001 0.000 0.001 0.001 0.001 0.049 0.000 0.002 0.003 0.002 0.000 0.000 0.000 0.000 0.000 0.001 0.000 0.001 0.002 0.001 0.002 0.000 0.001 0.002 0.000 0.001 0.000 0.000 0.000 0.000 0.001 0.000 0.001 0.000 0.001 0.001 0.000 
5 giraffe_vis 30 0.996 0.957 0.015 0.001 0.097 0.001 0.000 0.016 0.001 0.000 0.135 0.006 0.004 0.779 0.001 0.249 0.000 0.116 0.001 0.001 0.001 0.005 0.000 0.000 0.001 0.000 0.002 0.000 0.194 0.601 0.003 0.002 0.001 0.000 0.000 0.000 0.004 0.000 0.001 0.001 0.001 0.003 0.001 0.000 0.003 0.001 0.004 0.000 0.000 0.001 0.000 0.001 0.000 0.001 0.001 0.030 0.001 0.000 
6 robin_vis 30 0.996 0.028 0.762 0.097 0.001 0.001 0.000 0.001 0.001 0.000 0.169 0.001 0.002 0.001 0.001 0.000 0.517 0.234 0.006 0.001 0.020 0.003 0.021 0.000 0.006 0.001 0.225 0.000 0.000 0.001 0.000 0.000 0.001 0.000 0.000 0.000 0.000 0.000 0.001 0.001 0.001 0.001 0.000 0.000 0.001 0.000 0.001 0.000 0.000 0.001 0.000 0.000 0.001 0.002 0.000 0.001 0.001 0.001 
7 swan_vis 30 0.996 0.019 0.953 0.001 0.002 0.001 0.000 0.003 0.001 0.000 0.049 0.004 0.001 0.019 0.000 0.001 0.007 0.978 0.001 0.010 0.010 0.052 0.001 0.000 0.001 0.000 0.003 0.000 0.002 0.010 0.001 0.001 0.001 0.000 0.000 0.000 0.000 0.000 0.001 0.001 0.001 0.001 0.001 0.000 0.001 0.001 0.001 0.000 0.000 0.000 0.000 0.001 0.001 0.001 0.000 0.004 0.001 0.000 
8 woodpecker_vis 30 0.995 0.024 0.096 0.686 0.001 0.001 0.002 0.001 0.001 0.001 0.002 0.001 0.021 0.001 0.001 0.000 0.111 0.001 0.013 0.001 0.004 0.006 0.001 0.000 0.529 0.013 0.025 0.005 0.004 0.000 0.000 0.001 0.001 0.000 0.001 0.001 0.000 0.000 0.001 0.001 0.000 0.001 0.000 0.000 0.001 0.000 0.001 0.000 0.001 0.001 0.000 0.000 0.001 0.002 0.001 0.001 0.001 0.000 
9 peacock_vis 30 0.995 0.028 0.976 0.001 0.001 0.001 0.001 0.001 0.001 0.001 0.008 0.007 0.002 0.047 0.000 0.000 0.010 0.869 0.002 0.018 0.018 0.341 0.001 0.000 0.001 0.000 0.001 0.000 0.001 0.001 0.001 0.000 0.003 0.000 0.001 0.000 0.000 0.000 0.001 0.001 0.000 0.001 0.000 0.000 0.001 0.000 0.001 0.000 0.001 0.001 0.000 0.000 0.003 0.002 0.001 0.001 0.001 0.000 
10 crow_vis 30 0.996 0.003 0.953 0.001 0.027 0.001 0.000 0.002 0.001 0.001 0.001 0.001 0.001 0.003 0.000 0.001 0.049 0.507 0.001 0.015 0.749 0.004 0.003 0.000 0.001 0.000 0.029 0.000 0.032 0.002 0.002 0.005 0.003 0.000 0.001 0.000 0.000 0.000 0.001 0.001 0.001 0.001 0.000 0.000 0.001 0.001 0.001 0.000 0.001 0.001 0.000 0.000 0.001 0.001 0.001 0.001 0.001 0.000 
11 eagle_vis 30 0.996 0.019 0.953 0.001 0.006 0.001 0.000 0.002 0.001 0.000 0.055 0.003 0.001 0.011 0.000 0.001 0.009 0.941 0.001 0.029 0.270 0.040 0.004 0.000 0.001 0.000 0.031 0.000 0.014 0.002 0.002 0.001 0.001 0.000 0.000 0.000 0.000 0.000 0.001 0.001 0.001 0.002 0.000 0.000 0.001 0.001 0.001 0.000 0.000 0.001 0.000 0.000 0.003 0.001 0.000 0.001 0.001 0.000 
12 tuna_vis 30 0.995 0.036 0.002 0.963 0.004 0.001 0.001 0.013 0.001 0.001 0.081 0.000 0.001 0.001 0.001 0.001 0.001 0.002 0.001 0.001 0.003 0.000 0.001 0.021 0.026 0.092 0.884 0.001 0.080 0.003 0.012 0.001 0.001 0.000 0.001 0.001 0.000 0.000 0.001 0.001 0.006 0.019 0.001 0.003 0.001 0.001 0.001 0.000 0.001 0.001 0.000 0.001 0.000 0.001 0.001 0.001 0.001 0.000 
13 goldfish_vis 30 0.996 0.021 0.007 0.957 0.002 0.001 0.001 0.007 0.001 0.000 0.050 0.000 0.001 0.001 0.001 0.001 0.008 0.004 0.001 0.000 0.017 0.000 0.001 0.008 0.045 0.154 0.902 0.001 0.050 0.001 0.010 0.001 0.001 0.000 0.001 0.001 0.000 0.000 0.001 0.001 0.003 0.004 0.001 0.002 0.001 0.001 0.001 0.000 0.000 0.001 0.000 0.000 0.000 0.001 0.001 0.001 0.001 0.000 
14 salmon_vis 30 0.996 0.028 0.021 0.874 0.001 0.001 0.000 0.004 0.001 0.000 0.066 0.001 0.001 0.001 0.001 0.001 0.019 0.012 0.001 0.001 0.021 0.000 0.002 0.003 0.022 0.084 0.863 0.000 0.013 0.001 0.005 0.001 0.001 0.000 0.001 0.000 0.000 0.000 0.001 0.001 0.001 0.002 0.000 0.001 0.001 0.000 0.001 0.000 0.001 0.001 0.000 0.000 0.000 0.001 0.001 0.001 0.001 0.001 
15 sardine_vis 30 0.996 0.273 0.003 0.799 0.001 0.001 0.000 0.007 0.001 0.000 0.257 0.001 0.002 0.002 0.003 0.001 0.001 0.007 0.001 0.000 0.002 0.000 0.000 0.007 0.019 0.092 0.654 0.000 0.027 0.002 0.010 0.001 0.000 0.000 0.000 0.001 0.000 0.000 0.001 0.001 0.002 0.004 0.000 0.002 0.001 0.000 0.001 0.000 0.000 0.001 0.000 0.001 0.000 0.001 0.000 0.001 0.001 0.000 
16 catfish_vis 30 0.996 0.034 0.004 0.976 0.019 0.001 0.000 0.028 0.000 0.000 0.335 0.000 0.001 0.001 0.001 0.001 0.003 0.012 0.001 0.000 0.003 0.000 0.001 0.006 0.036 0.089 0.975 0.001 0.217 0.009 0.004 0.004 0.000 0.000 0.000 0.001 0.000 0.000 0.001 0.001 0.006 0.602 0.001 0.001 0.001 0.001 0.001 0.000 0.000 0.001 0.000 0.001 0.000 0.001 0.001 0.001 0.001 0.000 
17 cod_vis 30 0.995 0.024 0.005 0.951 0.002 0.001 0.001 0.007 0.001 0.000 0.053 0.000 0.001 0.001 0.001 0.001 0.005 0.004 0.001 0.001 0.013 0.000 0.001 0.010 0.030 0.138 0.862 0.000 0.042 0.002 0.012 0.001 0.001 0.000 0.001 0.001 0.000 0.000 0.001 0.001 0.003 0.009 0.001 0.002 0.001 0.001 0.001 0.000 0.000 0.001 0.000 0.001 0.000 0.001 0.001 0.001 0.001 0.000 
18 turtle_vis 30 0.996 0.017 0.008 0.004 0.941 0.001 0.000 0.015 0.001 0.000 0.001 0.000 0.000 0.024 0.000 0.009 0.000 0.004 0.001 0.001 0.021 0.000 0.000 0.001 0.005 0.001 0.034 0.000 0.938 0.278 0.008 0.152 0.001 0.000 0.001 0.001 0.000 0.002 0.001 0.001 0.001 0.012 0.002 0.002 0.001 0.006 0.001 0.001 0.000 0.001 0.000 0.000 0.000 0.001 0.001 0.007 0.001 0.000 
19 rattlesnake_vis 30 0.995 0.013 0.004 0.002 0.932 0.001 0.001 0.007 0.001 0.001 0.001 0.001 0.000 0.028 0.000 0.002 0.000 0.004 0.001 0.001 0.021 0.000 0.000 0.001 0.003 0.001 0.007 0.000 0.617 0.026 0.068 0.016 0.002 0.001 0.001 0.001 0.000 0.001 0.001 0.001 0.001 0.002 0.001 0.001 0.001 0.002 0.001 0.001 0.001 0.001 0.000 0.001 0.001 0.001 0.001 0.001 0.001 0.000 
20 crab_vis 30 0.995 0.005 0.002 0.008 0.979 0.001 0.001 0.011 0.001 0.001 0.001 0.002 0.000 0.024 0.000 0.001 0.000 0.011 0.001 0.001 0.018 0.000 0.001 0.007 0.002 0.001 0.003 0.003 0.276 0.041 0.559 0.002 0.010 0.005 0.002 0.001 0.000 0.001 0.001 0.001 0.001 0.001 0.002 0.001 0.003 0.001 0.001 0.000 0.001 0.001 0.000 0.001 0.001 0.001 0.001 0.001 0.001 0.000 
21 frog_vis 30 0.996 0.016 0.010 0.002 0.973 0.001 0.000 0.020 0.001 0.000 0.002 0.000 0.000 0.011 0.000 0.014 0.000 0.005 0.001 0.001 0.008 0.000 0.000 0.000 0.003 0.000 0.059 0.000 0.954 0.511 0.002 0.348 0.001 0.000 0.000 0.001 0.000 0.003 0.001 0.001 0.001 0.085 0.001 0.001 0.001 0.014 0.001 0.002 0.000 0.001 0.000 0.000 0.000 0.001 0.001 0.035 0.001 0.000 
22 gecko_vis 30 0.994 0.002 0.002 0.007 0.967 0.001 0.001 0.006 0.001 0.001 0.001 0.001 0.000 0.014 0.000 0.001 0.000 0.015 0.001 0.001 0.018 0.001 0.003 0.011 0.001 0.001 0.001 0.009 0.048 0.028 0.812 0.001 0.015 0.015 0.001 0.001 0.000 0.001 0.001 0.001 0.001 0.001 0.001 0.001 0.008 0.001 0.001 0.001 0.001 0.001 0.001 0.001 0.002 0.001 0.001 0.001 0.001 0.000 
23 crocodile_vis 30 0.995 0.005 0.003 0.003 0.981 0.001 0.001 0.017 0.001 0.001 0.001 0.000 0.000 0.007 0.000 0.021 0.000 0.003 0.001 0.001 0.005 0.000 0.000 0.001 0.001 0.000 0.017 0.001 0.569 0.814 0.006 0.065 0.001 0.001 0.001 0.001 0.000 0.003 0.001 0.001 0.001 0.101 0.001 0.002 0.001 0.011 0.001 0.006 0.001 0.001 0.000 0.001 0.001 0.001 0.001 0.043 0.001 0.000 
24 axe_vis 30 0.343 0.003 0.001 0.079 0.001 0.974 0.981 0.452 0.007 0.001 0.014 0.000 0.002 0.001 0.004 0.000 0.022 0.001 0.002 0.000 0.001 0.000 0.007 0.161 0.018 0.002 0.270 0.010 0.001 0.517 0.014 0.000 0.001 0.000 0.978 0.009 0.053 0.164 0.002 0.001 0.030 0.001 0.007 0.830 0.001 0.011 0.001 0.000 0.043 0.029 0.001 0.008 0.001 0.001 0.001 0.001 0.008 0.001 
25 hammer_vis 30 0.041 0.002 0.001 0.003 0.001 0.981 0.982 0.002 0.001 0.001 0.001 0.000 0.001 0.001 0.001 0.001 0.002 0.000 0.001 0.000 0.000 0.000 0.000 0.002 0.002 0.000 0.001 0.001 0.000 0.018 0.000 0.000 0.001 0.000 0.004 0.926 0.576 0.291 0.001 0.010 0.004 0.001 0.001 0.350 0.001 0.001 0.001 0.000 0.004 0.003 0.005 0.001 0.013 0.001 0.003 0.002 0.002 0.001 
26 screwdriver_vis 30 0.041 0.082 0.001 0.001 0.001 0.993 0.960 0.001 0.004 0.001 0.006 0.000 0.080 0.001 0.003 0.000 0.001 0.001 0.005 0.000 0.000 0.000 0.000 0.001 0.001 0.000 0.001 0.000 0.000 0.008 0.000 0.000 0.001 0.000 0.003 0.007 0.953 0.016 0.001 0.055 0.001 0.001 0.000 0.007 0.001 0.001 0.001 0.000 0.007 0.001 0.006 0.001 0.001 0.001 0.001 0.001 0.019 0.000 
27 chisel_vis 30 0.047 0.089 0.001 0.001 0.001 0.990 0.935 0.001 0.008 0.001 0.008 0.000 0.114 0.001 0.003 0.000 0.001 0.001 0.008 0.000 0.000 0.000 0.001 0.001 0.001 0.000 0.001 0.000 0.000 0.003 0.000 0.000 0.001 0.000 0.005 0.009 0.950 0.003 0.002 0.016 0.001 0.001 0.000 0.006 0.001 0.001 0.001 0.000 0.004 0.001 0.005 0.001 0.001 0.001 0.001 0.001 0.009 0.001 
28 saw_vis 30 0.031 0.048 0.001 0.001 0.001 0.991 0.980 0.003 0.001 0.001 0.003 0.000 0.016 0.002 0.004 0.001 0.001 0.001 0.002 0.000 0.000 0.000 0.000 0.000 0.001 0.000 0.001 0.000 0.000 0.079 0.000 0.000 0.001 0.000 0.001 0.004 0.605 0.521 0.002 0.824 0.016 0.001 0.000 0.002 0.001 0.000 0.001 0.000 0.012 0.001 0.010 0.001 0.008 0.001 0.001 0.001 0.116 0.000 
29 drill_vis 30 0.030 0.039 0.001 0.001 0.001 0.990 0.978 0.002 0.001 0.002 0.002 0.000 0.013 0.002 0.003 0.001 0.001 0.001 0.002 0.000 0.000 0.000 0.000 0.000 0.001 0.000 0.001 0.000 0.000 0.094 0.000 0.000 0.001 0.000 0.001 0.004 0.646 0.594 0.002 0.843 0.016 0.001 0.000 0.002 0.001 0.001 0.001 0.000 0.015 0.001 0.011 0.001 0.010 0.001 0.001 0.001 0.177 0.000 
30 clamp_vis 30 0.008 0.002 0.001 0.002 0.001 0.990 0.001 0.989 0.009 0.003 0.030 0.000 0.000 0.001 0.002 0.001 0.000 0.001 0.001 0.000 0.000 0.000 0.000 0.091 0.000 0.000 0.043 0.000 0.000 0.004 0.001 0.000 0.000 0.000 0.000 0.005 0.000 0.002 0.001 0.038 0.820 0.032 0.301 0.335 0.024 0.001 0.001 0.000 0.001 0.001 0.000 0.063 0.002 0.001 0.002 0.001 0.001 0.006 
31 hoe_vis 30 0.003 0.001 0.001 0.001 0.007 0.992 0.001 0.989 0.046 0.001 0.019 0.000 0.000 0.001 0.000 0.000 0.000 0.009 0.001 0.001 0.000 0.000 0.000 0.003 0.000 0.000 0.028 0.000 0.011 0.046 0.002 0.001 0.001 0.000 0.000 0.001 0.000 0.001 0.001 0.001 0.007 0.617 0.004 0.120 0.004 0.119 0.001 0.005 0.001 0.285 0.000 0.039 0.000 0.001 0.001 0.015 0.001 0.001 
32 rake_vis 30 0.009 0.001 0.001 0.001 0.001 0.987 0.001 0.991 0.015 0.020 0.011 0.000 0.000 0.004 0.001 0.007 0.000 0.001 0.001 0.001 0.002 0.000 0.000 0.064 0.000 0.000 0.137 0.000 0.012 0.007 0.015 0.000 0.000 0.000 0.001 0.004 0.000 0.001 0.001 0.001 0.211 0.049 0.982 0.403 0.018 0.014 0.001 0.003 0.004 0.001 0.000 0.137 0.001 0.003 0.027 0.001 0.001 0.030 
33 shovel_vis 30 0.003 0.001 0.001 0.001 0.001 0.995 0.002 0.961 0.001 0.001 0.001 0.000 0.000 0.000 0.000 0.000 0.000 0.001 0.001 0.000 0.000 0.000 0.000 0.038 0.000 0.000 0.005 0.000 0.000 0.004 0.000 0.000 0.001 0.000 0.000 0.003 0.001 0.074 0.001 0.001 0.033 0.003 0.002 0.979 0.001 0.003 0.001 0.000 0.005 0.002 0.000 0.017 0.000 0.001 0.001 0.001 0.003 0.002 
34 spade_vis 30 0.994 0.940 0.009 0.001 0.012 0.001 0.000 0.031 0.001 0.001 0.018 0.001 0.001 0.272 0.001 0.473 0.000 0.014 0.001 0.001 0.000 0.001 0.000 0.001 0.000 0.000 0.001 0.000 0.017 0.188 0.001 0.004 0.001 0.000 0.000 0.001 0.001 0.001 0.001 0.002 0.003 0.003 0.003 0.001 0.023 0.001 0.002 0.001 0.001 0.001 0.000 0.002 0.001 0.001 0.001 0.002 0.001 0.000 
35 wrench_vis 30 0.002 0.001 0.001 0.001 0.005 0.995 0.001 0.994 0.550 0.001 0.051 0.000 0.000 0.001 0.000 0.000 0.000 0.005 0.001 0.000 0.001 0.000 0.001 0.014 0.001 0.000 0.134 0.000 0.008 0.122 0.002 0.001 0.001 0.000 0.014 0.001 0.000 0.007 0.001 0.001 0.010 0.468 0.007 0.412 0.001 0.828 0.003 0.002 0.002 0.820 0.000 0.076 0.000 0.001 0.001 0.028 0.001 0.001 
36 accordion_vis 30 0.004 0.001 0.018 0.001 0.001 0.992 0.002 0.002 0.003 0.990 0.001 0.000 0.001 0.002 0.000 0.000 0.002 0.014 0.010 0.009 0.001 0.106 0.010 0.000 0.001 0.000 0.001 0.000 0.000 0.000 0.000 0.000 0.007 0.000 0.002 0.001 0.001 0.001 0.002 0.001 0.001 0.001 0.001 0.001 0.014 0.001 0.004 0.001 0.001 0.002 0.001 0.001 0.082 0.896 0.001 0.007 0.012 0.038 
37 cello_vis 30 0.019 0.001 0.001 0.001 0.030 0.821 0.001 0.974 0.018 0.002 0.029 0.000 0.000 0.002 0.000 0.006 0.000 0.031 0.001 0.001 0.002 0.000 0.001 0.002 0.001 0.000 0.055 0.001 0.183 0.036 0.027 0.002 0.001 0.001 0.001 0.021 0.001 0.001 0.001 0.001 0.039 0.914 0.418 0.004 0.015 0.113 0.002 0.218 0.001 0.018 0.001 0.077 0.008 0.004 0.004 0.022 0.001 0.002 
38 flute_vis 30 0.017 0.070 0.001 0.002 0.001 0.992 0.949 0.003 0.005 0.002 0.040 0.001 0.088 0.001 0.024 0.000 0.001 0.001 0.029 0.000 0.000 0.001 0.003 0.001 0.002 0.001 0.001 0.001 0.000 0.001 0.000 0.000 0.001 0.000 0.003 0.004 0.013 0.003 0.196 0.853 0.020 0.001 0.001 0.001 0.016 0.001 0.001 0.000 0.001 0.002 0.020 0.001 0.011 0.002 0.001 0.001 0.011 0.001 
39 guitar_vis 30 0.002 0.001 0.002 0.001 0.001 0.995 0.002 0.003 0.009 0.969 0.001 0.000 0.001 0.000 0.000 0.000 0.004 0.001 0.011 0.001 0.001 0.002 0.008 0.001 0.002 0.000 0.001 0.000 0.000 0.000 0.000 0.000 0.002 0.000 0.002 0.001 0.001 0.001 0.002 0.001 0.001 0.002 0.001 0.001 0.001 0.001 0.001 0.001 0.002 0.005 0.000 0.001 0.007 0.238 0.002 0.002 0.328 0.090 
40 piano_vis 30 0.084 0.001 0.002 0.001 0.134 0.021 0.094 0.008 0.002 0.033 0.001 0.000 0.001 0.003 0.000 0.067 0.001 0.001 0.001 0.001 0.002 0.002 0.003 0.001 0.007 0.000 0.005 0.132 0.055 0.251 0.004 0.005 0.005 0.001 0.020 0.675 0.005 0.008 0.002 0.003 0.003 0.485 0.013 0.001 0.002 0.008 0.002 0.599 0.001 0.039 0.019 0.001 0.177 0.001 0.277 0.438 0.001 0.002 
41 trumpet_vis 30 0.007 0.004 0.001 0.001 0.001 0.989 0.001 0.972 0.002 0.041 0.012 0.000 0.000 0.023 0.000 0.003 0.000 0.003 0.001 0.001 0.000 0.000 0.000 0.001 0.000 0.000 0.001 0.000 0.001 0.001 0.003 0.000 0.000 0.000 0.000 0.002 0.000 0.001 0.001 0.003 0.025 0.007 0.124 0.007 0.858 0.001 0.001 0.001 0.001 0.001 0.000 0.089 0.003 0.011 0.004 0.001 0.001 0.000 
42 fork_vis 30 0.397 0.002 0.003 0.004 0.152 0.010 0.074 0.003 0.004 0.005 0.001 0.000 0.002 0.002 0.000 0.004 0.002 0.001 0.001 0.001 0.002 0.002 0.012 0.001 0.018 0.001 0.011 0.471 0.029 0.284 0.007 0.004 0.005 0.001 0.141 0.045 0.002 0.002 0.003 0.001 0.001 0.151 0.001 0.001 0.001 0.003 0.002 0.045 0.001 0.094 0.003 0.001 0.017 0.001 0.012 0.093 0.001 0.001 
43 spoon_vis 30 0.002 0.001 0.002 0.001 0.001 0.995 0.002 0.002 0.006 0.989 0.001 0.000 0.001 0.000 0.000 0.000 0.012 0.001 0.008 0.001 0.000 0.001 0.003 0.000 0.001 0.000 0.001 0.000 0.000 0.000 0.000 0.000 0.001 0.000 0.002 0.000 0.005 0.005 0.001 0.003 0.001 0.001 0.000 0.001 0.001 0.001 0.002 0.001 0.011 0.002 0.000 0.001 0.009 0.149 0.001 0.020 0.761 0.019 
44 tongs_vis 30 0.031 0.001 0.001 0.001 0.025 0.795 0.008 0.816 0.007 0.005 0.005 0.000 0.001 0.001 0.000 0.029 0.000 0.002 0.001 0.001 0.001 0.000 0.001 0.002 0.001 0.000 0.070 0.001 0.105 0.234 0.004 0.002 0.001 0.001 0.001 0.150 0.001 0.002 0.001 0.002 0.049 0.895 0.540 0.010 0.002 0.207 0.001 0.620 0.001 0.034 0.006 0.045 0.023 0.001 0.024 0.254 0.001 0.002 
45 ladle_vis 30 0.002 0.002 0.001 0.001 0.002 0.994 0.001 0.697 0.060 0.002 0.103 0.000 0.000 0.001 0.000 0.000 0.000 0.024 0.001 0.000 0.000 0.000 0.000 0.001 0.001 0.000 0.003 0.000 0.003 0.020 0.001 0.000 0.001 0.000 0.001 0.001 0.001 0.002 0.001 0.002 0.005 0.272 0.002 0.001 0.009 0.009 0.014 0.003 0.001 0.026 0.000 0.021 0.000 0.004 0.001 0.063 0.007 0.001 
46 knife_vis 30 0.002 0.001 0.001 0.001 0.001 0.995 0.002 0.002 0.019 0.971 0.001 0.000 0.001 0.000 0.000 0.000 0.010 0.001 0.022 0.001 0.000 0.001 0.008 0.001 0.001 0.000 0.001 0.000 0.000 0.000 0.000 0.000 0.001 0.000 0.003 0.001 0.001 0.001 0.002 0.003 0.001 0.002 0.001 0.001 0.001 0.001 0.001 0.001 0.002 0.006 0.000 0.001 0.007 0.546 0.001 0.002 0.540 0.084 
47 chopsticks_vis 30 0.021 0.001 0.001 0.001 0.041 0.810 0.002 0.941 0.019 0.005 0.024 0.000 0.000 0.003 0.000 0.026 0.000 0.017 0.001 0.001 0.002 0.000 0.001 0.002 0.001 0.000 0.113 0.002 0.285 0.148 0.017 0.003 0.001 0.001 0.003 0.022 0.001 0.001 0.001 0.001 0.041 0.948 0.747 0.003 0.004 0.296 0.002 0.616 0.001 0.038 0.001 0.078 0.009 0.003 0.014 0.137 0.001 0.002 
