0 beaver_vis 30 0.910 0.099 0.001 0.002 0.116 0.332 0.001 0.001 0.001 0.238 0.001 0.000 0.001 0.002 0.466 0.000 0.002 0.001 0.000 0.000 0.002 0.001 0.001 0.000 0.001 0.000 0.046 0.373 0.000 0.287 0.053 0.000 0.000 0.001 0.001 0.003 0.001 0.001 0.001 0.231 0.000 0.000 0.001 0.030 0.000 0.001 0.000 0.000 0.003 0.001 0.112 0.000 0.001 0.005 0.002 0.001 0.232 0.018 
1 bear_vis 30 0.893 0.055 0.706 0.001 0.001 0.299 0.000 0.001 0.003 0.858 0.000 0.038 0.088 0.002 0.000 0.011 0.028 0.006 0.645 0.000 0.001 0.590 0.028 0.000 0.000 0.000 0.000 0.000 0.000 0.006 0.001 0.000 0.000 0.078 0.018 0.000 0.000 0.000 0.001 0.002 0.000 0.001 0.001 0.000 0.001 0.001 0.255 0.005 0.001 0.014 0.023 0.000 0.029 0.981 0.002 0.022 0.003 0.015 
2 sheep_vis 30 0.004 0.001 0.000 0.001 0.001 0.997 0.003 0.001 0.005 0.974 0.000 0.003 0.000 0.001 0.000 0.000 0.000 0.001 0.000 0.000 0.000 0.001 0.004 0.000 0.001 0.000 0.000 0.001 0.000 0.001 0.001 0.000 0.000 0.001 0.009 0.000 0.007 0.001 0.001 0.007 0.001 0.004 0.002 0.001 0.001 0.001 0.002 0.000 0.186 0.003 0.001 0.000 0.000 0.037 0.011 0.112 0.070 0.011 
3 buffalo_vis 30 0.004 0.002 0.001 0.001 0.001 0.996 0.003 0.002 0.030 0.982 0.000 0.013 0.000 0.001 0.000 0.001 0.000 0.001 0.004 0.000 0.000 0.021 0.005 0.000 0.000 0.000 0.000 0.000 0.000 0.001 0.001 0.000 0.000 0.004 0.017 0.000 0.004 0.000 0.002 0.008 0.000 0.001 0.006 0.000 0.001 0.001 0.120 0.002 0.019 0.005 0.004 0.000 0.001 0.384 0.054 0.005 0.021 0.021 
4 poodle_vis 30 0.005 0.002 0.001 0.001 0.001 0.996 0.008 0.001 0.004 0.980 0.000 0.005 0.000 0.003 0.000 0.000 0.000 0.001 0.000 0.000 0.001 0.003 0.001 0.000 0.000 0.000 0.000 0.000 0.000 0.002 0.001 0.000 0.000 0.001 0.011 0.000 0.019 0.001 0.003 0.010 0.000 0.001 0.001 0.000 0.000 0.001 0.002 0.001 0.174 0.002 0.021 0.000 0.006 0.107 0.005 0.009 0.207 0.006 
5 giraffe_vis 30 0.417 0.003 0.567 0.001 0.001 0.984 0.001 0.001 0.666 0.251 0.000 0.009 0.003 0.003 0.000 0.002 0.013 0.004 0.531 0.134 0.000 0.131 0.010 0.000 0.006 0.000 0.000 0.001 0.000 0.007 0.001 0.002 0.000 0.021 0.070 0.000 0.001 0.000 0.001 0.001 0.000 0.001 0.002 0.000 0.001 0.001 0.929 0.008 0.003 0.016 0.178 0.000 0.007 0.452 0.003 0.008 0.007 0.010 
6 robin_vis 30 0.003 0.004 0.001 0.001 0.001 0.996 0.002 0.001 0.001 0.782 0.000 0.000 0.000 0.001 0.026 0.000 0.000 0.001 0.000 0.000 0.001 0.001 0.000 0.000 0.000 0.000 0.000 0.004 0.000 0.008 0.001 0.000 0.000 0.001 0.001 0.000 0.002 0.001 0.001 0.012 0.002 0.000 0.000 0.021 0.000 0.001 0.000 0.000 0.013 0.000 0.075 0.000 0.001 0.002 0.001 0.001 0.904 0.006 
7 swan_vis 30 0.056 0.010 0.007 0.001 0.002 0.996 0.011 0.001 0.005 0.992 0.000 0.000 0.001 0.855 0.027 0.000 0.001 0.003 0.000 0.000 0.042 0.021 0.001 0.000 0.000 0.000 0.000 0.011 0.001 0.179 0.003 0.000 0.000 0.003 0.012 0.001 0.300 0.000 0.304 0.015 0.000 0.000 0.001 0.005 0.000 0.001 0.282 0.000 0.214 0.009 0.800 0.000 0.033 0.951 0.002 0.002 0.964 0.033 
8 woodpecker_vis 30 0.977 0.940 0.002 0.001 0.001 0.256 0.001 0.001 0.001 0.263 0.032 0.000 0.012 0.406 0.908 0.000 0.045 0.001 0.000 0.000 0.055 0.001 0.000 0.000 0.000 0.000 0.011 0.043 0.000 0.128 0.003 0.000 0.000 0.001 0.001 0.000 0.001 0.000 0.000 0.074 0.000 0.000 0.000 0.002 0.000 0.000 0.000 0.000 0.013 0.001 0.852 0.000 0.001 0.020 0.001 0.001 0.821 0.012 
9 peacock_vis 30 0.987 0.663 0.413 0.001 0.010 0.017 0.002 0.001 0.001 0.345 0.001 0.001 0.707 0.000 0.007 0.000 0.228 0.001 0.003 0.000 0.263 0.022 0.001 0.000 0.000 0.000 0.000 0.000 0.000 0.002 0.001 0.000 0.001 0.020 0.004 0.000 0.001 0.000 0.001 0.003 0.000 0.000 0.000 0.000 0.000 0.000 0.001 0.000 0.000 0.001 0.464 0.000 0.056 0.245 0.001 0.002 0.003 0.055 
10 crow_vis 30 0.004 0.000 0.003 0.001 0.001 0.994 0.797 0.024 0.011 0.019 0.000 0.000 0.000 0.000 0.002 0.000 0.003 0.001 0.000 0.001 0.001 0.001 0.000 0.000 0.001 0.000 0.002 0.001 0.001 0.001 0.001 0.001 0.000 0.001 0.536 0.099 0.062 0.160 0.002 0.091 0.103 0.010 0.015 0.098 0.001 0.001 0.001 0.001 0.072 0.001 0.010 0.000 0.002 0.002 0.006 0.001 0.011 0.004 
11 eagle_vis 30 0.990 0.945 0.017 0.001 0.003 0.074 0.002 0.001 0.001 0.152 0.032 0.000 0.009 0.409 0.920 0.000 0.047 0.001 0.000 0.000 0.082 0.004 0.000 0.000 0.000 0.000 0.008 0.034 0.000 0.110 0.003 0.000 0.000 0.002 0.001 0.000 0.001 0.000 0.001 0.038 0.000 0.000 0.000 0.001 0.000 0.000 0.000 0.000 0.009 0.001 0.780 0.000 0.005 0.025 0.001 0.001 0.782 0.003 
12 tuna_vis 30 0.990 0.863 0.022 0.005 0.006 0.242 0.001 0.002 0.002 0.467 0.000 0.456 0.050 0.609 0.061 0.005 0.001 0.002 0.050 0.001 0.000 0.023 0.032 0.005 0.006 0.001 0.000 0.005 0.000 0.001 0.001 0.000 0.000 0.023 0.001 0.001 0.000 0.000 0.000 0.018 0.000 0.001 0.004 0.000 0.001 0.001 0.011 0.002 0.028 0.007 0.002 0.001 0.001 0.746 0.003 0.006 0.045 0.009 
13 goldfish_vis 30 0.010 0.001 0.001 0.002 0.001 0.996 0.001 0.004 0.951 0.048 0.000 0.001 0.000 0.000 0.000 0.001 0.000 0.001 0.035 0.012 0.000 0.000 0.015 0.000 0.007 0.001 0.000 0.001 0.000 0.001 0.001 0.013 0.000 0.001 0.001 0.000 0.001 0.001 0.001 0.000 0.006 0.001 0.006 0.000 0.210 0.002 0.462 0.846 0.002 0.011 0.001 0.002 0.000 0.020 0.001 0.005 0.001 0.005 
14 salmon_vis 30 0.796 0.001 0.835 0.001 0.001 0.490 0.002 0.001 0.343 0.008 0.000 0.001 0.003 0.001 0.000 0.002 0.036 0.002 0.783 0.416 0.000 0.000 0.002 0.000 0.009 0.001 0.000 0.000 0.000 0.001 0.001 0.012 0.000 0.001 0.009 0.001 0.001 0.000 0.001 0.012 0.000 0.000 0.003 0.000 0.001 0.001 0.737 0.039 0.003 0.001 0.010 0.000 0.000 0.015 0.001 0.002 0.001 0.002 
15 sardine_vis 30 0.004 0.000 0.000 0.007 0.001 0.996 0.004 0.941 0.169 0.007 0.000 0.000 0.000 0.000 0.000 0.001 0.000 0.001 0.003 0.000 0.000 0.000 0.003 0.000 0.001 0.053 0.000 0.001 0.000 0.001 0.001 0.105 0.000 0.002 0.201 0.004 0.000 0.001 0.000 0.001 0.398 0.597 0.860 0.013 0.401 0.005 0.005 0.001 0.003 0.001 0.001 0.004 0.000 0.001 0.010 0.002 0.001 0.005 
16 catfish_vis 30 0.993 0.892 0.364 0.017 0.007 0.006 0.001 0.002 0.002 0.156 0.017 0.246 0.012 0.799 0.542 0.001 0.000 0.340 0.000 0.000 0.326 0.010 0.012 0.002 0.002 0.000 0.001 0.016 0.002 0.001 0.115 0.000 0.001 0.003 0.000 0.001 0.004 0.001 0.002 0.001 0.000 0.001 0.001 0.000 0.000 0.002 0.001 0.001 0.004 0.006 0.001 0.001 0.003 0.268 0.001 0.003 0.098 0.002 
17 cod_vis 30 0.004 0.000 0.000 0.010 0.001 0.996 0.005 0.946 0.183 0.005 0.000 0.000 0.000 0.000 0.000 0.001 0.000 0.001 0.003 0.000 0.000 0.000 0.003 0.000 0.001 0.061 0.000 0.001 0.000 0.001 0.001 0.114 0.000 0.002 0.160 0.003 0.000 0.001 0.001 0.001 0.377 0.610 0.828 0.008 0.542 0.005 0.004 0.001 0.002 0.001 0.001 0.003 0.000 0.001 0.013 0.001 0.001 0.003 
18 turtle_vis 30 0.441 0.001 0.512 0.001 0.002 0.944 0.004 0.001 0.356 0.154 0.000 0.002 0.003 0.001 0.000 0.003 0.033 0.002 0.753 0.288 0.000 0.004 0.005 0.000 0.005 0.001 0.000 0.000 0.000 0.002 0.001 0.009 0.000 0.002 0.041 0.001 0.001 0.000 0.001 0.084 0.000 0.000 0.006 0.000 0.007 0.001 0.852 0.061 0.005 0.002 0.019 0.001 0.000 0.274 0.002 0.007 0.001 0.009 
19 rattlesnake_vis 30 0.004 0.000 0.006 0.001 0.001 0.993 0.002 0.004 0.972 0.002 0.000 0.003 0.000 0.001 0.000 0.001 0.001 0.003 0.093 0.004 0.000 0.000 0.001 0.002 0.001 0.008 0.000 0.000 0.000 0.001 0.001 0.002 0.000 0.001 0.006 0.001 0.000 0.000 0.002 0.000 0.000 0.000 0.004 0.000 0.070 0.001 0.718 0.013 0.002 0.004 0.010 0.001 0.000 0.010 0.001 0.001 0.001 0.002 
20 crab_vis 30 0.992 0.049 0.926 0.001 0.001 0.007 0.000 0.001 0.006 0.043 0.000 0.006 0.007 0.001 0.000 0.004 0.006 0.011 0.124 0.001 0.001 0.033 0.004 0.000 0.000 0.000 0.000 0.000 0.000 0.000 0.001 0.000 0.000 0.002 0.000 0.000 0.000 0.000 0.000 0.000 0.000 0.000 0.001 0.000 0.000 0.001 0.100 0.007 0.001 0.002 0.004 0.000 0.003 0.812 0.000 0.004 0.000 0.002 
21 frog_vis 30 0.003 0.000 0.001 0.002 0.001 0.995 0.001 0.134 0.984 0.002 0.000 0.001 0.000 0.000 0.000 0.000 0.001 0.001 0.008 0.001 0.000 0.000 0.001 0.001 0.001 0.031 0.000 0.000 0.000 0.001 0.000 0.005 0.000 0.001 0.005 0.001 0.000 0.000 0.001 0.000 0.003 0.001 0.014 0.000 0.085 0.001 0.123 0.003 0.005 0.134 0.009 0.003 0.000 0.002 0.000 0.001 0.001 0.002 
22 gecko_vis 30 0.963 0.001 0.958 0.001 0.001 0.051 0.002 0.001 0.121 0.009 0.000 0.003 0.005 0.001 0.000 0.010 0.236 0.012 0.938 0.852 0.000 0.096 0.002 0.000 0.012 0.002 0.000 0.000 0.000 0.001 0.001 0.240 0.000 0.001 0.030 0.000 0.001 0.000 0.001 0.008 0.000 0.000 0.001 0.000 0.002 0.001 0.633 0.034 0.001 0.001 0.021 0.000 0.001 0.032 0.002 0.002 0.001 0.003 
23 crocodile_vis 30 0.994 0.001 0.001 0.001 0.990 0.004 0.001 0.001 0.002 0.011 0.001 0.000 0.095 0.000 0.000 0.000 0.008 0.001 0.000 0.000 0.001 0.133 0.041 0.000 0.000 0.001 0.000 0.001 0.001 0.051 0.117 0.002 0.053 0.932 0.002 0.001 0.000 0.001 0.000 0.001 0.002 0.008 0.052 0.000 0.000 0.001 0.000 0.001 0.000 0.001 0.003 0.001 0.112 0.001 0.012 0.008 0.000 0.059 
24 axe_vis 30 0.003 0.000 0.031 0.001 0.001 0.997 0.958 0.029 0.007 0.001 0.000 0.000 0.000 0.001 0.041 0.000 0.027 0.001 0.000 0.034 0.024 0.001 0.000 0.015 0.001 0.000 0.007 0.001 0.003 0.001 0.000 0.000 0.000 0.000 0.964 0.001 0.006 0.021 0.005 0.005 0.000 0.057 0.001 0.019 0.000 0.001 0.000 0.000 0.047 0.003 0.018 0.000 0.002 0.000 0.000 0.001 0.024 0.000 
25 hammer_vis 30 0.004 0.000 0.000 0.002 0.002 0.997 0.989 0.039 0.008 0.002 0.000 0.000 0.000 0.000 0.010 0.000 0.000 0.000 0.000 0.001 0.002 0.000 0.001 0.009 0.001 0.000 0.039 0.003 0.007 0.001 0.001 0.000 0.000 0.000 0.009 0.486 0.029 0.586 0.006 0.006 0.005 0.003 0.005 0.018 0.002 0.021 0.000 0.000 0.038 0.000 0.001 0.004 0.000 0.000 0.001 0.001 0.010 0.001 
26 screwdriver_vis 30 0.003 0.000 0.001 0.001 0.001 0.997 0.991 0.001 0.002 0.004 0.000 0.000 0.000 0.000 0.005 0.000 0.000 0.000 0.000 0.035 0.002 0.000 0.000 0.000 0.006 0.000 0.001 0.000 0.001 0.001 0.000 0.001 0.000 0.000 0.011 0.007 0.888 0.009 0.002 0.236 0.146 0.001 0.001 0.004 0.007 0.001 0.000 0.000 0.003 0.000 0.001 0.000 0.000 0.000 0.094 0.001 0.005 0.000 
27 chisel_vis 30 0.003 0.000 0.000 0.002 0.001 0.997 0.972 0.022 0.007 0.002 0.000 0.000 0.000 0.001 0.008 0.000 0.000 0.000 0.000 0.001 0.001 0.000 0.000 0.006 0.001 0.000 0.025 0.006 0.007 0.001 0.001 0.000 0.000 0.000 0.003 0.064 0.076 0.891 0.009 0.003 0.027 0.007 0.001 0.033 0.023 0.031 0.000 0.000 0.019 0.001 0.001 0.014 0.000 0.000 0.002 0.001 0.018 0.001 
28 saw_vis 30 0.004 0.001 0.002 0.001 0.001 0.995 0.991 0.001 0.002 0.008 0.000 0.000 0.000 0.003 0.040 0.000 0.001 0.001 0.000 0.006 0.052 0.000 0.000 0.058 0.001 0.000 0.008 0.000 0.013 0.001 0.000 0.000 0.000 0.000 0.004 0.010 0.089 0.144 0.958 0.175 0.000 0.001 0.001 0.001 0.069 0.001 0.000 0.000 0.001 0.000 0.002 0.002 0.002 0.000 0.003 0.000 0.024 0.001 
29 drill_vis 30 0.016 0.000 0.215 0.001 0.003 0.041 0.609 0.002 0.005 0.001 0.000 0.000 0.001 0.001 0.002 0.000 0.105 0.001 0.002 0.005 0.093 0.009 0.000 0.013 0.000 0.003 0.001 0.000 0.008 0.017 0.000 0.009 0.000 0.001 0.305 0.001 0.001 0.002 0.849 0.026 0.000 0.004 0.008 0.001 0.013 0.001 0.000 0.000 0.001 0.001 0.069 0.002 0.146 0.001 0.001 0.000 0.004 0.001 
30 clamp_vis 30 0.003 0.000 0.000 0.001 0.002 0.997 0.061 0.993 0.002 0.002 0.000 0.000 0.000 0.000 0.000 0.000 0.000 0.000 0.000 0.000 0.000 0.000 0.001 0.002 0.000 0.000 0.010 0.020 0.000 0.012 0.001 0.001 0.000 0.001 0.026 0.139 0.000 0.011 0.000 0.062 0.036 0.002 0.054 0.988 0.000 0.018 0.000 0.000 0.089 0.000 0.003 0.002 0.000 0.000 0.001 0.002 0.008 0.002 
31 hoe_vis 30 0.005 0.000 0.000 0.001 0.001 0.997 0.013 0.955 0.001 0.015 0.000 0.000 0.000 0.000 0.001 0.000 0.000 0.001 0.000 0.000 0.000 0.000 0.001 0.000 0.000 0.000 0.004 0.435 0.000 0.019 0.002 0.000 0.000 0.000 0.018 0.084 0.001 0.205 0.001 0.024 0.035 0.014 0.047 0.964 0.000 0.038 0.000 0.000 0.056 0.001 0.001 0.001 0.000 0.000 0.001 0.004 0.095 0.001 
32 rake_vis 30 0.003 0.001 0.000 0.001 0.001 0.997 0.007 0.991 0.017 0.007 0.015 0.000 0.000 0.000 0.000 0.003 0.006 0.001 0.000 0.000 0.000 0.000 0.001 0.002 0.000 0.004 0.000 0.009 0.000 0.002 0.003 0.000 0.000 0.001 0.002 0.020 0.000 0.013 0.003 0.000 0.031 0.004 0.068 0.168 0.000 0.684 0.000 0.000 0.001 0.002 0.001 0.015 0.000 0.000 0.004 0.004 0.002 0.006 
33 shovel_vis 30 0.003 0.000 0.000 0.002 0.001 0.997 0.028 0.994 0.002 0.003 0.000 0.000 0.000 0.000 0.000 0.000 0.000 0.000 0.000 0.000 0.000 0.000 0.001 0.002 0.000 0.000 0.008 0.083 0.000 0.013 0.001 0.001 0.000 0.000 0.024 0.200 0.000 0.016 0.000 0.039 0.029 0.005 0.094 0.985 0.000 0.046 0.000 0.000 0.120 0.001 0.002 0.001 0.000 0.000 0.001 0.002 0.011 0.001 
34 spade_vis 30 0.003 0.000 0.001 0.001 0.002 0.995 0.578 0.676 0.004 0.002 0.000 0.000 0.002 0.000 0.000 0.000 0.027 0.000 0.003 0.000 0.001 0.001 0.001 0.001 0.000 0.016 0.001 0.000 0.000 0.001 0.001 0.005 0.000 0.001 0.033 0.043 0.000 0.002 0.005 0.061 0.004 0.002 0.855 0.003 0.005 0.001 0.000 0.000 0.001 0.000 0.002 0.003 0.000 0.000 0.011 0.001 0.001 0.031 
35 wrench_vis 30 0.003 0.011 0.000 0.005 0.000 0.997 0.001 0.047 0.105 0.097 0.000 0.000 0.000 0.489 0.000 0.001 0.000 0.001 0.000 0.000 0.000 0.000 0.001 0.042 0.000 0.000 0.000 0.341 0.000 0.000 0.001 0.000 0.000 0.000 0.001 0.001 0.000 0.001 0.001 0.000 0.000 0.000 0.001 0.014 0.000 0.236 0.001 0.000 0.459 0.179 0.001 0.001 0.000 0.002 0.000 0.002 0.818 0.001 
36 accordion_vis 30 0.003 0.002 0.003 0.002 0.001 0.996 0.001 0.006 0.992 0.004 0.000 0.023 0.000 0.002 0.000 0.018 0.000 0.025 0.006 0.000 0.000 0.000 0.002 0.003 0.000 0.008 0.000 0.001 0.000 0.001 0.000 0.000 0.000 0.000 0.004 0.000 0.000 0.001 0.001 0.000 0.000 0.005 0.001 0.001 0.002 0.024 0.011 0.003 0.007 0.986 0.001 0.006 0.002 0.036 0.000 0.007 0.004 0.001 
37 cello_vis 30 0.003 0.001 0.001 0.004 0.001 0.996 0.001 0.006 0.994 0.003 0.000 0.004 0.000 0.004 0.000 0.005 0.000 0.016 0.006 0.001 0.000 0.000 0.003 0.010 0.001 0.023 0.000 0.001 0.000 0.001 0.001 0.000 0.000 0.001 0.001 0.000 0.000 0.001 0.005 0.000 0.000 0.000 0.001 0.001 0.026 0.010 0.055 0.047 0.007 0.191 0.001 0.016 0.000 0.004 0.000 0.004 0.002 0.001 
38 flute_vis 30 0.003 0.000 0.000 0.020 0.000 0.997 0.002 0.018 0.990 0.002 0.000 0.001 0.000 0.045 0.000 0.002 0.000 0.002 0.000 0.003 0.000 0.000 0.001 0.145 0.004 0.001 0.000 0.003 0.000 0.000 0.000 0.000 0.000 0.000 0.001 0.004 0.000 0.001 0.002 0.000 0.000 0.000 0.001 0.003 0.002 0.013 0.057 0.001 0.858 0.113 0.001 0.001 0.000 0.001 0.000 0.002 0.020 0.001 
39 guitar_vis 30 0.003 0.022 0.005 0.002 0.000 0.997 0.000 0.016 0.966 0.024 0.000 0.045 0.000 0.005 0.000 0.048 0.000 0.031 0.005 0.000 0.000 0.000 0.002 0.002 0.000 0.002 0.000 0.002 0.000 0.001 0.001 0.000 0.000 0.000 0.002 0.000 0.000 0.001 0.001 0.000 0.000 0.004 0.001 0.001 0.001 0.055 0.004 0.001 0.004 0.986 0.001 0.003 0.005 0.069 0.000 0.009 0.010 0.001 
40 piano_vis 30 0.004 0.002 0.030 0.002 0.001 0.996 0.019 0.003 0.990 0.216 0.000 0.013 0.000 0.038 0.000 0.004 0.000 0.181 0.009 0.005 0.000 0.000 0.005 0.002 0.004 0.003 0.000 0.000 0.000 0.001 0.000 0.000 0.000 0.000 0.007 0.003 0.008 0.000 0.013 0.000 0.000 0.000 0.005 0.000 0.003 0.033 0.728 0.032 0.083 0.010 0.017 0.001 0.000 0.042 0.002 0.009 0.005 0.017 
41 trumpet_vis 30 0.003 0.001 0.002 0.003 0.001 0.996 0.000 0.013 0.992 0.004 0.000 0.006 0.000 0.009 0.000 0.013 0.000 0.013 0.003 0.000 0.000 0.000 0.003 0.014 0.001 0.005 0.000 0.003 0.000 0.001 0.001 0.000 0.000 0.001 0.001 0.000 0.000 0.001 0.002 0.000 0.000 0.001 0.001 0.001 0.004 0.022 0.013 0.004 0.016 0.590 0.001 0.006 0.000 0.004 0.000 0.005 0.004 0.001 
42 fork_vis 30 0.020 0.000 0.211 0.001 0.003 0.143 0.121 0.057 0.025 0.003 0.000 0.001 0.000 0.000 0.000 0.001 0.063 0.001 0.393 0.059 0.001 0.370 0.001 0.001 0.000 0.002 0.000 0.000 0.000 0.152 0.000 0.136 0.000 0.004 0.858 0.000 0.000 0.000 0.060 0.128 0.001 0.082 0.036 0.001 0.140 0.001 0.054 0.001 0.001 0.003 0.027 0.001 0.039 0.016 0.002 0.001 0.001 0.001 
43 spoon_vis 30 0.003 0.001 0.001 0.003 0.001 0.997 0.001 0.045 0.504 0.056 0.000 0.000 0.000 0.002 0.000 0.000 0.000 0.001 0.000 0.001 0.000 0.000 0.001 0.003 0.001 0.000 0.000 0.007 0.000 0.001 0.001 0.000 0.000 0.000 0.004 0.001 0.001 0.001 0.002 0.001 0.000 0.002 0.003 0.027 0.004 0.001 0.007 0.000 0.829 0.022 0.001 0.000 0.001 0.014 0.000 0.003 0.046 0.001 
44 tongs_vis 30 0.004 0.001 0.000 0.001 0.002 0.997 0.014 0.938 0.002 0.016 0.002 0.000 0.000 0.000 0.002 0.001 0.001 0.001 0.000 0.000 0.000 0.000 0.001 0.001 0.000 0.000 0.002 0.106 0.000 0.003 0.004 0.000 0.000 0.001 0.006 0.035 0.001 0.086 0.001 0.003 0.016 0.003 0.013 0.813 0.000 0.198 0.000 0.000 0.014 0.001 0.001 0.008 0.000 0.000 0.002 0.005 0.072 0.005 
45 ladle_vis 30 0.003 0.000 0.000 0.003 0.000 0.997 0.023 0.003 0.661 0.028 0.000 0.000 0.000 0.002 0.001 0.000 0.000 0.001 0.000 0.001 0.000 0.000 0.001 0.014 0.001 0.000 0.002 0.025 0.000 0.000 0.001 0.000 0.000 0.000 0.009 0.035 0.001 0.088 0.001 0.002 0.000 0.001 0.003 0.015 0.001 0.001 0.002 0.000 0.883 0.010 0.008 0.001 0.000 0.002 0.000 0.003 0.155 0.001 
46 knife_vis 30 0.003 0.001 0.000 0.034 0.001 0.997 0.001 0.624 0.752 0.020 0.000 0.000 0.000 0.215 0.000 0.001 0.000 0.001 0.000 0.000 0.000 0.000 0.001 0.168 0.001 0.000 0.000 0.127 0.000 0.001 0.001 0.000 0.000 0.000 0.001 0.046 0.001 0.002 0.001 0.000 0.000 0.000 0.003 0.535 0.000 0.047 0.039 0.000 0.956 0.029 0.002 0.000 0.000 0.001 0.000 0.003 0.359 0.001 
47 chopsticks_vis 30 0.004 0.016 0.000 0.001 0.002 0.997 0.001 0.005 0.032 0.966 0.001 0.000 0.000 0.000 0.045 0.001 0.000 0.001 0.000 0.000 0.001 0.000 0.001 0.000 0.000 0.000 0.000 0.012 0.000 0.001 0.017 0.000 0.000 0.001 0.003 0.001 0.001 0.744 0.000 0.001 0.001 0.002 0.002 0.003 0.000 0.010 0.000 0.001 0.009 0.026 0.001 0.022 0.003 0.001 0.001 0.036 0.811 0.065 
