0 beaver_vis 30 0.995 0.021 0.930 0.001 0.000 0.002 0.001 0.000 0.000 0.030 0.000 0.000 0.001 0.004 0.001 0.000 0.002 0.014 0.001 0.010 0.011 0.005 0.001 0.000 0.001 0.000 0.008 0.001 0.000 0.000 0.000 0.000 0.000 0.000 0.000 0.003 0.000 0.001 0.001 0.000 0.000 0.001 0.000 0.000 0.000 0.009 0.000 0.001 0.000 0.000 0.000 0.000 0.026 0.001 0.005 0.002 0.000 0.001 
1 bear_vis 30 0.995 0.665 0.309 0.000 0.000 0.003 0.001 0.000 0.000 0.001 0.004 0.015 0.004 0.015 0.084 0.004 0.003 0.000 0.002 0.072 0.006 0.000 0.000 0.000 0.001 0.000 0.002 0.000 0.002 0.000 0.000 0.000 0.000 0.000 0.001 0.002 0.000 0.001 0.002 0.001 0.001 0.000 0.000 0.000 0.000 0.028 0.000 0.001 0.001 0.000 0.000 0.000 0.007 0.003 0.003 0.000 0.000 0.001 
2 sheep_vis 30 0.994 0.699 0.571 0.007 0.001 0.002 0.001 0.000 0.000 0.001 0.017 0.000 0.163 0.005 0.598 0.008 0.860 0.017 0.016 0.001 0.038 0.027 0.001 0.084 0.000 0.001 0.006 0.005 0.003 0.013 0.001 0.000 0.000 0.000 0.010 0.001 0.001 0.002 0.000 0.000 0.000 0.000 0.000 0.009 0.000 0.047 0.001 0.001 0.025 0.000 0.000 0.000 0.006 0.000 0.004 0.000 0.004 0.000 
3 buffalo_vis 30 0.995 0.096 0.917 0.001 0.000 0.003 0.000 0.000 0.000 0.022 0.002 0.001 0.001 0.050 0.004 0.000 0.006 0.019 0.000 0.021 0.048 0.017 0.001 0.001 0.011 0.000 0.012 0.000 0.000 0.000 0.000 0.000 0.000 0.000 0.000 0.005 0.000 0.000 0.003 0.000 0.000 0.000 0.000 0.000 0.000 0.052 0.000 0.001 0.000 0.000 0.000 0.000 0.020 0.002 0.010 0.001 0.000 0.002 
4 poodle_vis 30 0.994 0.990 0.023 0.000 0.000 0.108 0.001 0.000 0.000 0.029 0.026 0.001 0.022 0.028 0.885 0.012 0.006 0.000 0.000 0.001 0.037 0.000 0.000 0.000 0.000 0.000 0.000 0.000 0.001 0.004 0.001 0.000 0.000 0.000 0.006 0.001 0.001 0.000 0.000 0.001 0.000 0.000 0.000 0.000 0.000 0.008 0.000 0.001 0.004 0.001 0.000 0.000 0.056 0.024 0.001 0.000 0.072 0.003 
5 giraffe_vis 30 0.994 0.992 0.007 0.000 0.001 0.022 0.002 0.000 0.000 0.006 0.014 0.220 0.015 0.299 0.051 0.008 0.000 0.000 0.000 0.004 0.002 0.000 0.000 0.000 0.000 0.000 0.001 0.000 0.004 0.000 0.001 0.000 0.000 0.000 0.001 0.004 0.001 0.000 0.003 0.004 0.000 0.000 0.000 0.000 0.000 0.001 0.000 0.001 0.001 0.000 0.000 0.000 0.010 0.024 0.001 0.000 0.000 0.007 
6 robin_vis 30 0.994 0.268 0.991 0.012 0.000 0.001 0.001 0.001 0.000 0.001 0.000 0.000 0.033 0.012 0.290 0.015 0.949 0.007 0.065 0.042 0.359 0.026 0.001 0.043 0.000 0.003 0.005 0.005 0.002 0.001 0.001 0.000 0.000 0.000 0.006 0.001 0.001 0.008 0.000 0.001 0.000 0.001 0.001 0.035 0.000 0.301 0.002 0.001 0.012 0.000 0.000 0.000 0.009 0.000 0.021 0.000 0.001 0.000 
7 swan_vis 30 0.995 0.114 0.973 0.004 0.000 0.001 0.000 0.001 0.000 0.004 0.031 0.000 0.001 0.002 0.007 0.000 0.103 0.758 0.001 0.009 0.101 0.019 0.001 0.001 0.001 0.000 0.022 0.006 0.000 0.000 0.000 0.000 0.000 0.000 0.000 0.004 0.000 0.000 0.000 0.000 0.000 0.001 0.001 0.000 0.000 0.167 0.000 0.003 0.000 0.000 0.000 0.000 0.007 0.000 0.002 0.002 0.000 0.001 
8 woodpecker_vis 30 0.993 0.021 0.962 0.003 0.000 0.004 0.001 0.008 0.000 0.002 0.000 0.000 0.003 0.058 0.001 0.000 0.007 0.000 0.104 0.025 0.019 0.018 0.048 0.001 0.007 0.002 0.002 0.000 0.000 0.000 0.011 0.000 0.002 0.000 0.001 0.001 0.000 0.007 0.001 0.001 0.011 0.001 0.001 0.041 0.000 0.012 0.000 0.001 0.000 0.000 0.000 0.000 0.002 0.003 0.116 0.001 0.000 0.000 
9 peacock_vis 30 0.992 0.072 0.992 0.006 0.000 0.003 0.007 0.003 0.000 0.317 0.001 0.004 0.000 0.446 0.001 0.000 0.002 0.002 0.007 0.659 0.746 0.332 0.013 0.000 0.654 0.000 0.015 0.001 0.000 0.000 0.000 0.000 0.001 0.000 0.001 0.112 0.000 0.001 0.125 0.010 0.012 0.001 0.001 0.000 0.000 0.007 0.000 0.024 0.000 0.000 0.000 0.000 0.078 0.013 0.117 0.036 0.001 0.086 
10 crow_vis 30 0.994 0.139 0.978 0.006 0.000 0.002 0.001 0.000 0.000 0.071 0.000 0.000 0.001 0.343 0.022 0.000 0.035 0.001 0.001 0.061 0.227 0.048 0.004 0.000 0.041 0.000 0.011 0.001 0.000 0.000 0.000 0.000 0.000 0.000 0.000 0.004 0.000 0.002 0.004 0.001 0.001 0.000 0.000 0.000 0.000 0.026 0.000 0.002 0.000 0.000 0.000 0.000 0.072 0.008 0.174 0.004 0.000 0.003 
11 eagle_vis 30 0.995 0.002 0.986 0.653 0.000 0.001 0.001 0.001 0.000 0.012 0.000 0.000 0.103 0.134 0.000 0.000 0.015 0.019 0.222 0.003 0.080 0.985 0.258 0.000 0.936 0.001 0.425 0.006 0.002 0.000 0.000 0.000 0.001 0.000 0.001 0.007 0.000 0.006 0.005 0.031 0.025 0.001 0.001 0.003 0.000 0.001 0.000 0.011 0.000 0.000 0.000 0.000 0.002 0.000 0.014 0.168 0.001 0.005 
12 tuna_vis 30 0.995 0.000 0.006 0.990 0.047 0.050 0.000 0.005 0.000 0.005 0.000 0.000 0.000 0.001 0.000 0.000 0.001 0.000 0.001 0.000 0.004 0.006 0.931 0.138 0.023 0.002 0.012 0.002 0.000 0.000 0.011 0.000 0.002 0.006 0.000 0.000 0.000 0.002 0.000 0.000 0.007 0.001 0.001 0.040 0.001 0.001 0.000 0.002 0.000 0.000 0.000 0.000 0.000 0.024 0.009 0.043 0.000 0.000 
13 goldfish_vis 30 0.995 0.000 0.004 0.987 0.033 0.005 0.000 0.015 0.000 0.000 0.000 0.000 0.000 0.000 0.000 0.000 0.003 0.000 0.002 0.001 0.002 0.000 0.064 0.960 0.002 0.013 0.001 0.009 0.000 0.027 0.001 0.000 0.001 0.025 0.000 0.000 0.000 0.000 0.000 0.000 0.001 0.016 0.001 0.096 0.001 0.000 0.001 0.001 0.000 0.000 0.001 0.000 0.000 0.001 0.000 0.001 0.000 0.000 
14 salmon_vis 30 0.995 0.000 0.010 0.992 0.018 0.001 0.000 0.004 0.000 0.005 0.000 0.000 0.000 0.489 0.000 0.000 0.000 0.000 0.003 0.001 0.005 0.047 0.169 0.002 0.974 0.043 0.015 0.328 0.000 0.000 0.000 0.003 0.115 0.004 0.000 0.001 0.000 0.002 0.014 0.001 0.002 0.011 0.001 0.004 0.075 0.000 0.011 0.001 0.000 0.000 0.015 0.000 0.000 0.001 0.001 0.378 0.000 0.000 
15 sardine_vis 30 0.995 0.000 0.004 0.978 0.062 0.001 0.000 0.039 0.000 0.000 0.000 0.000 0.000 0.000 0.000 0.001 0.002 0.000 0.013 0.001 0.001 0.000 0.001 0.183 0.001 0.911 0.002 0.005 0.007 0.002 0.000 0.002 0.001 0.002 0.000 0.001 0.000 0.004 0.000 0.000 0.000 0.031 0.001 0.110 0.004 0.000 0.041 0.001 0.000 0.000 0.001 0.000 0.000 0.000 0.000 0.000 0.000 0.000 
16 catfish_vis 30 0.995 0.000 0.006 0.992 0.008 0.002 0.000 0.001 0.000 0.001 0.000 0.000 0.000 0.010 0.000 0.000 0.001 0.001 0.001 0.000 0.001 0.003 0.064 0.068 0.047 0.018 0.032 0.012 0.001 0.000 0.000 0.000 0.001 0.001 0.000 0.001 0.000 0.001 0.000 0.000 0.001 0.001 0.001 0.017 0.002 0.000 0.001 0.002 0.000 0.000 0.000 0.000 0.000 0.001 0.001 0.004 0.000 0.000 
17 cod_vis 30 0.995 0.000 0.004 0.989 0.025 0.003 0.000 0.006 0.000 0.000 0.000 0.000 0.000 0.001 0.000 0.000 0.001 0.000 0.002 0.001 0.002 0.001 0.073 0.678 0.007 0.017 0.002 0.031 0.000 0.003 0.000 0.000 0.001 0.022 0.000 0.001 0.000 0.000 0.000 0.000 0.001 0.009 0.001 0.032 0.001 0.000 0.001 0.001 0.000 0.000 0.001 0.000 0.000 0.001 0.000 0.002 0.000 0.000 
18 turtle_vis 30 0.994 0.011 0.000 0.004 0.992 0.040 0.000 0.000 0.012 0.000 0.000 0.002 0.007 0.001 0.000 0.001 0.000 0.000 0.002 0.000 0.000 0.000 0.009 0.001 0.000 0.002 0.000 0.000 0.008 0.047 0.630 0.011 0.023 0.005 0.000 0.001 0.000 0.001 0.000 0.001 0.000 0.001 0.000 0.001 0.000 0.000 0.000 0.001 0.000 0.034 0.001 0.016 0.000 0.004 0.000 0.000 0.000 0.000 
19 rattlesnake_vis 30 0.989 0.015 0.000 0.015 0.990 0.010 0.001 0.001 0.003 0.001 0.000 0.025 0.002 0.004 0.000 0.003 0.000 0.000 0.002 0.000 0.000 0.000 0.042 0.000 0.003 0.002 0.000 0.000 0.000 0.216 0.010 0.046 0.976 0.009 0.000 0.001 0.001 0.001 0.015 0.003 0.000 0.001 0.001 0.000 0.013 0.000 0.002 0.001 0.000 0.010 0.002 0.007 0.000 0.010 0.000 0.000 0.000 0.000 
20 crab_vis 30 0.994 0.000 0.001 0.206 0.930 0.006 0.000 0.060 0.001 0.000 0.000 0.001 0.000 0.000 0.000 0.000 0.000 0.000 0.005 0.001 0.001 0.000 0.010 0.001 0.003 0.081 0.000 0.001 0.000 0.001 0.005 0.007 0.109 0.071 0.000 0.000 0.000 0.001 0.000 0.000 0.002 0.003 0.001 0.022 0.004 0.000 0.000 0.001 0.000 0.000 0.001 0.001 0.000 0.002 0.000 0.000 0.000 0.000 
21 frog_vis 30 0.993 0.009 0.000 0.020 0.992 0.009 0.000 0.001 0.001 0.000 0.000 0.015 0.002 0.004 0.000 0.001 0.000 0.000 0.002 0.000 0.000 0.000 0.014 0.000 0.003 0.005 0.000 0.001 0.000 0.097 0.005 0.070 0.948 0.004 0.000 0.000 0.000 0.002 0.009 0.004 0.000 0.001 0.000 0.000 0.005 0.000 0.002 0.001 0.000 0.009 0.002 0.003 0.000 0.008 0.000 0.000 0.000 0.000 
22 gecko_vis 30 0.992 0.001 0.000 0.043 0.988 0.007 0.000 0.005 0.001 0.000 0.000 0.003 0.001 0.001 0.000 0.000 0.000 0.000 0.003 0.001 0.001 0.000 0.022 0.000 0.004 0.009 0.000 0.001 0.000 0.021 0.005 0.010 0.930 0.007 0.000 0.000 0.000 0.001 0.005 0.001 0.001 0.001 0.001 0.001 0.017 0.000 0.001 0.001 0.000 0.005 0.002 0.002 0.000 0.004 0.000 0.000 0.000 0.000 
23 crocodile_vis 30 0.993 0.000 0.001 0.661 0.732 0.002 0.000 0.843 0.001 0.000 0.000 0.000 0.000 0.000 0.000 0.000 0.000 0.000 0.022 0.002 0.001 0.000 0.013 0.002 0.004 0.414 0.000 0.001 0.000 0.001 0.003 0.000 0.027 0.714 0.000 0.000 0.000 0.000 0.000 0.000 0.018 0.088 0.001 0.013 0.021 0.000 0.000 0.001 0.000 0.000 0.002 0.000 0.000 0.000 0.000 0.000 0.000 0.000 
24 axe_vis 30 0.001 0.000 0.002 0.000 0.000 0.994 0.988 0.020 0.008 0.001 0.000 0.000 0.008 0.000 0.000 0.001 0.146 0.000 0.003 0.000 0.000 0.000 0.000 0.000 0.000 0.000 0.000 0.000 0.000 0.001 0.000 0.000 0.000 0.000 0.886 0.006 0.087 0.330 0.004 0.002 0.000 0.001 0.004 0.019 0.001 0.001 0.035 0.000 0.034 0.001 0.001 0.000 0.004 0.000 0.001 0.001 0.003 0.000 
25 hammer_vis 30 0.001 0.000 0.001 0.001 0.000 0.995 0.983 0.017 0.001 0.002 0.000 0.000 0.000 0.000 0.000 0.000 0.000 0.000 0.000 0.001 0.000 0.000 0.000 0.000 0.001 0.001 0.000 0.000 0.000 0.000 0.000 0.000 0.000 0.000 0.000 0.178 0.003 0.506 0.003 0.004 0.003 0.002 0.001 0.006 0.006 0.001 0.001 0.000 0.000 0.000 0.000 0.000 0.015 0.000 0.013 0.000 0.000 0.000 
26 screwdriver_vis 30 0.001 0.000 0.000 0.000 0.000 0.994 0.988 0.012 0.006 0.001 0.000 0.000 0.004 0.000 0.000 0.002 0.024 0.000 0.001 0.000 0.000 0.000 0.000 0.000 0.000 0.000 0.000 0.000 0.000 0.001 0.000 0.000 0.000 0.000 0.040 0.008 0.492 0.333 0.002 0.004 0.000 0.001 0.003 0.012 0.002 0.000 0.101 0.000 0.006 0.001 0.001 0.001 0.003 0.000 0.000 0.000 0.001 0.000 
27 chisel_vis 30 0.001 0.000 0.001 0.001 0.000 0.995 0.548 0.700 0.001 0.005 0.000 0.000 0.000 0.000 0.000 0.000 0.001 0.000 0.002 0.000 0.000 0.000 0.001 0.001 0.000 0.001 0.000 0.000 0.000 0.000 0.000 0.000 0.004 0.000 0.003 0.001 0.001 0.568 0.001 0.002 0.013 0.001 0.001 0.425 0.038 0.003 0.002 0.000 0.002 0.001 0.000 0.001 0.000 0.000 0.009 0.002 0.000 0.000 
28 saw_vis 30 0.001 0.001 0.000 0.000 0.000 0.995 0.993 0.001 0.001 0.043 0.000 0.013 0.000 0.000 0.000 0.000 0.000 0.000 0.000 0.001 0.000 0.000 0.000 0.000 0.000 0.000 0.000 0.000 0.000 0.000 0.000 0.000 0.002 0.000 0.071 0.002 0.001 0.007 0.982 0.027 0.000 0.000 0.000 0.000 0.007 0.000 0.017 0.000 0.000 0.007 0.000 0.000 0.051 0.010 0.002 0.001 0.001 0.001 
29 drill_vis 30 0.001 0.000 0.000 0.000 0.000 0.995 0.993 0.002 0.001 0.012 0.000 0.001 0.001 0.000 0.000 0.000 0.000 0.000 0.000 0.002 0.000 0.000 0.000 0.000 0.000 0.000 0.000 0.000 0.000 0.000 0.000 0.000 0.000 0.000 0.003 0.310 0.001 0.521 0.162 0.010 0.001 0.001 0.000 0.000 0.006 0.000 0.001 0.000 0.000 0.000 0.000 0.000 0.053 0.000 0.261 0.000 0.001 0.001 
30 clamp_vis 30 0.002 0.000 0.054 0.002 0.000 0.995 0.001 0.993 0.001 0.016 0.000 0.000 0.000 0.000 0.000 0.013 0.005 0.000 0.003 0.054 0.027 0.000 0.002 0.016 0.000 0.001 0.000 0.000 0.000 0.000 0.001 0.000 0.000 0.000 0.006 0.001 0.000 0.006 0.000 0.000 0.029 0.008 0.006 0.285 0.007 0.797 0.001 0.000 0.001 0.001 0.000 0.001 0.001 0.028 0.017 0.004 0.000 0.000 
31 hoe_vis 30 0.027 0.000 0.000 0.259 0.000 0.995 0.001 0.401 0.001 0.980 0.000 0.000 0.000 0.000 0.002 0.000 0.001 0.000 0.000 0.001 0.026 0.000 0.003 0.500 0.000 0.000 0.000 0.004 0.000 0.000 0.000 0.000 0.000 0.000 0.000 0.001 0.000 0.001 0.000 0.000 0.002 0.972 0.002 0.002 0.010 0.021 0.028 0.001 0.000 0.002 0.001 0.002 0.016 0.383 0.071 0.124 0.000 0.000 
32 rake_vis 30 0.004 0.000 0.087 0.002 0.000 0.995 0.001 0.993 0.001 0.021 0.000 0.000 0.000 0.000 0.001 0.018 0.017 0.000 0.001 0.049 0.044 0.000 0.001 0.013 0.000 0.001 0.000 0.000 0.000 0.000 0.001 0.000 0.000 0.000 0.187 0.001 0.000 0.001 0.000 0.000 0.006 0.006 0.036 0.022 0.004 0.979 0.001 0.001 0.001 0.001 0.000 0.001 0.002 0.010 0.023 0.003 0.000 0.000 
33 shovel_vis 30 0.002 0.000 0.129 0.002 0.000 0.995 0.009 0.993 0.001 0.011 0.000 0.000 0.001 0.000 0.000 0.001 0.177 0.000 0.028 0.001 0.002 0.000 0.002 0.038 0.000 0.001 0.000 0.000 0.000 0.000 0.004 0.000 0.000 0.000 0.947 0.001 0.000 0.026 0.000 0.000 0.007 0.003 0.477 0.551 0.010 0.912 0.002 0.001 0.003 0.004 0.000 0.001 0.001 0.001 0.022 0.018 0.005 0.001 
34 spade_vis 30 0.002 0.000 0.000 0.001 0.000 0.995 0.001 0.990 0.002 0.045 0.000 0.000 0.000 0.000 0.000 0.003 0.000 0.000 0.000 0.002 0.001 0.000 0.000 0.001 0.000 0.001 0.000 0.000 0.000 0.000 0.000 0.000 0.000 0.000 0.000 0.001 0.001 0.004 0.000 0.000 0.003 0.953 0.046 0.001 0.014 0.020 0.021 0.001 0.000 0.007 0.001 0.010 0.004 0.003 0.004 0.001 0.000 0.000 
35 wrench_vis 30 0.011 0.000 0.000 0.491 0.000 0.995 0.000 0.387 0.003 0.981 0.000 0.000 0.000 0.000 0.001 0.000 0.006 0.000 0.000 0.000 0.011 0.000 0.005 0.484 0.000 0.000 0.000 0.005 0.000 0.001 0.000 0.000 0.000 0.000 0.000 0.001 0.000 0.003 0.000 0.000 0.002 0.782 0.011 0.012 0.042 0.022 0.287 0.000 0.001 0.013 0.001 0.001 0.005 0.129 0.106 0.498 0.004 0.000 
36 accordion_vis 30 0.001 0.000 0.000 0.002 0.001 0.992 0.057 0.001 0.989 0.001 0.000 0.000 0.001 0.000 0.000 0.002 0.001 0.000 0.000 0.000 0.000 0.000 0.000 0.001 0.000 0.002 0.000 0.002 0.000 0.118 0.000 0.001 0.002 0.000 0.003 0.001 0.027 0.005 0.089 0.001 0.000 0.001 0.001 0.002 0.124 0.001 0.977 0.001 0.071 0.031 0.042 0.001 0.000 0.000 0.001 0.001 0.001 0.000 
37 cello_vis 30 0.003 0.000 0.000 0.001 0.050 0.993 0.001 0.018 0.991 0.003 0.001 0.000 0.004 0.000 0.000 0.000 0.000 0.000 0.008 0.000 0.000 0.000 0.014 0.022 0.000 0.001 0.000 0.001 0.001 0.004 0.250 0.000 0.002 0.119 0.001 0.005 0.001 0.001 0.000 0.001 0.139 0.020 0.008 0.001 0.001 0.027 0.001 0.924 0.003 0.018 0.022 0.464 0.000 0.010 0.001 0.006 0.000 0.050 
38 flute_vis 30 0.001 0.003 0.003 0.001 0.000 0.995 0.019 0.242 0.007 0.018 0.000 0.000 0.001 0.000 0.005 0.009 0.008 0.000 0.003 0.000 0.000 0.000 0.001 0.004 0.000 0.001 0.000 0.000 0.000 0.001 0.003 0.000 0.000 0.000 0.903 0.001 0.001 0.024 0.001 0.000 0.003 0.001 0.015 0.072 0.005 0.742 0.005 0.001 0.008 0.007 0.001 0.001 0.001 0.009 0.029 0.002 0.002 0.032 
39 guitar_vis 30 0.002 0.000 0.000 0.001 0.020 0.995 0.003 0.004 0.990 0.005 0.000 0.000 0.005 0.000 0.002 0.001 0.001 0.000 0.001 0.000 0.000 0.000 0.003 0.100 0.000 0.001 0.000 0.000 0.001 0.040 0.038 0.000 0.001 0.000 0.022 0.001 0.002 0.003 0.001 0.002 0.001 0.006 0.001 0.026 0.001 0.040 0.008 0.018 0.282 0.586 0.001 0.072 0.000 0.029 0.003 0.002 0.011 0.001 
40 piano_vis 30 0.001 0.000 0.000 0.001 0.007 0.987 0.003 0.002 0.979 0.001 0.000 0.000 0.001 0.001 0.000 0.003 0.000 0.000 0.001 0.000 0.000 0.000 0.000 0.001 0.001 0.004 0.000 0.019 0.000 0.020 0.000 0.009 0.010 0.047 0.000 0.004 0.032 0.001 0.003 0.001 0.000 0.032 0.003 0.001 0.013 0.000 0.044 0.015 0.001 0.001 0.892 0.003 0.000 0.001 0.000 0.003 0.000 0.000 
41 trumpet_vis 30 0.004 0.000 0.001 0.001 0.000 0.994 0.001 0.862 0.016 0.016 0.000 0.000 0.000 0.000 0.000 0.019 0.001 0.000 0.000 0.002 0.001 0.000 0.000 0.002 0.000 0.001 0.000 0.000 0.000 0.000 0.001 0.000 0.000 0.001 0.001 0.005 0.001 0.002 0.000 0.000 0.019 0.037 0.023 0.001 0.001 0.638 0.001 0.002 0.001 0.001 0.002 0.067 0.003 0.001 0.016 0.000 0.000 0.001 
42 fork_vis 30 0.003 0.002 0.000 0.000 0.000 0.995 0.002 0.000 0.000 0.993 0.000 0.000 0.000 0.014 0.001 0.000 0.000 0.000 0.000 0.000 0.002 0.000 0.002 0.000 0.003 0.000 0.000 0.000 0.000 0.000 0.000 0.000 0.001 0.000 0.000 0.009 0.001 0.001 0.004 0.016 0.000 0.012 0.000 0.000 0.000 0.000 0.000 0.000 0.000 0.001 0.001 0.000 0.790 0.654 0.005 0.030 0.007 0.032 
43 spoon_vis 30 0.004 0.000 0.000 0.000 0.000 0.995 0.001 0.000 0.000 0.994 0.000 0.000 0.000 0.001 0.001 0.000 0.000 0.000 0.000 0.000 0.000 0.000 0.003 0.000 0.000 0.000 0.000 0.000 0.000 0.000 0.000 0.000 0.001 0.000 0.000 0.000 0.000 0.001 0.002 0.003 0.000 0.006 0.000 0.000 0.000 0.000 0.000 0.000 0.000 0.008 0.000 0.000 0.033 0.937 0.045 0.024 0.039 0.006 
44 tongs_vis 30 0.005 0.000 0.001 0.001 0.000 0.995 0.001 0.011 0.001 0.989 0.000 0.000 0.000 0.000 0.000 0.000 0.000 0.000 0.000 0.000 0.000 0.001 0.114 0.000 0.000 0.000 0.000 0.000 0.000 0.000 0.000 0.000 0.000 0.000 0.002 0.001 0.000 0.275 0.001 0.000 0.017 0.001 0.001 0.001 0.001 0.006 0.000 0.000 0.000 0.001 0.000 0.000 0.080 0.007 0.987 0.033 0.001 0.014 
45 ladle_vis 30 0.007 0.000 0.000 0.031 0.000 0.995 0.001 0.002 0.000 0.993 0.000 0.000 0.000 0.000 0.000 0.000 0.000 0.000 0.000 0.000 0.000 0.000 0.047 0.000 0.002 0.000 0.000 0.000 0.000 0.000 0.000 0.000 0.001 0.000 0.000 0.000 0.000 0.019 0.002 0.000 0.001 0.016 0.000 0.001 0.011 0.000 0.000 0.000 0.000 0.003 0.000 0.000 0.026 0.684 0.927 0.407 0.005 0.001 
46 knife_vis 30 0.002 0.000 0.000 0.001 0.000 0.995 0.004 0.001 0.001 0.989 0.000 0.000 0.000 0.000 0.000 0.000 0.001 0.000 0.000 0.000 0.000 0.000 0.003 0.001 0.000 0.000 0.000 0.000 0.000 0.000 0.000 0.000 0.000 0.000 0.002 0.000 0.001 0.036 0.001 0.006 0.000 0.001 0.001 0.003 0.000 0.000 0.000 0.000 0.000 0.003 0.000 0.000 0.009 0.006 0.013 0.205 0.763 0.002 
47 chopsticks_vis 30 0.003 0.000 0.000 0.001 0.000 0.995 0.001 0.001 0.001 0.989 0.000 0.000 0.000 0.000 0.000 0.000 0.000 0.000 0.000 0.000 0.001 0.000 0.011 0.000 0.000 0.000 0.000 0.000 0.000 0.000 0.000 0.000 0.000 0.000 0.001 0.001 0.000 0.012 0.001 0.001 0.000 0.001 0.000 0.001 0.001 0.000 0.000 0.000 0.000 0.003 0.000 0.000 0.015 0.017 0.055 0.596 0.276 0.002 
