0 beaver_vis 30 0.995 0.985 0.002 0.005 0.001 0.001 0.001 0.001 0.004 0.000 0.784 0.058 0.177 0.013 0.009 0.002 0.001 0.004 0.059 0.009 0.001 0.002 0.001 0.001 0.002 0.044 0.052 0.001 0.000 0.000 0.001 0.000 0.000 0.000 0.000 0.001 0.000 0.000 0.000 0.000 0.001 0.000 0.001 0.002 0.001 0.000 0.001 0.004 0.000 0.000 0.009 0.001 0.009 0.000 0.000 0.001 0.000 0.001 
1 bear_vis 30 0.994 0.975 0.002 0.273 0.001 0.002 0.001 0.001 0.005 0.001 0.032 0.530 0.657 0.015 0.001 0.003 0.001 0.002 0.045 0.007 0.002 0.001 0.004 0.001 0.065 0.322 0.455 0.001 0.000 0.000 0.001 0.000 0.000 0.001 0.000 0.001 0.001 0.000 0.003 0.000 0.001 0.000 0.004 0.002 0.002 0.002 0.001 0.005 0.001 0.000 0.018 0.002 0.002 0.000 0.000 0.001 0.000 0.001 
2 sheep_vis 30 0.994 0.991 0.002 0.021 0.001 0.003 0.001 0.001 0.014 0.001 0.099 0.026 0.976 0.131 0.001 0.002 0.001 0.001 0.003 0.004 0.002 0.001 0.001 0.000 0.003 0.210 0.020 0.002 0.001 0.000 0.000 0.000 0.000 0.000 0.000 0.001 0.000 0.000 0.001 0.000 0.002 0.000 0.001 0.001 0.001 0.016 0.008 0.015 0.001 0.000 0.003 0.001 0.005 0.000 0.000 0.001 0.000 0.000 
3 buffalo_vis 30 0.994 0.108 0.001 0.898 0.001 0.002 0.001 0.001 0.009 0.001 0.012 0.005 0.089 0.005 0.001 0.001 0.001 0.000 0.001 0.004 0.001 0.001 0.007 0.016 0.003 0.122 0.488 0.007 0.002 0.000 0.001 0.001 0.000 0.000 0.000 0.001 0.000 0.000 0.001 0.000 0.002 0.000 0.001 0.001 0.001 0.043 0.001 0.022 0.001 0.001 0.006 0.002 0.001 0.000 0.000 0.001 0.000 0.001 
4 poodle_vis 30 0.995 0.991 0.002 0.026 0.001 0.001 0.001 0.001 0.005 0.001 0.016 0.344 0.675 0.012 0.002 0.003 0.001 0.001 0.010 0.003 0.001 0.001 0.003 0.000 0.010 0.064 0.070 0.001 0.000 0.000 0.000 0.001 0.000 0.000 0.000 0.001 0.000 0.000 0.001 0.000 0.001 0.000 0.001 0.001 0.001 0.007 0.033 0.004 0.000 0.001 0.009 0.001 0.002 0.000 0.000 0.001 0.000 0.001 
5 giraffe_vis 30 0.994 0.991 0.002 0.124 0.001 0.002 0.001 0.001 0.006 0.001 0.055 0.887 0.446 0.042 0.001 0.020 0.001 0.001 0.066 0.005 0.002 0.001 0.001 0.001 0.076 0.181 0.221 0.001 0.000 0.000 0.001 0.000 0.000 0.000 0.000 0.001 0.001 0.000 0.004 0.000 0.001 0.000 0.001 0.004 0.001 0.000 0.001 0.005 0.001 0.000 0.016 0.001 0.002 0.000 0.000 0.001 0.000 0.001 
6 robin_vis 30 0.958 0.958 0.002 0.006 0.000 0.295 0.001 0.002 0.216 0.001 0.004 0.278 0.861 0.020 0.005 0.006 0.001 0.003 0.001 0.002 0.046 0.000 0.037 0.000 0.006 0.035 0.002 0.011 0.000 0.000 0.000 0.007 0.000 0.000 0.001 0.001 0.000 0.000 0.001 0.000 0.003 0.001 0.001 0.000 0.001 0.052 0.895 0.011 0.001 0.008 0.006 0.001 0.006 0.007 0.000 0.001 0.000 0.001 
7 swan_vis 30 0.993 0.003 0.002 0.991 0.001 0.001 0.001 0.001 0.005 0.001 0.002 0.008 0.005 0.001 0.004 0.000 0.000 0.003 0.001 0.007 0.001 0.001 0.977 0.001 0.111 0.099 0.039 0.004 0.000 0.025 0.000 0.001 0.001 0.001 0.001 0.001 0.011 0.000 0.000 0.000 0.001 0.001 0.001 0.000 0.125 0.031 0.005 0.005 0.001 0.001 0.017 0.002 0.001 0.001 0.001 0.002 0.000 0.001 
8 woodpecker_vis 30 0.987 0.098 0.005 0.398 0.000 0.015 0.002 0.001 0.030 0.001 0.001 0.042 0.570 0.001 0.001 0.002 0.001 0.035 0.033 0.002 0.050 0.000 0.050 0.000 0.328 0.203 0.000 0.001 0.000 0.001 0.000 0.000 0.000 0.000 0.019 0.002 0.001 0.000 0.001 0.000 0.001 0.001 0.001 0.000 0.017 0.022 0.811 0.002 0.002 0.001 0.041 0.001 0.001 0.006 0.001 0.001 0.000 0.001 
9 peacock_vis 30 0.994 0.011 0.947 0.023 0.000 0.001 0.001 0.001 0.002 0.001 0.001 0.002 0.008 0.001 0.043 0.001 0.002 0.922 0.101 0.035 0.004 0.275 0.052 0.000 0.115 0.004 0.000 0.001 0.000 0.004 0.000 0.000 0.000 0.000 0.000 0.001 0.001 0.000 0.000 0.000 0.001 0.010 0.001 0.000 0.003 0.000 0.009 0.001 0.000 0.000 0.004 0.001 0.001 0.001 0.000 0.008 0.000 0.001 
10 crow_vis 30 0.927 0.844 0.127 0.001 0.015 0.118 0.001 0.002 0.092 0.001 0.033 0.001 0.002 0.010 0.296 0.832 0.492 0.001 0.074 0.001 0.013 0.001 0.001 0.000 0.001 0.001 0.000 0.001 0.001 0.018 0.000 0.102 0.001 0.000 0.004 0.001 0.000 0.000 0.001 0.001 0.003 0.001 0.001 0.001 0.001 0.000 0.076 0.006 0.003 0.001 0.003 0.001 0.001 0.001 0.000 0.001 0.003 0.001 
11 eagle_vis 30 0.994 0.020 0.923 0.022 0.000 0.001 0.001 0.001 0.002 0.001 0.004 0.002 0.014 0.001 0.144 0.001 0.006 0.937 0.482 0.078 0.002 0.043 0.086 0.000 0.058 0.010 0.001 0.001 0.000 0.051 0.000 0.000 0.000 0.001 0.001 0.001 0.001 0.000 0.000 0.000 0.001 0.006 0.001 0.000 0.002 0.000 0.016 0.002 0.000 0.001 0.006 0.001 0.002 0.003 0.000 0.001 0.000 0.001 
12 tuna_vis 30 0.994 0.002 0.001 0.989 0.007 0.001 0.001 0.001 0.001 0.001 0.001 0.003 0.002 0.001 0.001 0.000 0.000 0.001 0.000 0.001 0.002 0.001 0.881 0.002 0.044 0.012 0.015 0.003 0.000 0.064 0.000 0.001 0.001 0.002 0.002 0.001 0.007 0.000 0.000 0.000 0.001 0.001 0.001 0.001 0.032 0.008 0.001 0.001 0.000 0.000 0.002 0.001 0.001 0.000 0.001 0.001 0.000 0.001 
13 goldfish_vis 30 0.994 0.059 0.003 0.991 0.001 0.001 0.001 0.001 0.003 0.000 0.005 0.067 0.057 0.002 0.001 0.001 0.000 0.026 0.076 0.029 0.002 0.001 0.032 0.002 0.508 0.911 0.068 0.005 0.000 0.000 0.001 0.000 0.000 0.001 0.000 0.002 0.009 0.000 0.014 0.000 0.001 0.001 0.002 0.006 0.002 0.001 0.001 0.004 0.001 0.000 0.018 0.001 0.001 0.000 0.000 0.001 0.000 0.000 
14 salmon_vis 30 0.993 0.002 0.002 0.991 0.003 0.002 0.001 0.001 0.003 0.001 0.001 0.005 0.002 0.001 0.001 0.000 0.000 0.002 0.000 0.002 0.002 0.000 0.958 0.001 0.073 0.017 0.007 0.003 0.000 0.113 0.000 0.001 0.001 0.002 0.003 0.001 0.007 0.000 0.000 0.000 0.001 0.001 0.001 0.001 0.039 0.012 0.002 0.002 0.001 0.001 0.004 0.001 0.001 0.002 0.001 0.001 0.000 0.001 
15 sardine_vis 30 0.989 0.002 0.002 0.992 0.003 0.002 0.001 0.001 0.022 0.001 0.005 0.002 0.021 0.002 0.001 0.000 0.001 0.008 0.001 0.007 0.005 0.000 0.033 0.002 0.006 0.868 0.020 0.639 0.006 0.000 0.001 0.000 0.001 0.001 0.000 0.001 0.000 0.000 0.004 0.000 0.002 0.001 0.001 0.002 0.001 0.002 0.004 0.094 0.005 0.000 0.003 0.002 0.001 0.000 0.000 0.001 0.000 0.001 
16 catfish_vis 30 0.994 0.009 0.001 0.993 0.001 0.001 0.001 0.001 0.003 0.000 0.003 0.009 0.034 0.001 0.001 0.000 0.000 0.007 0.008 0.012 0.001 0.001 0.693 0.001 0.150 0.934 0.321 0.004 0.000 0.001 0.001 0.000 0.000 0.004 0.000 0.002 0.013 0.000 0.002 0.000 0.001 0.000 0.009 0.001 0.008 0.007 0.001 0.007 0.001 0.000 0.016 0.002 0.001 0.000 0.000 0.001 0.000 0.000 
17 cod_vis 30 0.994 0.002 0.002 0.991 0.014 0.002 0.001 0.001 0.003 0.001 0.001 0.003 0.001 0.001 0.001 0.000 0.000 0.003 0.000 0.002 0.004 0.000 0.892 0.004 0.031 0.010 0.003 0.022 0.001 0.257 0.001 0.003 0.002 0.002 0.005 0.001 0.004 0.000 0.000 0.000 0.001 0.001 0.000 0.001 0.003 0.003 0.001 0.002 0.001 0.002 0.002 0.001 0.001 0.001 0.001 0.001 0.000 0.001 
18 turtle_vis 30 0.472 0.007 0.044 0.002 0.568 0.093 0.040 0.002 0.195 0.001 0.007 0.001 0.003 0.013 0.000 0.110 0.119 0.001 0.201 0.001 0.056 0.001 0.001 0.001 0.001 0.005 0.001 0.151 0.617 0.023 0.010 0.002 0.017 0.352 0.004 0.004 0.001 0.001 0.164 0.020 0.007 0.001 0.001 0.002 0.001 0.001 0.001 0.199 0.045 0.001 0.002 0.001 0.001 0.000 0.001 0.001 0.001 0.001 
19 rattlesnake_vis 30 0.005 0.001 0.001 0.003 0.001 0.989 0.005 0.006 0.968 0.001 0.001 0.002 0.002 0.001 0.001 0.001 0.001 0.000 0.001 0.002 0.003 0.000 0.057 0.000 0.000 0.023 0.001 0.004 0.000 0.003 0.000 0.028 0.000 0.000 0.027 0.002 0.002 0.001 0.000 0.001 0.003 0.004 0.001 0.001 0.002 0.024 0.749 0.047 0.064 0.074 0.009 0.002 0.001 0.011 0.001 0.001 0.001 0.001 
20 crab_vis 30 0.992 0.004 0.002 0.016 0.952 0.004 0.004 0.001 0.001 0.001 0.000 0.000 0.001 0.001 0.001 0.002 0.001 0.000 0.004 0.001 0.002 0.001 0.001 0.003 0.001 0.000 0.002 0.001 0.003 0.087 0.017 0.008 0.011 0.806 0.001 0.009 0.001 0.003 0.001 0.003 0.002 0.001 0.003 0.001 0.001 0.000 0.000 0.001 0.002 0.001 0.001 0.001 0.001 0.000 0.002 0.001 0.001 0.001 
21 frog_vis 30 0.573 0.042 0.002 0.002 0.815 0.288 0.001 0.006 0.297 0.001 0.011 0.002 0.002 0.022 0.003 0.175 0.041 0.000 0.010 0.001 0.013 0.000 0.001 0.003 0.000 0.002 0.006 0.144 0.507 0.068 0.022 0.097 0.040 0.259 0.002 0.001 0.000 0.001 0.001 0.002 0.028 0.002 0.000 0.001 0.001 0.001 0.045 0.194 0.017 0.006 0.003 0.001 0.001 0.001 0.001 0.001 0.003 0.001 
22 gecko_vis 30 0.005 0.003 0.001 0.001 0.033 0.994 0.014 0.011 0.001 0.979 0.000 0.001 0.001 0.001 0.001 0.002 0.005 0.000 0.002 0.000 0.003 0.001 0.002 0.000 0.000 0.000 0.042 0.000 0.000 0.002 0.014 0.002 0.010 0.001 0.005 0.003 0.008 0.020 0.194 0.007 0.001 0.003 0.014 0.001 0.004 0.002 0.000 0.002 0.004 0.002 0.043 0.001 0.009 0.001 0.032 0.004 0.058 0.874 
23 crocodile_vis 30 0.994 0.003 0.001 0.991 0.005 0.002 0.001 0.003 0.001 0.001 0.001 0.002 0.002 0.001 0.001 0.000 0.001 0.001 0.000 0.001 0.003 0.001 0.945 0.015 0.145 0.001 0.031 0.005 0.001 0.031 0.001 0.003 0.002 0.002 0.001 0.001 0.007 0.001 0.000 0.000 0.002 0.003 0.002 0.001 0.115 0.118 0.001 0.001 0.001 0.001 0.001 0.001 0.001 0.000 0.002 0.018 0.000 0.001 
24 axe_vis 30 0.005 0.001 0.003 0.000 0.001 0.993 0.991 0.001 0.001 0.002 0.000 0.000 0.001 0.001 0.000 0.001 0.001 0.001 0.000 0.001 0.001 0.000 0.000 0.000 0.001 0.000 0.000 0.000 0.000 0.000 0.000 0.000 0.000 0.000 0.957 0.002 0.350 0.019 0.002 0.047 0.001 0.000 0.001 0.001 0.001 0.000 0.000 0.000 0.027 0.000 0.001 0.000 0.001 0.012 0.001 0.001 0.188 0.001 
25 hammer_vis 30 0.003 0.001 0.005 0.000 0.000 0.995 0.929 0.001 0.000 0.008 0.000 0.000 0.001 0.000 0.000 0.000 0.004 0.001 0.001 0.000 0.001 0.001 0.000 0.000 0.000 0.000 0.000 0.000 0.000 0.000 0.000 0.000 0.001 0.000 0.001 0.956 0.001 0.020 0.172 0.002 0.041 0.000 0.007 0.000 0.001 0.000 0.000 0.001 0.000 0.000 0.000 0.000 0.002 0.000 0.003 0.001 0.000 0.002 
26 screwdriver_vis 30 0.002 0.001 0.002 0.001 0.000 0.990 0.986 0.001 0.002 0.019 0.001 0.000 0.001 0.001 0.000 0.000 0.003 0.139 0.000 0.001 0.001 0.000 0.001 0.000 0.000 0.002 0.000 0.000 0.000 0.000 0.000 0.000 0.000 0.000 0.001 0.012 0.936 0.047 0.000 0.352 0.001 0.001 0.001 0.005 0.001 0.000 0.000 0.001 0.001 0.000 0.002 0.009 0.113 0.002 0.002 0.001 0.004 0.006 
27 chisel_vis 30 0.002 0.001 0.005 0.000 0.000 0.995 0.993 0.001 0.003 0.007 0.000 0.000 0.001 0.000 0.000 0.000 0.035 0.009 0.000 0.001 0.001 0.001 0.000 0.000 0.000 0.000 0.000 0.000 0.000 0.000 0.001 0.000 0.000 0.000 0.001 0.073 0.130 0.124 0.001 0.912 0.001 0.000 0.001 0.012 0.001 0.000 0.000 0.000 0.002 0.000 0.001 0.002 0.024 0.000 0.002 0.001 0.065 0.005 
28 saw_vis 30 0.003 0.001 0.005 0.000 0.000 0.994 0.870 0.001 0.001 0.004 0.000 0.000 0.002 0.001 0.000 0.000 0.003 0.001 0.001 0.000 0.001 0.001 0.000 0.000 0.001 0.000 0.000 0.000 0.000 0.000 0.000 0.000 0.001 0.000 0.001 0.058 0.001 0.056 0.705 0.001 0.002 0.000 0.002 0.001 0.001 0.000 0.000 0.000 0.000 0.000 0.001 0.000 0.001 0.000 0.001 0.001 0.001 0.002 
29 drill_vis 30 0.002 0.001 0.013 0.000 0.000 0.995 0.994 0.001 0.004 0.003 0.000 0.000 0.001 0.000 0.000 0.000 0.103 0.008 0.001 0.001 0.001 0.001 0.000 0.000 0.000 0.000 0.000 0.000 0.000 0.000 0.001 0.000 0.000 0.000 0.005 0.012 0.015 0.120 0.060 0.948 0.001 0.000 0.001 0.013 0.001 0.000 0.000 0.000 0.004 0.000 0.001 0.000 0.024 0.000 0.001 0.001 0.014 0.002 
30 clamp_vis 30 0.001 0.001 0.002 0.002 0.007 0.995 0.003 0.980 0.001 0.002 0.002 0.000 0.013 0.001 0.000 0.004 0.009 0.000 0.002 0.000 0.015 0.005 0.000 0.000 0.001 0.000 0.001 0.101 0.003 0.000 0.004 0.001 0.001 0.001 0.000 0.003 0.000 0.012 0.006 0.001 0.869 0.001 0.017 0.009 0.003 0.004 0.002 0.014 0.001 0.000 0.000 0.001 0.003 0.000 0.002 0.003 0.002 0.001 
31 hoe_vis 30 0.002 0.001 0.001 0.004 0.000 0.995 0.001 0.991 0.004 0.002 0.002 0.001 0.001 0.000 0.008 0.000 0.000 0.000 0.000 0.002 0.002 0.001 0.010 0.000 0.000 0.000 0.001 0.163 0.000 0.000 0.000 0.007 0.000 0.000 0.000 0.001 0.003 0.012 0.000 0.000 0.005 0.967 0.001 0.072 0.046 0.054 0.131 0.000 0.013 0.001 0.001 0.001 0.001 0.001 0.002 0.019 0.010 0.001 
32 rake_vis 30 0.001 0.001 0.001 0.001 0.025 0.995 0.001 0.988 0.002 0.004 0.003 0.000 0.027 0.000 0.000 0.001 0.002 0.000 0.002 0.000 0.002 0.002 0.001 0.000 0.001 0.000 0.002 0.003 0.009 0.000 0.000 0.001 0.001 0.013 0.000 0.028 0.001 0.001 0.001 0.000 0.836 0.001 0.655 0.002 0.004 0.048 0.002 0.127 0.001 0.000 0.001 0.002 0.002 0.000 0.009 0.002 0.001 0.001 
33 shovel_vis 30 0.001 0.001 0.001 0.003 0.000 0.995 0.001 0.978 0.004 0.003 0.001 0.000 0.009 0.000 0.000 0.000 0.000 0.000 0.000 0.000 0.013 0.001 0.002 0.000 0.001 0.000 0.002 0.013 0.000 0.000 0.000 0.003 0.000 0.000 0.000 0.001 0.001 0.005 0.000 0.000 0.003 0.042 0.008 0.035 0.004 0.895 0.006 0.000 0.019 0.001 0.001 0.005 0.002 0.000 0.013 0.005 0.024 0.001 
34 spade_vis 30 0.002 0.001 0.001 0.016 0.000 0.995 0.001 0.992 0.004 0.002 0.001 0.001 0.003 0.000 0.001 0.000 0.000 0.000 0.000 0.001 0.006 0.001 0.010 0.000 0.001 0.000 0.003 0.150 0.000 0.000 0.000 0.007 0.000 0.000 0.000 0.001 0.003 0.019 0.000 0.000 0.004 0.820 0.002 0.081 0.041 0.318 0.101 0.000 0.042 0.001 0.001 0.001 0.001 0.001 0.006 0.019 0.009 0.001 
35 wrench_vis 30 0.001 0.001 0.001 0.001 0.001 0.995 0.001 0.546 0.179 0.004 0.001 0.000 0.004 0.001 0.000 0.000 0.000 0.000 0.000 0.001 0.004 0.000 0.003 0.000 0.000 0.004 0.002 0.002 0.001 0.001 0.000 0.001 0.000 0.000 0.000 0.001 0.001 0.001 0.000 0.000 0.001 0.012 0.001 0.005 0.001 0.876 0.004 0.001 0.008 0.036 0.002 0.059 0.004 0.000 0.013 0.002 0.030 0.001 
36 accordion_vis 30 0.091 0.072 0.081 0.001 0.000 0.995 0.002 0.033 0.972 0.003 0.130 0.004 0.159 0.001 0.103 0.006 0.056 0.033 0.022 0.035 0.007 0.000 0.004 0.000 0.000 0.006 0.001 0.005 0.000 0.000 0.000 0.005 0.000 0.000 0.004 0.001 0.000 0.000 0.000 0.001 0.037 0.018 0.000 0.001 0.002 0.002 0.989 0.017 0.008 0.006 0.024 0.001 0.198 0.039 0.000 0.002 0.000 0.001 
37 cello_vis 30 0.001 0.002 0.001 0.000 0.016 0.994 0.001 0.002 0.991 0.002 0.013 0.000 0.004 0.001 0.001 0.002 0.004 0.000 0.004 0.002 0.001 0.000 0.001 0.000 0.000 0.029 0.002 0.001 0.009 0.001 0.000 0.000 0.000 0.001 0.000 0.007 0.000 0.000 0.002 0.003 0.002 0.001 0.009 0.014 0.001 0.036 0.002 0.051 0.016 0.051 0.014 0.877 0.010 0.000 0.004 0.001 0.004 0.001 
38 flute_vis 30 0.005 0.001 0.001 0.001 0.001 0.995 0.883 0.002 0.076 0.001 0.001 0.000 0.001 0.000 0.000 0.000 0.001 0.000 0.000 0.001 0.001 0.000 0.001 0.000 0.000 0.001 0.001 0.000 0.000 0.000 0.000 0.001 0.000 0.000 0.745 0.001 0.004 0.001 0.001 0.003 0.001 0.001 0.001 0.001 0.001 0.001 0.003 0.002 0.120 0.001 0.003 0.003 0.001 0.005 0.001 0.001 0.033 0.001 
39 guitar_vis 30 0.001 0.001 0.001 0.001 0.001 0.995 0.001 0.003 0.984 0.002 0.002 0.000 0.002 0.001 0.006 0.000 0.001 0.000 0.000 0.002 0.001 0.000 0.014 0.000 0.000 0.005 0.001 0.001 0.001 0.004 0.000 0.003 0.000 0.000 0.000 0.001 0.000 0.000 0.000 0.001 0.002 0.022 0.001 0.001 0.001 0.118 0.129 0.007 0.013 0.673 0.005 0.015 0.003 0.002 0.001 0.001 0.021 0.001 
40 piano_vis 30 0.001 0.002 0.001 0.001 0.002 0.995 0.001 0.005 0.992 0.002 0.003 0.001 0.008 0.001 0.003 0.001 0.001 0.000 0.000 0.002 0.002 0.000 0.016 0.000 0.000 0.025 0.002 0.003 0.001 0.006 0.000 0.005 0.000 0.000 0.001 0.001 0.000 0.000 0.001 0.001 0.008 0.005 0.001 0.001 0.001 0.180 0.408 0.076 0.013 0.586 0.010 0.015 0.008 0.003 0.001 0.001 0.011 0.001 
41 trumpet_vis 30 0.001 0.001 0.001 0.001 0.022 0.995 0.001 0.004 0.992 0.003 0.024 0.000 0.005 0.001 0.001 0.001 0.005 0.000 0.002 0.001 0.001 0.000 0.001 0.000 0.000 0.038 0.003 0.001 0.023 0.000 0.000 0.000 0.000 0.001 0.000 0.004 0.000 0.000 0.000 0.002 0.002 0.001 0.003 0.053 0.001 0.063 0.002 0.029 0.020 0.077 0.005 0.966 0.022 0.000 0.010 0.001 0.004 0.001 
42 fork_vis 30 0.001 0.005 0.001 0.001 0.001 0.994 0.001 0.018 0.977 0.005 0.073 0.000 0.129 0.001 0.001 0.035 0.017 0.000 0.069 0.003 0.005 0.000 0.003 0.000 0.000 0.119 0.012 0.013 0.007 0.000 0.000 0.001 0.000 0.000 0.000 0.001 0.001 0.001 0.007 0.001 0.071 0.005 0.001 0.003 0.001 0.025 0.533 0.828 0.002 0.005 0.007 0.024 0.096 0.001 0.001 0.003 0.001 0.001 
43 spoon_vis 30 0.004 0.004 0.001 0.001 0.001 0.995 0.011 0.001 0.028 0.964 0.000 0.003 0.001 0.002 0.004 0.000 0.001 0.003 0.000 0.001 0.001 0.000 0.055 0.000 0.000 0.001 0.003 0.005 0.000 0.000 0.000 0.063 0.017 0.000 0.065 0.001 0.011 0.002 0.000 0.000 0.001 0.002 0.000 0.000 0.001 0.003 0.083 0.001 0.001 0.016 0.001 0.001 0.033 0.979 0.001 0.050 0.015 0.002 
44 tongs_vis 30 0.002 0.001 0.001 0.000 0.000 0.993 0.716 0.002 0.001 0.008 0.000 0.000 0.001 0.000 0.000 0.000 0.003 0.001 0.000 0.000 0.001 0.001 0.000 0.000 0.000 0.000 0.000 0.000 0.001 0.000 0.000 0.000 0.001 0.000 0.000 0.576 0.001 0.014 0.008 0.004 0.002 0.000 0.002 0.001 0.001 0.000 0.000 0.002 0.001 0.000 0.001 0.001 0.004 0.000 0.004 0.001 0.001 0.002 
45 ladle_vis 30 0.002 0.001 0.001 0.001 0.000 0.995 0.002 0.035 0.001 0.985 0.000 0.000 0.001 0.001 0.006 0.000 0.001 0.003 0.000 0.000 0.001 0.001 0.012 0.000 0.000 0.000 0.000 0.004 0.000 0.000 0.000 0.001 0.004 0.000 0.000 0.001 0.011 0.069 0.000 0.000 0.001 0.051 0.000 0.001 0.001 0.017 0.001 0.000 0.001 0.002 0.000 0.001 0.030 0.031 0.006 0.937 0.076 0.001 
46 knife_vis 30 0.002 0.001 0.001 0.000 0.003 0.995 0.002 0.001 0.031 0.975 0.000 0.000 0.001 0.001 0.006 0.000 0.002 0.002 0.000 0.001 0.001 0.000 0.011 0.000 0.000 0.000 0.000 0.001 0.000 0.000 0.000 0.010 0.015 0.000 0.010 0.001 0.002 0.001 0.000 0.000 0.001 0.001 0.000 0.000 0.001 0.001 0.002 0.001 0.001 0.059 0.001 0.002 0.031 0.471 0.001 0.013 0.132 0.008 
47 chopsticks_vis 30 0.001 0.001 0.001 0.001 0.004 0.995 0.001 0.002 0.969 0.027 0.057 0.000 0.002 0.001 0.001 0.001 0.005 0.001 0.001 0.001 0.001 0.000 0.001 0.000 0.000 0.046 0.002 0.001 0.019 0.000 0.000 0.000 0.001 0.001 0.000 0.001 0.001 0.001 0.000 0.002 0.001 0.001 0.001 0.106 0.001 0.061 0.001 0.010 0.008 0.049 0.002 0.956 0.127 0.001 0.005 0.002 0.002 0.001 
