0 beaver_vis 30 0.979 0.286 0.519 0.211 0.000 0.023 0.000 0.001 0.001 0.261 0.368 0.000 0.002 0.001 0.008 0.001 0.151 0.001 0.305 0.001 0.001 0.018 0.014 0.000 0.565 0.019 0.001 0.000 0.000 0.001 0.000 0.000 0.002 0.000 0.001 0.001 0.004 0.000 0.000 0.001 0.000 0.001 0.000 0.000 0.000 0.000 0.037 0.000 0.001 0.001 0.001 0.000 0.006 0.891 0.000 0.003 0.002 0.005 
1 bear_vis 30 0.994 0.976 0.002 0.038 0.000 0.002 0.000 0.019 0.001 0.002 0.038 0.008 0.001 0.025 0.043 0.564 0.002 0.000 0.001 0.001 0.001 0.000 0.003 0.004 0.000 0.009 0.003 0.000 0.001 0.001 0.001 0.000 0.000 0.000 0.000 0.000 0.001 0.000 0.000 0.002 0.002 0.000 0.000 0.001 0.052 0.001 0.001 0.001 0.001 0.001 0.000 0.000 0.001 0.005 0.000 0.000 0.001 0.016 
2 sheep_vis 30 0.972 0.026 0.905 0.002 0.008 0.003 0.000 0.002 0.001 0.002 0.061 0.001 0.050 0.001 0.002 0.001 0.047 0.726 0.078 0.001 0.002 0.032 0.000 0.000 0.116 0.025 0.000 0.000 0.006 0.001 0.000 0.002 0.002 0.000 0.001 0.000 0.006 0.000 0.000 0.001 0.000 0.001 0.000 0.000 0.002 0.000 0.010 0.001 0.001 0.001 0.000 0.000 0.001 0.008 0.000 0.005 0.000 0.032 
3 buffalo_vis 30 0.994 0.796 0.018 0.006 0.003 0.001 0.000 0.024 0.001 0.001 0.261 0.001 0.000 0.020 0.039 0.188 0.171 0.000 0.004 0.002 0.002 0.001 0.007 0.000 0.000 0.000 0.006 0.000 0.012 0.002 0.001 0.000 0.000 0.001 0.000 0.000 0.001 0.000 0.000 0.001 0.004 0.001 0.000 0.002 0.017 0.000 0.001 0.001 0.001 0.000 0.000 0.000 0.000 0.027 0.000 0.000 0.000 0.001 
4 poodle_vis 30 0.979 0.931 0.005 0.057 0.000 0.036 0.000 0.019 0.001 0.050 0.314 0.000 0.007 0.001 0.053 0.025 0.019 0.001 0.001 0.001 0.001 0.003 0.004 0.000 0.001 0.002 0.002 0.002 0.000 0.003 0.000 0.000 0.000 0.000 0.001 0.000 0.002 0.000 0.000 0.001 0.001 0.001 0.002 0.001 0.017 0.000 0.005 0.001 0.001 0.001 0.000 0.000 0.012 0.033 0.000 0.001 0.001 0.006 
5 giraffe_vis 30 0.994 0.952 0.003 0.017 0.001 0.002 0.000 0.045 0.001 0.008 0.401 0.000 0.001 0.007 0.069 0.268 0.106 0.000 0.003 0.001 0.001 0.001 0.008 0.000 0.000 0.001 0.007 0.001 0.001 0.002 0.001 0.000 0.000 0.001 0.000 0.000 0.001 0.000 0.000 0.001 0.003 0.001 0.001 0.003 0.015 0.000 0.001 0.000 0.001 0.000 0.000 0.000 0.002 0.016 0.000 0.000 0.000 0.001 
6 robin_vis 30 0.944 0.006 0.975 0.000 0.030 0.582 0.000 0.003 0.001 0.953 0.032 0.000 0.001 0.000 0.001 0.000 0.922 0.002 0.707 0.005 0.001 0.729 0.000 0.000 0.000 0.000 0.000 0.000 0.004 0.028 0.000 0.002 0.002 0.000 0.000 0.105 0.001 0.000 0.000 0.001 0.001 0.005 0.001 0.000 0.004 0.000 0.015 0.006 0.001 0.001 0.001 0.001 0.140 0.565 0.000 0.002 0.005 0.041 
7 swan_vis 30 0.966 0.010 0.975 0.000 0.024 0.008 0.001 0.004 0.002 0.007 0.093 0.000 0.001 0.001 0.010 0.001 0.844 0.499 0.042 0.002 0.068 0.010 0.000 0.000 0.001 0.002 0.000 0.000 0.151 0.002 0.000 0.003 0.001 0.000 0.001 0.000 0.005 0.000 0.000 0.003 0.000 0.001 0.000 0.000 0.012 0.000 0.009 0.062 0.001 0.001 0.000 0.000 0.003 0.070 0.000 0.001 0.001 0.053 
8 woodpecker_vis 30 0.756 0.009 0.870 0.000 0.008 0.431 0.000 0.005 0.006 0.938 0.024 0.000 0.000 0.001 0.002 0.002 0.800 0.000 0.104 0.001 0.011 0.076 0.001 0.000 0.001 0.000 0.000 0.000 0.005 0.008 0.000 0.002 0.006 0.000 0.000 0.007 0.001 0.000 0.000 0.001 0.000 0.004 0.000 0.000 0.006 0.000 0.017 0.010 0.001 0.007 0.002 0.000 0.011 0.959 0.000 0.001 0.015 0.027 
9 peacock_vis 30 0.932 0.006 0.909 0.000 0.022 0.171 0.000 0.002 0.009 0.704 0.005 0.000 0.000 0.002 0.006 0.000 0.812 0.000 0.010 0.001 0.010 0.112 0.002 0.000 0.001 0.000 0.000 0.000 0.005 0.013 0.000 0.003 0.009 0.000 0.000 0.002 0.004 0.000 0.000 0.001 0.000 0.004 0.000 0.000 0.002 0.000 0.033 0.001 0.004 0.003 0.001 0.000 0.008 0.975 0.000 0.004 0.010 0.001 
10 crow_vis 30 0.976 0.003 0.979 0.000 0.017 0.005 0.000 0.003 0.002 0.002 0.014 0.000 0.001 0.001 0.003 0.000 0.117 0.417 0.070 0.001 0.066 0.003 0.000 0.000 0.001 0.010 0.000 0.000 0.064 0.001 0.000 0.003 0.002 0.000 0.001 0.000 0.003 0.000 0.000 0.001 0.000 0.001 0.000 0.000 0.006 0.000 0.005 0.011 0.001 0.001 0.000 0.000 0.001 0.013 0.000 0.001 0.000 0.026 
11 eagle_vis 30 0.956 0.010 0.930 0.000 0.015 0.225 0.001 0.002 0.002 0.372 0.003 0.000 0.000 0.001 0.013 0.000 0.222 0.001 0.012 0.003 0.245 0.025 0.000 0.000 0.000 0.000 0.000 0.000 0.010 0.007 0.000 0.001 0.003 0.000 0.001 0.003 0.003 0.000 0.000 0.004 0.001 0.001 0.001 0.000 0.007 0.000 0.006 0.054 0.001 0.003 0.000 0.002 0.055 0.033 0.000 0.001 0.006 0.040 
12 tuna_vis 30 0.993 0.061 0.001 0.983 0.070 0.006 0.000 0.019 0.001 0.002 0.001 0.000 0.001 0.009 0.020 0.002 0.001 0.000 0.000 0.001 0.000 0.001 0.968 0.019 0.008 0.001 0.477 0.002 0.001 0.013 0.000 0.000 0.005 0.002 0.000 0.003 0.003 0.004 0.000 0.000 0.013 0.018 0.000 0.017 0.007 0.000 0.002 0.000 0.002 0.000 0.003 0.000 0.001 0.052 0.000 0.000 0.000 0.000 
13 goldfish_vis 30 0.992 0.021 0.000 0.990 0.032 0.003 0.001 0.037 0.001 0.001 0.003 0.004 0.003 0.001 0.001 0.002 0.000 0.000 0.000 0.000 0.000 0.000 0.678 0.010 0.054 0.003 0.711 0.020 0.002 0.002 0.002 0.000 0.001 0.021 0.001 0.000 0.001 0.001 0.000 0.000 0.001 0.129 0.001 0.021 0.017 0.000 0.000 0.000 0.001 0.000 0.001 0.000 0.000 0.001 0.001 0.000 0.000 0.000 
14 salmon_vis 30 0.989 0.006 0.016 0.938 0.007 0.002 0.000 0.001 0.001 0.004 0.007 0.001 0.014 0.001 0.001 0.000 0.001 0.002 0.227 0.000 0.000 0.001 0.062 0.001 0.925 0.051 0.064 0.001 0.001 0.001 0.000 0.002 0.011 0.001 0.000 0.001 0.003 0.000 0.000 0.000 0.000 0.003 0.000 0.000 0.001 0.000 0.005 0.000 0.001 0.001 0.011 0.000 0.000 0.006 0.000 0.005 0.000 0.000 
15 sardine_vis 30 0.990 0.017 0.010 0.952 0.012 0.002 0.001 0.001 0.001 0.001 0.022 0.003 0.019 0.001 0.001 0.002 0.016 0.219 0.014 0.001 0.001 0.000 0.000 0.001 0.715 0.853 0.032 0.036 0.014 0.001 0.000 0.005 0.002 0.000 0.000 0.001 0.002 0.000 0.000 0.000 0.000 0.000 0.000 0.000 0.001 0.000 0.001 0.000 0.001 0.001 0.009 0.000 0.000 0.001 0.000 0.000 0.000 0.002 
16 catfish_vis 30 0.993 0.019 0.000 0.991 0.035 0.002 0.000 0.051 0.001 0.000 0.008 0.005 0.002 0.001 0.001 0.003 0.001 0.001 0.000 0.000 0.000 0.000 0.548 0.008 0.053 0.003 0.757 0.019 0.006 0.001 0.002 0.000 0.001 0.033 0.000 0.000 0.001 0.000 0.000 0.000 0.001 0.080 0.001 0.014 0.021 0.000 0.001 0.000 0.001 0.000 0.002 0.000 0.000 0.001 0.000 0.000 0.000 0.000 
17 cod_vis 30 0.989 0.024 0.048 0.793 0.002 0.004 0.001 0.002 0.001 0.014 0.012 0.001 0.060 0.001 0.003 0.001 0.001 0.004 0.261 0.000 0.001 0.002 0.019 0.001 0.878 0.036 0.006 0.002 0.000 0.001 0.000 0.001 0.005 0.001 0.001 0.000 0.004 0.000 0.000 0.001 0.001 0.001 0.000 0.001 0.001 0.000 0.009 0.000 0.001 0.000 0.001 0.000 0.000 0.006 0.000 0.019 0.000 0.000 
18 turtle_vis 30 0.988 0.002 0.000 0.205 0.921 0.003 0.001 0.032 0.001 0.000 0.002 0.006 0.001 0.001 0.001 0.001 0.006 0.001 0.000 0.000 0.001 0.000 0.004 0.003 0.003 0.005 0.533 0.015 0.763 0.002 0.157 0.002 0.002 0.431 0.001 0.000 0.002 0.000 0.000 0.000 0.001 0.002 0.003 0.002 0.106 0.000 0.001 0.000 0.001 0.000 0.001 0.000 0.000 0.001 0.000 0.000 0.000 0.000 
19 rattlesnake_vis 30 0.950 0.000 0.001 0.026 0.977 0.131 0.001 0.007 0.030 0.001 0.000 0.000 0.000 0.001 0.001 0.000 0.002 0.001 0.000 0.001 0.000 0.000 0.000 0.000 0.172 0.000 0.000 0.000 0.000 0.230 0.000 0.855 0.058 0.006 0.002 0.001 0.003 0.000 0.000 0.000 0.001 0.006 0.003 0.000 0.000 0.001 0.018 0.001 0.003 0.001 0.425 0.035 0.000 0.001 0.000 0.000 0.000 0.000 
20 crab_vis 30 0.992 0.001 0.001 0.028 0.986 0.005 0.001 0.007 0.002 0.001 0.000 0.002 0.000 0.002 0.001 0.000 0.001 0.000 0.000 0.001 0.001 0.000 0.002 0.001 0.001 0.000 0.040 0.000 0.113 0.028 0.003 0.038 0.030 0.732 0.001 0.001 0.001 0.000 0.000 0.000 0.002 0.008 0.001 0.001 0.001 0.001 0.003 0.000 0.005 0.002 0.001 0.000 0.000 0.001 0.000 0.000 0.000 0.000 
21 frog_vis 30 0.971 0.000 0.228 0.029 0.965 0.005 0.001 0.003 0.019 0.000 0.000 0.002 0.000 0.000 0.000 0.001 0.091 0.090 0.028 0.002 0.041 0.000 0.000 0.001 0.005 0.603 0.009 0.000 0.938 0.001 0.008 0.757 0.084 0.009 0.001 0.014 0.001 0.000 0.006 0.000 0.000 0.001 0.001 0.000 0.002 0.000 0.001 0.008 0.001 0.003 0.003 0.001 0.000 0.001 0.000 0.000 0.000 0.000 
22 gecko_vis 30 0.927 0.001 0.222 0.037 0.965 0.115 0.001 0.005 0.931 0.001 0.000 0.000 0.000 0.002 0.001 0.000 0.022 0.009 0.000 0.062 0.003 0.013 0.001 0.000 0.563 0.001 0.003 0.000 0.001 0.668 0.000 0.913 0.552 0.550 0.001 0.001 0.412 0.001 0.000 0.001 0.001 0.029 0.001 0.000 0.000 0.001 0.767 0.001 0.534 0.004 0.559 0.001 0.001 0.015 0.000 0.001 0.001 0.000 
23 crocodile_vis 30 0.991 0.002 0.000 0.118 0.974 0.087 0.000 0.025 0.009 0.001 0.000 0.000 0.000 0.002 0.001 0.000 0.001 0.000 0.000 0.001 0.000 0.000 0.021 0.001 0.003 0.000 0.005 0.003 0.000 0.862 0.005 0.004 0.018 0.284 0.002 0.000 0.003 0.002 0.000 0.000 0.003 0.134 0.020 0.001 0.000 0.005 0.025 0.000 0.012 0.001 0.028 0.003 0.000 0.001 0.000 0.000 0.000 0.000 
24 axe_vis 30 0.003 0.001 0.000 0.034 0.002 0.995 0.977 0.003 0.001 0.002 0.000 0.000 0.007 0.000 0.001 0.000 0.000 0.000 0.000 0.000 0.000 0.001 0.007 0.000 0.170 0.000 0.000 0.002 0.000 0.004 0.001 0.000 0.002 0.000 0.008 0.044 0.894 0.008 0.001 0.001 0.001 0.002 0.001 0.008 0.000 0.000 0.001 0.000 0.001 0.000 0.003 0.001 0.006 0.001 0.001 0.238 0.000 0.000 
25 hammer_vis 30 0.003 0.000 0.000 0.032 0.003 0.995 0.927 0.001 0.005 0.001 0.000 0.000 0.000 0.000 0.001 0.001 0.001 0.000 0.001 0.000 0.001 0.000 0.000 0.001 0.001 0.047 0.000 0.000 0.001 0.001 0.000 0.000 0.001 0.000 0.000 0.781 0.001 0.001 0.526 0.005 0.012 0.000 0.000 0.000 0.000 0.000 0.000 0.003 0.002 0.000 0.001 0.029 0.001 0.001 0.001 0.000 0.000 0.001 
26 screwdriver_vis 30 0.005 0.001 0.000 0.042 0.005 0.992 0.992 0.004 0.001 0.001 0.000 0.000 0.060 0.000 0.003 0.000 0.001 0.007 0.000 0.000 0.001 0.000 0.001 0.000 0.062 0.001 0.000 0.069 0.000 0.006 0.003 0.000 0.001 0.000 0.040 0.025 0.986 0.012 0.013 0.001 0.001 0.001 0.001 0.032 0.000 0.000 0.000 0.000 0.001 0.000 0.002 0.002 0.006 0.001 0.000 0.031 0.000 0.000 
27 chisel_vis 30 0.004 0.000 0.000 0.016 0.002 0.995 0.994 0.002 0.005 0.001 0.000 0.000 0.010 0.000 0.001 0.000 0.000 0.000 0.000 0.000 0.007 0.000 0.001 0.020 0.003 0.004 0.000 0.001 0.000 0.001 0.002 0.000 0.008 0.000 0.001 0.056 0.062 0.490 0.833 0.015 0.002 0.000 0.000 0.004 0.000 0.001 0.000 0.000 0.003 0.000 0.000 0.008 0.001 0.001 0.002 0.002 0.001 0.000 
28 saw_vis 30 0.007 0.000 0.000 0.007 0.001 0.995 0.993 0.002 0.004 0.001 0.000 0.001 0.017 0.001 0.001 0.000 0.000 0.000 0.000 0.000 0.023 0.000 0.000 0.021 0.001 0.012 0.000 0.000 0.000 0.001 0.003 0.000 0.003 0.000 0.001 0.034 0.039 0.136 0.959 0.073 0.002 0.000 0.000 0.002 0.000 0.001 0.000 0.001 0.002 0.000 0.000 0.012 0.001 0.001 0.001 0.001 0.001 0.001 
29 drill_vis 30 0.027 0.001 0.001 0.001 0.001 0.995 0.993 0.002 0.008 0.003 0.000 0.000 0.002 0.005 0.018 0.000 0.001 0.000 0.000 0.000 0.095 0.000 0.001 0.001 0.000 0.001 0.000 0.000 0.000 0.002 0.001 0.000 0.001 0.000 0.001 0.040 0.122 0.082 0.038 0.962 0.006 0.000 0.000 0.002 0.000 0.001 0.000 0.015 0.013 0.000 0.000 0.009 0.008 0.001 0.000 0.000 0.094 0.086 
30 clamp_vis 30 0.002 0.000 0.000 0.030 0.021 0.996 0.707 0.062 0.792 0.001 0.000 0.000 0.000 0.000 0.001 0.015 0.001 0.000 0.000 0.001 0.000 0.000 0.001 0.002 0.000 0.003 0.000 0.000 0.000 0.003 0.001 0.001 0.000 0.000 0.000 0.948 0.001 0.003 0.002 0.046 0.776 0.000 0.039 0.009 0.000 0.001 0.000 0.353 0.057 0.000 0.051 0.872 0.002 0.000 0.000 0.000 0.000 0.000 
31 hoe_vis 30 0.008 0.009 0.000 0.001 0.001 0.996 0.001 0.986 0.001 0.002 0.000 0.000 0.002 0.000 0.000 0.000 0.000 0.000 0.000 0.000 0.000 0.001 0.006 0.000 0.000 0.000 0.000 0.000 0.000 0.005 0.000 0.000 0.000 0.001 0.002 0.000 0.036 0.007 0.000 0.000 0.001 0.830 0.003 0.017 0.001 0.007 0.033 0.000 0.001 0.000 0.000 0.000 0.001 0.001 0.002 0.058 0.000 0.000 
32 rake_vis 30 0.007 0.002 0.000 0.002 0.002 0.996 0.004 0.991 0.005 0.001 0.000 0.000 0.000 0.000 0.001 0.168 0.000 0.000 0.000 0.000 0.000 0.000 0.001 0.002 0.000 0.000 0.000 0.000 0.000 0.003 0.001 0.000 0.000 0.000 0.001 0.012 0.001 0.002 0.000 0.004 0.974 0.001 0.270 0.019 0.001 0.036 0.000 0.032 0.002 0.000 0.000 0.164 0.001 0.000 0.000 0.000 0.000 0.000 
33 shovel_vis 30 0.026 0.001 0.000 0.004 0.001 0.996 0.013 0.885 0.001 0.001 0.000 0.001 0.000 0.000 0.001 0.000 0.000 0.000 0.000 0.000 0.000 0.000 0.001 0.001 0.000 0.000 0.001 0.004 0.000 0.001 0.004 0.000 0.000 0.000 0.001 0.001 0.006 0.021 0.000 0.000 0.023 0.001 0.006 0.230 0.010 0.001 0.000 0.000 0.001 0.000 0.000 0.000 0.001 0.000 0.000 0.000 0.000 0.000 
34 spade_vis 30 0.018 0.001 0.000 0.004 0.001 0.996 0.003 0.838 0.001 0.001 0.000 0.001 0.000 0.000 0.001 0.000 0.000 0.000 0.000 0.000 0.000 0.000 0.001 0.008 0.000 0.000 0.000 0.001 0.000 0.001 0.007 0.000 0.000 0.000 0.002 0.001 0.001 0.057 0.001 0.000 0.086 0.002 0.002 0.088 0.076 0.003 0.000 0.000 0.001 0.000 0.000 0.001 0.001 0.000 0.002 0.000 0.000 0.000 
35 wrench_vis 30 0.033 0.008 0.000 0.000 0.001 0.996 0.001 0.796 0.058 0.075 0.000 0.011 0.001 0.000 0.000 0.000 0.000 0.000 0.000 0.000 0.000 0.000 0.000 0.001 0.000 0.000 0.000 0.000 0.000 0.001 0.000 0.000 0.000 0.000 0.002 0.000 0.001 0.001 0.000 0.000 0.001 0.007 0.002 0.000 0.205 0.902 0.003 0.000 0.001 0.058 0.000 0.013 0.001 0.000 0.028 0.004 0.001 0.012 
36 accordion_vis 30 0.013 0.003 0.059 0.000 0.000 0.996 0.000 0.004 0.993 0.004 0.007 0.002 0.002 0.001 0.001 0.000 0.000 0.000 0.023 0.001 0.001 0.002 0.000 0.000 0.008 0.000 0.000 0.000 0.000 0.001 0.000 0.002 0.000 0.001 0.000 0.000 0.002 0.000 0.000 0.000 0.000 0.030 0.000 0.000 0.000 0.006 0.943 0.005 0.011 0.221 0.023 0.001 0.001 0.041 0.000 0.093 0.003 0.001 
37 cello_vis 30 0.004 0.000 0.001 0.005 0.004 0.995 0.000 0.003 0.995 0.001 0.000 0.009 0.000 0.000 0.000 0.005 0.002 0.000 0.004 0.003 0.001 0.000 0.000 0.002 0.000 0.076 0.000 0.000 0.000 0.001 0.000 0.057 0.000 0.002 0.000 0.030 0.000 0.000 0.000 0.001 0.008 0.000 0.001 0.000 0.000 0.001 0.001 0.746 0.028 0.002 0.038 0.021 0.000 0.001 0.000 0.000 0.000 0.000 
38 flute_vis 30 0.026 0.012 0.083 0.002 0.002 0.996 0.018 0.002 0.995 0.001 0.000 0.002 0.000 0.409 0.002 0.007 0.003 0.000 0.000 0.564 0.388 0.000 0.000 0.002 0.000 0.006 0.000 0.000 0.000 0.002 0.000 0.005 0.001 0.001 0.000 0.040 0.032 0.001 0.000 0.846 0.076 0.000 0.000 0.000 0.000 0.007 0.006 0.958 0.955 0.009 0.014 0.015 0.001 0.021 0.000 0.000 0.025 0.051 
39 guitar_vis 30 0.007 0.001 0.008 0.001 0.001 0.996 0.000 0.002 0.995 0.002 0.000 0.023 0.000 0.001 0.000 0.000 0.000 0.000 0.020 0.002 0.001 0.000 0.000 0.001 0.001 0.002 0.000 0.000 0.000 0.001 0.000 0.013 0.001 0.002 0.000 0.000 0.001 0.000 0.000 0.001 0.001 0.001 0.000 0.000 0.000 0.044 0.037 0.026 0.070 0.906 0.003 0.002 0.001 0.002 0.000 0.001 0.005 0.000 
40 piano_vis 30 0.006 0.001 0.008 0.001 0.001 0.996 0.000 0.003 0.995 0.002 0.000 0.012 0.000 0.000 0.000 0.000 0.001 0.000 0.039 0.002 0.001 0.000 0.000 0.000 0.001 0.003 0.000 0.000 0.000 0.001 0.000 0.037 0.001 0.002 0.000 0.001 0.001 0.000 0.000 0.001 0.001 0.001 0.000 0.000 0.000 0.016 0.024 0.025 0.036 0.772 0.025 0.003 0.001 0.002 0.000 0.000 0.002 0.000 
41 trumpet_vis 30 0.008 0.000 0.001 0.001 0.002 0.996 0.002 0.002 0.994 0.001 0.000 0.000 0.000 0.000 0.000 0.016 0.009 0.000 0.001 0.008 0.001 0.000 0.000 0.000 0.000 0.017 0.000 0.000 0.000 0.001 0.000 0.006 0.000 0.000 0.000 0.046 0.001 0.000 0.000 0.002 0.015 0.000 0.001 0.000 0.000 0.001 0.001 0.939 0.035 0.001 0.016 0.044 0.001 0.000 0.000 0.000 0.001 0.001 
42 fork_vis 30 0.011 0.003 0.004 0.001 0.000 0.995 0.001 0.003 0.002 0.993 0.001 0.000 0.001 0.000 0.006 0.000 0.003 0.000 0.002 0.000 0.000 0.014 0.050 0.000 0.011 0.000 0.000 0.000 0.000 0.012 0.000 0.000 0.002 0.000 0.008 0.006 0.004 0.000 0.000 0.000 0.000 0.009 0.000 0.000 0.003 0.000 0.009 0.000 0.001 0.001 0.007 0.001 0.833 0.356 0.001 0.085 0.095 0.002 
43 spoon_vis 30 0.813 0.010 0.019 0.119 0.000 0.659 0.000 0.001 0.001 0.970 0.001 0.000 0.021 0.000 0.002 0.000 0.000 0.001 0.019 0.000 0.000 0.018 0.015 0.000 0.567 0.005 0.000 0.000 0.000 0.001 0.000 0.000 0.002 0.000 0.001 0.000 0.004 0.000 0.000 0.000 0.000 0.006 0.000 0.000 0.001 0.000 0.011 0.000 0.001 0.001 0.000 0.000 0.034 0.020 0.001 0.226 0.002 0.001 
44 tongs_vis 30 0.010 0.000 0.001 0.001 0.001 0.995 0.088 0.001 0.416 0.012 0.000 0.000 0.000 0.001 0.001 0.000 0.000 0.000 0.001 0.000 0.003 0.000 0.001 0.001 0.000 0.003 0.000 0.000 0.000 0.001 0.000 0.000 0.001 0.000 0.001 0.084 0.001 0.001 0.019 0.005 0.003 0.000 0.000 0.000 0.000 0.001 0.000 0.003 0.025 0.000 0.000 0.004 0.001 0.001 0.001 0.000 0.011 0.003 
45 ladle_vis 30 0.600 0.013 0.001 0.013 0.000 0.974 0.000 0.005 0.001 0.812 0.001 0.000 0.087 0.000 0.001 0.000 0.000 0.000 0.003 0.000 0.000 0.005 0.030 0.000 0.085 0.000 0.000 0.000 0.000 0.001 0.000 0.000 0.001 0.000 0.004 0.000 0.003 0.001 0.000 0.000 0.000 0.067 0.000 0.000 0.007 0.001 0.008 0.000 0.001 0.001 0.000 0.000 0.007 0.003 0.003 0.653 0.001 0.000 
46 knife_vis 30 0.236 0.003 0.017 0.001 0.000 0.988 0.001 0.001 0.001 0.987 0.001 0.000 0.100 0.000 0.001 0.000 0.000 0.001 0.037 0.000 0.000 0.026 0.004 0.000 0.215 0.001 0.000 0.000 0.000 0.001 0.000 0.000 0.001 0.000 0.002 0.000 0.005 0.000 0.000 0.000 0.000 0.013 0.000 0.000 0.002 0.000 0.024 0.000 0.001 0.001 0.000 0.000 0.026 0.052 0.001 0.896 0.004 0.001 
47 chopsticks_vis 30 0.019 0.002 0.008 0.000 0.000 0.994 0.001 0.001 0.005 0.990 0.000 0.000 0.000 0.001 0.002 0.000 0.001 0.000 0.006 0.001 0.003 0.001 0.001 0.000 0.000 0.001 0.000 0.000 0.000 0.001 0.000 0.000 0.001 0.000 0.002 0.001 0.001 0.000 0.000 0.003 0.000 0.000 0.000 0.000 0.009 0.001 0.001 0.004 0.001 0.033 0.000 0.010 0.021 0.004 0.013 0.003 0.686 0.302 
