0 beaver_vis 30 0.995 0.009 0.003 0.949 0.009 0.003 0.001 0.001 0.176 0.001 0.001 0.002 0.002 0.000 0.017 0.003 0.000 0.000 0.014 0.002 0.000 0.000 0.008 0.012 0.032 0.764 0.002 0.355 0.000 0.003 0.000 0.022 0.001 0.013 0.001 0.001 0.001 0.001 0.002 0.001 0.001 0.002 0.000 0.000 0.001 0.001 0.002 0.004 0.001 0.001 0.005 0.003 0.000 0.001 0.001 0.001 0.001 0.000 
1 bear_vis 30 0.995 0.010 0.009 0.008 0.982 0.001 0.001 0.001 0.001 0.001 0.001 0.001 0.000 0.001 0.000 0.156 0.000 0.001 0.001 0.013 0.001 0.000 0.000 0.001 0.001 0.007 0.005 0.001 0.073 0.258 0.001 0.976 0.001 0.028 0.001 0.001 0.000 0.001 0.001 0.001 0.001 0.007 0.002 0.001 0.001 0.007 0.001 0.303 0.001 0.001 0.001 0.006 0.000 0.001 0.001 0.002 0.001 0.000 
2 sheep_vis 30 0.994 0.013 0.011 0.004 0.957 0.002 0.001 0.001 0.005 0.001 0.001 0.011 0.001 0.001 0.000 0.023 0.000 0.001 0.001 0.020 0.001 0.000 0.000 0.001 0.001 0.052 0.001 0.000 0.028 0.061 0.000 0.972 0.001 0.026 0.001 0.001 0.001 0.001 0.001 0.001 0.001 0.004 0.001 0.001 0.001 0.004 0.003 0.064 0.001 0.001 0.001 0.006 0.000 0.001 0.001 0.002 0.001 0.000 
3 buffalo_vis 30 0.995 0.010 0.010 0.008 0.988 0.001 0.001 0.001 0.001 0.001 0.001 0.001 0.000 0.001 0.000 0.142 0.000 0.001 0.001 0.014 0.001 0.000 0.000 0.001 0.001 0.007 0.005 0.000 0.084 0.305 0.001 0.983 0.001 0.023 0.001 0.001 0.000 0.001 0.001 0.001 0.001 0.010 0.002 0.001 0.001 0.008 0.001 0.470 0.001 0.001 0.001 0.006 0.000 0.001 0.001 0.002 0.001 0.000 
4 poodle_vis 30 0.994 0.006 0.013 0.618 0.083 0.002 0.002 0.001 0.003 0.001 0.000 0.000 0.001 0.000 0.001 0.019 0.022 0.000 0.001 0.004 0.002 0.000 0.000 0.002 0.261 0.015 0.009 0.002 0.003 0.017 0.000 0.103 0.001 0.010 0.001 0.001 0.001 0.002 0.001 0.001 0.001 0.002 0.001 0.004 0.001 0.001 0.001 0.021 0.001 0.001 0.002 0.005 0.001 0.001 0.001 0.001 0.001 0.000 
5 giraffe_vis 30 0.995 0.008 0.006 0.008 0.977 0.001 0.001 0.001 0.001 0.001 0.001 0.000 0.000 0.001 0.000 0.182 0.000 0.001 0.001 0.014 0.001 0.000 0.000 0.001 0.001 0.006 0.004 0.001 0.048 0.310 0.001 0.965 0.001 0.034 0.001 0.001 0.000 0.001 0.001 0.001 0.001 0.007 0.002 0.001 0.001 0.005 0.001 0.273 0.001 0.001 0.001 0.008 0.000 0.001 0.001 0.001 0.001 0.000 
6 robin_vis 30 0.994 0.016 0.015 0.002 0.967 0.002 0.001 0.002 0.005 0.001 0.001 0.010 0.001 0.002 0.000 0.003 0.000 0.007 0.001 0.004 0.004 0.000 0.000 0.000 0.004 0.007 0.006 0.000 0.618 0.025 0.002 0.571 0.001 0.001 0.001 0.001 0.001 0.001 0.001 0.001 0.001 0.004 0.001 0.001 0.001 0.003 0.003 0.008 0.001 0.002 0.001 0.001 0.000 0.001 0.001 0.002 0.001 0.000 
7 swan_vis 30 0.994 0.003 0.002 0.006 0.908 0.002 0.001 0.001 0.007 0.001 0.000 0.035 0.000 0.000 0.001 0.003 0.000 0.000 0.001 0.033 0.001 0.000 0.001 0.004 0.001 0.036 0.001 0.008 0.001 0.011 0.003 0.096 0.007 0.562 0.001 0.001 0.001 0.001 0.001 0.001 0.001 0.001 0.001 0.001 0.001 0.001 0.002 0.007 0.001 0.001 0.011 0.009 0.001 0.001 0.001 0.001 0.001 0.000 
8 woodpecker_vis 30 0.993 0.011 0.026 0.004 0.653 0.003 0.001 0.001 0.024 0.001 0.001 0.004 0.002 0.003 0.000 0.001 0.001 0.001 0.001 0.003 0.003 0.006 0.000 0.000 0.224 0.002 0.001 0.006 0.311 0.006 0.000 0.244 0.013 0.004 0.001 0.001 0.001 0.002 0.001 0.001 0.001 0.002 0.000 0.000 0.001 0.001 0.006 0.014 0.001 0.002 0.002 0.001 0.000 0.001 0.001 0.002 0.001 0.000 
9 peacock_vis 30 0.736 0.004 0.045 0.001 0.001 0.960 0.003 0.001 0.783 0.001 0.000 0.003 0.004 0.000 0.141 0.001 0.001 0.000 0.715 0.012 0.000 0.001 0.097 0.001 0.001 0.017 0.000 0.002 0.000 0.001 0.000 0.001 0.001 0.007 0.001 0.001 0.002 0.001 0.001 0.010 0.001 0.001 0.000 0.000 0.001 0.001 0.003 0.003 0.002 0.001 0.646 0.012 0.011 0.003 0.001 0.001 0.001 0.001 
10 crow_vis 30 0.994 0.011 0.008 0.005 0.973 0.002 0.001 0.002 0.003 0.001 0.001 0.005 0.000 0.001 0.000 0.023 0.000 0.001 0.001 0.019 0.001 0.000 0.000 0.001 0.001 0.028 0.002 0.000 0.036 0.035 0.000 0.958 0.001 0.074 0.001 0.001 0.001 0.001 0.001 0.001 0.001 0.004 0.001 0.001 0.001 0.005 0.001 0.041 0.001 0.001 0.001 0.006 0.000 0.001 0.001 0.001 0.001 0.000 
11 eagle_vis 30 0.892 0.004 0.004 0.146 0.001 0.608 0.004 0.001 0.647 0.001 0.000 0.002 0.002 0.000 0.041 0.002 0.000 0.000 0.214 0.004 0.000 0.001 0.235 0.002 0.001 0.069 0.000 0.080 0.000 0.001 0.000 0.002 0.002 0.015 0.001 0.001 0.001 0.001 0.002 0.002 0.001 0.001 0.000 0.000 0.001 0.001 0.003 0.004 0.001 0.001 0.271 0.005 0.002 0.001 0.001 0.001 0.001 0.000 
12 tuna_vis 30 0.077 0.002 0.001 0.001 0.035 0.371 0.001 0.001 0.933 0.001 0.000 0.005 0.001 0.000 0.001 0.004 0.000 0.000 0.004 0.040 0.000 0.001 0.005 0.001 0.001 0.017 0.000 0.037 0.000 0.002 0.000 0.049 0.007 0.105 0.001 0.003 0.001 0.001 0.004 0.001 0.001 0.002 0.001 0.000 0.001 0.001 0.008 0.418 0.001 0.001 0.793 0.011 0.006 0.001 0.001 0.001 0.001 0.000 
13 goldfish_vis 30 0.994 0.001 0.001 0.009 0.991 0.002 0.001 0.002 0.002 0.001 0.001 0.001 0.000 0.001 0.000 0.025 0.000 0.001 0.001 0.016 0.001 0.000 0.001 0.049 0.001 0.002 0.001 0.007 0.001 0.583 0.003 0.107 0.006 0.742 0.001 0.001 0.000 0.001 0.001 0.001 0.001 0.008 0.002 0.001 0.001 0.005 0.001 0.104 0.001 0.001 0.004 0.088 0.001 0.001 0.001 0.002 0.001 0.000 
14 salmon_vis 30 0.994 0.003 0.001 0.008 0.992 0.003 0.001 0.001 0.003 0.001 0.000 0.000 0.000 0.001 0.000 0.041 0.000 0.001 0.001 0.012 0.000 0.000 0.000 0.030 0.001 0.001 0.001 0.003 0.002 0.911 0.001 0.412 0.009 0.642 0.001 0.001 0.001 0.002 0.001 0.001 0.001 0.007 0.001 0.002 0.001 0.014 0.002 0.419 0.001 0.001 0.003 0.089 0.001 0.001 0.001 0.003 0.001 0.000 
15 sardine_vis 30 0.993 0.006 0.004 0.006 0.987 0.003 0.001 0.001 0.006 0.001 0.000 0.001 0.000 0.000 0.000 0.068 0.000 0.000 0.001 0.025 0.001 0.000 0.000 0.002 0.001 0.004 0.001 0.000 0.018 0.263 0.000 0.938 0.002 0.193 0.001 0.001 0.001 0.003 0.001 0.001 0.001 0.006 0.001 0.001 0.001 0.016 0.002 0.284 0.001 0.001 0.003 0.019 0.001 0.001 0.001 0.002 0.001 0.000 
16 catfish_vis 30 0.995 0.007 0.005 0.008 0.954 0.001 0.001 0.001 0.001 0.001 0.000 0.000 0.000 0.001 0.001 0.170 0.000 0.000 0.001 0.018 0.001 0.000 0.000 0.002 0.001 0.006 0.002 0.001 0.019 0.210 0.000 0.917 0.001 0.074 0.001 0.001 0.000 0.001 0.001 0.001 0.001 0.003 0.001 0.001 0.001 0.003 0.001 0.151 0.001 0.001 0.001 0.011 0.000 0.001 0.001 0.001 0.001 0.000 
17 cod_vis 30 0.008 0.001 0.001 0.001 0.022 0.992 0.001 0.003 0.990 0.001 0.000 0.004 0.000 0.000 0.000 0.003 0.000 0.000 0.001 0.014 0.000 0.000 0.001 0.001 0.001 0.007 0.001 0.016 0.000 0.012 0.000 0.381 0.001 0.011 0.001 0.001 0.001 0.001 0.001 0.001 0.001 0.018 0.001 0.001 0.001 0.125 0.096 0.826 0.003 0.281 0.004 0.112 0.001 0.001 0.001 0.014 0.001 0.001 
18 turtle_vis 30 0.995 0.002 0.001 0.007 0.993 0.002 0.001 0.001 0.001 0.001 0.001 0.001 0.000 0.001 0.000 0.022 0.000 0.001 0.001 0.014 0.001 0.000 0.001 0.030 0.001 0.002 0.001 0.003 0.004 0.574 0.003 0.235 0.010 0.688 0.001 0.001 0.000 0.001 0.001 0.001 0.001 0.008 0.001 0.001 0.001 0.008 0.001 0.130 0.001 0.001 0.005 0.058 0.001 0.001 0.001 0.002 0.001 0.000 
19 rattlesnake_vis 30 0.985 0.001 0.001 0.004 0.988 0.008 0.001 0.006 0.004 0.001 0.001 0.000 0.000 0.001 0.000 0.019 0.000 0.001 0.001 0.001 0.001 0.000 0.000 0.018 0.000 0.000 0.001 0.003 0.009 0.975 0.005 0.042 0.008 0.035 0.001 0.001 0.001 0.003 0.001 0.001 0.001 0.091 0.001 0.004 0.001 0.055 0.001 0.116 0.001 0.002 0.001 0.014 0.001 0.001 0.001 0.051 0.001 0.000 
20 crab_vis 30 0.994 0.001 0.001 0.007 0.991 0.002 0.001 0.002 0.002 0.001 0.001 0.011 0.000 0.001 0.000 0.007 0.000 0.001 0.001 0.019 0.001 0.000 0.001 0.053 0.001 0.005 0.001 0.007 0.001 0.228 0.013 0.047 0.014 0.842 0.001 0.001 0.000 0.001 0.001 0.001 0.001 0.005 0.002 0.001 0.001 0.006 0.001 0.017 0.001 0.001 0.009 0.058 0.001 0.001 0.001 0.001 0.001 0.000 
21 frog_vis 30 0.995 0.011 0.009 0.006 0.989 0.001 0.001 0.001 0.003 0.001 0.000 0.001 0.000 0.001 0.000 0.130 0.000 0.001 0.001 0.016 0.001 0.000 0.000 0.001 0.001 0.005 0.003 0.000 0.075 0.302 0.000 0.984 0.001 0.033 0.001 0.001 0.001 0.002 0.001 0.001 0.001 0.011 0.001 0.001 0.001 0.013 0.002 0.611 0.001 0.001 0.001 0.009 0.000 0.001 0.001 0.003 0.001 0.000 
22 gecko_vis 30 0.006 0.001 0.001 0.001 0.024 0.990 0.001 0.001 0.987 0.002 0.000 0.001 0.000 0.000 0.000 0.002 0.000 0.000 0.001 0.006 0.000 0.000 0.001 0.001 0.001 0.003 0.001 0.019 0.001 0.009 0.000 0.183 0.002 0.003 0.001 0.001 0.001 0.002 0.001 0.001 0.001 0.087 0.001 0.001 0.001 0.062 0.186 0.827 0.002 0.615 0.002 0.010 0.001 0.001 0.003 0.083 0.001 0.001 
23 crocodile_vis 30 0.974 0.003 0.001 0.001 0.854 0.013 0.001 0.001 0.070 0.001 0.000 0.004 0.001 0.000 0.001 0.005 0.000 0.000 0.001 0.017 0.000 0.000 0.001 0.001 0.001 0.003 0.000 0.080 0.000 0.017 0.000 0.070 0.117 0.392 0.001 0.001 0.001 0.003 0.001 0.001 0.001 0.001 0.001 0.000 0.001 0.001 0.003 0.016 0.002 0.001 0.240 0.004 0.001 0.001 0.001 0.001 0.001 0.000 
24 axe_vis 30 0.003 0.013 0.001 0.001 0.001 0.995 0.001 0.002 0.993 0.014 0.005 0.005 0.102 0.001 0.039 0.000 0.000 0.001 0.020 0.001 0.000 0.000 0.001 0.000 0.001 0.000 0.001 0.004 0.000 0.001 0.000 0.000 0.001 0.000 0.002 0.001 0.001 0.001 0.001 0.003 0.001 0.031 0.000 0.001 0.001 0.002 0.635 0.004 0.008 0.353 0.001 0.015 0.000 0.260 0.004 0.011 0.002 0.001 
25 hammer_vis 30 0.005 0.001 0.001 0.012 0.001 0.990 0.097 0.004 0.329 0.013 0.001 0.000 0.002 0.000 0.001 0.000 0.001 0.000 0.001 0.000 0.000 0.000 0.002 0.001 0.031 0.001 0.003 0.007 0.000 0.001 0.001 0.000 0.001 0.000 0.026 0.031 0.001 0.001 0.005 0.001 0.001 0.016 0.001 0.002 0.001 0.001 0.001 0.001 0.001 0.048 0.001 0.001 0.001 0.004 0.016 0.001 0.001 0.030 
26 screwdriver_vis 30 0.004 0.001 0.004 0.001 0.001 0.995 0.002 0.002 0.012 0.911 0.001 0.000 0.001 0.001 0.000 0.000 0.001 0.002 0.008 0.001 0.000 0.008 0.003 0.000 0.001 0.000 0.001 0.000 0.000 0.000 0.000 0.000 0.002 0.000 0.002 0.001 0.001 0.001 0.002 0.001 0.001 0.002 0.000 0.001 0.003 0.001 0.002 0.001 0.001 0.004 0.001 0.001 0.022 0.544 0.001 0.010 0.010 0.024 
27 chisel_vis 30 0.003 0.001 0.001 0.002 0.001 0.992 0.024 0.003 0.479 0.010 0.001 0.000 0.006 0.000 0.000 0.000 0.001 0.000 0.002 0.000 0.000 0.000 0.001 0.001 0.008 0.001 0.001 0.001 0.000 0.001 0.000 0.000 0.001 0.000 0.003 0.007 0.001 0.001 0.006 0.001 0.001 0.003 0.000 0.001 0.001 0.001 0.002 0.001 0.001 0.077 0.001 0.001 0.001 0.008 0.003 0.002 0.003 0.013 
28 saw_vis 30 0.015 0.001 0.001 0.023 0.001 0.917 0.655 0.002 0.086 0.002 0.001 0.000 0.004 0.001 0.001 0.000 0.001 0.000 0.003 0.000 0.000 0.000 0.009 0.001 0.030 0.003 0.004 0.014 0.000 0.001 0.001 0.000 0.001 0.000 0.169 0.071 0.003 0.001 0.018 0.002 0.001 0.002 0.001 0.002 0.001 0.001 0.001 0.001 0.001 0.012 0.002 0.001 0.002 0.002 0.002 0.001 0.001 0.010 
29 drill_vis 30 0.135 0.017 0.002 0.001 0.003 0.016 0.010 0.002 0.009 0.010 0.002 0.005 0.023 0.020 0.001 0.001 0.000 0.003 0.002 0.002 0.001 0.055 0.003 0.000 0.002 0.000 0.001 0.041 0.003 0.002 0.009 0.001 0.006 0.001 0.026 0.007 0.007 0.001 0.002 0.004 0.001 0.002 0.001 0.001 0.029 0.001 0.018 0.002 0.001 0.002 0.088 0.001 0.044 0.011 0.007 0.003 0.001 0.001 
30 clamp_vis 30 0.006 0.001 0.001 0.001 0.004 0.932 0.001 0.982 0.023 0.004 0.014 0.001 0.000 0.006 0.000 0.001 0.000 0.015 0.001 0.001 0.005 0.000 0.001 0.003 0.001 0.001 0.012 0.001 0.095 0.002 0.142 0.001 0.001 0.001 0.002 0.001 0.001 0.001 0.001 0.001 0.006 0.045 0.587 0.003 0.055 0.047 0.002 0.009 0.001 0.002 0.001 0.063 0.001 0.015 0.004 0.002 0.001 0.010 
31 hoe_vis 30 0.002 0.002 0.001 0.000 0.003 0.996 0.001 0.001 0.995 0.004 0.000 0.028 0.002 0.000 0.000 0.000 0.000 0.000 0.003 0.004 0.000 0.000 0.000 0.000 0.001 0.000 0.000 0.000 0.000 0.001 0.000 0.022 0.003 0.001 0.001 0.000 0.001 0.001 0.001 0.001 0.001 0.004 0.000 0.000 0.001 0.019 0.883 0.131 0.007 0.127 0.011 0.024 0.000 0.002 0.002 0.060 0.001 0.001 
32 rake_vis 30 0.002 0.001 0.001 0.001 0.012 0.995 0.001 0.004 0.994 0.002 0.000 0.001 0.000 0.000 0.000 0.002 0.000 0.000 0.001 0.009 0.000 0.000 0.000 0.001 0.001 0.001 0.001 0.001 0.000 0.003 0.000 0.217 0.001 0.004 0.001 0.001 0.000 0.003 0.001 0.001 0.001 0.065 0.001 0.001 0.001 0.051 0.042 0.955 0.003 0.288 0.002 0.068 0.000 0.001 0.003 0.148 0.001 0.001 
33 shovel_vis 30 0.002 0.001 0.001 0.001 0.008 0.994 0.001 0.798 0.031 0.004 0.009 0.001 0.000 0.003 0.000 0.000 0.000 0.026 0.001 0.001 0.000 0.000 0.000 0.001 0.001 0.000 0.001 0.000 0.007 0.041 0.001 0.001 0.001 0.000 0.001 0.001 0.001 0.001 0.001 0.001 0.001 0.182 0.001 0.001 0.002 0.492 0.095 0.004 0.001 0.051 0.000 0.008 0.000 0.002 0.002 0.194 0.001 0.001 
34 spade_vis 30 0.005 0.005 0.001 0.001 0.003 0.994 0.001 0.001 0.994 0.004 0.000 0.065 0.005 0.000 0.001 0.002 0.000 0.000 0.005 0.017 0.000 0.001 0.000 0.000 0.001 0.001 0.000 0.002 0.000 0.001 0.000 0.014 0.002 0.003 0.001 0.001 0.001 0.001 0.001 0.001 0.001 0.008 0.001 0.000 0.001 0.004 0.837 0.357 0.004 0.024 0.039 0.046 0.000 0.005 0.002 0.018 0.001 0.000 
35 wrench_vis 30 0.001 0.001 0.001 0.000 0.013 0.996 0.001 0.001 0.995 0.002 0.000 0.001 0.000 0.000 0.000 0.000 0.000 0.000 0.001 0.009 0.000 0.000 0.000 0.000 0.001 0.002 0.000 0.001 0.000 0.001 0.000 0.227 0.004 0.003 0.001 0.000 0.001 0.002 0.001 0.001 0.001 0.024 0.000 0.000 0.001 0.038 0.175 0.872 0.004 0.418 0.003 0.009 0.000 0.001 0.002 0.045 0.001 0.001 
36 accordion_vis 30 0.003 0.016 0.001 0.000 0.001 0.996 0.001 0.001 0.995 0.005 0.000 0.346 0.015 0.000 0.001 0.001 0.000 0.000 0.010 0.010 0.000 0.001 0.000 0.000 0.000 0.000 0.000 0.000 0.000 0.001 0.000 0.006 0.005 0.001 0.001 0.000 0.007 0.001 0.001 0.001 0.000 0.002 0.000 0.000 0.001 0.038 0.993 0.051 0.097 0.116 0.080 0.063 0.000 0.008 0.001 0.089 0.002 0.000 
37 cello_vis 30 0.003 0.001 0.001 0.000 0.003 0.995 0.001 0.001 0.995 0.059 0.000 0.005 0.003 0.000 0.001 0.001 0.000 0.000 0.005 0.010 0.000 0.001 0.000 0.000 0.001 0.001 0.000 0.002 0.000 0.001 0.000 0.018 0.002 0.002 0.001 0.001 0.001 0.001 0.001 0.001 0.001 0.007 0.000 0.000 0.003 0.004 0.416 0.208 0.003 0.027 0.027 0.009 0.001 0.035 0.004 0.006 0.001 0.001 
38 flute_vis 30 0.002 0.005 0.001 0.000 0.001 0.996 0.001 0.001 0.995 0.004 0.000 0.064 0.006 0.000 0.001 0.001 0.000 0.000 0.008 0.005 0.000 0.000 0.000 0.000 0.001 0.000 0.000 0.001 0.000 0.001 0.000 0.004 0.002 0.001 0.001 0.000 0.002 0.001 0.001 0.001 0.001 0.004 0.000 0.000 0.001 0.006 0.974 0.078 0.014 0.067 0.032 0.046 0.000 0.005 0.002 0.035 0.001 0.000 
39 guitar_vis 30 0.002 0.002 0.001 0.000 0.001 0.996 0.001 0.001 0.995 0.005 0.000 0.026 0.003 0.000 0.001 0.001 0.000 0.000 0.007 0.006 0.000 0.000 0.000 0.000 0.001 0.000 0.000 0.001 0.000 0.001 0.000 0.004 0.002 0.001 0.001 0.000 0.001 0.001 0.001 0.001 0.000 0.003 0.000 0.000 0.001 0.008 0.951 0.082 0.007 0.050 0.016 0.032 0.000 0.004 0.001 0.037 0.001 0.000 
40 piano_vis 30 0.003 0.004 0.001 0.000 0.002 0.995 0.001 0.001 0.995 0.002 0.000 0.053 0.004 0.000 0.001 0.001 0.000 0.000 0.005 0.009 0.000 0.001 0.000 0.000 0.000 0.000 0.000 0.000 0.000 0.001 0.000 0.007 0.002 0.001 0.001 0.000 0.001 0.001 0.001 0.001 0.000 0.003 0.000 0.000 0.001 0.006 0.969 0.113 0.006 0.024 0.032 0.041 0.000 0.002 0.001 0.033 0.001 0.000 
41 trumpet_vis 30 0.002 0.001 0.001 0.000 0.010 0.995 0.001 0.001 0.995 0.004 0.000 0.001 0.000 0.000 0.000 0.001 0.000 0.000 0.001 0.019 0.000 0.000 0.000 0.000 0.001 0.004 0.000 0.003 0.000 0.001 0.000 0.126 0.004 0.006 0.001 0.000 0.001 0.001 0.001 0.001 0.001 0.097 0.000 0.000 0.001 0.011 0.137 0.960 0.003 0.193 0.008 0.012 0.000 0.001 0.004 0.020 0.001 0.001 
42 fork_vis 30 0.005 0.001 0.030 0.000 0.001 0.991 0.001 0.001 0.033 0.989 0.001 0.001 0.002 0.002 0.000 0.000 0.002 0.033 0.008 0.015 0.001 0.146 0.019 0.000 0.001 0.000 0.000 0.000 0.000 0.001 0.000 0.000 0.008 0.000 0.001 0.001 0.001 0.001 0.001 0.001 0.001 0.004 0.001 0.000 0.003 0.002 0.031 0.007 0.001 0.004 0.001 0.001 0.032 0.896 0.003 0.035 0.006 0.033 
43 spoon_vis 30 0.002 0.001 0.032 0.000 0.001 0.996 0.001 0.002 0.058 0.991 0.001 0.000 0.001 0.001 0.000 0.000 0.001 0.123 0.008 0.011 0.000 0.087 0.006 0.000 0.001 0.000 0.000 0.000 0.000 0.001 0.000 0.000 0.043 0.000 0.001 0.000 0.002 0.001 0.001 0.001 0.001 0.019 0.000 0.000 0.009 0.002 0.467 0.006 0.001 0.007 0.001 0.001 0.034 0.950 0.001 0.751 0.008 0.005 
44 tongs_vis 30 0.002 0.001 0.001 0.001 0.001 0.986 0.002 0.006 0.434 0.657 0.000 0.000 0.001 0.001 0.000 0.001 0.000 0.000 0.001 0.001 0.001 0.000 0.001 0.001 0.030 0.000 0.001 0.022 0.004 0.001 0.001 0.000 0.002 0.000 0.005 0.004 0.001 0.002 0.001 0.001 0.001 0.006 0.016 0.001 0.001 0.002 0.002 0.009 0.006 0.027 0.001 0.001 0.001 0.010 0.650 0.007 0.001 0.075 
45 ladle_vis 30 0.002 0.001 0.011 0.000 0.001 0.996 0.001 0.002 0.018 0.983 0.001 0.000 0.001 0.001 0.000 0.000 0.001 0.025 0.002 0.002 0.000 0.017 0.001 0.000 0.001 0.000 0.000 0.000 0.000 0.001 0.000 0.000 0.023 0.000 0.001 0.000 0.006 0.001 0.001 0.001 0.001 0.006 0.000 0.000 0.001 0.004 0.131 0.002 0.001 0.008 0.000 0.001 0.010 0.230 0.001 0.916 0.011 0.001 
46 knife_vis 30 0.002 0.001 0.022 0.001 0.001 0.996 0.001 0.002 0.018 0.991 0.001 0.000 0.001 0.001 0.000 0.000 0.002 0.058 0.004 0.005 0.000 0.069 0.004 0.000 0.001 0.000 0.000 0.000 0.000 0.001 0.000 0.000 0.020 0.000 0.001 0.000 0.002 0.001 0.001 0.001 0.001 0.003 0.000 0.000 0.001 0.002 0.146 0.002 0.001 0.005 0.000 0.001 0.017 0.834 0.001 0.454 0.024 0.004 
47 chopsticks_vis 30 0.002 0.001 0.001 0.001 0.002 0.993 0.001 0.002 0.944 0.160 0.000 0.001 0.001 0.000 0.000 0.001 0.000 0.001 0.001 0.003 0.000 0.001 0.001 0.000 0.002 0.000 0.001 0.003 0.001 0.002 0.000 0.001 0.003 0.000 0.001 0.001 0.001 0.001 0.001 0.001 0.001 0.161 0.001 0.000 0.001 0.005 0.454 0.281 0.002 0.162 0.001 0.004 0.001 0.015 0.033 0.253 0.001 0.004 
