0 beaver_vis 30 0.991 0.980 0.011 0.002 0.001 0.001 0.001 0.015 0.002 0.001 0.254 0.001 0.621 0.071 0.324 0.003 0.086 0.003 0.006 0.001 0.001 0.012 0.001 0.000 0.001 0.001 0.008 0.001 0.006 0.023 0.001 0.000 0.001 0.001 0.000 0.000 0.001 0.001 0.001 0.000 0.001 0.005 0.000 0.001 0.001 0.112 0.014 0.001 0.000 0.000 0.000 0.000 0.000 0.001 0.001 0.001 0.000 0.000 
1 bear_vis 30 0.838 0.682 0.002 0.001 0.130 0.098 0.206 0.001 0.070 0.001 0.015 0.408 0.007 0.035 0.016 0.701 0.001 0.019 0.002 0.009 0.005 0.001 0.025 0.004 0.001 0.022 0.010 0.000 0.001 0.133 0.024 0.007 0.140 0.290 0.003 0.002 0.016 0.007 0.001 0.002 0.001 0.001 0.001 0.003 0.001 0.001 0.009 0.605 0.002 0.000 0.001 0.001 0.001 0.000 0.001 0.000 0.001 0.000 
2 sheep_vis 30 0.907 0.888 0.003 0.001 0.001 0.064 0.001 0.036 0.017 0.001 0.027 0.001 0.819 0.314 0.174 0.004 0.079 0.015 0.004 0.002 0.001 0.051 0.001 0.000 0.001 0.004 0.208 0.002 0.002 0.007 0.002 0.000 0.000 0.001 0.001 0.001 0.002 0.006 0.001 0.000 0.004 0.002 0.001 0.003 0.001 0.022 0.099 0.003 0.001 0.001 0.001 0.001 0.001 0.002 0.001 0.001 0.001 0.000 
3 buffalo_vis 30 0.005 0.012 0.002 0.001 0.011 0.991 0.988 0.001 0.209 0.021 0.000 0.268 0.003 0.207 0.000 0.003 0.001 0.001 0.038 0.676 0.377 0.001 0.006 0.018 0.003 0.000 0.000 0.000 0.000 0.453 0.001 0.006 0.905 0.008 0.815 0.275 0.130 0.609 0.020 0.001 0.001 0.070 0.000 0.019 0.000 0.001 0.017 0.001 0.212 0.002 0.000 0.104 0.013 0.001 0.032 0.000 0.019 0.000 
4 poodle_vis 30 0.888 0.868 0.117 0.001 0.001 0.029 0.001 0.574 0.013 0.001 0.000 0.001 0.194 0.990 0.190 0.030 0.115 0.209 0.002 0.002 0.004 0.509 0.000 0.000 0.000 0.001 0.020 0.000 0.012 0.003 0.002 0.000 0.000 0.001 0.000 0.000 0.001 0.003 0.000 0.000 0.039 0.128 0.003 0.583 0.001 0.086 0.108 0.010 0.003 0.000 0.000 0.001 0.001 0.001 0.001 0.001 0.000 0.000 
5 giraffe_vis 30 0.906 0.893 0.001 0.001 0.014 0.030 0.004 0.001 0.337 0.001 0.046 0.131 0.002 0.087 0.048 0.942 0.001 0.119 0.001 0.003 0.002 0.001 0.004 0.001 0.000 0.045 0.003 0.000 0.001 0.009 0.006 0.001 0.002 0.306 0.001 0.001 0.003 0.002 0.001 0.000 0.001 0.001 0.001 0.002 0.001 0.001 0.019 0.758 0.004 0.000 0.001 0.001 0.001 0.000 0.001 0.000 0.001 0.000 
6 robin_vis 30 0.005 0.239 0.004 0.001 0.001 0.413 0.003 0.001 0.519 0.002 0.030 0.020 0.001 0.187 0.390 0.122 0.001 0.147 0.001 0.024 0.001 0.017 0.001 0.000 0.000 0.001 0.003 0.000 0.000 0.001 0.001 0.000 0.000 0.001 0.576 0.001 0.002 0.001 0.002 0.000 0.001 0.739 0.000 0.002 0.006 0.001 0.930 0.069 0.001 0.001 0.000 0.012 0.102 0.602 0.001 0.001 0.001 0.000 
7 swan_vis 30 0.016 0.396 0.008 0.000 0.001 0.213 0.001 0.001 0.581 0.001 0.011 0.006 0.001 0.414 0.143 0.105 0.002 0.199 0.001 0.013 0.001 0.010 0.001 0.000 0.000 0.001 0.001 0.000 0.000 0.000 0.000 0.000 0.000 0.001 0.589 0.000 0.001 0.001 0.001 0.000 0.001 0.698 0.000 0.006 0.001 0.009 0.783 0.038 0.002 0.001 0.000 0.029 0.059 0.267 0.001 0.001 0.000 0.001 
8 woodpecker_vis 30 0.249 0.692 0.026 0.001 0.001 0.839 0.261 0.000 0.001 0.002 0.001 0.155 0.002 0.506 0.000 0.001 0.001 0.001 0.013 0.279 0.003 0.005 0.002 0.001 0.001 0.000 0.000 0.000 0.000 0.001 0.000 0.002 0.001 0.000 0.985 0.002 0.002 0.002 0.001 0.000 0.001 0.016 0.000 0.029 0.000 0.001 0.006 0.000 0.000 0.000 0.000 0.001 0.001 0.038 0.002 0.001 0.001 0.000 
9 peacock_vis 30 0.015 0.006 0.036 0.001 0.001 0.902 0.001 0.001 0.207 0.083 0.001 0.002 0.001 0.012 0.007 0.010 0.001 0.074 0.001 0.021 0.005 0.005 0.001 0.000 0.000 0.001 0.001 0.000 0.000 0.001 0.001 0.001 0.000 0.002 0.371 0.001 0.001 0.001 0.001 0.000 0.001 0.206 0.000 0.002 0.001 0.001 0.251 0.026 0.001 0.001 0.000 0.021 0.447 0.175 0.002 0.002 0.001 0.001 
10 crow_vis 30 0.001 0.002 0.002 0.000 0.001 0.993 0.039 0.007 0.967 0.074 0.001 0.001 0.001 0.004 0.006 0.009 0.001 0.008 0.001 0.007 0.007 0.001 0.000 0.001 0.000 0.000 0.000 0.000 0.001 0.001 0.001 0.001 0.000 0.004 0.968 0.001 0.002 0.001 0.033 0.000 0.002 0.943 0.001 0.009 0.087 0.004 0.299 0.008 0.036 0.095 0.001 0.955 0.640 0.047 0.008 0.002 0.001 0.001 
11 eagle_vis 30 0.773 0.861 0.125 0.001 0.001 0.014 0.001 0.175 0.019 0.001 0.001 0.001 0.009 0.928 0.743 0.006 0.019 0.055 0.002 0.003 0.002 0.341 0.000 0.000 0.000 0.000 0.002 0.000 0.002 0.002 0.001 0.000 0.000 0.001 0.015 0.001 0.001 0.001 0.000 0.000 0.001 0.927 0.001 0.014 0.001 0.058 0.072 0.001 0.001 0.000 0.000 0.002 0.002 0.003 0.001 0.001 0.000 0.000 
12 tuna_vis 30 0.993 0.009 0.013 0.919 0.001 0.001 0.001 0.001 0.001 0.003 0.003 0.001 0.019 0.001 0.004 0.001 0.004 0.002 0.029 0.001 0.001 0.006 0.051 0.002 0.229 0.004 0.497 0.006 0.001 0.001 0.011 0.001 0.003 0.001 0.000 0.001 0.001 0.001 0.000 0.001 0.001 0.000 0.000 0.001 0.001 0.001 0.001 0.000 0.000 0.000 0.001 0.001 0.000 0.001 0.001 0.001 0.001 0.001 
13 goldfish_vis 30 0.991 0.003 0.011 0.019 0.766 0.001 0.000 0.001 0.001 0.001 0.001 0.004 0.001 0.001 0.004 0.322 0.002 0.366 0.001 0.003 0.007 0.001 0.004 0.010 0.001 0.152 0.005 0.001 0.018 0.001 0.083 0.006 0.012 0.923 0.000 0.000 0.001 0.001 0.002 0.000 0.001 0.000 0.001 0.001 0.000 0.001 0.001 0.025 0.000 0.000 0.000 0.001 0.044 0.000 0.001 0.001 0.001 0.002 
14 salmon_vis 30 0.003 0.002 0.002 0.001 0.002 0.993 0.975 0.117 0.001 0.004 0.000 0.001 0.082 0.028 0.001 0.000 0.001 0.001 0.002 0.002 0.011 0.033 0.000 0.001 0.020 0.000 0.001 0.000 0.001 0.088 0.006 0.001 0.010 0.001 0.117 0.015 0.012 0.949 0.001 0.001 0.031 0.094 0.003 0.145 0.001 0.003 0.001 0.000 0.005 0.001 0.001 0.002 0.001 0.001 0.060 0.001 0.002 0.001 
15 sardine_vis 30 0.972 0.003 0.013 0.009 0.885 0.013 0.001 0.049 0.002 0.002 0.000 0.001 0.002 0.002 0.001 0.002 0.004 0.019 0.001 0.001 0.036 0.003 0.001 0.002 0.001 0.003 0.014 0.057 0.242 0.010 0.604 0.003 0.007 0.426 0.000 0.001 0.003 0.002 0.001 0.001 0.077 0.001 0.005 0.005 0.001 0.003 0.001 0.004 0.001 0.001 0.001 0.001 0.008 0.000 0.001 0.001 0.001 0.001 
16 catfish_vis 30 0.963 0.002 0.790 0.018 0.002 0.040 0.000 0.001 0.001 0.047 0.001 0.001 0.001 0.001 0.001 0.001 0.015 0.006 0.057 0.002 0.367 0.008 0.002 0.001 0.003 0.002 0.004 0.001 0.004 0.001 0.001 0.001 0.001 0.001 0.000 0.000 0.001 0.001 0.000 0.000 0.001 0.001 0.000 0.001 0.000 0.001 0.001 0.000 0.000 0.000 0.000 0.000 0.003 0.001 0.001 0.002 0.001 0.001 
17 cod_vis 30 0.003 0.002 0.002 0.001 0.001 0.990 0.002 0.982 0.011 0.002 0.000 0.000 0.033 0.012 0.001 0.001 0.005 0.001 0.001 0.001 0.017 0.002 0.000 0.001 0.001 0.000 0.001 0.005 0.024 0.020 0.001 0.001 0.000 0.001 0.001 0.004 0.006 0.016 0.001 0.000 0.546 0.063 0.294 0.403 0.001 0.257 0.002 0.004 0.130 0.001 0.001 0.003 0.002 0.001 0.001 0.003 0.001 0.001 
18 turtle_vis 30 0.986 0.005 0.005 0.007 0.965 0.002 0.001 0.001 0.004 0.001 0.000 0.001 0.001 0.002 0.001 0.091 0.002 0.094 0.001 0.001 0.022 0.001 0.001 0.070 0.001 0.044 0.001 0.005 0.330 0.020 0.010 0.329 0.006 0.936 0.000 0.001 0.002 0.001 0.000 0.000 0.001 0.001 0.002 0.003 0.000 0.001 0.001 0.107 0.001 0.000 0.001 0.001 0.014 0.000 0.001 0.000 0.001 0.010 
19 rattlesnake_vis 30 0.955 0.059 0.003 0.056 0.948 0.019 0.001 0.001 0.032 0.001 0.002 0.006 0.002 0.004 0.001 0.293 0.001 0.043 0.001 0.001 0.013 0.001 0.002 0.170 0.001 0.059 0.001 0.031 0.278 0.251 0.074 0.146 0.042 0.892 0.000 0.001 0.005 0.001 0.002 0.003 0.002 0.001 0.018 0.003 0.001 0.001 0.001 0.042 0.009 0.001 0.008 0.002 0.004 0.000 0.001 0.000 0.001 0.002 
20 crab_vis 30 0.985 0.002 0.003 0.022 0.977 0.001 0.001 0.001 0.001 0.001 0.000 0.001 0.001 0.001 0.001 0.061 0.001 0.079 0.001 0.001 0.007 0.001 0.001 0.057 0.001 0.037 0.001 0.006 0.062 0.006 0.104 0.023 0.029 0.949 0.000 0.000 0.001 0.001 0.001 0.000 0.001 0.000 0.001 0.001 0.000 0.001 0.001 0.024 0.001 0.000 0.001 0.002 0.055 0.000 0.001 0.000 0.001 0.004 
21 frog_vis 30 0.986 0.012 0.002 0.001 0.970 0.004 0.002 0.019 0.002 0.001 0.000 0.001 0.005 0.002 0.001 0.001 0.001 0.001 0.001 0.001 0.020 0.001 0.000 0.001 0.001 0.000 0.001 0.008 0.612 0.513 0.014 0.064 0.002 0.016 0.000 0.001 0.005 0.002 0.001 0.001 0.001 0.001 0.065 0.012 0.001 0.001 0.001 0.002 0.001 0.000 0.001 0.001 0.000 0.000 0.001 0.001 0.001 0.001 
22 gecko_vis 30 0.985 0.008 0.003 0.007 0.970 0.002 0.001 0.001 0.002 0.001 0.000 0.001 0.001 0.002 0.001 0.033 0.001 0.044 0.001 0.001 0.014 0.001 0.001 0.027 0.001 0.012 0.001 0.006 0.201 0.047 0.030 0.055 0.008 0.829 0.000 0.001 0.003 0.001 0.001 0.001 0.001 0.001 0.005 0.003 0.000 0.001 0.001 0.016 0.001 0.000 0.001 0.001 0.015 0.000 0.001 0.000 0.001 0.002 
23 crocodile_vis 30 0.987 0.004 0.007 0.004 0.970 0.002 0.001 0.001 0.004 0.001 0.000 0.004 0.001 0.002 0.001 0.007 0.001 0.003 0.001 0.005 0.033 0.001 0.002 0.075 0.001 0.001 0.000 0.001 0.043 0.019 0.001 0.619 0.200 0.342 0.000 0.001 0.004 0.001 0.002 0.001 0.001 0.001 0.001 0.003 0.001 0.001 0.001 0.002 0.002 0.000 0.001 0.001 0.002 0.000 0.001 0.001 0.001 0.001 
24 axe_vis 30 0.361 0.013 0.001 0.061 0.001 0.828 0.030 0.001 0.466 0.001 0.046 0.000 0.029 0.003 0.000 0.001 0.003 0.001 0.004 0.001 0.014 0.001 0.001 0.380 0.002 0.005 0.000 0.070 0.001 0.156 0.000 0.003 0.001 0.002 0.019 0.036 0.002 0.001 0.000 0.079 0.001 0.002 0.001 0.006 0.000 0.003 0.004 0.003 0.166 0.005 0.204 0.003 0.003 0.001 0.001 0.000 0.001 0.001 
25 hammer_vis 30 0.907 0.284 0.001 0.870 0.036 0.061 0.006 0.001 0.156 0.001 0.806 0.002 0.170 0.002 0.001 0.036 0.011 0.002 0.023 0.001 0.002 0.001 0.161 0.878 0.069 0.561 0.003 0.730 0.012 0.562 0.002 0.019 0.005 0.099 0.002 0.004 0.003 0.002 0.057 0.848 0.002 0.001 0.003 0.002 0.006 0.002 0.003 0.007 0.012 0.010 0.884 0.002 0.002 0.001 0.001 0.001 0.001 0.007 
26 screwdriver_vis 30 0.401 0.035 0.001 0.231 0.001 0.992 0.988 0.000 0.006 0.002 0.028 0.043 0.334 0.005 0.000 0.000 0.001 0.001 0.527 0.023 0.015 0.001 0.415 0.622 0.445 0.000 0.000 0.003 0.000 0.384 0.000 0.035 0.463 0.001 0.111 0.788 0.027 0.261 0.006 0.696 0.001 0.001 0.000 0.003 0.000 0.001 0.003 0.001 0.017 0.001 0.008 0.001 0.002 0.001 0.001 0.000 0.042 0.000 
27 chisel_vis 30 0.643 0.047 0.001 0.252 0.002 0.179 0.018 0.001 0.576 0.001 0.558 0.001 0.011 0.002 0.001 0.015 0.002 0.001 0.002 0.001 0.002 0.001 0.007 0.658 0.002 0.071 0.001 0.071 0.001 0.124 0.001 0.002 0.001 0.031 0.008 0.002 0.002 0.002 0.012 0.046 0.003 0.002 0.001 0.002 0.003 0.001 0.005 0.012 0.037 0.006 0.669 0.003 0.004 0.001 0.001 0.000 0.001 0.002 
28 saw_vis 30 0.012 0.004 0.001 0.004 0.005 0.994 0.990 0.000 0.004 0.002 0.001 0.035 0.014 0.001 0.000 0.000 0.001 0.001 0.001 0.003 0.001 0.001 0.061 0.010 0.033 0.000 0.000 0.000 0.000 0.045 0.000 0.055 0.041 0.001 0.028 0.027 0.357 0.018 0.031 0.604 0.001 0.000 0.001 0.001 0.000 0.001 0.002 0.002 0.004 0.000 0.004 0.001 0.001 0.001 0.001 0.000 0.005 0.000 
29 drill_vis 30 0.008 0.005 0.001 0.001 0.098 0.994 0.992 0.000 0.004 0.001 0.000 0.124 0.004 0.001 0.000 0.001 0.001 0.000 0.001 0.004 0.001 0.001 0.026 0.004 0.011 0.000 0.000 0.000 0.000 0.093 0.000 0.085 0.134 0.001 0.009 0.005 0.827 0.022 0.080 0.260 0.000 0.000 0.002 0.001 0.000 0.000 0.001 0.032 0.001 0.000 0.003 0.003 0.001 0.001 0.001 0.000 0.003 0.000 
30 clamp_vis 30 0.009 0.004 0.002 0.000 0.002 0.994 0.835 0.040 0.003 0.001 0.000 0.006 0.049 0.309 0.000 0.000 0.001 0.001 0.019 0.006 0.297 0.016 0.000 0.000 0.009 0.000 0.000 0.000 0.001 0.707 0.009 0.001 0.346 0.001 0.038 0.014 0.001 0.859 0.000 0.000 0.013 0.068 0.001 0.104 0.000 0.001 0.001 0.001 0.005 0.000 0.000 0.001 0.001 0.000 0.004 0.001 0.000 0.000 
31 hoe_vis 30 0.185 0.174 0.003 0.000 0.001 0.807 0.001 0.369 0.022 0.001 0.007 0.000 0.171 0.041 0.208 0.001 0.044 0.003 0.006 0.001 0.001 0.022 0.000 0.000 0.000 0.000 0.006 0.000 0.000 0.000 0.000 0.000 0.000 0.000 0.009 0.001 0.001 0.001 0.000 0.000 0.001 0.109 0.000 0.001 0.006 0.502 0.100 0.003 0.001 0.001 0.000 0.003 0.003 0.009 0.000 0.014 0.000 0.000 
32 rake_vis 30 0.020 0.007 0.004 0.000 0.006 0.986 0.306 0.203 0.007 0.001 0.000 0.001 0.006 0.073 0.006 0.001 0.001 0.001 0.008 0.001 0.384 0.019 0.000 0.000 0.008 0.000 0.000 0.000 0.001 0.724 0.008 0.000 0.033 0.000 0.160 0.001 0.001 0.276 0.000 0.000 0.014 0.867 0.004 0.060 0.001 0.006 0.002 0.001 0.006 0.000 0.000 0.001 0.001 0.000 0.064 0.001 0.000 0.000 
33 shovel_vis 30 0.134 0.007 0.012 0.000 0.002 0.850 0.002 0.726 0.014 0.001 0.000 0.000 0.003 0.064 0.002 0.001 0.001 0.001 0.001 0.001 0.544 0.003 0.000 0.000 0.001 0.000 0.000 0.000 0.009 0.554 0.000 0.001 0.000 0.001 0.007 0.001 0.001 0.002 0.000 0.000 0.004 0.670 0.001 0.292 0.000 0.019 0.002 0.002 0.016 0.001 0.000 0.002 0.001 0.000 0.002 0.001 0.000 0.001 
34 spade_vis 30 0.003 0.139 0.001 0.000 0.001 0.966 0.001 0.783 0.029 0.116 0.005 0.000 0.049 0.124 0.936 0.001 0.017 0.005 0.001 0.001 0.000 0.519 0.000 0.000 0.000 0.000 0.094 0.000 0.000 0.000 0.015 0.000 0.000 0.000 0.023 0.000 0.001 0.019 0.000 0.000 0.022 0.901 0.001 0.001 0.839 0.227 0.926 0.001 0.001 0.011 0.000 0.002 0.008 0.354 0.010 0.665 0.000 0.000 
35 wrench_vis 30 0.003 0.001 0.001 0.000 0.001 0.959 0.001 0.980 0.010 0.001 0.000 0.000 0.002 0.002 0.024 0.000 0.002 0.001 0.000 0.001 0.019 0.001 0.000 0.000 0.000 0.000 0.000 0.001 0.009 0.022 0.001 0.000 0.000 0.000 0.001 0.000 0.001 0.001 0.000 0.000 0.009 0.691 0.002 0.038 0.054 0.221 0.001 0.001 0.005 0.002 0.000 0.005 0.002 0.000 0.002 0.007 0.000 0.000 
36 accordion_vis 30 0.141 0.144 0.004 0.000 0.001 0.883 0.001 0.100 0.220 0.001 0.032 0.000 0.022 0.010 0.004 0.001 0.084 0.002 0.004 0.001 0.001 0.001 0.000 0.000 0.000 0.001 0.000 0.000 0.001 0.000 0.000 0.000 0.000 0.001 0.002 0.004 0.001 0.001 0.000 0.000 0.001 0.002 0.001 0.001 0.001 0.726 0.108 0.002 0.012 0.011 0.001 0.002 0.001 0.002 0.000 0.002 0.000 0.001 
37 cello_vis 30 0.001 0.001 0.001 0.001 0.001 0.994 0.001 0.013 0.983 0.002 0.017 0.000 0.001 0.001 0.000 0.001 0.010 0.001 0.002 0.001 0.018 0.001 0.000 0.065 0.000 0.001 0.000 0.001 0.000 0.001 0.000 0.000 0.000 0.001 0.034 0.135 0.001 0.001 0.001 0.000 0.002 0.001 0.001 0.001 0.008 0.523 0.020 0.004 0.258 0.904 0.054 0.302 0.002 0.001 0.001 0.002 0.001 0.239 
38 flute_vis 30 0.001 0.001 0.001 0.001 0.001 0.993 0.002 0.007 0.956 0.001 0.036 0.000 0.001 0.001 0.000 0.001 0.006 0.001 0.002 0.001 0.011 0.001 0.000 0.039 0.000 0.001 0.000 0.001 0.001 0.001 0.000 0.001 0.000 0.001 0.014 0.063 0.001 0.001 0.001 0.000 0.002 0.001 0.001 0.003 0.004 0.248 0.010 0.002 0.077 0.897 0.017 0.058 0.002 0.001 0.001 0.001 0.001 0.063 
39 guitar_vis 30 0.002 0.001 0.001 0.000 0.001 0.994 0.001 0.003 0.920 0.001 0.025 0.000 0.001 0.001 0.000 0.000 0.009 0.001 0.002 0.001 0.024 0.000 0.000 0.054 0.000 0.000 0.000 0.001 0.001 0.001 0.000 0.000 0.000 0.001 0.005 0.041 0.001 0.001 0.000 0.000 0.001 0.001 0.000 0.001 0.001 0.529 0.004 0.001 0.041 0.898 0.006 0.040 0.001 0.001 0.000 0.001 0.000 0.061 
40 piano_vis 30 0.002 0.001 0.001 0.000 0.001 0.994 0.001 0.051 0.825 0.001 0.001 0.000 0.001 0.001 0.000 0.001 0.004 0.001 0.001 0.001 0.013 0.001 0.000 0.002 0.000 0.001 0.000 0.001 0.001 0.001 0.000 0.001 0.000 0.001 0.001 0.011 0.001 0.001 0.000 0.000 0.001 0.001 0.001 0.004 0.001 0.253 0.014 0.010 0.335 0.075 0.003 0.008 0.001 0.001 0.000 0.001 0.000 0.011 
41 trumpet_vis 30 0.012 0.022 0.002 0.000 0.001 0.934 0.001 0.007 0.677 0.001 0.006 0.000 0.001 0.004 0.000 0.001 0.005 0.002 0.001 0.001 0.005 0.001 0.000 0.001 0.000 0.000 0.000 0.000 0.001 0.001 0.000 0.001 0.000 0.001 0.019 0.001 0.001 0.001 0.000 0.000 0.001 0.007 0.001 0.007 0.001 0.250 0.012 0.001 0.022 0.014 0.000 0.025 0.002 0.001 0.000 0.001 0.000 0.001 
42 fork_vis 30 0.492 0.008 0.796 0.002 0.001 0.374 0.001 0.001 0.014 0.971 0.000 0.020 0.000 0.032 0.008 0.090 0.072 0.805 0.015 0.798 0.032 0.460 0.012 0.001 0.000 0.122 0.053 0.000 0.001 0.000 0.036 0.001 0.037 0.194 0.038 0.000 0.001 0.001 0.000 0.000 0.041 0.011 0.000 0.001 0.000 0.001 0.383 0.030 0.006 0.000 0.000 0.003 0.855 0.742 0.005 0.054 0.010 0.036 
43 spoon_vis 30 0.679 0.010 0.543 0.007 0.001 0.598 0.002 0.001 0.006 0.448 0.000 0.005 0.002 0.016 0.003 0.000 0.003 0.002 0.136 0.079 0.020 0.343 0.002 0.002 0.009 0.001 0.008 0.000 0.000 0.000 0.004 0.000 0.022 0.000 0.007 0.001 0.001 0.004 0.000 0.000 0.001 0.005 0.000 0.001 0.000 0.001 0.005 0.001 0.001 0.001 0.000 0.001 0.004 0.021 0.009 0.005 0.010 0.014 
44 tongs_vis 30 0.001 0.001 0.001 0.001 0.001 0.993 0.017 0.002 0.970 0.039 0.053 0.000 0.001 0.001 0.000 0.001 0.003 0.001 0.004 0.001 0.005 0.001 0.001 0.068 0.001 0.001 0.000 0.001 0.000 0.001 0.000 0.001 0.000 0.001 0.093 0.239 0.001 0.001 0.006 0.000 0.002 0.002 0.001 0.001 0.045 0.043 0.084 0.002 0.090 0.946 0.095 0.125 0.004 0.004 0.002 0.005 0.002 0.107 
45 ladle_vis 30 0.010 0.003 0.001 0.000 0.001 0.989 0.001 0.890 0.010 0.002 0.003 0.000 0.041 0.001 0.016 0.000 0.019 0.001 0.003 0.001 0.004 0.001 0.000 0.000 0.001 0.000 0.001 0.002 0.001 0.002 0.000 0.000 0.000 0.000 0.002 0.002 0.001 0.001 0.000 0.000 0.002 0.028 0.001 0.002 0.030 0.516 0.004 0.001 0.002 0.019 0.000 0.003 0.001 0.001 0.001 0.020 0.000 0.001 
46 knife_vis 30 0.002 0.001 0.015 0.108 0.001 0.994 0.001 0.000 0.002 0.983 0.000 0.000 0.000 0.001 0.000 0.000 0.001 0.001 0.023 0.006 0.036 0.001 0.004 0.130 0.020 0.001 0.000 0.001 0.000 0.000 0.000 0.001 0.001 0.000 0.024 0.013 0.001 0.001 0.001 0.000 0.001 0.000 0.000 0.001 0.000 0.001 0.002 0.001 0.001 0.038 0.000 0.001 0.021 0.109 0.085 0.011 0.916 0.596 
47 chopsticks_vis 30 0.004 0.001 0.013 0.093 0.001 0.993 0.001 0.001 0.002 0.973 0.000 0.000 0.000 0.000 0.000 0.000 0.001 0.002 0.071 0.010 0.025 0.001 0.017 0.098 0.082 0.001 0.001 0.001 0.000 0.000 0.000 0.001 0.003 0.001 0.036 0.008 0.001 0.001 0.001 0.000 0.002 0.000 0.000 0.001 0.000 0.001 0.001 0.001 0.001 0.003 0.000 0.001 0.009 0.061 0.051 0.003 0.909 0.089 
