0 beaver_vis 30 0.996 0.990 0.001 0.014 0.003 0.001 0.001 0.001 0.001 0.001 0.020 0.008 0.015 0.006 0.007 0.907 0.001 0.003 0.003 0.001 0.001 0.001 0.001 0.001 0.002 0.001 0.032 0.001 0.001 0.001 0.002 0.005 0.000 0.001 0.001 0.002 0.000 0.001 0.006 0.002 0.003 0.001 0.001 0.000 0.001 0.001 0.001 0.002 0.000 0.000 0.001 0.001 0.001 0.001 0.003 0.000 0.000 0.045 
1 bear_vis 30 0.996 0.903 0.001 0.157 0.003 0.001 0.001 0.001 0.001 0.001 0.139 0.519 0.002 0.003 0.001 0.029 0.001 0.004 0.001 0.000 0.001 0.001 0.001 0.001 0.001 0.221 0.007 0.001 0.003 0.001 0.001 0.004 0.002 0.001 0.000 0.007 0.000 0.001 0.006 0.002 0.027 0.000 0.001 0.000 0.002 0.000 0.001 0.001 0.000 0.000 0.000 0.001 0.001 0.001 0.000 0.000 0.000 0.005 
2 sheep_vis 30 0.996 0.991 0.005 0.026 0.001 0.001 0.001 0.001 0.001 0.007 0.408 0.001 0.204 0.001 0.170 0.833 0.008 0.005 0.006 0.013 0.003 0.001 0.004 0.000 0.019 0.001 0.006 0.001 0.001 0.000 0.001 0.001 0.000 0.001 0.001 0.003 0.000 0.002 0.001 0.004 0.003 0.003 0.004 0.001 0.001 0.002 0.001 0.019 0.001 0.000 0.001 0.001 0.001 0.002 0.028 0.001 0.000 0.289 
3 buffalo_vis 30 0.996 0.985 0.001 0.008 0.006 0.001 0.001 0.001 0.001 0.001 0.032 0.080 0.002 0.008 0.002 0.483 0.001 0.001 0.003 0.000 0.001 0.001 0.001 0.001 0.001 0.004 0.007 0.001 0.002 0.001 0.002 0.010 0.001 0.001 0.000 0.002 0.000 0.001 0.007 0.001 0.003 0.001 0.001 0.000 0.001 0.000 0.001 0.001 0.000 0.000 0.001 0.001 0.001 0.001 0.001 0.000 0.000 0.010 
4 poodle_vis 30 0.996 0.988 0.001 0.006 0.010 0.001 0.001 0.001 0.001 0.001 0.003 0.006 0.004 0.495 0.024 0.337 0.001 0.001 0.001 0.000 0.001 0.002 0.001 0.001 0.001 0.001 0.003 0.011 0.003 0.001 0.025 0.001 0.001 0.001 0.001 0.002 0.000 0.001 0.003 0.012 0.002 0.002 0.001 0.000 0.001 0.000 0.001 0.002 0.001 0.000 0.002 0.001 0.001 0.001 0.000 0.000 0.000 0.016 
5 giraffe_vis 30 0.996 0.976 0.001 0.011 0.005 0.001 0.001 0.001 0.001 0.001 0.074 0.203 0.003 0.007 0.002 0.181 0.001 0.002 0.001 0.000 0.001 0.001 0.001 0.001 0.001 0.015 0.009 0.001 0.002 0.001 0.002 0.012 0.002 0.001 0.000 0.002 0.000 0.001 0.006 0.002 0.004 0.001 0.001 0.000 0.001 0.000 0.001 0.002 0.000 0.000 0.001 0.001 0.001 0.001 0.001 0.000 0.000 0.007 
6 robin_vis 30 0.996 0.018 0.969 0.019 0.007 0.001 0.001 0.001 0.002 0.002 0.001 0.001 0.005 0.000 0.161 0.001 0.957 0.011 0.007 0.008 0.133 0.007 0.030 0.000 0.122 0.001 0.001 0.005 0.001 0.001 0.148 0.001 0.000 0.002 0.001 0.002 0.006 0.002 0.001 0.021 0.001 0.011 0.005 0.007 0.001 0.001 0.001 0.032 0.001 0.001 0.016 0.001 0.004 0.001 0.001 0.001 0.001 0.033 
7 swan_vis 30 0.996 0.055 0.990 0.011 0.003 0.003 0.001 0.001 0.014 0.004 0.070 0.054 0.251 0.000 0.001 0.001 0.016 0.980 0.008 0.075 0.012 0.077 0.004 0.000 0.062 0.044 0.002 0.000 0.001 0.000 0.002 0.012 0.001 0.001 0.001 0.024 0.001 0.020 0.000 0.089 0.001 0.000 0.000 0.002 0.001 0.001 0.005 0.037 0.008 0.002 0.000 0.001 0.001 0.002 0.003 0.000 0.012 0.039 
8 woodpecker_vis 30 0.996 0.005 0.990 0.007 0.003 0.003 0.001 0.001 0.003 0.009 0.002 0.001 0.004 0.000 0.001 0.001 0.084 0.017 0.840 0.005 0.006 0.006 0.010 0.000 0.003 0.001 0.001 0.000 0.001 0.000 0.001 0.001 0.002 0.001 0.001 0.007 0.010 0.002 0.001 0.001 0.001 0.001 0.001 0.023 0.001 0.001 0.001 0.001 0.002 0.001 0.001 0.001 0.000 0.002 0.001 0.001 0.007 0.003 
9 peacock_vis 30 0.996 0.049 0.992 0.012 0.006 0.006 0.001 0.001 0.017 0.012 0.158 0.082 0.185 0.000 0.001 0.001 0.013 0.987 0.017 0.032 0.031 0.082 0.005 0.000 0.059 0.043 0.002 0.000 0.003 0.001 0.002 0.009 0.001 0.001 0.001 0.089 0.000 0.077 0.001 0.054 0.003 0.000 0.000 0.001 0.001 0.001 0.004 0.041 0.009 0.002 0.000 0.001 0.001 0.002 0.001 0.001 0.027 0.140 
10 crow_vis 30 0.996 0.022 0.987 0.020 0.011 0.002 0.001 0.001 0.002 0.071 0.092 0.001 0.002 0.000 0.003 0.002 0.019 0.119 0.006 0.879 0.179 0.004 0.006 0.000 0.018 0.066 0.001 0.001 0.002 0.001 0.002 0.034 0.004 0.001 0.001 0.001 0.001 0.002 0.001 0.003 0.003 0.001 0.011 0.001 0.006 0.006 0.001 0.017 0.001 0.001 0.007 0.002 0.001 0.002 0.050 0.001 0.001 0.018 
11 eagle_vis 30 0.996 0.040 0.990 0.010 0.004 0.003 0.001 0.001 0.015 0.002 0.036 0.047 0.218 0.000 0.002 0.001 0.029 0.952 0.009 0.025 0.015 0.163 0.005 0.000 0.066 0.028 0.002 0.000 0.001 0.001 0.003 0.005 0.001 0.001 0.001 0.026 0.001 0.017 0.001 0.108 0.001 0.000 0.000 0.004 0.001 0.001 0.008 0.028 0.009 0.002 0.000 0.001 0.001 0.002 0.001 0.001 0.022 0.026 
12 tuna_vis 30 0.113 0.005 0.012 0.161 0.002 0.970 0.002 0.002 0.002 0.551 0.002 0.001 0.002 0.000 0.003 0.004 0.005 0.003 0.030 0.009 0.001 0.001 0.620 0.002 0.003 0.001 0.001 0.000 0.000 0.001 0.002 0.001 0.002 0.003 0.004 0.001 0.117 0.001 0.002 0.010 0.001 0.007 0.000 0.001 0.001 0.001 0.001 0.001 0.001 0.001 0.001 0.001 0.001 0.022 0.037 0.002 0.002 0.036 
13 goldfish_vis 30 0.996 0.918 0.002 0.860 0.001 0.002 0.002 0.001 0.001 0.001 0.067 0.002 0.055 0.001 0.018 0.378 0.001 0.014 0.001 0.001 0.004 0.001 0.003 0.006 0.058 0.006 0.333 0.004 0.001 0.001 0.001 0.001 0.000 0.001 0.001 0.011 0.000 0.002 0.027 0.003 0.033 0.001 0.008 0.001 0.003 0.001 0.001 0.007 0.000 0.000 0.001 0.001 0.001 0.001 0.007 0.000 0.000 0.024 
14 salmon_vis 30 0.996 0.977 0.037 0.013 0.001 0.002 0.001 0.001 0.004 0.001 0.586 0.316 0.506 0.000 0.008 0.022 0.004 0.213 0.005 0.002 0.001 0.005 0.003 0.000 0.040 0.003 0.003 0.001 0.001 0.000 0.001 0.001 0.001 0.001 0.001 0.027 0.001 0.013 0.001 0.048 0.001 0.000 0.001 0.005 0.001 0.001 0.005 0.023 0.003 0.001 0.000 0.001 0.001 0.001 0.002 0.000 0.002 0.054 
15 sardine_vis 30 0.996 0.781 0.006 0.310 0.001 0.001 0.001 0.001 0.001 0.001 0.137 0.152 0.085 0.000 0.002 0.004 0.001 0.030 0.003 0.001 0.001 0.002 0.002 0.000 0.015 0.136 0.003 0.001 0.001 0.000 0.001 0.001 0.001 0.001 0.001 0.012 0.000 0.003 0.005 0.005 0.003 0.000 0.004 0.003 0.002 0.001 0.001 0.002 0.001 0.001 0.000 0.001 0.001 0.001 0.002 0.000 0.001 0.004 
16 catfish_vis 30 0.996 0.982 0.072 0.008 0.001 0.002 0.001 0.001 0.007 0.001 0.558 0.536 0.581 0.000 0.007 0.015 0.002 0.174 0.014 0.002 0.001 0.006 0.002 0.000 0.020 0.002 0.002 0.000 0.001 0.000 0.001 0.001 0.001 0.001 0.001 0.030 0.002 0.012 0.001 0.044 0.001 0.000 0.001 0.010 0.001 0.001 0.007 0.018 0.006 0.002 0.000 0.001 0.001 0.002 0.002 0.000 0.005 0.042 
17 cod_vis 30 0.996 0.866 0.003 0.931 0.001 0.001 0.005 0.002 0.001 0.001 0.016 0.001 0.050 0.001 0.013 0.169 0.002 0.004 0.001 0.001 0.004 0.002 0.004 0.005 0.165 0.005 0.241 0.009 0.001 0.001 0.001 0.001 0.000 0.001 0.007 0.007 0.000 0.002 0.019 0.004 0.021 0.001 0.020 0.002 0.003 0.005 0.001 0.002 0.000 0.000 0.000 0.001 0.001 0.001 0.010 0.000 0.000 0.002 
18 turtle_vis 30 0.996 0.970 0.002 0.004 0.010 0.001 0.001 0.001 0.002 0.001 0.006 0.949 0.007 0.001 0.001 0.006 0.001 0.006 0.025 0.001 0.001 0.002 0.001 0.000 0.001 0.007 0.002 0.001 0.003 0.001 0.001 0.028 0.004 0.001 0.001 0.008 0.000 0.002 0.001 0.003 0.001 0.000 0.000 0.003 0.001 0.001 0.001 0.001 0.011 0.001 0.000 0.001 0.001 0.001 0.001 0.000 0.002 0.002 
19 rattlesnake_vis 30 0.996 0.014 0.016 0.005 0.942 0.002 0.001 0.001 0.006 0.001 0.000 0.001 0.001 0.004 0.002 0.002 0.115 0.003 0.004 0.000 0.001 0.009 0.001 0.001 0.001 0.001 0.009 0.057 0.071 0.014 0.093 0.008 0.001 0.345 0.002 0.002 0.000 0.218 0.001 0.001 0.002 0.001 0.000 0.010 0.001 0.001 0.001 0.001 0.228 0.001 0.001 0.006 0.001 0.001 0.001 0.001 0.002 0.002 
20 crab_vis 30 0.996 0.009 0.004 0.752 0.106 0.002 0.001 0.005 0.001 0.002 0.001 0.004 0.001 0.000 0.001 0.003 0.001 0.002 0.025 0.002 0.001 0.001 0.001 0.002 0.001 0.809 0.045 0.001 0.001 0.001 0.002 0.162 0.012 0.002 0.001 0.002 0.000 0.001 0.003 0.001 0.037 0.000 0.009 0.001 0.004 0.001 0.001 0.001 0.001 0.000 0.001 0.001 0.001 0.002 0.014 0.000 0.001 0.001 
21 frog_vis 30 0.996 0.953 0.002 0.005 0.012 0.001 0.001 0.001 0.002 0.001 0.004 0.945 0.006 0.001 0.001 0.003 0.001 0.008 0.029 0.001 0.001 0.002 0.001 0.000 0.001 0.009 0.002 0.001 0.003 0.001 0.001 0.029 0.003 0.001 0.001 0.011 0.000 0.003 0.001 0.003 0.001 0.000 0.000 0.003 0.001 0.001 0.001 0.001 0.010 0.001 0.000 0.001 0.001 0.001 0.001 0.000 0.002 0.001 
22 gecko_vis 30 0.951 0.004 0.007 0.660 0.049 0.049 0.002 0.008 0.004 0.075 0.001 0.003 0.001 0.000 0.001 0.001 0.003 0.002 0.027 0.003 0.001 0.001 0.025 0.392 0.001 0.601 0.002 0.001 0.001 0.003 0.002 0.002 0.472 0.004 0.006 0.015 0.007 0.001 0.009 0.003 0.027 0.002 0.016 0.001 0.003 0.001 0.002 0.001 0.001 0.001 0.003 0.001 0.001 0.011 0.038 0.002 0.003 0.006 
23 crocodile_vis 30 0.995 0.024 0.990 0.009 0.006 0.007 0.001 0.001 0.023 0.005 0.036 0.049 0.128 0.000 0.001 0.001 0.031 0.926 0.052 0.075 0.009 0.081 0.005 0.000 0.037 0.020 0.002 0.000 0.002 0.001 0.001 0.020 0.001 0.002 0.001 0.026 0.002 0.162 0.001 0.014 0.002 0.001 0.000 0.011 0.001 0.001 0.006 0.007 0.038 0.005 0.001 0.001 0.001 0.003 0.003 0.001 0.018 0.029 
24 axe_vis 30 0.011 0.004 0.001 0.012 0.002 0.995 0.995 0.005 0.001 0.014 0.000 0.274 0.004 0.000 0.000 0.001 0.001 0.001 0.112 0.000 0.000 0.001 0.001 0.014 0.001 0.002 0.280 0.001 0.000 0.017 0.000 0.004 0.001 0.073 0.972 0.004 0.011 0.244 0.093 0.002 0.001 0.001 0.001 0.008 0.001 0.010 0.001 0.001 0.004 0.017 0.000 0.000 0.001 0.012 0.036 0.002 0.053 0.001 
25 hammer_vis 30 0.003 0.010 0.001 0.007 0.001 0.994 0.994 0.003 0.001 0.034 0.001 0.004 0.034 0.004 0.001 0.001 0.001 0.005 0.001 0.000 0.000 0.000 0.013 0.004 0.018 0.001 0.002 0.001 0.000 0.002 0.000 0.000 0.001 0.001 0.002 0.079 0.019 0.047 0.070 0.809 0.022 0.001 0.001 0.002 0.001 0.001 0.002 0.002 0.001 0.001 0.000 0.000 0.002 0.001 0.009 0.001 0.073 0.050 
26 screwdriver_vis 30 0.004 0.033 0.001 0.006 0.001 0.994 0.995 0.004 0.001 0.002 0.000 0.037 0.025 0.043 0.001 0.000 0.001 0.001 0.002 0.000 0.000 0.001 0.004 0.013 0.002 0.001 0.002 0.005 0.000 0.005 0.000 0.001 0.001 0.001 0.019 0.009 0.331 0.002 0.627 0.027 0.001 0.003 0.001 0.004 0.001 0.001 0.005 0.001 0.001 0.002 0.001 0.000 0.001 0.002 0.004 0.000 0.070 0.001 
27 chisel_vis 30 0.005 0.014 0.001 0.002 0.001 0.995 0.995 0.002 0.001 0.005 0.000 0.041 0.005 0.015 0.000 0.000 0.001 0.001 0.001 0.000 0.000 0.000 0.002 0.009 0.002 0.001 0.001 0.003 0.000 0.004 0.000 0.000 0.001 0.002 0.325 0.008 0.003 0.582 0.002 0.128 0.002 0.000 0.001 0.004 0.001 0.001 0.001 0.001 0.009 0.001 0.000 0.000 0.001 0.001 0.005 0.000 0.015 0.002 
28 saw_vis 30 0.004 0.011 0.001 0.024 0.001 0.992 0.995 0.074 0.001 0.004 0.001 0.005 0.008 0.009 0.001 0.001 0.001 0.001 0.004 0.000 0.000 0.002 0.023 0.010 0.007 0.001 0.003 0.007 0.000 0.005 0.000 0.001 0.002 0.001 0.038 0.005 0.206 0.001 0.949 0.023 0.003 0.151 0.001 0.011 0.003 0.001 0.003 0.001 0.001 0.003 0.001 0.000 0.002 0.005 0.005 0.011 0.023 0.001 
29 drill_vis 30 0.004 0.045 0.001 0.007 0.001 0.993 0.995 0.007 0.001 0.006 0.001 0.007 0.032 0.011 0.001 0.000 0.001 0.001 0.001 0.000 0.000 0.001 0.007 0.005 0.006 0.001 0.002 0.002 0.000 0.003 0.000 0.001 0.001 0.001 0.011 0.055 0.025 0.030 0.069 0.769 0.015 0.002 0.001 0.002 0.002 0.001 0.002 0.001 0.001 0.001 0.001 0.000 0.002 0.002 0.004 0.001 0.043 0.051 
30 clamp_vis 30 0.004 0.073 0.001 0.005 0.001 0.993 0.984 0.001 0.002 0.034 0.007 0.006 0.120 0.002 0.001 0.001 0.001 0.023 0.001 0.000 0.000 0.000 0.016 0.005 0.024 0.001 0.001 0.001 0.000 0.002 0.000 0.000 0.000 0.001 0.001 0.973 0.010 0.121 0.001 0.411 0.047 0.000 0.002 0.002 0.001 0.001 0.024 0.019 0.003 0.000 0.001 0.000 0.001 0.001 0.010 0.000 0.011 0.094 
31 hoe_vis 30 0.004 0.002 0.001 0.034 0.001 0.983 0.488 0.765 0.002 0.192 0.001 0.001 0.001 0.000 0.001 0.001 0.001 0.001 0.010 0.001 0.001 0.000 0.076 0.001 0.006 0.003 0.002 0.002 0.000 0.002 0.000 0.001 0.005 0.003 0.210 0.002 0.044 0.003 0.549 0.002 0.021 0.409 0.001 0.026 0.005 0.054 0.001 0.001 0.001 0.001 0.002 0.001 0.002 0.003 0.014 0.414 0.001 0.002 
32 rake_vis 30 0.004 0.003 0.002 0.001 0.001 0.994 0.002 0.001 0.004 0.994 0.002 0.001 0.001 0.000 0.001 0.005 0.007 0.008 0.002 0.001 0.001 0.000 0.010 0.000 0.001 0.001 0.002 0.000 0.000 0.002 0.000 0.001 0.001 0.001 0.003 0.003 0.001 0.013 0.001 0.003 0.005 0.001 0.001 0.000 0.001 0.002 0.001 0.020 0.001 0.000 0.002 0.001 0.002 0.007 0.328 0.004 0.003 0.472 
33 shovel_vis 30 0.005 0.089 0.001 0.003 0.001 0.995 0.988 0.002 0.025 0.087 0.001 0.040 0.021 0.000 0.001 0.001 0.001 0.005 0.002 0.000 0.000 0.000 0.005 0.004 0.003 0.001 0.008 0.001 0.000 0.003 0.000 0.000 0.000 0.003 0.007 0.787 0.001 0.980 0.001 0.004 0.016 0.000 0.001 0.004 0.001 0.001 0.002 0.001 0.151 0.001 0.000 0.000 0.000 0.001 0.020 0.000 0.011 0.007 
34 spade_vis 30 0.004 0.002 0.001 0.024 0.001 0.946 0.128 0.707 0.003 0.332 0.001 0.001 0.001 0.000 0.001 0.001 0.002 0.001 0.007 0.001 0.001 0.000 0.057 0.002 0.008 0.003 0.002 0.001 0.000 0.003 0.000 0.001 0.004 0.001 0.018 0.010 0.053 0.001 0.106 0.004 0.046 0.082 0.008 0.016 0.005 0.006 0.002 0.004 0.001 0.001 0.008 0.001 0.001 0.002 0.071 0.024 0.001 0.003 
35 wrench_vis 30 0.010 0.002 0.002 0.001 0.011 0.996 0.001 0.004 0.994 0.005 0.001 0.017 0.001 0.001 0.001 0.001 0.002 0.028 0.001 0.001 0.000 0.000 0.001 0.001 0.001 0.000 0.002 0.000 0.002 0.017 0.000 0.002 0.001 0.009 0.001 0.042 0.000 0.017 0.001 0.001 0.005 0.001 0.003 0.002 0.001 0.005 0.010 0.102 0.931 0.002 0.001 0.136 0.002 0.001 0.002 0.001 0.001 0.004 
36 accordion_vis 30 0.008 0.006 0.002 0.001 0.014 0.993 0.001 0.002 0.115 0.764 0.001 0.001 0.001 0.003 0.008 0.006 0.009 0.015 0.001 0.001 0.002 0.001 0.004 0.001 0.001 0.001 0.003 0.001 0.001 0.028 0.015 0.001 0.002 0.001 0.001 0.002 0.001 0.001 0.001 0.017 0.002 0.003 0.001 0.001 0.005 0.001 0.004 0.378 0.001 0.001 0.044 0.003 0.518 0.003 0.003 0.001 0.002 0.521 
37 cello_vis 30 0.004 0.003 0.002 0.001 0.003 0.995 0.001 0.002 0.058 0.901 0.001 0.001 0.001 0.000 0.008 0.004 0.018 0.030 0.001 0.000 0.002 0.000 0.004 0.001 0.001 0.000 0.001 0.000 0.001 0.008 0.007 0.001 0.001 0.001 0.001 0.003 0.000 0.003 0.001 0.146 0.006 0.001 0.003 0.001 0.001 0.001 0.002 0.321 0.002 0.001 0.004 0.004 0.447 0.001 0.005 0.001 0.007 0.899 
38 flute_vis 30 0.009 0.004 0.001 0.001 0.005 0.995 0.002 0.002 0.994 0.004 0.000 0.045 0.004 0.000 0.000 0.004 0.001 0.094 0.001 0.000 0.000 0.000 0.001 0.002 0.001 0.000 0.033 0.000 0.001 0.012 0.000 0.015 0.001 0.013 0.001 0.025 0.001 0.038 0.001 0.001 0.003 0.000 0.003 0.002 0.001 0.003 0.010 0.062 0.956 0.006 0.001 0.019 0.001 0.001 0.006 0.000 0.001 0.004 
39 guitar_vis 30 0.003 0.003 0.004 0.001 0.003 0.995 0.001 0.001 0.018 0.993 0.002 0.001 0.001 0.000 0.014 0.002 0.030 0.029 0.001 0.001 0.009 0.000 0.021 0.000 0.001 0.000 0.001 0.000 0.001 0.007 0.008 0.001 0.001 0.001 0.001 0.002 0.001 0.002 0.001 0.089 0.003 0.001 0.001 0.001 0.001 0.001 0.001 0.140 0.001 0.001 0.002 0.002 0.499 0.005 0.007 0.008 0.034 0.900 
40 piano_vis 30 0.007 0.005 0.002 0.001 0.010 0.993 0.001 0.004 0.444 0.022 0.001 0.001 0.001 0.005 0.002 0.009 0.003 0.003 0.001 0.001 0.001 0.001 0.002 0.002 0.001 0.001 0.004 0.001 0.001 0.018 0.026 0.001 0.002 0.001 0.001 0.002 0.001 0.001 0.001 0.005 0.008 0.006 0.001 0.001 0.005 0.001 0.005 0.247 0.001 0.001 0.052 0.013 0.242 0.002 0.002 0.001 0.001 0.170 
41 trumpet_vis 30 0.010 0.003 0.002 0.001 0.007 0.995 0.001 0.002 0.961 0.008 0.001 0.001 0.001 0.001 0.001 0.016 0.004 0.028 0.001 0.000 0.001 0.000 0.002 0.003 0.001 0.000 0.006 0.000 0.001 0.013 0.022 0.001 0.001 0.001 0.000 0.007 0.000 0.001 0.001 0.016 0.010 0.001 0.009 0.001 0.001 0.001 0.003 0.884 0.007 0.001 0.013 0.009 0.048 0.001 0.002 0.000 0.000 0.140 
42 fork_vis 30 0.003 0.005 0.001 0.001 0.003 0.995 0.003 0.001 0.003 0.994 0.002 0.001 0.001 0.000 0.033 0.002 0.017 0.006 0.001 0.000 0.005 0.000 0.014 0.000 0.001 0.001 0.001 0.000 0.001 0.005 0.001 0.001 0.001 0.002 0.002 0.001 0.001 0.254 0.001 0.018 0.035 0.001 0.000 0.000 0.001 0.001 0.001 0.015 0.001 0.001 0.001 0.002 0.067 0.004 0.003 0.228 0.026 0.964 
43 spoon_vis 30 0.003 0.003 0.017 0.001 0.003 0.996 0.004 0.001 0.006 0.994 0.007 0.027 0.001 0.000 0.001 0.001 0.001 0.087 0.006 0.001 0.001 0.001 0.008 0.000 0.001 0.001 0.001 0.000 0.001 0.003 0.001 0.001 0.007 0.001 0.002 0.002 0.002 0.009 0.003 0.023 0.001 0.002 0.000 0.000 0.001 0.001 0.001 0.001 0.002 0.003 0.001 0.001 0.022 0.029 0.003 0.010 0.832 0.231 
44 tongs_vis 30 0.003 0.002 0.001 0.002 0.001 0.994 0.711 0.012 0.002 0.500 0.001 0.001 0.001 0.000 0.001 0.001 0.001 0.002 0.001 0.000 0.000 0.000 0.014 0.001 0.003 0.001 0.001 0.001 0.000 0.002 0.000 0.000 0.001 0.001 0.005 0.004 0.272 0.003 0.006 0.291 0.007 0.002 0.001 0.002 0.001 0.001 0.001 0.005 0.001 0.000 0.001 0.000 0.001 0.001 0.044 0.000 0.002 0.056 
45 ladle_vis 30 0.003 0.002 0.012 0.001 0.002 0.996 0.003 0.001 0.004 0.993 0.002 0.009 0.001 0.000 0.001 0.001 0.002 0.039 0.003 0.000 0.001 0.001 0.005 0.000 0.000 0.001 0.001 0.000 0.001 0.002 0.000 0.001 0.005 0.001 0.001 0.002 0.002 0.008 0.002 0.057 0.001 0.001 0.000 0.000 0.001 0.001 0.001 0.001 0.002 0.001 0.001 0.001 0.017 0.005 0.001 0.004 0.834 0.243 
46 knife_vis 30 0.002 0.003 0.073 0.001 0.002 0.996 0.006 0.001 0.050 0.995 0.003 0.028 0.001 0.000 0.001 0.001 0.002 0.260 0.024 0.000 0.000 0.000 0.006 0.000 0.000 0.001 0.001 0.000 0.001 0.002 0.000 0.001 0.005 0.001 0.001 0.005 0.006 0.073 0.001 0.050 0.002 0.001 0.000 0.000 0.001 0.001 0.001 0.002 0.017 0.003 0.000 0.001 0.004 0.012 0.015 0.004 0.958 0.440 
47 chopsticks_vis 30 0.003 0.006 0.001 0.001 0.002 0.996 0.002 0.001 0.005 0.995 0.002 0.001 0.001 0.000 0.025 0.002 0.021 0.015 0.001 0.000 0.002 0.000 0.012 0.000 0.001 0.000 0.001 0.000 0.001 0.003 0.001 0.001 0.000 0.002 0.001 0.001 0.000 0.344 0.001 0.016 0.011 0.001 0.000 0.000 0.001 0.001 0.001 0.025 0.003 0.001 0.001 0.001 0.026 0.002 0.008 0.055 0.052 0.966 
