0 beaver_vis 30 0.995 0.783 0.987 0.005 0.001 0.001 0.001 0.000 0.001 0.002 0.012 0.000 0.010 0.009 0.812 0.001 0.034 0.013 0.028 0.002 0.002 0.971 0.058 0.000 0.001 0.003 0.001 0.003 0.001 0.003 0.000 0.001 0.000 0.000 0.004 0.001 0.000 0.000 0.001 0.001 0.001 0.001 0.001 0.001 0.000 0.009 0.000 0.001 0.016 0.015 0.001 0.000 0.000 0.033 0.000 0.014 0.002 0.003 
1 bear_vis 30 0.763 0.003 0.076 0.001 0.750 0.736 0.315 0.001 0.014 0.004 0.013 0.413 0.000 0.001 0.001 0.001 0.003 0.025 0.001 0.034 0.038 0.000 0.000 0.000 0.002 0.015 0.005 0.001 0.001 0.298 0.022 0.026 0.208 0.862 0.369 0.001 0.189 0.021 0.001 0.002 0.000 0.008 0.001 0.002 0.000 0.016 0.026 0.001 0.030 0.002 0.005 0.003 0.003 0.001 0.039 0.000 0.007 0.001 
2 sheep_vis 30 0.033 0.003 0.003 0.002 0.003 0.994 0.008 0.001 0.002 0.985 0.000 0.000 0.001 0.001 0.019 0.000 0.003 0.000 0.001 0.000 0.002 0.001 0.001 0.000 0.007 0.000 0.000 0.001 0.001 0.005 0.000 0.014 0.009 0.001 0.004 0.048 0.156 0.001 0.040 0.001 0.001 0.014 0.069 0.001 0.000 0.000 0.006 0.002 0.017 0.009 0.001 0.001 0.001 0.004 0.918 0.006 0.090 0.004 
3 buffalo_vis 30 0.006 0.000 0.004 0.001 0.012 0.994 0.992 0.002 0.110 0.005 0.000 0.007 0.000 0.000 0.001 0.000 0.001 0.000 0.000 0.000 0.006 0.000 0.000 0.000 0.001 0.000 0.000 0.002 0.001 0.014 0.023 0.001 0.000 0.000 0.001 0.071 0.980 0.777 0.045 0.033 0.000 0.001 0.002 0.103 0.000 0.000 0.001 0.001 0.061 0.001 0.078 0.004 0.001 0.001 0.001 0.000 0.062 0.001 
4 poodle_vis 30 0.013 0.001 0.011 0.001 0.009 0.988 0.220 0.001 0.001 0.971 0.007 0.000 0.001 0.000 0.181 0.000 0.001 0.030 0.000 0.000 0.001 0.008 0.003 0.002 0.003 0.000 0.041 0.002 0.018 0.005 0.000 0.111 0.000 0.011 0.076 0.028 0.005 0.012 0.044 0.071 0.024 0.001 0.002 0.001 0.000 0.001 0.001 0.062 0.001 0.002 0.001 0.001 0.004 0.001 0.059 0.040 0.254 0.978 
5 giraffe_vis 30 0.007 0.000 0.006 0.001 0.013 0.994 0.757 0.002 0.102 0.217 0.000 0.002 0.000 0.000 0.001 0.000 0.001 0.000 0.000 0.000 0.010 0.000 0.000 0.000 0.001 0.000 0.000 0.002 0.001 0.009 0.051 0.001 0.000 0.000 0.001 0.013 0.492 0.754 0.028 0.015 0.000 0.003 0.002 0.019 0.000 0.000 0.002 0.001 0.007 0.001 0.056 0.013 0.002 0.001 0.001 0.001 0.194 0.001 
6 robin_vis 30 0.996 0.022 0.985 0.005 0.001 0.002 0.001 0.000 0.008 0.001 0.002 0.004 0.098 0.000 0.004 0.001 0.968 0.008 0.011 0.002 0.002 0.024 0.001 0.000 0.003 0.041 0.002 0.001 0.001 0.002 0.000 0.046 0.000 0.000 0.003 0.002 0.035 0.000 0.001 0.001 0.001 0.001 0.001 0.000 0.000 0.001 0.014 0.015 0.001 0.005 0.001 0.001 0.002 0.001 0.001 0.001 0.001 0.001 
7 swan_vis 30 0.995 0.032 0.987 0.003 0.003 0.002 0.065 0.000 0.000 0.001 0.001 0.000 0.008 0.002 0.229 0.000 0.075 0.202 0.034 0.000 0.023 0.314 0.004 0.001 0.002 0.002 0.002 0.003 0.001 0.010 0.001 0.184 0.000 0.021 0.245 0.003 0.003 0.001 0.010 0.004 0.001 0.001 0.001 0.001 0.000 0.001 0.001 0.001 0.003 0.002 0.001 0.000 0.001 0.001 0.001 0.001 0.001 0.006 
8 woodpecker_vis 30 0.995 0.005 0.988 0.001 0.001 0.001 0.001 0.000 0.002 0.001 0.000 0.028 0.001 0.205 0.009 0.000 0.020 0.001 0.977 0.054 0.048 0.034 0.003 0.000 0.001 0.003 0.000 0.001 0.000 0.005 0.001 0.002 0.020 0.001 0.001 0.001 0.001 0.000 0.001 0.000 0.000 0.001 0.001 0.001 0.000 0.005 0.003 0.000 0.121 0.004 0.001 0.001 0.000 0.001 0.001 0.001 0.001 0.001 
9 peacock_vis 30 0.995 0.005 0.992 0.001 0.001 0.001 0.001 0.000 0.001 0.001 0.004 0.188 0.000 0.001 0.001 0.001 0.092 0.013 0.297 0.942 0.096 0.025 0.003 0.000 0.001 0.002 0.001 0.001 0.001 0.001 0.001 0.000 0.002 0.009 0.001 0.001 0.002 0.000 0.000 0.001 0.000 0.001 0.000 0.000 0.000 0.001 0.000 0.001 0.001 0.003 0.001 0.000 0.001 0.001 0.001 0.001 0.001 0.001 
10 crow_vis 30 0.012 0.000 0.973 0.001 0.001 0.993 0.991 0.003 0.037 0.002 0.000 0.000 0.000 0.000 0.000 0.000 0.004 0.001 0.002 0.000 0.693 0.000 0.000 0.000 0.001 0.000 0.000 0.002 0.000 0.007 0.001 0.000 0.000 0.000 0.001 0.045 0.897 0.916 0.002 0.006 0.001 0.001 0.001 0.105 0.000 0.000 0.001 0.001 0.141 0.000 0.007 0.011 0.001 0.000 0.001 0.000 0.009 0.001 
11 eagle_vis 30 0.995 0.607 0.990 0.003 0.001 0.001 0.001 0.000 0.001 0.001 0.041 0.002 0.002 0.000 0.039 0.006 0.335 0.011 0.009 0.016 0.004 0.413 0.005 0.000 0.001 0.003 0.001 0.001 0.001 0.002 0.000 0.001 0.000 0.001 0.003 0.001 0.003 0.000 0.000 0.002 0.001 0.001 0.000 0.001 0.000 0.004 0.000 0.001 0.005 0.007 0.001 0.000 0.001 0.004 0.001 0.001 0.001 0.002 
12 tuna_vis 30 0.995 0.000 0.003 0.989 0.001 0.002 0.002 0.001 0.000 0.002 0.002 0.000 0.001 0.001 0.004 0.000 0.001 0.017 0.001 0.002 0.001 0.005 0.549 0.569 0.005 0.092 0.006 0.219 0.001 0.001 0.001 0.001 0.086 0.000 0.004 0.009 0.000 0.000 0.002 0.002 0.043 0.001 0.001 0.002 0.001 0.001 0.000 0.001 0.000 0.002 0.001 0.000 0.001 0.001 0.029 0.001 0.001 0.002 
13 goldfish_vis 30 0.017 0.000 0.001 0.023 0.001 0.994 0.989 0.104 0.001 0.002 0.000 0.001 0.000 0.000 0.006 0.000 0.001 0.000 0.000 0.000 0.001 0.000 0.003 0.002 0.062 0.000 0.000 0.016 0.001 0.002 0.000 0.025 0.000 0.000 0.103 0.086 0.923 0.003 0.689 0.030 0.014 0.002 0.016 0.006 0.001 0.001 0.001 0.001 0.001 0.009 0.002 0.001 0.001 0.001 0.004 0.001 0.026 0.001 
14 salmon_vis 30 0.010 0.000 0.000 0.013 0.001 0.995 0.041 0.676 0.000 0.921 0.000 0.000 0.000 0.000 0.003 0.000 0.001 0.000 0.000 0.000 0.001 0.000 0.002 0.000 0.070 0.000 0.002 0.003 0.001 0.003 0.000 0.003 0.000 0.000 0.057 0.005 0.584 0.001 0.015 0.001 0.001 0.515 0.121 0.001 0.000 0.002 0.003 0.001 0.000 0.002 0.001 0.001 0.001 0.002 0.889 0.002 0.112 0.002 
15 sardine_vis 30 0.993 0.021 0.001 0.988 0.001 0.030 0.003 0.049 0.000 0.002 0.067 0.041 0.001 0.000 0.020 0.000 0.002 0.000 0.001 0.011 0.001 0.001 0.130 0.164 0.012 0.850 0.000 0.427 0.001 0.003 0.000 0.007 0.046 0.000 0.002 0.054 0.001 0.001 0.001 0.001 0.538 0.002 0.054 0.070 0.007 0.003 0.001 0.002 0.001 0.001 0.001 0.005 0.001 0.001 0.019 0.001 0.001 0.001 
16 catfish_vis 30 0.995 0.000 0.001 0.981 0.081 0.003 0.003 0.001 0.000 0.002 0.000 0.000 0.002 0.002 0.002 0.000 0.001 0.001 0.001 0.000 0.001 0.001 0.011 0.073 0.889 0.006 0.102 0.120 0.001 0.003 0.001 0.759 0.001 0.000 0.096 0.001 0.001 0.000 0.039 0.001 0.001 0.001 0.042 0.001 0.010 0.001 0.001 0.002 0.000 0.001 0.001 0.000 0.001 0.001 0.001 0.001 0.002 0.002 
17 cod_vis 30 0.005 0.000 0.000 0.024 0.001 0.995 0.002 0.951 0.000 0.930 0.000 0.000 0.000 0.000 0.053 0.000 0.001 0.000 0.000 0.000 0.001 0.000 0.014 0.000 0.020 0.001 0.000 0.005 0.000 0.003 0.000 0.000 0.000 0.000 0.004 0.019 0.490 0.001 0.001 0.001 0.105 0.495 0.115 0.003 0.001 0.060 0.002 0.001 0.003 0.003 0.001 0.001 0.001 0.001 0.855 0.740 0.007 0.001 
18 turtle_vis 30 0.995 0.001 0.001 0.944 0.499 0.054 0.005 0.002 0.000 0.002 0.000 0.000 0.001 0.001 0.001 0.000 0.001 0.000 0.000 0.000 0.001 0.000 0.001 0.007 0.069 0.027 0.001 0.796 0.001 0.039 0.001 0.034 0.004 0.000 0.004 0.006 0.001 0.001 0.002 0.001 0.001 0.007 0.125 0.002 0.047 0.001 0.001 0.001 0.000 0.000 0.001 0.009 0.081 0.001 0.053 0.000 0.002 0.001 
19 rattlesnake_vis 30 0.007 0.000 0.004 0.001 0.235 0.994 0.074 0.001 0.003 0.969 0.000 0.000 0.000 0.011 0.002 0.000 0.001 0.000 0.014 0.000 0.273 0.000 0.000 0.000 0.001 0.000 0.000 0.002 0.001 0.511 0.003 0.002 0.074 0.000 0.057 0.005 0.009 0.775 0.002 0.001 0.000 0.001 0.001 0.001 0.003 0.004 0.013 0.001 0.019 0.001 0.001 0.003 0.058 0.001 0.874 0.169 0.010 0.013 
20 crab_vis 30 0.994 0.000 0.004 0.562 0.716 0.002 0.004 0.001 0.000 0.001 0.000 0.003 0.000 0.006 0.000 0.000 0.001 0.001 0.009 0.003 0.062 0.000 0.010 0.619 0.001 0.001 0.000 0.260 0.001 0.013 0.037 0.001 0.974 0.001 0.001 0.001 0.000 0.001 0.002 0.001 0.000 0.001 0.001 0.031 0.029 0.000 0.000 0.000 0.000 0.000 0.001 0.001 0.001 0.001 0.154 0.000 0.001 0.001 
21 frog_vis 30 0.995 0.000 0.001 0.978 0.404 0.022 0.001 0.007 0.000 0.004 0.000 0.000 0.006 0.002 0.001 0.000 0.002 0.002 0.001 0.000 0.001 0.000 0.011 0.019 0.172 0.528 0.085 0.043 0.001 0.042 0.001 0.218 0.173 0.000 0.510 0.003 0.001 0.000 0.000 0.001 0.001 0.146 0.027 0.000 0.873 0.020 0.004 0.001 0.000 0.000 0.001 0.001 0.012 0.001 0.478 0.000 0.002 0.001 
22 gecko_vis 30 0.992 0.000 0.001 0.624 0.720 0.007 0.002 0.005 0.000 0.001 0.000 0.002 0.000 0.156 0.001 0.000 0.001 0.001 0.057 0.000 0.042 0.000 0.169 0.037 0.008 0.002 0.013 0.013 0.001 0.091 0.006 0.002 0.982 0.018 0.266 0.001 0.000 0.001 0.001 0.000 0.000 0.003 0.001 0.001 0.537 0.021 0.001 0.000 0.000 0.000 0.001 0.001 0.001 0.001 0.935 0.000 0.001 0.001 
23 crocodile_vis 30 0.995 0.016 0.017 0.002 0.977 0.002 0.004 0.000 0.000 0.002 0.001 0.052 0.000 0.001 0.000 0.002 0.001 0.002 0.001 0.004 0.009 0.000 0.000 0.001 0.002 0.001 0.003 0.001 0.008 0.013 0.208 0.044 0.005 0.709 0.001 0.001 0.004 0.001 0.001 0.001 0.000 0.001 0.000 0.000 0.000 0.000 0.001 0.001 0.000 0.000 0.001 0.000 0.004 0.001 0.001 0.000 0.001 0.002 
24 axe_vis 30 0.005 0.000 0.004 0.001 0.003 0.995 0.986 0.001 0.003 0.016 0.003 0.005 0.000 0.000 0.001 0.000 0.002 0.002 0.000 0.001 0.001 0.000 0.000 0.000 0.001 0.000 0.001 0.002 0.001 0.005 0.001 0.001 0.000 0.013 0.362 0.081 0.980 0.006 0.002 0.011 0.001 0.035 0.001 0.001 0.000 0.001 0.001 0.000 0.033 0.008 0.002 0.001 0.001 0.001 0.050 0.001 0.030 0.002 
25 hammer_vis 30 0.003 0.000 0.010 0.001 0.009 0.995 0.994 0.001 0.034 0.012 0.000 0.001 0.000 0.000 0.001 0.000 0.001 0.001 0.000 0.000 0.002 0.000 0.000 0.001 0.001 0.000 0.000 0.004 0.001 0.005 0.001 0.001 0.002 0.000 0.004 0.782 0.600 0.376 0.004 0.046 0.006 0.001 0.001 0.019 0.000 0.000 0.000 0.001 0.069 0.001 0.003 0.008 0.001 0.000 0.005 0.001 0.006 0.002 
26 screwdriver_vis 30 0.004 0.000 0.005 0.001 0.003 0.995 0.971 0.001 0.002 0.011 0.001 0.011 0.000 0.000 0.001 0.000 0.001 0.002 0.000 0.001 0.002 0.000 0.000 0.000 0.001 0.000 0.000 0.002 0.001 0.003 0.001 0.001 0.000 0.029 0.078 0.006 0.976 0.009 0.003 0.019 0.000 0.014 0.001 0.002 0.000 0.000 0.001 0.000 0.007 0.003 0.003 0.001 0.001 0.001 0.051 0.000 0.023 0.001 
27 chisel_vis 30 0.003 0.000 0.009 0.001 0.004 0.995 0.980 0.004 0.025 0.005 0.000 0.000 0.000 0.000 0.001 0.000 0.001 0.000 0.000 0.000 0.003 0.000 0.000 0.000 0.001 0.000 0.000 0.004 0.001 0.013 0.002 0.001 0.001 0.000 0.005 0.023 0.043 0.981 0.002 0.023 0.001 0.001 0.001 0.052 0.000 0.000 0.001 0.000 0.079 0.000 0.002 0.024 0.001 0.001 0.001 0.001 0.022 0.001 
28 saw_vis 30 0.003 0.000 0.017 0.001 0.006 0.995 0.992 0.001 0.002 0.010 0.002 0.003 0.000 0.000 0.001 0.000 0.001 0.002 0.000 0.006 0.005 0.000 0.000 0.008 0.001 0.000 0.000 0.002 0.004 0.002 0.065 0.001 0.001 0.002 0.002 0.009 0.447 0.011 0.111 0.747 0.001 0.001 0.001 0.004 0.000 0.000 0.000 0.001 0.001 0.001 0.098 0.001 0.001 0.001 0.001 0.001 0.016 0.002 
29 drill_vis 30 0.003 0.000 0.015 0.001 0.003 0.995 0.992 0.001 0.001 0.204 0.010 0.000 0.000 0.000 0.001 0.000 0.001 0.002 0.000 0.001 0.002 0.000 0.000 0.001 0.001 0.000 0.000 0.002 0.015 0.002 0.007 0.001 0.000 0.001 0.002 0.026 0.265 0.208 0.054 0.960 0.001 0.001 0.001 0.005 0.000 0.000 0.000 0.001 0.000 0.001 0.093 0.001 0.001 0.001 0.001 0.000 0.568 0.010 
30 clamp_vis 30 0.002 0.000 0.000 0.007 0.000 0.995 0.010 0.983 0.000 0.002 0.000 0.014 0.000 0.000 0.002 0.000 0.001 0.000 0.005 0.000 0.001 0.000 0.004 0.003 0.001 0.002 0.000 0.007 0.000 0.002 0.000 0.000 0.002 0.000 0.001 0.005 0.004 0.007 0.001 0.001 0.888 0.001 0.024 0.075 0.002 0.013 0.000 0.001 0.002 0.000 0.000 0.004 0.001 0.000 0.004 0.006 0.001 0.000 
31 hoe_vis 30 0.003 0.000 0.001 0.003 0.001 0.995 0.001 0.992 0.001 0.005 0.006 0.007 0.000 0.000 0.001 0.001 0.002 0.000 0.000 0.031 0.001 0.000 0.002 0.000 0.001 0.006 0.006 0.003 0.000 0.002 0.001 0.000 0.000 0.000 0.002 0.001 0.012 0.001 0.000 0.001 0.001 0.979 0.003 0.041 0.002 0.163 0.002 0.000 0.002 0.031 0.001 0.001 0.001 0.001 0.009 0.003 0.002 0.001 
32 rake_vis 30 0.002 0.000 0.000 0.004 0.000 0.995 0.001 0.993 0.085 0.003 0.000 0.002 0.000 0.001 0.001 0.000 0.001 0.000 0.008 0.000 0.001 0.000 0.001 0.000 0.004 0.016 0.000 0.004 0.000 0.002 0.000 0.000 0.000 0.000 0.000 0.002 0.002 0.003 0.000 0.000 0.025 0.027 0.904 0.082 0.004 0.006 0.018 0.001 0.002 0.000 0.002 0.059 0.001 0.001 0.003 0.003 0.001 0.000 
33 shovel_vis 30 0.003 0.000 0.002 0.003 0.001 0.995 0.933 0.989 0.000 0.002 0.000 0.000 0.000 0.000 0.001 0.000 0.001 0.001 0.000 0.001 0.024 0.000 0.001 0.003 0.001 0.001 0.000 0.016 0.000 0.003 0.001 0.000 0.002 0.000 0.006 0.002 0.006 0.692 0.001 0.054 0.003 0.003 0.002 0.969 0.003 0.005 0.000 0.000 0.001 0.000 0.001 0.003 0.001 0.001 0.002 0.001 0.001 0.001 
34 spade_vis 30 0.002 0.000 0.000 0.014 0.000 0.995 0.001 0.990 0.027 0.003 0.000 0.015 0.001 0.001 0.000 0.000 0.002 0.000 0.075 0.001 0.001 0.000 0.002 0.001 0.005 0.080 0.001 0.002 0.000 0.001 0.001 0.000 0.012 0.000 0.001 0.001 0.001 0.001 0.000 0.000 0.001 0.031 0.008 0.006 0.943 0.027 0.020 0.001 0.000 0.001 0.001 0.061 0.030 0.001 0.004 0.002 0.001 0.000 
35 wrench_vis 30 0.003 0.000 0.000 0.004 0.001 0.995 0.001 0.994 0.001 0.003 0.000 0.021 0.000 0.002 0.002 0.000 0.002 0.000 0.003 0.000 0.001 0.000 0.006 0.000 0.003 0.004 0.001 0.003 0.000 0.006 0.000 0.000 0.000 0.000 0.028 0.001 0.033 0.033 0.000 0.001 0.032 0.068 0.003 0.045 0.020 0.988 0.013 0.000 0.007 0.001 0.001 0.003 0.001 0.001 0.006 0.037 0.001 0.001 
36 accordion_vis 30 0.005 0.127 0.004 0.001 0.001 0.993 0.002 0.010 0.971 0.015 0.001 0.016 0.007 0.083 0.041 0.001 0.011 0.000 0.024 0.000 0.001 0.001 0.000 0.000 0.019 0.000 0.001 0.001 0.001 0.004 0.001 0.002 0.000 0.000 0.007 0.001 0.212 0.020 0.002 0.003 0.001 0.020 0.001 0.002 0.000 0.073 0.595 0.004 0.042 0.056 0.049 0.002 0.003 0.023 0.000 0.015 0.066 0.001 
37 cello_vis 30 0.003 0.002 0.006 0.001 0.001 0.993 0.002 0.002 0.989 0.002 0.000 0.009 0.007 0.001 0.000 0.000 0.003 0.000 0.031 0.002 0.001 0.001 0.000 0.002 0.002 0.001 0.000 0.001 0.001 0.001 0.011 0.001 0.001 0.000 0.000 0.001 0.001 0.002 0.048 0.004 0.001 0.001 0.003 0.006 0.001 0.000 0.012 0.031 0.002 0.003 0.926 0.012 0.002 0.003 0.000 0.001 0.002 0.001 
38 flute_vis 30 0.003 0.004 0.004 0.001 0.001 0.994 0.013 0.045 0.960 0.003 0.001 0.013 0.000 0.003 0.007 0.000 0.001 0.000 0.030 0.001 0.001 0.002 0.000 0.000 0.001 0.001 0.000 0.002 0.001 0.005 0.000 0.000 0.014 0.000 0.007 0.006 0.002 0.068 0.001 0.001 0.002 0.002 0.001 0.130 0.001 0.008 0.004 0.001 0.968 0.012 0.005 0.102 0.001 0.002 0.001 0.022 0.002 0.001 
39 guitar_vis 30 0.004 0.009 0.012 0.001 0.001 0.975 0.024 0.006 0.887 0.008 0.018 0.051 0.002 0.009 0.009 0.000 0.002 0.000 0.102 0.012 0.001 0.040 0.005 0.000 0.003 0.000 0.002 0.002 0.001 0.002 0.001 0.001 0.004 0.000 0.246 0.002 0.011 0.001 0.028 0.004 0.001 0.019 0.001 0.005 0.000 0.002 0.011 0.001 0.100 0.970 0.054 0.001 0.001 0.409 0.001 0.003 0.007 0.001 
40 piano_vis 30 0.004 0.005 0.011 0.001 0.001 0.994 0.040 0.019 0.992 0.002 0.002 0.055 0.001 0.000 0.000 0.004 0.025 0.000 0.001 0.018 0.001 0.000 0.000 0.000 0.001 0.000 0.000 0.001 0.003 0.001 0.572 0.000 0.000 0.000 0.000 0.001 0.070 0.011 0.001 0.573 0.000 0.002 0.001 0.705 0.000 0.000 0.041 0.010 0.002 0.004 0.992 0.147 0.012 0.020 0.000 0.001 0.008 0.001 
41 trumpet_vis 30 0.002 0.001 0.002 0.001 0.001 0.995 0.001 0.027 0.991 0.002 0.000 0.005 0.001 0.000 0.000 0.000 0.003 0.000 0.001 0.001 0.001 0.000 0.000 0.000 0.001 0.006 0.000 0.001 0.001 0.001 0.001 0.000 0.000 0.000 0.000 0.001 0.001 0.037 0.000 0.001 0.001 0.004 0.008 0.037 0.002 0.001 0.019 0.003 0.216 0.001 0.200 0.939 0.002 0.001 0.001 0.001 0.001 0.000 
42 fork_vis 30 0.003 0.000 0.011 0.001 0.010 0.995 0.004 0.000 0.001 0.992 0.000 0.000 0.001 0.001 0.000 0.002 0.001 0.001 0.001 0.000 0.019 0.000 0.000 0.000 0.002 0.000 0.047 0.001 0.004 0.001 0.058 0.005 0.001 0.002 0.005 0.001 0.002 0.001 0.004 0.002 0.000 0.013 0.001 0.001 0.000 0.000 0.006 0.001 0.000 0.001 0.001 0.001 0.421 0.027 0.002 0.001 0.625 0.008 
43 spoon_vis 30 0.004 0.051 0.004 0.001 0.001 0.995 0.002 0.001 0.079 0.989 0.031 0.000 0.148 0.001 0.010 0.002 0.004 0.000 0.000 0.000 0.001 0.047 0.001 0.000 0.004 0.000 0.007 0.001 0.002 0.002 0.000 0.001 0.000 0.000 0.004 0.001 0.003 0.001 0.003 0.003 0.000 0.127 0.002 0.001 0.000 0.000 0.009 0.001 0.002 0.208 0.005 0.001 0.010 0.853 0.001 0.117 0.466 0.003 
44 tongs_vis 30 0.003 0.000 0.006 0.001 0.010 0.995 0.006 0.001 0.000 0.994 0.001 0.000 0.000 0.000 0.001 0.000 0.001 0.005 0.001 0.000 0.012 0.000 0.001 0.000 0.001 0.000 0.002 0.002 0.001 0.011 0.000 0.003 0.029 0.006 0.017 0.012 0.001 0.069 0.000 0.001 0.004 0.001 0.001 0.001 0.001 0.001 0.000 0.000 0.001 0.000 0.000 0.001 0.041 0.001 0.888 0.112 0.004 0.036 
45 ladle_vis 30 0.003 0.007 0.007 0.001 0.001 0.995 0.001 0.002 0.008 0.977 0.006 0.001 0.001 0.012 0.005 0.001 0.001 0.000 0.047 0.004 0.001 0.008 0.002 0.000 0.001 0.000 0.001 0.001 0.001 0.002 0.000 0.000 0.016 0.000 0.004 0.002 0.001 0.002 0.001 0.001 0.000 0.042 0.001 0.003 0.000 0.001 0.003 0.000 0.097 0.005 0.001 0.001 0.032 0.955 0.016 0.347 0.008 0.002 
46 knife_vis 30 0.005 0.001 0.004 0.001 0.001 0.995 0.251 0.000 0.001 0.994 0.002 0.000 0.001 0.000 0.141 0.000 0.001 0.002 0.000 0.000 0.001 0.002 0.001 0.000 0.002 0.000 0.016 0.001 0.002 0.003 0.000 0.035 0.000 0.001 0.269 0.005 0.035 0.007 0.162 0.012 0.000 0.006 0.002 0.001 0.000 0.000 0.001 0.000 0.001 0.003 0.001 0.001 0.002 0.033 0.004 0.006 0.981 0.101 
47 chopsticks_vis 30 0.004 0.000 0.014 0.001 0.004 0.995 0.060 0.000 0.000 0.995 0.025 0.000 0.001 0.000 0.020 0.000 0.001 0.073 0.000 0.000 0.002 0.014 0.004 0.001 0.001 0.000 0.134 0.001 0.032 0.002 0.000 0.021 0.000 0.012 0.037 0.004 0.001 0.004 0.003 0.091 0.006 0.001 0.001 0.000 0.000 0.000 0.001 0.007 0.000 0.000 0.001 0.001 0.013 0.002 0.024 0.027 0.144 0.985 
