0 beaver_vis 30 0.995 0.956 0.007 0.018 0.001 0.002 0.001 0.001 0.001 0.001 0.571 0.014 0.169 0.025 0.062 0.000 0.001 0.009 0.007 0.000 0.000 0.002 0.001 0.001 0.002 0.002 0.009 0.000 0.000 0.001 0.001 0.000 0.001 0.000 0.001 0.000 0.001 0.001 0.001 0.003 0.001 0.001 0.000 0.001 0.001 0.000 0.001 0.000 0.001 0.001 0.000 0.000 0.000 0.002 0.001 0.000 0.001 0.000 
1 bear_vis 30 0.993 0.022 0.001 0.877 0.160 0.018 0.024 0.011 0.001 0.001 0.008 0.001 0.002 0.002 0.002 0.000 0.000 0.001 0.002 0.000 0.001 0.000 0.003 0.429 0.003 0.002 0.013 0.005 0.001 0.095 0.091 0.000 0.002 0.001 0.005 0.001 0.001 0.003 0.005 0.002 0.015 0.001 0.001 0.037 0.002 0.001 0.001 0.000 0.001 0.001 0.001 0.001 0.001 0.001 0.001 0.001 0.002 0.001 
2 sheep_vis 30 0.993 0.033 0.005 0.945 0.001 0.003 0.018 0.001 0.001 0.001 0.002 0.001 0.057 0.001 0.001 0.000 0.013 0.000 0.003 0.000 0.002 0.002 0.002 0.001 0.804 0.035 0.013 0.166 0.008 0.001 0.002 0.001 0.002 0.000 0.003 0.002 0.001 0.001 0.005 0.001 0.001 0.001 0.000 0.001 0.001 0.001 0.001 0.000 0.001 0.001 0.000 0.001 0.000 0.001 0.001 0.001 0.002 0.001 
3 buffalo_vis 30 0.994 0.308 0.001 0.354 0.002 0.002 0.006 0.006 0.001 0.001 0.072 0.001 0.005 0.022 0.004 0.000 0.001 0.001 0.001 0.000 0.001 0.000 0.001 0.006 0.016 0.002 0.050 0.000 0.006 0.005 0.003 0.000 0.001 0.000 0.002 0.001 0.001 0.002 0.002 0.001 0.002 0.001 0.001 0.057 0.001 0.001 0.001 0.000 0.001 0.001 0.000 0.001 0.000 0.001 0.001 0.001 0.001 0.001 
4 poodle_vis 30 0.994 0.130 0.002 0.435 0.002 0.008 0.121 0.001 0.001 0.001 0.002 0.002 0.038 0.001 0.010 0.000 0.003 0.001 0.003 0.000 0.001 0.001 0.002 0.002 0.107 0.002 0.002 0.006 0.000 0.002 0.001 0.000 0.002 0.000 0.002 0.001 0.001 0.007 0.004 0.022 0.002 0.001 0.000 0.001 0.001 0.001 0.001 0.000 0.001 0.001 0.001 0.001 0.001 0.001 0.001 0.001 0.006 0.001 
5 giraffe_vis 30 0.990 0.028 0.001 0.407 0.184 0.677 0.126 0.195 0.001 0.001 0.006 0.000 0.001 0.005 0.001 0.001 0.000 0.001 0.001 0.000 0.001 0.000 0.001 0.390 0.001 0.001 0.004 0.000 0.001 0.772 0.009 0.000 0.001 0.000 0.002 0.001 0.001 0.595 0.002 0.002 0.507 0.001 0.001 0.175 0.001 0.001 0.001 0.000 0.001 0.001 0.000 0.001 0.001 0.001 0.001 0.001 0.003 0.001 
6 robin_vis 30 0.985 0.001 0.047 0.682 0.001 0.047 0.018 0.001 0.001 0.011 0.001 0.000 0.001 0.000 0.001 0.000 0.103 0.001 0.008 0.001 0.026 0.003 0.948 0.001 0.004 0.001 0.002 0.024 0.000 0.001 0.002 0.000 0.144 0.000 0.004 0.001 0.001 0.001 0.063 0.001 0.001 0.001 0.000 0.001 0.001 0.001 0.001 0.000 0.001 0.001 0.001 0.001 0.019 0.001 0.001 0.001 0.008 0.063 
7 swan_vis 30 0.980 0.001 0.036 0.680 0.005 0.286 0.055 0.001 0.001 0.038 0.001 0.000 0.001 0.000 0.000 0.000 0.085 0.001 0.006 0.001 0.019 0.002 0.966 0.001 0.005 0.001 0.001 0.014 0.000 0.001 0.001 0.000 0.494 0.001 0.004 0.001 0.001 0.001 0.620 0.001 0.001 0.001 0.000 0.001 0.001 0.001 0.001 0.000 0.001 0.001 0.001 0.001 0.026 0.001 0.001 0.001 0.069 0.088 
8 woodpecker_vis 30 0.974 0.001 0.037 0.767 0.001 0.114 0.031 0.001 0.001 0.026 0.001 0.000 0.001 0.000 0.001 0.000 0.091 0.001 0.007 0.001 0.034 0.002 0.973 0.001 0.005 0.001 0.002 0.032 0.000 0.001 0.002 0.000 0.199 0.001 0.005 0.001 0.001 0.001 0.244 0.001 0.001 0.001 0.000 0.001 0.001 0.001 0.001 0.000 0.001 0.001 0.001 0.001 0.034 0.001 0.001 0.001 0.011 0.156 
9 peacock_vis 30 0.010 0.001 0.010 0.005 0.001 0.995 0.847 0.002 0.001 0.406 0.001 0.000 0.000 0.000 0.001 0.000 0.190 0.003 0.052 0.001 0.001 0.001 0.941 0.001 0.002 0.001 0.001 0.000 0.000 0.001 0.000 0.000 0.009 0.000 0.021 0.001 0.001 0.003 0.964 0.056 0.021 0.001 0.000 0.001 0.001 0.001 0.001 0.000 0.001 0.001 0.002 0.001 0.427 0.002 0.001 0.001 0.228 0.495 
10 crow_vis 30 0.056 0.001 0.005 0.005 0.001 0.994 0.668 0.002 0.002 0.097 0.001 0.000 0.001 0.000 0.001 0.000 0.037 0.002 0.046 0.001 0.001 0.001 0.792 0.001 0.002 0.001 0.001 0.000 0.000 0.001 0.000 0.000 0.009 0.000 0.014 0.001 0.001 0.003 0.810 0.066 0.011 0.001 0.001 0.001 0.001 0.001 0.001 0.000 0.002 0.002 0.002 0.001 0.168 0.002 0.001 0.001 0.106 0.043 
11 eagle_vis 30 0.991 0.004 0.918 0.003 0.001 0.009 0.005 0.001 0.001 0.002 0.001 0.001 0.011 0.002 0.001 0.000 0.627 0.006 0.025 0.001 0.002 0.404 0.008 0.001 0.003 0.001 0.001 0.000 0.000 0.000 0.000 0.000 0.003 0.000 0.002 0.001 0.003 0.001 0.011 0.002 0.001 0.001 0.000 0.001 0.001 0.001 0.001 0.000 0.001 0.001 0.001 0.000 0.003 0.001 0.001 0.001 0.021 0.001 
12 tuna_vis 30 0.983 0.001 0.032 0.733 0.006 0.401 0.057 0.001 0.001 0.032 0.001 0.000 0.000 0.000 0.001 0.000 0.120 0.001 0.004 0.001 0.032 0.002 0.978 0.001 0.005 0.001 0.001 0.021 0.000 0.002 0.001 0.000 0.557 0.001 0.008 0.001 0.001 0.003 0.537 0.001 0.001 0.001 0.000 0.001 0.001 0.001 0.001 0.000 0.001 0.001 0.001 0.001 0.018 0.001 0.001 0.001 0.070 0.086 
13 goldfish_vis 30 0.993 0.002 0.001 0.426 0.850 0.005 0.005 0.093 0.001 0.001 0.011 0.000 0.000 0.002 0.001 0.001 0.000 0.001 0.001 0.000 0.001 0.000 0.005 0.374 0.001 0.001 0.132 0.018 0.012 0.923 0.092 0.000 0.001 0.001 0.007 0.014 0.001 0.003 0.002 0.001 0.045 0.177 0.006 0.076 0.001 0.001 0.001 0.001 0.001 0.002 0.000 0.001 0.001 0.001 0.001 0.008 0.001 0.001 
14 salmon_vis 30 0.146 0.001 0.002 0.194 0.001 0.627 0.892 0.001 0.003 0.002 0.001 0.000 0.002 0.000 0.001 0.000 0.011 0.001 0.006 0.001 0.001 0.000 0.142 0.003 0.026 0.006 0.009 0.022 0.000 0.001 0.003 0.000 0.002 0.001 0.209 0.160 0.002 0.001 0.076 0.001 0.002 0.001 0.001 0.002 0.001 0.001 0.001 0.000 0.001 0.003 0.002 0.001 0.006 0.002 0.001 0.001 0.004 0.031 
15 sardine_vis 30 0.990 0.001 0.001 0.976 0.015 0.005 0.042 0.001 0.002 0.001 0.001 0.000 0.002 0.001 0.001 0.000 0.001 0.000 0.002 0.000 0.002 0.001 0.155 0.042 0.022 0.003 0.004 0.699 0.000 0.004 0.034 0.000 0.016 0.001 0.012 0.004 0.001 0.001 0.004 0.001 0.001 0.001 0.001 0.001 0.001 0.001 0.001 0.000 0.001 0.002 0.001 0.001 0.001 0.001 0.001 0.001 0.002 0.002 
16 catfish_vis 30 0.994 0.001 0.001 0.965 0.239 0.041 0.005 0.029 0.001 0.001 0.008 0.000 0.000 0.001 0.001 0.000 0.001 0.001 0.001 0.000 0.001 0.000 0.026 0.713 0.002 0.005 0.050 0.013 0.001 0.269 0.142 0.000 0.001 0.001 0.004 0.001 0.000 0.002 0.007 0.001 0.223 0.003 0.001 0.011 0.001 0.000 0.001 0.000 0.001 0.001 0.000 0.001 0.001 0.001 0.001 0.000 0.002 0.001 
17 cod_vis 30 0.985 0.001 0.001 0.913 0.013 0.017 0.069 0.001 0.003 0.001 0.001 0.000 0.003 0.001 0.001 0.000 0.001 0.001 0.002 0.000 0.002 0.000 0.063 0.084 0.019 0.003 0.006 0.291 0.000 0.024 0.029 0.000 0.005 0.001 0.035 0.003 0.001 0.002 0.006 0.001 0.002 0.001 0.001 0.005 0.001 0.001 0.001 0.000 0.001 0.002 0.001 0.001 0.001 0.001 0.001 0.001 0.002 0.002 
18 turtle_vis 30 0.993 0.003 0.001 0.975 0.187 0.003 0.006 0.058 0.001 0.001 0.016 0.000 0.000 0.001 0.001 0.000 0.000 0.001 0.001 0.000 0.003 0.000 0.016 0.904 0.001 0.002 0.159 0.044 0.002 0.083 0.655 0.000 0.001 0.002 0.010 0.055 0.001 0.001 0.002 0.001 0.112 0.004 0.018 0.063 0.002 0.001 0.001 0.000 0.001 0.001 0.000 0.002 0.002 0.001 0.001 0.001 0.001 0.001 
19 rattlesnake_vis 30 0.010 0.001 0.001 0.109 0.002 0.990 0.991 0.005 0.003 0.003 0.001 0.000 0.002 0.000 0.002 0.000 0.002 0.000 0.003 0.000 0.000 0.000 0.069 0.002 0.056 0.025 0.003 0.024 0.000 0.003 0.001 0.000 0.002 0.001 0.102 0.010 0.001 0.048 0.955 0.046 0.093 0.002 0.001 0.002 0.001 0.001 0.001 0.001 0.002 0.004 0.003 0.001 0.005 0.001 0.005 0.001 0.007 0.009 
20 crab_vis 30 0.991 0.002 0.001 0.979 0.057 0.003 0.232 0.001 0.001 0.001 0.001 0.000 0.006 0.001 0.002 0.000 0.001 0.001 0.002 0.001 0.003 0.001 0.108 0.079 0.070 0.004 0.006 0.930 0.001 0.021 0.110 0.000 0.017 0.001 0.153 0.006 0.001 0.001 0.008 0.001 0.001 0.001 0.001 0.001 0.001 0.001 0.001 0.000 0.001 0.002 0.001 0.000 0.001 0.001 0.002 0.001 0.002 0.002 
21 frog_vis 30 0.992 0.002 0.001 0.808 0.544 0.003 0.004 0.003 0.001 0.001 0.001 0.000 0.000 0.001 0.001 0.001 0.000 0.001 0.001 0.001 0.002 0.000 0.008 0.721 0.001 0.004 0.011 0.042 0.001 0.091 0.138 0.000 0.002 0.140 0.005 0.011 0.001 0.001 0.002 0.001 0.020 0.001 0.003 0.014 0.001 0.001 0.001 0.001 0.001 0.001 0.001 0.014 0.003 0.001 0.001 0.001 0.001 0.001 
22 gecko_vis 30 0.035 0.001 0.002 0.106 0.001 0.889 0.969 0.002 0.009 0.007 0.002 0.000 0.003 0.000 0.001 0.000 0.029 0.001 0.007 0.001 0.001 0.000 0.204 0.002 0.040 0.011 0.017 0.022 0.000 0.001 0.002 0.000 0.002 0.001 0.670 0.155 0.002 0.002 0.170 0.002 0.003 0.001 0.001 0.002 0.001 0.001 0.001 0.000 0.001 0.005 0.003 0.001 0.013 0.002 0.001 0.001 0.005 0.084 
23 crocodile_vis 30 0.988 0.001 0.024 0.785 0.010 0.050 0.067 0.001 0.001 0.014 0.001 0.000 0.000 0.000 0.000 0.000 0.046 0.001 0.004 0.001 0.037 0.001 0.921 0.003 0.008 0.001 0.001 0.022 0.000 0.002 0.007 0.000 0.259 0.001 0.027 0.001 0.001 0.001 0.075 0.001 0.001 0.001 0.001 0.001 0.001 0.001 0.001 0.000 0.001 0.001 0.001 0.000 0.014 0.001 0.001 0.001 0.010 0.069 
24 axe_vis 30 0.002 0.001 0.001 0.028 0.012 0.996 0.995 0.047 0.007 0.050 0.001 0.000 0.001 0.000 0.001 0.000 0.001 0.000 0.002 0.000 0.000 0.000 0.007 0.002 0.149 0.003 0.001 0.001 0.000 0.002 0.001 0.000 0.022 0.000 0.102 0.162 0.006 0.908 0.964 0.020 0.085 0.001 0.000 0.005 0.002 0.001 0.001 0.000 0.010 0.023 0.005 0.001 0.004 0.001 0.209 0.001 0.203 0.021 
25 hammer_vis 30 0.007 0.001 0.001 0.043 0.001 0.992 0.989 0.003 0.002 0.001 0.001 0.000 0.002 0.000 0.001 0.000 0.001 0.000 0.003 0.000 0.000 0.000 0.025 0.001 0.020 0.010 0.001 0.004 0.000 0.001 0.001 0.000 0.002 0.000 0.007 0.013 0.001 0.034 0.937 0.048 0.061 0.001 0.000 0.002 0.001 0.001 0.001 0.000 0.001 0.003 0.003 0.001 0.004 0.001 0.002 0.001 0.006 0.005 
26 screwdriver_vis 30 0.005 0.001 0.001 0.037 0.001 0.994 0.990 0.003 0.002 0.002 0.001 0.000 0.001 0.000 0.001 0.000 0.001 0.000 0.003 0.000 0.000 0.000 0.027 0.001 0.021 0.011 0.001 0.003 0.000 0.001 0.001 0.000 0.002 0.000 0.005 0.005 0.001 0.056 0.970 0.060 0.084 0.001 0.000 0.001 0.001 0.001 0.001 0.000 0.001 0.002 0.002 0.001 0.004 0.001 0.001 0.001 0.011 0.005 
27 chisel_vis 30 0.001 0.001 0.001 0.003 0.001 0.996 0.482 0.008 0.336 0.010 0.001 0.000 0.001 0.000 0.000 0.000 0.004 0.000 0.001 0.000 0.000 0.000 0.001 0.001 0.038 0.000 0.001 0.001 0.000 0.002 0.000 0.000 0.001 0.000 0.024 0.001 0.002 0.731 0.014 0.001 0.002 0.001 0.000 0.105 0.001 0.010 0.001 0.000 0.296 0.264 0.000 0.001 0.000 0.001 0.022 0.003 0.089 0.008 
28 saw_vis 30 0.006 0.001 0.001 0.061 0.001 0.993 0.991 0.003 0.002 0.002 0.001 0.000 0.001 0.000 0.001 0.000 0.001 0.000 0.003 0.000 0.000 0.000 0.036 0.001 0.027 0.015 0.001 0.004 0.000 0.001 0.001 0.000 0.002 0.000 0.008 0.009 0.001 0.049 0.975 0.047 0.099 0.001 0.000 0.001 0.001 0.001 0.001 0.000 0.001 0.002 0.003 0.001 0.005 0.001 0.002 0.001 0.007 0.006 
29 drill_vis 30 0.006 0.001 0.001 0.065 0.001 0.993 0.991 0.003 0.002 0.002 0.001 0.000 0.001 0.000 0.001 0.000 0.001 0.000 0.003 0.000 0.000 0.000 0.038 0.001 0.028 0.016 0.001 0.004 0.000 0.001 0.001 0.000 0.002 0.000 0.008 0.009 0.001 0.055 0.979 0.054 0.114 0.001 0.000 0.001 0.001 0.001 0.001 0.000 0.001 0.002 0.003 0.001 0.006 0.001 0.002 0.001 0.008 0.007 
30 clamp_vis 30 0.002 0.001 0.001 0.008 0.001 0.996 0.006 0.991 0.001 0.004 0.002 0.000 0.000 0.000 0.001 0.000 0.000 0.000 0.001 0.000 0.000 0.000 0.001 0.072 0.001 0.001 0.008 0.000 0.000 0.002 0.001 0.000 0.001 0.000 0.001 0.004 0.001 0.029 0.006 0.003 0.978 0.052 0.007 0.112 0.003 0.001 0.001 0.000 0.001 0.001 0.000 0.011 0.001 0.001 0.003 0.001 0.002 0.023 
31 hoe_vis 30 0.002 0.001 0.001 0.002 0.001 0.996 0.001 0.983 0.004 0.001 0.002 0.000 0.000 0.001 0.000 0.000 0.000 0.001 0.001 0.000 0.000 0.000 0.000 0.006 0.001 0.000 0.004 0.000 0.003 0.002 0.002 0.000 0.001 0.000 0.001 0.001 0.000 0.003 0.001 0.001 0.074 0.153 0.005 0.024 0.011 0.008 0.001 0.001 0.001 0.004 0.000 0.020 0.000 0.001 0.001 0.002 0.002 0.005 
32 rake_vis 30 0.001 0.001 0.001 0.006 0.001 0.996 0.001 0.992 0.002 0.005 0.002 0.000 0.000 0.000 0.001 0.000 0.000 0.001 0.001 0.000 0.000 0.000 0.000 0.070 0.001 0.001 0.008 0.000 0.000 0.001 0.001 0.000 0.001 0.000 0.001 0.002 0.000 0.025 0.005 0.002 0.973 0.060 0.014 0.095 0.003 0.001 0.001 0.001 0.001 0.001 0.000 0.011 0.001 0.001 0.004 0.001 0.002 0.028 
33 shovel_vis 30 0.002 0.001 0.001 0.002 0.001 0.996 0.003 0.961 0.002 0.001 0.001 0.000 0.000 0.000 0.000 0.000 0.000 0.000 0.001 0.000 0.000 0.000 0.000 0.034 0.001 0.000 0.003 0.000 0.000 0.003 0.000 0.000 0.001 0.000 0.001 0.002 0.001 0.122 0.001 0.001 0.048 0.002 0.001 0.959 0.001 0.002 0.001 0.000 0.005 0.003 0.000 0.012 0.000 0.001 0.001 0.001 0.005 0.003 
34 spade_vis 30 0.005 0.001 0.001 0.002 0.001 0.995 0.002 0.990 0.015 0.009 0.012 0.000 0.000 0.001 0.001 0.001 0.000 0.001 0.001 0.000 0.001 0.000 0.001 0.062 0.001 0.000 0.098 0.000 0.002 0.004 0.004 0.000 0.001 0.000 0.001 0.005 0.000 0.002 0.001 0.002 0.279 0.053 0.801 0.386 0.053 0.002 0.001 0.001 0.002 0.001 0.000 0.101 0.001 0.002 0.006 0.001 0.001 0.015 
35 wrench_vis 30 0.002 0.001 0.001 0.001 0.001 0.996 0.001 0.993 0.406 0.001 0.036 0.000 0.000 0.001 0.000 0.000 0.001 0.002 0.001 0.000 0.000 0.000 0.000 0.020 0.001 0.000 0.176 0.000 0.003 0.169 0.001 0.001 0.001 0.000 0.006 0.001 0.001 0.011 0.001 0.001 0.011 0.342 0.008 0.643 0.001 0.792 0.001 0.001 0.004 0.767 0.000 0.085 0.000 0.001 0.001 0.023 0.002 0.002 
36 accordion_vis 30 0.001 0.001 0.001 0.002 0.001 0.995 0.059 0.007 0.004 0.980 0.001 0.000 0.001 0.000 0.001 0.000 0.025 0.001 0.004 0.001 0.001 0.000 0.012 0.001 0.002 0.001 0.001 0.000 0.000 0.001 0.000 0.000 0.006 0.000 0.003 0.001 0.010 0.322 0.008 0.011 0.002 0.001 0.001 0.002 0.001 0.001 0.001 0.001 0.146 0.004 0.001 0.001 0.014 0.003 0.004 0.031 0.964 0.096 
37 cello_vis 30 0.004 0.001 0.001 0.001 0.001 0.741 0.003 0.007 0.154 0.081 0.001 0.000 0.002 0.001 0.000 0.000 0.001 0.001 0.001 0.001 0.001 0.001 0.001 0.001 0.011 0.001 0.001 0.012 0.005 0.001 0.002 0.001 0.002 0.000 0.004 0.002 0.001 0.002 0.002 0.001 0.001 0.012 0.002 0.001 0.004 0.001 0.004 0.004 0.002 0.018 0.001 0.001 0.001 0.010 0.070 0.003 0.002 0.010 
38 flute_vis 30 0.001 0.001 0.001 0.006 0.001 0.996 0.418 0.014 0.926 0.012 0.001 0.000 0.002 0.000 0.001 0.000 0.005 0.000 0.001 0.000 0.000 0.000 0.001 0.002 0.106 0.001 0.001 0.003 0.000 0.003 0.000 0.000 0.001 0.000 0.352 0.001 0.001 0.604 0.005 0.001 0.002 0.001 0.001 0.156 0.001 0.093 0.001 0.000 0.667 0.787 0.000 0.001 0.000 0.001 0.050 0.008 0.046 0.025 
39 guitar_vis 30 0.002 0.001 0.001 0.003 0.001 0.996 0.039 0.007 0.970 0.005 0.001 0.000 0.003 0.000 0.001 0.000 0.004 0.000 0.001 0.000 0.000 0.000 0.001 0.001 0.025 0.000 0.001 0.002 0.000 0.016 0.000 0.000 0.001 0.000 0.042 0.001 0.003 0.161 0.002 0.001 0.001 0.002 0.001 0.044 0.001 0.043 0.004 0.001 0.466 0.887 0.000 0.002 0.000 0.001 0.006 0.039 0.017 0.007 
40 piano_vis 30 0.014 0.001 0.001 0.066 0.001 0.966 0.777 0.003 0.102 0.005 0.002 0.000 0.006 0.000 0.002 0.000 0.003 0.001 0.003 0.001 0.001 0.000 0.026 0.002 0.058 0.008 0.009 0.043 0.000 0.001 0.002 0.000 0.001 0.000 0.445 0.043 0.001 0.002 0.043 0.002 0.003 0.002 0.001 0.002 0.001 0.001 0.001 0.001 0.002 0.013 0.001 0.001 0.002 0.003 0.003 0.001 0.003 0.031 
41 trumpet_vis 30 0.005 0.001 0.001 0.002 0.001 0.995 0.001 0.992 0.022 0.015 0.011 0.000 0.000 0.002 0.001 0.003 0.000 0.001 0.001 0.000 0.002 0.000 0.001 0.090 0.001 0.000 0.223 0.000 0.010 0.008 0.011 0.000 0.001 0.000 0.002 0.004 0.000 0.002 0.001 0.001 0.269 0.077 0.984 0.525 0.004 0.014 0.001 0.003 0.005 0.002 0.000 0.132 0.001 0.002 0.023 0.001 0.001 0.044 
42 fork_vis 30 0.003 0.001 0.005 0.007 0.001 0.996 0.817 0.003 0.001 0.870 0.001 0.000 0.000 0.000 0.000 0.000 0.234 0.001 0.008 0.001 0.002 0.000 0.901 0.001 0.005 0.001 0.002 0.000 0.000 0.001 0.000 0.000 0.016 0.000 0.031 0.001 0.001 0.006 0.990 0.007 0.024 0.001 0.001 0.001 0.001 0.001 0.001 0.001 0.001 0.002 0.001 0.001 0.341 0.002 0.002 0.001 0.535 0.952 
43 spoon_vis 30 0.001 0.001 0.001 0.001 0.001 0.996 0.009 0.003 0.003 0.989 0.001 0.000 0.000 0.000 0.000 0.000 0.018 0.001 0.004 0.000 0.001 0.000 0.014 0.001 0.002 0.000 0.001 0.000 0.000 0.000 0.000 0.000 0.005 0.000 0.003 0.000 0.001 0.011 0.071 0.003 0.001 0.001 0.000 0.001 0.001 0.001 0.001 0.000 0.013 0.004 0.000 0.001 0.003 0.005 0.001 0.002 0.987 0.104 
44 tongs_vis 30 0.006 0.001 0.001 0.060 0.001 0.993 0.973 0.004 0.006 0.003 0.001 0.000 0.001 0.000 0.001 0.000 0.001 0.000 0.003 0.000 0.000 0.000 0.026 0.001 0.026 0.008 0.002 0.005 0.000 0.001 0.001 0.000 0.001 0.000 0.012 0.020 0.001 0.019 0.891 0.018 0.039 0.005 0.001 0.001 0.001 0.001 0.001 0.000 0.002 0.007 0.002 0.001 0.004 0.001 0.003 0.001 0.004 0.008 
45 ladle_vis 30 0.002 0.001 0.001 0.002 0.002 0.995 0.003 0.884 0.007 0.043 0.001 0.000 0.000 0.000 0.000 0.000 0.001 0.001 0.001 0.000 0.000 0.000 0.001 0.002 0.001 0.000 0.003 0.000 0.007 0.002 0.001 0.000 0.001 0.000 0.001 0.005 0.001 0.007 0.005 0.001 0.019 0.697 0.011 0.011 0.007 0.005 0.001 0.022 0.002 0.008 0.000 0.011 0.001 0.001 0.014 0.017 0.004 0.022 
46 knife_vis 30 0.002 0.001 0.001 0.002 0.001 0.996 0.014 0.005 0.018 0.962 0.001 0.000 0.001 0.000 0.000 0.000 0.495 0.000 0.002 0.000 0.001 0.000 0.017 0.001 0.004 0.000 0.001 0.000 0.000 0.001 0.000 0.000 0.001 0.000 0.044 0.000 0.020 0.029 0.003 0.001 0.001 0.001 0.000 0.026 0.001 0.005 0.001 0.000 0.433 0.026 0.000 0.001 0.002 0.008 0.002 0.043 0.906 0.237 
47 chopsticks_vis 30 0.001 0.001 0.001 0.002 0.001 0.996 0.006 0.003 0.007 0.908 0.001 0.000 0.000 0.000 0.000 0.000 0.155 0.000 0.003 0.000 0.002 0.000 0.082 0.001 0.004 0.000 0.001 0.000 0.000 0.000 0.000 0.000 0.001 0.000 0.008 0.001 0.001 0.002 0.005 0.001 0.001 0.001 0.001 0.002 0.001 0.001 0.001 0.001 0.002 0.006 0.000 0.001 0.002 0.009 0.002 0.002 0.048 0.960 
