0 beaver_vis 30 0.953 0.926 0.158 0.002 0.008 0.002 0.000 0.000 0.015 0.004 0.696 0.099 0.174 0.015 0.167 0.040 0.019 0.020 0.132 0.130 0.001 0.014 0.000 0.071 0.005 0.003 0.000 0.001 0.159 0.003 0.000 0.001 0.005 0.000 0.001 0.001 0.000 0.004 0.000 0.000 0.000 0.003 0.000 0.000 0.000 0.011 0.003 0.127 0.001 0.015 0.077 0.002 0.002 0.002 0.001 0.005 0.001 0.007 
1 bear_vis 30 0.996 0.992 0.054 0.000 0.002 0.000 0.000 0.000 0.224 0.000 0.203 0.909 0.000 0.010 0.421 0.211 0.168 0.061 0.000 0.023 0.000 0.000 0.000 0.000 0.000 0.000 0.000 0.000 0.025 0.007 0.000 0.000 0.001 0.000 0.003 0.000 0.000 0.001 0.000 0.000 0.000 0.000 0.000 0.000 0.000 0.001 0.187 0.123 0.000 0.131 0.006 0.000 0.006 0.000 0.000 0.006 0.000 0.000 
2 sheep_vis 30 0.997 0.331 0.167 0.618 0.011 0.000 0.000 0.015 0.000 0.000 0.008 0.000 0.974 0.007 0.031 0.000 0.090 0.000 0.736 0.000 0.000 0.005 0.000 0.020 0.935 0.001 0.000 0.713 0.003 0.015 0.001 0.001 0.001 0.001 0.001 0.000 0.000 0.004 0.000 0.000 0.000 0.413 0.013 0.000 0.000 0.001 0.000 0.000 0.000 0.000 0.120 0.000 0.000 0.000 0.000 0.003 0.000 0.000 
3 buffalo_vis 30 0.996 0.822 0.004 0.002 0.716 0.000 0.001 0.000 0.000 0.000 0.014 0.004 0.669 0.212 0.824 0.019 0.002 0.003 0.002 0.001 0.001 0.001 0.000 0.003 0.337 0.002 0.000 0.025 0.021 0.769 0.061 0.002 0.004 0.041 0.145 0.000 0.001 0.019 0.000 0.018 0.000 0.005 0.000 0.000 0.000 0.000 0.001 0.001 0.000 0.001 0.197 0.000 0.000 0.000 0.000 0.000 0.000 0.001 
4 poodle_vis 30 0.991 0.985 0.005 0.001 0.039 0.001 0.000 0.000 0.000 0.000 0.039 0.083 0.460 0.130 0.903 0.006 0.064 0.002 0.003 0.001 0.001 0.001 0.000 0.001 0.005 0.001 0.000 0.001 0.014 0.265 0.001 0.001 0.002 0.001 0.060 0.001 0.000 0.004 0.000 0.000 0.000 0.001 0.000 0.000 0.000 0.000 0.058 0.002 0.001 0.001 0.086 0.001 0.003 0.000 0.000 0.002 0.000 0.001 
5 giraffe_vis 30 0.996 0.991 0.076 0.000 0.002 0.000 0.000 0.000 0.212 0.000 0.229 0.897 0.000 0.018 0.397 0.318 0.130 0.089 0.000 0.026 0.000 0.000 0.000 0.000 0.000 0.001 0.000 0.000 0.025 0.006 0.000 0.000 0.001 0.000 0.002 0.000 0.000 0.001 0.000 0.000 0.000 0.000 0.000 0.000 0.000 0.001 0.135 0.125 0.000 0.165 0.003 0.000 0.006 0.000 0.000 0.005 0.000 0.001 
6 robin_vis 30 0.995 0.985 0.071 0.000 0.001 0.001 0.000 0.000 0.017 0.000 0.026 0.375 0.001 0.002 0.123 0.016 0.031 0.032 0.000 0.018 0.000 0.001 0.000 0.000 0.000 0.001 0.000 0.000 0.006 0.010 0.000 0.000 0.001 0.000 0.003 0.000 0.000 0.002 0.000 0.000 0.000 0.000 0.000 0.000 0.000 0.001 0.029 0.017 0.000 0.008 0.007 0.000 0.002 0.000 0.000 0.002 0.000 0.001 
7 swan_vis 30 0.957 0.004 0.535 0.689 0.001 0.058 0.000 0.138 0.000 0.066 0.000 0.001 0.001 0.001 0.000 0.001 0.018 0.040 0.058 0.017 0.104 0.247 0.001 0.002 0.010 0.052 0.006 0.210 0.000 0.000 0.000 0.002 0.001 0.001 0.000 0.001 0.000 0.005 0.000 0.000 0.000 0.003 0.365 0.001 0.005 0.014 0.000 0.000 0.000 0.000 0.000 0.001 0.000 0.027 0.095 0.006 0.021 0.002 
8 woodpecker_vis 30 0.996 0.073 0.231 0.177 0.001 0.011 0.000 0.001 0.000 0.000 0.184 0.021 0.057 0.000 0.000 0.001 0.006 0.010 0.206 0.190 0.000 0.047 0.000 0.266 0.017 0.001 0.000 0.002 0.022 0.000 0.000 0.000 0.001 0.000 0.000 0.000 0.000 0.002 0.000 0.000 0.000 0.006 0.000 0.000 0.000 0.018 0.000 0.022 0.000 0.000 0.013 0.001 0.000 0.000 0.000 0.001 0.000 0.000 
9 peacock_vis 30 0.046 0.150 0.012 0.000 0.001 0.891 0.000 0.000 0.953 0.319 0.003 0.853 0.000 0.000 0.001 0.007 0.678 0.029 0.001 0.004 0.000 0.000 0.000 0.000 0.000 0.000 0.000 0.000 0.002 0.004 0.000 0.000 0.000 0.000 0.158 0.000 0.000 0.012 0.000 0.000 0.000 0.006 0.000 0.000 0.000 0.066 0.886 0.199 0.000 0.607 0.145 0.000 0.392 0.018 0.000 0.606 0.000 0.004 
10 crow_vis 30 0.988 0.795 0.140 0.000 0.001 0.006 0.000 0.000 0.003 0.004 0.028 0.300 0.000 0.001 0.020 0.009 0.074 0.060 0.001 0.010 0.001 0.001 0.000 0.000 0.000 0.002 0.000 0.000 0.004 0.001 0.000 0.001 0.001 0.000 0.001 0.000 0.000 0.002 0.000 0.000 0.000 0.000 0.000 0.000 0.000 0.001 0.013 0.013 0.001 0.005 0.004 0.001 0.001 0.001 0.001 0.007 0.000 0.007 
11 eagle_vis 30 0.780 0.139 0.165 0.000 0.001 0.239 0.000 0.000 0.342 0.119 0.005 0.266 0.000 0.000 0.000 0.218 0.070 0.137 0.000 0.094 0.003 0.000 0.000 0.000 0.000 0.004 0.000 0.000 0.005 0.000 0.000 0.002 0.005 0.000 0.001 0.000 0.000 0.005 0.000 0.000 0.000 0.000 0.000 0.000 0.000 0.013 0.069 0.149 0.029 0.238 0.000 0.027 0.033 0.031 0.020 0.022 0.005 0.153 
12 tuna_vis 30 0.006 0.000 0.000 0.000 0.009 0.985 0.896 0.001 0.054 0.002 0.000 0.000 0.000 0.000 0.000 0.001 0.000 0.000 0.000 0.000 0.001 0.000 0.001 0.000 0.000 0.001 0.004 0.000 0.001 0.043 0.000 0.017 0.001 0.008 0.528 0.012 0.008 0.182 0.223 0.008 0.001 0.001 0.000 0.001 0.041 0.000 0.022 0.000 0.027 0.002 0.001 0.001 0.124 0.000 0.000 0.001 0.003 0.001 
13 goldfish_vis 30 0.023 0.000 0.000 0.003 0.005 0.980 0.006 0.003 0.822 0.433 0.000 0.013 0.000 0.000 0.000 0.125 0.000 0.010 0.000 0.001 0.002 0.000 0.003 0.000 0.000 0.004 0.002 0.000 0.001 0.001 0.001 0.159 0.009 0.001 0.060 0.007 0.000 0.068 0.010 0.000 0.001 0.000 0.000 0.001 0.008 0.001 0.036 0.002 0.796 0.516 0.000 0.030 0.382 0.003 0.007 0.001 0.056 0.568 
14 salmon_vis 30 0.995 0.073 0.001 0.007 0.967 0.001 0.028 0.000 0.000 0.000 0.001 0.000 0.048 0.025 0.216 0.002 0.000 0.000 0.000 0.000 0.001 0.001 0.001 0.004 0.109 0.002 0.001 0.004 0.022 0.831 0.276 0.003 0.003 0.129 0.118 0.001 0.010 0.051 0.000 0.158 0.000 0.002 0.000 0.000 0.000 0.000 0.000 0.000 0.000 0.000 0.142 0.000 0.000 0.000 0.000 0.000 0.000 0.000 
15 sardine_vis 30 0.926 0.016 0.002 0.033 0.414 0.339 0.000 0.007 0.005 0.001 0.000 0.001 0.000 0.004 0.000 0.599 0.000 0.007 0.000 0.007 0.012 0.003 0.005 0.000 0.000 0.456 0.012 0.002 0.006 0.000 0.000 0.642 0.701 0.002 0.000 0.071 0.000 0.013 0.000 0.000 0.001 0.000 0.001 0.000 0.001 0.000 0.000 0.002 0.565 0.012 0.000 0.370 0.001 0.000 0.015 0.000 0.002 0.136 
16 catfish_vis 30 0.006 0.000 0.000 0.000 0.008 0.985 0.860 0.001 0.073 0.004 0.000 0.000 0.000 0.000 0.000 0.001 0.000 0.000 0.000 0.000 0.001 0.000 0.001 0.000 0.000 0.001 0.005 0.000 0.001 0.023 0.000 0.035 0.002 0.006 0.413 0.016 0.004 0.164 0.261 0.004 0.002 0.001 0.000 0.001 0.048 0.000 0.015 0.000 0.086 0.004 0.000 0.002 0.146 0.001 0.001 0.001 0.007 0.002 
17 cod_vis 30 0.290 0.003 0.015 0.162 0.003 0.280 0.000 0.074 0.000 0.003 0.000 0.002 0.002 0.001 0.000 0.001 0.054 0.001 0.007 0.001 0.005 0.006 0.003 0.002 0.032 0.004 0.006 0.047 0.000 0.006 0.000 0.002 0.001 0.002 0.116 0.001 0.000 0.029 0.000 0.004 0.003 0.073 0.020 0.000 0.020 0.001 0.067 0.000 0.000 0.000 0.008 0.001 0.035 0.004 0.002 0.031 0.001 0.000 
18 turtle_vis 30 0.991 0.499 0.000 0.026 0.575 0.010 0.013 0.000 0.000 0.000 0.001 0.000 0.063 0.115 0.139 0.001 0.000 0.000 0.000 0.000 0.001 0.000 0.005 0.001 0.003 0.002 0.008 0.005 0.003 0.114 0.006 0.011 0.002 0.110 0.049 0.001 0.000 0.020 0.004 0.002 0.000 0.000 0.000 0.000 0.004 0.000 0.000 0.000 0.000 0.000 0.002 0.000 0.001 0.000 0.000 0.000 0.000 0.000 
19 rattlesnake_vis 30 0.032 0.008 0.001 0.001 0.006 0.948 0.001 0.000 0.078 0.255 0.000 0.002 0.001 0.005 0.001 0.001 0.001 0.001 0.000 0.000 0.003 0.000 0.001 0.000 0.000 0.001 0.001 0.000 0.000 0.001 0.000 0.009 0.001 0.002 0.259 0.001 0.000 0.028 0.004 0.000 0.000 0.000 0.000 0.000 0.068 0.000 0.069 0.000 0.033 0.013 0.000 0.000 0.444 0.011 0.000 0.003 0.007 0.009 
20 crab_vis 30 0.997 0.000 0.000 0.919 0.058 0.095 0.001 0.034 0.000 0.000 0.001 0.000 0.001 0.000 0.000 0.000 0.000 0.000 0.002 0.002 0.000 0.000 0.131 0.622 0.070 0.004 0.002 0.004 0.012 0.000 0.089 0.001 0.006 0.002 0.000 0.002 0.000 0.017 0.000 0.000 0.003 0.007 0.000 0.046 0.000 0.001 0.000 0.000 0.000 0.000 0.004 0.001 0.000 0.000 0.000 0.000 0.000 0.000 
21 frog_vis 30 0.313 0.000 0.000 0.022 0.248 0.787 0.094 0.000 0.025 0.012 0.000 0.001 0.000 0.001 0.000 0.001 0.000 0.000 0.000 0.000 0.001 0.000 0.020 0.001 0.000 0.038 0.018 0.000 0.002 0.005 0.003 0.054 0.066 0.035 0.056 0.019 0.000 0.065 0.008 0.001 0.000 0.000 0.000 0.000 0.005 0.000 0.006 0.000 0.013 0.005 0.000 0.004 0.076 0.000 0.000 0.001 0.004 0.004 
22 gecko_vis 30 0.997 0.003 0.000 0.014 0.313 0.163 0.003 0.000 0.000 0.000 0.014 0.000 0.001 0.000 0.020 0.000 0.000 0.000 0.000 0.003 0.000 0.000 0.018 0.160 0.001 0.002 0.003 0.000 0.203 0.042 0.210 0.002 0.010 0.010 0.000 0.002 0.012 0.018 0.000 0.000 0.000 0.000 0.000 0.001 0.000 0.001 0.000 0.002 0.000 0.000 0.046 0.001 0.000 0.000 0.000 0.000 0.000 0.000 
23 crocodile_vis 30 0.200 0.001 0.000 0.005 0.058 0.844 0.004 0.595 0.000 0.065 0.000 0.000 0.000 0.002 0.000 0.000 0.000 0.000 0.000 0.000 0.012 0.000 0.003 0.000 0.000 0.002 0.083 0.006 0.001 0.002 0.004 0.018 0.004 0.028 0.002 0.001 0.000 0.038 0.001 0.015 0.028 0.006 0.120 0.000 0.684 0.000 0.000 0.000 0.000 0.000 0.000 0.000 0.003 0.016 0.001 0.002 0.019 0.000 
24 axe_vis 30 0.003 0.000 0.000 0.000 0.010 0.994 0.788 0.352 0.000 0.000 0.000 0.000 0.000 0.000 0.000 0.000 0.001 0.000 0.001 0.000 0.000 0.000 0.005 0.012 0.021 0.000 0.001 0.001 0.002 0.030 0.010 0.000 0.000 0.008 0.095 0.003 0.120 0.268 0.006 0.687 0.058 0.313 0.001 0.011 0.008 0.005 0.001 0.000 0.000 0.000 0.064 0.000 0.001 0.000 0.000 0.006 0.000 0.000 
25 hammer_vis 30 0.007 0.000 0.009 0.002 0.005 0.933 0.869 0.105 0.000 0.021 0.000 0.001 0.000 0.000 0.000 0.000 0.003 0.002 0.002 0.000 0.004 0.001 0.001 0.000 0.002 0.001 0.068 0.008 0.000 0.043 0.000 0.006 0.001 0.121 0.701 0.001 0.031 0.166 0.701 0.838 0.041 0.018 0.029 0.000 0.809 0.001 0.009 0.000 0.001 0.000 0.001 0.000 0.131 0.014 0.001 0.007 0.008 0.001 
26 screwdriver_vis 30 0.003 0.000 0.000 0.007 0.001 0.994 0.142 0.851 0.000 0.026 0.000 0.000 0.000 0.000 0.000 0.000 0.000 0.000 0.000 0.000 0.005 0.000 0.001 0.001 0.001 0.000 0.128 0.029 0.000 0.001 0.000 0.001 0.000 0.002 0.041 0.001 0.000 0.128 0.002 0.168 0.226 0.042 0.300 0.001 0.755 0.001 0.001 0.000 0.000 0.000 0.002 0.000 0.008 0.004 0.001 0.003 0.086 0.000 
27 chisel_vis 30 0.003 0.000 0.000 0.000 0.001 0.994 0.001 0.988 0.000 0.003 0.000 0.000 0.000 0.000 0.000 0.000 0.006 0.000 0.012 0.000 0.000 0.000 0.000 0.005 0.012 0.000 0.000 0.000 0.000 0.000 0.000 0.000 0.000 0.000 0.000 0.001 0.000 0.089 0.000 0.006 0.003 0.863 0.014 0.001 0.002 0.038 0.001 0.000 0.000 0.000 0.024 0.000 0.000 0.001 0.000 0.151 0.000 0.000 
28 saw_vis 30 0.004 0.000 0.000 0.000 0.002 0.991 0.602 0.073 0.000 0.065 0.000 0.000 0.000 0.000 0.000 0.000 0.000 0.000 0.000 0.000 0.003 0.000 0.000 0.000 0.000 0.000 0.039 0.000 0.000 0.005 0.000 0.029 0.000 0.012 0.436 0.001 0.000 0.140 0.295 0.024 0.001 0.002 0.001 0.000 0.735 0.000 0.006 0.000 0.004 0.000 0.000 0.000 0.250 0.006 0.000 0.002 0.078 0.000 
29 drill_vis 30 0.004 0.000 0.000 0.000 0.003 0.988 0.585 0.000 0.085 0.132 0.000 0.001 0.000 0.000 0.000 0.002 0.000 0.001 0.000 0.000 0.002 0.000 0.000 0.000 0.000 0.001 0.006 0.000 0.000 0.011 0.000 0.101 0.001 0.004 0.619 0.003 0.001 0.123 0.454 0.001 0.000 0.000 0.000 0.000 0.215 0.000 0.048 0.000 0.330 0.014 0.000 0.001 0.534 0.004 0.000 0.001 0.047 0.014 
30 clamp_vis 30 0.004 0.000 0.000 0.000 0.001 0.992 0.001 0.209 0.000 0.578 0.000 0.000 0.000 0.000 0.000 0.000 0.001 0.000 0.000 0.000 0.002 0.000 0.000 0.001 0.000 0.000 0.001 0.000 0.000 0.000 0.000 0.001 0.000 0.000 0.009 0.001 0.000 0.062 0.000 0.000 0.000 0.009 0.002 0.003 0.298 0.006 0.002 0.000 0.000 0.000 0.000 0.000 0.065 0.045 0.001 0.010 0.053 0.001 
31 hoe_vis 30 0.003 0.000 0.001 0.000 0.001 0.994 0.000 0.439 0.000 0.801 0.000 0.001 0.000 0.000 0.000 0.000 0.115 0.000 0.002 0.000 0.000 0.000 0.000 0.000 0.000 0.000 0.000 0.000 0.000 0.000 0.000 0.000 0.000 0.000 0.000 0.000 0.000 0.021 0.000 0.000 0.000 0.147 0.001 0.000 0.000 0.148 0.029 0.000 0.000 0.000 0.003 0.000 0.002 0.051 0.000 0.778 0.000 0.000 
32 rake_vis 30 0.004 0.000 0.003 0.029 0.001 0.984 0.008 0.986 0.000 0.016 0.000 0.000 0.000 0.000 0.000 0.000 0.005 0.000 0.009 0.000 0.001 0.000 0.001 0.001 0.023 0.000 0.032 0.083 0.000 0.000 0.000 0.000 0.000 0.001 0.001 0.001 0.000 0.109 0.000 0.416 0.449 0.474 0.713 0.001 0.609 0.004 0.000 0.000 0.000 0.000 0.001 0.000 0.001 0.006 0.000 0.023 0.015 0.000 
33 shovel_vis 30 0.003 0.000 0.000 0.000 0.001 0.994 0.001 0.988 0.000 0.002 0.000 0.000 0.000 0.000 0.000 0.000 0.006 0.000 0.030 0.000 0.000 0.000 0.000 0.004 0.018 0.000 0.000 0.000 0.000 0.000 0.000 0.000 0.000 0.000 0.000 0.001 0.000 0.090 0.000 0.008 0.004 0.940 0.022 0.001 0.002 0.047 0.001 0.000 0.000 0.000 0.043 0.000 0.000 0.001 0.000 0.236 0.000 0.000 
34 spade_vis 30 0.003 0.000 0.000 0.000 0.001 0.991 0.248 0.672 0.000 0.098 0.000 0.000 0.000 0.000 0.000 0.000 0.001 0.000 0.000 0.000 0.003 0.000 0.000 0.000 0.000 0.000 0.055 0.003 0.000 0.000 0.000 0.002 0.000 0.002 0.062 0.001 0.000 0.105 0.008 0.091 0.013 0.018 0.011 0.000 0.837 0.001 0.001 0.000 0.000 0.000 0.000 0.000 0.047 0.013 0.000 0.006 0.051 0.000 
35 wrench_vis 30 0.003 0.000 0.000 0.000 0.001 0.994 0.000 0.988 0.000 0.003 0.000 0.000 0.000 0.000 0.000 0.000 0.007 0.000 0.026 0.000 0.000 0.000 0.000 0.003 0.009 0.000 0.000 0.000 0.000 0.000 0.000 0.000 0.000 0.000 0.000 0.000 0.000 0.084 0.000 0.004 0.002 0.932 0.017 0.001 0.002 0.048 0.001 0.000 0.000 0.000 0.036 0.000 0.000 0.001 0.000 0.262 0.000 0.000 
36 accordion_vis 30 0.003 0.000 0.000 0.000 0.001 0.993 0.001 0.799 0.000 0.436 0.000 0.000 0.000 0.000 0.000 0.000 0.068 0.000 0.002 0.000 0.000 0.000 0.000 0.000 0.000 0.000 0.000 0.000 0.000 0.000 0.000 0.000 0.000 0.000 0.000 0.001 0.000 0.026 0.000 0.000 0.000 0.311 0.000 0.000 0.000 0.140 0.013 0.000 0.000 0.000 0.003 0.000 0.001 0.017 0.000 0.723 0.000 0.000 
37 cello_vis 30 0.004 0.000 0.000 0.000 0.001 0.989 0.001 0.965 0.001 0.001 0.000 0.000 0.000 0.000 0.000 0.000 0.002 0.000 0.009 0.002 0.000 0.000 0.000 0.059 0.001 0.000 0.000 0.000 0.000 0.000 0.000 0.000 0.000 0.000 0.000 0.001 0.000 0.084 0.000 0.000 0.002 0.542 0.010 0.101 0.000 0.305 0.000 0.001 0.000 0.000 0.014 0.001 0.000 0.001 0.000 0.047 0.000 0.000 
38 flute_vis 30 0.003 0.000 0.000 0.000 0.001 0.994 0.001 0.981 0.000 0.008 0.000 0.000 0.000 0.000 0.000 0.000 0.014 0.000 0.010 0.000 0.000 0.000 0.000 0.001 0.000 0.000 0.000 0.000 0.000 0.000 0.000 0.000 0.000 0.000 0.000 0.001 0.000 0.059 0.000 0.000 0.000 0.850 0.003 0.001 0.001 0.084 0.001 0.000 0.000 0.000 0.016 0.000 0.000 0.002 0.000 0.396 0.000 0.000 
39 guitar_vis 30 0.003 0.000 0.000 0.000 0.001 0.994 0.001 0.965 0.000 0.054 0.000 0.000 0.000 0.000 0.000 0.000 0.030 0.000 0.005 0.000 0.000 0.000 0.000 0.000 0.000 0.000 0.000 0.000 0.000 0.000 0.000 0.000 0.000 0.000 0.000 0.001 0.000 0.042 0.000 0.000 0.000 0.670 0.001 0.000 0.000 0.106 0.004 0.000 0.000 0.000 0.008 0.000 0.000 0.005 0.000 0.552 0.000 0.000 
40 piano_vis 30 0.019 0.003 0.000 0.000 0.028 0.957 0.923 0.008 0.336 0.000 0.002 0.000 0.001 0.000 0.005 0.000 0.000 0.000 0.001 0.000 0.000 0.000 0.002 0.428 0.015 0.000 0.000 0.000 0.278 0.414 0.201 0.000 0.000 0.001 0.162 0.000 0.864 0.282 0.000 0.341 0.003 0.667 0.000 0.172 0.000 0.037 0.018 0.036 0.000 0.000 0.940 0.001 0.000 0.000 0.000 0.009 0.000 0.000 
41 trumpet_vis 30 0.004 0.000 0.001 0.001 0.001 0.989 0.000 0.977 0.000 0.002 0.000 0.000 0.000 0.000 0.000 0.000 0.001 0.000 0.006 0.004 0.000 0.000 0.002 0.083 0.000 0.000 0.000 0.000 0.000 0.000 0.000 0.000 0.000 0.000 0.000 0.001 0.000 0.082 0.000 0.000 0.025 0.292 0.040 0.409 0.001 0.278 0.000 0.001 0.000 0.000 0.007 0.002 0.000 0.001 0.005 0.020 0.000 0.000 
42 fork_vis 30 0.004 0.000 0.001 0.000 0.001 0.986 0.514 0.604 0.000 0.249 0.000 0.000 0.000 0.000 0.000 0.000 0.001 0.000 0.000 0.000 0.003 0.000 0.000 0.000 0.000 0.000 0.051 0.004 0.000 0.001 0.000 0.002 0.000 0.011 0.177 0.001 0.000 0.117 0.078 0.416 0.032 0.015 0.055 0.000 0.841 0.000 0.002 0.000 0.000 0.000 0.000 0.000 0.046 0.054 0.001 0.009 0.041 0.000 
43 spoon_vis 30 0.003 0.000 0.000 0.000 0.001 0.992 0.001 0.986 0.000 0.010 0.000 0.000 0.000 0.000 0.000 0.000 0.004 0.000 0.007 0.000 0.000 0.000 0.000 0.001 0.003 0.000 0.000 0.002 0.000 0.000 0.000 0.000 0.000 0.000 0.001 0.000 0.000 0.082 0.000 0.024 0.021 0.758 0.096 0.000 0.104 0.015 0.001 0.000 0.000 0.000 0.005 0.000 0.001 0.004 0.000 0.143 0.001 0.000 
44 tongs_vis 30 0.004 0.000 0.004 0.000 0.001 0.987 0.001 0.057 0.001 0.940 0.000 0.001 0.000 0.000 0.000 0.000 0.010 0.002 0.000 0.000 0.001 0.000 0.000 0.000 0.000 0.000 0.000 0.000 0.000 0.000 0.000 0.001 0.000 0.000 0.002 0.001 0.000 0.023 0.000 0.000 0.000 0.002 0.001 0.000 0.030 0.003 0.011 0.000 0.000 0.000 0.000 0.000 0.067 0.239 0.002 0.114 0.041 0.003 
45 ladle_vis 30 0.003 0.000 0.000 0.002 0.001 0.993 0.002 0.989 0.000 0.002 0.000 0.000 0.000 0.000 0.000 0.000 0.002 0.000 0.013 0.000 0.000 0.000 0.000 0.002 0.055 0.000 0.000 0.009 0.000 0.000 0.000 0.000 0.000 0.000 0.001 0.000 0.000 0.112 0.000 0.230 0.135 0.915 0.230 0.001 0.073 0.012 0.000 0.000 0.000 0.000 0.009 0.000 0.000 0.002 0.000 0.071 0.000 0.000 
46 knife_vis 30 0.003 0.000 0.001 0.000 0.001 0.992 0.007 0.218 0.000 0.826 0.000 0.000 0.000 0.000 0.000 0.000 0.019 0.000 0.000 0.000 0.000 0.000 0.000 0.000 0.000 0.000 0.000 0.000 0.000 0.000 0.000 0.000 0.000 0.000 0.006 0.001 0.000 0.031 0.000 0.002 0.000 0.033 0.001 0.000 0.056 0.010 0.013 0.000 0.000 0.000 0.002 0.000 0.025 0.272 0.000 0.340 0.003 0.000 
47 chopsticks_vis 30 0.004 0.000 0.001 0.000 0.001 0.976 0.004 0.151 0.000 0.939 0.000 0.001 0.000 0.000 0.000 0.000 0.071 0.001 0.000 0.000 0.001 0.000 0.000 0.000 0.000 0.000 0.001 0.000 0.000 0.000 0.000 0.001 0.000 0.000 0.009 0.001 0.000 0.017 0.001 0.001 0.000 0.016 0.001 0.000 0.039 0.044 0.040 0.000 0.000 0.000 0.000 0.000 0.024 0.307 0.000 0.669 0.004 0.000 
