0 beaver_vis 30 0.982 0.284 0.193 0.430 0.335 0.008 0.005 0.003 0.003 0.002 0.002 0.001 0.011 0.033 0.016 0.074 0.029 0.009 0.010 0.003 0.041 0.002 0.055 0.024 0.050 0.006 0.006 0.116 0.075 0.191 0.045 0.011 0.095 0.186 0.001 0.004 0.013 0.005 0.001 0.005 0.006 0.001 0.005 0.001 0.001 0.001 0.002 0.000 0.004 0.007 0.001 0.001 0.001 0.001 0.001 0.002 0.016 0.001 
1 bear_vis 30 0.983 0.258 0.190 0.469 0.247 0.008 0.005 0.004 0.003 0.002 0.002 0.001 0.011 0.026 0.012 0.081 0.024 0.010 0.008 0.002 0.043 0.003 0.052 0.024 0.049 0.007 0.007 0.122 0.054 0.172 0.038 0.010 0.075 0.180 0.001 0.005 0.011 0.004 0.001 0.005 0.006 0.001 0.005 0.001 0.001 0.002 0.002 0.000 0.003 0.006 0.001 0.001 0.001 0.001 0.001 0.002 0.015 0.001 
2 sheep_vis 30 0.982 0.260 0.199 0.433 0.295 0.008 0.005 0.004 0.003 0.002 0.002 0.001 0.011 0.029 0.014 0.073 0.028 0.010 0.010 0.003 0.043 0.003 0.054 0.024 0.048 0.006 0.006 0.119 0.064 0.179 0.044 0.011 0.089 0.178 0.001 0.005 0.013 0.005 0.001 0.006 0.006 0.001 0.005 0.001 0.001 0.002 0.002 0.000 0.003 0.006 0.001 0.001 0.001 0.001 0.001 0.002 0.015 0.001 
3 buffalo_vis 30 0.982 0.254 0.186 0.595 0.143 0.009 0.005 0.004 0.004 0.003 0.002 0.001 0.014 0.024 0.010 0.084 0.021 0.012 0.008 0.002 0.046 0.003 0.062 0.025 0.068 0.008 0.008 0.122 0.042 0.154 0.027 0.006 0.053 0.155 0.001 0.005 0.009 0.003 0.001 0.006 0.008 0.001 0.005 0.001 0.001 0.002 0.002 0.000 0.003 0.006 0.001 0.001 0.001 0.001 0.001 0.002 0.015 0.001 
4 poodle_vis 30 0.981 0.313 0.188 0.549 0.248 0.009 0.006 0.004 0.004 0.003 0.002 0.001 0.017 0.036 0.016 0.093 0.029 0.011 0.011 0.002 0.043 0.003 0.070 0.023 0.080 0.007 0.007 0.113 0.068 0.215 0.031 0.007 0.076 0.191 0.001 0.005 0.012 0.004 0.001 0.006 0.009 0.001 0.005 0.001 0.001 0.002 0.003 0.000 0.005 0.010 0.001 0.001 0.001 0.001 0.001 0.002 0.020 0.001 
5 giraffe_vis 30 0.983 0.309 0.185 0.471 0.320 0.008 0.005 0.004 0.004 0.002 0.002 0.001 0.013 0.035 0.017 0.088 0.029 0.009 0.011 0.002 0.040 0.003 0.058 0.022 0.058 0.006 0.006 0.114 0.076 0.208 0.039 0.009 0.088 0.202 0.001 0.005 0.013 0.004 0.001 0.005 0.008 0.001 0.005 0.001 0.001 0.002 0.002 0.000 0.004 0.008 0.001 0.001 0.001 0.001 0.001 0.002 0.017 0.001 
6 robin_vis 30 0.976 0.144 0.241 0.521 0.088 0.010 0.006 0.005 0.003 0.003 0.003 0.001 0.010 0.015 0.006 0.054 0.019 0.017 0.006 0.003 0.059 0.004 0.055 0.028 0.046 0.008 0.010 0.126 0.028 0.093 0.032 0.007 0.047 0.107 0.001 0.006 0.009 0.003 0.001 0.007 0.005 0.001 0.006 0.002 0.001 0.002 0.002 0.000 0.002 0.003 0.001 0.001 0.001 0.001 0.001 0.002 0.012 0.001 
7 swan_vis 30 0.964 0.232 0.252 0.686 0.092 0.019 0.011 0.008 0.006 0.005 0.003 0.001 0.029 0.031 0.011 0.054 0.031 0.019 0.013 0.003 0.063 0.008 0.125 0.034 0.159 0.010 0.014 0.110 0.061 0.130 0.030 0.006 0.051 0.099 0.002 0.007 0.013 0.003 0.002 0.009 0.013 0.002 0.006 0.002 0.001 0.003 0.004 0.000 0.004 0.009 0.001 0.001 0.002 0.001 0.001 0.004 0.020 0.001 
8 woodpecker_vis 30 0.977 0.127 0.280 0.305 0.216 0.009 0.005 0.004 0.003 0.003 0.002 0.001 0.007 0.018 0.008 0.039 0.025 0.014 0.008 0.004 0.055 0.003 0.045 0.026 0.028 0.005 0.007 0.117 0.047 0.095 0.064 0.017 0.089 0.116 0.001 0.005 0.012 0.006 0.001 0.006 0.004 0.001 0.006 0.001 0.001 0.002 0.002 0.000 0.002 0.003 0.001 0.001 0.001 0.001 0.001 0.002 0.011 0.001 
9 peacock_vis 30 0.977 0.152 0.248 0.422 0.152 0.009 0.005 0.005 0.003 0.003 0.002 0.001 0.009 0.018 0.008 0.051 0.023 0.015 0.007 0.003 0.055 0.003 0.051 0.027 0.040 0.007 0.009 0.120 0.038 0.107 0.043 0.010 0.065 0.121 0.001 0.005 0.010 0.004 0.001 0.006 0.005 0.001 0.006 0.001 0.001 0.002 0.002 0.000 0.002 0.003 0.001 0.001 0.001 0.001 0.001 0.002 0.013 0.001 
10 crow_vis 30 0.966 0.375 0.251 0.565 0.391 0.021 0.013 0.008 0.009 0.007 0.002 0.002 0.037 0.075 0.030 0.072 0.057 0.015 0.027 0.004 0.054 0.006 0.142 0.033 0.182 0.008 0.012 0.095 0.181 0.250 0.046 0.010 0.112 0.175 0.002 0.006 0.022 0.004 0.002 0.007 0.018 0.002 0.007 0.002 0.001 0.002 0.005 0.000 0.009 0.029 0.001 0.001 0.001 0.001 0.001 0.005 0.035 0.001 
11 eagle_vis 30 0.976 0.162 0.245 0.440 0.150 0.010 0.006 0.005 0.003 0.003 0.002 0.001 0.010 0.019 0.008 0.053 0.023 0.015 0.008 0.003 0.055 0.003 0.054 0.027 0.044 0.007 0.009 0.119 0.041 0.112 0.041 0.010 0.065 0.124 0.001 0.005 0.010 0.004 0.001 0.006 0.005 0.001 0.006 0.001 0.001 0.002 0.002 0.000 0.002 0.004 0.001 0.001 0.001 0.001 0.001 0.002 0.013 0.001 
12 tuna_vis 30 0.981 0.254 0.197 0.490 0.226 0.009 0.005 0.004 0.004 0.003 0.002 0.001 0.012 0.027 0.012 0.080 0.026 0.011 0.009 0.002 0.045 0.003 0.057 0.024 0.055 0.007 0.007 0.120 0.053 0.174 0.036 0.009 0.073 0.172 0.001 0.005 0.012 0.004 0.001 0.006 0.007 0.001 0.005 0.001 0.001 0.002 0.002 0.000 0.003 0.006 0.001 0.001 0.001 0.001 0.001 0.002 0.016 0.001 
13 goldfish_vis 30 0.984 0.266 0.189 0.451 0.273 0.007 0.004 0.003 0.003 0.002 0.002 0.001 0.010 0.027 0.013 0.080 0.025 0.010 0.009 0.003 0.041 0.002 0.051 0.023 0.047 0.006 0.006 0.119 0.060 0.173 0.040 0.010 0.079 0.186 0.001 0.005 0.011 0.005 0.001 0.005 0.006 0.001 0.005 0.001 0.001 0.001 0.002 0.000 0.003 0.006 0.001 0.001 0.001 0.001 0.001 0.002 0.015 0.001 
14 salmon_vis 30 0.982 0.231 0.197 0.471 0.208 0.008 0.005 0.004 0.003 0.002 0.002 0.001 0.010 0.023 0.011 0.075 0.023 0.011 0.008 0.002 0.045 0.003 0.051 0.025 0.047 0.007 0.007 0.123 0.046 0.154 0.037 0.009 0.069 0.163 0.001 0.005 0.011 0.004 0.001 0.006 0.006 0.001 0.005 0.001 0.001 0.002 0.002 0.000 0.003 0.005 0.001 0.001 0.001 0.001 0.001 0.002 0.014 0.001 
15 sardine_vis 30 0.982 0.294 0.191 0.497 0.273 0.009 0.005 0.004 0.004 0.003 0.002 0.001 0.014 0.033 0.015 0.087 0.028 0.010 0.010 0.002 0.042 0.003 0.062 0.023 0.063 0.007 0.007 0.115 0.068 0.198 0.036 0.009 0.081 0.190 0.001 0.005 0.012 0.004 0.001 0.006 0.008 0.001 0.005 0.001 0.001 0.002 0.002 0.000 0.004 0.008 0.001 0.001 0.001 0.001 0.001 0.002 0.018 0.001 
16 catfish_vis 30 0.983 0.244 0.196 0.437 0.262 0.008 0.005 0.004 0.003 0.002 0.002 0.001 0.010 0.026 0.012 0.074 0.025 0.011 0.008 0.003 0.043 0.002 0.050 0.024 0.044 0.006 0.007 0.122 0.055 0.165 0.042 0.011 0.080 0.173 0.001 0.005 0.012 0.005 0.001 0.005 0.006 0.001 0.005 0.001 0.001 0.001 0.002 0.000 0.003 0.005 0.001 0.001 0.001 0.001 0.001 0.002 0.015 0.001 
17 cod_vis 30 0.981 0.358 0.185 0.559 0.306 0.010 0.006 0.004 0.005 0.003 0.002 0.001 0.020 0.045 0.020 0.099 0.034 0.010 0.013 0.002 0.041 0.003 0.079 0.023 0.096 0.007 0.007 0.107 0.090 0.243 0.032 0.007 0.085 0.207 0.001 0.005 0.014 0.004 0.001 0.006 0.011 0.001 0.005 0.001 0.001 0.002 0.003 0.000 0.006 0.015 0.001 0.001 0.001 0.001 0.001 0.002 0.023 0.001 
18 turtle_vis 30 0.980 0.202 0.232 0.341 0.292 0.008 0.004 0.003 0.003 0.002 0.002 0.001 0.008 0.026 0.013 0.047 0.029 0.010 0.011 0.003 0.044 0.003 0.051 0.024 0.037 0.005 0.006 0.111 0.073 0.137 0.060 0.014 0.102 0.146 0.001 0.004 0.012 0.005 0.001 0.005 0.005 0.001 0.005 0.001 0.001 0.001 0.002 0.000 0.003 0.004 0.001 0.001 0.001 0.001 0.001 0.002 0.012 0.001 
19 rattlesnake_vis 30 0.975 0.572 0.187 0.535 0.780 0.013 0.008 0.005 0.009 0.004 0.002 0.002 0.041 0.148 0.060 0.073 0.072 0.009 0.040 0.004 0.036 0.003 0.138 0.030 0.177 0.007 0.008 0.091 0.364 0.327 0.065 0.016 0.191 0.232 0.002 0.005 0.028 0.004 0.002 0.005 0.018 0.001 0.005 0.001 0.001 0.002 0.005 0.000 0.014 0.049 0.001 0.001 0.001 0.001 0.001 0.004 0.041 0.001 
20 crab_vis 30 0.980 0.203 0.225 0.391 0.257 0.008 0.005 0.004 0.003 0.003 0.002 0.001 0.009 0.024 0.011 0.058 0.027 0.012 0.009 0.003 0.047 0.003 0.051 0.025 0.040 0.006 0.007 0.120 0.056 0.141 0.050 0.013 0.087 0.151 0.001 0.005 0.012 0.005 0.001 0.006 0.005 0.001 0.005 0.001 0.001 0.002 0.002 0.000 0.003 0.004 0.001 0.001 0.001 0.001 0.001 0.002 0.014 0.001 
21 frog_vis 30 0.977 0.259 0.227 0.397 0.330 0.010 0.006 0.004 0.004 0.003 0.002 0.001 0.012 0.038 0.018 0.056 0.037 0.010 0.015 0.003 0.044 0.003 0.067 0.024 0.058 0.006 0.007 0.105 0.100 0.178 0.053 0.011 0.110 0.162 0.001 0.005 0.015 0.005 0.001 0.006 0.007 0.001 0.005 0.001 0.001 0.002 0.003 0.000 0.004 0.007 0.001 0.001 0.001 0.001 0.001 0.002 0.016 0.001 
22 gecko_vis 30 0.977 0.298 0.215 0.422 0.359 0.010 0.006 0.004 0.004 0.003 0.002 0.001 0.014 0.044 0.021 0.062 0.038 0.010 0.016 0.003 0.042 0.003 0.072 0.024 0.067 0.006 0.007 0.102 0.114 0.200 0.050 0.011 0.112 0.176 0.001 0.005 0.015 0.004 0.001 0.005 0.008 0.001 0.005 0.001 0.001 0.002 0.003 0.000 0.005 0.009 0.001 0.001 0.001 0.001 0.001 0.002 0.018 0.001 
23 crocodile_vis 30 0.975 0.201 0.245 0.357 0.293 0.010 0.006 0.004 0.004 0.003 0.002 0.001 0.010 0.030 0.013 0.048 0.034 0.012 0.012 0.003 0.049 0.003 0.059 0.026 0.044 0.005 0.007 0.111 0.073 0.152 0.058 0.013 0.108 0.140 0.001 0.005 0.015 0.005 0.001 0.006 0.005 0.001 0.006 0.002 0.001 0.002 0.002 0.000 0.003 0.005 0.001 0.001 0.001 0.001 0.001 0.002 0.015 0.001 
24 axe_vis 30 0.014 0.004 0.002 0.002 0.021 0.980 0.421 0.023 0.634 0.265 0.001 0.001 0.002 0.003 0.006 0.002 0.003 0.005 0.002 0.004 0.003 0.002 0.006 0.001 0.004 0.001 0.007 0.002 0.022 0.008 0.003 0.004 0.002 0.003 0.063 0.006 0.054 0.019 0.007 0.002 0.020 0.003 0.009 0.006 0.001 0.019 0.061 0.000 0.176 0.191 0.001 0.004 0.001 0.001 0.002 0.031 0.083 0.001 
25 hammer_vis 30 0.014 0.004 0.002 0.002 0.019 0.979 0.427 0.023 0.550 0.238 0.001 0.001 0.002 0.003 0.006 0.002 0.003 0.005 0.002 0.005 0.003 0.002 0.006 0.002 0.004 0.001 0.008 0.003 0.018 0.008 0.003 0.005 0.002 0.003 0.057 0.007 0.056 0.019 0.007 0.002 0.022 0.003 0.009 0.007 0.001 0.020 0.063 0.000 0.150 0.189 0.001 0.004 0.001 0.001 0.002 0.032 0.091 0.001 
26 screwdriver_vis 30 0.022 0.004 0.003 0.003 0.011 0.975 0.338 0.049 0.077 0.416 0.001 0.001 0.003 0.003 0.004 0.002 0.003 0.010 0.003 0.005 0.005 0.007 0.014 0.002 0.007 0.002 0.012 0.003 0.007 0.007 0.002 0.002 0.002 0.003 0.047 0.008 0.041 0.009 0.006 0.003 0.026 0.003 0.012 0.006 0.001 0.028 0.038 0.000 0.040 0.110 0.001 0.002 0.003 0.001 0.001 0.048 0.129 0.001 
27 chisel_vis 30 0.015 0.004 0.002 0.002 0.015 0.979 0.352 0.029 0.358 0.269 0.001 0.001 0.002 0.003 0.005 0.002 0.003 0.006 0.002 0.005 0.004 0.003 0.007 0.002 0.004 0.001 0.009 0.003 0.013 0.007 0.003 0.004 0.002 0.003 0.040 0.007 0.051 0.016 0.006 0.002 0.025 0.003 0.010 0.006 0.001 0.023 0.054 0.000 0.103 0.166 0.001 0.004 0.002 0.001 0.002 0.037 0.102 0.001 
28 saw_vis 30 0.026 0.005 0.004 0.003 0.014 0.970 0.418 0.040 0.103 0.365 0.001 0.001 0.004 0.004 0.005 0.002 0.004 0.010 0.003 0.006 0.005 0.006 0.014 0.003 0.008 0.002 0.012 0.004 0.011 0.008 0.003 0.003 0.002 0.003 0.057 0.009 0.053 0.013 0.007 0.003 0.025 0.003 0.013 0.006 0.001 0.022 0.044 0.000 0.051 0.126 0.001 0.003 0.002 0.001 0.002 0.048 0.145 0.002 
29 drill_vis 30 0.017 0.005 0.002 0.002 0.022 0.976 0.605 0.021 0.512 0.282 0.001 0.001 0.003 0.004 0.006 0.002 0.003 0.006 0.003 0.005 0.003 0.002 0.007 0.002 0.005 0.001 0.009 0.003 0.026 0.009 0.003 0.006 0.002 0.003 0.117 0.007 0.061 0.027 0.009 0.002 0.018 0.003 0.009 0.005 0.001 0.016 0.063 0.000 0.160 0.209 0.001 0.003 0.001 0.001 0.002 0.033 0.118 0.002 
30 clamp_vis 30 0.024 0.003 0.002 0.032 0.003 0.981 0.050 0.918 0.005 0.051 0.002 0.000 0.008 0.001 0.001 0.001 0.001 0.015 0.001 0.001 0.009 0.062 0.038 0.003 0.029 0.005 0.020 0.004 0.001 0.003 0.001 0.001 0.001 0.002 0.008 0.007 0.006 0.001 0.001 0.003 0.291 0.002 0.009 0.026 0.001 0.443 0.013 0.000 0.003 0.022 0.001 0.001 0.017 0.001 0.001 0.010 0.016 0.001 
31 hoe_vis 30 0.031 0.003 0.003 0.047 0.003 0.975 0.043 0.952 0.005 0.070 0.003 0.000 0.010 0.001 0.001 0.002 0.001 0.018 0.001 0.001 0.013 0.084 0.054 0.003 0.035 0.007 0.018 0.005 0.001 0.003 0.001 0.001 0.001 0.002 0.009 0.009 0.006 0.001 0.001 0.005 0.456 0.003 0.014 0.041 0.001 0.555 0.013 0.000 0.003 0.021 0.001 0.001 0.025 0.001 0.001 0.012 0.016 0.001 
32 rake_vis 30 0.027 0.003 0.002 0.035 0.003 0.980 0.067 0.888 0.005 0.055 0.002 0.000 0.010 0.001 0.001 0.002 0.001 0.016 0.001 0.001 0.008 0.064 0.041 0.003 0.033 0.005 0.021 0.004 0.001 0.003 0.001 0.001 0.001 0.002 0.011 0.008 0.007 0.001 0.002 0.003 0.235 0.002 0.009 0.020 0.001 0.396 0.015 0.000 0.003 0.028 0.001 0.001 0.017 0.001 0.001 0.011 0.020 0.001 
33 shovel_vis 30 0.023 0.003 0.002 0.028 0.002 0.981 0.037 0.942 0.005 0.052 0.002 0.000 0.007 0.001 0.001 0.001 0.001 0.013 0.001 0.001 0.009 0.059 0.037 0.002 0.026 0.006 0.016 0.004 0.001 0.002 0.001 0.000 0.001 0.002 0.007 0.007 0.006 0.001 0.001 0.003 0.373 0.002 0.010 0.035 0.001 0.500 0.011 0.000 0.002 0.020 0.001 0.001 0.017 0.001 0.001 0.010 0.014 0.001 
34 spade_vis 30 0.044 0.004 0.003 0.077 0.003 0.973 0.064 0.913 0.004 0.050 0.003 0.000 0.015 0.001 0.001 0.002 0.001 0.023 0.001 0.001 0.012 0.095 0.064 0.004 0.056 0.007 0.025 0.006 0.001 0.003 0.001 0.001 0.001 0.002 0.012 0.010 0.007 0.001 0.002 0.005 0.311 0.003 0.012 0.020 0.001 0.438 0.014 0.000 0.003 0.029 0.001 0.001 0.022 0.001 0.001 0.011 0.021 0.001 
35 wrench_vis 30 0.024 0.003 0.002 0.027 0.003 0.982 0.081 0.819 0.007 0.053 0.002 0.000 0.009 0.001 0.001 0.001 0.001 0.015 0.001 0.001 0.007 0.051 0.032 0.003 0.028 0.004 0.024 0.004 0.001 0.003 0.001 0.001 0.001 0.002 0.011 0.007 0.008 0.001 0.002 0.003 0.150 0.002 0.008 0.014 0.001 0.330 0.016 0.000 0.004 0.030 0.001 0.001 0.014 0.001 0.001 0.012 0.023 0.001 
36 accordion_vis 30 0.014 0.004 0.002 0.002 0.027 0.979 0.617 0.020 0.712 0.283 0.001 0.001 0.002 0.003 0.007 0.002 0.003 0.005 0.002 0.004 0.003 0.002 0.006 0.002 0.004 0.001 0.007 0.002 0.036 0.010 0.002 0.006 0.002 0.003 0.138 0.006 0.063 0.026 0.009 0.002 0.016 0.002 0.009 0.006 0.001 0.015 0.067 0.000 0.240 0.205 0.001 0.004 0.001 0.001 0.002 0.029 0.089 0.002 
37 cello_vis 30 0.014 0.004 0.002 0.002 0.011 0.981 0.653 0.025 0.199 0.169 0.001 0.001 0.003 0.003 0.004 0.002 0.002 0.005 0.002 0.003 0.003 0.003 0.006 0.002 0.008 0.001 0.015 0.002 0.009 0.007 0.002 0.003 0.002 0.002 0.184 0.006 0.034 0.010 0.006 0.002 0.016 0.002 0.007 0.005 0.001 0.031 0.053 0.000 0.066 0.133 0.001 0.002 0.002 0.001 0.001 0.020 0.074 0.001 
38 flute_vis 30 0.013 0.004 0.002 0.002 0.020 0.982 0.420 0.022 0.633 0.198 0.001 0.001 0.002 0.003 0.006 0.002 0.003 0.005 0.002 0.004 0.003 0.002 0.005 0.001 0.004 0.001 0.008 0.002 0.020 0.008 0.002 0.005 0.002 0.003 0.054 0.006 0.053 0.019 0.006 0.002 0.021 0.003 0.008 0.007 0.001 0.020 0.066 0.000 0.176 0.188 0.001 0.005 0.001 0.001 0.002 0.028 0.079 0.001 
39 guitar_vis 30 0.012 0.004 0.002 0.002 0.027 0.981 0.365 0.018 0.778 0.234 0.001 0.001 0.002 0.003 0.006 0.002 0.003 0.004 0.002 0.004 0.003 0.002 0.005 0.001 0.003 0.001 0.006 0.002 0.029 0.008 0.003 0.004 0.002 0.003 0.058 0.006 0.052 0.018 0.007 0.002 0.019 0.003 0.008 0.007 0.001 0.017 0.063 0.001 0.239 0.179 0.001 0.005 0.001 0.001 0.002 0.026 0.061 0.001 
40 piano_vis 30 0.015 0.004 0.002 0.002 0.028 0.977 0.768 0.017 0.723 0.266 0.001 0.001 0.002 0.004 0.007 0.002 0.003 0.005 0.002 0.004 0.003 0.002 0.005 0.002 0.005 0.001 0.009 0.002 0.048 0.010 0.002 0.008 0.002 0.003 0.330 0.006 0.060 0.032 0.011 0.002 0.013 0.002 0.008 0.005 0.001 0.014 0.073 0.000 0.280 0.203 0.001 0.003 0.001 0.001 0.002 0.024 0.089 0.003 
41 trumpet_vis 30 0.029 0.004 0.002 0.026 0.004 0.981 0.229 0.532 0.010 0.069 0.002 0.000 0.012 0.002 0.002 0.002 0.001 0.021 0.001 0.002 0.005 0.042 0.028 0.005 0.032 0.003 0.033 0.004 0.001 0.003 0.001 0.001 0.001 0.002 0.028 0.008 0.011 0.002 0.002 0.002 0.061 0.002 0.007 0.008 0.001 0.203 0.023 0.000 0.005 0.048 0.001 0.001 0.012 0.001 0.001 0.014 0.041 0.001 
42 fork_vis 30 0.034 0.004 0.009 0.003 0.010 0.974 0.070 0.037 0.030 0.661 0.001 0.001 0.003 0.003 0.003 0.002 0.005 0.009 0.005 0.006 0.011 0.015 0.024 0.002 0.008 0.002 0.011 0.003 0.017 0.006 0.002 0.002 0.002 0.003 0.024 0.005 0.018 0.010 0.005 0.002 0.025 0.002 0.012 0.004 0.001 0.018 0.021 0.000 0.023 0.087 0.001 0.002 0.003 0.001 0.002 0.072 0.154 0.002 
43 spoon_vis 30 0.016 0.003 0.005 0.002 0.015 0.978 0.035 0.026 0.105 0.877 0.001 0.001 0.002 0.003 0.003 0.002 0.006 0.005 0.004 0.009 0.009 0.007 0.013 0.001 0.003 0.001 0.005 0.003 0.016 0.006 0.003 0.002 0.002 0.004 0.014 0.004 0.019 0.013 0.005 0.002 0.029 0.003 0.013 0.005 0.001 0.014 0.019 0.000 0.045 0.076 0.001 0.005 0.002 0.001 0.005 0.140 0.095 0.002 
44 tongs_vis 30 0.021 0.003 0.004 0.003 0.005 0.980 0.046 0.077 0.020 0.610 0.001 0.000 0.003 0.002 0.002 0.002 0.002 0.009 0.002 0.003 0.009 0.018 0.022 0.002 0.007 0.002 0.010 0.003 0.003 0.004 0.002 0.001 0.001 0.002 0.017 0.005 0.011 0.005 0.003 0.002 0.048 0.002 0.011 0.006 0.001 0.044 0.020 0.000 0.015 0.086 0.001 0.002 0.005 0.001 0.001 0.066 0.096 0.001 
45 ladle_vis 30 0.023 0.003 0.003 0.011 0.005 0.978 0.032 0.757 0.010 0.193 0.001 0.000 0.005 0.002 0.002 0.002 0.002 0.010 0.001 0.002 0.012 0.061 0.037 0.002 0.021 0.004 0.018 0.003 0.001 0.004 0.001 0.001 0.001 0.002 0.013 0.005 0.008 0.002 0.002 0.002 0.147 0.003 0.013 0.013 0.001 0.258 0.014 0.000 0.005 0.027 0.001 0.001 0.018 0.001 0.001 0.026 0.026 0.001 
46 knife_vis 30 0.014 0.003 0.004 0.002 0.015 0.980 0.029 0.025 0.147 0.865 0.001 0.001 0.002 0.002 0.003 0.002 0.006 0.004 0.003 0.007 0.008 0.005 0.010 0.001 0.003 0.001 0.004 0.002 0.013 0.005 0.003 0.002 0.002 0.004 0.012 0.004 0.017 0.010 0.004 0.002 0.034 0.003 0.012 0.006 0.001 0.016 0.019 0.000 0.046 0.071 0.001 0.007 0.002 0.001 0.005 0.120 0.066 0.001 
47 chopsticks_vis 30 0.014 0.003 0.003 0.002 0.017 0.980 0.035 0.022 0.236 0.831 0.001 0.001 0.002 0.003 0.003 0.002 0.005 0.004 0.003 0.006 0.006 0.004 0.009 0.001 0.003 0.001 0.004 0.002 0.016 0.006 0.003 0.002 0.002 0.004 0.013 0.004 0.018 0.012 0.005 0.002 0.033 0.002 0.012 0.006 0.001 0.016 0.022 0.000 0.059 0.085 0.001 0.007 0.002 0.001 0.005 0.094 0.061 0.001 
