0 beaver_vis 30 0.499 0.002 0.119 0.004 0.210 0.342 0.004 0.005 0.027 0.011 0.004 0.001 0.002 0.003 0.002 0.005 0.009 0.020 0.003 0.004 0.033 0.003 0.004 0.011 0.003 0.001 0.019 0.001 0.027 0.008 0.018 0.012 0.024 0.005 0.001 0.001 0.015 0.009 0.014 0.007 0.014 0.005 0.001 0.003 0.001 0.021 0.003 0.003 0.006 0.091 0.005 0.005 0.007 0.036 0.001 0.007 0.021 0.001 
1 bear_vis 30 0.356 0.002 0.105 0.010 0.130 0.401 0.009 0.006 0.033 0.020 0.004 0.003 0.004 0.004 0.004 0.004 0.011 0.052 0.004 0.009 0.038 0.007 0.007 0.015 0.010 0.002 0.022 0.002 0.030 0.010 0.020 0.013 0.021 0.008 0.004 0.002 0.018 0.009 0.025 0.007 0.008 0.005 0.002 0.004 0.002 0.021 0.007 0.004 0.008 0.133 0.006 0.005 0.009 0.067 0.002 0.010 0.026 0.002 
2 sheep_vis 30 0.715 0.001 0.155 0.002 0.347 0.260 0.002 0.003 0.026 0.008 0.003 0.000 0.001 0.002 0.001 0.003 0.007 0.012 0.002 0.003 0.028 0.002 0.003 0.008 0.002 0.001 0.016 0.000 0.024 0.006 0.017 0.010 0.025 0.003 0.000 0.001 0.009 0.007 0.008 0.005 0.018 0.005 0.001 0.002 0.001 0.018 0.002 0.002 0.004 0.076 0.004 0.005 0.006 0.022 0.001 0.005 0.015 0.001 
3 buffalo_vis 30 0.251 0.004 0.071 0.009 0.101 0.401 0.009 0.009 0.023 0.019 0.008 0.002 0.004 0.005 0.004 0.007 0.014 0.024 0.006 0.005 0.027 0.004 0.006 0.016 0.008 0.002 0.025 0.002 0.023 0.013 0.013 0.012 0.020 0.007 0.002 0.002 0.024 0.014 0.014 0.013 0.022 0.006 0.002 0.006 0.002 0.019 0.005 0.004 0.009 0.062 0.008 0.006 0.011 0.033 0.003 0.006 0.029 0.002 
4 poodle_vis 30 0.333 0.003 0.093 0.008 0.133 0.383 0.008 0.006 0.030 0.018 0.005 0.002 0.004 0.004 0.004 0.006 0.013 0.032 0.005 0.007 0.035 0.005 0.006 0.015 0.008 0.002 0.022 0.002 0.027 0.011 0.018 0.013 0.023 0.007 0.003 0.002 0.020 0.011 0.021 0.008 0.012 0.006 0.002 0.004 0.002 0.022 0.006 0.004 0.008 0.103 0.006 0.006 0.010 0.053 0.002 0.009 0.027 0.002 
5 giraffe_vis 30 0.302 0.003 0.087 0.009 0.121 0.380 0.009 0.007 0.029 0.019 0.006 0.003 0.004 0.005 0.004 0.006 0.013 0.033 0.005 0.007 0.033 0.006 0.007 0.016 0.008 0.002 0.023 0.002 0.027 0.012 0.018 0.013 0.022 0.007 0.003 0.002 0.021 0.011 0.020 0.009 0.013 0.006 0.002 0.005 0.002 0.021 0.006 0.004 0.009 0.094 0.007 0.006 0.010 0.049 0.002 0.009 0.028 0.002 
6 robin_vis 30 0.231 0.002 0.056 0.003 0.089 0.710 0.010 0.009 0.008 0.011 0.008 0.000 0.001 0.002 0.001 0.003 0.007 0.012 0.004 0.002 0.013 0.001 0.002 0.009 0.003 0.001 0.029 0.000 0.015 0.010 0.004 0.006 0.011 0.004 0.000 0.002 0.021 0.018 0.002 0.024 0.073 0.002 0.003 0.005 0.000 0.008 0.001 0.001 0.007 0.018 0.006 0.002 0.008 0.007 0.001 0.001 0.025 0.001 
7 swan_vis 30 0.130 0.003 0.036 0.006 0.052 0.780 0.016 0.013 0.008 0.017 0.010 0.001 0.002 0.003 0.002 0.004 0.009 0.012 0.008 0.002 0.011 0.001 0.003 0.012 0.006 0.001 0.029 0.001 0.012 0.016 0.003 0.005 0.010 0.006 0.001 0.003 0.026 0.023 0.002 0.036 0.091 0.002 0.007 0.007 0.000 0.007 0.001 0.001 0.009 0.015 0.007 0.002 0.011 0.007 0.003 0.001 0.031 0.001 
8 woodpecker_vis 30 0.653 0.001 0.152 0.003 0.321 0.321 0.003 0.003 0.030 0.008 0.003 0.001 0.001 0.002 0.001 0.003 0.007 0.019 0.002 0.003 0.035 0.003 0.003 0.008 0.002 0.001 0.015 0.001 0.033 0.006 0.021 0.012 0.023 0.004 0.001 0.001 0.010 0.006 0.013 0.005 0.010 0.004 0.001 0.002 0.001 0.018 0.002 0.002 0.005 0.106 0.004 0.004 0.006 0.031 0.001 0.006 0.015 0.001 
9 peacock_vis 30 0.354 0.002 0.101 0.007 0.144 0.536 0.015 0.004 0.040 0.015 0.003 0.004 0.003 0.003 0.003 0.003 0.008 0.068 0.003 0.007 0.044 0.005 0.005 0.011 0.009 0.002 0.018 0.001 0.041 0.007 0.021 0.014 0.017 0.006 0.008 0.001 0.016 0.007 0.027 0.005 0.005 0.004 0.001 0.003 0.002 0.019 0.006 0.003 0.007 0.175 0.004 0.003 0.006 0.067 0.002 0.008 0.020 0.002 
10 crow_vis 30 0.131 0.004 0.037 0.006 0.053 0.759 0.016 0.013 0.008 0.018 0.010 0.001 0.003 0.003 0.002 0.004 0.010 0.013 0.008 0.002 0.011 0.001 0.003 0.012 0.006 0.001 0.029 0.001 0.012 0.017 0.003 0.005 0.010 0.006 0.001 0.003 0.026 0.023 0.003 0.035 0.085 0.003 0.008 0.007 0.000 0.007 0.001 0.001 0.009 0.016 0.008 0.002 0.011 0.008 0.003 0.001 0.032 0.001 
11 eagle_vis 30 0.160 0.003 0.043 0.006 0.062 0.714 0.013 0.011 0.009 0.016 0.010 0.001 0.002 0.003 0.002 0.004 0.010 0.013 0.007 0.002 0.013 0.001 0.003 0.012 0.006 0.001 0.028 0.001 0.013 0.014 0.004 0.006 0.011 0.006 0.001 0.002 0.025 0.021 0.003 0.028 0.072 0.003 0.005 0.006 0.000 0.008 0.001 0.001 0.008 0.019 0.007 0.002 0.010 0.009 0.002 0.002 0.029 0.001 
12 tuna_vis 30 0.821 0.001 0.216 0.002 0.425 0.288 0.001 0.002 0.029 0.008 0.002 0.000 0.001 0.002 0.001 0.002 0.006 0.011 0.001 0.003 0.032 0.002 0.002 0.007 0.001 0.000 0.011 0.000 0.021 0.005 0.020 0.009 0.028 0.003 0.000 0.001 0.006 0.005 0.010 0.003 0.009 0.005 0.001 0.001 0.001 0.018 0.002 0.002 0.003 0.111 0.003 0.004 0.005 0.029 0.001 0.006 0.013 0.001 
13 goldfish_vis 30 0.783 0.001 0.186 0.002 0.401 0.243 0.001 0.003 0.026 0.008 0.002 0.000 0.001 0.002 0.001 0.003 0.007 0.011 0.001 0.003 0.029 0.002 0.003 0.008 0.002 0.000 0.013 0.000 0.022 0.006 0.019 0.010 0.027 0.003 0.000 0.001 0.007 0.006 0.010 0.004 0.013 0.005 0.001 0.001 0.001 0.017 0.002 0.002 0.004 0.087 0.004 0.005 0.006 0.025 0.001 0.006 0.013 0.001 
14 salmon_vis 30 0.800 0.001 0.202 0.002 0.410 0.262 0.001 0.002 0.026 0.008 0.002 0.000 0.001 0.002 0.001 0.003 0.007 0.011 0.001 0.003 0.030 0.002 0.003 0.007 0.002 0.000 0.012 0.000 0.022 0.005 0.019 0.009 0.027 0.003 0.000 0.001 0.007 0.005 0.010 0.004 0.010 0.005 0.001 0.001 0.001 0.017 0.002 0.002 0.004 0.096 0.004 0.004 0.005 0.027 0.001 0.006 0.013 0.001 
15 sardine_vis 30 0.802 0.001 0.200 0.002 0.411 0.250 0.001 0.002 0.027 0.007 0.002 0.000 0.001 0.002 0.001 0.003 0.007 0.011 0.001 0.003 0.029 0.002 0.003 0.007 0.001 0.000 0.012 0.000 0.022 0.005 0.019 0.009 0.027 0.003 0.000 0.001 0.007 0.005 0.010 0.004 0.012 0.005 0.001 0.001 0.001 0.017 0.002 0.002 0.004 0.092 0.004 0.005 0.005 0.025 0.001 0.006 0.013 0.001 
16 catfish_vis 30 0.765 0.001 0.186 0.002 0.380 0.261 0.001 0.003 0.028 0.008 0.002 0.000 0.001 0.002 0.001 0.003 0.007 0.012 0.001 0.003 0.031 0.002 0.003 0.008 0.002 0.000 0.013 0.000 0.024 0.006 0.020 0.010 0.027 0.003 0.000 0.001 0.008 0.006 0.010 0.004 0.012 0.005 0.001 0.002 0.001 0.019 0.002 0.002 0.004 0.094 0.004 0.005 0.005 0.026 0.001 0.006 0.014 0.001 
17 cod_vis 30 0.794 0.001 0.198 0.002 0.404 0.250 0.001 0.003 0.027 0.007 0.002 0.000 0.001 0.002 0.001 0.003 0.007 0.011 0.001 0.003 0.030 0.002 0.003 0.008 0.002 0.000 0.012 0.000 0.022 0.005 0.019 0.009 0.027 0.003 0.000 0.001 0.007 0.006 0.010 0.004 0.012 0.005 0.001 0.001 0.001 0.018 0.002 0.002 0.004 0.092 0.004 0.005 0.005 0.025 0.001 0.006 0.013 0.001 
18 turtle_vis 30 0.744 0.001 0.183 0.002 0.367 0.280 0.002 0.003 0.030 0.008 0.002 0.000 0.001 0.002 0.001 0.003 0.006 0.014 0.001 0.003 0.033 0.002 0.003 0.008 0.002 0.000 0.013 0.000 0.027 0.006 0.020 0.011 0.025 0.003 0.001 0.001 0.008 0.006 0.011 0.004 0.011 0.005 0.001 0.002 0.001 0.018 0.002 0.002 0.004 0.103 0.004 0.005 0.005 0.027 0.001 0.006 0.014 0.001 
19 rattlesnake_vis 30 0.783 0.001 0.200 0.002 0.394 0.277 0.001 0.003 0.027 0.008 0.002 0.000 0.001 0.002 0.001 0.003 0.007 0.013 0.001 0.003 0.032 0.002 0.003 0.008 0.002 0.000 0.012 0.000 0.023 0.005 0.020 0.010 0.027 0.003 0.000 0.001 0.007 0.005 0.011 0.004 0.010 0.005 0.001 0.001 0.001 0.018 0.002 0.002 0.004 0.104 0.004 0.004 0.005 0.029 0.001 0.006 0.014 0.001 
20 crab_vis 30 0.777 0.001 0.175 0.002 0.412 0.266 0.001 0.003 0.028 0.008 0.002 0.000 0.001 0.002 0.001 0.003 0.006 0.012 0.001 0.003 0.030 0.002 0.003 0.007 0.002 0.000 0.012 0.000 0.025 0.005 0.020 0.010 0.026 0.003 0.000 0.001 0.007 0.005 0.011 0.004 0.010 0.005 0.001 0.001 0.001 0.017 0.002 0.002 0.003 0.097 0.004 0.004 0.005 0.027 0.001 0.006 0.013 0.001 
21 frog_vis 30 0.771 0.001 0.190 0.002 0.388 0.277 0.002 0.003 0.030 0.007 0.002 0.000 0.001 0.002 0.001 0.003 0.006 0.013 0.001 0.003 0.032 0.002 0.003 0.007 0.002 0.000 0.012 0.000 0.025 0.005 0.020 0.010 0.025 0.003 0.000 0.001 0.007 0.006 0.011 0.004 0.010 0.005 0.001 0.001 0.001 0.017 0.002 0.002 0.004 0.103 0.004 0.004 0.005 0.026 0.001 0.006 0.013 0.001 
22 gecko_vis 30 0.816 0.001 0.205 0.002 0.424 0.260 0.001 0.002 0.026 0.008 0.002 0.000 0.001 0.002 0.001 0.002 0.007 0.010 0.001 0.003 0.030 0.002 0.003 0.007 0.001 0.000 0.011 0.000 0.021 0.005 0.019 0.009 0.028 0.003 0.000 0.001 0.006 0.005 0.010 0.003 0.010 0.005 0.001 0.001 0.001 0.016 0.002 0.002 0.003 0.095 0.004 0.004 0.005 0.027 0.001 0.006 0.013 0.001 
23 crocodile_vis 30 0.796 0.001 0.202 0.002 0.406 0.311 0.001 0.002 0.031 0.008 0.002 0.000 0.001 0.002 0.001 0.002 0.006 0.013 0.001 0.003 0.033 0.002 0.002 0.007 0.002 0.000 0.011 0.000 0.025 0.005 0.021 0.010 0.026 0.003 0.000 0.001 0.007 0.005 0.011 0.003 0.008 0.005 0.001 0.001 0.001 0.018 0.002 0.002 0.004 0.118 0.003 0.004 0.005 0.029 0.001 0.006 0.013 0.001 
24 axe_vis 30 0.119 0.008 0.036 0.015 0.050 0.664 0.035 0.008 0.032 0.024 0.007 0.006 0.008 0.005 0.005 0.007 0.013 0.034 0.009 0.005 0.023 0.004 0.006 0.018 0.017 0.005 0.022 0.003 0.025 0.014 0.010 0.010 0.012 0.006 0.011 0.003 0.031 0.015 0.019 0.013 0.013 0.004 0.003 0.006 0.002 0.015 0.007 0.004 0.012 0.069 0.006 0.004 0.010 0.036 0.003 0.006 0.025 0.003 
25 hammer_vis 30 0.074 0.006 0.020 0.009 0.027 0.879 0.024 0.014 0.008 0.023 0.011 0.001 0.004 0.003 0.002 0.005 0.011 0.010 0.014 0.002 0.007 0.001 0.003 0.015 0.009 0.002 0.027 0.001 0.008 0.022 0.002 0.004 0.007 0.005 0.001 0.003 0.032 0.029 0.002 0.047 0.123 0.002 0.011 0.007 0.000 0.005 0.001 0.001 0.010 0.010 0.007 0.002 0.012 0.006 0.003 0.001 0.030 0.002 
26 screwdriver_vis 30 0.113 0.007 0.035 0.016 0.054 0.766 0.067 0.006 0.047 0.028 0.005 0.012 0.008 0.004 0.005 0.005 0.010 0.059 0.006 0.006 0.030 0.005 0.006 0.015 0.023 0.006 0.017 0.003 0.039 0.011 0.014 0.013 0.011 0.006 0.036 0.002 0.031 0.011 0.033 0.008 0.005 0.003 0.002 0.005 0.003 0.015 0.010 0.005 0.011 0.122 0.004 0.003 0.007 0.065 0.003 0.007 0.021 0.004 
27 chisel_vis 30 0.074 0.006 0.021 0.009 0.028 0.859 0.024 0.015 0.008 0.025 0.012 0.001 0.004 0.003 0.003 0.005 0.012 0.010 0.014 0.002 0.008 0.001 0.003 0.015 0.009 0.002 0.027 0.001 0.008 0.022 0.002 0.004 0.007 0.005 0.001 0.003 0.032 0.028 0.002 0.046 0.113 0.002 0.012 0.008 0.000 0.006 0.001 0.001 0.010 0.011 0.008 0.002 0.012 0.007 0.004 0.001 0.032 0.002 
28 saw_vis 30 0.235 0.005 0.060 0.010 0.084 0.476 0.010 0.007 0.031 0.016 0.007 0.002 0.005 0.004 0.004 0.008 0.014 0.022 0.007 0.004 0.024 0.004 0.006 0.018 0.008 0.002 0.023 0.002 0.021 0.013 0.013 0.010 0.017 0.005 0.003 0.002 0.025 0.013 0.015 0.011 0.018 0.006 0.002 0.005 0.002 0.020 0.006 0.004 0.010 0.071 0.007 0.006 0.010 0.034 0.002 0.007 0.024 0.001 
29 drill_vis 30 0.402 0.002 0.089 0.004 0.145 0.410 0.005 0.005 0.020 0.010 0.006 0.001 0.002 0.003 0.002 0.005 0.009 0.015 0.003 0.003 0.022 0.002 0.003 0.012 0.003 0.001 0.023 0.001 0.020 0.009 0.011 0.009 0.019 0.004 0.001 0.001 0.016 0.012 0.007 0.011 0.030 0.005 0.001 0.003 0.001 0.017 0.002 0.002 0.008 0.050 0.006 0.005 0.008 0.017 0.001 0.004 0.020 0.001 
30 clamp_vis 30 0.086 0.006 0.024 0.009 0.032 0.844 0.021 0.013 0.009 0.022 0.011 0.001 0.004 0.003 0.002 0.005 0.011 0.011 0.012 0.002 0.008 0.001 0.003 0.015 0.008 0.002 0.027 0.001 0.009 0.021 0.003 0.004 0.008 0.005 0.001 0.003 0.030 0.027 0.002 0.041 0.103 0.002 0.010 0.007 0.000 0.006 0.001 0.001 0.010 0.013 0.008 0.002 0.011 0.007 0.003 0.001 0.030 0.002 
31 hoe_vis 30 0.220 0.003 0.065 0.009 0.110 0.644 0.032 0.005 0.039 0.018 0.004 0.006 0.004 0.003 0.003 0.004 0.008 0.069 0.003 0.006 0.044 0.005 0.005 0.012 0.012 0.003 0.019 0.002 0.054 0.008 0.021 0.016 0.014 0.006 0.020 0.002 0.021 0.008 0.027 0.006 0.004 0.003 0.001 0.004 0.002 0.018 0.007 0.004 0.009 0.155 0.003 0.003 0.006 0.066 0.002 0.007 0.019 0.002 
32 rake_vis 30 0.108 0.005 0.029 0.008 0.040 0.795 0.018 0.012 0.009 0.019 0.010 0.001 0.003 0.003 0.002 0.005 0.011 0.012 0.010 0.002 0.010 0.001 0.003 0.014 0.007 0.002 0.028 0.001 0.011 0.018 0.003 0.005 0.009 0.005 0.001 0.003 0.028 0.024 0.003 0.035 0.086 0.003 0.007 0.007 0.000 0.007 0.001 0.001 0.010 0.016 0.007 0.002 0.011 0.008 0.003 0.002 0.029 0.001 
33 shovel_vis 30 0.090 0.007 0.026 0.010 0.034 0.787 0.020 0.014 0.011 0.025 0.011 0.001 0.005 0.004 0.003 0.006 0.014 0.013 0.014 0.002 0.010 0.001 0.004 0.017 0.010 0.002 0.027 0.001 0.010 0.022 0.003 0.005 0.009 0.006 0.001 0.003 0.031 0.025 0.003 0.037 0.080 0.003 0.010 0.008 0.001 0.007 0.001 0.002 0.010 0.016 0.008 0.003 0.013 0.010 0.004 0.002 0.032 0.002 
34 spade_vis 30 0.200 0.004 0.049 0.009 0.068 0.600 0.010 0.008 0.018 0.018 0.008 0.001 0.004 0.004 0.003 0.006 0.013 0.016 0.008 0.003 0.017 0.002 0.005 0.017 0.007 0.002 0.025 0.001 0.015 0.014 0.008 0.007 0.015 0.005 0.001 0.002 0.025 0.015 0.007 0.016 0.033 0.004 0.002 0.005 0.001 0.014 0.003 0.002 0.010 0.039 0.006 0.004 0.010 0.021 0.002 0.004 0.027 0.001 
35 wrench_vis 30 0.122 0.004 0.032 0.006 0.047 0.784 0.016 0.013 0.007 0.017 0.011 0.001 0.003 0.003 0.002 0.004 0.009 0.013 0.008 0.002 0.010 0.001 0.003 0.012 0.006 0.001 0.030 0.001 0.012 0.017 0.003 0.005 0.009 0.005 0.000 0.003 0.026 0.022 0.002 0.038 0.084 0.002 0.008 0.006 0.000 0.006 0.001 0.001 0.008 0.014 0.007 0.002 0.010 0.007 0.003 0.001 0.030 0.001 
36 accordion_vis 30 0.337 0.002 0.086 0.006 0.172 0.500 0.020 0.005 0.031 0.011 0.004 0.004 0.003 0.003 0.003 0.004 0.007 0.071 0.002 0.006 0.051 0.005 0.004 0.010 0.008 0.002 0.020 0.001 0.066 0.007 0.026 0.019 0.017 0.005 0.013 0.001 0.015 0.007 0.026 0.006 0.005 0.003 0.001 0.003 0.002 0.018 0.005 0.003 0.008 0.163 0.004 0.003 0.005 0.052 0.001 0.006 0.016 0.002 
37 cello_vis 30 0.171 0.003 0.040 0.005 0.063 0.732 0.012 0.011 0.008 0.013 0.009 0.001 0.002 0.002 0.002 0.004 0.008 0.013 0.006 0.002 0.012 0.001 0.003 0.012 0.005 0.001 0.030 0.001 0.013 0.014 0.004 0.005 0.011 0.005 0.000 0.002 0.022 0.019 0.002 0.030 0.075 0.002 0.005 0.006 0.000 0.008 0.001 0.001 0.009 0.017 0.007 0.002 0.008 0.007 0.002 0.001 0.026 0.001 
38 flute_vis 30 0.097 0.005 0.025 0.008 0.036 0.817 0.019 0.014 0.008 0.020 0.011 0.001 0.004 0.003 0.002 0.005 0.011 0.011 0.012 0.002 0.009 0.001 0.003 0.014 0.008 0.002 0.028 0.001 0.009 0.022 0.003 0.004 0.008 0.005 0.001 0.003 0.028 0.025 0.002 0.043 0.098 0.002 0.011 0.007 0.000 0.006 0.001 0.001 0.009 0.013 0.008 0.002 0.011 0.007 0.003 0.001 0.030 0.001 
39 guitar_vis 30 0.116 0.004 0.029 0.007 0.043 0.791 0.017 0.013 0.007 0.017 0.011 0.001 0.003 0.003 0.002 0.004 0.010 0.012 0.009 0.002 0.009 0.001 0.003 0.013 0.007 0.001 0.029 0.001 0.011 0.019 0.003 0.005 0.009 0.005 0.001 0.003 0.026 0.023 0.002 0.039 0.089 0.002 0.009 0.007 0.000 0.006 0.001 0.001 0.009 0.014 0.008 0.002 0.010 0.007 0.003 0.001 0.029 0.001 
40 piano_vis 30 0.265 0.002 0.060 0.004 0.101 0.617 0.008 0.009 0.009 0.010 0.008 0.001 0.002 0.002 0.001 0.004 0.007 0.014 0.004 0.002 0.015 0.001 0.003 0.010 0.004 0.001 0.029 0.001 0.016 0.011 0.005 0.006 0.013 0.005 0.000 0.002 0.018 0.016 0.003 0.023 0.060 0.003 0.003 0.004 0.000 0.009 0.001 0.001 0.007 0.021 0.007 0.002 0.008 0.008 0.001 0.002 0.023 0.001 
41 trumpet_vis 30 0.195 0.003 0.045 0.005 0.074 0.668 0.010 0.011 0.008 0.012 0.009 0.001 0.002 0.003 0.002 0.004 0.008 0.014 0.005 0.002 0.013 0.001 0.003 0.011 0.005 0.001 0.031 0.001 0.015 0.014 0.004 0.006 0.012 0.005 0.000 0.002 0.020 0.018 0.002 0.029 0.063 0.003 0.005 0.005 0.000 0.008 0.001 0.001 0.008 0.019 0.007 0.002 0.008 0.007 0.002 0.001 0.026 0.001 
42 fork_vis 30 0.116 0.004 0.031 0.006 0.043 0.819 0.018 0.012 0.008 0.017 0.010 0.001 0.002 0.003 0.002 0.004 0.009 0.011 0.008 0.002 0.010 0.001 0.003 0.012 0.006 0.001 0.028 0.001 0.010 0.015 0.003 0.004 0.009 0.005 0.001 0.002 0.028 0.024 0.002 0.035 0.094 0.003 0.005 0.006 0.000 0.007 0.001 0.001 0.010 0.014 0.006 0.002 0.010 0.007 0.002 0.001 0.028 0.001 
43 spoon_vis 30 0.225 0.002 0.072 0.007 0.116 0.640 0.033 0.005 0.038 0.015 0.004 0.005 0.003 0.003 0.003 0.004 0.007 0.061 0.003 0.005 0.044 0.004 0.004 0.011 0.009 0.002 0.020 0.001 0.054 0.007 0.021 0.016 0.014 0.005 0.017 0.001 0.023 0.009 0.024 0.007 0.005 0.003 0.001 0.004 0.002 0.019 0.006 0.003 0.010 0.141 0.003 0.003 0.006 0.055 0.002 0.006 0.019 0.002 
44 tongs_vis 30 0.091 0.004 0.026 0.006 0.035 0.864 0.022 0.014 0.007 0.019 0.011 0.001 0.003 0.003 0.002 0.004 0.009 0.010 0.009 0.002 0.008 0.001 0.003 0.012 0.006 0.001 0.029 0.001 0.009 0.016 0.002 0.004 0.007 0.005 0.000 0.003 0.030 0.027 0.002 0.044 0.117 0.002 0.008 0.007 0.000 0.006 0.001 0.001 0.010 0.011 0.007 0.002 0.010 0.006 0.003 0.001 0.029 0.001 
45 ladle_vis 30 0.248 0.002 0.079 0.006 0.134 0.652 0.032 0.005 0.038 0.015 0.004 0.005 0.003 0.003 0.003 0.003 0.006 0.070 0.003 0.006 0.050 0.004 0.004 0.010 0.009 0.002 0.020 0.001 0.062 0.006 0.023 0.016 0.015 0.005 0.018 0.001 0.022 0.008 0.025 0.006 0.005 0.003 0.001 0.004 0.002 0.019 0.006 0.003 0.009 0.163 0.003 0.003 0.005 0.060 0.002 0.006 0.019 0.002 
46 knife_vis 30 0.075 0.005 0.021 0.008 0.028 0.879 0.025 0.014 0.007 0.023 0.011 0.001 0.003 0.003 0.002 0.004 0.010 0.010 0.013 0.002 0.007 0.001 0.003 0.014 0.008 0.002 0.027 0.001 0.008 0.020 0.002 0.004 0.007 0.005 0.001 0.003 0.033 0.029 0.002 0.047 0.126 0.002 0.010 0.008 0.000 0.005 0.001 0.001 0.010 0.010 0.007 0.002 0.011 0.006 0.003 0.001 0.030 0.002 
47 chopsticks_vis 30 0.092 0.004 0.026 0.006 0.034 0.865 0.022 0.013 0.007 0.018 0.010 0.001 0.002 0.003 0.002 0.004 0.009 0.010 0.009 0.002 0.008 0.001 0.003 0.012 0.006 0.001 0.029 0.001 0.009 0.016 0.002 0.004 0.007 0.005 0.001 0.003 0.030 0.027 0.002 0.042 0.119 0.002 0.007 0.007 0.000 0.006 0.001 0.001 0.010 0.011 0.006 0.002 0.010 0.006 0.003 0.001 0.028 0.001 
