0 beaver_vis 30 0.993 0.976 0.094 0.018 0.002 0.002 0.002 0.001 0.004 0.002 0.878 0.214 0.033 0.000 0.004 0.005 0.001 0.016 0.025 0.011 0.002 0.002 0.005 0.001 0.004 0.009 0.003 0.001 0.001 0.001 0.001 0.002 0.002 0.002 0.001 0.006 0.001 0.006 0.004 0.003 0.002 0.000 0.001 0.002 0.001 0.001 0.001 0.001 0.001 0.002 0.000 0.001 0.000 0.005 0.002 0.001 0.002 0.003 
1 bear_vis 30 0.994 0.962 0.001 0.043 0.017 0.002 0.002 0.000 0.003 0.001 0.005 0.047 0.006 0.054 0.009 0.453 0.000 0.002 0.001 0.000 0.001 0.001 0.002 0.013 0.001 0.002 0.021 0.003 0.005 0.007 0.014 0.001 0.001 0.010 0.001 0.003 0.001 0.002 0.009 0.003 0.002 0.000 0.000 0.001 0.001 0.000 0.000 0.001 0.001 0.001 0.001 0.001 0.000 0.002 0.001 0.000 0.001 0.004 
2 sheep_vis 30 0.993 0.923 0.039 0.026 0.003 0.002 0.002 0.001 0.003 0.001 0.242 0.010 0.020 0.001 0.278 0.014 0.014 0.005 0.005 0.005 0.008 0.003 0.006 0.001 0.018 0.002 0.005 0.001 0.002 0.001 0.003 0.002 0.001 0.003 0.001 0.002 0.001 0.003 0.003 0.002 0.002 0.001 0.001 0.001 0.001 0.001 0.001 0.001 0.001 0.001 0.001 0.001 0.000 0.002 0.001 0.001 0.001 0.005 
3 buffalo_vis 30 0.994 0.952 0.001 0.030 0.047 0.002 0.002 0.000 0.002 0.001 0.002 0.051 0.004 0.492 0.054 0.118 0.001 0.001 0.001 0.000 0.001 0.001 0.002 0.013 0.001 0.001 0.005 0.088 0.027 0.010 0.044 0.001 0.001 0.009 0.001 0.002 0.001 0.002 0.007 0.009 0.002 0.001 0.001 0.001 0.000 0.001 0.000 0.001 0.001 0.001 0.003 0.001 0.001 0.001 0.000 0.000 0.001 0.003 
4 poodle_vis 30 0.993 0.983 0.069 0.051 0.002 0.002 0.002 0.001 0.005 0.001 0.166 0.008 0.064 0.027 0.961 0.021 0.282 0.005 0.002 0.002 0.070 0.002 0.040 0.001 0.074 0.002 0.003 0.008 0.003 0.001 0.006 0.001 0.001 0.006 0.001 0.005 0.002 0.010 0.005 0.045 0.007 0.004 0.011 0.004 0.001 0.002 0.001 0.030 0.001 0.001 0.027 0.001 0.002 0.002 0.001 0.001 0.001 0.062 
5 giraffe_vis 30 0.994 0.938 0.001 0.021 0.031 0.002 0.002 0.000 0.003 0.001 0.002 0.032 0.003 0.319 0.035 0.133 0.001 0.001 0.001 0.000 0.001 0.001 0.002 0.011 0.001 0.001 0.005 0.023 0.012 0.010 0.028 0.001 0.001 0.008 0.001 0.003 0.001 0.002 0.007 0.005 0.002 0.001 0.001 0.001 0.001 0.000 0.000 0.001 0.001 0.001 0.002 0.001 0.001 0.001 0.000 0.000 0.001 0.003 
6 robin_vis 30 0.993 0.009 0.959 0.007 0.010 0.002 0.002 0.001 0.003 0.002 0.004 0.001 0.001 0.000 0.014 0.001 0.364 0.015 0.007 0.020 0.351 0.013 0.006 0.001 0.070 0.002 0.002 0.005 0.024 0.001 0.005 0.001 0.002 0.002 0.001 0.003 0.002 0.004 0.002 0.004 0.004 0.001 0.005 0.004 0.000 0.001 0.001 0.004 0.001 0.001 0.009 0.001 0.005 0.001 0.001 0.003 0.001 0.007 
7 swan_vis 30 0.993 0.015 0.982 0.061 0.015 0.002 0.002 0.001 0.002 0.002 0.010 0.002 0.001 0.000 0.017 0.001 0.127 0.036 0.015 0.053 0.654 0.007 0.018 0.001 0.043 0.008 0.002 0.005 0.067 0.001 0.011 0.002 0.006 0.002 0.001 0.002 0.002 0.006 0.002 0.004 0.005 0.001 0.005 0.004 0.000 0.001 0.000 0.002 0.001 0.001 0.005 0.001 0.002 0.001 0.000 0.002 0.001 0.003 
8 woodpecker_vis 30 0.953 0.007 0.963 0.002 0.003 0.024 0.004 0.001 0.011 0.016 0.004 0.003 0.004 0.000 0.001 0.001 0.022 0.014 0.368 0.001 0.012 0.046 0.002 0.001 0.005 0.003 0.002 0.001 0.006 0.001 0.001 0.001 0.002 0.001 0.001 0.037 0.014 0.007 0.006 0.004 0.003 0.001 0.003 0.026 0.001 0.000 0.004 0.001 0.009 0.003 0.001 0.001 0.000 0.003 0.002 0.037 0.030 0.003 
9 peacock_vis 30 0.990 0.008 0.983 0.003 0.004 0.012 0.003 0.001 0.009 0.012 0.005 0.002 0.003 0.000 0.001 0.001 0.059 0.034 0.152 0.002 0.121 0.012 0.005 0.001 0.007 0.003 0.002 0.001 0.008 0.001 0.001 0.001 0.002 0.001 0.001 0.017 0.003 0.008 0.003 0.005 0.003 0.000 0.001 0.005 0.001 0.000 0.002 0.002 0.004 0.002 0.001 0.001 0.000 0.002 0.001 0.012 0.011 0.006 
10 crow_vis 30 0.994 0.013 0.983 0.089 0.011 0.002 0.001 0.001 0.002 0.002 0.016 0.001 0.001 0.000 0.015 0.001 0.090 0.043 0.051 0.025 0.686 0.002 0.020 0.001 0.029 0.011 0.003 0.003 0.068 0.001 0.008 0.001 0.004 0.003 0.001 0.002 0.001 0.011 0.002 0.004 0.013 0.001 0.007 0.004 0.000 0.001 0.000 0.002 0.001 0.001 0.001 0.001 0.001 0.001 0.000 0.003 0.001 0.006 
11 eagle_vis 30 0.942 0.021 0.971 0.002 0.009 0.013 0.011 0.003 0.093 0.006 0.004 0.064 0.012 0.000 0.002 0.001 0.092 0.020 0.253 0.001 0.005 0.937 0.002 0.001 0.054 0.007 0.002 0.014 0.062 0.004 0.001 0.004 0.007 0.001 0.004 0.078 0.319 0.008 0.072 0.006 0.003 0.002 0.002 0.211 0.003 0.001 0.200 0.003 0.029 0.026 0.002 0.002 0.008 0.002 0.001 0.010 0.197 0.005 
12 tuna_vis 30 0.993 0.040 0.220 0.407 0.048 0.002 0.002 0.001 0.002 0.003 0.003 0.005 0.002 0.000 0.001 0.023 0.079 0.021 0.047 0.005 0.001 0.001 0.006 0.006 0.009 0.011 0.094 0.001 0.004 0.001 0.034 0.013 0.003 0.027 0.001 0.003 0.001 0.003 0.005 0.002 0.007 0.001 0.001 0.001 0.001 0.001 0.000 0.001 0.001 0.001 0.001 0.000 0.000 0.006 0.007 0.001 0.001 0.007 
13 goldfish_vis 30 0.994 0.009 0.001 0.977 0.108 0.002 0.002 0.001 0.002 0.001 0.001 0.004 0.001 0.001 0.001 0.008 0.000 0.001 0.003 0.001 0.001 0.000 0.009 0.857 0.003 0.019 0.030 0.260 0.004 0.014 0.076 0.002 0.009 0.049 0.001 0.013 0.005 0.002 0.007 0.015 0.044 0.000 0.006 0.002 0.001 0.001 0.000 0.001 0.001 0.000 0.001 0.000 0.000 0.002 0.004 0.000 0.001 0.001 
14 salmon_vis 30 0.993 0.133 0.010 0.083 0.162 0.002 0.002 0.001 0.002 0.001 0.002 0.047 0.002 0.001 0.001 0.008 0.003 0.003 0.006 0.002 0.001 0.002 0.002 0.002 0.002 0.006 0.019 0.005 0.020 0.002 0.031 0.034 0.003 0.010 0.001 0.002 0.001 0.002 0.006 0.001 0.002 0.001 0.001 0.001 0.001 0.001 0.000 0.001 0.001 0.001 0.001 0.001 0.000 0.002 0.001 0.001 0.001 0.001 
15 sardine_vis 30 0.994 0.004 0.001 0.948 0.045 0.002 0.001 0.001 0.002 0.001 0.001 0.010 0.001 0.000 0.000 0.003 0.000 0.002 0.003 0.001 0.000 0.000 0.002 0.027 0.001 0.839 0.045 0.001 0.005 0.002 0.003 0.050 0.024 0.008 0.002 0.003 0.001 0.002 0.004 0.002 0.018 0.000 0.003 0.001 0.002 0.001 0.000 0.001 0.001 0.000 0.000 0.000 0.000 0.002 0.015 0.000 0.001 0.001 
16 catfish_vis 30 0.994 0.015 0.001 0.973 0.040 0.002 0.001 0.001 0.002 0.001 0.001 0.008 0.001 0.000 0.000 0.023 0.000 0.009 0.010 0.001 0.000 0.000 0.002 0.043 0.020 0.095 0.784 0.005 0.004 0.002 0.006 0.066 0.003 0.049 0.004 0.003 0.001 0.038 0.004 0.003 0.029 0.000 0.001 0.006 0.001 0.001 0.000 0.001 0.001 0.001 0.000 0.000 0.000 0.003 0.026 0.000 0.001 0.002 
17 cod_vis 30 0.994 0.007 0.001 0.968 0.064 0.001 0.002 0.001 0.001 0.001 0.001 0.004 0.001 0.002 0.001 0.003 0.001 0.001 0.001 0.001 0.001 0.001 0.002 0.093 0.044 0.008 0.083 0.880 0.023 0.005 0.046 0.003 0.003 0.010 0.001 0.002 0.002 0.001 0.006 0.007 0.016 0.000 0.002 0.002 0.001 0.001 0.000 0.000 0.001 0.000 0.001 0.000 0.000 0.001 0.001 0.000 0.001 0.001 
18 turtle_vis 30 0.994 0.005 0.022 0.018 0.971 0.001 0.001 0.001 0.002 0.001 0.001 0.006 0.001 0.000 0.000 0.002 0.001 0.001 0.001 0.001 0.001 0.001 0.001 0.004 0.001 0.005 0.003 0.002 0.587 0.004 0.007 0.060 0.027 0.037 0.002 0.001 0.001 0.002 0.003 0.001 0.003 0.000 0.001 0.001 0.001 0.002 0.000 0.001 0.001 0.000 0.001 0.001 0.000 0.001 0.001 0.001 0.001 0.001 
19 rattlesnake_vis 30 0.994 0.004 0.010 0.026 0.935 0.001 0.002 0.001 0.001 0.001 0.001 0.002 0.000 0.003 0.001 0.001 0.083 0.001 0.001 0.000 0.001 0.001 0.001 0.004 0.001 0.003 0.003 0.108 0.087 0.041 0.574 0.003 0.008 0.011 0.001 0.001 0.001 0.001 0.004 0.008 0.002 0.001 0.001 0.001 0.000 0.001 0.000 0.001 0.001 0.000 0.010 0.000 0.001 0.001 0.000 0.000 0.001 0.001 
20 crab_vis 30 0.994 0.005 0.006 0.069 0.936 0.002 0.001 0.001 0.002 0.001 0.001 0.002 0.001 0.003 0.001 0.003 0.073 0.002 0.002 0.001 0.001 0.001 0.002 0.015 0.001 0.003 0.006 0.048 0.038 0.064 0.704 0.003 0.004 0.042 0.001 0.002 0.001 0.001 0.003 0.011 0.003 0.001 0.001 0.001 0.000 0.000 0.000 0.001 0.001 0.000 0.007 0.000 0.001 0.001 0.001 0.000 0.001 0.004 
21 frog_vis 30 0.994 0.004 0.018 0.027 0.953 0.001 0.001 0.001 0.002 0.001 0.001 0.026 0.001 0.000 0.000 0.001 0.000 0.002 0.002 0.009 0.001 0.001 0.001 0.003 0.001 0.036 0.008 0.001 0.456 0.002 0.001 0.637 0.022 0.056 0.020 0.001 0.000 0.005 0.002 0.001 0.003 0.000 0.001 0.001 0.001 0.019 0.000 0.000 0.002 0.001 0.000 0.001 0.000 0.001 0.001 0.001 0.001 0.001 
22 gecko_vis 30 0.994 0.004 0.012 0.035 0.954 0.002 0.001 0.001 0.002 0.001 0.001 0.003 0.001 0.001 0.000 0.001 0.005 0.002 0.003 0.001 0.001 0.001 0.002 0.007 0.001 0.004 0.003 0.007 0.159 0.012 0.160 0.009 0.044 0.016 0.001 0.002 0.001 0.001 0.004 0.004 0.003 0.000 0.001 0.001 0.000 0.001 0.000 0.001 0.001 0.000 0.004 0.000 0.001 0.001 0.001 0.000 0.001 0.002 
23 crocodile_vis 30 0.994 0.006 0.034 0.018 0.954 0.002 0.001 0.001 0.002 0.001 0.001 0.007 0.001 0.000 0.000 0.001 0.001 0.003 0.004 0.002 0.001 0.001 0.002 0.002 0.001 0.006 0.003 0.001 0.443 0.002 0.006 0.136 0.022 0.060 0.003 0.002 0.001 0.003 0.003 0.002 0.003 0.000 0.001 0.001 0.001 0.003 0.000 0.001 0.002 0.001 0.001 0.001 0.000 0.002 0.002 0.002 0.001 0.001 
24 axe_vis 30 0.002 0.001 0.001 0.001 0.001 0.994 0.983 0.003 0.008 0.002 0.000 0.001 0.002 0.000 0.001 0.000 0.001 0.001 0.001 0.000 0.000 0.008 0.009 0.001 0.011 0.001 0.001 0.002 0.001 0.004 0.000 0.001 0.001 0.016 0.942 0.001 0.002 0.116 0.003 0.002 0.001 0.000 0.000 0.016 0.001 0.186 0.001 0.000 0.014 0.091 0.000 0.000 0.002 0.001 0.002 0.006 0.012 0.000 
25 hammer_vis 30 0.083 0.010 0.001 0.033 0.001 0.984 0.988 0.005 0.003 0.005 0.028 0.138 0.050 0.005 0.001 0.001 0.001 0.006 0.002 0.000 0.001 0.008 0.022 0.108 0.051 0.005 0.008 0.002 0.001 0.115 0.000 0.000 0.001 0.001 0.001 0.922 0.005 0.053 0.204 0.021 0.027 0.000 0.001 0.005 0.005 0.001 0.048 0.001 0.002 0.001 0.000 0.001 0.001 0.002 0.004 0.002 0.019 0.003 
26 screwdriver_vis 30 0.002 0.001 0.001 0.003 0.001 0.993 0.989 0.004 0.002 0.008 0.001 0.001 0.004 0.000 0.000 0.000 0.001 0.001 0.006 0.000 0.000 0.008 0.009 0.002 0.006 0.001 0.001 0.003 0.001 0.002 0.000 0.000 0.001 0.001 0.261 0.002 0.842 0.002 0.034 0.005 0.001 0.001 0.000 0.006 0.001 0.001 0.003 0.000 0.001 0.008 0.000 0.000 0.001 0.015 0.009 0.001 0.066 0.001 
27 chisel_vis 30 0.005 0.001 0.001 0.002 0.001 0.993 0.981 0.003 0.075 0.002 0.001 0.008 0.024 0.000 0.001 0.000 0.001 0.002 0.002 0.000 0.000 0.007 0.014 0.002 0.037 0.001 0.006 0.001 0.001 0.013 0.000 0.001 0.001 0.011 0.035 0.035 0.002 0.876 0.004 0.001 0.002 0.000 0.001 0.009 0.001 0.009 0.004 0.000 0.048 0.010 0.000 0.001 0.000 0.001 0.004 0.004 0.011 0.000 
28 saw_vis 30 0.007 0.010 0.001 0.018 0.001 0.991 0.992 0.006 0.002 0.003 0.006 0.063 0.023 0.007 0.002 0.001 0.001 0.001 0.001 0.000 0.000 0.007 0.009 0.035 0.020 0.002 0.006 0.006 0.001 0.013 0.000 0.000 0.002 0.001 0.019 0.010 0.042 0.019 0.748 0.419 0.005 0.001 0.001 0.006 0.003 0.001 0.002 0.001 0.001 0.014 0.000 0.000 0.003 0.007 0.004 0.004 0.058 0.002 
29 drill_vis 30 0.006 0.008 0.001 0.004 0.001 0.992 0.992 0.003 0.002 0.008 0.004 0.015 0.030 0.007 0.005 0.000 0.001 0.002 0.001 0.000 0.001 0.003 0.009 0.013 0.033 0.001 0.002 0.004 0.001 0.027 0.001 0.000 0.001 0.001 0.012 0.009 0.010 0.021 0.415 0.899 0.006 0.001 0.001 0.003 0.001 0.001 0.001 0.001 0.001 0.005 0.000 0.000 0.036 0.002 0.003 0.002 0.074 0.019 
30 clamp_vis 30 0.004 0.001 0.002 0.049 0.001 0.991 0.003 0.946 0.017 0.003 0.010 0.001 0.001 0.000 0.003 0.000 0.001 0.005 0.001 0.001 0.154 0.001 0.113 0.007 0.108 0.003 0.003 0.002 0.001 0.003 0.001 0.000 0.001 0.001 0.001 0.163 0.002 0.001 0.003 0.001 0.915 0.002 0.151 0.018 0.047 0.001 0.007 0.107 0.001 0.001 0.001 0.079 0.001 0.001 0.005 0.002 0.000 0.015 
31 hoe_vis 30 0.002 0.002 0.007 0.004 0.002 0.994 0.002 0.974 0.007 0.031 0.001 0.001 0.001 0.000 0.001 0.001 0.002 0.001 0.002 0.003 0.001 0.001 0.034 0.001 0.003 0.001 0.001 0.001 0.001 0.001 0.000 0.001 0.002 0.004 0.003 0.001 0.009 0.001 0.009 0.001 0.003 0.683 0.001 0.015 0.024 0.014 0.001 0.001 0.001 0.020 0.007 0.002 0.001 0.009 0.005 0.044 0.001 0.002 
32 rake_vis 30 0.003 0.001 0.003 0.012 0.001 0.973 0.002 0.966 0.021 0.002 0.002 0.001 0.000 0.000 0.001 0.000 0.001 0.001 0.004 0.001 0.002 0.001 0.069 0.001 0.008 0.002 0.001 0.002 0.001 0.001 0.000 0.001 0.002 0.001 0.001 0.004 0.004 0.001 0.003 0.001 0.012 0.010 0.757 0.018 0.155 0.004 0.010 0.002 0.001 0.001 0.193 0.004 0.000 0.001 0.004 0.001 0.000 0.001 
33 shovel_vis 30 0.002 0.001 0.002 0.015 0.001 0.993 0.026 0.969 0.066 0.001 0.001 0.001 0.001 0.000 0.000 0.000 0.001 0.001 0.045 0.000 0.000 0.001 0.028 0.002 0.021 0.001 0.001 0.001 0.001 0.001 0.000 0.001 0.001 0.005 0.006 0.044 0.076 0.006 0.004 0.001 0.023 0.009 0.257 0.910 0.005 0.010 0.144 0.001 0.046 0.023 0.000 0.001 0.000 0.001 0.007 0.006 0.001 0.000 
34 spade_vis 30 0.004 0.002 0.002 0.162 0.001 0.989 0.003 0.986 0.003 0.005 0.009 0.001 0.001 0.000 0.000 0.001 0.001 0.001 0.005 0.004 0.001 0.001 0.022 0.002 0.010 0.048 0.012 0.001 0.001 0.001 0.000 0.001 0.007 0.001 0.002 0.002 0.008 0.001 0.049 0.001 0.050 0.259 0.035 0.087 0.932 0.058 0.001 0.001 0.001 0.005 0.003 0.001 0.000 0.014 0.065 0.008 0.001 0.001 
35 wrench_vis 30 0.002 0.001 0.002 0.001 0.001 0.994 0.002 0.892 0.035 0.001 0.000 0.001 0.000 0.000 0.001 0.000 0.001 0.001 0.001 0.001 0.001 0.001 0.012 0.001 0.005 0.001 0.001 0.001 0.001 0.001 0.000 0.001 0.001 0.009 0.282 0.001 0.000 0.003 0.001 0.001 0.003 0.005 0.002 0.018 0.003 0.971 0.001 0.001 0.006 0.010 0.001 0.007 0.002 0.000 0.002 0.005 0.000 0.000 
36 accordion_vis 30 0.003 0.002 0.019 0.001 0.001 0.993 0.002 0.002 0.991 0.002 0.001 0.003 0.019 0.000 0.001 0.001 0.026 0.002 0.007 0.000 0.000 0.033 0.005 0.001 0.001 0.001 0.001 0.000 0.001 0.002 0.003 0.001 0.001 0.002 0.001 0.002 0.032 0.001 0.001 0.001 0.001 0.001 0.002 0.005 0.007 0.001 0.735 0.007 0.075 0.164 0.051 0.002 0.001 0.031 0.003 0.001 0.007 0.001 
37 cello_vis 30 0.007 0.001 0.005 0.001 0.027 0.992 0.001 0.003 0.990 0.003 0.001 0.001 0.000 0.003 0.003 0.005 0.006 0.005 0.001 0.000 0.002 0.001 0.006 0.003 0.001 0.001 0.001 0.001 0.009 0.046 0.073 0.000 0.001 0.001 0.000 0.003 0.001 0.001 0.001 0.001 0.003 0.001 0.001 0.001 0.002 0.001 0.019 0.693 0.010 0.001 0.045 0.076 0.047 0.001 0.001 0.001 0.001 0.015 
38 flute_vis 30 0.003 0.001 0.002 0.001 0.001 0.993 0.003 0.007 0.991 0.001 0.000 0.001 0.001 0.000 0.000 0.000 0.001 0.001 0.001 0.000 0.000 0.003 0.003 0.005 0.002 0.001 0.001 0.003 0.001 0.005 0.000 0.001 0.001 0.018 0.006 0.002 0.001 0.005 0.001 0.001 0.001 0.000 0.024 0.072 0.001 0.050 0.063 0.001 0.926 0.012 0.000 0.005 0.000 0.000 0.002 0.001 0.001 0.000 
39 guitar_vis 30 0.002 0.001 0.012 0.001 0.002 0.994 0.001 0.009 0.981 0.058 0.000 0.001 0.002 0.000 0.001 0.001 0.013 0.001 0.061 0.000 0.000 0.002 0.007 0.000 0.001 0.001 0.001 0.000 0.001 0.001 0.000 0.000 0.001 0.009 0.001 0.001 0.001 0.002 0.001 0.001 0.001 0.010 0.001 0.006 0.001 0.003 0.023 0.001 0.038 0.963 0.000 0.001 0.001 0.059 0.006 0.008 0.030 0.001 
40 piano_vis 30 0.006 0.001 0.003 0.001 0.021 0.949 0.002 0.003 0.961 0.003 0.001 0.001 0.001 0.004 0.001 0.004 0.005 0.001 0.001 0.000 0.001 0.001 0.004 0.004 0.001 0.001 0.001 0.002 0.001 0.020 0.040 0.001 0.006 0.001 0.001 0.003 0.001 0.001 0.001 0.001 0.001 0.006 0.004 0.001 0.007 0.001 0.026 0.052 0.002 0.001 0.890 0.005 0.047 0.001 0.001 0.001 0.001 0.001 
41 trumpet_vis 30 0.010 0.001 0.007 0.001 0.030 0.992 0.001 0.004 0.991 0.004 0.001 0.001 0.000 0.005 0.006 0.014 0.008 0.002 0.001 0.000 0.005 0.001 0.010 0.002 0.001 0.001 0.004 0.001 0.094 0.067 0.057 0.001 0.001 0.004 0.000 0.003 0.001 0.001 0.001 0.001 0.004 0.001 0.002 0.001 0.003 0.001 0.021 0.202 0.004 0.001 0.078 0.831 0.012 0.001 0.000 0.001 0.001 0.003 
42 fork_vis 30 0.003 0.001 0.004 0.001 0.009 0.977 0.004 0.001 0.004 0.982 0.001 0.001 0.000 0.000 0.001 0.000 0.002 0.001 0.001 0.000 0.007 0.001 0.006 0.001 0.001 0.001 0.001 0.001 0.001 0.003 0.001 0.000 0.056 0.001 0.065 0.001 0.003 0.001 0.004 0.008 0.001 0.001 0.000 0.001 0.001 0.001 0.000 0.002 0.001 0.001 0.044 0.000 0.878 0.013 0.010 0.003 0.048 0.012 
43 spoon_vis 30 0.002 0.002 0.023 0.001 0.004 0.994 0.003 0.001 0.005 0.991 0.006 0.001 0.001 0.000 0.001 0.001 0.002 0.001 0.041 0.004 0.000 0.001 0.015 0.000 0.000 0.001 0.001 0.000 0.001 0.001 0.001 0.001 0.013 0.003 0.027 0.000 0.003 0.001 0.006 0.002 0.001 0.003 0.000 0.001 0.009 0.001 0.000 0.000 0.001 0.015 0.003 0.000 0.003 0.931 0.138 0.078 0.160 0.003 
44 tongs_vis 30 0.003 0.001 0.003 0.001 0.001 0.993 0.006 0.002 0.004 0.981 0.001 0.001 0.001 0.000 0.000 0.001 0.003 0.001 0.010 0.001 0.000 0.001 0.006 0.001 0.001 0.001 0.001 0.000 0.001 0.001 0.000 0.000 0.001 0.001 0.029 0.001 0.018 0.001 0.003 0.008 0.001 0.001 0.001 0.001 0.001 0.001 0.001 0.001 0.002 0.001 0.001 0.000 0.001 0.181 0.963 0.009 0.016 0.261 
45 ladle_vis 30 0.002 0.001 0.020 0.001 0.008 0.994 0.002 0.007 0.007 0.984 0.001 0.001 0.000 0.000 0.001 0.001 0.003 0.001 0.017 0.004 0.001 0.001 0.023 0.000 0.000 0.001 0.001 0.000 0.001 0.001 0.000 0.001 0.005 0.020 0.035 0.001 0.001 0.001 0.005 0.002 0.001 0.014 0.000 0.001 0.001 0.029 0.000 0.001 0.001 0.036 0.002 0.003 0.003 0.065 0.005 0.946 0.014 0.003 
46 knife_vis 30 0.002 0.001 0.052 0.001 0.004 0.994 0.003 0.001 0.021 0.986 0.001 0.005 0.001 0.000 0.000 0.000 0.002 0.002 0.024 0.001 0.000 0.007 0.008 0.000 0.000 0.001 0.001 0.000 0.001 0.001 0.000 0.001 0.011 0.002 0.009 0.001 0.002 0.002 0.003 0.003 0.001 0.001 0.000 0.001 0.000 0.001 0.000 0.001 0.001 0.025 0.000 0.000 0.004 0.098 0.006 0.034 0.883 0.004 
47 chopsticks_vis 30 0.003 0.001 0.005 0.001 0.004 0.993 0.002 0.001 0.021 0.988 0.001 0.001 0.000 0.000 0.004 0.001 0.014 0.012 0.001 0.000 0.013 0.000 0.012 0.001 0.001 0.001 0.001 0.000 0.001 0.002 0.001 0.000 0.001 0.001 0.001 0.001 0.001 0.003 0.002 0.008 0.002 0.001 0.000 0.001 0.001 0.001 0.000 0.062 0.001 0.001 0.001 0.001 0.070 0.001 0.015 0.005 0.022 0.927 
