0 beaver_vis 30 0.949 0.002 0.799 0.042 0.045 0.038 0.026 0.003 0.014 0.019 0.002 0.000 0.000 0.000 0.001 0.003 0.005 0.196 0.007 0.020 0.022 0.025 0.002 0.017 0.002 0.001 0.065 0.001 0.026 0.003 0.003 0.003 0.003 0.004 0.001 0.001 0.005 0.010 0.011 0.004 0.007 0.001 0.000 0.001 0.002 0.005 0.001 0.004 0.002 0.010 0.001 0.006 0.004 0.010 0.001 0.004 0.016 0.000 
1 bear_vis 30 0.973 0.002 0.060 0.050 0.679 0.021 0.018 0.002 0.014 0.008 0.002 0.000 0.000 0.000 0.001 0.002 0.003 0.007 0.001 0.001 0.005 0.002 0.001 0.010 0.001 0.001 0.015 0.000 0.083 0.012 0.004 0.003 0.002 0.004 0.001 0.001 0.002 0.009 0.008 0.002 0.007 0.001 0.000 0.000 0.003 0.001 0.001 0.013 0.001 0.003 0.001 0.025 0.002 0.004 0.001 0.001 0.006 0.000 
2 sheep_vis 30 0.977 0.003 0.282 0.021 0.152 0.016 0.017 0.002 0.009 0.008 0.003 0.000 0.000 0.000 0.001 0.002 0.003 0.020 0.001 0.003 0.008 0.011 0.001 0.009 0.001 0.001 0.022 0.000 0.039 0.004 0.003 0.003 0.002 0.004 0.001 0.001 0.002 0.009 0.006 0.003 0.006 0.002 0.000 0.001 0.002 0.002 0.001 0.006 0.001 0.004 0.002 0.009 0.003 0.004 0.001 0.002 0.007 0.000 
3 buffalo_vis 30 0.977 0.004 0.233 0.013 0.211 0.019 0.018 0.002 0.010 0.009 0.003 0.000 0.000 0.000 0.001 0.002 0.004 0.012 0.001 0.001 0.009 0.005 0.001 0.006 0.001 0.001 0.010 0.000 0.059 0.006 0.002 0.003 0.001 0.003 0.001 0.001 0.002 0.009 0.008 0.002 0.005 0.001 0.000 0.000 0.002 0.001 0.001 0.008 0.001 0.004 0.001 0.020 0.002 0.005 0.001 0.001 0.007 0.000 
4 poodle_vis 30 0.973 0.003 0.816 0.015 0.053 0.022 0.019 0.003 0.009 0.015 0.003 0.000 0.000 0.000 0.001 0.002 0.004 0.091 0.004 0.011 0.018 0.024 0.001 0.007 0.001 0.001 0.030 0.000 0.026 0.002 0.002 0.002 0.002 0.003 0.001 0.001 0.004 0.007 0.010 0.003 0.005 0.001 0.000 0.001 0.002 0.003 0.001 0.002 0.001 0.007 0.001 0.004 0.006 0.009 0.001 0.002 0.014 0.000 
5 giraffe_vis 30 0.977 0.003 0.269 0.019 0.133 0.019 0.017 0.002 0.011 0.009 0.002 0.000 0.000 0.000 0.001 0.002 0.003 0.013 0.001 0.001 0.007 0.006 0.001 0.007 0.001 0.001 0.012 0.000 0.040 0.004 0.002 0.002 0.001 0.003 0.001 0.001 0.002 0.009 0.008 0.002 0.006 0.001 0.000 0.000 0.002 0.001 0.001 0.007 0.001 0.004 0.001 0.016 0.002 0.005 0.001 0.001 0.007 0.000 
6 robin_vis 30 0.850 0.002 0.634 0.038 0.085 0.138 0.073 0.003 0.024 0.117 0.003 0.000 0.001 0.000 0.003 0.003 0.008 0.153 0.002 0.006 0.161 0.006 0.001 0.016 0.004 0.001 0.133 0.001 0.078 0.003 0.007 0.007 0.012 0.005 0.002 0.001 0.025 0.016 0.037 0.005 0.007 0.001 0.000 0.001 0.002 0.011 0.008 0.002 0.002 0.054 0.001 0.005 0.005 0.121 0.001 0.004 0.093 0.000 
7 swan_vis 30 0.941 0.004 0.795 0.012 0.143 0.066 0.068 0.003 0.015 0.052 0.021 0.000 0.001 0.000 0.005 0.004 0.013 0.365 0.002 0.008 0.339 0.015 0.001 0.007 0.002 0.001 0.092 0.000 0.171 0.003 0.005 0.008 0.009 0.004 0.002 0.001 0.016 0.012 0.046 0.003 0.004 0.001 0.000 0.001 0.002 0.009 0.003 0.002 0.001 0.065 0.001 0.003 0.004 0.153 0.001 0.002 0.074 0.000 
8 woodpecker_vis 30 0.860 0.002 0.660 0.104 0.047 0.118 0.062 0.003 0.028 0.079 0.002 0.000 0.001 0.000 0.002 0.003 0.007 0.200 0.003 0.007 0.077 0.007 0.002 0.027 0.005 0.001 0.185 0.001 0.045 0.004 0.005 0.004 0.006 0.005 0.002 0.001 0.018 0.015 0.027 0.004 0.008 0.001 0.000 0.001 0.002 0.010 0.007 0.003 0.002 0.040 0.001 0.006 0.005 0.062 0.001 0.005 0.062 0.000 
9 peacock_vis 30 0.938 0.003 0.781 0.017 0.127 0.070 0.051 0.003 0.014 0.120 0.004 0.000 0.000 0.000 0.004 0.002 0.008 0.159 0.002 0.020 0.172 0.010 0.001 0.008 0.002 0.001 0.097 0.000 0.089 0.002 0.005 0.006 0.012 0.005 0.002 0.000 0.018 0.010 0.031 0.004 0.004 0.001 0.000 0.001 0.002 0.006 0.005 0.002 0.001 0.037 0.001 0.003 0.006 0.161 0.001 0.002 0.088 0.000 
10 crow_vis 30 0.968 0.014 0.658 0.009 0.188 0.032 0.036 0.002 0.011 0.018 0.030 0.000 0.001 0.000 0.003 0.004 0.011 0.101 0.001 0.001 0.062 0.005 0.001 0.005 0.001 0.001 0.029 0.000 0.172 0.004 0.003 0.005 0.003 0.003 0.001 0.001 0.005 0.010 0.022 0.002 0.004 0.001 0.000 0.000 0.002 0.002 0.001 0.003 0.001 0.014 0.001 0.008 0.003 0.027 0.001 0.001 0.019 0.000 
11 eagle_vis 30 0.913 0.002 0.754 0.021 0.090 0.093 0.060 0.003 0.017 0.096 0.004 0.000 0.000 0.000 0.003 0.003 0.007 0.230 0.002 0.014 0.194 0.010 0.001 0.010 0.003 0.001 0.105 0.001 0.080 0.003 0.005 0.006 0.010 0.004 0.002 0.001 0.020 0.012 0.033 0.004 0.005 0.001 0.000 0.001 0.002 0.008 0.005 0.002 0.001 0.045 0.001 0.004 0.005 0.129 0.001 0.003 0.082 0.000 
12 tuna_vis 30 0.957 0.010 0.472 0.012 0.365 0.037 0.040 0.002 0.013 0.016 0.005 0.000 0.003 0.000 0.003 0.003 0.005 0.015 0.001 0.001 0.141 0.003 0.001 0.004 0.003 0.001 0.010 0.000 0.086 0.007 0.002 0.022 0.015 0.002 0.001 0.001 0.004 0.020 0.020 0.002 0.005 0.001 0.000 0.000 0.002 0.003 0.001 0.004 0.001 0.013 0.001 0.012 0.002 0.015 0.001 0.001 0.014 0.000 
13 goldfish_vis 30 0.973 0.012 0.209 0.009 0.535 0.025 0.029 0.002 0.011 0.010 0.006 0.000 0.002 0.000 0.003 0.002 0.004 0.009 0.001 0.001 0.042 0.004 0.001 0.004 0.002 0.001 0.007 0.000 0.094 0.010 0.002 0.010 0.006 0.002 0.001 0.001 0.002 0.023 0.013 0.002 0.004 0.001 0.000 0.000 0.003 0.002 0.001 0.005 0.001 0.007 0.001 0.019 0.002 0.008 0.001 0.001 0.009 0.000 
14 salmon_vis 30 0.969 0.035 0.389 0.008 0.390 0.030 0.039 0.002 0.012 0.013 0.013 0.000 0.004 0.000 0.005 0.003 0.005 0.013 0.001 0.001 0.115 0.004 0.001 0.003 0.002 0.001 0.008 0.000 0.109 0.008 0.002 0.015 0.008 0.002 0.001 0.001 0.003 0.024 0.018 0.002 0.004 0.001 0.000 0.000 0.002 0.002 0.001 0.004 0.001 0.011 0.001 0.015 0.002 0.011 0.001 0.001 0.012 0.000 
15 sardine_vis 30 0.977 0.017 0.215 0.007 0.517 0.018 0.021 0.002 0.007 0.009 0.007 0.000 0.002 0.000 0.003 0.002 0.003 0.006 0.001 0.001 0.033 0.008 0.001 0.003 0.002 0.001 0.006 0.000 0.051 0.010 0.002 0.010 0.011 0.002 0.001 0.001 0.002 0.025 0.009 0.003 0.006 0.001 0.000 0.000 0.003 0.002 0.001 0.004 0.001 0.005 0.001 0.018 0.002 0.005 0.001 0.001 0.008 0.000 
16 catfish_vis 30 0.969 0.019 0.320 0.009 0.372 0.031 0.036 0.002 0.012 0.014 0.014 0.000 0.001 0.000 0.003 0.003 0.005 0.021 0.001 0.001 0.059 0.003 0.001 0.004 0.002 0.001 0.013 0.000 0.144 0.006 0.002 0.008 0.004 0.002 0.001 0.001 0.003 0.014 0.018 0.002 0.004 0.001 0.000 0.000 0.002 0.002 0.001 0.003 0.001 0.010 0.001 0.012 0.002 0.015 0.001 0.001 0.013 0.000 
17 cod_vis 30 0.977 0.019 0.170 0.007 0.631 0.018 0.022 0.002 0.008 0.008 0.008 0.000 0.002 0.000 0.003 0.002 0.003 0.006 0.001 0.001 0.033 0.007 0.001 0.003 0.002 0.001 0.005 0.000 0.062 0.012 0.002 0.011 0.011 0.002 0.001 0.001 0.002 0.027 0.009 0.002 0.005 0.001 0.000 0.000 0.003 0.002 0.001 0.005 0.001 0.005 0.001 0.019 0.002 0.005 0.001 0.001 0.008 0.000 
18 turtle_vis 30 0.975 0.018 0.146 0.009 0.623 0.023 0.028 0.002 0.011 0.011 0.020 0.000 0.001 0.000 0.002 0.003 0.005 0.017 0.001 0.001 0.027 0.003 0.001 0.004 0.001 0.001 0.015 0.000 0.222 0.009 0.002 0.006 0.002 0.003 0.001 0.001 0.003 0.011 0.014 0.002 0.004 0.001 0.000 0.000 0.002 0.002 0.001 0.004 0.001 0.007 0.001 0.012 0.002 0.011 0.001 0.001 0.010 0.000 
19 rattlesnake_vis 30 0.971 0.017 0.153 0.010 0.620 0.027 0.032 0.002 0.011 0.012 0.021 0.000 0.001 0.000 0.003 0.003 0.005 0.021 0.001 0.001 0.034 0.003 0.001 0.004 0.001 0.001 0.017 0.000 0.256 0.009 0.002 0.007 0.003 0.003 0.001 0.001 0.003 0.012 0.016 0.002 0.004 0.001 0.000 0.000 0.002 0.002 0.001 0.004 0.001 0.009 0.001 0.011 0.002 0.013 0.001 0.001 0.011 0.000 
20 crab_vis 30 0.973 0.005 0.071 0.019 0.783 0.022 0.022 0.002 0.013 0.009 0.004 0.000 0.000 0.000 0.001 0.002 0.003 0.007 0.001 0.000 0.010 0.003 0.001 0.006 0.001 0.001 0.010 0.000 0.157 0.018 0.003 0.005 0.003 0.004 0.001 0.001 0.002 0.013 0.010 0.002 0.006 0.001 0.000 0.000 0.003 0.001 0.001 0.010 0.001 0.004 0.001 0.027 0.002 0.006 0.001 0.001 0.007 0.000 
21 frog_vis 30 0.974 0.036 0.605 0.007 0.273 0.026 0.033 0.002 0.010 0.012 0.012 0.000 0.006 0.000 0.005 0.003 0.006 0.011 0.001 0.001 0.121 0.006 0.001 0.003 0.002 0.001 0.007 0.000 0.074 0.007 0.001 0.011 0.008 0.002 0.001 0.001 0.003 0.024 0.015 0.002 0.004 0.001 0.000 0.000 0.002 0.002 0.001 0.003 0.001 0.009 0.001 0.015 0.002 0.009 0.001 0.001 0.011 0.000 
22 gecko_vis 30 0.968 0.015 0.157 0.010 0.635 0.030 0.035 0.002 0.012 0.012 0.013 0.000 0.001 0.000 0.003 0.003 0.005 0.016 0.001 0.001 0.045 0.003 0.001 0.004 0.002 0.001 0.012 0.000 0.207 0.009 0.002 0.010 0.005 0.003 0.001 0.001 0.003 0.015 0.017 0.002 0.004 0.001 0.000 0.000 0.003 0.002 0.001 0.004 0.001 0.009 0.001 0.012 0.002 0.012 0.001 0.001 0.012 0.000 
23 crocodile_vis 30 0.958 0.010 0.276 0.012 0.425 0.038 0.041 0.002 0.015 0.017 0.011 0.000 0.001 0.000 0.003 0.003 0.005 0.026 0.001 0.001 0.062 0.003 0.001 0.005 0.002 0.001 0.020 0.000 0.178 0.006 0.003 0.009 0.004 0.003 0.001 0.001 0.004 0.014 0.021 0.002 0.004 0.001 0.000 0.000 0.002 0.002 0.001 0.004 0.001 0.013 0.001 0.010 0.002 0.019 0.001 0.001 0.016 0.000 
24 axe_vis 30 0.025 0.013 0.029 0.100 0.015 0.960 0.688 0.004 0.106 0.467 0.005 0.001 0.003 0.000 0.016 0.010 0.016 0.035 0.005 0.001 0.060 0.002 0.001 0.023 0.020 0.006 0.051 0.001 0.048 0.008 0.002 0.006 0.002 0.002 0.010 0.001 0.186 0.051 0.161 0.008 0.011 0.001 0.000 0.001 0.004 0.005 0.040 0.005 0.002 0.069 0.001 0.007 0.009 0.203 0.002 0.002 0.118 0.000 
25 hammer_vis 30 0.037 0.018 0.033 0.072 0.023 0.734 0.273 0.007 0.065 0.146 0.012 0.001 0.006 0.001 0.015 0.017 0.022 0.017 0.014 0.001 0.034 0.003 0.004 0.029 0.018 0.007 0.040 0.002 0.028 0.018 0.003 0.010 0.006 0.004 0.006 0.001 0.074 0.069 0.047 0.017 0.053 0.002 0.001 0.002 0.005 0.008 0.012 0.011 0.006 0.023 0.003 0.017 0.015 0.039 0.003 0.004 0.058 0.001 
26 screwdriver_vis 30 0.028 0.015 0.028 0.089 0.013 0.917 0.318 0.006 0.072 0.386 0.008 0.001 0.004 0.001 0.014 0.013 0.023 0.020 0.011 0.001 0.044 0.002 0.002 0.030 0.015 0.005 0.075 0.002 0.025 0.009 0.002 0.005 0.004 0.002 0.003 0.001 0.188 0.046 0.067 0.020 0.033 0.001 0.000 0.001 0.003 0.007 0.032 0.003 0.002 0.044 0.002 0.006 0.015 0.117 0.002 0.002 0.168 0.000 
27 chisel_vis 30 0.030 0.014 0.032 0.094 0.015 0.923 0.349 0.006 0.076 0.455 0.008 0.001 0.004 0.001 0.016 0.013 0.026 0.022 0.010 0.001 0.049 0.002 0.002 0.031 0.015 0.005 0.082 0.002 0.027 0.009 0.002 0.005 0.004 0.003 0.003 0.001 0.211 0.047 0.082 0.018 0.031 0.001 0.000 0.001 0.003 0.006 0.036 0.004 0.002 0.053 0.002 0.007 0.016 0.160 0.002 0.002 0.207 0.000 
28 saw_vis 30 0.043 0.011 0.043 0.070 0.024 0.908 0.720 0.004 0.087 0.278 0.003 0.003 0.008 0.000 0.017 0.007 0.009 0.060 0.004 0.001 0.126 0.003 0.002 0.012 0.047 0.012 0.018 0.002 0.067 0.009 0.002 0.025 0.004 0.003 0.044 0.001 0.084 0.070 0.242 0.006 0.006 0.001 0.000 0.001 0.007 0.006 0.031 0.007 0.002 0.126 0.001 0.009 0.006 0.196 0.003 0.002 0.063 0.000 
29 drill_vis 30 0.061 0.009 0.055 0.070 0.030 0.903 0.765 0.003 0.091 0.289 0.002 0.002 0.010 0.000 0.015 0.005 0.007 0.055 0.003 0.001 0.183 0.002 0.002 0.009 0.057 0.012 0.012 0.002 0.062 0.008 0.002 0.040 0.004 0.002 0.049 0.001 0.077 0.086 0.295 0.005 0.005 0.001 0.000 0.001 0.007 0.006 0.029 0.007 0.002 0.156 0.001 0.010 0.004 0.215 0.003 0.002 0.059 0.000 
30 clamp_vis 30 0.032 0.015 0.027 0.067 0.018 0.838 0.163 0.008 0.108 0.129 0.007 0.001 0.006 0.001 0.007 0.021 0.018 0.017 0.013 0.001 0.032 0.002 0.003 0.036 0.015 0.005 0.043 0.002 0.021 0.016 0.004 0.006 0.006 0.003 0.004 0.001 0.065 0.052 0.034 0.022 0.044 0.002 0.001 0.001 0.003 0.013 0.019 0.008 0.009 0.031 0.003 0.012 0.012 0.035 0.002 0.005 0.056 0.000 
31 hoe_vis 30 0.033 0.016 0.028 0.089 0.014 0.900 0.098 0.006 0.179 0.237 0.005 0.001 0.007 0.001 0.007 0.028 0.025 0.023 0.013 0.001 0.043 0.003 0.003 0.050 0.015 0.004 0.059 0.002 0.020 0.012 0.004 0.005 0.006 0.002 0.002 0.001 0.087 0.032 0.056 0.019 0.025 0.002 0.001 0.001 0.003 0.019 0.076 0.004 0.005 0.087 0.003 0.009 0.011 0.113 0.002 0.007 0.103 0.000 
32 rake_vis 30 0.032 0.018 0.026 0.063 0.020 0.770 0.151 0.009 0.089 0.103 0.009 0.001 0.007 0.002 0.008 0.022 0.018 0.017 0.016 0.001 0.030 0.003 0.004 0.035 0.017 0.005 0.042 0.002 0.022 0.018 0.004 0.007 0.007 0.003 0.005 0.001 0.059 0.054 0.029 0.025 0.051 0.003 0.001 0.002 0.004 0.014 0.016 0.010 0.012 0.026 0.004 0.012 0.013 0.026 0.003 0.007 0.048 0.001 
33 shovel_vis 30 0.023 0.014 0.025 0.083 0.011 0.944 0.285 0.007 0.080 0.389 0.007 0.001 0.004 0.001 0.011 0.014 0.022 0.022 0.011 0.001 0.043 0.002 0.002 0.031 0.016 0.004 0.076 0.001 0.022 0.009 0.002 0.004 0.004 0.002 0.002 0.001 0.190 0.044 0.058 0.024 0.030 0.001 0.001 0.001 0.002 0.007 0.033 0.003 0.002 0.051 0.002 0.005 0.014 0.116 0.002 0.002 0.190 0.000 
34 spade_vis 30 0.034 0.017 0.022 0.078 0.018 0.868 0.068 0.006 0.233 0.088 0.004 0.001 0.011 0.002 0.004 0.040 0.018 0.014 0.015 0.001 0.029 0.002 0.003 0.051 0.016 0.004 0.028 0.002 0.014 0.018 0.006 0.005 0.007 0.002 0.003 0.001 0.032 0.038 0.031 0.017 0.034 0.005 0.001 0.001 0.003 0.028 0.042 0.011 0.020 0.046 0.005 0.016 0.008 0.031 0.002 0.017 0.029 0.000 
35 wrench_vis 30 0.020 0.006 0.010 0.051 0.010 0.987 0.018 0.003 0.905 0.039 0.001 0.000 0.010 0.002 0.001 0.148 0.010 0.010 0.004 0.000 0.012 0.001 0.001 0.170 0.006 0.001 0.014 0.000 0.006 0.039 0.006 0.001 0.002 0.001 0.001 0.001 0.007 0.015 0.013 0.017 0.011 0.005 0.000 0.000 0.001 0.101 0.075 0.005 0.126 0.154 0.025 0.008 0.002 0.016 0.001 0.049 0.015 0.000 
36 accordion_vis 30 0.019 0.007 0.009 0.079 0.011 0.988 0.019 0.002 0.959 0.048 0.001 0.001 0.015 0.001 0.001 0.136 0.007 0.038 0.002 0.000 0.022 0.001 0.001 0.147 0.011 0.001 0.010 0.000 0.013 0.015 0.015 0.001 0.001 0.001 0.002 0.000 0.005 0.010 0.032 0.005 0.005 0.003 0.000 0.000 0.001 0.134 0.444 0.007 0.103 0.553 0.006 0.007 0.002 0.045 0.001 0.140 0.012 0.000 
37 cello_vis 30 0.018 0.006 0.008 0.049 0.011 0.989 0.014 0.002 0.954 0.023 0.001 0.000 0.013 0.001 0.001 0.115 0.006 0.015 0.002 0.000 0.011 0.000 0.001 0.112 0.009 0.001 0.006 0.000 0.006 0.025 0.009 0.001 0.001 0.001 0.001 0.001 0.003 0.014 0.012 0.008 0.006 0.004 0.000 0.000 0.001 0.108 0.102 0.009 0.241 0.209 0.013 0.009 0.002 0.010 0.001 0.090 0.007 0.000 
38 flute_vis 30 0.020 0.006 0.009 0.059 0.011 0.989 0.016 0.003 0.950 0.038 0.001 0.000 0.010 0.001 0.001 0.150 0.008 0.013 0.003 0.000 0.012 0.001 0.001 0.168 0.006 0.001 0.012 0.000 0.007 0.030 0.009 0.001 0.001 0.001 0.001 0.001 0.005 0.013 0.016 0.011 0.006 0.004 0.000 0.000 0.001 0.113 0.122 0.006 0.195 0.224 0.016 0.007 0.002 0.019 0.001 0.084 0.013 0.000 
39 guitar_vis 30 0.020 0.006 0.010 0.064 0.011 0.989 0.016 0.003 0.952 0.043 0.001 0.000 0.010 0.001 0.001 0.149 0.009 0.015 0.003 0.000 0.013 0.001 0.001 0.170 0.007 0.001 0.012 0.000 0.007 0.027 0.009 0.001 0.001 0.001 0.001 0.001 0.006 0.013 0.018 0.010 0.006 0.003 0.000 0.000 0.001 0.115 0.156 0.006 0.159 0.272 0.015 0.007 0.002 0.023 0.001 0.085 0.014 0.000 
40 piano_vis 30 0.040 0.012 0.040 0.089 0.022 0.920 0.625 0.004 0.109 0.355 0.004 0.001 0.004 0.000 0.017 0.009 0.015 0.044 0.005 0.001 0.081 0.003 0.002 0.020 0.024 0.008 0.037 0.002 0.062 0.009 0.003 0.011 0.003 0.002 0.017 0.001 0.121 0.051 0.200 0.006 0.008 0.001 0.000 0.001 0.006 0.006 0.044 0.007 0.002 0.092 0.001 0.010 0.008 0.222 0.002 0.002 0.083 0.000 
41 trumpet_vis 30 0.015 0.006 0.006 0.047 0.009 0.989 0.013 0.002 0.962 0.019 0.001 0.001 0.016 0.001 0.001 0.114 0.005 0.024 0.002 0.000 0.013 0.001 0.001 0.109 0.011 0.001 0.006 0.000 0.008 0.021 0.012 0.001 0.001 0.001 0.001 0.001 0.003 0.011 0.012 0.007 0.005 0.004 0.000 0.000 0.001 0.121 0.153 0.008 0.256 0.304 0.011 0.007 0.001 0.010 0.001 0.117 0.006 0.000 
42 fork_vis 30 0.031 0.012 0.031 0.098 0.017 0.956 0.841 0.004 0.085 0.565 0.003 0.004 0.005 0.000 0.018 0.005 0.008 0.090 0.004 0.001 0.167 0.003 0.002 0.012 0.057 0.010 0.034 0.002 0.080 0.005 0.002 0.016 0.003 0.002 0.159 0.001 0.233 0.043 0.379 0.007 0.005 0.001 0.000 0.001 0.007 0.006 0.096 0.003 0.002 0.181 0.001 0.004 0.005 0.387 0.002 0.002 0.100 0.000 
43 spoon_vis 30 0.027 0.016 0.030 0.133 0.014 0.948 0.561 0.005 0.076 0.661 0.007 0.001 0.003 0.000 0.021 0.010 0.020 0.026 0.009 0.001 0.072 0.002 0.002 0.027 0.019 0.005 0.094 0.002 0.033 0.005 0.002 0.005 0.004 0.002 0.007 0.001 0.328 0.039 0.157 0.013 0.013 0.001 0.000 0.001 0.005 0.007 0.085 0.003 0.002 0.077 0.001 0.004 0.013 0.301 0.001 0.003 0.226 0.000 
44 tongs_vis 30 0.025 0.015 0.028 0.126 0.014 0.954 0.613 0.004 0.105 0.520 0.005 0.001 0.004 0.000 0.016 0.011 0.015 0.026 0.009 0.001 0.076 0.002 0.002 0.024 0.024 0.006 0.058 0.002 0.030 0.006 0.002 0.007 0.003 0.002 0.011 0.001 0.255 0.048 0.158 0.012 0.012 0.001 0.000 0.001 0.005 0.007 0.068 0.004 0.002 0.079 0.001 0.005 0.009 0.212 0.001 0.003 0.136 0.000 
45 ladle_vis 30 0.026 0.016 0.030 0.115 0.012 0.933 0.399 0.006 0.082 0.549 0.007 0.001 0.004 0.001 0.017 0.013 0.024 0.026 0.011 0.001 0.063 0.002 0.002 0.031 0.018 0.005 0.093 0.002 0.028 0.007 0.002 0.005 0.004 0.002 0.004 0.001 0.276 0.039 0.115 0.017 0.020 0.001 0.000 0.001 0.004 0.008 0.072 0.003 0.002 0.077 0.001 0.004 0.015 0.239 0.002 0.003 0.228 0.000 
46 knife_vis 30 0.022 0.013 0.024 0.089 0.012 0.962 0.521 0.006 0.057 0.518 0.007 0.000 0.003 0.000 0.013 0.009 0.017 0.021 0.009 0.000 0.047 0.001 0.002 0.023 0.015 0.004 0.084 0.001 0.026 0.007 0.001 0.004 0.003 0.002 0.003 0.001 0.273 0.049 0.075 0.022 0.023 0.001 0.000 0.001 0.003 0.005 0.028 0.003 0.002 0.042 0.001 0.004 0.013 0.133 0.002 0.002 0.217 0.000 
47 chopsticks_vis 30 0.024 0.016 0.027 0.116 0.014 0.947 0.644 0.005 0.082 0.490 0.005 0.001 0.005 0.000 0.018 0.010 0.014 0.028 0.009 0.001 0.078 0.002 0.002 0.020 0.028 0.007 0.050 0.002 0.032 0.007 0.002 0.008 0.004 0.002 0.015 0.001 0.234 0.051 0.159 0.011 0.011 0.001 0.000 0.001 0.005 0.007 0.057 0.004 0.002 0.071 0.001 0.005 0.009 0.197 0.002 0.003 0.121 0.000 
