0 beaver_vis 30 0.992 0.003 0.001 0.414 0.000 0.004 0.001 0.001 0.001 0.001 0.001 0.000 0.000 0.002 0.000 0.001 0.000 0.001 0.000 0.000 0.004 0.000 0.006 0.101 0.001 0.119 0.002 0.002 0.000 0.000 0.001 0.002 0.001 0.001 0.000 0.000 0.001 0.001 0.001 0.000 0.001 0.001 0.000 0.001 0.000 0.000 0.000 0.000 0.001 0.000 0.000 0.001 0.001 0.000 0.000 0.000 0.001 0.000 
1 bear_vis 30 0.953 0.001 0.001 0.001 0.063 0.023 0.002 0.001 0.036 0.001 0.001 0.002 0.001 0.000 0.000 0.000 0.000 0.001 0.001 0.001 0.002 0.000 0.003 0.012 0.000 0.001 0.000 0.002 0.001 0.001 0.001 0.004 0.046 0.007 0.000 0.000 0.000 0.001 0.001 0.014 0.001 0.001 0.001 0.001 0.001 0.000 0.006 0.000 0.002 0.003 0.000 0.001 0.001 0.002 0.000 0.000 0.001 0.001 
2 sheep_vis 30 0.992 0.003 0.001 0.767 0.000 0.004 0.001 0.001 0.001 0.001 0.001 0.000 0.001 0.009 0.000 0.000 0.000 0.001 0.000 0.000 0.024 0.000 0.026 0.069 0.003 0.087 0.022 0.007 0.000 0.000 0.001 0.002 0.001 0.001 0.000 0.000 0.002 0.001 0.001 0.000 0.001 0.001 0.000 0.001 0.001 0.000 0.000 0.001 0.002 0.000 0.000 0.001 0.001 0.000 0.000 0.000 0.001 0.000 
3 buffalo_vis 30 0.959 0.001 0.001 0.001 0.065 0.023 0.002 0.001 0.028 0.001 0.001 0.002 0.001 0.000 0.000 0.000 0.000 0.001 0.001 0.001 0.002 0.000 0.003 0.012 0.000 0.001 0.000 0.002 0.001 0.001 0.001 0.004 0.038 0.005 0.000 0.000 0.000 0.001 0.001 0.014 0.001 0.001 0.001 0.001 0.001 0.000 0.004 0.000 0.002 0.002 0.000 0.001 0.001 0.002 0.000 0.000 0.001 0.001 
4 poodle_vis 30 0.990 0.002 0.001 0.112 0.000 0.005 0.001 0.001 0.001 0.001 0.001 0.000 0.000 0.003 0.000 0.000 0.000 0.001 0.000 0.000 0.009 0.000 0.004 0.066 0.001 0.038 0.001 0.002 0.000 0.000 0.001 0.002 0.001 0.001 0.000 0.000 0.001 0.001 0.001 0.000 0.001 0.001 0.000 0.001 0.000 0.000 0.000 0.000 0.001 0.000 0.000 0.001 0.001 0.000 0.000 0.000 0.001 0.000 
5 giraffe_vis 30 0.972 0.001 0.001 0.001 0.076 0.014 0.002 0.001 0.015 0.001 0.001 0.001 0.001 0.000 0.000 0.000 0.000 0.001 0.001 0.001 0.002 0.000 0.002 0.010 0.000 0.001 0.000 0.001 0.001 0.001 0.001 0.006 0.032 0.005 0.000 0.000 0.000 0.001 0.001 0.012 0.001 0.001 0.001 0.001 0.001 0.000 0.003 0.000 0.002 0.001 0.000 0.001 0.001 0.001 0.000 0.000 0.001 0.000 
6 robin_vis 30 0.992 0.008 0.001 0.182 0.000 0.003 0.001 0.001 0.001 0.001 0.001 0.000 0.001 0.013 0.000 0.000 0.000 0.001 0.000 0.000 0.095 0.000 0.015 0.023 0.003 0.052 0.007 0.005 0.000 0.000 0.001 0.001 0.001 0.001 0.000 0.000 0.003 0.002 0.001 0.000 0.001 0.001 0.000 0.001 0.000 0.000 0.000 0.000 0.001 0.000 0.000 0.001 0.001 0.000 0.000 0.000 0.000 0.000 
7 swan_vis 30 0.991 0.040 0.001 0.049 0.000 0.004 0.001 0.001 0.001 0.001 0.001 0.000 0.001 0.055 0.000 0.000 0.000 0.001 0.000 0.000 0.127 0.000 0.006 0.025 0.003 0.031 0.004 0.003 0.000 0.000 0.002 0.001 0.001 0.001 0.000 0.000 0.003 0.002 0.001 0.000 0.001 0.001 0.000 0.001 0.000 0.000 0.000 0.000 0.002 0.000 0.000 0.001 0.001 0.000 0.000 0.000 0.001 0.000 
8 woodpecker_vis 30 0.991 0.006 0.005 0.033 0.001 0.004 0.001 0.001 0.001 0.001 0.001 0.000 0.001 0.007 0.000 0.000 0.000 0.009 0.000 0.000 0.118 0.000 0.004 0.007 0.001 0.010 0.001 0.003 0.001 0.000 0.001 0.017 0.001 0.001 0.000 0.000 0.001 0.002 0.001 0.000 0.001 0.001 0.000 0.001 0.000 0.000 0.000 0.000 0.002 0.000 0.000 0.001 0.001 0.000 0.000 0.000 0.001 0.000 
9 peacock_vis 30 0.988 0.003 0.013 0.007 0.001 0.007 0.001 0.001 0.001 0.001 0.001 0.000 0.001 0.005 0.000 0.000 0.000 0.020 0.000 0.000 0.259 0.000 0.002 0.002 0.001 0.004 0.001 0.001 0.002 0.000 0.001 0.024 0.001 0.001 0.000 0.000 0.001 0.003 0.001 0.000 0.001 0.001 0.000 0.001 0.001 0.000 0.000 0.000 0.002 0.000 0.000 0.001 0.001 0.000 0.000 0.000 0.001 0.000 
10 crow_vis 30 0.980 0.002 0.039 0.001 0.003 0.010 0.002 0.001 0.002 0.002 0.001 0.001 0.002 0.004 0.000 0.000 0.000 0.028 0.001 0.000 0.300 0.000 0.002 0.001 0.000 0.001 0.001 0.002 0.004 0.000 0.001 0.047 0.003 0.001 0.000 0.000 0.001 0.003 0.001 0.000 0.002 0.001 0.000 0.001 0.001 0.000 0.000 0.000 0.002 0.000 0.000 0.001 0.001 0.000 0.000 0.001 0.001 0.000 
11 eagle_vis 30 0.992 0.013 0.001 0.194 0.000 0.004 0.001 0.001 0.001 0.001 0.001 0.000 0.001 0.028 0.000 0.000 0.000 0.001 0.000 0.000 0.086 0.000 0.010 0.048 0.003 0.052 0.012 0.004 0.000 0.000 0.002 0.001 0.001 0.001 0.000 0.000 0.004 0.002 0.001 0.000 0.001 0.001 0.000 0.001 0.000 0.000 0.000 0.000 0.002 0.000 0.000 0.001 0.001 0.000 0.000 0.000 0.001 0.000 
12 tuna_vis 30 0.987 0.004 0.001 0.654 0.001 0.005 0.002 0.001 0.001 0.001 0.001 0.000 0.000 0.008 0.000 0.000 0.000 0.002 0.000 0.000 0.024 0.001 0.002 0.099 0.003 0.030 0.354 0.001 0.002 0.000 0.001 0.012 0.001 0.000 0.002 0.000 0.002 0.001 0.002 0.000 0.004 0.002 0.000 0.004 0.001 0.000 0.000 0.002 0.001 0.000 0.002 0.001 0.001 0.000 0.000 0.001 0.001 0.000 
13 goldfish_vis 30 0.990 0.003 0.001 0.223 0.000 0.004 0.001 0.001 0.001 0.001 0.001 0.000 0.000 0.007 0.000 0.000 0.000 0.001 0.000 0.000 0.075 0.000 0.006 0.037 0.003 0.077 0.012 0.001 0.000 0.000 0.002 0.002 0.001 0.001 0.000 0.000 0.001 0.001 0.001 0.000 0.001 0.001 0.000 0.001 0.000 0.000 0.000 0.000 0.001 0.000 0.000 0.001 0.001 0.000 0.000 0.000 0.001 0.000 
14 salmon_vis 30 0.988 0.006 0.002 0.318 0.000 0.005 0.001 0.001 0.001 0.001 0.001 0.000 0.001 0.037 0.000 0.000 0.000 0.001 0.001 0.000 0.091 0.000 0.011 0.024 0.004 0.047 0.017 0.007 0.000 0.000 0.001 0.002 0.001 0.001 0.000 0.000 0.005 0.001 0.001 0.000 0.001 0.001 0.000 0.001 0.001 0.000 0.000 0.001 0.002 0.000 0.001 0.001 0.001 0.000 0.000 0.001 0.001 0.000 
15 sardine_vis 30 0.991 0.003 0.001 0.881 0.000 0.003 0.001 0.001 0.001 0.001 0.001 0.000 0.000 0.013 0.000 0.000 0.000 0.001 0.000 0.000 0.035 0.000 0.020 0.084 0.006 0.120 0.118 0.004 0.000 0.000 0.001 0.003 0.001 0.000 0.000 0.000 0.003 0.001 0.001 0.000 0.001 0.001 0.000 0.002 0.001 0.000 0.000 0.002 0.001 0.000 0.001 0.001 0.001 0.000 0.000 0.000 0.000 0.000 
16 catfish_vis 30 0.991 0.003 0.001 0.530 0.000 0.004 0.001 0.001 0.001 0.001 0.001 0.000 0.000 0.016 0.000 0.000 0.000 0.001 0.000 0.000 0.072 0.000 0.010 0.065 0.004 0.121 0.031 0.002 0.000 0.000 0.002 0.002 0.001 0.001 0.000 0.000 0.003 0.001 0.001 0.000 0.001 0.001 0.000 0.001 0.000 0.000 0.000 0.001 0.001 0.000 0.000 0.001 0.001 0.000 0.000 0.000 0.001 0.000 
17 cod_vis 30 0.990 0.003 0.001 0.835 0.000 0.004 0.001 0.001 0.001 0.001 0.001 0.000 0.000 0.016 0.000 0.000 0.000 0.001 0.000 0.000 0.040 0.000 0.015 0.080 0.006 0.112 0.101 0.003 0.000 0.000 0.001 0.003 0.001 0.000 0.000 0.000 0.003 0.001 0.001 0.000 0.001 0.001 0.000 0.002 0.001 0.000 0.000 0.001 0.001 0.000 0.001 0.001 0.001 0.000 0.000 0.000 0.001 0.000 
18 turtle_vis 30 0.971 0.001 0.001 0.001 0.033 0.012 0.001 0.001 0.012 0.001 0.001 0.001 0.000 0.000 0.000 0.000 0.000 0.001 0.001 0.001 0.002 0.000 0.001 0.004 0.000 0.001 0.000 0.001 0.001 0.001 0.001 0.002 0.014 0.006 0.000 0.000 0.000 0.001 0.001 0.005 0.001 0.001 0.001 0.001 0.001 0.000 0.003 0.000 0.001 0.001 0.000 0.001 0.001 0.001 0.000 0.000 0.001 0.001 
19 rattlesnake_vis 30 0.944 0.001 0.001 0.003 0.027 0.012 0.003 0.001 0.009 0.003 0.001 0.001 0.000 0.001 0.000 0.000 0.000 0.001 0.002 0.001 0.003 0.000 0.001 0.005 0.001 0.001 0.001 0.001 0.002 0.004 0.001 0.003 0.008 0.003 0.001 0.001 0.001 0.001 0.001 0.004 0.001 0.001 0.001 0.002 0.001 0.000 0.003 0.001 0.001 0.001 0.001 0.001 0.001 0.001 0.000 0.001 0.001 0.001 
20 crab_vis 30 0.963 0.001 0.001 0.001 0.016 0.016 0.001 0.001 0.018 0.002 0.001 0.001 0.000 0.000 0.000 0.000 0.000 0.001 0.001 0.001 0.002 0.000 0.001 0.003 0.000 0.001 0.000 0.001 0.001 0.001 0.001 0.001 0.036 0.006 0.000 0.000 0.000 0.001 0.001 0.004 0.001 0.001 0.001 0.001 0.001 0.000 0.005 0.000 0.002 0.001 0.000 0.001 0.001 0.001 0.000 0.000 0.001 0.001 
21 frog_vis 30 0.987 0.004 0.001 0.118 0.000 0.005 0.001 0.001 0.002 0.001 0.001 0.000 0.001 0.015 0.000 0.000 0.000 0.001 0.000 0.000 0.037 0.000 0.003 0.018 0.003 0.019 0.003 0.006 0.000 0.000 0.001 0.001 0.001 0.001 0.000 0.000 0.002 0.001 0.001 0.000 0.001 0.001 0.000 0.001 0.001 0.000 0.000 0.000 0.001 0.000 0.001 0.001 0.001 0.000 0.000 0.000 0.001 0.000 
22 gecko_vis 30 0.903 0.001 0.002 0.002 0.013 0.024 0.003 0.002 0.076 0.006 0.001 0.002 0.000 0.001 0.000 0.000 0.001 0.001 0.008 0.001 0.003 0.000 0.002 0.007 0.000 0.001 0.001 0.002 0.002 0.016 0.001 0.001 0.030 0.003 0.001 0.001 0.001 0.001 0.001 0.004 0.001 0.001 0.002 0.002 0.001 0.000 0.012 0.001 0.002 0.004 0.001 0.001 0.001 0.002 0.000 0.001 0.001 0.001 
23 crocodile_vis 30 0.956 0.001 0.001 0.004 0.047 0.014 0.003 0.001 0.007 0.002 0.001 0.000 0.000 0.001 0.000 0.000 0.001 0.001 0.001 0.000 0.003 0.000 0.002 0.005 0.000 0.001 0.001 0.002 0.002 0.002 0.001 0.006 0.010 0.003 0.001 0.000 0.001 0.001 0.002 0.002 0.001 0.002 0.001 0.002 0.001 0.000 0.001 0.000 0.002 0.000 0.001 0.001 0.001 0.000 0.000 0.001 0.001 0.000 
24 axe_vis 30 0.021 0.001 0.001 0.005 0.005 0.963 0.674 0.031 0.063 0.149 0.001 0.000 0.001 0.003 0.001 0.000 0.001 0.001 0.001 0.000 0.008 0.000 0.001 0.004 0.001 0.001 0.014 0.006 0.011 0.027 0.001 0.003 0.003 0.002 0.792 0.002 0.004 0.005 0.002 0.000 0.009 0.006 0.001 0.005 0.004 0.003 0.001 0.001 0.014 0.001 0.006 0.001 0.003 0.000 0.001 0.017 0.002 0.003 
25 hammer_vis 30 0.007 0.001 0.001 0.008 0.001 0.990 0.671 0.283 0.357 0.314 0.001 0.000 0.000 0.001 0.000 0.000 0.001 0.001 0.002 0.000 0.002 0.000 0.002 0.003 0.000 0.001 0.001 0.027 0.001 0.015 0.001 0.000 0.012 0.001 0.007 0.001 0.002 0.009 0.004 0.003 0.001 0.086 0.005 0.003 0.002 0.001 0.001 0.000 0.012 0.025 0.001 0.001 0.003 0.000 0.000 0.003 0.149 0.000 
26 screwdriver_vis 30 0.013 0.001 0.001 0.009 0.002 0.951 0.566 0.039 0.208 0.134 0.001 0.000 0.001 0.009 0.000 0.000 0.001 0.001 0.003 0.000 0.018 0.000 0.002 0.003 0.001 0.001 0.012 0.019 0.007 0.016 0.001 0.001 0.005 0.001 0.647 0.001 0.008 0.004 0.001 0.000 0.003 0.007 0.001 0.006 0.003 0.007 0.001 0.001 0.014 0.005 0.009 0.001 0.002 0.000 0.001 0.030 0.002 0.001 
27 chisel_vis 30 0.007 0.001 0.001 0.014 0.001 0.984 0.218 0.137 0.347 0.152 0.001 0.000 0.000 0.009 0.000 0.000 0.001 0.001 0.002 0.000 0.018 0.000 0.002 0.002 0.001 0.001 0.007 0.016 0.002 0.005 0.001 0.001 0.008 0.001 0.347 0.001 0.002 0.003 0.001 0.000 0.003 0.022 0.001 0.004 0.001 0.027 0.000 0.001 0.029 0.008 0.006 0.001 0.001 0.000 0.001 0.023 0.011 0.000 
28 saw_vis 30 0.009 0.001 0.001 0.005 0.002 0.986 0.943 0.051 0.033 0.285 0.001 0.000 0.001 0.003 0.000 0.000 0.001 0.001 0.002 0.000 0.003 0.000 0.002 0.006 0.000 0.001 0.002 0.021 0.001 0.036 0.001 0.001 0.005 0.001 0.004 0.000 0.065 0.121 0.008 0.006 0.001 0.010 0.001 0.036 0.008 0.001 0.001 0.001 0.007 0.001 0.003 0.001 0.011 0.000 0.000 0.006 0.022 0.001 
29 drill_vis 30 0.017 0.001 0.001 0.005 0.003 0.977 0.932 0.021 0.118 0.199 0.001 0.001 0.000 0.002 0.000 0.000 0.001 0.001 0.004 0.000 0.002 0.000 0.003 0.009 0.000 0.001 0.001 0.018 0.001 0.090 0.001 0.001 0.010 0.001 0.002 0.000 0.067 0.013 0.012 0.203 0.001 0.011 0.002 0.012 0.025 0.001 0.003 0.001 0.003 0.008 0.002 0.001 0.003 0.001 0.000 0.004 0.005 0.001 
30 clamp_vis 30 0.053 0.001 0.001 0.005 0.001 0.966 0.001 0.931 0.177 0.350 0.001 0.000 0.000 0.000 0.000 0.000 0.000 0.001 0.005 0.003 0.009 0.000 0.039 0.000 0.000 0.002 0.001 0.001 0.001 0.001 0.001 0.000 0.022 0.001 0.002 0.000 0.000 0.001 0.001 0.000 0.019 0.066 0.009 0.001 0.002 0.405 0.001 0.010 0.033 0.012 0.001 0.001 0.001 0.000 0.002 0.004 0.005 0.000 
31 hoe_vis 30 0.027 0.001 0.001 0.016 0.002 0.892 0.005 0.699 0.099 0.121 0.001 0.000 0.000 0.002 0.000 0.000 0.000 0.002 0.002 0.002 0.103 0.001 0.004 0.000 0.002 0.008 0.032 0.001 0.004 0.002 0.001 0.001 0.010 0.001 0.157 0.000 0.004 0.002 0.001 0.000 0.015 0.078 0.001 0.021 0.002 0.330 0.001 0.034 0.008 0.000 0.015 0.001 0.001 0.000 0.003 0.315 0.002 0.000 
32 rake_vis 30 0.133 0.001 0.001 0.002 0.001 0.944 0.001 0.823 0.219 0.168 0.001 0.001 0.000 0.000 0.000 0.000 0.000 0.001 0.004 0.004 0.016 0.000 0.113 0.000 0.000 0.003 0.001 0.001 0.000 0.001 0.001 0.000 0.072 0.001 0.001 0.000 0.000 0.001 0.001 0.000 0.022 0.022 0.006 0.001 0.002 0.239 0.001 0.008 0.018 0.016 0.000 0.001 0.001 0.001 0.001 0.002 0.002 0.000 
33 shovel_vis 30 0.025 0.001 0.001 0.010 0.001 0.982 0.002 0.946 0.054 0.412 0.001 0.000 0.000 0.001 0.000 0.000 0.000 0.001 0.003 0.002 0.021 0.000 0.016 0.000 0.001 0.004 0.006 0.001 0.001 0.001 0.001 0.000 0.009 0.001 0.005 0.000 0.001 0.002 0.001 0.000 0.027 0.048 0.005 0.004 0.001 0.572 0.000 0.012 0.029 0.002 0.002 0.001 0.001 0.000 0.001 0.019 0.008 0.000 
34 spade_vis 30 0.146 0.001 0.002 0.005 0.003 0.897 0.002 0.838 0.291 0.191 0.001 0.000 0.000 0.001 0.000 0.000 0.000 0.001 0.007 0.004 0.015 0.000 0.044 0.000 0.001 0.002 0.001 0.001 0.001 0.002 0.001 0.000 0.068 0.001 0.002 0.000 0.002 0.002 0.001 0.000 0.010 0.112 0.003 0.003 0.003 0.204 0.003 0.006 0.020 0.010 0.001 0.001 0.001 0.001 0.001 0.012 0.003 0.000 
35 wrench_vis 30 0.026 0.001 0.001 0.013 0.001 0.980 0.002 0.950 0.043 0.454 0.001 0.000 0.000 0.001 0.000 0.000 0.000 0.002 0.003 0.002 0.027 0.000 0.019 0.000 0.001 0.004 0.009 0.001 0.001 0.001 0.001 0.001 0.008 0.001 0.005 0.000 0.001 0.002 0.001 0.000 0.036 0.055 0.005 0.008 0.001 0.618 0.000 0.020 0.033 0.002 0.002 0.001 0.001 0.000 0.002 0.030 0.009 0.000 
36 accordion_vis 30 0.014 0.001 0.001 0.009 0.002 0.949 0.051 0.002 0.948 0.030 0.001 0.010 0.000 0.003 0.000 0.001 0.002 0.001 0.015 0.000 0.001 0.000 0.004 0.046 0.000 0.001 0.002 0.020 0.001 0.099 0.001 0.000 0.013 0.005 0.007 0.016 0.003 0.002 0.007 0.025 0.001 0.003 0.019 0.002 0.001 0.000 0.568 0.002 0.006 0.296 0.003 0.001 0.001 0.019 0.000 0.002 0.002 0.011 
37 cello_vis 30 0.010 0.001 0.001 0.013 0.001 0.976 0.055 0.005 0.888 0.121 0.001 0.011 0.001 0.002 0.000 0.000 0.002 0.001 0.013 0.000 0.001 0.000 0.005 0.022 0.000 0.001 0.001 0.033 0.001 0.018 0.001 0.000 0.012 0.002 0.002 0.056 0.001 0.002 0.005 0.003 0.001 0.004 0.066 0.002 0.001 0.000 0.014 0.001 0.004 0.449 0.001 0.001 0.001 0.023 0.000 0.001 0.012 0.003 
38 flute_vis 30 0.007 0.001 0.001 0.009 0.001 0.991 0.017 0.059 0.924 0.100 0.001 0.001 0.000 0.001 0.000 0.000 0.001 0.001 0.004 0.000 0.001 0.000 0.002 0.005 0.000 0.001 0.001 0.014 0.001 0.012 0.001 0.000 0.014 0.004 0.009 0.002 0.001 0.002 0.001 0.001 0.001 0.047 0.003 0.001 0.001 0.002 0.005 0.000 0.032 0.342 0.001 0.001 0.001 0.001 0.000 0.002 0.019 0.001 
39 guitar_vis 30 0.005 0.001 0.001 0.008 0.001 0.992 0.034 0.147 0.897 0.272 0.001 0.001 0.000 0.001 0.000 0.000 0.001 0.001 0.001 0.000 0.001 0.000 0.002 0.004 0.000 0.001 0.001 0.013 0.000 0.007 0.001 0.000 0.008 0.006 0.002 0.014 0.000 0.004 0.001 0.000 0.001 0.047 0.009 0.001 0.001 0.002 0.000 0.000 0.206 0.258 0.001 0.001 0.003 0.000 0.000 0.001 0.398 0.000 
40 piano_vis 30 0.012 0.001 0.001 0.016 0.001 0.948 0.060 0.002 0.938 0.052 0.001 0.026 0.000 0.003 0.000 0.000 0.003 0.001 0.035 0.000 0.001 0.000 0.011 0.028 0.000 0.001 0.001 0.031 0.001 0.040 0.000 0.000 0.020 0.001 0.001 0.020 0.004 0.002 0.015 0.020 0.001 0.004 0.144 0.002 0.001 0.000 0.110 0.001 0.002 0.369 0.001 0.001 0.001 0.096 0.000 0.001 0.010 0.003 
41 trumpet_vis 30 0.114 0.001 0.002 0.005 0.001 0.628 0.001 0.292 0.499 0.100 0.001 0.005 0.000 0.000 0.000 0.000 0.000 0.001 0.030 0.007 0.011 0.000 0.130 0.000 0.000 0.003 0.001 0.001 0.000 0.001 0.000 0.000 0.053 0.001 0.001 0.000 0.000 0.001 0.001 0.001 0.005 0.015 0.033 0.001 0.002 0.040 0.006 0.047 0.002 0.067 0.000 0.001 0.001 0.021 0.002 0.001 0.001 0.001 
42 fork_vis 30 0.007 0.001 0.001 0.005 0.001 0.992 0.708 0.021 0.009 0.307 0.008 0.000 0.001 0.002 0.000 0.000 0.001 0.001 0.001 0.000 0.003 0.000 0.001 0.019 0.000 0.001 0.005 0.006 0.002 0.002 0.005 0.001 0.002 0.001 0.002 0.146 0.000 0.035 0.009 0.000 0.008 0.003 0.012 0.009 0.001 0.001 0.000 0.000 0.003 0.001 0.003 0.001 0.011 0.000 0.000 0.000 0.033 0.000 
43 spoon_vis 30 0.035 0.001 0.001 0.002 0.001 0.993 0.026 0.531 0.012 0.522 0.001 0.000 0.000 0.000 0.000 0.000 0.000 0.001 0.000 0.000 0.001 0.000 0.001 0.001 0.000 0.001 0.002 0.001 0.001 0.003 0.003 0.001 0.002 0.006 0.001 0.006 0.000 0.007 0.004 0.000 0.039 0.006 0.005 0.006 0.001 0.001 0.000 0.000 0.005 0.001 0.001 0.001 0.032 0.000 0.000 0.000 0.016 0.000 
44 tongs_vis 30 0.005 0.001 0.001 0.015 0.001 0.990 0.179 0.254 0.400 0.400 0.002 0.000 0.001 0.006 0.000 0.000 0.001 0.001 0.002 0.000 0.003 0.000 0.003 0.004 0.000 0.001 0.002 0.033 0.001 0.003 0.001 0.000 0.008 0.002 0.006 0.014 0.000 0.013 0.001 0.000 0.002 0.017 0.004 0.002 0.001 0.008 0.000 0.000 0.060 0.043 0.001 0.001 0.003 0.000 0.000 0.001 0.351 0.000 
45 ladle_vis 30 0.043 0.001 0.001 0.004 0.001 0.991 0.002 0.906 0.017 0.397 0.001 0.000 0.000 0.000 0.000 0.000 0.000 0.001 0.000 0.003 0.002 0.000 0.001 0.000 0.000 0.002 0.002 0.000 0.001 0.001 0.003 0.000 0.003 0.002 0.000 0.001 0.000 0.002 0.002 0.000 0.025 0.042 0.006 0.010 0.001 0.017 0.000 0.001 0.003 0.000 0.001 0.001 0.005 0.000 0.001 0.001 0.018 0.000 
46 knife_vis 30 0.004 0.001 0.001 0.005 0.000 0.994 0.178 0.369 0.320 0.590 0.002 0.000 0.000 0.002 0.000 0.000 0.001 0.001 0.001 0.000 0.001 0.000 0.001 0.003 0.000 0.001 0.001 0.013 0.000 0.002 0.001 0.000 0.006 0.002 0.001 0.006 0.000 0.021 0.001 0.000 0.003 0.027 0.003 0.003 0.001 0.004 0.000 0.000 0.074 0.039 0.001 0.001 0.006 0.000 0.000 0.000 0.595 0.000 
47 chopsticks_vis 30 0.004 0.001 0.001 0.008 0.001 0.993 0.376 0.141 0.139 0.535 0.003 0.000 0.001 0.005 0.000 0.000 0.001 0.001 0.001 0.000 0.003 0.000 0.001 0.006 0.000 0.001 0.001 0.020 0.001 0.002 0.002 0.000 0.004 0.002 0.002 0.026 0.000 0.030 0.002 0.000 0.003 0.006 0.004 0.003 0.001 0.003 0.000 0.000 0.037 0.012 0.001 0.001 0.007 0.000 0.000 0.000 0.416 0.000 
