0 beaver_vis 30 0.992 0.082 0.000 0.002 0.466 0.029 0.005 0.000 0.000 0.000 0.000 0.000 0.000 0.035 0.001 0.026 0.000 0.000 0.000 0.000 0.067 0.000 0.003 0.000 0.000 0.003 0.279 0.000 0.001 0.028 0.002 0.088 0.005 0.274 0.004 0.001 0.001 0.018 0.012 0.001 0.000 0.000 0.000 0.000 0.004 0.000 0.000 0.000 0.001 0.000 0.000 0.000 0.000 0.000 0.000 0.000 0.000 0.000 
1 bear_vis 30 0.989 0.709 0.001 0.003 0.213 0.007 0.004 0.000 0.000 0.000 0.000 0.001 0.001 0.384 0.007 0.146 0.000 0.004 0.000 0.000 0.292 0.000 0.003 0.000 0.000 0.008 0.139 0.001 0.001 0.023 0.002 0.126 0.008 0.110 0.007 0.001 0.001 0.010 0.004 0.001 0.000 0.000 0.000 0.000 0.006 0.000 0.000 0.000 0.002 0.000 0.000 0.000 0.001 0.000 0.000 0.000 0.001 0.000 
2 sheep_vis 30 0.989 0.083 0.000 0.001 0.330 0.035 0.005 0.000 0.000 0.000 0.000 0.000 0.001 0.039 0.001 0.015 0.000 0.000 0.000 0.000 0.085 0.000 0.001 0.000 0.000 0.001 0.313 0.001 0.000 0.037 0.001 0.070 0.001 0.305 0.008 0.001 0.001 0.019 0.018 0.001 0.000 0.000 0.000 0.000 0.008 0.000 0.000 0.000 0.001 0.000 0.000 0.000 0.000 0.000 0.000 0.000 0.000 0.000 
3 buffalo_vis 30 0.990 0.720 0.001 0.004 0.402 0.008 0.005 0.000 0.000 0.000 0.001 0.000 0.003 0.398 0.009 0.093 0.000 0.002 0.000 0.000 0.246 0.001 0.002 0.000 0.000 0.007 0.234 0.002 0.001 0.035 0.002 0.146 0.006 0.234 0.005 0.002 0.001 0.011 0.005 0.001 0.000 0.000 0.000 0.000 0.005 0.000 0.000 0.000 0.001 0.000 0.000 0.000 0.001 0.000 0.000 0.000 0.000 0.000 
4 poodle_vis 30 0.993 0.736 0.001 0.004 0.453 0.007 0.004 0.000 0.000 0.000 0.000 0.001 0.001 0.364 0.008 0.240 0.000 0.004 0.000 0.000 0.199 0.001 0.005 0.000 0.000 0.022 0.135 0.001 0.002 0.016 0.004 0.163 0.025 0.115 0.001 0.002 0.001 0.009 0.002 0.001 0.000 0.000 0.000 0.000 0.002 0.000 0.000 0.000 0.003 0.000 0.000 0.000 0.000 0.000 0.000 0.000 0.000 0.000 
5 giraffe_vis 30 0.992 0.759 0.001 0.003 0.287 0.008 0.004 0.000 0.000 0.000 0.000 0.001 0.001 0.409 0.006 0.170 0.000 0.004 0.000 0.000 0.296 0.000 0.003 0.000 0.000 0.008 0.156 0.001 0.001 0.023 0.002 0.160 0.007 0.129 0.004 0.001 0.001 0.009 0.003 0.001 0.000 0.000 0.000 0.000 0.003 0.000 0.000 0.000 0.002 0.000 0.000 0.000 0.001 0.000 0.000 0.000 0.000 0.000 
6 robin_vis 30 0.992 0.434 0.000 0.002 0.574 0.010 0.005 0.000 0.000 0.000 0.000 0.000 0.000 0.083 0.002 0.246 0.000 0.002 0.000 0.000 0.064 0.000 0.006 0.000 0.000 0.049 0.104 0.000 0.002 0.009 0.002 0.117 0.123 0.087 0.001 0.003 0.001 0.010 0.003 0.001 0.000 0.000 0.000 0.000 0.001 0.000 0.000 0.000 0.006 0.000 0.000 0.002 0.000 0.000 0.000 0.000 0.000 0.000 
7 swan_vis 30 0.992 0.773 0.001 0.003 0.397 0.007 0.004 0.000 0.000 0.000 0.000 0.001 0.001 0.456 0.009 0.117 0.000 0.002 0.000 0.000 0.263 0.001 0.002 0.000 0.000 0.008 0.215 0.002 0.001 0.031 0.002 0.144 0.006 0.213 0.004 0.001 0.001 0.010 0.004 0.001 0.000 0.000 0.000 0.000 0.004 0.000 0.000 0.000 0.002 0.000 0.000 0.000 0.001 0.000 0.000 0.000 0.000 0.000 
8 woodpecker_vis 30 0.994 0.614 0.001 0.002 0.495 0.007 0.004 0.000 0.000 0.000 0.001 0.001 0.000 0.133 0.004 0.437 0.000 0.006 0.000 0.000 0.081 0.001 0.006 0.000 0.000 0.094 0.067 0.000 0.003 0.006 0.002 0.123 0.209 0.052 0.000 0.004 0.001 0.008 0.002 0.001 0.000 0.000 0.000 0.000 0.001 0.000 0.000 0.000 0.010 0.000 0.000 0.004 0.000 0.000 0.000 0.000 0.000 0.001 
9 peacock_vis 30 0.990 0.267 0.000 0.000 0.258 0.029 0.006 0.000 0.000 0.000 0.000 0.000 0.000 0.056 0.000 0.047 0.000 0.001 0.000 0.000 0.142 0.000 0.002 0.000 0.000 0.002 0.210 0.000 0.000 0.026 0.001 0.088 0.002 0.191 0.006 0.001 0.001 0.016 0.011 0.001 0.000 0.000 0.000 0.000 0.005 0.000 0.000 0.000 0.001 0.000 0.000 0.000 0.000 0.000 0.000 0.000 0.000 0.000 
10 crow_vis 30 0.989 0.770 0.001 0.004 0.325 0.009 0.006 0.000 0.000 0.000 0.001 0.001 0.002 0.452 0.009 0.124 0.000 0.003 0.000 0.000 0.299 0.001 0.003 0.000 0.000 0.008 0.201 0.002 0.001 0.032 0.002 0.155 0.008 0.189 0.006 0.002 0.001 0.010 0.004 0.001 0.000 0.000 0.000 0.000 0.005 0.000 0.000 0.000 0.002 0.000 0.000 0.001 0.001 0.000 0.000 0.000 0.000 0.000 
11 eagle_vis 30 0.994 0.632 0.001 0.002 0.513 0.007 0.004 0.000 0.000 0.000 0.001 0.001 0.000 0.194 0.006 0.322 0.000 0.004 0.000 0.000 0.096 0.001 0.006 0.000 0.000 0.060 0.087 0.000 0.002 0.008 0.003 0.116 0.115 0.070 0.001 0.002 0.001 0.008 0.002 0.000 0.000 0.000 0.000 0.000 0.001 0.000 0.000 0.000 0.006 0.000 0.000 0.002 0.000 0.000 0.000 0.000 0.000 0.000 
12 tuna_vis 30 0.989 0.069 0.000 0.001 0.325 0.044 0.006 0.000 0.000 0.000 0.000 0.000 0.000 0.029 0.000 0.017 0.000 0.000 0.000 0.000 0.084 0.000 0.002 0.000 0.000 0.001 0.286 0.000 0.000 0.033 0.002 0.080 0.002 0.269 0.007 0.001 0.001 0.019 0.016 0.001 0.000 0.000 0.000 0.000 0.006 0.000 0.000 0.000 0.001 0.000 0.000 0.000 0.000 0.000 0.000 0.000 0.000 0.000 
13 goldfish_vis 30 0.988 0.084 0.000 0.001 0.187 0.059 0.005 0.000 0.000 0.000 0.000 0.000 0.000 0.020 0.000 0.035 0.000 0.000 0.000 0.000 0.089 0.000 0.002 0.000 0.000 0.002 0.161 0.000 0.000 0.018 0.001 0.078 0.002 0.120 0.004 0.001 0.001 0.016 0.007 0.001 0.000 0.000 0.000 0.000 0.004 0.000 0.000 0.000 0.001 0.000 0.000 0.000 0.000 0.000 0.000 0.000 0.000 0.000 
14 salmon_vis 30 0.987 0.088 0.000 0.001 0.246 0.045 0.004 0.000 0.000 0.000 0.000 0.000 0.001 0.035 0.001 0.017 0.000 0.000 0.000 0.000 0.094 0.000 0.001 0.000 0.000 0.001 0.254 0.001 0.000 0.031 0.001 0.068 0.001 0.230 0.008 0.001 0.001 0.018 0.014 0.001 0.000 0.000 0.000 0.000 0.007 0.000 0.000 0.000 0.001 0.000 0.000 0.000 0.000 0.000 0.000 0.000 0.000 0.000 
15 sardine_vis 30 0.986 0.065 0.000 0.000 0.271 0.061 0.011 0.000 0.000 0.000 0.000 0.000 0.000 0.022 0.000 0.020 0.000 0.000 0.000 0.000 0.086 0.000 0.002 0.000 0.000 0.001 0.246 0.000 0.000 0.031 0.001 0.079 0.001 0.222 0.007 0.001 0.001 0.019 0.016 0.002 0.000 0.000 0.000 0.000 0.006 0.000 0.000 0.000 0.001 0.000 0.000 0.000 0.000 0.000 0.000 0.000 0.000 0.000 
16 catfish_vis 30 0.988 0.086 0.000 0.001 0.139 0.060 0.004 0.000 0.000 0.000 0.000 0.000 0.000 0.018 0.000 0.035 0.000 0.001 0.000 0.000 0.091 0.000 0.002 0.000 0.000 0.001 0.138 0.000 0.000 0.015 0.001 0.074 0.002 0.088 0.004 0.001 0.001 0.015 0.006 0.001 0.000 0.000 0.000 0.000 0.004 0.000 0.000 0.000 0.001 0.000 0.000 0.000 0.000 0.000 0.000 0.000 0.000 0.000 
17 cod_vis 30 0.987 0.081 0.000 0.001 0.178 0.060 0.005 0.000 0.000 0.000 0.000 0.000 0.000 0.021 0.000 0.027 0.000 0.000 0.000 0.000 0.093 0.000 0.002 0.000 0.000 0.001 0.169 0.000 0.000 0.020 0.002 0.076 0.002 0.127 0.005 0.001 0.001 0.016 0.008 0.001 0.000 0.000 0.000 0.000 0.004 0.000 0.000 0.000 0.001 0.000 0.000 0.000 0.000 0.000 0.000 0.000 0.000 0.000 
18 turtle_vis 30 0.988 0.071 0.000 0.000 0.225 0.060 0.009 0.000 0.000 0.000 0.000 0.000 0.000 0.017 0.000 0.035 0.000 0.000 0.000 0.000 0.073 0.000 0.002 0.000 0.000 0.002 0.174 0.000 0.000 0.019 0.001 0.075 0.003 0.142 0.004 0.002 0.001 0.016 0.009 0.001 0.000 0.000 0.000 0.000 0.004 0.000 0.000 0.000 0.001 0.000 0.000 0.000 0.000 0.000 0.000 0.000 0.000 0.000 
19 rattlesnake_vis 30 0.986 0.077 0.000 0.000 0.178 0.089 0.009 0.000 0.000 0.000 0.000 0.000 0.000 0.016 0.000 0.038 0.000 0.000 0.000 0.000 0.096 0.000 0.002 0.000 0.000 0.001 0.155 0.000 0.000 0.022 0.001 0.091 0.002 0.122 0.007 0.002 0.001 0.017 0.008 0.001 0.000 0.000 0.000 0.000 0.004 0.000 0.000 0.000 0.001 0.000 0.000 0.000 0.000 0.000 0.000 0.000 0.000 0.000 
20 crab_vis 30 0.986 0.075 0.000 0.000 0.164 0.083 0.009 0.000 0.000 0.000 0.000 0.000 0.000 0.016 0.000 0.030 0.000 0.000 0.000 0.000 0.092 0.000 0.002 0.000 0.000 0.001 0.150 0.000 0.000 0.021 0.001 0.082 0.002 0.114 0.006 0.002 0.001 0.017 0.008 0.001 0.000 0.000 0.000 0.000 0.004 0.000 0.000 0.000 0.001 0.000 0.000 0.000 0.000 0.000 0.000 0.000 0.000 0.000 
21 frog_vis 30 0.984 0.048 0.000 0.000 0.361 0.059 0.016 0.000 0.000 0.000 0.000 0.000 0.000 0.025 0.000 0.013 0.000 0.000 0.000 0.000 0.074 0.000 0.002 0.000 0.000 0.001 0.335 0.000 0.000 0.041 0.001 0.073 0.001 0.335 0.009 0.001 0.001 0.022 0.025 0.002 0.000 0.000 0.000 0.000 0.008 0.000 0.000 0.000 0.001 0.000 0.000 0.000 0.000 0.000 0.000 0.000 0.000 0.000 
22 gecko_vis 30 0.986 0.069 0.000 0.000 0.216 0.076 0.010 0.000 0.000 0.000 0.000 0.000 0.000 0.018 0.000 0.025 0.000 0.000 0.000 0.000 0.087 0.000 0.002 0.000 0.000 0.001 0.187 0.000 0.000 0.026 0.001 0.083 0.002 0.160 0.007 0.002 0.001 0.018 0.010 0.001 0.000 0.000 0.000 0.000 0.004 0.000 0.000 0.000 0.001 0.000 0.000 0.000 0.000 0.000 0.000 0.000 0.000 0.000 
23 crocodile_vis 30 0.987 0.072 0.000 0.000 0.215 0.081 0.009 0.000 0.000 0.000 0.000 0.000 0.000 0.018 0.000 0.029 0.000 0.000 0.000 0.000 0.089 0.000 0.002 0.000 0.000 0.001 0.180 0.000 0.000 0.026 0.001 0.086 0.001 0.157 0.007 0.002 0.001 0.018 0.010 0.001 0.000 0.000 0.000 0.000 0.004 0.000 0.000 0.000 0.001 0.000 0.000 0.000 0.000 0.000 0.000 0.000 0.000 0.000 
24 axe_vis 30 0.001 0.000 0.000 0.000 0.002 0.994 0.088 0.000 0.198 0.233 0.000 0.003 0.000 0.000 0.000 0.004 0.000 0.002 0.000 0.000 0.007 0.000 0.001 0.000 0.000 0.000 0.006 0.000 0.000 0.006 0.000 0.006 0.000 0.003 0.145 0.001 0.001 0.096 0.053 0.003 0.000 0.000 0.000 0.000 0.052 0.000 0.053 0.000 0.018 0.005 0.000 0.000 0.092 0.008 0.000 0.001 0.018 0.003 
25 hammer_vis 30 0.002 0.000 0.000 0.000 0.014 0.989 0.890 0.001 0.497 0.010 0.000 0.001 0.000 0.000 0.000 0.005 0.000 0.001 0.000 0.001 0.001 0.000 0.057 0.001 0.000 0.004 0.013 0.000 0.003 0.005 0.002 0.008 0.039 0.006 0.008 0.631 0.242 0.130 0.125 0.008 0.010 0.000 0.000 0.053 0.010 0.001 0.002 0.004 0.123 0.002 0.001 0.272 0.002 0.001 0.011 0.001 0.001 0.003 
26 screwdriver_vis 30 0.001 0.000 0.000 0.000 0.002 0.989 0.968 0.000 0.022 0.009 0.000 0.000 0.000 0.000 0.000 0.000 0.000 0.000 0.000 0.000 0.002 0.000 0.001 0.000 0.000 0.000 0.019 0.000 0.000 0.023 0.000 0.003 0.000 0.010 0.268 0.002 0.009 0.188 0.372 0.036 0.001 0.001 0.000 0.000 0.160 0.000 0.015 0.000 0.004 0.000 0.000 0.000 0.024 0.002 0.000 0.001 0.005 0.000 
27 chisel_vis 30 0.001 0.000 0.000 0.000 0.002 0.993 0.288 0.000 0.192 0.258 0.000 0.002 0.000 0.000 0.000 0.003 0.001 0.001 0.000 0.000 0.005 0.000 0.001 0.000 0.000 0.000 0.005 0.000 0.000 0.006 0.000 0.005 0.000 0.003 0.227 0.001 0.001 0.128 0.102 0.001 0.000 0.000 0.000 0.000 0.095 0.000 0.069 0.000 0.019 0.004 0.000 0.000 0.114 0.009 0.000 0.002 0.023 0.002 
28 saw_vis 30 0.147 0.001 0.000 0.000 0.005 0.977 0.208 0.000 0.067 0.003 0.000 0.001 0.000 0.000 0.000 0.118 0.000 0.003 0.000 0.000 0.008 0.000 0.001 0.000 0.000 0.006 0.015 0.000 0.000 0.009 0.000 0.021 0.020 0.009 0.048 0.004 0.001 0.061 0.072 0.007 0.000 0.000 0.000 0.000 0.027 0.000 0.002 0.001 0.060 0.002 0.000 0.009 0.007 0.001 0.001 0.000 0.002 0.004 
29 drill_vis 30 0.001 0.000 0.000 0.000 0.003 0.988 0.425 0.000 0.520 0.147 0.000 0.002 0.000 0.000 0.000 0.005 0.000 0.001 0.000 0.000 0.003 0.000 0.001 0.000 0.000 0.000 0.011 0.000 0.000 0.008 0.000 0.006 0.001 0.008 0.077 0.004 0.001 0.110 0.092 0.007 0.000 0.000 0.000 0.000 0.048 0.000 0.017 0.000 0.068 0.006 0.000 0.003 0.025 0.007 0.001 0.002 0.006 0.005 
30 clamp_vis 30 0.016 0.002 0.000 0.001 0.013 0.976 0.713 0.000 0.650 0.031 0.000 0.002 0.000 0.002 0.000 0.015 0.000 0.002 0.000 0.001 0.002 0.000 0.024 0.000 0.000 0.004 0.009 0.000 0.002 0.003 0.001 0.009 0.034 0.006 0.005 0.538 0.116 0.105 0.068 0.002 0.003 0.000 0.000 0.026 0.006 0.001 0.002 0.005 0.172 0.008 0.000 0.277 0.002 0.002 0.014 0.001 0.001 0.009 
31 hoe_vis 30 0.002 0.012 0.014 0.003 0.002 0.222 0.151 0.052 0.053 0.318 0.003 0.025 0.009 0.007 0.012 0.004 0.048 0.012 0.028 0.001 0.029 0.004 0.004 0.002 0.013 0.002 0.016 0.016 0.002 0.019 0.003 0.004 0.001 0.009 0.085 0.006 0.024 0.042 0.052 0.079 0.022 0.072 0.032 0.005 0.166 0.011 0.122 0.008 0.007 0.008 0.020 0.003 0.056 0.272 0.009 0.149 0.016 0.006 
32 rake_vis 30 0.482 0.037 0.000 0.002 0.034 0.754 0.009 0.000 0.031 0.001 0.000 0.001 0.001 0.011 0.001 0.215 0.000 0.005 0.000 0.000 0.026 0.000 0.001 0.000 0.000 0.011 0.021 0.000 0.001 0.004 0.001 0.039 0.027 0.015 0.003 0.003 0.001 0.023 0.005 0.000 0.000 0.000 0.000 0.000 0.003 0.000 0.000 0.001 0.051 0.002 0.000 0.009 0.001 0.000 0.001 0.000 0.000 0.004 
33 shovel_vis 30 0.002 0.001 0.001 0.000 0.006 0.950 0.942 0.004 0.049 0.006 0.000 0.001 0.001 0.001 0.001 0.001 0.002 0.001 0.001 0.000 0.003 0.000 0.013 0.000 0.001 0.001 0.023 0.001 0.001 0.018 0.002 0.003 0.002 0.013 0.068 0.119 0.238 0.166 0.349 0.252 0.020 0.004 0.001 0.007 0.080 0.001 0.006 0.001 0.010 0.001 0.002 0.010 0.005 0.005 0.002 0.004 0.002 0.001 
34 spade_vis 30 0.004 0.009 0.019 0.000 0.002 0.769 0.024 0.001 0.662 0.725 0.001 0.157 0.001 0.002 0.001 0.051 0.036 0.090 0.001 0.003 0.028 0.001 0.001 0.000 0.000 0.003 0.004 0.001 0.001 0.004 0.001 0.006 0.002 0.003 0.020 0.006 0.002 0.030 0.008 0.002 0.001 0.003 0.001 0.001 0.030 0.008 0.175 0.022 0.061 0.158 0.002 0.016 0.079 0.339 0.031 0.103 0.018 0.133 
35 wrench_vis 30 0.002 0.001 0.001 0.000 0.002 0.959 0.335 0.001 0.401 0.168 0.000 0.003 0.000 0.001 0.000 0.004 0.002 0.002 0.000 0.000 0.005 0.000 0.001 0.000 0.000 0.001 0.005 0.001 0.000 0.005 0.000 0.005 0.001 0.003 0.073 0.005 0.002 0.103 0.053 0.002 0.000 0.001 0.000 0.000 0.041 0.001 0.034 0.001 0.035 0.005 0.001 0.003 0.038 0.012 0.001 0.004 0.008 0.003 
36 accordion_vis 30 0.001 0.000 0.000 0.000 0.002 0.992 0.136 0.000 0.377 0.259 0.000 0.003 0.000 0.000 0.000 0.005 0.001 0.002 0.000 0.000 0.004 0.000 0.001 0.000 0.000 0.000 0.004 0.000 0.000 0.004 0.000 0.005 0.000 0.002 0.139 0.001 0.001 0.116 0.046 0.001 0.000 0.000 0.000 0.000 0.040 0.000 0.064 0.000 0.028 0.008 0.000 0.000 0.092 0.008 0.000 0.002 0.019 0.005 
37 cello_vis 30 0.992 0.104 0.000 0.000 0.470 0.028 0.005 0.000 0.001 0.000 0.001 0.000 0.000 0.008 0.000 0.385 0.000 0.002 0.000 0.000 0.019 0.000 0.017 0.000 0.000 0.125 0.029 0.000 0.004 0.002 0.001 0.079 0.503 0.016 0.000 0.063 0.001 0.009 0.001 0.001 0.000 0.000 0.000 0.000 0.000 0.000 0.000 0.001 0.027 0.000 0.000 0.065 0.000 0.000 0.001 0.000 0.000 0.001 
38 flute_vis 30 0.072 0.001 0.000 0.000 0.003 0.978 0.030 0.000 0.091 0.093 0.000 0.002 0.000 0.000 0.000 0.014 0.000 0.001 0.000 0.000 0.015 0.000 0.001 0.000 0.000 0.000 0.007 0.000 0.000 0.006 0.000 0.011 0.000 0.004 0.064 0.001 0.001 0.057 0.021 0.001 0.000 0.000 0.000 0.000 0.020 0.000 0.021 0.000 0.011 0.003 0.000 0.000 0.040 0.003 0.000 0.001 0.009 0.002 
39 guitar_vis 30 0.009 0.000 0.000 0.000 0.005 0.984 0.196 0.000 0.226 0.303 0.000 0.004 0.000 0.000 0.000 0.006 0.001 0.003 0.000 0.000 0.008 0.000 0.001 0.000 0.000 0.000 0.007 0.000 0.000 0.006 0.000 0.007 0.000 0.004 0.233 0.001 0.001 0.118 0.087 0.001 0.000 0.000 0.000 0.000 0.085 0.000 0.082 0.000 0.025 0.009 0.000 0.000 0.144 0.010 0.000 0.001 0.031 0.006 
40 piano_vis 30 0.849 0.021 0.000 0.000 0.006 0.741 0.017 0.000 0.087 0.000 0.000 0.003 0.000 0.000 0.000 0.725 0.000 0.020 0.000 0.001 0.025 0.000 0.001 0.000 0.000 0.041 0.004 0.000 0.001 0.002 0.000 0.058 0.130 0.003 0.002 0.004 0.001 0.013 0.005 0.001 0.000 0.000 0.000 0.000 0.001 0.000 0.000 0.001 0.154 0.006 0.000 0.046 0.001 0.000 0.002 0.000 0.001 0.022 
41 trumpet_vis 30 0.020 0.002 0.000 0.000 0.011 0.976 0.377 0.000 0.902 0.100 0.000 0.006 0.000 0.002 0.000 0.091 0.000 0.008 0.000 0.002 0.003 0.000 0.005 0.000 0.000 0.010 0.005 0.000 0.002 0.002 0.001 0.016 0.074 0.004 0.002 0.437 0.011 0.077 0.016 0.001 0.000 0.000 0.000 0.009 0.002 0.001 0.003 0.015 0.450 0.060 0.000 0.523 0.004 0.003 0.045 0.001 0.002 0.074 
42 fork_vis 30 0.561 0.026 0.000 0.000 0.007 0.835 0.007 0.000 0.008 0.001 0.000 0.003 0.000 0.001 0.000 0.360 0.000 0.012 0.000 0.000 0.077 0.000 0.001 0.000 0.000 0.001 0.012 0.000 0.000 0.005 0.000 0.037 0.001 0.010 0.009 0.001 0.001 0.015 0.006 0.001 0.000 0.000 0.000 0.000 0.005 0.000 0.001 0.000 0.021 0.002 0.000 0.000 0.004 0.000 0.000 0.000 0.001 0.005 
43 spoon_vis 30 0.001 0.000 0.000 0.000 0.002 0.981 0.136 0.000 0.167 0.411 0.000 0.003 0.000 0.000 0.000 0.002 0.001 0.001 0.000 0.000 0.008 0.000 0.001 0.000 0.000 0.000 0.006 0.000 0.000 0.007 0.000 0.003 0.000 0.004 0.251 0.001 0.001 0.100 0.072 0.002 0.000 0.000 0.000 0.000 0.136 0.000 0.117 0.000 0.010 0.003 0.000 0.000 0.140 0.024 0.000 0.003 0.019 0.002 
44 tongs_vis 30 0.006 0.003 0.004 0.000 0.003 0.909 0.020 0.001 0.771 0.666 0.001 0.053 0.000 0.001 0.001 0.034 0.008 0.032 0.001 0.003 0.013 0.000 0.001 0.000 0.000 0.003 0.004 0.000 0.001 0.003 0.000 0.005 0.003 0.003 0.013 0.008 0.001 0.039 0.009 0.001 0.000 0.002 0.001 0.001 0.022 0.006 0.065 0.021 0.098 0.073 0.001 0.033 0.030 0.202 0.035 0.059 0.006 0.068 
45 ladle_vis 30 0.007 0.033 0.027 0.002 0.002 0.163 0.039 0.030 0.018 0.627 0.001 0.036 0.013 0.014 0.015 0.002 0.126 0.013 0.037 0.000 0.073 0.004 0.001 0.000 0.012 0.001 0.017 0.024 0.000 0.021 0.001 0.003 0.000 0.009 0.243 0.001 0.004 0.035 0.057 0.076 0.006 0.082 0.057 0.001 0.414 0.004 0.331 0.003 0.002 0.005 0.011 0.001 0.176 0.569 0.003 0.263 0.030 0.004 
46 knife_vis 30 0.007 0.001 0.000 0.000 0.004 0.980 0.393 0.000 0.171 0.287 0.000 0.003 0.000 0.001 0.000 0.002 0.001 0.001 0.000 0.000 0.006 0.000 0.001 0.000 0.000 0.000 0.007 0.000 0.000 0.008 0.000 0.004 0.000 0.005 0.254 0.001 0.001 0.120 0.105 0.001 0.000 0.000 0.000 0.000 0.124 0.000 0.083 0.000 0.012 0.004 0.000 0.000 0.108 0.014 0.000 0.002 0.016 0.002 
47 chopsticks_vis 30 0.959 0.056 0.000 0.000 0.024 0.275 0.004 0.000 0.001 0.000 0.000 0.001 0.000 0.005 0.000 0.238 0.000 0.003 0.000 0.000 0.061 0.000 0.001 0.000 0.000 0.006 0.018 0.000 0.000 0.004 0.001 0.053 0.012 0.010 0.002 0.001 0.001 0.011 0.002 0.001 0.000 0.000 0.000 0.000 0.001 0.000 0.000 0.000 0.012 0.000 0.000 0.001 0.001 0.000 0.000 0.000 0.000 0.001 
