0 beaver_vis 30 0.988 0.625 0.602 0.616 0.010 0.008 0.005 0.001 0.001 0.029 0.084 0.001 0.234 0.001 0.085 0.000 0.002 0.020 0.001 0.006 0.001 0.168 0.161 0.010 0.004 0.023 0.005 0.003 0.043 0.002 0.001 0.004 0.004 0.000 0.002 0.017 0.001 0.001 0.005 0.005 0.011 0.001 0.002 0.001 0.001 0.001 0.000 0.001 0.002 0.021 0.002 0.001 0.001 0.038 0.007 0.014 0.001 0.011 
1 bear_vis 30 0.984 0.405 0.541 0.170 0.004 0.017 0.013 0.001 0.001 0.022 0.200 0.002 0.109 0.000 0.069 0.000 0.002 0.020 0.001 0.008 0.001 0.147 0.095 0.006 0.002 0.005 0.004 0.003 0.058 0.002 0.001 0.002 0.002 0.000 0.006 0.024 0.001 0.001 0.009 0.012 0.022 0.001 0.002 0.001 0.001 0.001 0.000 0.004 0.003 0.069 0.002 0.001 0.001 0.023 0.008 0.007 0.001 0.022 
2 sheep_vis 30 0.988 0.483 0.558 0.655 0.013 0.008 0.006 0.001 0.001 0.010 0.091 0.002 0.234 0.001 0.072 0.000 0.002 0.030 0.002 0.007 0.001 0.180 0.172 0.013 0.005 0.027 0.004 0.004 0.051 0.002 0.001 0.004 0.005 0.000 0.003 0.024 0.001 0.001 0.006 0.006 0.014 0.001 0.002 0.001 0.001 0.001 0.000 0.001 0.003 0.052 0.002 0.001 0.001 0.015 0.005 0.006 0.001 0.008 
3 buffalo_vis 30 0.984 0.633 0.525 0.183 0.004 0.021 0.009 0.001 0.001 0.169 0.150 0.001 0.137 0.001 0.111 0.000 0.002 0.011 0.001 0.004 0.001 0.137 0.105 0.006 0.003 0.005 0.005 0.003 0.052 0.002 0.001 0.002 0.002 0.000 0.003 0.019 0.001 0.001 0.010 0.011 0.017 0.001 0.002 0.001 0.001 0.001 0.000 0.004 0.002 0.016 0.002 0.001 0.001 0.113 0.012 0.029 0.001 0.043 
4 poodle_vis 30 0.987 0.607 0.641 0.354 0.005 0.009 0.005 0.001 0.001 0.032 0.099 0.002 0.188 0.001 0.133 0.000 0.002 0.015 0.002 0.006 0.001 0.203 0.176 0.008 0.003 0.009 0.004 0.003 0.032 0.002 0.001 0.002 0.004 0.000 0.003 0.015 0.001 0.001 0.007 0.006 0.012 0.001 0.002 0.001 0.001 0.001 0.000 0.002 0.002 0.026 0.002 0.001 0.001 0.041 0.007 0.012 0.001 0.014 
5 giraffe_vis 30 0.983 0.686 0.435 0.161 0.004 0.024 0.009 0.001 0.001 0.346 0.163 0.001 0.134 0.001 0.105 0.000 0.002 0.010 0.001 0.003 0.001 0.104 0.086 0.006 0.003 0.004 0.006 0.003 0.058 0.002 0.001 0.002 0.001 0.000 0.003 0.019 0.001 0.001 0.009 0.011 0.016 0.001 0.002 0.001 0.001 0.001 0.000 0.004 0.002 0.010 0.002 0.001 0.002 0.184 0.016 0.053 0.002 0.060 
6 robin_vis 30 0.988 0.357 0.629 0.573 0.009 0.007 0.006 0.001 0.001 0.008 0.077 0.002 0.185 0.001 0.082 0.000 0.002 0.028 0.002 0.007 0.001 0.224 0.202 0.012 0.004 0.016 0.003 0.003 0.037 0.002 0.001 0.003 0.006 0.000 0.004 0.020 0.001 0.001 0.007 0.006 0.013 0.001 0.002 0.001 0.001 0.001 0.000 0.001 0.003 0.088 0.002 0.001 0.001 0.012 0.005 0.005 0.001 0.007 
7 swan_vis 30 0.987 0.587 0.619 0.322 0.004 0.014 0.005 0.001 0.001 0.289 0.074 0.001 0.121 0.001 0.130 0.000 0.001 0.009 0.002 0.004 0.001 0.149 0.181 0.008 0.003 0.005 0.004 0.003 0.030 0.002 0.001 0.002 0.003 0.000 0.002 0.012 0.001 0.001 0.009 0.006 0.010 0.001 0.002 0.001 0.001 0.001 0.000 0.002 0.001 0.008 0.002 0.001 0.001 0.155 0.017 0.038 0.001 0.046 
8 woodpecker_vis 30 0.988 0.389 0.678 0.460 0.007 0.007 0.006 0.001 0.001 0.008 0.090 0.003 0.179 0.001 0.091 0.000 0.002 0.025 0.003 0.008 0.001 0.263 0.194 0.009 0.004 0.012 0.003 0.003 0.033 0.002 0.001 0.003 0.005 0.000 0.004 0.018 0.001 0.001 0.006 0.005 0.013 0.001 0.001 0.001 0.001 0.001 0.000 0.001 0.004 0.130 0.002 0.001 0.001 0.013 0.005 0.005 0.001 0.007 
9 peacock_vis 30 0.988 0.353 0.692 0.388 0.006 0.008 0.007 0.001 0.001 0.010 0.089 0.003 0.159 0.001 0.100 0.000 0.002 0.024 0.003 0.008 0.001 0.304 0.200 0.009 0.003 0.009 0.003 0.003 0.034 0.002 0.001 0.002 0.005 0.000 0.004 0.018 0.001 0.001 0.008 0.006 0.014 0.001 0.002 0.001 0.001 0.001 0.000 0.002 0.004 0.119 0.002 0.001 0.001 0.016 0.005 0.005 0.001 0.009 
10 crow_vis 30 0.984 0.110 0.366 0.142 0.003 0.021 0.016 0.002 0.001 0.020 0.060 0.002 0.045 0.001 0.114 0.000 0.001 0.011 0.001 0.002 0.001 0.086 0.139 0.009 0.003 0.003 0.003 0.003 0.030 0.002 0.001 0.002 0.002 0.000 0.011 0.017 0.001 0.001 0.022 0.010 0.024 0.001 0.002 0.001 0.001 0.001 0.000 0.005 0.002 0.085 0.002 0.001 0.001 0.016 0.014 0.005 0.001 0.031 
11 eagle_vis 30 0.988 0.552 0.648 0.593 0.008 0.008 0.005 0.001 0.001 0.037 0.076 0.001 0.205 0.001 0.087 0.000 0.002 0.020 0.002 0.006 0.001 0.198 0.188 0.011 0.004 0.018 0.004 0.003 0.039 0.002 0.001 0.003 0.005 0.000 0.002 0.017 0.001 0.001 0.006 0.005 0.011 0.001 0.002 0.001 0.001 0.001 0.000 0.001 0.002 0.021 0.002 0.001 0.001 0.045 0.007 0.015 0.001 0.012 
12 tuna_vis 30 0.988 0.489 0.421 0.685 0.014 0.007 0.006 0.001 0.001 0.007 0.109 0.003 0.226 0.001 0.064 0.000 0.002 0.028 0.001 0.006 0.001 0.128 0.159 0.014 0.005 0.030 0.004 0.004 0.055 0.002 0.001 0.004 0.005 0.000 0.004 0.028 0.001 0.001 0.005 0.006 0.016 0.001 0.002 0.001 0.001 0.001 0.000 0.001 0.003 0.061 0.002 0.001 0.001 0.011 0.005 0.005 0.001 0.007 
13 goldfish_vis 30 0.988 0.460 0.311 0.734 0.015 0.007 0.007 0.001 0.001 0.007 0.105 0.002 0.225 0.001 0.054 0.000 0.002 0.029 0.001 0.005 0.001 0.099 0.151 0.016 0.005 0.039 0.005 0.005 0.063 0.002 0.001 0.004 0.005 0.000 0.004 0.033 0.001 0.001 0.005 0.007 0.018 0.002 0.002 0.001 0.001 0.001 0.000 0.001 0.003 0.045 0.002 0.001 0.001 0.010 0.005 0.005 0.002 0.006 
14 salmon_vis 30 0.988 0.482 0.464 0.536 0.011 0.008 0.008 0.001 0.001 0.008 0.108 0.002 0.220 0.001 0.090 0.000 0.002 0.023 0.002 0.005 0.001 0.167 0.168 0.012 0.004 0.016 0.004 0.004 0.052 0.002 0.001 0.003 0.005 0.000 0.005 0.028 0.001 0.001 0.007 0.007 0.020 0.001 0.002 0.001 0.001 0.001 0.000 0.002 0.004 0.083 0.002 0.001 0.001 0.013 0.005 0.005 0.002 0.008 
15 sardine_vis 30 0.989 0.517 0.333 0.783 0.021 0.007 0.006 0.001 0.001 0.007 0.106 0.002 0.253 0.001 0.053 0.000 0.002 0.028 0.001 0.006 0.001 0.106 0.163 0.018 0.006 0.045 0.005 0.005 0.069 0.002 0.001 0.005 0.005 0.000 0.003 0.031 0.001 0.001 0.005 0.007 0.017 0.001 0.002 0.001 0.001 0.001 0.000 0.001 0.003 0.049 0.002 0.001 0.001 0.011 0.005 0.005 0.002 0.007 
16 catfish_vis 30 0.988 0.410 0.380 0.714 0.015 0.007 0.007 0.001 0.001 0.007 0.101 0.002 0.202 0.001 0.049 0.000 0.002 0.036 0.001 0.006 0.001 0.101 0.139 0.015 0.004 0.039 0.005 0.005 0.062 0.002 0.001 0.004 0.005 0.000 0.004 0.033 0.001 0.001 0.005 0.007 0.016 0.001 0.002 0.001 0.001 0.001 0.000 0.001 0.003 0.040 0.002 0.001 0.001 0.009 0.005 0.005 0.002 0.007 
17 cod_vis 30 0.988 0.513 0.332 0.752 0.019 0.007 0.007 0.001 0.001 0.008 0.104 0.002 0.256 0.001 0.062 0.000 0.002 0.027 0.001 0.005 0.001 0.116 0.169 0.017 0.006 0.038 0.004 0.005 0.067 0.002 0.001 0.004 0.005 0.000 0.004 0.033 0.001 0.001 0.006 0.007 0.019 0.002 0.002 0.001 0.001 0.001 0.000 0.001 0.003 0.051 0.002 0.001 0.001 0.012 0.005 0.006 0.002 0.007 
18 turtle_vis 30 0.984 0.214 0.399 0.140 0.005 0.014 0.021 0.001 0.001 0.014 0.163 0.002 0.074 0.000 0.053 0.000 0.002 0.024 0.001 0.005 0.001 0.096 0.073 0.008 0.002 0.004 0.003 0.004 0.071 0.002 0.001 0.002 0.001 0.000 0.010 0.037 0.001 0.001 0.010 0.015 0.028 0.001 0.002 0.001 0.001 0.001 0.000 0.004 0.004 0.081 0.002 0.001 0.001 0.013 0.008 0.005 0.002 0.018 
19 rattlesnake_vis 30 0.979 0.131 0.441 0.069 0.003 0.021 0.028 0.001 0.002 0.018 0.111 0.002 0.062 0.000 0.108 0.000 0.002 0.019 0.001 0.002 0.001 0.154 0.098 0.007 0.003 0.003 0.003 0.004 0.053 0.002 0.001 0.002 0.001 0.000 0.019 0.031 0.001 0.001 0.019 0.016 0.034 0.001 0.002 0.001 0.001 0.001 0.000 0.008 0.005 0.172 0.002 0.001 0.001 0.020 0.010 0.006 0.001 0.029 
20 crab_vis 30 0.985 0.183 0.377 0.121 0.004 0.012 0.021 0.001 0.001 0.012 0.146 0.002 0.064 0.000 0.055 0.000 0.002 0.020 0.001 0.004 0.001 0.095 0.073 0.007 0.002 0.004 0.002 0.004 0.062 0.002 0.001 0.002 0.001 0.000 0.011 0.038 0.001 0.001 0.010 0.014 0.030 0.001 0.002 0.001 0.001 0.001 0.000 0.004 0.004 0.109 0.002 0.001 0.001 0.012 0.009 0.005 0.002 0.016 
21 frog_vis 30 0.986 0.318 0.491 0.175 0.004 0.011 0.013 0.001 0.001 0.013 0.149 0.003 0.097 0.000 0.078 0.000 0.002 0.015 0.001 0.005 0.001 0.151 0.109 0.007 0.003 0.004 0.002 0.003 0.051 0.002 0.001 0.002 0.002 0.000 0.007 0.026 0.001 0.001 0.010 0.011 0.025 0.001 0.002 0.001 0.001 0.001 0.000 0.004 0.004 0.138 0.002 0.001 0.001 0.016 0.007 0.006 0.001 0.016 
22 gecko_vis 30 0.985 0.208 0.379 0.131 0.004 0.012 0.020 0.001 0.001 0.012 0.137 0.002 0.072 0.000 0.068 0.000 0.002 0.018 0.001 0.003 0.001 0.111 0.084 0.007 0.002 0.004 0.002 0.004 0.059 0.002 0.001 0.002 0.001 0.000 0.011 0.038 0.001 0.001 0.011 0.014 0.033 0.001 0.002 0.001 0.001 0.001 0.000 0.004 0.005 0.127 0.002 0.001 0.001 0.013 0.008 0.005 0.001 0.016 
23 crocodile_vis 30 0.985 0.243 0.471 0.143 0.004 0.013 0.017 0.001 0.001 0.013 0.179 0.003 0.078 0.000 0.054 0.000 0.002 0.022 0.001 0.006 0.001 0.115 0.080 0.007 0.002 0.004 0.003 0.004 0.060 0.002 0.001 0.002 0.001 0.000 0.009 0.032 0.001 0.001 0.009 0.013 0.026 0.001 0.002 0.001 0.001 0.001 0.000 0.003 0.004 0.102 0.002 0.001 0.001 0.013 0.008 0.005 0.001 0.015 
24 axe_vis 30 0.011 0.001 0.026 0.002 0.027 0.986 0.933 0.004 0.007 0.277 0.002 0.003 0.001 0.003 0.002 0.000 0.001 0.040 0.005 0.003 0.025 0.001 0.002 0.006 0.003 0.001 0.039 0.001 0.006 0.009 0.019 0.024 0.007 0.030 0.089 0.004 0.259 0.021 0.088 0.064 0.001 0.009 0.002 0.001 0.002 0.001 0.005 0.005 0.001 0.004 0.002 0.001 0.003 0.002 0.011 0.001 0.252 0.015 
25 hammer_vis 30 0.014 0.000 0.017 0.002 0.094 0.987 0.971 0.003 0.001 0.204 0.001 0.001 0.001 0.002 0.002 0.000 0.001 0.090 0.002 0.001 0.067 0.001 0.001 0.020 0.004 0.001 0.047 0.002 0.009 0.017 0.017 0.109 0.013 0.052 0.301 0.007 0.224 0.097 0.297 0.155 0.001 0.013 0.002 0.002 0.002 0.001 0.004 0.001 0.001 0.001 0.001 0.001 0.009 0.002 0.016 0.001 0.305 0.022 
26 screwdriver_vis 30 0.015 0.001 0.022 0.002 0.048 0.985 0.966 0.004 0.002 0.253 0.002 0.002 0.001 0.001 0.001 0.001 0.001 0.083 0.002 0.004 0.042 0.001 0.001 0.009 0.002 0.001 0.055 0.001 0.013 0.011 0.031 0.020 0.005 0.061 0.096 0.005 0.530 0.046 0.041 0.261 0.001 0.020 0.002 0.001 0.002 0.001 0.003 0.002 0.001 0.002 0.001 0.001 0.005 0.002 0.013 0.001 0.341 0.019 
27 chisel_vis 30 0.008 0.000 0.034 0.002 0.023 0.988 0.970 0.005 0.006 0.414 0.001 0.002 0.001 0.002 0.002 0.000 0.001 0.012 0.005 0.002 0.016 0.001 0.001 0.004 0.002 0.001 0.026 0.001 0.003 0.011 0.017 0.011 0.008 0.014 0.368 0.001 0.060 0.010 0.217 0.046 0.001 0.003 0.001 0.001 0.002 0.001 0.007 0.003 0.001 0.010 0.001 0.001 0.002 0.002 0.011 0.001 0.027 0.021 
28 saw_vis 30 0.020 0.000 0.018 0.003 0.132 0.980 0.966 0.003 0.001 0.128 0.001 0.001 0.001 0.002 0.002 0.001 0.001 0.152 0.002 0.001 0.083 0.001 0.002 0.035 0.005 0.001 0.052 0.004 0.013 0.021 0.017 0.177 0.017 0.084 0.308 0.013 0.204 0.140 0.324 0.207 0.001 0.010 0.003 0.003 0.003 0.001 0.004 0.001 0.001 0.001 0.002 0.001 0.012 0.002 0.021 0.001 0.245 0.023 
29 drill_vis 30 0.023 0.001 0.021 0.003 0.147 0.969 0.956 0.004 0.001 0.099 0.001 0.001 0.001 0.002 0.002 0.001 0.001 0.186 0.002 0.002 0.093 0.001 0.002 0.054 0.005 0.001 0.049 0.005 0.017 0.024 0.022 0.207 0.018 0.106 0.232 0.017 0.159 0.208 0.274 0.315 0.001 0.004 0.004 0.003 0.003 0.001 0.004 0.002 0.001 0.001 0.002 0.001 0.014 0.002 0.021 0.001 0.147 0.030 
30 clamp_vis 30 0.013 0.012 0.040 0.003 0.003 0.936 0.015 0.018 0.050 0.214 0.012 0.016 0.009 0.017 0.008 0.003 0.005 0.003 0.037 0.023 0.005 0.015 0.006 0.006 0.010 0.003 0.009 0.001 0.005 0.004 0.018 0.005 0.007 0.002 0.002 0.003 0.014 0.005 0.013 0.020 0.008 0.003 0.007 0.002 0.004 0.003 0.012 0.019 0.006 0.011 0.005 0.003 0.006 0.006 0.005 0.023 0.013 0.012 
31 hoe_vis 30 0.015 0.012 0.041 0.003 0.004 0.941 0.013 0.024 0.160 0.150 0.011 0.025 0.009 0.018 0.004 0.004 0.006 0.002 0.044 0.027 0.004 0.013 0.004 0.003 0.010 0.003 0.006 0.001 0.005 0.004 0.032 0.003 0.006 0.001 0.001 0.004 0.026 0.003 0.008 0.009 0.006 0.006 0.008 0.002 0.002 0.002 0.014 0.017 0.008 0.051 0.008 0.003 0.003 0.005 0.004 0.012 0.037 0.006 
32 rake_vis 30 0.015 0.011 0.040 0.003 0.004 0.921 0.010 0.020 0.156 0.105 0.010 0.019 0.028 0.015 0.004 0.006 0.012 0.003 0.039 0.024 0.004 0.011 0.004 0.005 0.014 0.006 0.011 0.001 0.009 0.004 0.029 0.008 0.006 0.001 0.002 0.004 0.012 0.003 0.008 0.010 0.005 0.007 0.015 0.002 0.005 0.002 0.026 0.031 0.005 0.021 0.008 0.007 0.008 0.005 0.004 0.010 0.018 0.006 
33 shovel_vis 30 0.009 0.004 0.052 0.002 0.004 0.985 0.123 0.017 0.163 0.377 0.009 0.022 0.002 0.013 0.008 0.001 0.002 0.001 0.045 0.016 0.004 0.008 0.004 0.003 0.004 0.001 0.005 0.001 0.002 0.006 0.019 0.001 0.006 0.001 0.005 0.001 0.016 0.003 0.016 0.015 0.003 0.001 0.002 0.001 0.002 0.003 0.008 0.016 0.005 0.049 0.003 0.001 0.002 0.003 0.005 0.005 0.007 0.016 
34 spade_vis 30 0.041 0.023 0.058 0.013 0.014 0.522 0.036 0.031 0.067 0.106 0.022 0.027 0.022 0.023 0.015 0.012 0.017 0.012 0.041 0.031 0.014 0.026 0.015 0.018 0.020 0.014 0.015 0.005 0.018 0.012 0.034 0.014 0.020 0.005 0.006 0.017 0.023 0.012 0.035 0.028 0.013 0.017 0.024 0.016 0.008 0.006 0.019 0.019 0.021 0.035 0.038 0.014 0.014 0.024 0.013 0.022 0.027 0.015 
35 wrench_vis 30 0.010 0.006 0.042 0.002 0.003 0.987 0.003 0.025 0.957 0.223 0.003 0.037 0.077 0.018 0.001 0.001 0.010 0.001 0.113 0.017 0.002 0.003 0.001 0.002 0.010 0.001 0.006 0.001 0.003 0.002 0.081 0.002 0.003 0.000 0.001 0.001 0.002 0.001 0.002 0.002 0.001 0.002 0.007 0.001 0.008 0.001 0.328 0.298 0.002 0.067 0.004 0.002 0.005 0.003 0.002 0.002 0.003 0.003 
36 accordion_vis 30 0.010 0.005 0.037 0.002 0.003 0.984 0.005 0.024 0.926 0.123 0.004 0.030 0.098 0.015 0.001 0.001 0.013 0.001 0.077 0.017 0.002 0.003 0.002 0.002 0.011 0.002 0.009 0.001 0.004 0.002 0.063 0.003 0.003 0.000 0.001 0.001 0.003 0.001 0.003 0.002 0.001 0.007 0.005 0.001 0.012 0.001 0.314 0.102 0.002 0.062 0.005 0.003 0.008 0.003 0.002 0.002 0.005 0.003 
37 cello_vis 30 0.008 0.004 0.033 0.002 0.002 0.986 0.003 0.018 0.907 0.100 0.003 0.022 0.160 0.012 0.001 0.002 0.019 0.001 0.066 0.014 0.001 0.002 0.001 0.002 0.012 0.003 0.011 0.001 0.005 0.002 0.064 0.005 0.003 0.000 0.001 0.001 0.002 0.001 0.002 0.002 0.001 0.004 0.006 0.001 0.028 0.001 0.358 0.208 0.001 0.020 0.003 0.006 0.016 0.002 0.002 0.002 0.004 0.002 
38 flute_vis 30 0.008 0.004 0.043 0.002 0.003 0.988 0.034 0.031 0.582 0.385 0.013 0.026 0.002 0.009 0.003 0.000 0.001 0.001 0.054 0.024 0.002 0.011 0.003 0.002 0.003 0.001 0.003 0.001 0.001 0.003 0.013 0.001 0.003 0.001 0.003 0.001 0.021 0.001 0.011 0.003 0.001 0.004 0.002 0.001 0.002 0.002 0.009 0.012 0.012 0.663 0.002 0.001 0.001 0.002 0.003 0.002 0.012 0.006 
39 guitar_vis 30 0.008 0.003 0.034 0.002 0.003 0.987 0.004 0.034 0.962 0.202 0.003 0.025 0.060 0.013 0.001 0.001 0.007 0.001 0.094 0.014 0.002 0.002 0.001 0.001 0.007 0.001 0.006 0.001 0.002 0.002 0.046 0.001 0.003 0.000 0.001 0.001 0.003 0.001 0.002 0.001 0.001 0.026 0.005 0.001 0.006 0.001 0.405 0.066 0.002 0.394 0.004 0.001 0.004 0.002 0.002 0.001 0.007 0.002 
40 piano_vis 30 0.018 0.013 0.042 0.005 0.006 0.750 0.028 0.028 0.125 0.078 0.017 0.023 0.020 0.016 0.007 0.006 0.012 0.007 0.036 0.026 0.006 0.019 0.007 0.007 0.015 0.008 0.013 0.002 0.010 0.006 0.023 0.009 0.010 0.002 0.005 0.008 0.028 0.006 0.016 0.019 0.008 0.013 0.011 0.005 0.007 0.004 0.022 0.020 0.014 0.044 0.015 0.007 0.007 0.008 0.005 0.013 0.028 0.006 
41 trumpet_vis 30 0.011 0.005 0.030 0.002 0.003 0.983 0.003 0.016 0.683 0.094 0.003 0.015 0.141 0.009 0.001 0.005 0.022 0.001 0.040 0.015 0.002 0.003 0.001 0.002 0.015 0.005 0.011 0.001 0.008 0.002 0.063 0.008 0.003 0.000 0.001 0.001 0.005 0.001 0.002 0.002 0.001 0.007 0.020 0.001 0.013 0.001 0.157 0.125 0.002 0.016 0.005 0.011 0.014 0.003 0.002 0.003 0.015 0.002 
42 fork_vis 30 0.016 0.005 0.049 0.003 0.008 0.898 0.226 0.015 0.032 0.096 0.019 0.024 0.003 0.006 0.007 0.002 0.004 0.012 0.015 0.029 0.010 0.009 0.006 0.009 0.006 0.002 0.015 0.001 0.009 0.008 0.024 0.007 0.010 0.008 0.013 0.005 0.046 0.011 0.020 0.072 0.004 0.004 0.002 0.004 0.003 0.005 0.007 0.008 0.008 0.016 0.005 0.002 0.004 0.004 0.007 0.004 0.018 0.012 
43 spoon_vis 30 0.011 0.002 0.048 0.002 0.005 0.986 0.641 0.010 0.039 0.264 0.017 0.021 0.001 0.002 0.002 0.001 0.002 0.004 0.007 0.029 0.005 0.002 0.002 0.002 0.002 0.001 0.014 0.001 0.003 0.005 0.027 0.001 0.004 0.005 0.018 0.001 0.083 0.003 0.008 0.058 0.001 0.004 0.001 0.001 0.001 0.002 0.004 0.005 0.003 0.038 0.002 0.001 0.002 0.002 0.005 0.001 0.011 0.008 
44 tongs_vis 30 0.009 0.003 0.065 0.002 0.003 0.988 0.006 0.003 0.005 0.967 0.003 0.004 0.001 0.014 0.006 0.002 0.001 0.001 0.018 0.007 0.010 0.003 0.003 0.002 0.002 0.001 0.015 0.001 0.002 0.004 0.009 0.002 0.004 0.002 0.001 0.001 0.002 0.003 0.011 0.005 0.001 0.001 0.004 0.001 0.001 0.001 0.003 0.010 0.001 0.002 0.001 0.001 0.006 0.003 0.026 0.087 0.022 0.268 
45 ladle_vis 30 0.010 0.013 0.053 0.002 0.003 0.982 0.013 0.021 0.348 0.281 0.023 0.054 0.003 0.012 0.004 0.001 0.002 0.001 0.056 0.045 0.002 0.015 0.004 0.002 0.004 0.001 0.004 0.001 0.002 0.003 0.019 0.001 0.004 0.001 0.001 0.001 0.016 0.001 0.005 0.005 0.004 0.002 0.002 0.001 0.001 0.003 0.007 0.017 0.009 0.197 0.003 0.001 0.001 0.003 0.003 0.008 0.008 0.006 
46 knife_vis 30 0.009 0.001 0.041 0.002 0.005 0.988 0.760 0.006 0.015 0.426 0.005 0.009 0.001 0.002 0.002 0.000 0.001 0.006 0.006 0.010 0.006 0.001 0.002 0.002 0.002 0.001 0.018 0.001 0.003 0.005 0.019 0.002 0.003 0.007 0.014 0.001 0.119 0.003 0.016 0.030 0.001 0.003 0.001 0.001 0.001 0.001 0.003 0.006 0.002 0.013 0.001 0.001 0.001 0.002 0.007 0.001 0.053 0.013 
47 chopsticks_vis 30 0.009 0.008 0.063 0.002 0.003 0.983 0.024 0.011 0.113 0.406 0.013 0.028 0.002 0.017 0.009 0.001 0.002 0.001 0.060 0.026 0.003 0.012 0.005 0.002 0.004 0.001 0.007 0.001 0.002 0.004 0.013 0.002 0.006 0.001 0.002 0.001 0.007 0.002 0.010 0.010 0.003 0.001 0.002 0.001 0.001 0.003 0.007 0.017 0.005 0.028 0.002 0.001 0.002 0.002 0.005 0.010 0.004 0.014 
