0 beaver_lex 30 0.018 0.018 0.044 0.005 0.021 0.002 0.035 0.002 0.994 0.001 0.023 0.106 0.159 0.033 0.023 0.025 0.025 0.002 0.001 0.005 
1 bear_lex 30 0.022 0.023 0.575 0.006 0.025 0.009 0.045 0.074 0.993 0.001 0.029 0.115 0.066 0.014 0.029 0.032 0.009 0.001 0.032 0.007 
2 sheep_lex 30 0.019 0.020 0.161 0.004 0.022 0.002 0.031 0.003 0.989 0.003 0.024 0.046 0.026 0.048 0.024 0.026 0.022 0.002 0.035 0.018 
3 buffalo_lex 30 0.019 0.019 0.005 0.002 0.021 0.020 0.029 0.003 0.994 0.001 0.023 0.023 0.066 0.008 0.023 0.025 0.046 0.001 0.001 0.004 
4 poodle_lex 30 0.022 0.023 0.002 0.004 0.026 0.010 0.041 0.001 0.995 0.007 0.029 0.069 0.013 0.022 0.029 0.032 0.240 0.001 0.001 0.005 
5 giraffe_lex 30 0.017 0.018 0.013 0.009 0.021 0.014 0.036 0.020 0.995 0.002 0.023 0.070 0.153 0.007 0.024 0.026 0.136 0.001 0.001 0.026 
6 robin_lex 30 0.019 0.020 0.039 0.012 0.022 0.003 0.031 0.002 0.969 0.003 0.024 0.030 0.023 0.011 0.024 0.026 0.004 0.007 0.001 0.014 
7 swan_lex 30 0.020 0.021 0.002 0.009 0.024 0.018 0.041 0.001 0.994 0.069 0.027 0.064 0.055 0.010 0.028 0.030 0.007 0.006 0.001 0.059 
8 woodpecker_lex 30 0.021 0.022 0.061 0.032 0.025 0.002 0.041 0.002 0.994 0.014 0.028 0.097 0.008 0.039 0.028 0.031 0.011 0.252 0.003 0.013 
9 peacock_lex 30 0.018 0.019 0.016 0.126 0.023 0.009 0.046 0.002 0.995 0.058 0.026 0.180 0.113 0.014 0.026 0.030 0.002 0.012 0.002 0.837 
10 crow_lex 30 0.021 0.022 0.003 0.135 0.024 0.023 0.043 0.002 0.994 0.022 0.027 0.068 0.012 0.004 0.028 0.031 0.009 0.005 0.001 0.013 
11 eagle_lex 30 0.021 0.021 0.002 0.007 0.024 0.003 0.037 0.001 0.994 0.034 0.026 0.050 0.005 0.027 0.027 0.029 0.052 0.022 0.001 0.013 
12 tuna_lex 30 0.021 0.022 0.002 0.039 0.025 0.001 0.039 0.018 0.995 0.071 0.027 0.076 0.015 0.036 0.028 0.030 0.395 0.032 0.006 0.031 
13 goldfish_lex 30 0.019 0.020 0.045 0.005 0.022 0.002 0.036 0.005 0.995 0.005 0.025 0.043 0.022 0.028 0.025 0.028 0.062 0.004 0.020 0.034 
14 salmon_lex 30 0.021 0.021 0.003 0.007 0.024 0.001 0.034 0.037 0.991 0.075 0.026 0.049 0.009 0.206 0.026 0.028 0.835 0.025 0.005 0.415 
15 sardine_lex 30 0.018 0.019 0.026 0.047 0.021 0.001 0.033 0.006 0.979 0.002 0.023 0.082 0.566 0.004 0.023 0.025 0.004 0.003 0.001 0.063 
16 catfish_lex 30 0.017 0.018 0.067 0.002 0.020 0.066 0.031 0.113 0.988 0.008 0.022 0.062 0.284 0.328 0.022 0.024 0.228 0.002 0.001 0.582 
17 cod_lex 30 0.022 0.023 0.003 0.030 0.026 0.001 0.038 0.003 0.995 0.171 0.028 0.034 0.012 0.008 0.029 0.031 0.196 0.002 0.005 0.023 
18 turtle_lex 30 0.021 0.021 0.022 0.002 0.024 0.002 0.038 0.004 0.988 0.002 0.027 0.037 0.011 0.192 0.027 0.029 0.197 0.002 0.001 0.015 
19 rattlesnake_lex 30 0.021 0.022 0.002 0.067 0.024 0.003 0.034 0.010 0.992 0.024 0.026 0.042 0.005 0.010 0.026 0.028 0.843 0.002 0.002 0.020 
20 crab_lex 30 0.016 0.017 0.594 0.503 0.019 0.111 0.034 0.200 0.994 0.004 0.021 0.097 0.054 0.039 0.022 0.024 0.107 0.022 0.016 0.014 
21 frog_lex 30 0.020 0.021 0.007 0.280 0.023 0.002 0.036 0.008 0.981 0.006 0.025 0.080 0.069 0.010 0.026 0.028 0.007 0.004 0.001 0.011 
22 gecko_lex 30 0.018 0.019 0.270 0.065 0.021 0.002 0.035 0.043 0.995 0.161 0.023 0.097 0.011 0.045 0.024 0.026 0.267 0.407 0.199 0.229 
23 crocodile_lex 30 0.017 0.018 0.003 0.641 0.020 0.153 0.040 0.084 0.994 0.057 0.023 0.202 0.445 0.007 0.024 0.027 0.023 0.003 0.001 0.322 
24 axe_lex 30 0.013 0.014 0.537 0.159 0.016 0.085 0.029 0.962 0.138 0.244 0.018 0.289 0.023 0.162 0.018 0.020 0.990 0.015 0.992 0.001 
25 hammer_lex 30 0.013 0.013 0.290 0.909 0.015 0.541 0.031 0.006 0.469 0.988 0.018 0.290 0.039 0.009 0.018 0.020 0.795 0.984 0.984 0.005 
26 screwdriver_lex 30 0.013 0.013 0.006 0.021 0.015 0.018 0.020 0.864 0.737 0.041 0.016 0.071 0.190 0.036 0.016 0.017 0.989 0.991 0.759 0.712 
27 chisel_lex 30 0.014 0.015 0.900 0.979 0.018 0.034 0.045 0.901 0.011 0.984 0.022 0.603 0.266 0.513 0.022 0.026 0.990 0.753 0.820 0.005 
28 saw_lex 30 0.018 0.019 0.033 0.986 0.021 0.304 0.037 0.015 0.985 0.011 0.024 0.170 0.032 0.003 0.024 0.026 0.972 0.957 0.976 0.009 
29 drill_lex 30 0.019 0.020 0.162 0.958 0.022 0.067 0.036 0.019 0.963 0.025 0.025 0.110 0.043 0.008 0.025 0.027 0.979 0.983 0.935 0.013 
30 clamp_lex 30 0.014 0.014 0.528 0.992 0.016 0.176 0.032 0.184 0.009 0.991 0.018 0.273 0.077 0.148 0.019 0.021 0.881 0.007 0.019 0.004 
31 hoe_lex 30 0.009 0.009 0.213 0.005 0.010 0.497 0.014 0.961 0.069 0.081 0.011 0.049 0.642 0.049 0.011 0.011 0.395 0.021 0.002 0.991 
32 rake_lex 30 0.009 0.009 0.025 0.982 0.009 0.042 0.011 0.039 0.110 0.992 0.010 0.016 0.111 0.064 0.010 0.010 0.037 0.008 0.002 0.395 
33 shovel_lex 30 0.010 0.011 0.237 0.183 0.012 0.078 0.017 0.805 0.007 0.991 0.013 0.095 0.019 0.741 0.013 0.014 0.980 0.030 0.032 0.029 
34 spade_lex 30 0.014 0.014 0.050 0.933 0.015 0.379 0.023 0.162 0.445 0.866 0.016 0.065 0.868 0.016 0.017 0.018 0.037 0.013 0.002 0.981 
35 wrench_lex 30 0.006 0.007 0.646 0.020 0.007 0.604 0.011 0.815 0.015 0.982 0.008 0.050 0.056 0.571 0.008 0.009 0.034 0.002 0.011 0.176 
36 accordion_lex 30 0.012 0.012 0.507 0.002 0.013 0.899 0.020 0.665 0.407 0.003 0.015 0.088 0.259 0.061 0.015 0.016 0.011 0.013 0.759 0.772 
37 cello_lex 30 0.017 0.018 0.285 0.925 0.020 0.905 0.038 0.018 0.622 0.167 0.023 0.096 0.482 0.073 0.023 0.026 0.002 0.006 0.293 0.033 
38 flute_lex 30 0.008 0.008 0.230 0.009 0.009 0.981 0.016 0.043 0.023 0.148 0.010 0.109 0.031 0.261 0.010 0.011 0.022 0.150 0.983 0.001 
39 guitar_lex 30 0.010 0.011 0.984 0.010 0.012 0.989 0.028 0.296 0.179 0.065 0.014 0.382 0.009 0.426 0.014 0.016 0.003 0.003 0.991 0.002 
40 piano_lex 30 0.018 0.019 0.014 0.024 0.020 0.687 0.029 0.004 0.863 0.003 0.022 0.045 0.177 0.004 0.022 0.024 0.004 0.001 0.853 0.070 
41 trumpet_lex 30 0.010 0.010 0.307 0.987 0.011 0.975 0.019 0.376 0.030 0.875 0.012 0.097 0.035 0.108 0.012 0.013 0.004 0.001 0.007 0.005 
42 fork_lex 30 0.015 0.016 0.965 0.939 0.018 0.358 0.035 0.252 0.412 0.001 0.021 0.080 0.011 0.008 0.021 0.024 0.008 0.002 0.003 0.015 
43 spoon_lex 30 0.009 0.009 0.945 0.007 0.010 0.171 0.014 0.937 0.015 0.001 0.011 0.018 0.003 0.057 0.011 0.012 0.002 0.003 0.008 0.012 
44 tongs_lex 30 0.014 0.014 0.283 0.990 0.016 0.400 0.027 0.352 0.008 0.199 0.018 0.091 0.002 0.044 0.018 0.020 0.040 0.001 0.015 0.001 
45 ladle_lex 30 0.007 0.007 0.734 0.007 0.007 0.132 0.008 0.418 0.029 0.003 0.008 0.008 0.038 0.062 0.008 0.008 0.002 0.205 0.007 0.959 
46 knife_lex 30 0.008 0.009 0.902 0.332 0.010 0.045 0.020 0.945 0.105 0.005 0.012 0.105 0.076 0.419 0.012 0.013 0.008 0.990 0.714 0.037 
47 chopsticks_lex 30 0.014 0.015 0.954 0.918 0.018 0.594 0.039 0.143 0.021 0.816 0.021 0.178 0.001 0.177 0.021 0.024 0.002 0.004 0.192 0.002 
