0 beaver_vis 30 0.996 0.993 0.018 0.024 0.006 0.001 0.000 0.000 0.000 0.002 0.956 0.053 0.020 0.001 0.105 0.066 0.014 0.001 0.000 0.004 0.001 0.010 0.002 0.000 0.002 0.008 0.008 0.010 0.038 0.006 0.000 0.001 0.000 0.006 0.001 0.001 0.015 0.000 0.000 0.017 0.001 0.001 0.000 0.000 0.000 0.015 0.000 0.001 0.004 0.004 0.001 0.000 0.001 0.005 0.000 0.002 0.001 0.004 
1 bear_vis 30 0.995 0.992 0.014 0.001 0.016 0.001 0.000 0.000 0.001 0.002 0.026 0.901 0.001 0.058 0.007 0.079 0.003 0.000 0.004 0.028 0.001 0.001 0.001 0.000 0.002 0.002 0.001 0.001 0.001 0.029 0.002 0.001 0.001 0.074 0.000 0.000 0.059 0.000 0.000 0.000 0.000 0.001 0.001 0.001 0.000 0.033 0.002 0.001 0.032 0.001 0.001 0.001 0.001 0.002 0.002 0.001 0.001 0.001 
2 sheep_vis 30 0.996 0.894 0.004 0.844 0.002 0.002 0.000 0.000 0.000 0.004 0.010 0.013 0.448 0.003 0.007 0.023 0.040 0.000 0.001 0.000 0.001 0.002 0.003 0.000 0.607 0.145 0.142 0.002 0.003 0.001 0.000 0.015 0.000 0.000 0.001 0.001 0.002 0.000 0.000 0.001 0.000 0.029 0.004 0.000 0.001 0.007 0.004 0.005 0.000 0.003 0.001 0.000 0.003 0.004 0.000 0.002 0.001 0.002 
3 buffalo_vis 30 0.996 0.992 0.005 0.002 0.026 0.002 0.000 0.000 0.001 0.013 0.001 0.071 0.003 0.852 0.404 0.022 0.001 0.000 0.069 0.000 0.001 0.001 0.001 0.000 0.010 0.002 0.001 0.002 0.001 0.069 0.001 0.004 0.006 0.001 0.000 0.001 0.001 0.000 0.001 0.000 0.000 0.001 0.001 0.001 0.000 0.020 0.006 0.001 0.202 0.001 0.001 0.001 0.002 0.026 0.009 0.016 0.002 0.002 
4 poodle_vis 30 0.996 0.993 0.009 0.029 0.009 0.001 0.000 0.000 0.000 0.050 0.074 0.001 0.099 0.237 0.977 0.034 0.001 0.000 0.001 0.000 0.001 0.058 0.017 0.000 0.016 0.003 0.004 0.010 0.002 0.016 0.000 0.007 0.000 0.001 0.001 0.001 0.000 0.000 0.003 0.001 0.001 0.001 0.001 0.000 0.000 0.004 0.000 0.001 0.010 0.001 0.001 0.000 0.001 0.446 0.001 0.286 0.002 0.043 
5 giraffe_vis 30 0.996 0.993 0.011 0.001 0.012 0.002 0.000 0.000 0.001 0.009 0.003 0.171 0.003 0.667 0.062 0.324 0.001 0.000 0.012 0.004 0.001 0.001 0.001 0.000 0.005 0.001 0.001 0.001 0.001 0.014 0.001 0.001 0.001 0.031 0.000 0.000 0.002 0.000 0.001 0.001 0.000 0.001 0.001 0.001 0.000 0.003 0.004 0.001 0.003 0.000 0.001 0.000 0.002 0.026 0.001 0.006 0.002 0.002 
6 robin_vis 30 0.996 0.024 0.974 0.005 0.001 0.001 0.000 0.000 0.005 0.001 0.002 0.001 0.068 0.001 0.002 0.001 0.954 0.004 0.006 0.002 0.001 0.031 0.001 0.000 0.002 0.016 0.001 0.001 0.001 0.001 0.000 0.005 0.000 0.000 0.001 0.001 0.024 0.000 0.000 0.001 0.000 0.001 0.001 0.000 0.000 0.001 0.009 0.007 0.001 0.006 0.001 0.001 0.002 0.001 0.000 0.001 0.001 0.001 
7 swan_vis 30 0.996 0.002 0.986 0.008 0.002 0.001 0.001 0.000 0.000 0.001 0.003 0.000 0.027 0.001 0.003 0.001 0.079 0.292 0.026 0.006 0.011 0.109 0.004 0.001 0.002 0.003 0.004 0.001 0.002 0.001 0.000 0.096 0.001 0.004 0.004 0.001 0.000 0.000 0.002 0.001 0.000 0.001 0.001 0.000 0.000 0.000 0.001 0.003 0.000 0.001 0.001 0.000 0.001 0.001 0.001 0.001 0.001 0.002 
8 woodpecker_vis 30 0.996 0.004 0.988 0.001 0.001 0.001 0.000 0.000 0.001 0.001 0.001 0.021 0.001 0.116 0.003 0.001 0.016 0.002 0.972 0.080 0.046 0.028 0.003 0.000 0.001 0.003 0.001 0.001 0.000 0.002 0.001 0.001 0.021 0.001 0.001 0.000 0.000 0.000 0.000 0.000 0.000 0.001 0.000 0.000 0.000 0.001 0.001 0.000 0.033 0.003 0.001 0.000 0.000 0.001 0.001 0.000 0.001 0.000 
9 peacock_vis 30 0.996 0.004 0.992 0.002 0.001 0.001 0.000 0.000 0.000 0.001 0.023 0.040 0.001 0.001 0.001 0.001 0.036 0.060 0.048 0.970 0.030 0.069 0.003 0.000 0.001 0.003 0.002 0.001 0.001 0.001 0.001 0.000 0.002 0.004 0.000 0.000 0.000 0.000 0.000 0.001 0.000 0.001 0.000 0.000 0.000 0.000 0.000 0.001 0.000 0.002 0.001 0.000 0.001 0.001 0.000 0.000 0.001 0.001 
10 crow_vis 30 0.996 0.001 0.992 0.001 0.106 0.001 0.016 0.000 0.000 0.001 0.000 0.001 0.000 0.001 0.001 0.001 0.002 0.038 0.047 0.053 0.948 0.001 0.001 0.001 0.001 0.001 0.001 0.011 0.001 0.040 0.007 0.001 0.107 0.009 0.001 0.001 0.001 0.005 0.001 0.001 0.000 0.001 0.000 0.003 0.000 0.000 0.000 0.001 0.003 0.001 0.001 0.003 0.001 0.001 0.002 0.000 0.001 0.001 
11 eagle_vis 30 0.996 0.248 0.989 0.013 0.001 0.001 0.000 0.000 0.000 0.002 0.014 0.000 0.007 0.002 0.291 0.001 0.035 0.020 0.065 0.018 0.003 0.903 0.061 0.000 0.001 0.003 0.002 0.001 0.001 0.001 0.000 0.001 0.001 0.000 0.001 0.001 0.000 0.000 0.001 0.001 0.000 0.001 0.000 0.000 0.000 0.000 0.000 0.001 0.002 0.011 0.001 0.000 0.001 0.042 0.001 0.006 0.001 0.003 
12 tuna_vis 30 0.996 0.002 0.039 0.990 0.001 0.001 0.000 0.001 0.000 0.001 0.055 0.003 0.001 0.001 0.005 0.001 0.002 0.013 0.019 0.041 0.001 0.078 0.941 0.028 0.019 0.043 0.268 0.003 0.001 0.001 0.000 0.001 0.003 0.000 0.003 0.001 0.000 0.000 0.001 0.001 0.006 0.002 0.001 0.000 0.001 0.002 0.000 0.000 0.000 0.024 0.000 0.000 0.000 0.001 0.005 0.001 0.001 0.001 
13 goldfish_vis 30 0.996 0.000 0.001 0.985 0.008 0.002 0.007 0.001 0.000 0.001 0.003 0.000 0.001 0.001 0.001 0.000 0.001 0.066 0.001 0.002 0.001 0.001 0.079 0.649 0.006 0.106 0.022 0.327 0.001 0.001 0.001 0.002 0.038 0.002 0.004 0.010 0.000 0.000 0.000 0.003 0.009 0.001 0.001 0.001 0.002 0.001 0.000 0.001 0.000 0.001 0.000 0.000 0.001 0.001 0.026 0.001 0.001 0.001 
14 salmon_vis 30 0.996 0.090 0.001 0.985 0.001 0.003 0.000 0.012 0.000 0.002 0.001 0.002 0.002 0.004 0.249 0.001 0.002 0.000 0.001 0.000 0.001 0.001 0.255 0.005 0.131 0.156 0.005 0.549 0.001 0.003 0.000 0.004 0.001 0.000 0.006 0.003 0.001 0.000 0.001 0.001 0.047 0.004 0.011 0.014 0.001 0.104 0.000 0.001 0.001 0.005 0.001 0.000 0.001 0.001 0.004 0.002 0.002 0.001 
15 sardine_vis 30 0.996 0.001 0.001 0.988 0.001 0.004 0.000 0.010 0.000 0.001 0.005 0.005 0.008 0.001 0.001 0.001 0.005 0.001 0.002 0.038 0.001 0.001 0.039 0.033 0.005 0.973 0.003 0.007 0.001 0.001 0.000 0.001 0.015 0.000 0.002 0.002 0.000 0.000 0.000 0.000 0.010 0.010 0.004 0.001 0.143 0.004 0.000 0.001 0.000 0.001 0.000 0.008 0.001 0.001 0.009 0.001 0.001 0.001 
16 catfish_vis 30 0.996 0.001 0.002 0.977 0.024 0.004 0.000 0.000 0.000 0.006 0.006 0.000 0.004 0.000 0.001 0.007 0.001 0.022 0.000 0.002 0.001 0.001 0.006 0.008 0.004 0.215 0.935 0.001 0.013 0.001 0.001 0.002 0.002 0.018 0.001 0.001 0.000 0.000 0.000 0.001 0.000 0.107 0.001 0.000 0.062 0.000 0.000 0.001 0.000 0.001 0.000 0.000 0.599 0.001 0.558 0.001 0.001 0.005 
17 cod_vis 30 0.995 0.001 0.001 0.994 0.082 0.005 0.004 0.013 0.000 0.002 0.001 0.001 0.001 0.001 0.010 0.000 0.001 0.036 0.001 0.000 0.001 0.001 0.411 0.680 0.007 0.743 0.004 0.811 0.001 0.005 0.000 0.003 0.517 0.000 0.015 0.376 0.000 0.000 0.000 0.001 0.152 0.008 0.004 0.010 0.014 0.016 0.000 0.000 0.000 0.003 0.000 0.001 0.001 0.001 0.431 0.002 0.001 0.001 
18 turtle_vis 30 0.996 0.001 0.004 0.957 0.105 0.008 0.000 0.000 0.000 0.021 0.033 0.001 0.012 0.000 0.000 0.008 0.003 0.020 0.000 0.006 0.002 0.000 0.003 0.007 0.002 0.604 0.790 0.001 0.061 0.001 0.003 0.005 0.004 0.031 0.002 0.001 0.000 0.000 0.000 0.001 0.000 0.274 0.001 0.000 0.336 0.001 0.000 0.003 0.000 0.000 0.000 0.000 0.214 0.001 0.346 0.000 0.002 0.014 
19 rattlesnake_vis 30 0.995 0.002 0.002 0.047 0.920 0.009 0.001 0.003 0.000 0.008 0.000 0.002 0.001 0.630 0.005 0.001 0.001 0.000 0.037 0.000 0.032 0.000 0.004 0.001 0.017 0.001 0.001 0.044 0.001 0.872 0.002 0.019 0.850 0.018 0.507 0.001 0.001 0.001 0.001 0.000 0.000 0.003 0.001 0.001 0.048 0.148 0.002 0.000 0.021 0.000 0.001 0.001 0.002 0.001 0.735 0.001 0.002 0.001 
20 crab_vis 30 0.995 0.001 0.038 0.004 0.990 0.001 0.001 0.000 0.000 0.001 0.001 0.023 0.001 0.001 0.000 0.001 0.001 0.003 0.001 0.086 0.032 0.000 0.001 0.039 0.001 0.001 0.002 0.001 0.075 0.004 0.935 0.002 0.232 0.059 0.001 0.001 0.000 0.000 0.000 0.001 0.000 0.001 0.000 0.000 0.003 0.000 0.000 0.001 0.000 0.000 0.002 0.001 0.024 0.001 0.002 0.000 0.001 0.001 
21 frog_vis 30 0.991 0.003 0.001 0.989 0.020 0.205 0.000 0.063 0.000 0.016 0.048 0.216 0.559 0.001 0.001 0.002 0.079 0.002 0.008 0.003 0.001 0.001 0.258 0.054 0.043 0.973 0.582 0.002 0.002 0.002 0.001 0.042 0.330 0.002 0.014 0.003 0.000 0.000 0.000 0.000 0.005 0.643 0.017 0.000 0.936 0.020 0.001 0.011 0.000 0.005 0.000 0.006 0.122 0.001 0.754 0.001 0.001 0.002 
22 gecko_vis 30 0.993 0.001 0.004 0.018 0.944 0.002 0.001 0.001 0.000 0.001 0.000 0.004 0.000 0.012 0.001 0.001 0.001 0.003 0.011 0.009 0.010 0.000 0.003 0.052 0.001 0.006 0.001 0.003 0.001 0.012 0.011 0.005 0.959 0.040 0.006 0.001 0.000 0.000 0.000 0.000 0.000 0.001 0.001 0.001 0.035 0.001 0.000 0.000 0.000 0.000 0.001 0.003 0.002 0.001 0.090 0.000 0.001 0.001 
23 crocodile_vis 30 0.995 0.031 0.034 0.002 0.960 0.001 0.001 0.000 0.000 0.002 0.005 0.081 0.001 0.002 0.001 0.004 0.001 0.030 0.001 0.114 0.007 0.001 0.001 0.001 0.001 0.001 0.043 0.001 0.011 0.007 0.057 0.013 0.017 0.970 0.001 0.000 0.003 0.000 0.000 0.001 0.000 0.001 0.000 0.000 0.000 0.000 0.000 0.001 0.000 0.000 0.001 0.000 0.002 0.001 0.002 0.000 0.001 0.001 
24 axe_vis 30 0.011 0.872 0.002 0.001 0.001 0.995 0.001 0.002 0.005 0.985 0.042 0.000 0.008 0.001 0.916 0.001 0.004 0.000 0.000 0.000 0.001 0.072 0.002 0.000 0.006 0.001 0.001 0.002 0.001 0.004 0.000 0.001 0.000 0.000 0.002 0.002 0.027 0.004 0.001 0.031 0.159 0.001 0.003 0.001 0.000 0.017 0.004 0.007 0.010 0.002 0.001 0.001 0.002 0.007 0.001 0.986 0.316 0.470 
25 hammer_vis 30 0.004 0.000 0.002 0.001 0.002 0.995 0.016 0.001 0.000 0.988 0.000 0.000 0.000 0.001 0.008 0.000 0.001 0.000 0.001 0.000 0.003 0.000 0.001 0.000 0.001 0.000 0.001 0.002 0.001 0.028 0.000 0.018 0.001 0.004 0.012 0.008 0.086 0.161 0.006 0.001 0.003 0.001 0.003 0.001 0.000 0.001 0.007 0.001 0.005 0.000 0.001 0.001 0.003 0.001 0.249 0.026 0.220 0.008 
26 screwdriver_vis 30 0.004 0.001 0.006 0.001 0.006 0.993 0.918 0.001 0.003 0.034 0.000 0.001 0.000 0.001 0.004 0.000 0.001 0.004 0.005 0.000 0.003 0.001 0.001 0.001 0.002 0.000 0.004 0.002 0.001 0.005 0.001 0.022 0.008 0.034 0.604 0.002 0.268 0.010 0.310 0.002 0.001 0.001 0.001 0.001 0.000 0.001 0.003 0.001 0.002 0.061 0.001 0.001 0.001 0.002 0.005 0.002 0.021 0.003 
27 chisel_vis 30 0.004 0.001 0.006 0.001 0.019 0.995 0.926 0.001 0.009 0.013 0.000 0.000 0.000 0.000 0.003 0.000 0.001 0.006 0.003 0.000 0.003 0.000 0.000 0.002 0.001 0.000 0.000 0.002 0.001 0.019 0.001 0.005 0.420 0.002 0.267 0.023 0.001 0.440 0.004 0.002 0.001 0.001 0.001 0.001 0.001 0.003 0.002 0.001 0.047 0.001 0.001 0.004 0.001 0.001 0.006 0.002 0.003 0.002 
28 saw_vis 30 0.004 0.000 0.002 0.002 0.001 0.995 0.035 0.005 0.000 0.872 0.000 0.000 0.000 0.000 0.002 0.000 0.001 0.000 0.000 0.000 0.001 0.000 0.001 0.000 0.002 0.000 0.000 0.002 0.001 0.008 0.000 0.002 0.000 0.000 0.009 0.011 0.119 0.145 0.002 0.001 0.002 0.009 0.009 0.001 0.000 0.001 0.001 0.001 0.009 0.001 0.001 0.001 0.002 0.001 0.178 0.006 0.078 0.002 
29 drill_vis 30 0.003 0.000 0.006 0.001 0.002 0.995 0.024 0.001 0.001 0.981 0.001 0.000 0.000 0.000 0.001 0.000 0.001 0.001 0.000 0.000 0.007 0.000 0.000 0.000 0.001 0.000 0.002 0.002 0.001 0.004 0.001 0.001 0.001 0.010 0.011 0.003 0.020 0.021 0.011 0.002 0.001 0.002 0.001 0.001 0.000 0.001 0.001 0.001 0.001 0.001 0.001 0.001 0.004 0.002 0.016 0.002 0.341 0.003 
30 clamp_vis 30 0.003 0.000 0.000 0.008 0.000 0.995 0.000 0.897 0.000 0.039 0.000 0.003 0.000 0.000 0.000 0.000 0.001 0.000 0.029 0.001 0.001 0.000 0.003 0.004 0.001 0.008 0.000 0.002 0.000 0.001 0.001 0.000 0.008 0.000 0.000 0.001 0.000 0.001 0.000 0.000 0.114 0.005 0.133 0.002 0.026 0.002 0.001 0.002 0.000 0.000 0.000 0.004 0.009 0.001 0.029 0.014 0.001 0.001 
31 hoe_vis 30 0.003 0.000 0.000 0.014 0.001 0.995 0.000 0.955 0.000 0.631 0.000 0.002 0.001 0.004 0.002 0.000 0.001 0.000 0.010 0.000 0.001 0.000 0.010 0.000 0.009 0.004 0.001 0.003 0.001 0.002 0.000 0.000 0.000 0.000 0.001 0.001 0.034 0.001 0.000 0.000 0.014 0.028 0.049 0.001 0.008 0.222 0.007 0.001 0.001 0.001 0.001 0.001 0.008 0.002 0.365 0.659 0.002 0.001 
32 rake_vis 30 0.003 0.000 0.000 0.006 0.001 0.995 0.000 0.977 0.003 0.038 0.000 0.001 0.001 0.001 0.001 0.000 0.001 0.000 0.009 0.000 0.001 0.000 0.001 0.000 0.005 0.008 0.000 0.002 0.000 0.001 0.000 0.000 0.000 0.000 0.000 0.001 0.003 0.001 0.000 0.000 0.006 0.017 0.970 0.021 0.012 0.003 0.009 0.002 0.000 0.000 0.001 0.015 0.012 0.001 0.018 0.019 0.001 0.001 
33 shovel_vis 30 0.003 0.000 0.001 0.009 0.001 0.995 0.001 0.927 0.000 0.082 0.000 0.015 0.000 0.001 0.001 0.000 0.001 0.000 0.018 0.004 0.001 0.000 0.029 0.003 0.001 0.002 0.000 0.003 0.000 0.002 0.000 0.000 0.012 0.000 0.001 0.001 0.001 0.001 0.000 0.001 0.122 0.004 0.005 0.010 0.006 0.015 0.001 0.000 0.000 0.000 0.000 0.001 0.002 0.001 0.102 0.085 0.001 0.001 
34 spade_vis 30 0.003 0.000 0.000 0.006 0.000 0.995 0.000 0.982 0.002 0.089 0.000 0.001 0.001 0.004 0.001 0.001 0.002 0.000 0.034 0.000 0.001 0.000 0.002 0.000 0.005 0.018 0.003 0.002 0.000 0.001 0.001 0.000 0.001 0.000 0.000 0.001 0.000 0.001 0.000 0.000 0.004 0.175 0.157 0.001 0.393 0.041 0.026 0.001 0.000 0.000 0.000 0.006 0.025 0.001 0.016 0.027 0.001 0.001 
35 wrench_vis 30 0.003 0.000 0.000 0.009 0.001 0.995 0.000 0.913 0.000 0.182 0.000 0.002 0.001 0.002 0.001 0.001 0.001 0.000 0.023 0.000 0.001 0.000 0.005 0.000 0.002 0.008 0.002 0.002 0.000 0.002 0.000 0.000 0.002 0.000 0.000 0.001 0.000 0.001 0.000 0.000 0.024 0.018 0.040 0.003 0.096 0.010 0.001 0.001 0.000 0.000 0.000 0.003 0.068 0.002 0.041 0.058 0.001 0.001 
36 accordion_vis 30 0.024 0.929 0.005 0.001 0.001 0.993 0.001 0.001 0.015 0.893 0.004 0.004 0.004 0.564 0.764 0.014 0.004 0.000 0.017 0.000 0.001 0.005 0.001 0.000 0.013 0.000 0.001 0.002 0.001 0.012 0.001 0.002 0.000 0.001 0.003 0.001 0.016 0.090 0.003 0.027 0.001 0.001 0.001 0.010 0.000 0.088 0.267 0.003 0.027 0.002 0.001 0.001 0.027 0.303 0.001 0.891 0.010 0.034 
37 cello_vis 30 0.027 0.097 0.004 0.001 0.001 0.940 0.001 0.001 0.984 0.009 0.001 0.250 0.063 0.067 0.002 0.001 0.038 0.000 0.110 0.000 0.001 0.001 0.000 0.000 0.048 0.001 0.001 0.001 0.002 0.002 0.005 0.120 0.000 0.000 0.001 0.001 0.070 0.001 0.001 0.001 0.001 0.001 0.010 0.001 0.001 0.002 0.556 0.225 0.003 0.002 0.003 0.012 0.011 0.003 0.000 0.004 0.004 0.003 
38 flute_vis 30 0.004 0.193 0.004 0.001 0.001 0.994 0.001 0.006 0.028 0.975 0.002 0.001 0.001 0.078 0.115 0.001 0.002 0.000 0.023 0.000 0.001 0.002 0.001 0.000 0.001 0.001 0.000 0.001 0.001 0.030 0.000 0.000 0.001 0.000 0.001 0.001 0.001 0.315 0.000 0.001 0.002 0.002 0.001 0.002 0.001 0.279 0.047 0.002 0.580 0.001 0.001 0.055 0.030 0.015 0.016 0.987 0.002 0.004 
39 guitar_vis 30 0.085 0.936 0.002 0.002 0.001 0.984 0.001 0.001 0.005 0.925 0.037 0.000 0.012 0.001 0.842 0.001 0.005 0.000 0.000 0.000 0.001 0.070 0.003 0.000 0.007 0.001 0.001 0.002 0.001 0.004 0.000 0.001 0.000 0.000 0.006 0.001 0.006 0.004 0.002 0.095 0.019 0.001 0.002 0.001 0.000 0.019 0.006 0.007 0.010 0.002 0.001 0.001 0.003 0.071 0.001 0.958 0.071 0.255 
40 piano_vis 30 0.039 0.136 0.003 0.001 0.001 0.962 0.001 0.002 0.989 0.003 0.000 0.180 0.047 0.166 0.001 0.001 0.036 0.000 0.127 0.000 0.001 0.000 0.000 0.000 0.081 0.001 0.001 0.001 0.001 0.002 0.005 0.105 0.000 0.000 0.001 0.001 0.115 0.004 0.001 0.001 0.000 0.001 0.003 0.001 0.001 0.002 0.854 0.067 0.003 0.001 0.007 0.013 0.005 0.002 0.000 0.002 0.003 0.001 
41 trumpet_vis 30 0.003 0.001 0.001 0.004 0.001 0.995 0.000 0.950 0.001 0.066 0.000 0.001 0.002 0.002 0.000 0.001 0.002 0.000 0.033 0.001 0.001 0.000 0.001 0.000 0.002 0.026 0.003 0.001 0.001 0.001 0.001 0.000 0.002 0.000 0.000 0.001 0.000 0.001 0.000 0.000 0.001 0.023 0.060 0.001 0.494 0.005 0.006 0.003 0.000 0.001 0.001 0.012 0.124 0.001 0.007 0.012 0.001 0.001 
42 fork_vis 30 0.003 0.001 0.001 0.004 0.001 0.995 0.001 0.800 0.001 0.812 0.001 0.000 0.004 0.006 0.001 0.003 0.002 0.000 0.028 0.001 0.001 0.001 0.002 0.000 0.002 0.018 0.028 0.001 0.001 0.001 0.001 0.000 0.002 0.000 0.001 0.001 0.000 0.001 0.000 0.001 0.001 0.241 0.013 0.001 0.601 0.006 0.009 0.001 0.000 0.001 0.001 0.003 0.753 0.007 0.034 0.060 0.003 0.002 
43 spoon_vis 30 0.003 0.009 0.005 0.001 0.001 0.995 0.001 0.002 0.017 0.983 0.002 0.001 0.003 0.009 0.003 0.001 0.002 0.000 0.038 0.002 0.001 0.002 0.001 0.000 0.001 0.001 0.000 0.001 0.001 0.002 0.000 0.000 0.011 0.000 0.001 0.001 0.001 0.002 0.000 0.001 0.001 0.022 0.002 0.001 0.001 0.001 0.007 0.001 0.064 0.002 0.001 0.003 0.036 0.128 0.040 0.744 0.008 0.001 
44 tongs_vis 30 0.003 0.000 0.009 0.002 0.005 0.995 0.006 0.001 0.000 0.994 0.001 0.000 0.001 0.000 0.002 0.000 0.001 0.008 0.001 0.000 0.006 0.001 0.002 0.001 0.001 0.001 0.019 0.002 0.002 0.003 0.000 0.010 0.004 0.022 0.007 0.005 0.001 0.008 0.001 0.001 0.005 0.002 0.005 0.000 0.001 0.001 0.000 0.002 0.000 0.000 0.000 0.001 0.030 0.001 0.318 0.032 0.011 0.574 
45 ladle_vis 30 0.003 0.001 0.001 0.185 0.001 0.995 0.000 0.666 0.000 0.978 0.015 0.000 0.001 0.000 0.009 0.001 0.001 0.000 0.001 0.000 0.001 0.004 0.712 0.000 0.002 0.013 0.011 0.002 0.001 0.001 0.000 0.000 0.001 0.000 0.001 0.004 0.001 0.001 0.000 0.001 0.897 0.017 0.007 0.001 0.002 0.045 0.001 0.001 0.000 0.001 0.001 0.001 0.005 0.004 0.820 0.963 0.002 0.005 
46 knife_vis 30 0.005 0.074 0.007 0.001 0.001 0.995 0.001 0.001 0.031 0.989 0.021 0.000 0.202 0.003 0.009 0.004 0.008 0.000 0.003 0.000 0.001 0.023 0.001 0.000 0.004 0.001 0.006 0.001 0.003 0.001 0.000 0.001 0.000 0.000 0.000 0.001 0.001 0.001 0.000 0.002 0.003 0.002 0.005 0.001 0.000 0.001 0.007 0.123 0.001 0.001 0.001 0.001 0.030 0.008 0.001 0.820 0.056 0.094 
47 chopsticks_vis 30 0.004 0.001 0.010 0.002 0.006 0.995 0.002 0.001 0.000 0.995 0.003 0.000 0.191 0.000 0.001 0.001 0.002 0.043 0.000 0.000 0.001 0.002 0.001 0.001 0.003 0.001 0.472 0.001 0.252 0.001 0.001 0.206 0.000 0.001 0.005 0.002 0.000 0.001 0.001 0.006 0.001 0.002 0.005 0.000 0.000 0.000 0.001 0.450 0.000 0.000 0.001 0.001 0.633 0.002 0.006 0.005 0.190 0.917 
0 beaver_vis 30 0.996 0.994 0.015 0.029 0.008 0.001 0.000 0.000 0.000 0.006 0.952 0.004 0.072 0.001 0.095 0.594 0.016 0.001 0.000 0.003 0.001 0.008 0.001 0.000 0.002 0.016 0.018 0.026 0.095 0.007 0.000 0.001 0.000 0.005 0.000 0.001 0.003 0.000 0.000 0.020 0.001 0.003 0.001 0.000 0.000 0.013 0.000 0.001 0.002 0.001 0.001 0.000 0.001 0.021 0.000 0.009 0.003 0.007 
1 bear_vis 30 0.996 0.990 0.005 0.001 0.125 0.001 0.000 0.000 0.004 0.002 0.001 0.372 0.002 0.894 0.175 0.006 0.001 0.000 0.164 0.000 0.001 0.001 0.001 0.000 0.003 0.005 0.001 0.003 0.001 0.463 0.002 0.003 0.081 0.001 0.002 0.001 0.001 0.000 0.000 0.000 0.000 0.001 0.001 0.001 0.001 0.275 0.015 0.001 0.929 0.001 0.001 0.009 0.001 0.002 0.010 0.003 0.001 0.001 
2 sheep_vis 30 0.996 0.901 0.003 0.790 0.004 0.003 0.000 0.000 0.001 0.012 0.003 0.002 0.667 0.056 0.044 0.042 0.012 0.000 0.001 0.000 0.001 0.002 0.008 0.000 0.762 0.083 0.092 0.002 0.003 0.002 0.000 0.065 0.000 0.000 0.001 0.001 0.000 0.000 0.000 0.001 0.000 0.017 0.029 0.000 0.002 0.003 0.013 0.008 0.000 0.001 0.001 0.001 0.012 0.021 0.000 0.005 0.002 0.003 
3 buffalo_vis 30 0.996 0.992 0.006 0.002 0.075 0.004 0.000 0.000 0.002 0.021 0.001 0.015 0.125 0.984 0.015 0.311 0.002 0.000 0.154 0.000 0.001 0.001 0.001 0.000 0.139 0.001 0.001 0.001 0.001 0.012 0.003 0.017 0.001 0.000 0.000 0.000 0.000 0.001 0.001 0.001 0.000 0.001 0.004 0.001 0.000 0.001 0.331 0.002 0.001 0.001 0.002 0.001 0.076 0.052 0.001 0.008 0.003 0.003 
4 poodle_vis 30 0.996 0.994 0.009 0.005 0.012 0.001 0.000 0.000 0.000 0.027 0.014 0.004 0.025 0.803 0.891 0.076 0.001 0.000 0.005 0.000 0.001 0.008 0.004 0.000 0.012 0.002 0.002 0.003 0.001 0.020 0.001 0.004 0.001 0.003 0.000 0.001 0.000 0.000 0.003 0.001 0.000 0.001 0.001 0.001 0.000 0.004 0.001 0.001 0.009 0.001 0.001 0.000 0.001 0.260 0.001 0.093 0.002 0.010 
5 giraffe_vis 30 0.996 0.792 0.004 0.032 0.016 0.003 0.000 0.013 0.001 0.010 0.001 0.211 0.003 0.941 0.103 0.022 0.001 0.000 0.172 0.000 0.001 0.001 0.004 0.000 0.022 0.006 0.001 0.015 0.001 0.179 0.001 0.001 0.052 0.001 0.001 0.000 0.001 0.000 0.001 0.001 0.000 0.004 0.001 0.010 0.005 0.605 0.010 0.001 0.181 0.001 0.001 0.001 0.002 0.015 0.032 0.007 0.002 0.002 
6 robin_vis 30 0.996 0.054 0.982 0.005 0.001 0.001 0.000 0.000 0.005 0.001 0.002 0.002 0.119 0.001 0.003 0.001 0.971 0.004 0.008 0.003 0.001 0.030 0.001 0.000 0.002 0.035 0.002 0.001 0.001 0.001 0.000 0.010 0.000 0.000 0.001 0.001 0.017 0.000 0.000 0.001 0.000 0.001 0.001 0.000 0.000 0.001 0.009 0.009 0.001 0.005 0.001 0.001 0.002 0.001 0.000 0.001 0.001 0.001 
7 swan_vis 30 0.996 0.027 0.991 0.005 0.001 0.001 0.000 0.000 0.000 0.002 0.020 0.000 0.074 0.001 0.004 0.004 0.098 0.074 0.006 0.032 0.006 0.454 0.005 0.000 0.001 0.005 0.010 0.001 0.002 0.001 0.000 0.003 0.000 0.000 0.001 0.001 0.000 0.000 0.000 0.001 0.000 0.001 0.000 0.000 0.000 0.001 0.000 0.002 0.000 0.001 0.001 0.000 0.011 0.006 0.000 0.001 0.001 0.003 
8 woodpecker_vis 30 0.996 0.010 0.985 0.001 0.001 0.001 0.000 0.000 0.004 0.001 0.001 0.040 0.002 0.029 0.002 0.001 0.331 0.001 0.821 0.050 0.017 0.004 0.001 0.000 0.001 0.005 0.001 0.001 0.000 0.002 0.001 0.002 0.001 0.001 0.000 0.000 0.002 0.000 0.000 0.000 0.000 0.001 0.000 0.000 0.000 0.002 0.061 0.001 0.006 0.001 0.001 0.001 0.001 0.001 0.000 0.001 0.001 0.001 
9 peacock_vis 30 0.996 0.003 0.992 0.001 0.008 0.001 0.002 0.000 0.000 0.001 0.003 0.009 0.001 0.001 0.001 0.002 0.006 0.544 0.022 0.743 0.717 0.004 0.001 0.001 0.001 0.001 0.002 0.001 0.001 0.001 0.002 0.001 0.020 0.316 0.000 0.001 0.001 0.000 0.000 0.001 0.000 0.001 0.000 0.000 0.000 0.000 0.000 0.000 0.000 0.001 0.001 0.000 0.001 0.001 0.001 0.000 0.001 0.001 
10 crow_vis 30 0.996 0.001 0.991 0.001 0.081 0.001 0.017 0.000 0.001 0.001 0.000 0.002 0.000 0.003 0.001 0.001 0.007 0.009 0.048 0.012 0.929 0.001 0.001 0.000 0.001 0.001 0.000 0.010 0.001 0.089 0.008 0.001 0.017 0.005 0.001 0.001 0.002 0.012 0.000 0.001 0.000 0.001 0.000 0.006 0.000 0.001 0.001 0.000 0.006 0.001 0.002 0.015 0.001 0.001 0.002 0.001 0.001 0.001 
11 eagle_vis 30 0.996 0.629 0.990 0.005 0.001 0.001 0.000 0.000 0.000 0.002 0.021 0.000 0.053 0.006 0.262 0.007 0.050 0.019 0.023 0.012 0.003 0.935 0.036 0.000 0.001 0.004 0.003 0.001 0.001 0.001 0.000 0.001 0.000 0.000 0.001 0.001 0.000 0.000 0.000 0.001 0.001 0.001 0.001 0.000 0.000 0.001 0.000 0.001 0.002 0.006 0.001 0.000 0.001 0.102 0.000 0.010 0.001 0.003 
12 tuna_vis 30 0.996 0.133 0.038 0.985 0.001 0.001 0.000 0.003 0.000 0.001 0.006 0.003 0.003 0.009 0.201 0.001 0.010 0.006 0.003 0.010 0.001 0.027 0.900 0.003 0.331 0.063 0.074 0.114 0.001 0.002 0.000 0.003 0.001 0.000 0.008 0.001 0.004 0.000 0.002 0.001 0.013 0.006 0.002 0.001 0.000 0.076 0.000 0.001 0.001 0.027 0.001 0.000 0.000 0.001 0.002 0.001 0.001 0.001 
13 goldfish_vis 30 0.996 0.001 0.001 0.988 0.003 0.003 0.001 0.001 0.000 0.002 0.005 0.002 0.004 0.001 0.001 0.001 0.002 0.004 0.001 0.015 0.001 0.001 0.009 0.386 0.017 0.757 0.022 0.012 0.003 0.001 0.001 0.008 0.007 0.000 0.001 0.002 0.000 0.000 0.001 0.001 0.002 0.001 0.003 0.001 0.033 0.000 0.000 0.004 0.000 0.001 0.001 0.002 0.002 0.001 0.001 0.001 0.002 0.001 
14 salmon_vis 30 0.996 0.444 0.001 0.987 0.001 0.004 0.000 0.003 0.000 0.003 0.006 0.024 0.082 0.008 0.012 0.004 0.036 0.000 0.001 0.000 0.001 0.001 0.018 0.000 0.744 0.172 0.378 0.008 0.001 0.002 0.001 0.007 0.000 0.000 0.001 0.001 0.007 0.000 0.000 0.001 0.001 0.061 0.010 0.001 0.002 0.024 0.002 0.002 0.000 0.003 0.001 0.001 0.001 0.002 0.001 0.002 0.002 0.002 
15 sardine_vis 30 0.996 0.003 0.002 0.985 0.001 0.004 0.000 0.016 0.000 0.001 0.001 0.002 0.019 0.002 0.003 0.001 0.019 0.000 0.004 0.002 0.001 0.001 0.025 0.031 0.025 0.957 0.003 0.008 0.001 0.002 0.000 0.003 0.018 0.000 0.002 0.002 0.000 0.000 0.000 0.000 0.008 0.019 0.016 0.001 0.187 0.014 0.003 0.002 0.000 0.002 0.001 0.008 0.001 0.001 0.002 0.001 0.001 0.001 
16 catfish_vis 30 0.996 0.011 0.003 0.957 0.035 0.005 0.000 0.000 0.000 0.015 0.009 0.000 0.022 0.001 0.001 0.031 0.002 0.009 0.000 0.002 0.001 0.001 0.003 0.009 0.012 0.058 0.957 0.001 0.035 0.001 0.001 0.006 0.001 0.042 0.000 0.001 0.000 0.000 0.000 0.001 0.000 0.037 0.001 0.000 0.010 0.000 0.000 0.003 0.000 0.001 0.001 0.000 0.638 0.003 0.280 0.001 0.002 0.007 
17 cod_vis 30 0.996 0.237 0.001 0.983 0.001 0.006 0.001 0.047 0.000 0.002 0.001 0.006 0.002 0.004 0.146 0.001 0.002 0.000 0.001 0.000 0.001 0.001 0.068 0.005 0.031 0.606 0.001 0.889 0.001 0.010 0.000 0.001 0.002 0.000 0.006 0.028 0.001 0.000 0.000 0.001 0.225 0.010 0.013 0.214 0.002 0.163 0.001 0.001 0.006 0.002 0.001 0.003 0.001 0.001 0.014 0.003 0.002 0.001 
18 turtle_vis 30 0.996 0.046 0.006 0.573 0.347 0.026 0.001 0.000 0.000 0.079 0.008 0.000 0.020 0.000 0.000 0.058 0.007 0.002 0.000 0.000 0.002 0.000 0.000 0.001 0.039 0.007 0.546 0.006 0.133 0.004 0.004 0.060 0.000 0.070 0.001 0.001 0.002 0.000 0.000 0.002 0.000 0.039 0.003 0.000 0.001 0.001 0.001 0.005 0.000 0.000 0.001 0.000 0.615 0.001 0.052 0.000 0.003 0.027 
19 rattlesnake_vis 30 0.995 0.080 0.001 0.368 0.202 0.005 0.000 0.349 0.001 0.006 0.000 0.031 0.001 0.958 0.025 0.002 0.001 0.000 0.137 0.000 0.007 0.000 0.023 0.000 0.278 0.002 0.001 0.332 0.001 0.862 0.002 0.002 0.279 0.000 0.156 0.001 0.001 0.001 0.001 0.000 0.000 0.033 0.003 0.034 0.135 0.931 0.015 0.001 0.027 0.001 0.001 0.001 0.001 0.002 0.482 0.004 0.002 0.001 
20 crab_vis 30 0.996 0.003 0.029 0.002 0.991 0.001 0.002 0.000 0.000 0.001 0.001 0.029 0.001 0.002 0.000 0.002 0.001 0.001 0.001 0.017 0.029 0.000 0.000 0.006 0.002 0.001 0.002 0.001 0.056 0.008 0.949 0.006 0.044 0.058 0.001 0.001 0.001 0.000 0.000 0.001 0.000 0.001 0.000 0.000 0.002 0.000 0.001 0.002 0.000 0.000 0.003 0.001 0.031 0.001 0.001 0.000 0.001 0.001 
21 frog_vis 30 0.996 0.614 0.002 0.858 0.009 0.007 0.000 0.002 0.001 0.012 0.001 0.001 0.234 0.015 0.012 0.009 0.012 0.000 0.001 0.000 0.001 0.000 0.002 0.000 0.167 0.657 0.009 0.008 0.002 0.004 0.001 0.025 0.000 0.000 0.000 0.001 0.000 0.000 0.000 0.001 0.000 0.346 0.099 0.000 0.046 0.029 0.011 0.005 0.000 0.000 0.001 0.002 0.019 0.005 0.029 0.003 0.002 0.002 
22 gecko_vis 30 0.995 0.049 0.006 0.001 0.985 0.001 0.004 0.000 0.001 0.001 0.001 0.014 0.001 0.119 0.004 0.001 0.001 0.000 0.008 0.000 0.011 0.000 0.001 0.000 0.002 0.001 0.000 0.023 0.001 0.871 0.003 0.075 0.193 0.209 0.062 0.001 0.003 0.005 0.001 0.000 0.000 0.001 0.001 0.001 0.001 0.014 0.004 0.000 0.082 0.001 0.001 0.003 0.001 0.001 0.059 0.001 0.001 0.001 
23 crocodile_vis 30 0.996 0.987 0.014 0.001 0.085 0.001 0.000 0.000 0.001 0.002 0.011 0.840 0.001 0.016 0.002 0.034 0.003 0.000 0.001 0.017 0.001 0.000 0.000 0.000 0.002 0.001 0.003 0.001 0.001 0.016 0.005 0.002 0.001 0.371 0.000 0.000 0.166 0.000 0.000 0.001 0.000 0.001 0.000 0.001 0.000 0.007 0.002 0.001 0.002 0.001 0.001 0.000 0.001 0.001 0.001 0.001 0.001 0.001 
24 axe_vis 30 0.005 0.074 0.002 0.001 0.001 0.995 0.003 0.081 0.962 0.019 0.001 0.008 0.001 0.019 0.094 0.000 0.002 0.000 0.014 0.000 0.001 0.001 0.000 0.000 0.001 0.001 0.000 0.002 0.001 0.049 0.000 0.001 0.000 0.000 0.035 0.003 0.022 0.666 0.001 0.001 0.013 0.002 0.002 0.008 0.000 0.404 0.103 0.001 0.966 0.003 0.001 0.179 0.001 0.005 0.001 0.457 0.005 0.001 
25 hammer_vis 30 0.005 0.000 0.001 0.001 0.004 0.995 0.095 0.001 0.001 0.833 0.000 0.000 0.000 0.001 0.010 0.000 0.001 0.000 0.001 0.000 0.002 0.000 0.000 0.000 0.001 0.000 0.000 0.003 0.001 0.038 0.000 0.029 0.002 0.000 0.012 0.018 0.085 0.807 0.007 0.002 0.001 0.001 0.004 0.001 0.000 0.001 0.002 0.001 0.025 0.000 0.001 0.003 0.001 0.001 0.074 0.019 0.012 0.005 
26 screwdriver_vis 30 0.098 0.001 0.010 0.001 0.028 0.995 0.540 0.001 0.003 0.030 0.001 0.003 0.000 0.000 0.001 0.000 0.001 0.000 0.000 0.000 0.005 0.000 0.000 0.000 0.001 0.000 0.000 0.002 0.001 0.158 0.001 0.001 0.000 0.041 0.125 0.002 0.858 0.264 0.001 0.002 0.000 0.015 0.001 0.001 0.000 0.010 0.005 0.000 0.049 0.001 0.001 0.001 0.001 0.001 0.004 0.001 0.219 0.001 
27 chisel_vis 30 0.004 0.001 0.004 0.001 0.045 0.995 0.967 0.002 0.172 0.024 0.000 0.000 0.000 0.001 0.004 0.000 0.001 0.001 0.003 0.000 0.006 0.000 0.000 0.001 0.001 0.000 0.000 0.003 0.001 0.104 0.001 0.005 0.080 0.000 0.098 0.069 0.008 0.976 0.021 0.002 0.003 0.001 0.001 0.003 0.000 0.004 0.003 0.001 0.199 0.001 0.001 0.037 0.001 0.001 0.003 0.002 0.006 0.002 
28 saw_vis 30 0.005 0.000 0.002 0.001 0.003 0.995 0.382 0.001 0.001 0.993 0.000 0.000 0.000 0.000 0.002 0.000 0.001 0.000 0.000 0.000 0.005 0.000 0.000 0.000 0.002 0.000 0.000 0.002 0.001 0.040 0.000 0.002 0.000 0.000 0.007 0.017 0.972 0.061 0.015 0.001 0.001 0.048 0.002 0.001 0.000 0.001 0.004 0.001 0.017 0.001 0.001 0.001 0.002 0.001 0.519 0.004 0.762 0.002 
29 drill_vis 30 0.004 0.000 0.024 0.001 0.006 0.995 0.972 0.001 0.002 0.035 0.003 0.001 0.000 0.000 0.001 0.000 0.001 0.003 0.000 0.011 0.010 0.000 0.000 0.002 0.001 0.000 0.001 0.002 0.003 0.004 0.071 0.001 0.001 0.003 0.013 0.003 0.085 0.063 0.014 0.591 0.001 0.001 0.001 0.006 0.000 0.000 0.001 0.001 0.001 0.001 0.047 0.001 0.001 0.001 0.001 0.001 0.024 0.002 
30 clamp_vis 30 0.003 0.000 0.000 0.005 0.001 0.996 0.001 0.972 0.002 0.045 0.000 0.001 0.000 0.001 0.001 0.000 0.001 0.000 0.005 0.000 0.001 0.000 0.002 0.000 0.003 0.003 0.000 0.003 0.000 0.002 0.000 0.000 0.000 0.000 0.001 0.002 0.005 0.002 0.000 0.000 0.015 0.004 0.796 0.029 0.002 0.005 0.002 0.001 0.001 0.000 0.001 0.008 0.002 0.001 0.022 0.044 0.001 0.001 
31 hoe_vis 30 0.003 0.001 0.000 0.003 0.001 0.995 0.000 0.988 0.001 0.348 0.000 0.000 0.001 0.012 0.001 0.001 0.002 0.000 0.008 0.000 0.001 0.000 0.001 0.000 0.011 0.003 0.001 0.002 0.001 0.002 0.000 0.000 0.000 0.000 0.001 0.001 0.004 0.001 0.000 0.000 0.001 0.895 0.650 0.002 0.005 0.045 0.401 0.000 0.001 0.001 0.001 0.002 0.013 0.003 0.022 0.068 0.004 0.001 
32 rake_vis 30 0.003 0.000 0.000 0.004 0.001 0.996 0.000 0.985 0.001 0.046 0.000 0.000 0.001 0.003 0.001 0.001 0.002 0.000 0.003 0.000 0.001 0.000 0.001 0.000 0.005 0.004 0.000 0.002 0.000 0.002 0.000 0.000 0.000 0.000 0.000 0.001 0.001 0.002 0.000 0.000 0.003 0.037 0.980 0.032 0.005 0.007 0.017 0.001 0.000 0.000 0.001 0.017 0.010 0.001 0.010 0.028 0.002 0.001 
33 shovel_vis 30 0.003 0.000 0.000 0.003 0.001 0.995 0.001 0.992 0.000 0.035 0.000 0.007 0.000 0.008 0.007 0.000 0.001 0.000 0.010 0.000 0.001 0.000 0.003 0.000 0.005 0.001 0.000 0.004 0.000 0.006 0.000 0.000 0.000 0.000 0.001 0.001 0.026 0.028 0.000 0.000 0.205 0.006 0.025 0.020 0.002 0.888 0.005 0.000 0.005 0.000 0.001 0.002 0.001 0.001 0.023 0.221 0.002 0.001 
34 spade_vis 30 0.003 0.000 0.000 0.003 0.001 0.996 0.000 0.990 0.001 0.069 0.000 0.000 0.001 0.006 0.001 0.001 0.002 0.000 0.005 0.000 0.001 0.000 0.001 0.000 0.006 0.003 0.000 0.002 0.000 0.002 0.000 0.000 0.000 0.000 0.000 0.001 0.001 0.001 0.000 0.000 0.001 0.607 0.928 0.005 0.004 0.008 0.102 0.001 0.000 0.000 0.001 0.006 0.007 0.001 0.006 0.018 0.003 0.001 
35 wrench_vis 30 0.003 0.001 0.001 0.002 0.001 0.995 0.000 0.984 0.000 0.501 0.000 0.002 0.000 0.031 0.012 0.001 0.001 0.000 0.010 0.000 0.001 0.000 0.003 0.000 0.006 0.001 0.000 0.002 0.000 0.004 0.000 0.000 0.000 0.000 0.001 0.001 0.019 0.012 0.000 0.000 0.013 0.011 0.065 0.005 0.002 0.786 0.009 0.000 0.001 0.000 0.001 0.002 0.003 0.002 0.140 0.907 0.002 0.001 
36 accordion_vis 30 0.539 0.966 0.011 0.001 0.001 0.617 0.001 0.001 0.017 0.463 0.002 0.011 0.005 0.855 0.790 0.257 0.003 0.000 0.071 0.000 0.001 0.002 0.001 0.000 0.022 0.001 0.003 0.001 0.001 0.026 0.001 0.012 0.001 0.007 0.001 0.001 0.006 0.030 0.002 0.007 0.000 0.001 0.001 0.006 0.000 0.058 0.144 0.002 0.026 0.001 0.002 0.001 0.014 0.178 0.000 0.609 0.012 0.007 
37 cello_vis 30 0.010 0.079 0.003 0.001 0.001 0.994 0.001 0.007 0.990 0.008 0.001 0.027 0.116 0.099 0.002 0.001 0.092 0.000 0.043 0.000 0.001 0.001 0.000 0.000 0.069 0.001 0.001 0.001 0.001 0.003 0.003 0.032 0.000 0.000 0.006 0.001 0.078 0.008 0.000 0.001 0.000 0.002 0.002 0.001 0.004 0.025 0.983 0.055 0.006 0.002 0.003 0.020 0.027 0.003 0.000 0.004 0.007 0.001 
38 flute_vis 30 0.005 0.164 0.003 0.001 0.001 0.995 0.001 0.067 0.901 0.078 0.001 0.011 0.001 0.051 0.166 0.000 0.003 0.000 0.022 0.000 0.001 0.001 0.001 0.000 0.001 0.001 0.000 0.002 0.001 0.122 0.000 0.001 0.000 0.000 0.021 0.001 0.020 0.723 0.000 0.001 0.007 0.002 0.001 0.006 0.001 0.853 0.241 0.001 0.956 0.001 0.001 0.231 0.003 0.007 0.001 0.836 0.003 0.002 
39 guitar_vis 30 0.012 0.820 0.004 0.001 0.001 0.994 0.001 0.001 0.026 0.873 0.002 0.033 0.003 0.380 0.650 0.002 0.004 0.000 0.037 0.000 0.001 0.003 0.001 0.000 0.018 0.000 0.001 0.002 0.001 0.008 0.000 0.003 0.000 0.000 0.002 0.001 0.171 0.025 0.007 0.013 0.001 0.001 0.001 0.009 0.000 0.035 0.300 0.002 0.035 0.002 0.002 0.001 0.018 0.226 0.001 0.782 0.008 0.015 
40 piano_vis 30 0.593 0.765 0.009 0.001 0.002 0.598 0.001 0.003 0.959 0.004 0.000 0.168 0.383 0.767 0.008 0.092 0.074 0.000 0.263 0.000 0.001 0.000 0.000 0.000 0.187 0.021 0.006 0.001 0.001 0.006 0.012 0.367 0.001 0.001 0.007 0.001 0.018 0.004 0.000 0.001 0.000 0.003 0.001 0.001 0.002 0.019 0.942 0.010 0.008 0.002 0.005 0.016 0.017 0.002 0.000 0.002 0.006 0.001 
41 trumpet_vis 30 0.004 0.005 0.003 0.001 0.001 0.995 0.001 0.004 0.990 0.005 0.000 0.005 0.005 0.002 0.001 0.001 0.005 0.000 0.009 0.001 0.001 0.000 0.000 0.000 0.001 0.005 0.000 0.001 0.001 0.002 0.002 0.001 0.001 0.000 0.000 0.001 0.001 0.094 0.000 0.001 0.004 0.001 0.019 0.001 0.003 0.001 0.052 0.151 0.022 0.001 0.002 0.950 0.008 0.001 0.000 0.005 0.002 0.001 
42 fork_vis 30 0.004 0.004 0.010 0.001 0.001 0.995 0.001 0.001 0.410 0.967 0.001 0.000 0.122 0.031 0.001 0.048 0.003 0.000 0.060 0.005 0.001 0.001 0.000 0.000 0.002 0.001 0.012 0.001 0.002 0.001 0.007 0.000 0.001 0.000 0.001 0.001 0.001 0.001 0.001 0.001 0.000 0.287 0.001 0.001 0.001 0.000 0.208 0.001 0.001 0.005 0.037 0.001 0.775 0.978 0.001 0.006 0.015 0.002 
43 spoon_vis 30 0.004 0.019 0.004 0.001 0.001 0.995 0.001 0.002 0.589 0.931 0.001 0.000 0.040 0.047 0.001 0.017 0.004 0.000 0.035 0.000 0.001 0.001 0.000 0.000 0.003 0.001 0.002 0.001 0.001 0.002 0.001 0.001 0.000 0.000 0.001 0.001 0.001 0.001 0.001 0.001 0.000 0.341 0.002 0.001 0.001 0.000 0.633 0.001 0.004 0.003 0.012 0.003 0.539 0.909 0.001 0.023 0.034 0.001 
44 tongs_vis 30 0.004 0.000 0.008 0.001 0.005 0.996 0.020 0.001 0.000 0.995 0.006 0.000 0.001 0.000 0.004 0.000 0.001 0.020 0.000 0.000 0.002 0.002 0.001 0.000 0.001 0.001 0.004 0.002 0.003 0.007 0.000 0.003 0.002 0.002 0.043 0.043 0.001 0.022 0.000 0.001 0.011 0.002 0.002 0.000 0.000 0.001 0.001 0.001 0.001 0.000 0.001 0.001 0.026 0.001 0.708 0.227 0.009 0.313 
45 ladle_vis 30 0.003 0.005 0.005 0.001 0.001 0.995 0.001 0.002 0.004 0.989 0.001 0.000 0.001 0.004 0.003 0.001 0.001 0.000 0.015 0.001 0.002 0.002 0.001 0.000 0.001 0.001 0.001 0.001 0.001 0.004 0.001 0.000 0.018 0.000 0.001 0.001 0.001 0.010 0.000 0.001 0.001 0.003 0.002 0.001 0.001 0.003 0.003 0.001 0.011 0.001 0.001 0.004 0.036 0.009 0.293 0.629 0.003 0.002 
46 knife_vis 30 0.006 0.160 0.003 0.001 0.001 0.995 0.013 0.001 0.019 0.991 0.012 0.000 0.009 0.001 0.480 0.001 0.003 0.000 0.000 0.000 0.001 0.019 0.001 0.000 0.005 0.000 0.003 0.001 0.001 0.002 0.000 0.006 0.000 0.000 0.023 0.003 0.099 0.002 0.045 0.005 0.001 0.024 0.006 0.001 0.000 0.001 0.010 0.001 0.009 0.085 0.002 0.001 0.003 0.201 0.001 0.338 0.961 0.015 
47 chopsticks_vis 30 0.005 0.307 0.004 0.001 0.001 0.995 0.001 0.002 0.026 0.988 0.012 0.000 0.035 0.011 0.225 0.001 0.004 0.000 0.002 0.000 0.001 0.012 0.001 0.000 0.002 0.001 0.002 0.001 0.004 0.015 0.001 0.001 0.000 0.000 0.001 0.002 0.001 0.160 0.000 0.002 0.013 0.002 0.002 0.001 0.000 0.148 0.022 0.025 0.332 0.001 0.001 0.021 0.021 0.004 0.005 0.964 0.024 0.043 
