0 beaver_vis 30 0.995 0.023 0.911 0.012 0.000 0.001 0.001 0.001 0.001 0.001 0.003 0.002 0.032 0.001 0.006 0.000 0.918 0.002 0.056 0.001 0.009 0.037 0.004 0.001 0.042 0.001 0.002 0.000 0.000 0.000 0.000 0.000 0.001 0.000 0.001 0.000 0.001 0.001 0.001 0.001 0.001 0.001 0.000 0.000 0.001 0.000 0.001 0.000 0.001 0.001 0.000 0.000 0.001 0.005 0.000 0.001 0.006 0.001 
1 bear_vis 30 0.995 0.242 0.017 0.365 0.002 0.002 0.001 0.001 0.010 0.001 0.002 0.122 0.004 0.001 0.039 0.001 0.001 0.001 0.013 0.003 0.001 0.001 0.001 0.004 0.004 0.281 0.009 0.000 0.001 0.001 0.001 0.007 0.001 0.002 0.002 0.000 0.000 0.001 0.001 0.001 0.001 0.001 0.000 0.004 0.001 0.001 0.002 0.000 0.002 0.001 0.002 0.005 0.000 0.001 0.001 0.001 0.001 0.001 
2 sheep_vis 30 0.995 0.003 0.940 0.539 0.001 0.002 0.003 0.001 0.001 0.001 0.001 0.001 0.005 0.001 0.002 0.000 0.989 0.001 0.029 0.001 0.249 0.006 0.037 0.001 0.574 0.005 0.065 0.000 0.000 0.001 0.000 0.001 0.003 0.000 0.005 0.000 0.001 0.001 0.002 0.001 0.001 0.001 0.000 0.001 0.001 0.000 0.001 0.000 0.001 0.001 0.000 0.000 0.001 0.003 0.001 0.001 0.011 0.019 
3 buffalo_vis 30 0.995 0.976 0.013 0.014 0.001 0.001 0.001 0.003 0.001 0.001 0.642 0.016 0.029 0.036 0.073 0.001 0.001 0.010 0.006 0.001 0.001 0.001 0.001 0.002 0.002 0.003 0.015 0.000 0.001 0.007 0.001 0.001 0.001 0.000 0.001 0.000 0.001 0.001 0.001 0.002 0.001 0.001 0.000 0.002 0.001 0.001 0.001 0.000 0.001 0.001 0.000 0.001 0.000 0.002 0.001 0.001 0.001 0.000 
4 poodle_vis 30 0.995 0.932 0.050 0.051 0.001 0.002 0.001 0.001 0.023 0.001 0.019 0.439 0.012 0.001 0.921 0.001 0.001 0.002 0.200 0.005 0.001 0.001 0.002 0.003 0.001 0.458 0.002 0.000 0.000 0.000 0.000 0.001 0.001 0.001 0.001 0.000 0.000 0.001 0.001 0.003 0.001 0.001 0.000 0.000 0.001 0.001 0.001 0.000 0.001 0.001 0.003 0.044 0.000 0.002 0.001 0.001 0.002 0.000 
5 giraffe_vis 30 0.995 0.989 0.009 0.062 0.001 0.001 0.001 0.001 0.024 0.001 0.231 0.759 0.075 0.005 0.940 0.002 0.001 0.002 0.043 0.001 0.001 0.001 0.001 0.010 0.001 0.313 0.004 0.001 0.000 0.001 0.001 0.001 0.001 0.001 0.001 0.000 0.000 0.001 0.001 0.004 0.001 0.001 0.001 0.001 0.001 0.001 0.002 0.000 0.001 0.001 0.001 0.040 0.000 0.002 0.001 0.001 0.001 0.000 
6 robin_vis 30 0.994 0.002 0.989 0.985 0.001 0.003 0.002 0.001 0.001 0.001 0.004 0.001 0.006 0.001 0.002 0.000 0.992 0.008 0.181 0.002 0.460 0.011 0.085 0.001 0.646 0.016 0.642 0.000 0.000 0.001 0.000 0.003 0.007 0.000 0.003 0.001 0.001 0.002 0.007 0.001 0.001 0.007 0.000 0.005 0.001 0.001 0.001 0.000 0.001 0.014 0.000 0.001 0.001 0.005 0.001 0.010 0.066 0.132 
7 swan_vis 30 0.995 0.004 0.994 0.215 0.123 0.001 0.001 0.001 0.001 0.169 0.001 0.001 0.002 0.177 0.001 0.091 0.986 0.034 0.034 0.652 0.987 0.493 0.012 0.001 0.744 0.001 0.115 0.000 0.181 0.110 0.001 0.561 0.786 0.002 0.002 0.001 0.006 0.826 0.002 0.001 0.001 0.001 0.002 0.087 0.001 0.786 0.001 0.028 0.024 0.009 0.001 0.000 0.013 0.003 0.037 0.921 0.464 0.118 
8 woodpecker_vis 30 0.993 0.013 0.972 0.030 0.001 0.049 0.002 0.001 0.040 0.001 0.001 0.008 0.021 0.000 0.044 0.000 0.124 0.001 0.928 0.043 0.001 0.013 0.053 0.001 0.004 0.056 0.003 0.000 0.000 0.000 0.000 0.001 0.002 0.001 0.008 0.000 0.001 0.001 0.004 0.002 0.001 0.001 0.000 0.001 0.001 0.001 0.001 0.000 0.003 0.001 0.018 0.001 0.001 0.005 0.001 0.001 0.010 0.003 
9 peacock_vis 30 0.990 0.001 0.992 0.493 0.522 0.008 0.001 0.001 0.010 0.012 0.001 0.126 0.001 0.000 0.002 0.001 0.383 0.003 0.840 0.988 0.766 0.131 0.126 0.001 0.178 0.448 0.002 0.000 0.000 0.001 0.000 0.957 0.928 0.693 0.004 0.000 0.001 0.033 0.058 0.001 0.001 0.001 0.000 0.001 0.001 0.013 0.004 0.306 0.019 0.003 0.070 0.002 0.005 0.003 0.001 0.029 0.581 0.131 
10 crow_vis 30 0.992 0.003 0.993 0.265 0.763 0.002 0.001 0.002 0.001 0.027 0.001 0.002 0.002 0.046 0.001 0.006 0.988 0.349 0.036 0.643 0.986 0.457 0.032 0.001 0.716 0.002 0.337 0.000 0.272 0.201 0.001 0.859 0.874 0.002 0.007 0.001 0.004 0.515 0.003 0.001 0.001 0.086 0.001 0.011 0.001 0.907 0.006 0.090 0.003 0.211 0.001 0.001 0.005 0.003 0.004 0.956 0.322 0.055 
11 eagle_vis 30 0.994 0.005 0.909 0.014 0.001 0.006 0.005 0.001 0.001 0.001 0.002 0.001 0.017 0.001 0.001 0.000 0.966 0.004 0.058 0.002 0.013 0.049 0.010 0.000 0.089 0.001 0.007 0.000 0.000 0.000 0.000 0.001 0.002 0.000 0.004 0.000 0.001 0.001 0.001 0.001 0.001 0.001 0.000 0.001 0.001 0.001 0.001 0.000 0.001 0.001 0.000 0.000 0.001 0.005 0.001 0.001 0.009 0.005 
12 tuna_vis 30 0.988 0.001 0.065 0.792 0.002 0.222 0.017 0.001 0.003 0.012 0.001 0.001 0.001 0.000 0.003 0.000 0.204 0.001 0.017 0.002 0.037 0.001 0.968 0.004 0.004 0.007 0.001 0.019 0.000 0.002 0.001 0.000 0.321 0.004 0.004 0.000 0.001 0.001 0.157 0.001 0.001 0.001 0.000 0.001 0.001 0.001 0.001 0.000 0.002 0.001 0.001 0.001 0.010 0.001 0.001 0.001 0.039 0.087 
13 goldfish_vis 30 0.992 0.006 0.003 0.994 0.036 0.021 0.045 0.001 0.015 0.001 0.003 0.001 0.006 0.001 0.095 0.003 0.015 0.001 0.013 0.001 0.009 0.001 0.150 0.897 0.042 0.040 0.109 0.850 0.001 0.191 0.018 0.001 0.017 0.013 0.007 0.051 0.001 0.007 0.008 0.006 0.025 0.006 0.003 0.058 0.001 0.001 0.001 0.001 0.008 0.009 0.001 0.002 0.003 0.002 0.007 0.001 0.007 0.004 
14 salmon_vis 30 0.994 0.001 0.952 0.762 0.001 0.003 0.004 0.001 0.002 0.001 0.001 0.001 0.002 0.000 0.002 0.000 0.984 0.001 0.033 0.001 0.358 0.005 0.096 0.003 0.604 0.016 0.126 0.003 0.000 0.001 0.001 0.001 0.005 0.001 0.014 0.000 0.001 0.002 0.006 0.001 0.001 0.001 0.000 0.002 0.001 0.001 0.001 0.000 0.001 0.001 0.001 0.001 0.001 0.002 0.001 0.001 0.026 0.059 
15 sardine_vis 30 0.993 0.222 0.229 0.994 0.002 0.009 0.003 0.001 0.897 0.001 0.001 0.014 0.078 0.000 0.849 0.005 0.020 0.000 0.744 0.011 0.001 0.001 0.012 0.380 0.475 0.982 0.030 0.109 0.000 0.001 0.000 0.576 0.002 0.030 0.003 0.001 0.001 0.002 0.013 0.002 0.001 0.001 0.000 0.004 0.001 0.001 0.001 0.002 0.016 0.005 0.005 0.006 0.000 0.001 0.001 0.001 0.004 0.001 
16 catfish_vis 30 0.995 0.001 0.474 0.629 0.001 0.002 0.001 0.002 0.001 0.001 0.002 0.001 0.001 0.000 0.002 0.000 0.768 0.004 0.002 0.001 0.397 0.000 0.020 0.004 0.011 0.010 0.933 0.000 0.001 0.002 0.001 0.001 0.001 0.001 0.004 0.000 0.000 0.001 0.003 0.001 0.003 0.001 0.001 0.079 0.001 0.000 0.001 0.000 0.001 0.001 0.000 0.001 0.001 0.001 0.001 0.001 0.002 0.015 
17 cod_vis 30 0.989 0.004 0.003 0.992 0.024 0.013 0.090 0.001 0.011 0.001 0.003 0.001 0.020 0.001 0.020 0.000 0.013 0.001 0.012 0.001 0.007 0.001 0.248 0.271 0.122 0.024 0.028 0.966 0.001 0.029 0.069 0.000 0.015 0.002 0.051 0.005 0.001 0.001 0.007 0.002 0.002 0.001 0.001 0.002 0.001 0.001 0.001 0.000 0.003 0.006 0.001 0.001 0.001 0.002 0.002 0.001 0.004 0.003 
18 turtle_vis 30 0.994 0.004 0.001 0.974 0.245 0.002 0.004 0.070 0.001 0.001 0.024 0.001 0.001 0.003 0.001 0.001 0.000 0.001 0.001 0.001 0.006 0.000 0.020 0.898 0.002 0.004 0.139 0.045 0.004 0.054 0.798 0.001 0.002 0.003 0.015 0.018 0.001 0.001 0.002 0.001 0.062 0.002 0.018 0.043 0.004 0.001 0.001 0.000 0.001 0.001 0.001 0.002 0.001 0.001 0.001 0.001 0.001 0.001 
19 rattlesnake_vis 30 0.991 0.005 0.003 0.036 0.990 0.002 0.530 0.002 0.001 0.021 0.001 0.000 0.002 0.333 0.001 0.052 0.000 0.001 0.001 0.001 0.103 0.008 0.003 0.011 0.091 0.000 0.001 0.868 0.346 0.885 0.619 0.007 0.844 0.072 0.749 0.028 0.095 0.520 0.002 0.001 0.001 0.001 0.036 0.004 0.001 0.660 0.002 0.005 0.053 0.005 0.007 0.001 0.015 0.001 0.747 0.130 0.003 0.001 
20 crab_vis 30 0.991 0.001 0.081 0.553 0.012 0.085 0.158 0.001 0.001 0.012 0.001 0.001 0.001 0.001 0.001 0.000 0.492 0.001 0.004 0.001 0.106 0.001 0.924 0.006 0.012 0.001 0.004 0.027 0.000 0.007 0.012 0.000 0.247 0.003 0.362 0.001 0.001 0.002 0.022 0.001 0.001 0.001 0.001 0.001 0.001 0.001 0.001 0.001 0.001 0.001 0.001 0.001 0.007 0.002 0.001 0.001 0.064 0.073 
21 frog_vis 30 0.995 0.068 0.013 0.980 0.003 0.001 0.015 0.001 0.001 0.001 0.001 0.001 0.113 0.001 0.002 0.001 0.043 0.001 0.003 0.001 0.008 0.002 0.001 0.002 0.942 0.163 0.081 0.274 0.056 0.001 0.002 0.003 0.001 0.001 0.009 0.002 0.000 0.001 0.004 0.001 0.001 0.001 0.001 0.001 0.001 0.001 0.001 0.000 0.001 0.001 0.001 0.001 0.000 0.001 0.001 0.001 0.001 0.001 
22 gecko_vis 30 0.987 0.001 0.066 0.682 0.008 0.044 0.068 0.001 0.001 0.049 0.001 0.001 0.001 0.000 0.001 0.000 0.215 0.001 0.006 0.002 0.055 0.002 0.947 0.002 0.010 0.001 0.002 0.020 0.000 0.001 0.005 0.000 0.396 0.003 0.134 0.001 0.001 0.001 0.056 0.001 0.001 0.001 0.001 0.001 0.001 0.001 0.001 0.001 0.001 0.001 0.001 0.001 0.028 0.003 0.001 0.001 0.057 0.152 
23 crocodile_vis 30 0.991 0.001 0.005 0.590 0.068 0.613 0.119 0.001 0.002 0.002 0.000 0.001 0.000 0.000 0.001 0.000 0.003 0.001 0.003 0.003 0.010 0.000 0.363 0.028 0.001 0.003 0.002 0.003 0.000 0.060 0.005 0.001 0.062 0.015 0.008 0.000 0.001 0.072 0.016 0.001 0.003 0.001 0.001 0.003 0.001 0.001 0.001 0.001 0.001 0.001 0.002 0.001 0.006 0.001 0.001 0.001 0.040 0.008 
24 axe_vis 30 0.002 0.001 0.001 0.043 0.002 0.996 0.992 0.031 0.064 0.005 0.001 0.000 0.002 0.001 0.001 0.000 0.002 0.001 0.007 0.001 0.000 0.000 0.018 0.002 0.180 0.008 0.001 0.001 0.000 0.001 0.001 0.000 0.015 0.000 0.100 0.008 0.001 0.712 0.961 0.008 0.047 0.001 0.001 0.002 0.009 0.001 0.001 0.000 0.005 0.029 0.002 0.001 0.001 0.002 0.013 0.001 0.050 0.032 
25 hammer_vis 30 0.006 0.001 0.001 0.040 0.001 0.994 0.985 0.005 0.004 0.013 0.001 0.000 0.001 0.000 0.001 0.000 0.001 0.000 0.004 0.000 0.000 0.000 0.031 0.002 0.022 0.009 0.001 0.003 0.000 0.001 0.001 0.000 0.002 0.000 0.006 0.006 0.001 0.045 0.952 0.046 0.075 0.002 0.001 0.001 0.001 0.001 0.001 0.000 0.002 0.004 0.002 0.001 0.005 0.001 0.004 0.001 0.014 0.018 
26 screwdriver_vis 30 0.008 0.002 0.001 0.022 0.001 0.994 0.980 0.003 0.004 0.003 0.004 0.000 0.005 0.000 0.002 0.000 0.001 0.001 0.010 0.001 0.000 0.000 0.023 0.001 0.012 0.006 0.001 0.002 0.000 0.001 0.001 0.000 0.002 0.000 0.009 0.004 0.002 0.025 0.891 0.331 0.054 0.001 0.000 0.001 0.002 0.001 0.001 0.000 0.002 0.003 0.005 0.001 0.009 0.001 0.001 0.001 0.018 0.004 
27 chisel_vis 30 0.003 0.001 0.001 0.008 0.002 0.996 0.993 0.007 0.008 0.002 0.001 0.000 0.001 0.000 0.001 0.000 0.002 0.000 0.002 0.000 0.000 0.000 0.003 0.001 0.038 0.002 0.001 0.000 0.000 0.005 0.000 0.000 0.004 0.000 0.036 0.001 0.005 0.969 0.491 0.002 0.007 0.001 0.000 0.004 0.001 0.001 0.001 0.000 0.007 0.020 0.001 0.001 0.001 0.001 0.001 0.001 0.111 0.003 
28 saw_vis 30 0.005 0.001 0.007 0.009 0.001 0.996 0.959 0.002 0.002 0.782 0.001 0.000 0.000 0.000 0.001 0.000 0.254 0.001 0.014 0.001 0.001 0.000 0.951 0.001 0.006 0.002 0.002 0.000 0.000 0.001 0.000 0.000 0.029 0.000 0.078 0.001 0.001 0.006 0.991 0.013 0.025 0.001 0.000 0.001 0.001 0.001 0.001 0.000 0.002 0.001 0.002 0.001 0.447 0.001 0.001 0.001 0.531 0.923 
29 drill_vis 30 0.006 0.001 0.005 0.001 0.001 0.996 0.925 0.001 0.002 0.884 0.001 0.000 0.001 0.000 0.001 0.000 0.188 0.001 0.010 0.001 0.000 0.001 0.397 0.001 0.001 0.001 0.001 0.000 0.000 0.001 0.000 0.000 0.012 0.000 0.013 0.001 0.009 0.023 0.720 0.144 0.008 0.001 0.000 0.001 0.001 0.001 0.001 0.001 0.002 0.001 0.004 0.001 0.563 0.002 0.001 0.001 0.945 0.179 
30 clamp_vis 30 0.005 0.001 0.001 0.018 0.001 0.996 0.006 0.986 0.003 0.003 0.007 0.000 0.000 0.001 0.001 0.000 0.000 0.001 0.001 0.001 0.000 0.000 0.001 0.153 0.001 0.001 0.070 0.000 0.000 0.002 0.002 0.000 0.001 0.000 0.001 0.048 0.000 0.010 0.003 0.002 0.933 0.044 0.038 0.380 0.006 0.002 0.001 0.001 0.002 0.002 0.000 0.029 0.001 0.001 0.003 0.001 0.003 0.022 
31 hoe_vis 30 0.002 0.001 0.001 0.001 0.024 0.982 0.001 0.986 0.026 0.001 0.015 0.000 0.000 0.001 0.000 0.000 0.000 0.034 0.001 0.001 0.001 0.000 0.001 0.002 0.001 0.000 0.007 0.000 0.033 0.002 0.007 0.001 0.001 0.000 0.001 0.000 0.001 0.003 0.001 0.001 0.005 0.937 0.002 0.004 0.049 0.016 0.003 0.018 0.002 0.037 0.000 0.027 0.000 0.003 0.001 0.007 0.002 0.002 
32 rake_vis 30 0.004 0.001 0.001 0.002 0.001 0.995 0.001 0.991 0.012 0.013 0.005 0.000 0.000 0.002 0.001 0.003 0.000 0.001 0.001 0.001 0.002 0.000 0.001 0.071 0.001 0.000 0.078 0.000 0.011 0.013 0.009 0.000 0.001 0.000 0.002 0.001 0.000 0.007 0.001 0.001 0.170 0.018 0.871 0.692 0.006 0.056 0.001 0.002 0.020 0.004 0.000 0.083 0.001 0.002 0.019 0.001 0.002 0.022 
33 shovel_vis 30 0.003 0.001 0.001 0.003 0.001 0.996 0.221 0.984 0.006 0.001 0.003 0.000 0.000 0.000 0.001 0.000 0.001 0.001 0.001 0.000 0.000 0.000 0.001 0.038 0.001 0.001 0.009 0.000 0.000 0.076 0.001 0.000 0.001 0.000 0.001 0.000 0.001 0.618 0.001 0.001 0.629 0.002 0.001 0.768 0.001 0.018 0.001 0.000 0.009 0.006 0.000 0.010 0.000 0.001 0.001 0.001 0.027 0.002 
34 spade_vis 30 0.004 0.008 0.001 0.001 0.001 0.991 0.001 0.974 0.008 0.006 0.062 0.002 0.000 0.027 0.001 0.001 0.000 0.053 0.001 0.001 0.000 0.000 0.001 0.002 0.000 0.000 0.001 0.000 0.002 0.002 0.005 0.000 0.001 0.000 0.001 0.001 0.001 0.002 0.001 0.002 0.014 0.043 0.009 0.002 0.371 0.007 0.012 0.001 0.001 0.002 0.000 0.047 0.001 0.029 0.001 0.002 0.002 0.001 
35 wrench_vis 30 0.002 0.001 0.001 0.001 0.001 0.996 0.001 0.990 0.107 0.001 0.012 0.000 0.000 0.001 0.000 0.000 0.001 0.001 0.001 0.000 0.001 0.000 0.000 0.034 0.001 0.000 0.059 0.000 0.002 0.041 0.001 0.001 0.001 0.000 0.007 0.000 0.001 0.018 0.001 0.001 0.009 0.008 0.017 0.847 0.001 0.648 0.001 0.001 0.027 0.160 0.000 0.098 0.000 0.001 0.001 0.004 0.005 0.003 
36 accordion_vis 30 0.003 0.001 0.020 0.001 0.001 0.994 0.001 0.002 0.018 0.989 0.001 0.001 0.002 0.001 0.001 0.000 0.004 0.022 0.013 0.006 0.001 0.103 0.015 0.001 0.001 0.000 0.001 0.000 0.000 0.000 0.000 0.000 0.007 0.000 0.004 0.001 0.001 0.001 0.002 0.001 0.001 0.001 0.001 0.001 0.003 0.001 0.010 0.001 0.004 0.003 0.001 0.001 0.042 0.952 0.001 0.008 0.059 0.040 
37 cello_vis 30 0.001 0.001 0.001 0.001 0.001 0.996 0.003 0.007 0.991 0.018 0.001 0.001 0.007 0.000 0.002 0.000 0.005 0.000 0.004 0.001 0.000 0.000 0.001 0.001 0.004 0.001 0.001 0.001 0.000 0.008 0.000 0.001 0.001 0.001 0.002 0.001 0.002 0.060 0.001 0.001 0.001 0.004 0.001 0.013 0.001 0.025 0.030 0.004 0.223 0.829 0.001 0.004 0.000 0.004 0.004 0.054 0.090 0.005 
38 flute_vis 30 0.002 0.001 0.001 0.004 0.001 0.996 0.018 0.002 0.994 0.003 0.001 0.001 0.005 0.000 0.023 0.000 0.001 0.000 0.013 0.001 0.000 0.000 0.001 0.003 0.006 0.007 0.001 0.005 0.000 0.001 0.000 0.001 0.001 0.000 0.172 0.001 0.001 0.037 0.002 0.001 0.001 0.001 0.001 0.014 0.001 0.015 0.020 0.001 0.957 0.654 0.002 0.035 0.000 0.002 0.002 0.001 0.023 0.005 
39 guitar_vis 30 0.001 0.001 0.001 0.006 0.001 0.996 0.154 0.090 0.989 0.009 0.001 0.000 0.001 0.000 0.000 0.000 0.012 0.001 0.003 0.001 0.000 0.000 0.009 0.001 0.118 0.001 0.001 0.002 0.000 0.017 0.000 0.001 0.003 0.000 0.061 0.000 0.001 0.712 0.019 0.001 0.001 0.044 0.000 0.002 0.001 0.402 0.026 0.001 0.027 0.990 0.000 0.001 0.000 0.003 0.003 0.100 0.091 0.023 
40 piano_vis 30 0.002 0.001 0.002 0.001 0.001 0.995 0.001 0.001 0.991 0.497 0.000 0.001 0.001 0.000 0.006 0.001 0.006 0.001 0.079 0.004 0.000 0.000 0.007 0.001 0.001 0.001 0.000 0.000 0.000 0.009 0.000 0.001 0.002 0.003 0.001 0.001 0.002 0.012 0.001 0.004 0.001 0.001 0.001 0.001 0.001 0.018 0.069 0.013 0.471 0.194 0.018 0.042 0.001 0.003 0.003 0.334 0.517 0.002 
41 trumpet_vis 30 0.006 0.005 0.001 0.001 0.001 0.996 0.001 0.122 0.990 0.001 0.006 0.000 0.000 0.000 0.010 0.004 0.000 0.001 0.001 0.001 0.000 0.000 0.000 0.003 0.000 0.000 0.001 0.000 0.000 0.029 0.000 0.001 0.001 0.001 0.001 0.001 0.001 0.001 0.001 0.001 0.003 0.004 0.003 0.041 0.001 0.011 0.005 0.004 0.022 0.004 0.001 0.942 0.000 0.001 0.001 0.002 0.001 0.001 
42 fork_vis 30 0.002 0.001 0.005 0.005 0.001 0.996 0.420 0.007 0.006 0.938 0.001 0.000 0.001 0.000 0.001 0.000 0.778 0.001 0.007 0.001 0.012 0.000 0.939 0.001 0.030 0.001 0.004 0.000 0.000 0.001 0.000 0.000 0.009 0.000 0.764 0.000 0.001 0.018 0.911 0.003 0.005 0.001 0.001 0.001 0.001 0.001 0.001 0.001 0.006 0.009 0.001 0.001 0.008 0.039 0.005 0.001 0.933 0.975 
43 spoon_vis 30 0.002 0.001 0.003 0.001 0.000 0.996 0.002 0.003 0.046 0.986 0.002 0.000 0.002 0.000 0.000 0.000 0.015 0.005 0.042 0.001 0.000 0.002 0.027 0.001 0.001 0.000 0.001 0.000 0.000 0.000 0.000 0.000 0.002 0.000 0.004 0.000 0.001 0.001 0.004 0.002 0.001 0.001 0.000 0.001 0.001 0.001 0.002 0.000 0.003 0.004 0.000 0.001 0.009 0.962 0.001 0.005 0.108 0.077 
44 tongs_vis 30 0.001 0.001 0.006 0.009 0.001 0.996 0.013 0.007 0.060 0.892 0.001 0.000 0.001 0.000 0.001 0.000 0.867 0.001 0.014 0.001 0.022 0.000 0.682 0.001 0.018 0.001 0.013 0.000 0.000 0.000 0.000 0.000 0.002 0.000 0.305 0.001 0.001 0.007 0.065 0.001 0.003 0.001 0.001 0.041 0.001 0.002 0.001 0.001 0.048 0.116 0.000 0.001 0.001 0.061 0.005 0.003 0.599 0.987 
45 ladle_vis 30 0.001 0.001 0.002 0.001 0.001 0.996 0.007 0.005 0.009 0.833 0.001 0.000 0.000 0.000 0.000 0.000 0.095 0.001 0.003 0.001 0.001 0.000 0.046 0.001 0.003 0.000 0.001 0.000 0.000 0.000 0.000 0.000 0.010 0.000 0.008 0.000 0.001 0.122 0.028 0.001 0.001 0.001 0.000 0.001 0.001 0.003 0.001 0.000 0.004 0.024 0.000 0.001 0.001 0.004 0.001 0.009 0.649 0.752 
46 knife_vis 30 0.001 0.000 0.002 0.001 0.001 0.996 0.807 0.021 0.017 0.988 0.001 0.000 0.000 0.000 0.000 0.000 0.133 0.001 0.005 0.001 0.002 0.000 0.225 0.001 0.048 0.000 0.001 0.000 0.000 0.000 0.000 0.000 0.162 0.000 0.311 0.000 0.001 0.722 0.904 0.001 0.001 0.001 0.000 0.002 0.001 0.017 0.001 0.000 0.043 0.089 0.000 0.001 0.001 0.004 0.002 0.004 0.993 0.984 
47 chopsticks_vis 30 0.001 0.001 0.003 0.005 0.001 0.996 0.105 0.006 0.009 0.983 0.001 0.000 0.000 0.000 0.000 0.000 0.260 0.001 0.008 0.001 0.004 0.000 0.882 0.001 0.016 0.001 0.002 0.000 0.000 0.000 0.000 0.000 0.010 0.000 0.081 0.000 0.001 0.004 0.977 0.002 0.005 0.001 0.001 0.001 0.001 0.001 0.001 0.001 0.004 0.008 0.000 0.001 0.020 0.024 0.003 0.001 0.710 0.986 
0 beaver_vis 30 0.995 0.513 0.026 0.271 0.001 0.001 0.001 0.001 0.001 0.001 0.077 0.006 0.049 0.008 0.014 0.000 0.007 0.003 0.012 0.001 0.001 0.002 0.001 0.001 0.035 0.009 0.029 0.000 0.003 0.001 0.001 0.000 0.001 0.000 0.001 0.000 0.001 0.000 0.001 0.001 0.001 0.001 0.000 0.001 0.001 0.000 0.001 0.000 0.001 0.001 0.000 0.000 0.000 0.003 0.000 0.000 0.002 0.000 
1 bear_vis 30 0.995 0.608 0.007 0.323 0.001 0.003 0.001 0.001 0.036 0.001 0.004 0.222 0.007 0.001 0.168 0.001 0.001 0.001 0.021 0.002 0.001 0.000 0.001 0.012 0.005 0.213 0.009 0.000 0.001 0.001 0.001 0.003 0.001 0.001 0.002 0.000 0.001 0.001 0.001 0.002 0.001 0.001 0.000 0.014 0.001 0.001 0.002 0.000 0.002 0.001 0.002 0.016 0.000 0.001 0.001 0.001 0.001 0.000 
2 sheep_vis 30 0.995 0.003 0.939 0.569 0.001 0.002 0.003 0.001 0.001 0.001 0.002 0.001 0.005 0.001 0.002 0.000 0.989 0.001 0.031 0.001 0.237 0.005 0.031 0.001 0.547 0.005 0.077 0.000 0.000 0.001 0.000 0.001 0.003 0.000 0.004 0.000 0.001 0.002 0.002 0.001 0.001 0.001 0.000 0.001 0.001 0.000 0.001 0.000 0.001 0.001 0.000 0.000 0.001 0.003 0.001 0.001 0.013 0.020 
3 buffalo_vis 30 0.995 0.953 0.009 0.019 0.001 0.001 0.001 0.002 0.001 0.001 0.442 0.022 0.026 0.023 0.077 0.001 0.001 0.006 0.006 0.001 0.001 0.001 0.001 0.002 0.002 0.004 0.013 0.000 0.001 0.002 0.001 0.001 0.001 0.000 0.001 0.000 0.001 0.001 0.001 0.002 0.001 0.001 0.001 0.003 0.001 0.001 0.001 0.000 0.001 0.001 0.000 0.002 0.000 0.002 0.001 0.001 0.001 0.000 
4 poodle_vis 30 0.995 0.978 0.018 0.082 0.001 0.002 0.001 0.001 0.079 0.001 0.045 0.682 0.026 0.001 0.954 0.001 0.001 0.001 0.137 0.003 0.000 0.001 0.001 0.009 0.001 0.560 0.002 0.000 0.000 0.001 0.000 0.001 0.001 0.001 0.001 0.000 0.000 0.001 0.001 0.005 0.001 0.001 0.000 0.000 0.001 0.000 0.001 0.000 0.001 0.001 0.004 0.086 0.000 0.002 0.001 0.001 0.002 0.000 
5 giraffe_vis 30 0.995 0.987 0.008 0.082 0.001 0.002 0.001 0.001 0.068 0.001 0.064 0.700 0.042 0.004 0.851 0.003 0.000 0.001 0.048 0.001 0.001 0.000 0.001 0.014 0.001 0.311 0.003 0.000 0.000 0.001 0.001 0.001 0.001 0.001 0.001 0.000 0.001 0.001 0.001 0.003 0.001 0.001 0.001 0.001 0.001 0.001 0.002 0.000 0.002 0.001 0.002 0.050 0.000 0.001 0.001 0.001 0.001 0.000 
6 robin_vis 30 0.994 0.002 0.991 0.991 0.001 0.003 0.002 0.001 0.001 0.002 0.003 0.001 0.005 0.001 0.002 0.000 0.992 0.008 0.257 0.003 0.597 0.011 0.091 0.003 0.669 0.025 0.831 0.000 0.001 0.001 0.000 0.003 0.008 0.000 0.004 0.001 0.001 0.004 0.010 0.001 0.001 0.009 0.000 0.024 0.001 0.001 0.001 0.000 0.001 0.010 0.000 0.001 0.002 0.004 0.001 0.014 0.122 0.293 
7 swan_vis 30 0.995 0.003 0.994 0.113 0.224 0.001 0.001 0.001 0.001 0.142 0.001 0.001 0.002 0.101 0.001 0.032 0.985 0.022 0.024 0.480 0.986 0.404 0.010 0.001 0.728 0.001 0.070 0.000 0.190 0.081 0.001 0.469 0.773 0.001 0.003 0.001 0.004 0.761 0.002 0.001 0.001 0.002 0.001 0.034 0.001 0.716 0.001 0.038 0.007 0.008 0.000 0.000 0.015 0.002 0.037 0.895 0.275 0.085 
8 woodpecker_vis 30 0.993 0.002 0.989 0.976 0.001 0.200 0.005 0.001 0.032 0.001 0.001 0.002 0.003 0.000 0.010 0.000 0.889 0.001 0.937 0.181 0.067 0.002 0.265 0.002 0.361 0.678 0.014 0.000 0.000 0.000 0.000 0.096 0.037 0.003 0.013 0.000 0.001 0.003 0.029 0.001 0.001 0.001 0.000 0.002 0.001 0.001 0.001 0.001 0.005 0.004 0.002 0.001 0.001 0.004 0.001 0.001 0.155 0.103 
9 peacock_vis 30 0.991 0.002 0.991 0.982 0.001 0.133 0.002 0.001 0.186 0.005 0.001 0.007 0.002 0.000 0.052 0.000 0.874 0.001 0.986 0.921 0.431 0.005 0.654 0.039 0.497 0.961 0.034 0.000 0.000 0.000 0.000 0.310 0.154 0.116 0.005 0.001 0.001 0.003 0.352 0.001 0.001 0.001 0.000 0.004 0.001 0.001 0.001 0.005 0.014 0.003 0.016 0.004 0.003 0.003 0.001 0.001 0.386 0.731 
10 crow_vis 30 0.992 0.002 0.992 0.074 0.437 0.003 0.002 0.001 0.001 0.119 0.001 0.001 0.001 0.027 0.001 0.004 0.968 0.024 0.021 0.317 0.974 0.315 0.014 0.001 0.613 0.001 0.033 0.000 0.110 0.025 0.001 0.402 0.829 0.001 0.008 0.001 0.005 0.569 0.003 0.001 0.001 0.002 0.001 0.011 0.001 0.400 0.002 0.029 0.003 0.006 0.001 0.001 0.018 0.002 0.016 0.916 0.239 0.062 
11 eagle_vis 30 0.995 0.004 0.918 0.037 0.001 0.003 0.003 0.001 0.001 0.001 0.002 0.001 0.011 0.001 0.001 0.000 0.975 0.003 0.053 0.001 0.023 0.031 0.013 0.001 0.133 0.002 0.010 0.000 0.000 0.000 0.000 0.001 0.002 0.000 0.003 0.000 0.001 0.001 0.002 0.001 0.001 0.001 0.000 0.001 0.001 0.001 0.001 0.000 0.001 0.001 0.000 0.000 0.001 0.004 0.001 0.001 0.010 0.005 
12 tuna_vis 30 0.988 0.001 0.063 0.816 0.003 0.322 0.020 0.001 0.005 0.012 0.001 0.001 0.001 0.000 0.003 0.000 0.160 0.001 0.021 0.002 0.035 0.001 0.976 0.006 0.004 0.011 0.001 0.018 0.000 0.002 0.001 0.000 0.408 0.007 0.003 0.000 0.001 0.002 0.206 0.001 0.001 0.001 0.000 0.001 0.001 0.001 0.001 0.001 0.002 0.001 0.001 0.001 0.011 0.001 0.001 0.001 0.050 0.093 
13 goldfish_vis 30 0.990 0.021 0.001 0.994 0.435 0.921 0.004 0.008 0.934 0.001 0.006 0.005 0.001 0.000 0.655 0.003 0.001 0.001 0.097 0.015 0.001 0.000 0.070 0.990 0.002 0.696 0.078 0.022 0.000 0.194 0.009 0.010 0.003 0.596 0.003 0.002 0.001 0.029 0.005 0.004 0.711 0.031 0.002 0.876 0.001 0.002 0.001 0.002 0.196 0.061 0.002 0.954 0.001 0.001 0.001 0.001 0.019 0.001 
14 salmon_vis 30 0.994 0.001 0.944 0.853 0.001 0.003 0.004 0.001 0.002 0.001 0.001 0.001 0.002 0.000 0.003 0.000 0.976 0.001 0.034 0.001 0.377 0.006 0.102 0.003 0.628 0.028 0.163 0.005 0.000 0.001 0.001 0.001 0.004 0.001 0.011 0.000 0.001 0.001 0.007 0.001 0.001 0.001 0.000 0.001 0.001 0.001 0.001 0.000 0.001 0.001 0.001 0.001 0.001 0.001 0.001 0.001 0.011 0.065 
15 sardine_vis 30 0.993 0.176 0.166 0.994 0.002 0.011 0.003 0.001 0.839 0.001 0.001 0.010 0.054 0.000 0.782 0.003 0.015 0.000 0.681 0.008 0.001 0.000 0.009 0.449 0.363 0.978 0.027 0.110 0.000 0.001 0.000 0.423 0.002 0.029 0.002 0.001 0.001 0.002 0.013 0.002 0.002 0.001 0.000 0.004 0.001 0.001 0.001 0.001 0.011 0.005 0.005 0.006 0.000 0.001 0.001 0.001 0.003 0.001 
16 catfish_vis 30 0.995 0.025 0.006 0.980 0.003 0.002 0.001 0.007 0.001 0.001 0.018 0.001 0.001 0.001 0.005 0.001 0.003 0.001 0.002 0.001 0.007 0.000 0.002 0.035 0.030 0.098 0.925 0.001 0.066 0.005 0.003 0.003 0.001 0.001 0.002 0.004 0.000 0.001 0.003 0.001 0.018 0.014 0.001 0.011 0.001 0.000 0.001 0.000 0.001 0.001 0.000 0.001 0.000 0.001 0.001 0.000 0.002 0.001 
17 cod_vis 30 0.991 0.177 0.142 0.994 0.005 0.031 0.006 0.001 0.834 0.001 0.001 0.005 0.061 0.000 0.857 0.013 0.022 0.000 0.663 0.007 0.002 0.001 0.045 0.777 0.335 0.957 0.047 0.204 0.000 0.006 0.001 0.296 0.005 0.045 0.004 0.003 0.001 0.006 0.014 0.004 0.004 0.001 0.001 0.016 0.001 0.001 0.001 0.002 0.035 0.012 0.004 0.011 0.001 0.001 0.001 0.001 0.008 0.002 
18 turtle_vis 30 0.994 0.004 0.001 0.959 0.275 0.002 0.003 0.068 0.001 0.001 0.010 0.000 0.000 0.002 0.001 0.001 0.000 0.001 0.001 0.001 0.005 0.000 0.008 0.895 0.001 0.002 0.122 0.038 0.005 0.118 0.667 0.001 0.002 0.004 0.006 0.070 0.001 0.001 0.001 0.001 0.113 0.004 0.054 0.076 0.003 0.001 0.001 0.001 0.001 0.001 0.001 0.002 0.003 0.001 0.001 0.001 0.001 0.001 
19 rattlesnake_vis 30 0.989 0.002 0.001 0.717 0.986 0.477 0.793 0.198 0.001 0.001 0.001 0.000 0.000 0.003 0.001 0.002 0.000 0.001 0.001 0.001 0.002 0.000 0.002 0.615 0.002 0.001 0.003 0.003 0.004 0.680 0.176 0.001 0.049 0.007 0.005 0.016 0.003 0.735 0.010 0.002 0.204 0.001 0.010 0.238 0.001 0.004 0.001 0.001 0.003 0.001 0.001 0.001 0.003 0.001 0.005 0.001 0.031 0.001 
20 crab_vis 30 0.992 0.001 0.002 0.884 0.282 0.098 0.077 0.035 0.001 0.001 0.002 0.001 0.000 0.001 0.001 0.000 0.001 0.001 0.002 0.001 0.006 0.000 0.050 0.527 0.002 0.002 0.017 0.006 0.000 0.201 0.126 0.000 0.007 0.004 0.030 0.001 0.001 0.012 0.008 0.001 0.033 0.001 0.002 0.108 0.001 0.001 0.001 0.001 0.001 0.001 0.001 0.001 0.002 0.001 0.001 0.001 0.004 0.002 
21 frog_vis 30 0.995 0.043 0.004 0.979 0.003 0.001 0.004 0.001 0.002 0.001 0.001 0.001 0.009 0.001 0.007 0.001 0.004 0.000 0.002 0.001 0.004 0.000 0.001 0.008 0.543 0.262 0.090 0.063 0.014 0.001 0.003 0.004 0.001 0.001 0.003 0.001 0.000 0.001 0.002 0.001 0.001 0.001 0.001 0.001 0.001 0.001 0.001 0.001 0.001 0.001 0.001 0.001 0.000 0.001 0.001 0.001 0.001 0.001 
22 gecko_vis 30 0.976 0.001 0.072 0.589 0.171 0.842 0.901 0.001 0.002 0.068 0.000 0.001 0.001 0.000 0.001 0.000 0.115 0.001 0.008 0.001 0.070 0.002 0.964 0.003 0.033 0.001 0.001 0.012 0.000 0.004 0.007 0.000 0.939 0.004 0.297 0.001 0.001 0.187 0.745 0.001 0.001 0.001 0.001 0.001 0.001 0.001 0.001 0.001 0.002 0.001 0.001 0.001 0.016 0.002 0.001 0.001 0.764 0.169 
23 crocodile_vis 30 0.993 0.002 0.001 0.935 0.514 0.207 0.192 0.136 0.004 0.001 0.001 0.001 0.000 0.001 0.003 0.001 0.000 0.001 0.002 0.001 0.001 0.000 0.012 0.933 0.001 0.012 0.010 0.007 0.000 0.439 0.181 0.001 0.004 0.037 0.003 0.032 0.001 0.145 0.005 0.001 0.108 0.001 0.002 0.654 0.001 0.001 0.001 0.001 0.002 0.001 0.003 0.008 0.001 0.001 0.001 0.001 0.002 0.001 
24 axe_vis 30 0.004 0.001 0.001 0.012 0.003 0.996 0.994 0.008 0.005 0.001 0.001 0.000 0.001 0.000 0.001 0.000 0.003 0.000 0.003 0.000 0.000 0.000 0.006 0.002 0.058 0.002 0.001 0.001 0.000 0.009 0.000 0.000 0.006 0.000 0.152 0.003 0.010 0.973 0.651 0.004 0.013 0.001 0.000 0.005 0.001 0.001 0.001 0.000 0.007 0.017 0.001 0.001 0.001 0.001 0.001 0.001 0.115 0.003 
25 hammer_vis 30 0.008 0.006 0.001 0.026 0.001 0.995 0.986 0.007 0.004 0.009 0.005 0.000 0.010 0.001 0.004 0.000 0.001 0.000 0.007 0.000 0.000 0.000 0.009 0.002 0.011 0.002 0.001 0.002 0.000 0.002 0.000 0.000 0.002 0.000 0.005 0.046 0.002 0.123 0.801 0.513 0.177 0.002 0.000 0.002 0.003 0.001 0.001 0.000 0.003 0.003 0.009 0.001 0.014 0.001 0.014 0.001 0.015 0.006 
26 screwdriver_vis 30 0.017 0.053 0.001 0.005 0.001 0.993 0.964 0.003 0.007 0.002 0.024 0.001 0.079 0.001 0.012 0.000 0.001 0.001 0.019 0.000 0.000 0.001 0.003 0.001 0.004 0.001 0.001 0.001 0.000 0.002 0.000 0.000 0.001 0.000 0.007 0.007 0.063 0.024 0.195 0.610 0.013 0.001 0.000 0.002 0.010 0.001 0.001 0.000 0.003 0.003 0.016 0.001 0.008 0.002 0.001 0.001 0.018 0.001 
27 chisel_vis 30 0.005 0.001 0.001 0.007 0.001 0.996 0.995 0.005 0.003 0.001 0.001 0.000 0.001 0.000 0.001 0.000 0.003 0.000 0.002 0.000 0.000 0.000 0.001 0.002 0.016 0.001 0.001 0.000 0.000 0.057 0.000 0.000 0.002 0.000 0.012 0.010 0.012 0.989 0.111 0.004 0.033 0.001 0.000 0.020 0.001 0.001 0.001 0.000 0.008 0.010 0.001 0.001 0.001 0.001 0.002 0.002 0.090 0.002 
28 saw_vis 30 0.012 0.007 0.001 0.004 0.001 0.995 0.963 0.002 0.002 0.026 0.009 0.000 0.014 0.001 0.006 0.000 0.004 0.001 0.020 0.000 0.000 0.001 0.093 0.001 0.002 0.001 0.001 0.001 0.000 0.001 0.000 0.000 0.003 0.000 0.005 0.002 0.002 0.008 0.720 0.609 0.045 0.001 0.000 0.001 0.003 0.001 0.001 0.000 0.002 0.001 0.010 0.001 0.036 0.001 0.001 0.001 0.035 0.029 
29 drill_vis 30 0.017 0.001 0.004 0.002 0.001 0.996 0.783 0.001 0.002 0.606 0.004 0.000 0.002 0.000 0.002 0.000 0.016 0.003 0.099 0.001 0.000 0.003 0.300 0.001 0.001 0.001 0.001 0.000 0.000 0.001 0.000 0.000 0.003 0.000 0.003 0.001 0.005 0.003 0.415 0.879 0.036 0.001 0.000 0.001 0.001 0.001 0.001 0.000 0.002 0.001 0.021 0.001 0.689 0.005 0.001 0.001 0.298 0.009 
30 clamp_vis 30 0.001 0.001 0.001 0.009 0.001 0.996 0.003 0.992 0.002 0.006 0.002 0.000 0.000 0.000 0.001 0.000 0.000 0.001 0.001 0.000 0.000 0.000 0.001 0.076 0.001 0.001 0.008 0.000 0.000 0.001 0.001 0.000 0.001 0.000 0.001 0.002 0.001 0.036 0.008 0.003 0.981 0.063 0.013 0.094 0.005 0.002 0.001 0.001 0.002 0.002 0.000 0.011 0.001 0.001 0.005 0.001 0.004 0.032 
31 hoe_vis 30 0.002 0.001 0.001 0.002 0.001 0.996 0.001 0.962 0.010 0.001 0.002 0.000 0.000 0.000 0.000 0.000 0.000 0.001 0.001 0.000 0.000 0.000 0.000 0.021 0.001 0.000 0.006 0.000 0.000 0.002 0.000 0.000 0.001 0.000 0.001 0.001 0.001 0.015 0.001 0.001 0.011 0.004 0.001 0.887 0.001 0.008 0.001 0.000 0.007 0.010 0.000 0.018 0.000 0.001 0.001 0.001 0.005 0.003 
32 rake_vis 30 0.002 0.001 0.001 0.006 0.001 0.996 0.001 0.991 0.004 0.006 0.003 0.000 0.000 0.001 0.001 0.000 0.000 0.001 0.001 0.000 0.000 0.000 0.001 0.084 0.001 0.001 0.015 0.000 0.001 0.002 0.001 0.000 0.001 0.000 0.001 0.008 0.000 0.016 0.003 0.002 0.960 0.058 0.059 0.172 0.005 0.004 0.001 0.001 0.002 0.002 0.000 0.019 0.001 0.001 0.005 0.001 0.003 0.027 
33 shovel_vis 30 0.008 0.001 0.001 0.004 0.001 0.996 0.696 0.986 0.003 0.001 0.003 0.000 0.000 0.000 0.001 0.000 0.001 0.001 0.001 0.000 0.000 0.000 0.001 0.065 0.001 0.001 0.021 0.000 0.000 0.415 0.001 0.000 0.001 0.000 0.001 0.001 0.001 0.887 0.001 0.001 0.908 0.002 0.001 0.883 0.001 0.019 0.001 0.000 0.010 0.004 0.000 0.010 0.000 0.001 0.001 0.001 0.030 0.002 
34 spade_vis 30 0.002 0.001 0.001 0.001 0.001 0.996 0.001 0.989 0.011 0.007 0.022 0.000 0.000 0.002 0.001 0.000 0.000 0.002 0.001 0.001 0.000 0.000 0.001 0.012 0.001 0.000 0.011 0.000 0.000 0.003 0.001 0.000 0.001 0.000 0.001 0.001 0.000 0.003 0.001 0.012 0.277 0.021 0.006 0.055 0.100 0.003 0.001 0.001 0.002 0.004 0.000 0.026 0.001 0.001 0.001 0.001 0.003 0.003 
35 wrench_vis 30 0.003 0.001 0.001 0.001 0.001 0.996 0.001 0.988 0.051 0.001 0.006 0.000 0.000 0.001 0.000 0.000 0.001 0.001 0.001 0.000 0.001 0.000 0.000 0.033 0.001 0.000 0.038 0.000 0.001 0.026 0.002 0.000 0.001 0.000 0.007 0.000 0.001 0.019 0.001 0.001 0.007 0.004 0.034 0.882 0.001 0.608 0.001 0.001 0.048 0.050 0.000 0.084 0.000 0.001 0.001 0.003 0.005 0.003 
36 accordion_vis 30 0.003 0.001 0.007 0.001 0.001 0.995 0.002 0.002 0.067 0.964 0.001 0.001 0.002 0.001 0.001 0.000 0.005 0.007 0.017 0.002 0.001 0.022 0.011 0.001 0.001 0.001 0.001 0.000 0.000 0.001 0.000 0.000 0.003 0.000 0.003 0.001 0.001 0.001 0.002 0.001 0.001 0.001 0.001 0.001 0.002 0.001 0.004 0.001 0.005 0.006 0.001 0.001 0.015 0.862 0.001 0.005 0.047 0.030 
37 cello_vis 30 0.002 0.001 0.001 0.004 0.001 0.996 0.002 0.003 0.993 0.011 0.001 0.001 0.003 0.000 0.001 0.001 0.004 0.000 0.003 0.001 0.000 0.000 0.001 0.002 0.008 0.002 0.001 0.001 0.000 0.002 0.000 0.002 0.001 0.002 0.001 0.001 0.001 0.070 0.001 0.001 0.001 0.002 0.001 0.026 0.001 0.016 0.010 0.015 0.311 0.690 0.005 0.007 0.000 0.002 0.007 0.012 0.062 0.005 
38 flute_vis 30 0.003 0.013 0.001 0.002 0.001 0.996 0.008 0.002 0.994 0.006 0.001 0.000 0.020 0.000 0.138 0.002 0.001 0.000 0.016 0.001 0.000 0.000 0.001 0.002 0.002 0.001 0.001 0.001 0.000 0.005 0.000 0.000 0.001 0.000 0.006 0.001 0.101 0.022 0.002 0.006 0.001 0.001 0.001 0.020 0.001 0.004 0.126 0.001 0.986 0.113 0.044 0.200 0.000 0.002 0.003 0.005 0.044 0.002 
39 guitar_vis 30 0.001 0.001 0.001 0.007 0.002 0.996 0.302 0.155 0.993 0.005 0.001 0.000 0.002 0.000 0.001 0.000 0.004 0.000 0.002 0.001 0.000 0.000 0.004 0.001 0.180 0.001 0.001 0.002 0.000 0.020 0.000 0.001 0.003 0.000 0.085 0.000 0.001 0.837 0.034 0.001 0.002 0.060 0.000 0.002 0.001 0.538 0.060 0.001 0.041 0.992 0.000 0.001 0.000 0.002 0.004 0.106 0.078 0.009 
40 piano_vis 30 0.002 0.003 0.001 0.001 0.001 0.995 0.001 0.001 0.994 0.014 0.000 0.001 0.006 0.000 0.021 0.002 0.000 0.000 0.046 0.002 0.000 0.000 0.001 0.001 0.001 0.001 0.000 0.000 0.000 0.008 0.000 0.001 0.001 0.002 0.001 0.001 0.003 0.016 0.001 0.005 0.001 0.001 0.001 0.001 0.001 0.014 0.503 0.013 0.715 0.432 0.026 0.062 0.001 0.002 0.004 0.037 0.100 0.001 
41 trumpet_vis 30 0.006 0.005 0.001 0.001 0.001 0.996 0.001 0.046 0.992 0.001 0.002 0.000 0.000 0.000 0.020 0.005 0.000 0.000 0.001 0.001 0.000 0.000 0.000 0.004 0.000 0.000 0.001 0.000 0.000 0.037 0.000 0.001 0.001 0.001 0.001 0.001 0.001 0.001 0.001 0.001 0.003 0.003 0.003 0.050 0.001 0.010 0.005 0.003 0.047 0.004 0.001 0.972 0.000 0.001 0.001 0.002 0.001 0.001 
42 fork_vis 30 0.002 0.001 0.005 0.012 0.001 0.996 0.789 0.009 0.005 0.993 0.001 0.000 0.000 0.000 0.001 0.000 0.397 0.001 0.007 0.001 0.008 0.000 0.922 0.001 0.025 0.001 0.006 0.000 0.000 0.001 0.000 0.000 0.022 0.000 0.333 0.002 0.001 0.026 0.989 0.024 0.083 0.002 0.001 0.001 0.001 0.001 0.001 0.002 0.005 0.006 0.002 0.001 0.523 0.031 0.017 0.002 0.866 0.987 
43 spoon_vis 30 0.001 0.001 0.002 0.001 0.001 0.996 0.006 0.004 0.011 0.962 0.001 0.000 0.001 0.000 0.000 0.000 0.042 0.001 0.007 0.001 0.000 0.000 0.022 0.001 0.001 0.000 0.001 0.000 0.000 0.000 0.000 0.000 0.004 0.000 0.005 0.000 0.001 0.022 0.012 0.002 0.001 0.001 0.000 0.001 0.001 0.001 0.001 0.000 0.011 0.008 0.000 0.001 0.001 0.015 0.001 0.005 0.967 0.100 
44 tongs_vis 30 0.001 0.001 0.001 0.008 0.001 0.996 0.023 0.006 0.294 0.989 0.001 0.000 0.001 0.000 0.001 0.000 0.008 0.000 0.003 0.001 0.001 0.000 0.106 0.001 0.006 0.001 0.001 0.000 0.000 0.001 0.000 0.000 0.002 0.000 0.005 0.001 0.001 0.038 0.229 0.003 0.025 0.003 0.001 0.002 0.001 0.001 0.001 0.028 0.013 0.007 0.001 0.001 0.011 0.003 0.089 0.002 0.216 0.969 
45 ladle_vis 30 0.001 0.001 0.001 0.002 0.001 0.996 0.016 0.006 0.010 0.899 0.001 0.000 0.000 0.000 0.000 0.000 0.104 0.001 0.003 0.000 0.001 0.000 0.033 0.001 0.003 0.000 0.001 0.000 0.000 0.000 0.000 0.000 0.005 0.000 0.008 0.000 0.001 0.216 0.044 0.001 0.001 0.002 0.000 0.001 0.001 0.003 0.001 0.000 0.007 0.025 0.000 0.001 0.001 0.003 0.001 0.004 0.961 0.533 
46 knife_vis 30 0.001 0.001 0.002 0.002 0.001 0.996 0.775 0.024 0.020 0.984 0.001 0.000 0.000 0.000 0.000 0.000 0.143 0.001 0.005 0.000 0.002 0.000 0.231 0.001 0.045 0.000 0.001 0.000 0.000 0.000 0.000 0.000 0.117 0.000 0.270 0.000 0.001 0.768 0.825 0.001 0.001 0.001 0.000 0.002 0.001 0.019 0.001 0.000 0.039 0.099 0.000 0.001 0.001 0.004 0.002 0.004 0.990 0.983 
47 chopsticks_vis 30 0.002 0.001 0.004 0.009 0.001 0.996 0.799 0.006 0.009 0.973 0.001 0.000 0.000 0.000 0.000 0.000 0.235 0.001 0.009 0.001 0.003 0.000 0.934 0.001 0.014 0.001 0.002 0.000 0.000 0.000 0.000 0.000 0.029 0.000 0.086 0.001 0.001 0.006 0.991 0.006 0.016 0.002 0.001 0.001 0.001 0.001 0.001 0.001 0.004 0.008 0.001 0.001 0.349 0.018 0.005 0.001 0.779 0.980 
