0 beaver_vis 30 0.996 0.990 0.016 0.001 0.040 0.002 0.001 0.001 0.001 0.002 0.981 0.023 0.068 0.043 0.010 0.001 0.000 0.001 0.002 0.000 0.005 0.016 0.000 0.001 0.049 0.000 0.000 0.002 0.033 0.001 0.092 0.094 0.001 0.000 0.000 0.001 0.000 0.000 0.000 0.001 0.002 0.000 0.001 0.000 0.001 0.002 0.001 0.002 0.000 0.001 0.001 0.015 0.002 0.000 0.008 0.000 0.013 0.002 
1 bear_vis 30 0.996 0.989 0.065 0.001 0.063 0.002 0.001 0.001 0.001 0.001 0.118 0.975 0.017 0.007 0.021 0.022 0.001 0.004 0.014 0.133 0.002 0.000 0.000 0.001 0.000 0.000 0.000 0.001 0.004 0.018 0.000 0.331 0.010 0.001 0.000 0.001 0.001 0.000 0.001 0.000 0.001 0.000 0.000 0.000 0.000 0.006 0.003 0.000 0.000 0.001 0.001 0.001 0.001 0.001 0.006 0.000 0.000 0.000 
2 sheep_vis 30 0.996 0.986 0.027 0.001 0.026 0.002 0.001 0.001 0.001 0.008 0.222 0.018 0.979 0.006 0.277 0.000 0.004 0.002 0.001 0.000 0.002 0.272 0.001 0.001 0.062 0.000 0.000 0.001 0.027 0.002 0.020 0.078 0.002 0.011 0.000 0.001 0.000 0.000 0.004 0.002 0.001 0.000 0.000 0.000 0.001 0.012 0.001 0.001 0.000 0.002 0.005 0.002 0.045 0.001 0.001 0.000 0.087 0.145 
3 buffalo_vis 30 0.996 0.983 0.038 0.001 0.056 0.002 0.001 0.001 0.001 0.001 0.010 0.696 0.584 0.010 0.409 0.003 0.016 0.001 0.018 0.007 0.001 0.001 0.000 0.001 0.000 0.000 0.000 0.001 0.002 0.015 0.001 0.577 0.009 0.003 0.000 0.001 0.000 0.000 0.001 0.000 0.000 0.000 0.000 0.000 0.000 0.004 0.001 0.000 0.000 0.003 0.007 0.001 0.003 0.004 0.002 0.000 0.001 0.001 
4 poodle_vis 30 0.996 0.989 0.035 0.001 0.047 0.002 0.001 0.001 0.001 0.002 0.096 0.309 0.759 0.016 0.356 0.002 0.005 0.001 0.027 0.001 0.001 0.019 0.001 0.001 0.005 0.000 0.000 0.001 0.005 0.006 0.005 0.329 0.011 0.003 0.000 0.001 0.000 0.000 0.001 0.001 0.001 0.000 0.000 0.000 0.000 0.006 0.001 0.001 0.000 0.004 0.003 0.001 0.008 0.002 0.003 0.000 0.008 0.008 
5 giraffe_vis 30 0.996 0.991 0.059 0.001 0.105 0.002 0.001 0.001 0.001 0.001 0.210 0.963 0.073 0.027 0.215 0.042 0.006 0.003 0.036 0.131 0.002 0.000 0.001 0.001 0.001 0.001 0.000 0.001 0.006 0.044 0.001 0.700 0.022 0.001 0.000 0.001 0.001 0.000 0.001 0.000 0.001 0.000 0.001 0.000 0.000 0.005 0.003 0.000 0.000 0.004 0.002 0.001 0.002 0.001 0.022 0.000 0.001 0.001 
6 robin_vis 30 0.996 0.012 0.980 0.020 0.001 0.002 0.001 0.001 0.002 0.001 0.001 0.004 0.005 0.001 0.008 0.000 0.247 0.011 0.043 0.175 0.000 0.024 0.001 0.001 0.001 0.018 0.001 0.002 0.000 0.001 0.000 0.001 0.001 0.002 0.000 0.002 0.000 0.001 0.000 0.001 0.000 0.000 0.000 0.000 0.001 0.001 0.001 0.001 0.000 0.002 0.009 0.001 0.002 0.001 0.001 0.001 0.000 0.001 
7 swan_vis 30 0.995 0.010 0.981 0.003 0.001 0.738 0.001 0.329 0.001 0.009 0.002 0.001 0.009 0.000 0.001 0.002 0.035 0.954 0.002 0.014 0.171 0.094 0.042 0.001 0.001 0.000 0.028 0.002 0.001 0.001 0.000 0.000 0.000 0.837 0.000 0.001 0.000 0.001 0.001 0.005 0.242 0.000 0.000 0.003 0.383 0.594 0.001 0.001 0.000 0.000 0.001 0.001 0.673 0.000 0.002 0.874 0.000 0.001 
8 woodpecker_vis 30 0.996 0.063 0.987 0.020 0.001 0.002 0.001 0.001 0.003 0.001 0.001 0.049 0.020 0.003 0.136 0.001 0.118 0.009 0.967 0.025 0.000 0.356 0.001 0.001 0.000 0.004 0.000 0.486 0.000 0.001 0.000 0.001 0.012 0.002 0.000 0.002 0.000 0.001 0.001 0.001 0.000 0.000 0.000 0.000 0.001 0.004 0.003 0.001 0.000 0.014 0.012 0.001 0.001 0.015 0.002 0.001 0.000 0.001 
9 peacock_vis 30 0.996 0.016 0.984 0.030 0.001 0.002 0.001 0.001 0.001 0.001 0.001 0.036 0.001 0.001 0.001 0.003 0.049 0.041 0.030 0.615 0.001 0.001 0.001 0.001 0.000 0.017 0.012 0.002 0.000 0.002 0.000 0.001 0.001 0.001 0.000 0.001 0.001 0.002 0.000 0.000 0.000 0.000 0.000 0.000 0.000 0.002 0.002 0.000 0.000 0.001 0.002 0.001 0.001 0.000 0.001 0.000 0.000 0.000 
10 crow_vis 30 0.996 0.003 0.982 0.013 0.001 0.010 0.001 0.204 0.001 0.001 0.070 0.001 0.000 0.000 0.000 0.005 0.002 0.266 0.001 0.075 0.891 0.002 0.008 0.001 0.001 0.000 0.178 0.001 0.001 0.001 0.000 0.000 0.000 0.102 0.000 0.001 0.001 0.001 0.000 0.002 0.570 0.000 0.000 0.087 0.487 0.145 0.001 0.001 0.000 0.000 0.000 0.001 0.205 0.000 0.200 0.245 0.000 0.000 
11 eagle_vis 30 0.996 0.020 0.973 0.107 0.001 0.002 0.001 0.001 0.001 0.002 0.008 0.001 0.055 0.001 0.003 0.000 0.044 0.050 0.005 0.001 0.001 0.940 0.002 0.001 0.056 0.001 0.001 0.003 0.001 0.001 0.000 0.000 0.000 0.001 0.000 0.001 0.000 0.002 0.000 0.003 0.001 0.000 0.000 0.000 0.001 0.003 0.001 0.001 0.000 0.001 0.003 0.004 0.005 0.000 0.001 0.009 0.002 0.002 
12 tuna_vis 30 0.996 0.001 0.029 0.993 0.022 0.002 0.003 0.002 0.002 0.001 0.001 0.001 0.273 0.003 0.002 0.001 0.001 0.008 0.011 0.001 0.000 0.202 0.013 0.066 0.044 0.004 0.013 0.988 0.003 0.001 0.001 0.003 0.004 0.233 0.002 0.007 0.002 0.006 0.100 0.043 0.003 0.005 0.001 0.002 0.011 0.002 0.001 0.003 0.001 0.000 0.011 0.002 0.001 0.000 0.001 0.001 0.010 0.001 
13 goldfish_vis 30 0.996 0.001 0.042 0.992 0.045 0.002 0.003 0.001 0.002 0.001 0.000 0.002 0.014 0.003 0.004 0.001 0.006 0.001 0.240 0.002 0.000 0.001 0.003 0.108 0.001 0.201 0.016 0.981 0.001 0.001 0.000 0.028 0.053 0.098 0.001 0.020 0.002 0.002 0.016 0.007 0.001 0.001 0.001 0.001 0.005 0.001 0.001 0.001 0.000 0.000 0.041 0.001 0.001 0.003 0.001 0.000 0.000 0.000 
14 salmon_vis 30 0.996 0.001 0.013 0.990 0.016 0.002 0.004 0.001 0.001 0.001 0.001 0.000 0.010 0.002 0.000 0.001 0.003 0.001 0.001 0.001 0.001 0.012 0.009 0.007 0.915 0.358 0.102 0.052 0.013 0.001 0.001 0.005 0.001 0.007 0.001 0.010 0.001 0.003 0.001 0.020 0.003 0.001 0.001 0.001 0.016 0.001 0.001 0.004 0.000 0.000 0.006 0.012 0.001 0.000 0.001 0.000 0.001 0.001 
15 sardine_vis 30 0.996 0.001 0.017 0.993 0.050 0.002 0.002 0.001 0.003 0.001 0.000 0.001 0.000 0.003 0.000 0.000 0.012 0.000 0.005 0.073 0.000 0.000 0.001 0.019 0.075 0.981 0.057 0.119 0.001 0.001 0.000 0.130 0.002 0.001 0.001 0.065 0.001 0.001 0.000 0.001 0.001 0.000 0.002 0.001 0.008 0.000 0.001 0.001 0.000 0.000 0.008 0.001 0.000 0.000 0.001 0.000 0.000 0.000 
16 catfish_vis 30 0.996 0.001 0.027 0.992 0.011 0.002 0.013 0.001 0.001 0.001 0.001 0.001 0.001 0.001 0.000 0.002 0.000 0.107 0.001 0.004 0.001 0.000 0.020 0.007 0.017 0.011 0.954 0.035 0.044 0.001 0.000 0.001 0.001 0.128 0.001 0.001 0.004 0.012 0.002 0.018 0.005 0.000 0.000 0.002 0.002 0.001 0.001 0.001 0.000 0.000 0.001 0.001 0.001 0.000 0.001 0.000 0.000 0.000 
17 cod_vis 30 0.996 0.001 0.016 0.993 0.013 0.002 0.004 0.001 0.001 0.001 0.001 0.000 0.030 0.001 0.000 0.001 0.003 0.002 0.001 0.001 0.000 0.021 0.011 0.009 0.697 0.073 0.046 0.163 0.008 0.001 0.001 0.003 0.001 0.031 0.001 0.006 0.001 0.003 0.002 0.028 0.002 0.001 0.001 0.001 0.008 0.001 0.001 0.002 0.000 0.000 0.010 0.004 0.001 0.000 0.001 0.000 0.001 0.000 
18 turtle_vis 30 0.996 0.007 0.001 0.069 0.988 0.002 0.002 0.001 0.001 0.001 0.001 0.031 0.058 0.001 0.001 0.001 0.001 0.000 0.000 0.000 0.000 0.000 0.001 0.002 0.001 0.027 0.001 0.005 0.075 0.004 0.019 0.807 0.016 0.149 0.000 0.015 0.002 0.000 0.001 0.001 0.000 0.000 0.003 0.000 0.001 0.001 0.001 0.001 0.000 0.000 0.017 0.001 0.001 0.000 0.001 0.000 0.000 0.000 
19 rattlesnake_vis 30 0.995 0.235 0.001 0.441 0.990 0.002 0.001 0.001 0.002 0.001 0.001 0.014 0.001 0.242 0.144 0.119 0.001 0.000 0.001 0.000 0.000 0.000 0.001 0.746 0.001 0.053 0.000 0.002 0.395 0.072 0.001 0.837 0.098 0.003 0.001 0.002 0.001 0.000 0.001 0.001 0.001 0.002 0.001 0.000 0.001 0.001 0.003 0.001 0.000 0.000 0.004 0.001 0.001 0.001 0.001 0.000 0.001 0.000 
20 crab_vis 30 0.996 0.039 0.001 0.007 0.980 0.002 0.001 0.001 0.001 0.001 0.001 0.078 0.008 0.005 0.001 0.001 0.001 0.000 0.000 0.000 0.000 0.000 0.001 0.001 0.001 0.130 0.000 0.004 0.023 0.010 0.061 0.899 0.015 0.043 0.000 0.002 0.001 0.000 0.001 0.001 0.001 0.000 0.008 0.000 0.001 0.001 0.001 0.001 0.000 0.000 0.012 0.001 0.001 0.000 0.001 0.000 0.000 0.000 
21 frog_vis 30 0.996 0.012 0.001 0.053 0.981 0.002 0.001 0.001 0.001 0.001 0.000 0.019 0.381 0.003 0.004 0.001 0.001 0.000 0.001 0.000 0.000 0.000 0.000 0.001 0.002 0.018 0.000 0.006 0.012 0.006 0.005 0.950 0.017 0.206 0.000 0.002 0.000 0.000 0.008 0.001 0.001 0.000 0.002 0.000 0.001 0.001 0.001 0.001 0.000 0.000 0.026 0.001 0.001 0.000 0.001 0.000 0.000 0.000 
22 gecko_vis 30 0.996 0.003 0.001 0.009 0.992 0.002 0.001 0.001 0.002 0.001 0.000 0.031 0.003 0.002 0.001 0.000 0.001 0.000 0.001 0.000 0.000 0.000 0.001 0.001 0.001 0.004 0.000 0.007 0.002 0.022 0.455 0.507 0.718 0.183 0.000 0.008 0.001 0.000 0.004 0.001 0.001 0.001 0.020 0.000 0.001 0.001 0.003 0.001 0.000 0.000 0.014 0.001 0.002 0.002 0.002 0.000 0.000 0.000 
23 crocodile_vis 30 0.996 0.007 0.001 0.012 0.986 0.002 0.001 0.001 0.001 0.001 0.000 0.026 0.026 0.001 0.001 0.001 0.001 0.000 0.000 0.000 0.000 0.000 0.001 0.001 0.001 0.002 0.001 0.002 0.036 0.010 0.086 0.360 0.041 0.528 0.000 0.003 0.001 0.000 0.004 0.002 0.001 0.000 0.002 0.000 0.001 0.001 0.001 0.001 0.000 0.000 0.022 0.001 0.004 0.001 0.001 0.000 0.000 0.000 
24 axe_vis 30 0.013 0.000 0.001 0.003 0.001 0.996 0.079 0.009 0.045 0.001 0.000 0.074 0.000 0.008 0.000 0.001 0.000 0.003 0.001 0.000 0.000 0.000 0.001 0.001 0.000 0.000 0.001 0.053 0.005 0.005 0.000 0.008 0.001 0.000 0.000 0.004 0.206 0.025 0.003 0.018 0.000 0.007 0.001 0.036 0.001 0.002 0.004 0.002 0.054 0.001 0.002 0.003 0.000 0.001 0.001 0.000 0.005 0.000 
25 hammer_vis 30 0.002 0.000 0.001 0.002 0.001 0.996 0.038 0.992 0.003 0.001 0.000 0.000 0.000 0.001 0.000 0.001 0.000 0.001 0.000 0.001 0.011 0.000 0.001 0.001 0.000 0.001 0.016 0.002 0.001 0.001 0.001 0.000 0.001 0.000 0.000 0.008 0.312 0.004 0.001 0.002 0.006 0.012 0.105 0.951 0.018 0.005 0.001 0.001 0.005 0.000 0.001 0.002 0.001 0.000 0.028 0.003 0.000 0.001 
26 screwdriver_vis 30 0.003 0.000 0.001 0.002 0.001 0.996 0.051 0.988 0.004 0.001 0.000 0.000 0.000 0.001 0.000 0.001 0.000 0.001 0.000 0.000 0.007 0.000 0.001 0.001 0.000 0.000 0.008 0.003 0.003 0.001 0.001 0.000 0.001 0.001 0.000 0.003 0.449 0.003 0.001 0.010 0.003 0.082 0.042 0.870 0.005 0.009 0.001 0.001 0.009 0.001 0.002 0.001 0.001 0.000 0.033 0.001 0.002 0.000 
27 chisel_vis 30 0.002 0.000 0.001 0.002 0.001 0.996 0.009 0.989 0.003 0.001 0.000 0.000 0.000 0.001 0.000 0.001 0.000 0.004 0.000 0.000 0.001 0.000 0.001 0.001 0.000 0.000 0.003 0.010 0.001 0.001 0.000 0.000 0.000 0.001 0.000 0.002 0.088 0.013 0.042 0.001 0.044 0.010 0.045 0.725 0.014 0.106 0.001 0.001 0.012 0.001 0.001 0.003 0.001 0.000 0.004 0.032 0.000 0.001 
28 saw_vis 30 0.003 0.000 0.001 0.001 0.002 0.996 0.044 0.992 0.001 0.001 0.000 0.000 0.000 0.001 0.000 0.001 0.000 0.006 0.000 0.000 0.001 0.000 0.001 0.001 0.000 0.000 0.006 0.007 0.001 0.001 0.001 0.000 0.001 0.002 0.000 0.001 0.853 0.001 0.001 0.090 0.003 0.678 0.013 0.929 0.013 0.010 0.002 0.001 0.019 0.000 0.001 0.001 0.001 0.000 0.165 0.003 0.001 0.000 
29 drill_vis 30 0.002 0.000 0.001 0.002 0.002 0.996 0.793 0.067 0.009 0.001 0.000 0.000 0.000 0.001 0.000 0.001 0.000 0.001 0.000 0.001 0.009 0.000 0.001 0.000 0.000 0.000 0.008 0.001 0.005 0.001 0.001 0.000 0.001 0.001 0.000 0.007 0.760 0.024 0.001 0.071 0.000 0.020 0.001 0.107 0.001 0.001 0.001 0.003 0.017 0.000 0.004 0.003 0.001 0.000 0.004 0.000 0.005 0.000 
30 clamp_vis 30 0.002 0.000 0.001 0.002 0.002 0.997 0.008 0.964 0.001 0.002 0.000 0.000 0.000 0.001 0.000 0.000 0.000 0.000 0.000 0.000 0.006 0.000 0.001 0.000 0.000 0.000 0.000 0.002 0.015 0.021 0.001 0.000 0.000 0.037 0.000 0.002 0.002 0.009 0.214 0.001 0.881 0.005 0.025 0.026 0.007 0.015 0.001 0.001 0.001 0.000 0.001 0.002 0.003 0.000 0.003 0.003 0.000 0.005 
31 hoe_vis 30 0.002 0.000 0.001 0.001 0.002 0.997 0.001 0.600 0.025 0.002 0.000 0.000 0.087 0.000 0.001 0.000 0.001 0.000 0.001 0.000 0.000 0.001 0.002 0.001 0.001 0.000 0.000 0.001 0.012 0.001 0.015 0.018 0.001 0.257 0.000 0.001 0.001 0.000 0.000 0.001 0.001 0.220 0.006 0.006 0.372 0.092 0.009 0.002 0.001 0.001 0.005 0.007 0.051 0.000 0.001 0.002 0.005 0.000 
32 rake_vis 30 0.002 0.000 0.001 0.002 0.027 0.997 0.001 0.993 0.016 0.011 0.000 0.001 0.081 0.000 0.001 0.000 0.000 0.000 0.001 0.000 0.001 0.000 0.001 0.001 0.000 0.000 0.000 0.011 0.009 0.002 0.100 0.004 0.002 0.454 0.000 0.003 0.001 0.000 0.001 0.001 0.004 0.437 0.719 0.004 0.071 0.917 0.001 0.003 0.000 0.000 0.002 0.007 0.037 0.001 0.002 0.001 0.002 0.017 
33 shovel_vis 30 0.002 0.020 0.001 0.002 0.001 0.997 0.001 0.762 0.005 0.035 0.001 0.004 0.101 0.001 0.006 0.000 0.000 0.001 0.001 0.000 0.000 0.005 0.001 0.001 0.000 0.000 0.000 0.006 0.001 0.001 0.001 0.007 0.000 0.002 0.000 0.001 0.001 0.001 0.001 0.005 0.003 0.643 0.050 0.053 0.009 0.496 0.006 0.001 0.008 0.000 0.001 0.004 0.010 0.001 0.002 0.016 0.028 0.000 
34 spade_vis 30 0.002 0.000 0.001 0.003 0.002 0.996 0.001 0.877 0.011 0.002 0.000 0.000 0.001 0.000 0.000 0.000 0.000 0.000 0.001 0.000 0.001 0.000 0.002 0.001 0.001 0.000 0.000 0.002 0.004 0.001 0.056 0.005 0.001 0.030 0.000 0.001 0.001 0.000 0.000 0.004 0.002 0.592 0.018 0.009 0.478 0.014 0.003 0.008 0.001 0.000 0.004 0.003 0.023 0.000 0.004 0.001 0.011 0.000 
35 wrench_vis 30 0.002 0.010 0.003 0.001 0.001 0.997 0.001 0.415 0.011 0.611 0.001 0.001 0.024 0.001 0.007 0.000 0.000 0.000 0.001 0.000 0.000 0.006 0.001 0.000 0.000 0.000 0.000 0.001 0.000 0.001 0.001 0.000 0.001 0.004 0.000 0.001 0.000 0.000 0.009 0.001 0.002 0.009 0.189 0.003 0.006 0.768 0.003 0.001 0.001 0.039 0.001 0.009 0.014 0.003 0.015 0.411 0.021 0.168 
36 accordion_vis 30 0.419 0.010 0.719 0.001 0.001 0.955 0.001 0.001 0.995 0.002 0.000 0.264 0.006 0.001 0.285 0.001 0.059 0.047 0.917 0.220 0.000 0.228 0.002 0.001 0.000 0.002 0.000 0.116 0.000 0.002 0.000 0.003 0.013 0.000 0.000 0.001 0.001 0.000 0.000 0.001 0.000 0.001 0.000 0.001 0.001 0.039 0.590 0.005 0.004 0.645 0.302 0.011 0.001 0.008 0.001 0.002 0.009 0.000 
37 cello_vis 30 0.003 0.014 0.010 0.001 0.001 0.995 0.001 0.001 0.991 0.009 0.000 0.373 0.055 0.000 0.349 0.000 0.001 0.000 0.045 0.000 0.001 0.010 0.003 0.001 0.000 0.000 0.000 0.005 0.000 0.008 0.001 0.003 0.034 0.000 0.000 0.002 0.001 0.002 0.000 0.001 0.000 0.001 0.001 0.001 0.001 0.311 0.071 0.014 0.002 0.442 0.004 0.143 0.002 0.031 0.001 0.001 0.016 0.048 
38 flute_vis 30 0.002 0.001 0.012 0.001 0.001 0.996 0.001 0.002 0.427 0.262 0.000 0.000 0.001 0.001 0.001 0.000 0.001 0.003 0.004 0.000 0.000 0.592 0.001 0.001 0.000 0.000 0.000 0.002 0.000 0.002 0.000 0.000 0.001 0.000 0.000 0.004 0.001 0.053 0.016 0.001 0.000 0.002 0.019 0.087 0.001 0.069 0.006 0.001 0.089 0.836 0.002 0.055 0.001 0.006 0.003 0.645 0.101 0.764 
39 guitar_vis 30 0.020 0.002 0.524 0.001 0.001 0.996 0.001 0.001 0.995 0.002 0.000 0.034 0.002 0.001 0.262 0.001 0.018 0.012 0.840 0.014 0.000 0.229 0.001 0.001 0.000 0.001 0.000 0.044 0.000 0.007 0.000 0.001 0.002 0.000 0.000 0.007 0.001 0.004 0.000 0.000 0.000 0.000 0.001 0.002 0.000 0.219 0.086 0.001 0.002 0.838 0.005 0.244 0.001 0.024 0.001 0.003 0.002 0.008 
40 piano_vis 30 0.005 0.000 0.026 0.002 0.001 0.995 0.001 0.001 0.994 0.001 0.000 0.025 0.000 0.000 0.005 0.001 0.045 0.001 0.136 0.023 0.000 0.006 0.004 0.001 0.000 0.002 0.000 0.025 0.000 0.004 0.000 0.002 0.014 0.000 0.000 0.002 0.001 0.001 0.000 0.003 0.000 0.003 0.001 0.001 0.001 0.002 0.907 0.004 0.006 0.007 0.037 0.012 0.001 0.017 0.001 0.000 0.005 0.000 
41 trumpet_vis 30 0.002 0.000 0.002 0.002 0.001 0.996 0.001 0.993 0.463 0.005 0.001 0.000 0.000 0.000 0.000 0.000 0.000 0.000 0.001 0.000 0.001 0.001 0.002 0.001 0.001 0.000 0.000 0.069 0.001 0.003 0.010 0.002 0.003 0.011 0.000 0.001 0.001 0.001 0.000 0.004 0.018 0.961 0.130 0.320 0.623 0.586 0.742 0.010 0.007 0.001 0.001 0.595 0.020 0.000 0.008 0.002 0.002 0.001 
42 fork_vis 30 0.003 0.021 0.002 0.001 0.001 0.996 0.001 0.007 0.007 0.983 0.000 0.000 0.001 0.044 0.020 0.001 0.002 0.000 0.001 0.000 0.000 0.001 0.001 0.001 0.000 0.000 0.000 0.000 0.000 0.001 0.000 0.000 0.001 0.001 0.000 0.001 0.000 0.000 0.002 0.003 0.000 0.099 0.000 0.000 0.001 0.009 0.009 0.001 0.002 0.010 0.004 0.001 0.063 0.066 0.015 0.460 0.786 0.001 
43 spoon_vis 30 0.003 0.025 0.003 0.001 0.001 0.996 0.001 0.155 0.661 0.813 0.000 0.001 0.001 0.001 0.812 0.002 0.017 0.000 0.008 0.000 0.000 0.001 0.001 0.001 0.000 0.000 0.000 0.000 0.000 0.022 0.000 0.000 0.003 0.001 0.000 0.001 0.000 0.000 0.000 0.001 0.000 0.032 0.001 0.000 0.002 0.900 0.283 0.000 0.000 0.019 0.006 0.001 0.220 0.338 0.005 0.240 0.005 0.001 
44 tongs_vis 30 0.003 0.001 0.002 0.001 0.007 0.996 0.001 0.986 0.006 0.009 0.000 0.000 0.038 0.000 0.001 0.000 0.000 0.000 0.001 0.000 0.001 0.001 0.001 0.000 0.000 0.000 0.000 0.003 0.005 0.002 0.040 0.003 0.001 0.126 0.000 0.003 0.001 0.000 0.001 0.001 0.005 0.180 0.836 0.002 0.027 0.804 0.001 0.001 0.000 0.001 0.001 0.006 0.013 0.001 0.002 0.002 0.001 0.025 
45 ladle_vis 30 0.002 0.063 0.003 0.001 0.001 0.997 0.001 0.082 0.025 0.899 0.000 0.000 0.001 0.006 0.279 0.001 0.002 0.000 0.002 0.000 0.000 0.002 0.001 0.001 0.000 0.000 0.000 0.000 0.000 0.004 0.000 0.000 0.001 0.000 0.000 0.001 0.000 0.000 0.019 0.001 0.001 0.008 0.009 0.001 0.001 0.400 0.008 0.000 0.005 0.417 0.003 0.001 0.010 0.038 0.013 0.964 0.054 0.057 
46 knife_vis 30 0.003 0.013 0.002 0.001 0.001 0.996 0.001 0.001 0.562 0.183 0.000 0.000 0.001 0.003 0.087 0.001 0.002 0.000 0.001 0.000 0.000 0.001 0.001 0.000 0.000 0.000 0.000 0.000 0.000 0.006 0.000 0.000 0.001 0.000 0.000 0.001 0.000 0.001 0.005 0.001 0.000 0.002 0.001 0.000 0.000 0.021 0.006 0.001 0.026 0.877 0.004 0.001 0.005 0.015 0.002 0.269 0.127 0.368 
47 chopsticks_vis 30 0.003 0.016 0.002 0.001 0.001 0.996 0.001 0.003 0.138 0.836 0.001 0.000 0.002 0.023 0.014 0.001 0.001 0.000 0.001 0.000 0.000 0.004 0.001 0.000 0.000 0.000 0.000 0.000 0.000 0.001 0.000 0.000 0.001 0.000 0.000 0.001 0.000 0.000 0.005 0.001 0.000 0.004 0.001 0.000 0.001 0.014 0.002 0.001 0.016 0.303 0.006 0.001 0.006 0.007 0.002 0.203 0.897 0.045 
0 beaver_vis 30 0.996 0.882 0.036 0.001 0.069 0.002 0.001 0.001 0.001 0.007 0.931 0.011 0.028 0.006 0.006 0.000 0.001 0.000 0.001 0.000 0.243 0.009 0.001 0.000 0.024 0.000 0.000 0.001 0.004 0.001 0.708 0.012 0.003 0.001 0.001 0.001 0.000 0.000 0.000 0.001 0.003 0.000 0.001 0.000 0.001 0.003 0.001 0.005 0.000 0.001 0.001 0.021 0.022 0.000 0.067 0.000 0.039 0.024 
1 bear_vis 30 0.996 0.770 0.047 0.001 0.104 0.002 0.001 0.001 0.001 0.001 0.045 0.379 0.009 0.009 0.024 0.001 0.009 0.000 0.014 0.005 0.002 0.000 0.000 0.001 0.000 0.001 0.000 0.001 0.001 0.005 0.015 0.191 0.044 0.002 0.000 0.001 0.000 0.000 0.000 0.000 0.000 0.000 0.001 0.000 0.000 0.002 0.002 0.001 0.000 0.002 0.002 0.001 0.005 0.001 0.018 0.000 0.001 0.001 
2 sheep_vis 30 0.996 0.398 0.045 0.001 0.041 0.002 0.001 0.001 0.001 0.014 0.004 0.010 0.728 0.001 0.023 0.000 0.017 0.000 0.001 0.000 0.013 0.021 0.001 0.000 0.002 0.000 0.000 0.001 0.001 0.002 0.256 0.009 0.003 0.121 0.000 0.001 0.000 0.000 0.005 0.002 0.001 0.000 0.000 0.000 0.001 0.007 0.001 0.001 0.000 0.002 0.012 0.001 0.250 0.003 0.001 0.000 0.057 0.318 
3 buffalo_vis 30 0.996 0.827 0.046 0.001 0.086 0.002 0.001 0.001 0.001 0.007 0.783 0.035 0.011 0.006 0.012 0.001 0.001 0.000 0.003 0.001 0.271 0.004 0.001 0.001 0.011 0.000 0.000 0.001 0.002 0.003 0.684 0.020 0.006 0.001 0.001 0.001 0.000 0.000 0.000 0.001 0.002 0.000 0.001 0.000 0.001 0.003 0.001 0.004 0.000 0.002 0.001 0.012 0.027 0.001 0.101 0.000 0.028 0.024 
4 poodle_vis 30 0.996 0.986 0.027 0.001 0.076 0.002 0.001 0.001 0.002 0.002 0.533 0.435 0.024 0.036 0.057 0.001 0.001 0.000 0.015 0.004 0.001 0.001 0.000 0.001 0.002 0.001 0.000 0.001 0.003 0.005 0.007 0.485 0.009 0.000 0.000 0.001 0.000 0.000 0.000 0.000 0.001 0.000 0.001 0.000 0.001 0.002 0.001 0.001 0.000 0.003 0.001 0.001 0.001 0.001 0.018 0.000 0.001 0.001 
5 giraffe_vis 30 0.996 0.811 0.068 0.001 0.150 0.002 0.001 0.001 0.002 0.002 0.033 0.364 0.006 0.009 0.032 0.003 0.013 0.000 0.013 0.004 0.008 0.000 0.000 0.001 0.000 0.001 0.000 0.001 0.002 0.009 0.037 0.112 0.074 0.001 0.000 0.003 0.001 0.000 0.000 0.000 0.000 0.000 0.001 0.000 0.000 0.002 0.003 0.001 0.000 0.004 0.003 0.001 0.011 0.002 0.078 0.000 0.001 0.002 
6 robin_vis 30 0.993 0.725 0.313 0.001 0.229 0.002 0.001 0.001 0.007 0.056 0.001 0.502 0.642 0.001 0.344 0.000 0.064 0.000 0.230 0.001 0.001 0.003 0.001 0.000 0.000 0.000 0.000 0.003 0.000 0.014 0.046 0.008 0.818 0.450 0.000 0.002 0.000 0.000 0.106 0.001 0.000 0.000 0.001 0.000 0.001 0.061 0.007 0.001 0.000 0.052 0.085 0.001 0.189 0.736 0.005 0.000 0.015 0.225 
7 swan_vis 30 0.984 0.021 0.983 0.005 0.001 0.003 0.001 0.001 0.003 0.056 0.016 0.001 0.046 0.001 0.004 0.001 0.158 0.011 0.014 0.001 0.012 0.937 0.051 0.001 0.016 0.000 0.000 0.004 0.001 0.001 0.003 0.000 0.001 0.028 0.001 0.002 0.000 0.003 0.002 0.023 0.001 0.000 0.000 0.000 0.003 0.012 0.001 0.003 0.000 0.019 0.011 0.007 0.181 0.003 0.002 0.051 0.057 0.283 
8 woodpecker_vis 30 0.994 0.897 0.547 0.001 0.245 0.002 0.001 0.001 0.021 0.029 0.017 0.916 0.006 0.006 0.086 0.000 0.005 0.000 0.910 0.002 0.001 0.001 0.001 0.000 0.000 0.000 0.000 0.078 0.000 0.006 0.123 0.011 0.982 0.014 0.001 0.004 0.001 0.000 0.004 0.001 0.001 0.000 0.003 0.000 0.001 0.038 0.186 0.001 0.000 0.101 0.004 0.001 0.018 0.185 0.446 0.000 0.007 0.015 
9 peacock_vis 30 0.996 0.029 0.977 0.021 0.001 0.002 0.001 0.001 0.003 0.001 0.001 0.016 0.003 0.002 0.016 0.001 0.522 0.001 0.223 0.089 0.000 0.066 0.001 0.001 0.001 0.097 0.000 0.005 0.000 0.002 0.000 0.002 0.005 0.001 0.000 0.003 0.000 0.001 0.000 0.001 0.000 0.000 0.000 0.000 0.001 0.001 0.003 0.001 0.000 0.006 0.014 0.001 0.001 0.002 0.004 0.000 0.000 0.001 
10 crow_vis 30 0.994 0.343 0.115 0.001 0.090 0.003 0.001 0.001 0.003 0.008 0.003 0.108 0.005 0.001 0.016 0.001 0.045 0.000 0.005 0.005 0.022 0.000 0.003 0.000 0.000 0.000 0.000 0.001 0.000 0.017 0.014 0.005 0.072 0.013 0.001 0.001 0.001 0.001 0.001 0.001 0.001 0.000 0.001 0.000 0.001 0.006 0.011 0.001 0.000 0.007 0.006 0.001 0.047 0.010 0.036 0.000 0.001 0.004 
11 eagle_vis 30 0.981 0.016 0.988 0.004 0.001 0.003 0.001 0.001 0.005 0.115 0.005 0.001 0.087 0.001 0.009 0.000 0.190 0.006 0.030 0.001 0.008 0.969 0.066 0.000 0.007 0.000 0.000 0.007 0.000 0.001 0.004 0.000 0.002 0.038 0.001 0.003 0.001 0.003 0.004 0.029 0.001 0.000 0.000 0.000 0.004 0.020 0.002 0.005 0.000 0.035 0.018 0.007 0.228 0.007 0.004 0.063 0.078 0.421 
12 tuna_vis 30 0.773 0.510 0.007 0.004 0.082 0.110 0.001 0.002 0.976 0.001 0.011 0.783 0.018 0.004 0.131 0.002 0.001 0.000 0.037 0.023 0.001 0.000 0.005 0.001 0.001 0.002 0.000 0.038 0.004 0.014 0.007 0.628 0.533 0.001 0.002 0.004 0.014 0.000 0.000 0.001 0.000 0.001 0.074 0.001 0.015 0.046 0.227 0.198 0.003 0.380 0.769 0.004 0.001 0.000 0.019 0.000 0.021 0.001 
13 goldfish_vis 30 0.961 0.026 0.001 0.002 0.942 0.006 0.001 0.001 0.750 0.001 0.000 0.183 0.756 0.002 0.112 0.001 0.003 0.000 0.001 0.000 0.000 0.000 0.002 0.001 0.001 0.002 0.000 0.006 0.062 0.073 0.010 0.915 0.214 0.064 0.001 0.004 0.004 0.000 0.018 0.002 0.000 0.002 0.067 0.000 0.002 0.030 0.054 0.017 0.001 0.022 0.985 0.001 0.001 0.001 0.001 0.000 0.040 0.000 
14 salmon_vis 30 0.992 0.001 0.001 0.010 0.983 0.002 0.003 0.001 0.002 0.001 0.001 0.001 0.514 0.001 0.001 0.000 0.002 0.000 0.001 0.000 0.008 0.000 0.016 0.001 0.127 0.000 0.000 0.001 0.012 0.010 0.899 0.021 0.012 0.839 0.001 0.004 0.001 0.000 0.092 0.032 0.004 0.004 0.003 0.000 0.003 0.001 0.001 0.007 0.000 0.000 0.052 0.003 0.071 0.001 0.001 0.000 0.019 0.055 
15 sardine_vis 30 0.994 0.006 0.001 0.041 0.981 0.002 0.002 0.001 0.008 0.001 0.000 0.012 0.375 0.002 0.005 0.000 0.002 0.000 0.001 0.000 0.001 0.000 0.002 0.001 0.003 0.012 0.000 0.004 0.008 0.013 0.017 0.921 0.044 0.221 0.001 0.008 0.001 0.000 0.009 0.002 0.001 0.001 0.004 0.000 0.002 0.001 0.002 0.002 0.000 0.001 0.042 0.001 0.001 0.001 0.001 0.000 0.000 0.001 
16 catfish_vis 30 0.518 0.011 0.001 0.002 0.963 0.559 0.009 0.007 0.712 0.001 0.020 0.048 0.067 0.001 0.001 0.005 0.000 0.001 0.001 0.000 0.054 0.000 0.006 0.001 0.007 0.000 0.001 0.011 0.714 0.010 0.901 0.028 0.170 0.071 0.001 0.014 0.769 0.000 0.001 0.011 0.000 0.011 0.141 0.000 0.008 0.153 0.008 0.977 0.001 0.010 0.882 0.007 0.005 0.000 0.009 0.000 0.732 0.008 
17 cod_vis 30 0.995 0.009 0.001 0.038 0.970 0.003 0.002 0.001 0.014 0.001 0.000 0.018 0.437 0.003 0.007 0.000 0.002 0.000 0.001 0.000 0.000 0.000 0.002 0.001 0.007 0.013 0.000 0.014 0.013 0.012 0.009 0.924 0.031 0.194 0.001 0.006 0.001 0.000 0.010 0.002 0.001 0.001 0.005 0.000 0.003 0.001 0.003 0.006 0.000 0.001 0.067 0.002 0.001 0.001 0.001 0.000 0.001 0.001 
18 turtle_vis 30 0.995 0.049 0.001 0.030 0.990 0.002 0.004 0.001 0.002 0.001 0.003 0.084 0.081 0.008 0.004 0.001 0.001 0.000 0.001 0.001 0.002 0.000 0.001 0.002 0.037 0.082 0.000 0.006 0.261 0.020 0.133 0.938 0.043 0.024 0.000 0.065 0.007 0.000 0.001 0.003 0.001 0.001 0.028 0.000 0.002 0.001 0.001 0.035 0.000 0.000 0.017 0.001 0.001 0.000 0.003 0.000 0.002 0.001 
19 rattlesnake_vis 30 0.955 0.422 0.001 0.009 0.983 0.004 0.001 0.002 0.990 0.001 0.001 0.019 0.003 0.144 0.742 0.676 0.001 0.000 0.003 0.000 0.000 0.000 0.017 0.653 0.000 0.011 0.000 0.001 0.585 0.336 0.004 0.794 0.612 0.002 0.002 0.002 0.036 0.000 0.005 0.001 0.000 0.006 0.073 0.000 0.006 0.013 0.310 0.095 0.110 0.301 0.979 0.002 0.001 0.001 0.002 0.000 0.180 0.001 
20 crab_vis 30 0.533 0.381 0.001 0.001 0.965 0.006 0.002 0.001 0.608 0.001 0.002 0.737 0.047 0.010 0.027 0.007 0.007 0.000 0.001 0.013 0.006 0.000 0.001 0.001 0.002 0.057 0.000 0.001 0.092 0.356 0.243 0.907 0.149 0.016 0.001 0.003 0.008 0.000 0.004 0.002 0.000 0.002 0.338 0.000 0.002 0.026 0.056 0.056 0.001 0.022 0.924 0.003 0.002 0.001 0.003 0.000 0.033 0.001 
21 frog_vis 30 0.995 0.001 0.001 0.003 0.990 0.002 0.001 0.001 0.003 0.001 0.000 0.005 0.092 0.001 0.001 0.000 0.014 0.000 0.001 0.000 0.001 0.000 0.002 0.000 0.002 0.001 0.000 0.001 0.001 0.033 0.223 0.202 0.188 0.813 0.000 0.006 0.000 0.000 0.037 0.003 0.001 0.000 0.004 0.000 0.001 0.001 0.002 0.001 0.000 0.000 0.159 0.001 0.012 0.008 0.001 0.000 0.000 0.001 
22 gecko_vis 30 0.689 0.802 0.001 0.001 0.976 0.012 0.001 0.001 0.488 0.001 0.002 0.951 0.100 0.056 0.112 0.026 0.007 0.000 0.002 0.036 0.001 0.000 0.001 0.003 0.001 0.323 0.000 0.002 0.217 0.445 0.093 0.969 0.354 0.018 0.001 0.003 0.005 0.000 0.017 0.001 0.000 0.001 0.330 0.000 0.001 0.064 0.161 0.007 0.002 0.077 0.833 0.002 0.001 0.003 0.002 0.000 0.014 0.001 
23 crocodile_vis 30 0.993 0.011 0.001 0.002 0.970 0.002 0.002 0.001 0.002 0.001 0.001 0.273 0.001 0.001 0.000 0.002 0.000 0.000 0.000 0.001 0.003 0.000 0.002 0.001 0.000 0.005 0.001 0.001 0.010 0.027 0.039 0.240 0.053 0.244 0.001 0.001 0.003 0.000 0.007 0.002 0.001 0.001 0.001 0.000 0.001 0.003 0.004 0.005 0.000 0.000 0.010 0.001 0.002 0.000 0.001 0.000 0.003 0.001 
24 axe_vis 30 0.003 0.000 0.001 0.002 0.001 0.996 0.148 0.002 0.116 0.001 0.000 0.000 0.000 0.003 0.000 0.001 0.000 0.000 0.001 0.000 0.000 0.000 0.001 0.001 0.000 0.000 0.000 0.002 0.009 0.001 0.001 0.001 0.001 0.000 0.001 0.015 0.203 0.001 0.000 0.011 0.000 0.002 0.002 0.006 0.001 0.001 0.002 0.008 0.046 0.002 0.008 0.002 0.000 0.000 0.002 0.000 0.013 0.001 
25 hammer_vis 30 0.002 0.000 0.001 0.003 0.001 0.996 0.910 0.002 0.374 0.001 0.000 0.000 0.000 0.001 0.000 0.000 0.000 0.000 0.000 0.000 0.003 0.000 0.001 0.001 0.004 0.004 0.000 0.002 0.002 0.001 0.008 0.000 0.001 0.000 0.003 0.882 0.071 0.029 0.001 0.002 0.000 0.001 0.181 0.006 0.001 0.001 0.001 0.077 0.027 0.004 0.005 0.038 0.000 0.000 0.003 0.000 0.003 0.022 
26 screwdriver_vis 30 0.002 0.000 0.001 0.002 0.001 0.996 0.785 0.002 0.021 0.001 0.000 0.000 0.000 0.000 0.000 0.001 0.000 0.002 0.000 0.001 0.002 0.000 0.001 0.001 0.000 0.000 0.003 0.001 0.003 0.001 0.001 0.000 0.001 0.000 0.003 0.004 0.756 0.001 0.001 0.015 0.000 0.001 0.001 0.006 0.001 0.001 0.001 0.029 0.009 0.001 0.006 0.001 0.000 0.000 0.001 0.000 0.025 0.001 
27 chisel_vis 30 0.002 0.000 0.001 0.004 0.001 0.996 0.412 0.004 0.981 0.002 0.000 0.000 0.000 0.001 0.000 0.000 0.001 0.000 0.001 0.000 0.000 0.001 0.001 0.001 0.000 0.001 0.000 0.004 0.001 0.002 0.001 0.000 0.001 0.000 0.001 0.625 0.041 0.025 0.001 0.064 0.000 0.265 0.019 0.027 0.001 0.001 0.001 0.008 0.816 0.003 0.009 0.027 0.000 0.000 0.001 0.002 0.029 0.003 
28 saw_vis 30 0.828 0.076 0.001 0.004 0.525 0.186 0.258 0.002 0.014 0.001 0.079 0.044 0.049 0.009 0.000 0.038 0.000 0.038 0.000 0.004 0.027 0.000 0.003 0.001 0.029 0.000 0.139 0.002 0.821 0.026 0.029 0.113 0.001 0.023 0.008 0.001 0.152 0.001 0.106 0.008 0.005 0.001 0.001 0.005 0.001 0.002 0.003 0.010 0.002 0.002 0.007 0.002 0.001 0.000 0.001 0.000 0.017 0.001 
29 drill_vis 30 0.538 0.001 0.001 0.002 0.030 0.955 0.933 0.002 0.015 0.001 0.002 0.002 0.001 0.004 0.000 0.004 0.000 0.004 0.000 0.002 0.009 0.000 0.001 0.001 0.000 0.000 0.013 0.001 0.624 0.001 0.005 0.002 0.001 0.001 0.003 0.003 0.966 0.000 0.011 0.004 0.000 0.001 0.003 0.002 0.001 0.001 0.001 0.072 0.002 0.001 0.081 0.001 0.001 0.000 0.002 0.000 0.043 0.000 
30 clamp_vis 30 0.002 0.000 0.001 0.002 0.002 0.997 0.009 0.986 0.002 0.001 0.001 0.001 0.000 0.001 0.000 0.000 0.000 0.000 0.000 0.000 0.005 0.000 0.001 0.001 0.000 0.000 0.000 0.003 0.042 0.003 0.003 0.000 0.000 0.001 0.000 0.003 0.018 0.001 0.002 0.001 0.208 0.010 0.502 0.069 0.014 0.021 0.001 0.001 0.003 0.000 0.001 0.002 0.001 0.000 0.063 0.001 0.000 0.001 
31 hoe_vis 30 0.002 0.008 0.001 0.001 0.001 0.996 0.001 0.204 0.014 0.916 0.000 0.000 0.001 0.035 0.005 0.001 0.001 0.000 0.001 0.000 0.000 0.002 0.001 0.001 0.000 0.000 0.000 0.001 0.000 0.002 0.000 0.000 0.001 0.000 0.000 0.001 0.001 0.001 0.003 0.001 0.001 0.783 0.005 0.003 0.001 0.030 0.003 0.001 0.032 0.006 0.002 0.002 0.021 0.030 0.014 0.921 0.492 0.002 
32 rake_vis 30 0.002 0.000 0.001 0.002 0.003 0.997 0.001 0.977 0.003 0.006 0.000 0.000 0.003 0.001 0.000 0.000 0.000 0.000 0.000 0.000 0.001 0.000 0.001 0.000 0.000 0.000 0.000 0.005 0.005 0.001 0.069 0.002 0.001 0.006 0.000 0.020 0.004 0.000 0.023 0.001 0.004 0.103 0.981 0.007 0.014 0.076 0.001 0.001 0.002 0.001 0.001 0.002 0.001 0.000 0.028 0.001 0.003 0.009 
33 shovel_vis 30 0.002 0.000 0.001 0.002 0.001 0.997 0.001 0.863 0.005 0.532 0.000 0.000 0.001 0.016 0.000 0.000 0.000 0.000 0.000 0.000 0.000 0.000 0.001 0.001 0.000 0.000 0.000 0.001 0.002 0.001 0.001 0.000 0.001 0.001 0.000 0.002 0.001 0.001 0.003 0.010 0.001 0.982 0.060 0.023 0.004 0.007 0.001 0.001 0.054 0.001 0.001 0.002 0.008 0.004 0.007 0.216 0.341 0.001 
34 spade_vis 30 0.002 0.001 0.001 0.002 0.003 0.996 0.001 0.715 0.006 0.002 0.000 0.000 0.052 0.001 0.000 0.000 0.000 0.000 0.001 0.000 0.001 0.000 0.001 0.001 0.001 0.000 0.000 0.002 0.006 0.001 0.047 0.004 0.001 0.058 0.000 0.002 0.001 0.000 0.007 0.001 0.001 0.031 0.608 0.003 0.136 0.099 0.002 0.004 0.001 0.001 0.015 0.002 0.007 0.000 0.006 0.002 0.008 0.002 
35 wrench_vis 30 0.002 0.003 0.003 0.001 0.001 0.997 0.001 0.054 0.013 0.893 0.000 0.000 0.001 0.002 0.006 0.000 0.001 0.000 0.001 0.000 0.000 0.011 0.001 0.000 0.000 0.000 0.000 0.001 0.000 0.001 0.000 0.000 0.001 0.000 0.000 0.001 0.001 0.000 0.001 0.001 0.001 0.004 0.028 0.003 0.001 0.146 0.002 0.001 0.003 0.145 0.001 0.003 0.005 0.001 0.048 0.945 0.022 0.057 
36 accordion_vis 30 0.529 0.177 0.068 0.001 0.001 0.766 0.001 0.001 0.973 0.002 0.000 0.496 0.122 0.001 0.607 0.001 0.014 0.002 0.419 0.008 0.000 0.010 0.002 0.001 0.000 0.000 0.000 0.003 0.000 0.002 0.000 0.027 0.034 0.000 0.000 0.001 0.001 0.000 0.000 0.001 0.000 0.001 0.000 0.001 0.001 0.019 0.104 0.009 0.005 0.672 0.331 0.002 0.001 0.005 0.001 0.001 0.025 0.001 
37 cello_vis 30 0.003 0.002 0.021 0.001 0.001 0.996 0.001 0.001 0.985 0.005 0.000 0.045 0.002 0.001 0.367 0.001 0.005 0.000 0.257 0.001 0.000 0.004 0.002 0.001 0.000 0.000 0.000 0.001 0.000 0.002 0.000 0.001 0.024 0.000 0.000 0.002 0.001 0.001 0.000 0.001 0.000 0.001 0.001 0.001 0.001 0.003 0.018 0.006 0.003 0.908 0.037 0.002 0.001 0.011 0.003 0.001 0.022 0.002 
38 flute_vis 30 0.002 0.001 0.003 0.001 0.001 0.996 0.003 0.001 0.949 0.005 0.000 0.001 0.000 0.001 0.004 0.001 0.001 0.000 0.005 0.000 0.000 0.001 0.001 0.001 0.000 0.000 0.000 0.001 0.000 0.006 0.000 0.000 0.001 0.000 0.000 0.052 0.003 0.013 0.003 0.001 0.000 0.001 0.010 0.005 0.000 0.001 0.006 0.001 0.113 0.904 0.005 0.003 0.000 0.032 0.002 0.006 0.006 0.076 
39 guitar_vis 30 0.003 0.001 0.008 0.001 0.001 0.996 0.001 0.001 0.927 0.015 0.000 0.001 0.000 0.001 0.029 0.001 0.003 0.000 0.018 0.000 0.000 0.001 0.001 0.001 0.000 0.000 0.000 0.000 0.000 0.004 0.000 0.000 0.002 0.000 0.000 0.009 0.001 0.001 0.001 0.000 0.000 0.000 0.002 0.000 0.000 0.002 0.008 0.001 0.010 0.978 0.014 0.001 0.001 0.033 0.004 0.010 0.013 0.057 
40 piano_vis 30 0.002 0.000 0.011 0.002 0.001 0.996 0.001 0.001 0.995 0.003 0.000 0.003 0.000 0.000 0.002 0.001 0.113 0.000 0.021 0.003 0.000 0.001 0.007 0.001 0.000 0.001 0.000 0.003 0.000 0.003 0.000 0.000 0.069 0.000 0.000 0.003 0.002 0.000 0.000 0.009 0.000 0.006 0.001 0.001 0.001 0.001 0.921 0.015 0.006 0.013 0.282 0.001 0.003 0.054 0.001 0.000 0.021 0.000 
41 trumpet_vis 30 0.002 0.026 0.006 0.001 0.001 0.996 0.001 0.002 0.992 0.390 0.004 0.010 0.412 0.000 0.122 0.000 0.001 0.001 0.002 0.000 0.001 0.201 0.003 0.000 0.001 0.000 0.000 0.003 0.001 0.008 0.011 0.000 0.002 0.001 0.000 0.002 0.001 0.002 0.000 0.001 0.000 0.001 0.002 0.001 0.001 0.873 0.015 0.036 0.002 0.561 0.002 0.922 0.011 0.007 0.001 0.001 0.368 0.940 
42 fork_vis 30 0.003 0.011 0.003 0.001 0.001 0.994 0.001 0.001 0.989 0.223 0.000 0.002 0.002 0.001 0.461 0.003 0.065 0.000 0.002 0.000 0.000 0.001 0.002 0.001 0.000 0.000 0.000 0.000 0.000 0.008 0.000 0.001 0.025 0.000 0.000 0.001 0.000 0.000 0.000 0.001 0.000 0.002 0.000 0.000 0.000 0.001 0.776 0.001 0.001 0.084 0.097 0.001 0.036 0.263 0.001 0.002 0.804 0.001 
43 spoon_vis 30 0.003 0.026 0.004 0.001 0.001 0.995 0.001 0.001 0.995 0.421 0.000 0.003 0.004 0.001 0.789 0.008 0.071 0.000 0.004 0.000 0.000 0.001 0.004 0.001 0.000 0.000 0.000 0.000 0.000 0.014 0.000 0.001 0.086 0.000 0.000 0.001 0.000 0.000 0.000 0.001 0.000 0.002 0.000 0.000 0.000 0.003 0.931 0.001 0.001 0.196 0.148 0.001 0.053 0.516 0.001 0.001 0.857 0.001 
44 tongs_vis 30 0.003 0.008 0.002 0.001 0.001 0.996 0.001 0.040 0.005 0.877 0.002 0.001 0.016 0.001 0.001 0.000 0.001 0.000 0.001 0.000 0.005 0.007 0.001 0.000 0.000 0.000 0.000 0.001 0.001 0.001 0.008 0.000 0.001 0.002 0.000 0.003 0.001 0.001 0.000 0.001 0.002 0.002 0.029 0.001 0.006 0.073 0.001 0.002 0.001 0.002 0.001 0.002 0.048 0.001 0.133 0.010 0.001 0.268 
45 ladle_vis 30 0.002 0.074 0.003 0.001 0.001 0.996 0.001 0.003 0.947 0.100 0.000 0.007 0.004 0.001 0.917 0.004 0.003 0.000 0.022 0.000 0.000 0.000 0.001 0.001 0.000 0.000 0.000 0.000 0.000 0.026 0.000 0.000 0.035 0.000 0.000 0.001 0.000 0.000 0.001 0.000 0.000 0.001 0.001 0.000 0.001 0.047 0.010 0.001 0.002 0.949 0.010 0.001 0.003 0.315 0.002 0.043 0.105 0.053 
46 knife_vis 30 0.003 0.014 0.003 0.001 0.001 0.996 0.001 0.001 0.815 0.026 0.000 0.001 0.001 0.002 0.203 0.001 0.002 0.000 0.003 0.000 0.000 0.000 0.001 0.001 0.000 0.000 0.000 0.000 0.000 0.008 0.000 0.000 0.003 0.000 0.000 0.001 0.001 0.000 0.002 0.000 0.000 0.000 0.001 0.000 0.000 0.002 0.006 0.001 0.002 0.965 0.018 0.001 0.001 0.034 0.002 0.002 0.063 0.068 
47 chopsticks_vis 30 0.003 0.011 0.003 0.001 0.001 0.996 0.001 0.001 0.413 0.077 0.000 0.000 0.001 0.004 0.043 0.001 0.001 0.000 0.001 0.000 0.000 0.001 0.001 0.000 0.000 0.000 0.000 0.000 0.000 0.002 0.000 0.000 0.001 0.000 0.000 0.001 0.001 0.000 0.011 0.001 0.000 0.000 0.000 0.000 0.000 0.001 0.001 0.001 0.002 0.931 0.016 0.001 0.001 0.008 0.002 0.008 0.519 0.063 
