0 beaver_vis 30 0.996 0.953 0.004 0.006 0.001 0.001 0.001 0.014 0.001 0.001 0.732 0.003 0.010 0.024 0.010 0.002 0.001 0.011 0.002 0.001 0.000 0.001 0.000 0.001 0.001 0.001 0.058 0.000 0.001 0.368 0.001 0.000 0.001 0.000 0.001 0.000 0.007 0.000 0.001 0.001 0.001 0.002 0.000 0.010 0.001 0.000 0.001 0.000 0.001 0.001 0.000 0.001 0.000 0.002 0.000 0.001 0.001 0.000 
1 bear_vis 30 0.996 0.983 0.037 0.001 0.021 0.001 0.001 0.001 0.003 0.001 0.001 0.195 0.003 0.127 0.024 0.664 0.000 0.002 0.002 0.054 0.001 0.001 0.000 0.001 0.001 0.003 0.001 0.000 0.001 0.045 0.001 0.051 0.001 0.011 0.001 0.000 0.002 0.001 0.001 0.001 0.001 0.001 0.001 0.001 0.002 0.001 0.016 0.000 0.003 0.001 0.034 0.049 0.000 0.001 0.001 0.001 0.001 0.000 
2 sheep_vis 30 0.996 0.340 0.019 0.147 0.001 0.001 0.002 0.001 0.001 0.001 0.011 0.004 0.146 0.013 0.005 0.000 0.009 0.001 0.011 0.001 0.001 0.007 0.001 0.003 0.018 0.001 0.011 0.001 0.001 0.007 0.001 0.000 0.001 0.000 0.002 0.000 0.003 0.001 0.001 0.001 0.001 0.001 0.000 0.035 0.001 0.000 0.002 0.000 0.001 0.001 0.000 0.000 0.000 0.004 0.001 0.001 0.001 0.000 
3 buffalo_vis 30 0.996 0.965 0.018 0.002 0.058 0.001 0.001 0.015 0.001 0.001 0.109 0.004 0.004 0.825 0.002 0.410 0.000 0.078 0.001 0.001 0.001 0.005 0.000 0.001 0.001 0.001 0.002 0.000 0.198 0.499 0.003 0.002 0.001 0.000 0.001 0.000 0.003 0.001 0.001 0.001 0.001 0.002 0.001 0.001 0.002 0.001 0.004 0.000 0.001 0.001 0.000 0.001 0.001 0.001 0.001 0.012 0.001 0.000 
4 poodle_vis 30 0.996 0.945 0.005 0.007 0.001 0.005 0.001 0.001 0.005 0.001 0.007 0.011 0.005 0.002 0.343 0.043 0.000 0.001 0.005 0.001 0.000 0.000 0.000 0.004 0.001 0.009 0.002 0.000 0.000 0.018 0.000 0.001 0.001 0.001 0.001 0.000 0.001 0.000 0.001 0.002 0.001 0.001 0.000 0.010 0.001 0.001 0.001 0.000 0.002 0.001 0.001 0.039 0.000 0.001 0.001 0.001 0.001 0.000 
5 giraffe_vis 30 0.996 0.980 0.028 0.001 0.008 0.001 0.001 0.001 0.001 0.001 0.002 0.015 0.002 0.048 0.066 0.960 0.000 0.002 0.001 0.054 0.001 0.001 0.000 0.001 0.001 0.001 0.001 0.000 0.003 0.062 0.001 0.048 0.001 0.012 0.001 0.000 0.001 0.001 0.001 0.002 0.001 0.001 0.001 0.000 0.001 0.001 0.003 0.001 0.001 0.001 0.032 0.062 0.001 0.001 0.001 0.001 0.001 0.000 
6 robin_vis 30 0.995 0.004 0.808 0.021 0.001 0.038 0.009 0.001 0.001 0.001 0.002 0.001 0.005 0.001 0.001 0.000 0.985 0.002 0.014 0.001 0.021 0.008 0.004 0.000 0.144 0.001 0.016 0.000 0.000 0.001 0.000 0.001 0.002 0.000 0.002 0.000 0.001 0.006 0.001 0.001 0.001 0.001 0.000 0.005 0.001 0.001 0.001 0.000 0.001 0.001 0.000 0.000 0.001 0.003 0.001 0.002 0.009 0.010 
7 swan_vis 30 0.995 0.004 0.928 0.001 0.029 0.001 0.001 0.004 0.001 0.001 0.002 0.001 0.001 0.005 0.000 0.001 0.046 0.285 0.002 0.010 0.488 0.005 0.001 0.000 0.001 0.000 0.051 0.000 0.033 0.041 0.001 0.007 0.002 0.000 0.001 0.000 0.000 0.001 0.001 0.001 0.001 0.002 0.000 0.001 0.001 0.003 0.001 0.001 0.001 0.001 0.000 0.000 0.002 0.002 0.001 0.055 0.001 0.000 
8 woodpecker_vis 30 0.995 0.005 0.833 0.014 0.001 0.640 0.001 0.001 0.056 0.001 0.001 0.004 0.007 0.000 0.004 0.000 0.443 0.001 0.312 0.009 0.004 0.003 0.012 0.001 0.076 0.008 0.001 0.000 0.000 0.000 0.000 0.001 0.003 0.000 0.005 0.000 0.001 0.001 0.001 0.001 0.001 0.001 0.000 0.000 0.001 0.001 0.001 0.000 0.002 0.001 0.002 0.001 0.001 0.003 0.001 0.001 0.012 0.007 
9 peacock_vis 30 0.995 0.002 0.993 0.111 0.441 0.006 0.001 0.001 0.001 0.002 0.000 0.021 0.001 0.001 0.001 0.003 0.007 0.024 0.065 0.986 0.744 0.005 0.016 0.010 0.002 0.144 0.009 0.000 0.000 0.005 0.000 0.862 0.103 0.656 0.002 0.000 0.001 0.022 0.002 0.001 0.002 0.001 0.000 0.069 0.001 0.078 0.001 0.131 0.004 0.001 0.008 0.173 0.004 0.002 0.001 0.003 0.107 0.011 
10 crow_vis 30 0.994 0.002 0.992 0.037 0.802 0.001 0.001 0.580 0.001 0.001 0.002 0.001 0.001 0.041 0.000 0.010 0.761 0.809 0.002 0.358 0.983 0.006 0.006 0.002 0.019 0.001 0.824 0.000 0.429 0.551 0.004 0.463 0.056 0.001 0.006 0.001 0.001 0.071 0.001 0.001 0.005 0.317 0.005 0.238 0.001 0.889 0.001 0.041 0.001 0.003 0.001 0.001 0.006 0.001 0.001 0.851 0.008 0.008 
11 eagle_vis 30 0.995 0.029 0.990 0.001 0.001 0.001 0.001 0.001 0.001 0.004 0.001 0.005 0.024 0.054 0.001 0.000 0.047 0.070 0.015 0.036 0.034 0.969 0.002 0.000 0.002 0.000 0.001 0.000 0.001 0.000 0.000 0.001 0.043 0.000 0.001 0.000 0.001 0.001 0.001 0.001 0.000 0.001 0.000 0.000 0.001 0.001 0.001 0.000 0.001 0.001 0.001 0.000 0.015 0.004 0.001 0.001 0.001 0.000 
12 tuna_vis 30 0.993 0.001 0.019 0.873 0.004 0.038 0.006 0.001 0.002 0.001 0.001 0.000 0.001 0.000 0.002 0.000 0.020 0.001 0.009 0.002 0.014 0.000 0.519 0.021 0.002 0.008 0.003 0.017 0.000 0.005 0.005 0.000 0.029 0.007 0.006 0.000 0.001 0.001 0.010 0.001 0.001 0.001 0.001 0.002 0.001 0.001 0.001 0.000 0.001 0.001 0.001 0.001 0.003 0.001 0.001 0.001 0.003 0.024 
13 goldfish_vis 30 0.994 0.002 0.001 0.959 0.483 0.019 0.003 0.060 0.002 0.001 0.008 0.000 0.001 0.001 0.006 0.001 0.000 0.001 0.001 0.001 0.001 0.000 0.006 0.823 0.002 0.005 0.264 0.032 0.001 0.876 0.036 0.000 0.001 0.003 0.007 0.017 0.001 0.002 0.001 0.001 0.082 0.169 0.008 0.304 0.001 0.001 0.001 0.000 0.001 0.003 0.000 0.004 0.001 0.001 0.001 0.002 0.001 0.001 
14 salmon_vis 30 0.995 0.031 0.023 0.976 0.001 0.001 0.012 0.001 0.001 0.001 0.001 0.001 0.069 0.001 0.001 0.000 0.061 0.001 0.003 0.001 0.010 0.003 0.002 0.001 0.953 0.071 0.056 0.125 0.039 0.001 0.001 0.001 0.001 0.000 0.012 0.003 0.000 0.001 0.004 0.001 0.001 0.001 0.001 0.001 0.001 0.001 0.001 0.000 0.001 0.001 0.000 0.000 0.000 0.001 0.001 0.001 0.001 0.001 
15 sardine_vis 30 0.995 0.004 0.002 0.917 0.418 0.039 0.001 0.021 0.008 0.001 0.002 0.001 0.001 0.000 0.009 0.001 0.001 0.001 0.002 0.001 0.001 0.000 0.001 0.607 0.002 0.035 0.108 0.006 0.001 0.858 0.003 0.003 0.001 0.002 0.002 0.004 0.001 0.004 0.001 0.001 0.014 0.053 0.001 0.324 0.001 0.001 0.001 0.000 0.001 0.003 0.001 0.004 0.000 0.001 0.001 0.002 0.001 0.000 
16 catfish_vis 30 0.996 0.040 0.004 0.984 0.022 0.001 0.001 0.069 0.001 0.001 0.107 0.000 0.001 0.001 0.002 0.004 0.004 0.001 0.001 0.001 0.005 0.000 0.001 0.027 0.039 0.011 0.984 0.001 0.432 0.095 0.003 0.005 0.001 0.000 0.004 0.037 0.000 0.001 0.001 0.001 0.053 0.852 0.005 0.012 0.001 0.001 0.001 0.001 0.001 0.001 0.000 0.001 0.000 0.001 0.001 0.001 0.001 0.001 
17 cod_vis 30 0.993 0.002 0.001 0.957 0.041 0.007 0.079 0.001 0.006 0.001 0.001 0.001 0.003 0.001 0.003 0.000 0.001 0.000 0.002 0.001 0.001 0.000 0.022 0.266 0.018 0.005 0.008 0.462 0.001 0.273 0.022 0.000 0.003 0.001 0.024 0.014 0.001 0.006 0.002 0.001 0.001 0.001 0.001 0.050 0.001 0.001 0.001 0.000 0.002 0.002 0.001 0.001 0.001 0.001 0.001 0.001 0.001 0.001 
18 turtle_vis 30 0.995 0.016 0.009 0.005 0.980 0.001 0.001 0.032 0.001 0.001 0.001 0.000 0.000 0.020 0.000 0.031 0.000 0.004 0.001 0.001 0.017 0.000 0.000 0.001 0.004 0.000 0.084 0.001 0.966 0.616 0.008 0.354 0.001 0.001 0.002 0.001 0.000 0.005 0.001 0.001 0.001 0.085 0.006 0.002 0.001 0.026 0.001 0.003 0.001 0.001 0.000 0.001 0.001 0.001 0.001 0.044 0.001 0.000 
19 rattlesnake_vis 30 0.993 0.004 0.002 0.005 0.992 0.002 0.001 0.107 0.001 0.001 0.002 0.000 0.000 0.014 0.000 0.053 0.000 0.007 0.001 0.001 0.009 0.000 0.001 0.008 0.001 0.000 0.045 0.011 0.746 0.978 0.073 0.081 0.005 0.004 0.002 0.002 0.001 0.006 0.001 0.001 0.002 0.185 0.009 0.009 0.001 0.448 0.001 0.018 0.001 0.002 0.001 0.002 0.001 0.001 0.002 0.155 0.001 0.000 
20 crab_vis 30 0.994 0.006 0.002 0.235 0.992 0.002 0.005 0.479 0.001 0.001 0.002 0.002 0.000 0.146 0.000 0.001 0.000 0.011 0.001 0.002 0.039 0.000 0.005 0.738 0.001 0.001 0.003 0.013 0.046 0.469 0.876 0.001 0.177 0.060 0.022 0.015 0.017 0.158 0.001 0.001 0.017 0.001 0.011 0.530 0.166 0.054 0.001 0.001 0.002 0.001 0.001 0.006 0.002 0.001 0.002 0.001 0.003 0.001 
21 frog_vis 30 0.995 0.007 0.006 0.013 0.991 0.001 0.001 0.013 0.001 0.001 0.001 0.001 0.000 0.001 0.000 0.032 0.000 0.001 0.001 0.004 0.002 0.000 0.000 0.004 0.001 0.002 0.004 0.000 0.137 0.642 0.004 0.379 0.008 0.008 0.001 0.001 0.000 0.036 0.001 0.001 0.003 0.010 0.001 0.003 0.001 0.016 0.001 0.066 0.001 0.001 0.001 0.002 0.001 0.001 0.001 0.003 0.001 0.000 
22 gecko_vis 30 0.991 0.002 0.004 0.017 0.989 0.002 0.004 0.001 0.001 0.003 0.000 0.002 0.001 0.042 0.000 0.001 0.000 0.001 0.001 0.002 0.020 0.007 0.009 0.014 0.005 0.001 0.001 0.065 0.014 0.086 0.386 0.001 0.761 0.027 0.015 0.001 0.008 0.045 0.002 0.001 0.001 0.001 0.001 0.002 0.004 0.007 0.001 0.001 0.001 0.001 0.002 0.001 0.003 0.001 0.004 0.002 0.002 0.001 
23 crocodile_vis 30 0.994 0.002 0.002 0.014 0.992 0.004 0.001 0.001 0.001 0.001 0.000 0.001 0.000 0.001 0.001 0.009 0.000 0.001 0.001 0.011 0.003 0.000 0.002 0.173 0.001 0.001 0.001 0.005 0.002 0.563 0.073 0.008 0.061 0.647 0.002 0.001 0.001 0.045 0.001 0.001 0.002 0.001 0.003 0.010 0.001 0.013 0.001 0.005 0.002 0.001 0.018 0.019 0.003 0.001 0.001 0.001 0.001 0.001 
24 axe_vis 30 0.002 0.001 0.001 0.005 0.001 0.996 0.221 0.004 0.922 0.001 0.001 0.000 0.004 0.001 0.001 0.000 0.014 0.000 0.002 0.000 0.000 0.000 0.001 0.002 0.081 0.001 0.002 0.005 0.000 0.002 0.000 0.000 0.001 0.000 0.587 0.002 0.006 0.071 0.002 0.001 0.001 0.001 0.001 0.066 0.001 0.009 0.001 0.000 0.332 0.643 0.001 0.001 0.000 0.001 0.002 0.001 0.022 0.009 
25 hammer_vis 30 0.008 0.001 0.001 0.033 0.001 0.992 0.479 0.019 0.014 0.016 0.001 0.000 0.001 0.000 0.001 0.000 0.001 0.000 0.001 0.000 0.000 0.000 0.001 0.005 0.012 0.000 0.004 0.001 0.000 0.002 0.000 0.000 0.001 0.000 0.013 0.655 0.007 0.073 0.015 0.006 0.016 0.005 0.002 0.270 0.001 0.001 0.001 0.001 0.005 0.014 0.003 0.001 0.015 0.001 0.064 0.002 0.004 0.019 
26 screwdriver_vis 30 0.033 0.056 0.001 0.001 0.001 0.995 0.937 0.002 0.033 0.001 0.004 0.000 0.077 0.002 0.004 0.000 0.002 0.000 0.003 0.000 0.000 0.000 0.000 0.001 0.001 0.000 0.001 0.000 0.000 0.050 0.000 0.000 0.001 0.000 0.023 0.019 0.967 0.038 0.001 0.015 0.001 0.001 0.000 0.117 0.001 0.001 0.002 0.000 0.153 0.004 0.003 0.001 0.001 0.001 0.001 0.003 0.020 0.001 
27 chisel_vis 30 0.001 0.001 0.001 0.009 0.001 0.996 0.140 0.006 0.985 0.002 0.001 0.000 0.002 0.000 0.001 0.000 0.003 0.000 0.002 0.000 0.000 0.000 0.001 0.003 0.064 0.003 0.001 0.005 0.000 0.002 0.000 0.002 0.001 0.000 0.466 0.001 0.003 0.148 0.001 0.001 0.001 0.001 0.001 0.042 0.001 0.074 0.011 0.001 0.639 0.931 0.000 0.005 0.000 0.001 0.004 0.005 0.018 0.011 
28 saw_vis 30 0.010 0.001 0.001 0.053 0.001 0.976 0.718 0.004 0.239 0.005 0.001 0.000 0.003 0.000 0.001 0.000 0.002 0.000 0.003 0.000 0.000 0.000 0.007 0.002 0.050 0.003 0.003 0.006 0.000 0.001 0.001 0.000 0.001 0.000 0.091 0.222 0.004 0.014 0.093 0.010 0.008 0.002 0.001 0.005 0.001 0.001 0.001 0.000 0.003 0.041 0.003 0.001 0.005 0.002 0.006 0.001 0.006 0.024 
29 drill_vis 30 0.023 0.006 0.001 0.002 0.001 0.995 0.990 0.003 0.008 0.006 0.001 0.000 0.004 0.001 0.001 0.001 0.004 0.000 0.002 0.001 0.000 0.000 0.001 0.001 0.004 0.000 0.001 0.001 0.000 0.090 0.000 0.000 0.001 0.000 0.068 0.323 0.650 0.634 0.004 0.086 0.005 0.001 0.001 0.397 0.001 0.001 0.001 0.000 0.060 0.032 0.008 0.001 0.010 0.001 0.005 0.009 0.015 0.001 
30 clamp_vis 30 0.004 0.001 0.001 0.004 0.001 0.995 0.001 0.992 0.024 0.008 0.012 0.000 0.000 0.001 0.001 0.001 0.000 0.001 0.001 0.000 0.001 0.000 0.001 0.144 0.001 0.000 0.234 0.000 0.002 0.004 0.004 0.000 0.001 0.000 0.001 0.007 0.000 0.002 0.001 0.001 0.460 0.078 0.897 0.592 0.008 0.003 0.001 0.001 0.004 0.002 0.000 0.111 0.001 0.002 0.010 0.001 0.001 0.047 
31 hoe_vis 30 0.002 0.001 0.001 0.001 0.022 0.993 0.001 0.987 0.011 0.001 0.004 0.000 0.000 0.001 0.000 0.000 0.000 0.009 0.001 0.001 0.000 0.000 0.000 0.001 0.000 0.000 0.003 0.000 0.013 0.011 0.002 0.001 0.001 0.000 0.000 0.001 0.000 0.002 0.001 0.001 0.003 0.784 0.003 0.007 0.013 0.139 0.002 0.005 0.001 0.071 0.000 0.021 0.000 0.001 0.001 0.029 0.001 0.001 
32 rake_vis 30 0.006 0.001 0.001 0.001 0.001 0.989 0.001 0.991 0.006 0.045 0.003 0.000 0.000 0.007 0.000 0.012 0.000 0.001 0.001 0.001 0.004 0.000 0.000 0.021 0.001 0.000 0.037 0.000 0.054 0.010 0.025 0.000 0.001 0.001 0.001 0.002 0.000 0.002 0.001 0.001 0.078 0.032 0.987 0.341 0.017 0.143 0.001 0.011 0.007 0.002 0.000 0.098 0.001 0.002 0.070 0.002 0.001 0.021 
33 shovel_vis 30 0.003 0.001 0.001 0.001 0.001 0.996 0.001 0.981 0.009 0.001 0.002 0.000 0.000 0.001 0.000 0.000 0.000 0.001 0.001 0.000 0.000 0.000 0.000 0.042 0.001 0.000 0.021 0.000 0.000 0.012 0.001 0.000 0.001 0.000 0.001 0.001 0.001 0.033 0.001 0.001 0.012 0.003 0.034 0.977 0.001 0.069 0.001 0.001 0.037 0.010 0.000 0.038 0.000 0.001 0.001 0.002 0.003 0.003 
34 spade_vis 30 0.007 0.052 0.001 0.001 0.001 0.993 0.001 0.983 0.131 0.005 0.502 0.001 0.001 0.042 0.004 0.001 0.000 0.023 0.001 0.001 0.000 0.000 0.000 0.002 0.000 0.000 0.001 0.000 0.001 0.043 0.003 0.000 0.001 0.000 0.001 0.001 0.004 0.001 0.001 0.002 0.007 0.005 0.016 0.161 0.259 0.008 0.011 0.001 0.012 0.002 0.000 0.232 0.001 0.061 0.002 0.003 0.001 0.001 
35 wrench_vis 30 0.003 0.001 0.001 0.001 0.050 0.996 0.001 0.991 0.417 0.001 0.002 0.001 0.000 0.005 0.000 0.001 0.000 0.005 0.001 0.001 0.001 0.000 0.000 0.003 0.001 0.000 0.003 0.000 0.026 0.123 0.005 0.010 0.001 0.000 0.001 0.001 0.001 0.015 0.001 0.001 0.003 0.096 0.027 0.112 0.002 0.989 0.029 0.012 0.007 0.264 0.000 0.284 0.000 0.001 0.001 0.101 0.002 0.001 
36 accordion_vis 30 0.003 0.073 0.001 0.001 0.001 0.995 0.001 0.001 0.994 0.004 0.001 0.383 0.106 0.001 0.031 0.001 0.000 0.000 0.116 0.005 0.000 0.000 0.001 0.001 0.001 0.000 0.000 0.001 0.000 0.005 0.000 0.003 0.003 0.001 0.003 0.001 0.022 0.002 0.001 0.001 0.001 0.001 0.001 0.001 0.001 0.108 0.991 0.013 0.755 0.798 0.040 0.265 0.001 0.038 0.002 0.064 0.005 0.001 
37 cello_vis 30 0.002 0.001 0.001 0.001 0.006 0.995 0.001 0.001 0.995 0.008 0.000 0.000 0.000 0.000 0.000 0.003 0.000 0.000 0.001 0.013 0.000 0.000 0.000 0.001 0.001 0.002 0.000 0.002 0.000 0.001 0.000 0.090 0.003 0.006 0.001 0.001 0.001 0.002 0.001 0.001 0.001 0.056 0.001 0.001 0.001 0.015 0.048 0.955 0.010 0.109 0.010 0.017 0.001 0.001 0.011 0.028 0.001 0.001 
38 flute_vis 30 0.004 0.008 0.001 0.001 0.001 0.996 0.002 0.001 0.995 0.004 0.000 0.001 0.012 0.000 0.118 0.001 0.000 0.000 0.009 0.001 0.000 0.000 0.000 0.001 0.001 0.000 0.000 0.001 0.000 0.002 0.000 0.001 0.001 0.001 0.003 0.001 0.037 0.012 0.001 0.002 0.001 0.001 0.001 0.010 0.001 0.015 0.038 0.001 0.985 0.014 0.039 0.117 0.000 0.001 0.004 0.002 0.021 0.001 
39 guitar_vis 30 0.001 0.001 0.001 0.004 0.001 0.996 0.014 0.006 0.993 0.003 0.001 0.001 0.001 0.000 0.000 0.000 0.001 0.000 0.003 0.001 0.000 0.000 0.001 0.001 0.030 0.002 0.001 0.001 0.000 0.002 0.000 0.004 0.001 0.000 0.036 0.001 0.001 0.094 0.001 0.001 0.001 0.044 0.001 0.003 0.001 0.097 0.111 0.004 0.074 0.992 0.000 0.003 0.000 0.002 0.002 0.066 0.006 0.003 
40 piano_vis 30 0.010 0.014 0.001 0.001 0.001 0.995 0.001 0.001 0.994 0.003 0.000 0.001 0.011 0.000 0.037 0.011 0.000 0.000 0.011 0.002 0.000 0.000 0.000 0.001 0.000 0.000 0.000 0.000 0.000 0.004 0.000 0.001 0.001 0.002 0.001 0.001 0.046 0.002 0.001 0.002 0.001 0.001 0.001 0.001 0.001 0.005 0.108 0.009 0.695 0.005 0.173 0.096 0.001 0.001 0.003 0.002 0.003 0.000 
41 trumpet_vis 30 0.011 0.016 0.001 0.001 0.001 0.996 0.001 0.058 0.994 0.001 0.007 0.000 0.000 0.000 0.324 0.029 0.000 0.000 0.001 0.002 0.000 0.000 0.000 0.013 0.000 0.000 0.001 0.000 0.000 0.186 0.000 0.001 0.001 0.001 0.000 0.001 0.001 0.001 0.001 0.004 0.006 0.008 0.004 0.082 0.003 0.008 0.011 0.011 0.159 0.009 0.003 0.988 0.000 0.001 0.001 0.003 0.001 0.000 
42 fork_vis 30 0.002 0.001 0.015 0.001 0.001 0.995 0.019 0.044 0.002 0.994 0.000 0.000 0.000 0.001 0.000 0.000 0.170 0.001 0.002 0.002 0.177 0.001 0.107 0.001 0.008 0.000 0.001 0.000 0.000 0.002 0.000 0.000 0.087 0.000 0.091 0.001 0.001 0.742 0.010 0.002 0.002 0.001 0.003 0.003 0.001 0.698 0.001 0.014 0.224 0.015 0.001 0.001 0.048 0.005 0.430 0.522 0.735 0.970 
43 spoon_vis 30 0.001 0.001 0.021 0.001 0.001 0.996 0.001 0.006 0.033 0.990 0.001 0.000 0.001 0.001 0.000 0.000 0.001 0.035 0.006 0.004 0.000 0.018 0.002 0.000 0.001 0.000 0.000 0.000 0.000 0.001 0.000 0.000 0.276 0.000 0.002 0.000 0.042 0.001 0.001 0.001 0.001 0.004 0.000 0.001 0.018 0.027 0.761 0.001 0.002 0.023 0.001 0.001 0.009 0.474 0.001 0.947 0.081 0.005 
44 tongs_vis 30 0.003 0.001 0.001 0.001 0.001 0.964 0.004 0.016 0.162 0.983 0.000 0.000 0.001 0.007 0.000 0.031 0.000 0.000 0.001 0.001 0.005 0.001 0.001 0.001 0.023 0.000 0.001 0.079 0.052 0.001 0.002 0.001 0.002 0.001 0.005 0.024 0.001 0.009 0.001 0.001 0.002 0.011 0.790 0.002 0.002 0.037 0.002 0.270 0.027 0.009 0.001 0.001 0.005 0.008 0.986 0.068 0.002 0.109 
45 ladle_vis 30 0.001 0.001 0.004 0.001 0.001 0.996 0.001 0.028 0.006 0.725 0.001 0.000 0.000 0.000 0.000 0.000 0.003 0.002 0.001 0.001 0.001 0.001 0.001 0.000 0.001 0.000 0.001 0.000 0.000 0.002 0.000 0.000 0.011 0.000 0.001 0.000 0.001 0.003 0.001 0.001 0.001 0.041 0.000 0.001 0.001 0.135 0.005 0.024 0.002 0.030 0.000 0.001 0.002 0.007 0.002 0.955 0.009 0.038 
46 knife_vis 30 0.001 0.001 0.002 0.001 0.001 0.996 0.018 0.012 0.015 0.986 0.001 0.000 0.001 0.000 0.000 0.000 0.014 0.001 0.006 0.000 0.000 0.000 0.006 0.001 0.001 0.000 0.001 0.000 0.000 0.001 0.000 0.000 0.014 0.000 0.004 0.000 0.021 0.094 0.005 0.004 0.001 0.001 0.000 0.001 0.001 0.005 0.002 0.000 0.033 0.031 0.000 0.001 0.007 0.011 0.002 0.196 0.982 0.030 
47 chopsticks_vis 30 0.002 0.001 0.015 0.001 0.001 0.995 0.002 0.006 0.003 0.993 0.000 0.000 0.000 0.000 0.000 0.000 0.218 0.001 0.001 0.002 0.115 0.001 0.045 0.001 0.002 0.000 0.001 0.000 0.000 0.005 0.000 0.000 0.005 0.000 0.007 0.001 0.001 0.014 0.003 0.001 0.001 0.009 0.012 0.002 0.001 0.422 0.001 0.188 0.004 0.108 0.001 0.001 0.037 0.010 0.095 0.732 0.017 0.896 
0 beaver_vis 30 0.996 0.979 0.004 0.010 0.001 0.001 0.001 0.004 0.001 0.000 0.905 0.023 0.060 0.039 0.034 0.001 0.001 0.039 0.002 0.001 0.000 0.001 0.000 0.001 0.001 0.001 0.028 0.000 0.001 0.003 0.002 0.000 0.001 0.000 0.001 0.000 0.001 0.000 0.001 0.002 0.001 0.001 0.000 0.001 0.001 0.000 0.001 0.000 0.001 0.001 0.000 0.001 0.000 0.001 0.000 0.000 0.001 0.000 
1 bear_vis 30 0.996 0.936 0.010 0.056 0.006 0.009 0.001 0.001 0.088 0.001 0.008 0.642 0.013 0.004 0.177 0.006 0.000 0.001 0.010 0.005 0.001 0.001 0.000 0.007 0.001 0.089 0.002 0.000 0.000 0.003 0.001 0.011 0.001 0.004 0.002 0.000 0.002 0.001 0.001 0.001 0.001 0.001 0.001 0.006 0.001 0.001 0.007 0.000 0.008 0.001 0.008 0.048 0.000 0.001 0.001 0.000 0.001 0.000 
2 sheep_vis 30 0.995 0.026 0.865 0.068 0.001 0.001 0.002 0.001 0.001 0.001 0.004 0.002 0.032 0.002 0.004 0.000 0.953 0.001 0.018 0.001 0.028 0.013 0.006 0.001 0.212 0.001 0.007 0.000 0.000 0.001 0.000 0.001 0.001 0.000 0.002 0.000 0.001 0.001 0.001 0.001 0.001 0.001 0.000 0.001 0.001 0.000 0.001 0.000 0.001 0.001 0.000 0.000 0.000 0.003 0.001 0.001 0.004 0.001 
3 buffalo_vis 30 0.996 0.983 0.006 0.015 0.001 0.002 0.001 0.001 0.015 0.000 0.029 0.502 0.016 0.006 0.797 0.005 0.000 0.001 0.012 0.001 0.001 0.000 0.000 0.004 0.001 0.154 0.002 0.000 0.001 0.003 0.001 0.001 0.001 0.001 0.001 0.000 0.001 0.001 0.001 0.002 0.001 0.001 0.001 0.001 0.001 0.001 0.001 0.000 0.001 0.001 0.001 0.041 0.000 0.001 0.001 0.001 0.001 0.000 
4 poodle_vis 30 0.996 0.988 0.006 0.073 0.001 0.001 0.001 0.001 0.092 0.001 0.055 0.687 0.029 0.001 0.952 0.002 0.000 0.001 0.092 0.002 0.000 0.000 0.000 0.011 0.001 0.511 0.002 0.000 0.000 0.001 0.000 0.001 0.001 0.001 0.001 0.000 0.000 0.000 0.001 0.004 0.001 0.001 0.000 0.001 0.001 0.001 0.001 0.000 0.001 0.001 0.004 0.091 0.000 0.001 0.001 0.001 0.001 0.000 
5 giraffe_vis 30 0.996 0.832 0.034 0.001 0.386 0.001 0.001 0.001 0.002 0.001 0.001 0.039 0.002 0.058 0.012 0.659 0.000 0.001 0.001 0.051 0.001 0.001 0.000 0.001 0.001 0.002 0.001 0.000 0.020 0.055 0.001 0.246 0.001 0.036 0.001 0.001 0.002 0.001 0.001 0.002 0.001 0.001 0.001 0.002 0.002 0.004 0.016 0.001 0.005 0.001 0.063 0.048 0.001 0.001 0.001 0.001 0.001 0.000 
6 robin_vis 30 0.995 0.003 0.932 0.325 0.001 0.001 0.002 0.001 0.001 0.001 0.001 0.001 0.003 0.001 0.001 0.000 0.987 0.002 0.018 0.001 0.120 0.007 0.023 0.001 0.416 0.002 0.040 0.000 0.000 0.001 0.000 0.001 0.003 0.000 0.002 0.000 0.001 0.001 0.002 0.001 0.001 0.001 0.000 0.001 0.001 0.001 0.001 0.000 0.001 0.001 0.000 0.000 0.001 0.002 0.001 0.001 0.007 0.007 
7 swan_vis 30 0.995 0.011 0.964 0.001 0.001 0.001 0.001 0.001 0.001 0.001 0.008 0.004 0.001 0.029 0.000 0.000 0.007 0.921 0.002 0.025 0.092 0.066 0.001 0.000 0.001 0.000 0.003 0.000 0.002 0.001 0.002 0.001 0.002 0.000 0.001 0.000 0.000 0.001 0.001 0.001 0.001 0.001 0.001 0.000 0.001 0.001 0.001 0.000 0.001 0.001 0.000 0.001 0.003 0.001 0.001 0.001 0.001 0.000 
8 woodpecker_vis 30 0.995 0.004 0.976 0.426 0.001 0.006 0.001 0.001 0.016 0.001 0.001 0.003 0.006 0.000 0.009 0.000 0.109 0.001 0.864 0.075 0.007 0.007 0.221 0.001 0.028 0.311 0.002 0.001 0.000 0.000 0.000 0.002 0.004 0.002 0.006 0.000 0.001 0.001 0.003 0.001 0.001 0.001 0.000 0.001 0.001 0.001 0.001 0.000 0.001 0.001 0.011 0.001 0.001 0.003 0.001 0.001 0.003 0.004 
9 peacock_vis 30 0.994 0.002 0.992 0.057 0.372 0.009 0.001 0.001 0.001 0.002 0.001 0.234 0.001 0.001 0.001 0.001 0.021 0.014 0.348 0.985 0.556 0.010 0.024 0.001 0.005 0.310 0.001 0.000 0.000 0.001 0.000 0.833 0.656 0.623 0.002 0.000 0.001 0.049 0.036 0.001 0.001 0.001 0.000 0.001 0.001 0.008 0.001 0.006 0.010 0.001 0.020 0.011 0.002 0.001 0.001 0.001 0.627 0.011 
10 crow_vis 30 0.994 0.002 0.991 0.020 0.192 0.001 0.001 0.058 0.001 0.002 0.001 0.001 0.001 0.033 0.000 0.001 0.575 0.366 0.004 0.221 0.982 0.012 0.006 0.001 0.031 0.001 0.318 0.000 0.166 0.046 0.004 0.095 0.059 0.001 0.004 0.001 0.001 0.051 0.001 0.001 0.001 0.001 0.001 0.117 0.001 0.342 0.001 0.001 0.001 0.001 0.001 0.001 0.005 0.001 0.001 0.134 0.027 0.013 
11 eagle_vis 30 0.995 0.025 0.989 0.001 0.001 0.001 0.001 0.001 0.001 0.002 0.001 0.005 0.010 0.060 0.001 0.000 0.044 0.142 0.009 0.029 0.034 0.942 0.001 0.000 0.002 0.000 0.001 0.000 0.001 0.000 0.000 0.001 0.024 0.000 0.001 0.000 0.001 0.001 0.001 0.001 0.001 0.001 0.000 0.000 0.001 0.001 0.001 0.000 0.001 0.001 0.001 0.000 0.012 0.003 0.001 0.001 0.001 0.000 
12 tuna_vis 30 0.993 0.001 0.068 0.908 0.002 0.036 0.003 0.001 0.003 0.010 0.001 0.001 0.000 0.000 0.002 0.000 0.088 0.001 0.013 0.002 0.052 0.002 0.976 0.006 0.003 0.013 0.003 0.055 0.000 0.001 0.003 0.001 0.102 0.011 0.005 0.001 0.000 0.001 0.029 0.001 0.001 0.001 0.001 0.001 0.001 0.001 0.001 0.001 0.001 0.001 0.001 0.001 0.028 0.001 0.001 0.001 0.003 0.170 
13 goldfish_vis 30 0.995 0.004 0.001 0.991 0.048 0.028 0.002 0.001 0.009 0.001 0.003 0.000 0.000 0.000 0.064 0.002 0.000 0.001 0.001 0.001 0.001 0.000 0.027 0.958 0.001 0.176 0.042 0.058 0.000 0.032 0.080 0.001 0.001 0.091 0.002 0.002 0.000 0.001 0.001 0.001 0.054 0.001 0.003 0.025 0.001 0.001 0.001 0.001 0.001 0.001 0.001 0.095 0.001 0.001 0.001 0.001 0.001 0.001 
14 salmon_vis 30 0.995 0.024 0.012 0.972 0.002 0.001 0.002 0.001 0.001 0.001 0.005 0.001 0.003 0.001 0.002 0.000 0.016 0.001 0.002 0.001 0.013 0.000 0.002 0.004 0.421 0.152 0.377 0.007 0.025 0.001 0.005 0.001 0.001 0.001 0.006 0.001 0.000 0.001 0.003 0.001 0.001 0.001 0.001 0.001 0.001 0.001 0.001 0.000 0.001 0.001 0.000 0.000 0.000 0.001 0.001 0.001 0.001 0.001 
15 sardine_vis 30 0.995 0.017 0.004 0.987 0.002 0.002 0.001 0.001 0.020 0.001 0.001 0.002 0.003 0.000 0.030 0.001 0.001 0.000 0.007 0.001 0.001 0.000 0.003 0.014 0.127 0.727 0.010 0.125 0.001 0.001 0.001 0.009 0.001 0.003 0.001 0.001 0.000 0.001 0.002 0.001 0.001 0.001 0.001 0.001 0.001 0.001 0.001 0.000 0.001 0.001 0.001 0.001 0.000 0.001 0.001 0.001 0.001 0.001 
16 catfish_vis 30 0.996 0.020 0.006 0.974 0.004 0.001 0.001 0.003 0.001 0.001 0.015 0.000 0.001 0.001 0.004 0.001 0.003 0.001 0.001 0.001 0.007 0.000 0.001 0.019 0.035 0.257 0.882 0.001 0.022 0.002 0.003 0.003 0.001 0.001 0.002 0.001 0.000 0.001 0.002 0.001 0.008 0.003 0.002 0.003 0.001 0.001 0.001 0.000 0.001 0.001 0.000 0.001 0.000 0.001 0.001 0.000 0.001 0.001 
17 cod_vis 30 0.993 0.004 0.001 0.991 0.019 0.005 0.022 0.001 0.054 0.001 0.001 0.001 0.008 0.000 0.024 0.000 0.001 0.000 0.007 0.001 0.001 0.001 0.077 0.181 0.060 0.064 0.005 0.890 0.000 0.006 0.011 0.001 0.011 0.008 0.006 0.004 0.001 0.001 0.004 0.001 0.001 0.001 0.001 0.001 0.001 0.001 0.001 0.000 0.002 0.002 0.001 0.001 0.001 0.001 0.001 0.001 0.001 0.001 
18 turtle_vis 30 0.995 0.003 0.001 0.011 0.992 0.001 0.001 0.010 0.001 0.001 0.001 0.000 0.000 0.009 0.000 0.009 0.000 0.001 0.001 0.002 0.009 0.000 0.001 0.041 0.001 0.001 0.003 0.006 0.057 0.788 0.140 0.018 0.014 0.223 0.002 0.001 0.001 0.002 0.001 0.001 0.002 0.001 0.014 0.005 0.001 0.009 0.001 0.010 0.001 0.001 0.001 0.008 0.002 0.001 0.002 0.001 0.001 0.000 
19 rattlesnake_vis 30 0.991 0.002 0.001 0.616 0.988 0.543 0.452 0.210 0.001 0.001 0.001 0.000 0.000 0.002 0.001 0.003 0.000 0.001 0.001 0.001 0.001 0.000 0.001 0.622 0.001 0.000 0.003 0.002 0.004 0.860 0.070 0.001 0.015 0.006 0.002 0.005 0.002 0.508 0.004 0.001 0.251 0.001 0.007 0.195 0.001 0.007 0.001 0.001 0.002 0.001 0.001 0.002 0.002 0.001 0.002 0.001 0.011 0.000 
20 crab_vis 30 0.993 0.002 0.001 0.615 0.870 0.073 0.048 0.042 0.001 0.001 0.001 0.000 0.000 0.001 0.001 0.001 0.000 0.001 0.001 0.001 0.002 0.000 0.003 0.570 0.001 0.001 0.005 0.005 0.002 0.412 0.177 0.001 0.006 0.022 0.004 0.004 0.001 0.042 0.001 0.001 0.024 0.001 0.008 0.196 0.001 0.001 0.001 0.001 0.001 0.001 0.001 0.002 0.002 0.001 0.001 0.001 0.002 0.001 
21 frog_vis 30 0.995 0.018 0.015 0.008 0.974 0.001 0.001 0.001 0.001 0.001 0.001 0.024 0.000 0.001 0.001 0.006 0.000 0.001 0.001 0.029 0.002 0.000 0.000 0.001 0.002 0.074 0.002 0.000 0.035 0.007 0.001 0.948 0.002 0.098 0.001 0.000 0.000 0.001 0.001 0.001 0.001 0.001 0.001 0.001 0.001 0.002 0.001 0.006 0.001 0.001 0.002 0.004 0.000 0.001 0.001 0.001 0.001 0.000 
22 gecko_vis 30 0.988 0.001 0.002 0.188 0.985 0.007 0.321 0.001 0.002 0.002 0.000 0.001 0.001 0.001 0.001 0.001 0.000 0.001 0.001 0.002 0.003 0.002 0.007 0.003 0.029 0.001 0.001 0.104 0.001 0.028 0.026 0.001 0.880 0.013 0.007 0.001 0.006 0.224 0.019 0.001 0.001 0.001 0.001 0.001 0.001 0.001 0.001 0.001 0.002 0.001 0.003 0.001 0.002 0.001 0.004 0.001 0.043 0.001 
23 crocodile_vis 30 0.993 0.002 0.001 0.269 0.988 0.018 0.154 0.002 0.001 0.001 0.000 0.001 0.000 0.001 0.001 0.003 0.000 0.001 0.001 0.006 0.001 0.000 0.002 0.165 0.001 0.001 0.001 0.005 0.001 0.166 0.106 0.003 0.084 0.129 0.003 0.002 0.003 0.056 0.002 0.001 0.002 0.001 0.002 0.018 0.001 0.001 0.001 0.004 0.002 0.001 0.013 0.007 0.002 0.001 0.001 0.001 0.004 0.000 
24 axe_vis 30 0.002 0.001 0.001 0.015 0.002 0.996 0.991 0.118 0.752 0.006 0.001 0.001 0.006 0.001 0.001 0.000 0.010 0.000 0.002 0.000 0.000 0.000 0.009 0.002 0.515 0.002 0.002 0.006 0.000 0.014 0.001 0.000 0.005 0.000 0.985 0.001 0.005 0.901 0.142 0.002 0.004 0.001 0.001 0.013 0.001 0.219 0.007 0.000 0.420 0.747 0.001 0.001 0.001 0.001 0.028 0.003 0.361 0.024 
25 hammer_vis 30 0.006 0.003 0.001 0.017 0.001 0.995 0.977 0.005 0.003 0.003 0.003 0.000 0.006 0.000 0.002 0.000 0.001 0.000 0.005 0.000 0.000 0.000 0.008 0.002 0.009 0.002 0.001 0.002 0.000 0.002 0.000 0.000 0.002 0.000 0.005 0.018 0.002 0.092 0.840 0.340 0.088 0.001 0.001 0.003 0.002 0.001 0.001 0.000 0.003 0.003 0.004 0.001 0.006 0.001 0.004 0.001 0.015 0.003 
26 screwdriver_vis 30 0.041 0.086 0.001 0.001 0.001 0.991 0.940 0.002 0.009 0.001 0.011 0.000 0.117 0.001 0.004 0.000 0.001 0.000 0.010 0.000 0.000 0.000 0.001 0.001 0.001 0.000 0.001 0.000 0.000 0.003 0.000 0.000 0.001 0.000 0.006 0.010 0.851 0.008 0.004 0.039 0.002 0.001 0.000 0.004 0.002 0.001 0.001 0.000 0.004 0.002 0.007 0.001 0.002 0.001 0.001 0.001 0.011 0.001 
27 chisel_vis 30 0.002 0.001 0.001 0.004 0.001 0.996 0.994 0.028 0.008 0.015 0.001 0.000 0.001 0.001 0.001 0.000 0.001 0.000 0.001 0.000 0.000 0.000 0.001 0.002 0.029 0.000 0.001 0.000 0.000 0.016 0.000 0.000 0.003 0.000 0.008 0.010 0.010 0.990 0.054 0.003 0.027 0.001 0.000 0.030 0.001 0.005 0.001 0.000 0.085 0.035 0.001 0.001 0.001 0.001 0.091 0.005 0.280 0.003 
28 saw_vis 30 0.005 0.001 0.001 0.021 0.001 0.995 0.985 0.004 0.004 0.003 0.001 0.000 0.002 0.000 0.001 0.000 0.001 0.000 0.004 0.000 0.000 0.000 0.016 0.001 0.016 0.006 0.001 0.002 0.000 0.001 0.000 0.000 0.002 0.000 0.005 0.007 0.001 0.067 0.956 0.099 0.079 0.001 0.001 0.001 0.001 0.001 0.001 0.000 0.002 0.002 0.003 0.001 0.005 0.001 0.003 0.001 0.019 0.004 
29 drill_vis 30 0.017 0.003 0.004 0.001 0.001 0.995 0.714 0.001 0.005 0.249 0.008 0.000 0.005 0.000 0.006 0.000 0.013 0.007 0.169 0.001 0.000 0.004 0.320 0.001 0.001 0.000 0.001 0.000 0.000 0.001 0.000 0.000 0.002 0.000 0.002 0.002 0.007 0.004 0.431 0.866 0.017 0.001 0.000 0.001 0.001 0.001 0.001 0.000 0.003 0.001 0.029 0.001 0.403 0.009 0.001 0.001 0.309 0.002 
30 clamp_vis 30 0.009 0.001 0.001 0.021 0.001 0.995 0.011 0.979 0.002 0.002 0.010 0.000 0.000 0.000 0.001 0.000 0.000 0.001 0.001 0.000 0.000 0.000 0.001 0.166 0.001 0.001 0.101 0.000 0.000 0.002 0.002 0.000 0.001 0.000 0.001 0.115 0.001 0.006 0.002 0.002 0.881 0.036 0.030 0.489 0.008 0.002 0.001 0.001 0.001 0.001 0.000 0.033 0.001 0.001 0.002 0.001 0.002 0.015 
31 hoe_vis 30 0.002 0.001 0.001 0.001 0.005 0.995 0.001 0.971 0.004 0.001 0.001 0.000 0.000 0.001 0.000 0.000 0.000 0.002 0.001 0.000 0.000 0.000 0.000 0.002 0.000 0.000 0.002 0.000 0.005 0.007 0.001 0.001 0.001 0.000 0.000 0.001 0.001 0.004 0.001 0.001 0.003 0.031 0.002 0.045 0.002 0.410 0.001 0.001 0.001 0.014 0.000 0.014 0.000 0.001 0.001 0.008 0.001 0.001 
32 rake_vis 30 0.004 0.001 0.001 0.002 0.001 0.995 0.001 0.987 0.016 0.007 0.009 0.000 0.000 0.002 0.001 0.002 0.000 0.001 0.001 0.001 0.001 0.000 0.000 0.072 0.001 0.001 0.090 0.000 0.008 0.003 0.008 0.000 0.001 0.000 0.001 0.002 0.000 0.002 0.001 0.001 0.102 0.020 0.643 0.472 0.006 0.024 0.001 0.002 0.003 0.002 0.000 0.078 0.001 0.002 0.010 0.002 0.001 0.028 
33 shovel_vis 30 0.002 0.001 0.001 0.001 0.001 0.996 0.002 0.956 0.003 0.001 0.001 0.000 0.000 0.000 0.000 0.000 0.000 0.000 0.001 0.000 0.000 0.000 0.000 0.036 0.001 0.000 0.005 0.000 0.000 0.003 0.000 0.000 0.001 0.000 0.001 0.002 0.001 0.072 0.001 0.001 0.027 0.002 0.002 0.978 0.001 0.006 0.001 0.000 0.006 0.004 0.000 0.016 0.000 0.001 0.001 0.001 0.005 0.002 
34 spade_vis 30 0.030 0.028 0.001 0.001 0.001 0.892 0.001 0.947 0.004 0.004 0.106 0.003 0.000 0.040 0.001 0.001 0.000 0.076 0.001 0.001 0.000 0.000 0.000 0.001 0.000 0.000 0.001 0.000 0.004 0.001 0.002 0.000 0.001 0.000 0.000 0.001 0.001 0.001 0.001 0.002 0.007 0.017 0.009 0.002 0.839 0.002 0.014 0.001 0.001 0.001 0.000 0.038 0.001 0.058 0.002 0.001 0.001 0.001 
35 wrench_vis 30 0.003 0.001 0.001 0.001 0.064 0.996 0.001 0.992 0.400 0.001 0.002 0.000 0.000 0.007 0.000 0.001 0.000 0.003 0.001 0.001 0.001 0.000 0.000 0.003 0.001 0.000 0.003 0.000 0.034 0.151 0.007 0.008 0.001 0.000 0.002 0.001 0.001 0.022 0.001 0.001 0.003 0.121 0.080 0.155 0.003 0.988 0.032 0.020 0.009 0.272 0.000 0.243 0.000 0.001 0.002 0.152 0.001 0.001 
36 accordion_vis 30 0.003 0.003 0.001 0.001 0.001 0.995 0.001 0.001 0.994 0.008 0.001 0.006 0.018 0.000 0.004 0.001 0.001 0.001 0.020 0.002 0.000 0.000 0.001 0.001 0.001 0.001 0.000 0.001 0.000 0.001 0.000 0.001 0.001 0.001 0.001 0.001 0.003 0.001 0.001 0.001 0.001 0.002 0.001 0.001 0.001 0.003 0.372 0.005 0.018 0.249 0.004 0.014 0.001 0.111 0.002 0.015 0.008 0.001 
37 cello_vis 30 0.002 0.001 0.001 0.001 0.001 0.995 0.001 0.001 0.995 0.006 0.000 0.001 0.000 0.000 0.001 0.002 0.000 0.000 0.002 0.003 0.000 0.000 0.001 0.001 0.001 0.013 0.000 0.003 0.000 0.001 0.000 0.011 0.001 0.003 0.001 0.001 0.001 0.003 0.001 0.001 0.001 0.002 0.001 0.001 0.001 0.012 0.007 0.164 0.013 0.041 0.009 0.013 0.000 0.001 0.005 0.003 0.001 0.003 
38 flute_vis 30 0.004 0.017 0.001 0.001 0.001 0.996 0.003 0.001 0.995 0.003 0.000 0.000 0.037 0.000 0.239 0.003 0.000 0.000 0.013 0.001 0.000 0.000 0.000 0.001 0.001 0.000 0.000 0.002 0.000 0.019 0.000 0.001 0.001 0.000 0.003 0.001 0.033 0.013 0.001 0.003 0.001 0.001 0.001 0.011 0.001 0.009 0.347 0.001 0.978 0.421 0.009 0.226 0.000 0.001 0.002 0.012 0.015 0.001 
39 guitar_vis 30 0.001 0.001 0.001 0.008 0.001 0.996 0.018 0.005 0.994 0.002 0.001 0.000 0.001 0.000 0.001 0.000 0.002 0.000 0.002 0.000 0.000 0.000 0.001 0.001 0.029 0.003 0.001 0.004 0.000 0.011 0.000 0.003 0.001 0.000 0.038 0.001 0.001 0.230 0.002 0.001 0.001 0.012 0.001 0.003 0.001 0.176 0.040 0.002 0.133 0.988 0.000 0.002 0.000 0.001 0.002 0.032 0.013 0.003 
40 piano_vis 30 0.082 0.083 0.001 0.001 0.001 0.995 0.050 0.001 0.994 0.002 0.000 0.005 0.027 0.000 0.311 0.006 0.000 0.000 0.062 0.003 0.000 0.000 0.000 0.001 0.000 0.001 0.000 0.001 0.000 0.009 0.000 0.001 0.001 0.003 0.001 0.001 0.576 0.002 0.001 0.013 0.001 0.001 0.001 0.002 0.001 0.003 0.021 0.006 0.480 0.001 0.789 0.111 0.001 0.001 0.002 0.001 0.003 0.000 
41 trumpet_vis 30 0.004 0.001 0.001 0.001 0.001 0.996 0.001 0.172 0.854 0.001 0.000 0.000 0.000 0.000 0.001 0.004 0.000 0.000 0.001 0.001 0.000 0.000 0.000 0.013 0.000 0.000 0.001 0.000 0.000 0.025 0.000 0.001 0.001 0.001 0.000 0.001 0.001 0.003 0.001 0.001 0.004 0.007 0.002 0.555 0.001 0.026 0.002 0.015 0.018 0.015 0.001 0.688 0.000 0.001 0.001 0.002 0.001 0.000 
42 fork_vis 30 0.002 0.001 0.003 0.005 0.001 0.995 0.820 0.010 0.002 0.993 0.001 0.000 0.000 0.000 0.000 0.000 0.061 0.001 0.003 0.001 0.002 0.000 0.505 0.001 0.011 0.000 0.002 0.000 0.000 0.001 0.000 0.000 0.032 0.000 0.020 0.011 0.001 0.101 0.983 0.025 0.121 0.006 0.001 0.001 0.001 0.001 0.001 0.005 0.004 0.002 0.002 0.001 0.674 0.004 0.197 0.004 0.872 0.986 
43 spoon_vis 30 0.001 0.001 0.002 0.001 0.001 0.996 0.002 0.003 0.011 0.991 0.001 0.000 0.001 0.000 0.000 0.000 0.011 0.002 0.008 0.001 0.000 0.001 0.004 0.001 0.001 0.000 0.001 0.000 0.000 0.000 0.000 0.000 0.003 0.000 0.003 0.000 0.002 0.005 0.003 0.005 0.001 0.001 0.000 0.001 0.001 0.001 0.003 0.000 0.013 0.004 0.000 0.001 0.005 0.124 0.001 0.006 0.936 0.017 
44 tongs_vis 30 0.001 0.001 0.001 0.044 0.001 0.996 0.038 0.007 0.978 0.410 0.000 0.000 0.001 0.000 0.001 0.001 0.001 0.000 0.002 0.001 0.000 0.000 0.004 0.002 0.022 0.005 0.003 0.017 0.000 0.002 0.000 0.002 0.001 0.001 0.007 0.007 0.001 0.017 0.043 0.005 0.009 0.689 0.008 0.002 0.001 0.002 0.002 0.697 0.027 0.823 0.001 0.005 0.001 0.003 0.283 0.025 0.010 0.120 
45 ladle_vis 30 0.001 0.001 0.006 0.001 0.001 0.996 0.002 0.005 0.008 0.929 0.001 0.000 0.000 0.000 0.000 0.000 0.003 0.003 0.001 0.001 0.001 0.002 0.002 0.001 0.001 0.000 0.001 0.000 0.000 0.001 0.000 0.000 0.020 0.000 0.001 0.000 0.001 0.004 0.002 0.001 0.001 0.009 0.000 0.001 0.001 0.015 0.007 0.004 0.002 0.035 0.000 0.001 0.002 0.003 0.002 0.950 0.018 0.025 
46 knife_vis 30 0.001 0.001 0.001 0.001 0.001 0.996 0.736 0.029 0.015 0.990 0.001 0.000 0.000 0.000 0.000 0.000 0.083 0.001 0.003 0.000 0.001 0.000 0.055 0.001 0.011 0.000 0.001 0.000 0.000 0.001 0.000 0.000 0.052 0.000 0.093 0.000 0.001 0.867 0.247 0.001 0.002 0.002 0.000 0.003 0.001 0.018 0.001 0.000 0.144 0.059 0.000 0.001 0.006 0.003 0.024 0.025 0.992 0.897 
47 chopsticks_vis 30 0.001 0.001 0.001 0.001 0.001 0.996 0.009 0.004 0.004 0.991 0.000 0.000 0.000 0.000 0.000 0.000 0.133 0.000 0.002 0.001 0.003 0.000 0.040 0.001 0.003 0.000 0.001 0.000 0.000 0.001 0.000 0.000 0.002 0.000 0.005 0.001 0.001 0.053 0.012 0.001 0.002 0.002 0.001 0.005 0.001 0.001 0.001 0.001 0.007 0.005 0.000 0.001 0.007 0.006 0.013 0.008 0.651 0.917 
