0 beaver_vis 30 0.996 0.979 0.043 0.009 0.001 0.001 0.001 0.001 0.002 0.010 0.954 0.048 0.011 0.000 0.017 0.022 0.001 0.005 0.008 0.103 0.020 0.003 0.003 0.000 0.004 0.005 0.001 0.000 0.001 0.000 0.001 0.001 0.001 0.001 0.001 0.002 0.000 0.001 0.001 0.001 0.002 0.001 0.003 0.001 0.008 0.001 0.001 0.003 0.001 0.001 0.002 0.001 0.001 0.003 0.003 0.001 0.001 0.014 
1 bear_vis 30 0.996 0.989 0.001 0.004 0.035 0.001 0.001 0.001 0.004 0.001 0.043 0.983 0.046 0.007 0.001 0.024 0.000 0.106 0.001 0.000 0.001 0.002 0.001 0.001 0.001 0.016 0.003 0.001 0.037 0.001 0.001 0.058 0.003 0.001 0.000 0.022 0.000 0.013 0.001 0.050 0.002 0.000 0.000 0.001 0.001 0.000 0.001 0.001 0.010 0.000 0.001 0.001 0.001 0.001 0.000 0.000 0.003 0.006 
2 sheep_vis 30 0.996 0.989 0.020 0.013 0.001 0.002 0.001 0.001 0.013 0.001 0.037 0.009 0.979 0.000 0.020 0.078 0.021 0.075 0.041 0.001 0.001 0.006 0.003 0.000 0.040 0.001 0.002 0.001 0.001 0.000 0.001 0.001 0.000 0.001 0.002 0.024 0.011 0.008 0.001 0.068 0.001 0.001 0.001 0.031 0.001 0.001 0.032 0.006 0.025 0.009 0.000 0.001 0.001 0.002 0.013 0.000 0.005 0.027 
3 buffalo_vis 30 0.996 0.986 0.001 0.006 0.018 0.001 0.001 0.001 0.001 0.001 0.002 0.005 0.002 0.958 0.094 0.074 0.001 0.001 0.001 0.000 0.002 0.002 0.001 0.002 0.001 0.001 0.002 0.093 0.008 0.002 0.108 0.001 0.001 0.001 0.001 0.001 0.000 0.001 0.002 0.032 0.002 0.002 0.000 0.000 0.001 0.001 0.001 0.003 0.000 0.000 0.002 0.001 0.003 0.001 0.000 0.000 0.000 0.009 
4 poodle_vis 30 0.996 0.982 0.008 0.007 0.001 0.002 0.001 0.001 0.002 0.001 0.061 0.001 0.019 0.055 0.950 0.012 0.086 0.001 0.001 0.001 0.039 0.005 0.011 0.000 0.017 0.000 0.001 0.002 0.001 0.001 0.005 0.000 0.000 0.001 0.001 0.002 0.000 0.001 0.001 0.011 0.001 0.015 0.002 0.002 0.001 0.001 0.001 0.019 0.001 0.001 0.007 0.002 0.004 0.001 0.000 0.001 0.001 0.055 
5 giraffe_vis 30 0.996 0.993 0.001 0.015 0.023 0.001 0.001 0.001 0.001 0.001 0.062 0.056 0.027 0.133 0.008 0.976 0.001 0.034 0.001 0.000 0.002 0.001 0.001 0.002 0.002 0.001 0.446 0.002 0.017 0.002 0.036 0.010 0.001 0.001 0.000 0.006 0.000 0.003 0.001 0.021 0.061 0.000 0.000 0.000 0.001 0.001 0.001 0.037 0.000 0.000 0.001 0.002 0.001 0.001 0.001 0.000 0.000 0.660 
6 robin_vis 30 0.996 0.014 0.982 0.011 0.004 0.002 0.001 0.001 0.011 0.001 0.001 0.001 0.158 0.000 0.015 0.001 0.969 0.091 0.089 0.003 0.004 0.148 0.018 0.000 0.119 0.001 0.001 0.002 0.001 0.001 0.085 0.001 0.001 0.002 0.001 0.009 0.246 0.005 0.001 0.113 0.001 0.002 0.001 0.121 0.001 0.001 0.016 0.005 0.040 0.001 0.001 0.001 0.001 0.001 0.001 0.001 0.028 0.006 
7 swan_vis 30 0.996 0.009 0.991 0.006 0.008 0.002 0.001 0.001 0.005 0.002 0.007 0.007 0.007 0.000 0.002 0.001 0.067 0.586 0.003 0.005 0.159 0.294 0.008 0.000 0.032 0.003 0.002 0.001 0.008 0.001 0.011 0.001 0.003 0.001 0.001 0.011 0.002 0.006 0.001 0.085 0.001 0.000 0.000 0.006 0.001 0.001 0.003 0.012 0.004 0.001 0.000 0.002 0.005 0.001 0.000 0.001 0.029 0.008 
8 woodpecker_vis 30 0.996 0.005 0.992 0.007 0.004 0.004 0.001 0.001 0.003 0.008 0.003 0.002 0.002 0.000 0.001 0.001 0.040 0.039 0.955 0.014 0.002 0.019 0.009 0.000 0.002 0.003 0.001 0.000 0.001 0.000 0.001 0.002 0.002 0.002 0.001 0.013 0.020 0.003 0.001 0.001 0.001 0.001 0.001 0.064 0.001 0.001 0.002 0.001 0.006 0.002 0.001 0.001 0.000 0.002 0.001 0.002 0.027 0.001 
9 peacock_vis 30 0.995 0.015 0.989 0.013 0.017 0.003 0.001 0.001 0.004 0.014 0.029 0.004 0.003 0.000 0.001 0.001 0.013 0.139 0.034 0.920 0.038 0.008 0.007 0.000 0.009 0.025 0.001 0.000 0.001 0.001 0.001 0.121 0.003 0.004 0.008 0.001 0.000 0.020 0.001 0.001 0.002 0.001 0.003 0.009 0.003 0.043 0.001 0.002 0.005 0.002 0.001 0.004 0.001 0.002 0.028 0.005 0.001 0.003 
10 crow_vis 30 0.996 0.007 0.985 0.010 0.034 0.002 0.001 0.001 0.001 0.011 0.064 0.001 0.001 0.000 0.019 0.001 0.037 0.030 0.003 0.031 0.944 0.007 0.024 0.000 0.013 0.003 0.001 0.001 0.085 0.001 0.005 0.001 0.002 0.001 0.001 0.001 0.000 0.014 0.001 0.001 0.024 0.001 0.000 0.001 0.001 0.001 0.001 0.004 0.001 0.001 0.001 0.036 0.004 0.001 0.000 0.128 0.000 0.016 
11 eagle_vis 30 0.996 0.015 0.991 0.011 0.026 0.003 0.001 0.001 0.004 0.002 0.028 0.009 0.006 0.000 0.017 0.001 0.064 0.055 0.003 0.024 0.855 0.900 0.033 0.000 0.055 0.005 0.001 0.003 0.119 0.001 0.082 0.001 0.019 0.001 0.001 0.002 0.001 0.002 0.001 0.001 0.001 0.001 0.000 0.001 0.001 0.001 0.005 0.002 0.001 0.001 0.001 0.005 0.051 0.002 0.001 0.003 0.005 0.001 
12 tuna_vis 30 0.926 0.002 0.001 0.941 0.001 0.003 0.004 0.005 0.001 0.008 0.001 0.001 0.001 0.000 0.012 0.001 0.009 0.001 0.034 0.002 0.015 0.001 0.951 0.061 0.060 0.007 0.002 0.003 0.000 0.001 0.005 0.001 0.004 0.005 0.003 0.015 0.037 0.001 0.003 0.001 0.002 0.001 0.019 0.001 0.006 0.001 0.001 0.001 0.000 0.000 0.004 0.001 0.001 0.002 0.004 0.001 0.000 0.001 
13 goldfish_vis 30 0.995 0.003 0.001 0.978 0.042 0.001 0.005 0.006 0.001 0.001 0.001 0.001 0.001 0.010 0.001 0.001 0.000 0.001 0.009 0.000 0.001 0.000 0.062 0.945 0.002 0.068 0.010 0.076 0.002 0.006 0.057 0.001 0.030 0.016 0.001 0.055 0.008 0.001 0.020 0.016 0.071 0.001 0.020 0.003 0.002 0.001 0.001 0.001 0.000 0.000 0.001 0.001 0.001 0.001 0.003 0.000 0.000 0.001 
14 salmon_vis 30 0.996 0.003 0.063 0.956 0.001 0.002 0.024 0.005 0.001 0.001 0.001 0.001 0.173 0.000 0.004 0.001 0.141 0.039 0.012 0.001 0.013 0.006 0.028 0.001 0.957 0.003 0.016 0.093 0.001 0.001 0.002 0.000 0.000 0.001 0.030 0.022 0.094 0.022 0.001 0.034 0.004 0.001 0.023 0.378 0.001 0.006 0.002 0.001 0.001 0.000 0.001 0.001 0.001 0.001 0.011 0.000 0.000 0.001 
15 sardine_vis 30 0.996 0.002 0.001 0.963 0.021 0.001 0.002 0.013 0.001 0.001 0.001 0.003 0.001 0.000 0.000 0.001 0.000 0.001 0.023 0.001 0.001 0.000 0.002 0.019 0.002 0.957 0.060 0.002 0.001 0.001 0.001 0.062 0.026 0.001 0.002 0.006 0.000 0.001 0.008 0.001 0.064 0.000 0.024 0.002 0.013 0.001 0.000 0.001 0.000 0.000 0.001 0.000 0.000 0.001 0.035 0.000 0.000 0.001 
16 catfish_vis 30 0.996 0.010 0.001 0.982 0.005 0.002 0.003 0.003 0.001 0.001 0.001 0.001 0.001 0.001 0.001 0.050 0.001 0.002 0.014 0.001 0.002 0.001 0.002 0.027 0.042 0.100 0.930 0.047 0.002 0.001 0.004 0.009 0.001 0.002 0.002 0.009 0.001 0.001 0.018 0.001 0.059 0.001 0.012 0.001 0.005 0.001 0.001 0.001 0.000 0.000 0.001 0.001 0.001 0.001 0.066 0.000 0.000 0.001 
17 cod_vis 30 0.996 0.002 0.001 0.936 0.010 0.001 0.004 0.002 0.001 0.001 0.000 0.001 0.001 0.003 0.001 0.001 0.002 0.001 0.002 0.000 0.002 0.001 0.002 0.041 0.038 0.004 0.051 0.935 0.002 0.002 0.038 0.001 0.001 0.001 0.002 0.004 0.002 0.001 0.010 0.003 0.018 0.001 0.006 0.005 0.001 0.001 0.001 0.001 0.000 0.000 0.001 0.001 0.001 0.001 0.001 0.000 0.000 0.001 
18 turtle_vis 30 0.996 0.008 0.042 0.005 0.989 0.002 0.001 0.001 0.002 0.001 0.001 0.027 0.001 0.003 0.001 0.002 0.001 0.011 0.001 0.001 0.079 0.003 0.001 0.001 0.001 0.006 0.004 0.009 0.975 0.004 0.023 0.152 0.005 0.011 0.001 0.001 0.000 0.096 0.001 0.001 0.056 0.000 0.000 0.000 0.001 0.002 0.001 0.001 0.002 0.000 0.001 0.093 0.003 0.001 0.000 0.008 0.000 0.003 
19 rattlesnake_vis 30 0.982 0.012 0.001 0.002 0.949 0.006 0.002 0.002 0.008 0.005 0.000 0.002 0.001 0.061 0.001 0.004 0.011 0.001 0.001 0.000 0.000 0.002 0.001 0.011 0.001 0.001 0.005 0.050 0.014 0.890 0.051 0.015 0.014 0.010 0.022 0.013 0.002 0.001 0.038 0.027 0.007 0.016 0.006 0.002 0.002 0.001 0.001 0.006 0.017 0.001 0.077 0.005 0.027 0.001 0.012 0.003 0.002 0.023 
20 crab_vis 30 0.996 0.020 0.002 0.031 0.965 0.002 0.001 0.001 0.002 0.003 0.000 0.002 0.000 0.053 0.001 0.021 0.011 0.001 0.009 0.000 0.001 0.001 0.013 0.146 0.000 0.002 0.002 0.005 0.013 0.045 0.910 0.003 0.027 0.123 0.001 0.005 0.001 0.001 0.002 0.020 0.006 0.006 0.001 0.001 0.001 0.001 0.001 0.002 0.002 0.000 0.008 0.001 0.002 0.001 0.001 0.001 0.001 0.045 
21 frog_vis 30 0.996 0.008 0.041 0.007 0.967 0.002 0.001 0.001 0.002 0.001 0.001 0.021 0.001 0.000 0.000 0.003 0.001 0.003 0.018 0.019 0.001 0.001 0.001 0.000 0.001 0.021 0.007 0.001 0.022 0.001 0.001 0.918 0.007 0.101 0.009 0.001 0.000 0.025 0.001 0.000 0.004 0.000 0.001 0.002 0.001 0.017 0.001 0.001 0.009 0.000 0.001 0.003 0.001 0.001 0.001 0.008 0.000 0.001 
22 gecko_vis 30 0.995 0.006 0.003 0.010 0.988 0.002 0.001 0.001 0.002 0.005 0.001 0.026 0.000 0.015 0.000 0.001 0.001 0.001 0.002 0.001 0.001 0.001 0.011 0.080 0.000 0.102 0.001 0.001 0.012 0.010 0.107 0.013 0.974 0.019 0.001 0.002 0.001 0.001 0.003 0.032 0.003 0.002 0.002 0.001 0.002 0.001 0.001 0.001 0.003 0.000 0.044 0.001 0.005 0.002 0.001 0.001 0.002 0.002 
23 crocodile_vis 30 0.995 0.012 0.003 0.017 0.988 0.004 0.001 0.001 0.006 0.004 0.001 0.002 0.001 0.004 0.001 0.013 0.005 0.001 0.032 0.001 0.001 0.001 0.015 0.034 0.000 0.001 0.003 0.001 0.015 0.032 0.038 0.026 0.019 0.970 0.011 0.002 0.000 0.074 0.001 0.001 0.010 0.002 0.001 0.003 0.001 0.009 0.001 0.001 0.130 0.001 0.001 0.016 0.001 0.002 0.001 0.036 0.001 0.006 
24 axe_vis 30 0.003 0.001 0.001 0.005 0.001 0.995 0.994 0.005 0.001 0.001 0.000 0.017 0.001 0.001 0.000 0.000 0.001 0.001 0.026 0.000 0.000 0.001 0.001 0.015 0.001 0.001 0.009 0.035 0.000 0.017 0.000 0.001 0.001 0.046 0.963 0.002 0.024 0.027 0.047 0.001 0.001 0.001 0.001 0.014 0.001 0.006 0.001 0.000 0.002 0.007 0.000 0.000 0.001 0.001 0.005 0.001 0.054 0.001 
25 hammer_vis 30 0.003 0.002 0.001 0.013 0.001 0.994 0.990 0.004 0.002 0.012 0.001 0.002 0.014 0.001 0.001 0.000 0.001 0.006 0.003 0.000 0.000 0.001 0.047 0.005 0.029 0.001 0.002 0.003 0.000 0.004 0.000 0.000 0.001 0.001 0.001 0.257 0.044 0.014 0.181 0.017 0.010 0.002 0.001 0.003 0.001 0.001 0.020 0.004 0.002 0.001 0.000 0.000 0.001 0.001 0.004 0.005 0.023 0.004 
26 screwdriver_vis 30 0.002 0.001 0.001 0.005 0.001 0.993 0.994 0.004 0.001 0.002 0.000 0.004 0.004 0.003 0.000 0.000 0.001 0.001 0.006 0.000 0.000 0.002 0.004 0.011 0.002 0.001 0.001 0.013 0.000 0.002 0.000 0.000 0.001 0.001 0.086 0.005 0.924 0.001 0.084 0.003 0.001 0.001 0.001 0.004 0.001 0.001 0.005 0.001 0.001 0.001 0.001 0.000 0.001 0.002 0.003 0.000 0.037 0.001 
27 chisel_vis 30 0.002 0.001 0.001 0.002 0.001 0.995 0.988 0.003 0.001 0.002 0.000 0.003 0.002 0.000 0.000 0.000 0.001 0.001 0.002 0.000 0.000 0.000 0.002 0.001 0.001 0.001 0.001 0.001 0.000 0.001 0.000 0.000 0.001 0.002 0.159 0.008 0.005 0.763 0.002 0.013 0.002 0.001 0.001 0.009 0.001 0.002 0.001 0.000 0.014 0.001 0.000 0.000 0.001 0.001 0.003 0.000 0.006 0.001 
28 saw_vis 30 0.004 0.002 0.001 0.081 0.001 0.990 0.984 0.646 0.001 0.051 0.001 0.001 0.001 0.001 0.001 0.000 0.001 0.001 0.007 0.000 0.001 0.001 0.097 0.011 0.016 0.002 0.005 0.014 0.000 0.008 0.000 0.000 0.003 0.001 0.162 0.003 0.132 0.001 0.976 0.006 0.010 0.726 0.001 0.006 0.011 0.003 0.001 0.001 0.001 0.001 0.001 0.000 0.003 0.007 0.005 0.157 0.002 0.001 
29 drill_vis 30 0.003 0.003 0.001 0.006 0.001 0.993 0.995 0.006 0.001 0.002 0.000 0.006 0.006 0.006 0.000 0.000 0.001 0.001 0.004 0.000 0.000 0.001 0.003 0.008 0.001 0.001 0.001 0.007 0.000 0.003 0.000 0.000 0.001 0.001 0.060 0.003 0.845 0.001 0.239 0.006 0.001 0.003 0.001 0.003 0.001 0.001 0.003 0.001 0.001 0.001 0.001 0.000 0.001 0.002 0.003 0.000 0.038 0.001 
30 clamp_vis 30 0.002 0.001 0.001 0.004 0.001 0.995 0.002 0.958 0.002 0.002 0.001 0.001 0.000 0.000 0.001 0.000 0.001 0.001 0.001 0.000 0.027 0.000 0.012 0.000 0.004 0.001 0.001 0.001 0.001 0.001 0.000 0.000 0.001 0.001 0.001 0.004 0.000 0.012 0.001 0.001 0.916 0.001 0.026 0.016 0.002 0.027 0.001 0.006 0.001 0.001 0.001 0.010 0.001 0.001 0.002 0.008 0.000 0.003 
31 hoe_vis 30 0.001 0.001 0.001 0.009 0.001 0.996 0.002 0.993 0.002 0.002 0.000 0.001 0.000 0.000 0.001 0.000 0.001 0.001 0.002 0.001 0.001 0.000 0.068 0.001 0.004 0.001 0.001 0.002 0.000 0.001 0.000 0.000 0.003 0.001 0.001 0.001 0.038 0.001 0.012 0.000 0.005 0.907 0.001 0.023 0.056 0.011 0.001 0.001 0.001 0.003 0.009 0.002 0.001 0.001 0.001 0.005 0.000 0.001 
32 rake_vis 30 0.002 0.001 0.001 0.005 0.001 0.992 0.001 0.976 0.005 0.002 0.001 0.001 0.000 0.000 0.001 0.000 0.001 0.001 0.002 0.001 0.001 0.000 0.013 0.000 0.003 0.002 0.001 0.001 0.000 0.001 0.000 0.000 0.001 0.001 0.001 0.009 0.002 0.001 0.001 0.000 0.028 0.002 0.977 0.022 0.017 0.023 0.001 0.008 0.001 0.001 0.009 0.002 0.001 0.001 0.022 0.001 0.000 0.001 
33 shovel_vis 30 0.001 0.001 0.001 0.002 0.001 0.996 0.012 0.992 0.002 0.001 0.000 0.001 0.000 0.000 0.000 0.000 0.001 0.001 0.030 0.000 0.000 0.000 0.004 0.000 0.001 0.001 0.001 0.000 0.000 0.001 0.000 0.000 0.002 0.002 0.002 0.001 0.009 0.072 0.001 0.004 0.024 0.030 0.003 0.987 0.001 0.023 0.001 0.001 0.055 0.053 0.001 0.001 0.000 0.001 0.001 0.006 0.001 0.001 
34 spade_vis 30 0.002 0.001 0.001 0.017 0.001 0.994 0.001 0.992 0.002 0.002 0.007 0.001 0.000 0.000 0.001 0.000 0.001 0.001 0.002 0.006 0.001 0.000 0.025 0.001 0.004 0.082 0.002 0.001 0.000 0.001 0.000 0.001 0.012 0.001 0.001 0.001 0.006 0.001 0.001 0.000 0.004 0.026 0.093 0.005 0.972 0.029 0.003 0.001 0.001 0.001 0.047 0.002 0.001 0.003 0.005 0.001 0.000 0.001 
35 wrench_vis 30 0.001 0.001 0.001 0.003 0.001 0.996 0.001 0.986 0.008 0.002 0.000 0.001 0.000 0.000 0.001 0.001 0.001 0.001 0.001 0.001 0.000 0.000 0.007 0.000 0.003 0.001 0.009 0.001 0.000 0.001 0.000 0.001 0.001 0.005 0.054 0.001 0.000 0.004 0.001 0.000 0.017 0.005 0.034 0.037 0.005 0.973 0.001 0.001 0.001 0.004 0.001 0.009 0.001 0.001 0.132 0.003 0.000 0.001 
36 accordion_vis 30 0.005 0.002 0.007 0.001 0.007 0.995 0.001 0.004 0.994 0.002 0.000 0.042 0.008 0.002 0.001 0.000 0.010 0.001 0.002 0.001 0.000 0.030 0.002 0.001 0.001 0.000 0.001 0.001 0.001 0.010 0.002 0.005 0.002 0.013 0.001 0.008 0.018 0.001 0.001 0.000 0.001 0.002 0.002 0.009 0.004 0.002 0.637 0.006 0.307 0.117 0.026 0.034 0.003 0.002 0.001 0.000 0.002 0.001 
37 cello_vis 30 0.020 0.003 0.002 0.001 0.005 0.995 0.001 0.003 0.994 0.003 0.000 0.002 0.001 0.005 0.001 0.003 0.003 0.060 0.001 0.000 0.000 0.000 0.001 0.008 0.001 0.000 0.002 0.001 0.001 0.030 0.035 0.001 0.001 0.001 0.000 0.092 0.000 0.001 0.001 0.004 0.004 0.001 0.015 0.001 0.001 0.001 0.018 0.959 0.083 0.001 0.010 0.011 0.018 0.001 0.001 0.000 0.000 0.020 
38 flute_vis 30 0.011 0.003 0.002 0.001 0.007 0.996 0.001 0.003 0.995 0.001 0.000 0.035 0.003 0.000 0.000 0.002 0.002 0.027 0.001 0.000 0.000 0.000 0.001 0.001 0.000 0.000 0.006 0.000 0.001 0.010 0.000 0.015 0.001 0.020 0.001 0.040 0.001 0.012 0.001 0.000 0.001 0.001 0.008 0.009 0.001 0.003 0.029 0.040 0.984 0.007 0.001 0.035 0.001 0.001 0.003 0.000 0.001 0.001 
39 guitar_vis 30 0.002 0.002 0.004 0.001 0.001 0.996 0.001 0.012 0.947 0.002 0.000 0.022 0.006 0.000 0.000 0.002 0.003 0.001 0.038 0.001 0.000 0.002 0.002 0.000 0.001 0.000 0.029 0.000 0.000 0.001 0.000 0.021 0.001 0.013 0.001 0.001 0.022 0.001 0.001 0.000 0.001 0.054 0.001 0.004 0.004 0.002 0.041 0.001 0.013 0.929 0.001 0.005 0.001 0.076 0.002 0.001 0.010 0.001 
40 piano_vis 30 0.032 0.005 0.002 0.001 0.018 0.942 0.001 0.007 0.980 0.002 0.000 0.004 0.001 0.122 0.001 0.011 0.002 0.001 0.001 0.001 0.000 0.001 0.002 0.023 0.001 0.000 0.009 0.008 0.002 0.041 0.090 0.004 0.011 0.001 0.001 0.003 0.001 0.001 0.001 0.000 0.001 0.009 0.008 0.001 0.035 0.001 0.031 0.024 0.001 0.001 0.928 0.066 0.020 0.001 0.001 0.000 0.000 0.001 
41 trumpet_vis 30 0.016 0.002 0.003 0.001 0.045 0.996 0.001 0.006 0.989 0.002 0.001 0.007 0.000 0.006 0.003 0.004 0.002 0.001 0.001 0.001 0.003 0.000 0.005 0.001 0.001 0.000 0.018 0.001 0.225 0.021 0.001 0.005 0.001 0.018 0.000 0.002 0.000 0.001 0.000 0.000 0.010 0.001 0.002 0.001 0.004 0.025 0.003 0.009 0.003 0.002 0.007 0.984 0.015 0.001 0.001 0.016 0.000 0.001 
42 fork_vis 30 0.005 0.106 0.001 0.001 0.005 0.994 0.017 0.002 0.004 0.970 0.061 0.003 0.002 0.003 0.046 0.035 0.005 0.002 0.001 0.001 0.006 0.001 0.039 0.001 0.001 0.001 0.007 0.001 0.002 0.021 0.008 0.001 0.003 0.001 0.013 0.001 0.001 0.001 0.013 0.003 0.001 0.012 0.000 0.001 0.005 0.002 0.001 0.002 0.001 0.005 0.009 0.002 0.583 0.591 0.004 0.139 0.090 0.281 
43 spoon_vis 30 0.003 0.005 0.006 0.001 0.003 0.996 0.004 0.001 0.002 0.995 0.051 0.002 0.001 0.000 0.001 0.017 0.002 0.002 0.009 0.072 0.001 0.001 0.023 0.000 0.001 0.001 0.012 0.000 0.000 0.003 0.001 0.004 0.005 0.001 0.008 0.001 0.001 0.001 0.006 0.001 0.001 0.008 0.000 0.000 0.075 0.002 0.001 0.001 0.001 0.005 0.014 0.001 0.017 0.983 0.071 0.061 0.029 0.026 
44 tongs_vis 30 0.003 0.002 0.001 0.002 0.001 0.992 0.392 0.006 0.002 0.569 0.001 0.001 0.001 0.000 0.000 0.001 0.001 0.002 0.008 0.000 0.000 0.000 0.006 0.001 0.002 0.001 0.004 0.000 0.000 0.001 0.000 0.001 0.001 0.002 0.320 0.005 0.006 0.227 0.001 0.003 0.003 0.001 0.003 0.012 0.001 0.012 0.001 0.007 0.002 0.001 0.001 0.000 0.001 0.003 0.624 0.001 0.001 0.015 
45 ladle_vis 30 0.004 0.001 0.029 0.001 0.037 0.996 0.002 0.002 0.001 0.993 0.060 0.019 0.001 0.000 0.001 0.000 0.001 0.001 0.004 0.011 0.056 0.001 0.031 0.000 0.000 0.001 0.001 0.000 0.038 0.002 0.000 0.002 0.042 0.005 0.003 0.001 0.001 0.024 0.006 0.001 0.005 0.014 0.000 0.001 0.002 0.015 0.001 0.000 0.001 0.015 0.001 0.077 0.019 0.016 0.001 0.988 0.048 0.010 
46 knife_vis 30 0.002 0.002 0.016 0.001 0.002 0.996 0.006 0.001 0.006 0.991 0.002 0.017 0.001 0.000 0.001 0.001 0.002 0.029 0.005 0.000 0.000 0.001 0.006 0.000 0.000 0.001 0.001 0.000 0.001 0.002 0.000 0.001 0.006 0.001 0.002 0.002 0.005 0.004 0.002 0.021 0.001 0.002 0.000 0.001 0.001 0.001 0.001 0.001 0.001 0.004 0.001 0.001 0.006 0.010 0.002 0.005 0.946 0.057 
47 chopsticks_vis 30 0.003 0.004 0.001 0.001 0.001 0.995 0.002 0.001 0.003 0.995 0.002 0.001 0.001 0.000 0.015 0.002 0.026 0.017 0.001 0.000 0.004 0.000 0.014 0.000 0.001 0.000 0.001 0.000 0.001 0.003 0.001 0.001 0.001 0.001 0.001 0.001 0.001 0.033 0.001 0.022 0.008 0.001 0.000 0.000 0.001 0.001 0.001 0.045 0.001 0.001 0.001 0.001 0.037 0.002 0.007 0.010 0.019 0.974 
0 beaver_vis 30 0.996 0.990 0.049 0.010 0.001 0.004 0.001 0.001 0.015 0.001 0.106 0.041 0.978 0.000 0.011 0.068 0.012 0.073 0.065 0.005 0.001 0.030 0.004 0.000 0.024 0.001 0.003 0.000 0.001 0.001 0.001 0.001 0.000 0.002 0.001 0.021 0.009 0.007 0.001 0.032 0.001 0.001 0.001 0.025 0.002 0.001 0.039 0.003 0.019 0.017 0.000 0.001 0.001 0.008 0.012 0.001 0.007 0.019 
1 bear_vis 30 0.996 0.992 0.001 0.011 0.168 0.002 0.001 0.001 0.004 0.001 0.077 0.689 0.019 0.028 0.003 0.795 0.001 0.043 0.001 0.001 0.001 0.002 0.001 0.001 0.001 0.002 0.120 0.001 0.116 0.002 0.003 0.099 0.001 0.008 0.001 0.009 0.000 0.097 0.001 0.007 0.049 0.000 0.000 0.000 0.001 0.001 0.001 0.010 0.003 0.001 0.000 0.012 0.001 0.001 0.000 0.001 0.000 0.214 
2 sheep_vis 30 0.996 0.980 0.084 0.009 0.001 0.003 0.001 0.001 0.015 0.001 0.058 0.032 0.970 0.000 0.006 0.039 0.012 0.101 0.049 0.004 0.001 0.016 0.003 0.000 0.023 0.001 0.002 0.000 0.001 0.000 0.001 0.001 0.000 0.001 0.002 0.019 0.011 0.008 0.001 0.051 0.001 0.001 0.001 0.031 0.001 0.001 0.028 0.004 0.025 0.012 0.000 0.001 0.001 0.003 0.013 0.001 0.007 0.017 
3 buffalo_vis 30 0.996 0.992 0.001 0.014 0.074 0.001 0.001 0.001 0.002 0.001 0.018 0.027 0.021 0.836 0.259 0.812 0.001 0.019 0.001 0.000 0.012 0.005 0.001 0.004 0.003 0.001 0.104 0.091 0.153 0.010 0.430 0.001 0.000 0.001 0.000 0.008 0.000 0.002 0.002 0.108 0.037 0.001 0.000 0.000 0.001 0.001 0.001 0.147 0.001 0.001 0.001 0.006 0.018 0.001 0.000 0.001 0.000 0.577 
4 poodle_vis 30 0.996 0.991 0.015 0.020 0.001 0.003 0.001 0.001 0.004 0.002 0.356 0.003 0.485 0.019 0.675 0.591 0.032 0.008 0.001 0.016 0.025 0.024 0.009 0.000 0.062 0.000 0.003 0.001 0.002 0.001 0.005 0.001 0.000 0.002 0.002 0.002 0.000 0.003 0.001 0.011 0.002 0.004 0.004 0.001 0.001 0.006 0.003 0.051 0.001 0.002 0.002 0.009 0.003 0.001 0.012 0.001 0.001 0.169 
5 giraffe_vis 30 0.996 0.993 0.001 0.026 0.063 0.002 0.001 0.001 0.002 0.001 0.058 0.052 0.052 0.298 0.047 0.978 0.001 0.052 0.001 0.000 0.003 0.003 0.001 0.003 0.003 0.001 0.572 0.006 0.058 0.007 0.123 0.011 0.000 0.003 0.000 0.011 0.000 0.004 0.002 0.024 0.086 0.001 0.000 0.000 0.001 0.001 0.001 0.090 0.001 0.001 0.001 0.008 0.003 0.001 0.001 0.001 0.000 0.766 
6 robin_vis 30 0.996 0.015 0.970 0.021 0.011 0.003 0.001 0.001 0.004 0.003 0.001 0.001 0.004 0.000 0.192 0.002 0.964 0.008 0.016 0.015 0.118 0.019 0.039 0.000 0.112 0.001 0.002 0.004 0.001 0.001 0.128 0.001 0.000 0.010 0.002 0.001 0.002 0.006 0.001 0.007 0.002 0.015 0.004 0.009 0.001 0.005 0.001 0.015 0.002 0.002 0.010 0.007 0.002 0.001 0.001 0.005 0.001 0.036 
7 swan_vis 30 0.996 0.014 0.992 0.026 0.531 0.005 0.001 0.001 0.007 0.002 0.194 0.014 0.003 0.000 0.247 0.002 0.064 0.048 0.003 0.611 0.977 0.734 0.113 0.000 0.055 0.003 0.007 0.002 0.958 0.001 0.004 0.018 0.003 0.044 0.001 0.001 0.000 0.298 0.001 0.000 0.019 0.001 0.000 0.001 0.001 0.168 0.001 0.001 0.001 0.004 0.000 0.964 0.028 0.001 0.000 0.950 0.001 0.002 
8 woodpecker_vis 30 0.995 0.005 0.990 0.009 0.008 0.009 0.001 0.001 0.006 0.044 0.009 0.002 0.003 0.000 0.001 0.001 0.042 0.008 0.772 0.080 0.020 0.028 0.013 0.000 0.002 0.003 0.002 0.000 0.001 0.001 0.001 0.004 0.002 0.009 0.001 0.002 0.001 0.012 0.001 0.000 0.001 0.002 0.001 0.018 0.001 0.002 0.001 0.001 0.003 0.010 0.001 0.003 0.000 0.002 0.001 0.024 0.004 0.002 
9 peacock_vis 30 0.995 0.019 0.991 0.013 0.055 0.017 0.001 0.001 0.025 0.005 0.040 0.025 0.008 0.000 0.002 0.002 0.017 0.564 0.045 0.853 0.087 0.053 0.009 0.000 0.018 0.011 0.006 0.000 0.029 0.001 0.001 0.302 0.001 0.034 0.006 0.002 0.000 0.694 0.001 0.001 0.004 0.001 0.001 0.021 0.002 0.175 0.001 0.001 0.099 0.019 0.000 0.094 0.001 0.002 0.004 0.114 0.002 0.004 
10 crow_vis 30 0.996 0.004 0.987 0.008 0.026 0.059 0.001 0.002 0.008 0.001 0.048 0.002 0.001 0.000 0.097 0.001 0.025 0.012 0.002 0.056 0.980 0.049 0.040 0.000 0.014 0.001 0.003 0.001 0.652 0.001 0.002 0.002 0.001 0.009 0.001 0.001 0.000 0.091 0.001 0.000 0.198 0.002 0.000 0.003 0.001 0.039 0.001 0.001 0.001 0.002 0.000 0.954 0.002 0.001 0.000 0.877 0.000 0.004 
11 eagle_vis 30 0.995 0.021 0.990 0.115 0.109 0.012 0.001 0.001 0.008 0.001 0.333 0.028 0.008 0.002 0.196 0.002 0.074 0.108 0.004 0.250 0.962 0.915 0.063 0.000 0.229 0.048 0.006 0.044 0.895 0.001 0.298 0.005 0.014 0.012 0.001 0.001 0.000 0.015 0.001 0.000 0.004 0.001 0.000 0.001 0.003 0.005 0.002 0.001 0.001 0.009 0.001 0.188 0.060 0.001 0.001 0.078 0.002 0.002 
12 tuna_vis 30 0.899 0.002 0.003 0.910 0.002 0.082 0.009 0.006 0.001 0.018 0.001 0.001 0.001 0.000 0.038 0.002 0.019 0.001 0.007 0.003 0.070 0.002 0.564 0.008 0.576 0.002 0.013 0.256 0.001 0.001 0.007 0.001 0.001 0.005 0.021 0.001 0.014 0.001 0.009 0.001 0.002 0.007 0.001 0.001 0.005 0.007 0.001 0.001 0.001 0.001 0.007 0.001 0.001 0.012 0.004 0.003 0.001 0.002 
13 goldfish_vis 30 0.995 0.002 0.001 0.971 0.011 0.002 0.003 0.003 0.001 0.001 0.001 0.001 0.001 0.001 0.001 0.003 0.001 0.001 0.010 0.001 0.001 0.001 0.003 0.102 0.018 0.015 0.282 0.346 0.002 0.003 0.024 0.001 0.001 0.003 0.001 0.011 0.001 0.001 0.021 0.001 0.050 0.001 0.007 0.002 0.003 0.001 0.001 0.001 0.000 0.000 0.001 0.001 0.001 0.001 0.002 0.001 0.000 0.001 
14 salmon_vis 30 0.995 0.004 0.065 0.977 0.001 0.002 0.003 0.032 0.001 0.001 0.003 0.001 0.017 0.000 0.003 0.001 0.026 0.022 0.004 0.076 0.037 0.004 0.023 0.001 0.887 0.135 0.059 0.017 0.001 0.001 0.001 0.001 0.000 0.001 0.042 0.005 0.004 0.004 0.001 0.006 0.018 0.001 0.127 0.026 0.012 0.047 0.001 0.002 0.001 0.001 0.001 0.001 0.001 0.001 0.121 0.000 0.000 0.001 
15 sardine_vis 30 0.996 0.002 0.001 0.952 0.020 0.002 0.002 0.011 0.001 0.001 0.001 0.002 0.001 0.000 0.001 0.002 0.001 0.002 0.023 0.002 0.001 0.000 0.002 0.005 0.002 0.898 0.127 0.002 0.001 0.001 0.001 0.092 0.005 0.002 0.003 0.003 0.000 0.002 0.005 0.000 0.066 0.000 0.015 0.002 0.007 0.002 0.000 0.001 0.000 0.000 0.000 0.001 0.000 0.001 0.017 0.001 0.000 0.001 
16 catfish_vis 30 0.995 0.007 0.018 0.991 0.002 0.004 0.003 0.002 0.001 0.008 0.009 0.001 0.011 0.000 0.001 0.074 0.010 0.713 0.005 0.003 0.192 0.001 0.032 0.003 0.927 0.147 0.960 0.015 0.002 0.001 0.008 0.002 0.000 0.002 0.001 0.288 0.000 0.083 0.001 0.005 0.841 0.000 0.003 0.001 0.006 0.002 0.001 0.016 0.001 0.001 0.000 0.001 0.001 0.001 0.022 0.001 0.000 0.167 
17 cod_vis 30 0.995 0.002 0.001 0.963 0.004 0.002 0.003 0.003 0.001 0.001 0.001 0.001 0.001 0.000 0.001 0.001 0.003 0.001 0.005 0.001 0.010 0.002 0.005 0.018 0.095 0.007 0.237 0.632 0.002 0.001 0.014 0.001 0.001 0.002 0.001 0.005 0.001 0.001 0.012 0.001 0.030 0.001 0.006 0.003 0.002 0.001 0.001 0.001 0.000 0.000 0.001 0.001 0.001 0.001 0.001 0.001 0.000 0.001 
18 turtle_vis 30 0.996 0.016 0.049 0.008 0.989 0.002 0.001 0.001 0.003 0.001 0.001 0.072 0.001 0.000 0.001 0.012 0.001 0.055 0.001 0.003 0.032 0.002 0.001 0.001 0.001 0.024 0.047 0.001 0.960 0.004 0.006 0.794 0.003 0.036 0.001 0.001 0.000 0.193 0.001 0.001 0.074 0.000 0.000 0.000 0.001 0.011 0.001 0.001 0.002 0.001 0.001 0.135 0.001 0.001 0.001 0.012 0.000 0.006 
19 rattlesnake_vis 30 0.007 0.002 0.001 0.043 0.006 0.995 0.008 0.987 0.005 0.001 0.001 0.001 0.001 0.000 0.004 0.001 0.001 0.001 0.001 0.001 0.035 0.001 0.100 0.004 0.020 0.001 0.073 0.016 0.005 0.005 0.000 0.001 0.001 0.048 0.003 0.001 0.000 0.016 0.011 0.000 0.781 0.720 0.001 0.101 0.015 0.744 0.001 0.001 0.001 0.043 0.001 0.545 0.004 0.001 0.001 0.820 0.000 0.001 
20 crab_vis 30 0.996 0.009 0.003 0.012 0.980 0.003 0.001 0.001 0.002 0.002 0.000 0.002 0.000 0.004 0.001 0.008 0.007 0.001 0.030 0.001 0.001 0.001 0.003 0.004 0.000 0.001 0.007 0.005 0.057 0.013 0.070 0.013 0.003 0.754 0.001 0.001 0.000 0.031 0.001 0.001 0.012 0.002 0.001 0.002 0.001 0.002 0.001 0.001 0.021 0.000 0.001 0.014 0.001 0.001 0.001 0.035 0.001 0.004 
21 frog_vis 30 0.996 0.019 0.117 0.005 0.966 0.004 0.001 0.001 0.013 0.001 0.001 0.789 0.002 0.000 0.000 0.002 0.001 0.752 0.002 0.002 0.001 0.010 0.001 0.000 0.001 0.029 0.034 0.001 0.494 0.001 0.001 0.932 0.001 0.026 0.001 0.003 0.000 0.782 0.001 0.003 0.004 0.000 0.000 0.001 0.001 0.002 0.001 0.001 0.251 0.001 0.000 0.004 0.000 0.001 0.001 0.001 0.004 0.002 
22 gecko_vis 30 0.994 0.012 0.001 0.017 0.989 0.015 0.001 0.001 0.003 0.004 0.000 0.002 0.001 0.010 0.001 0.026 0.006 0.001 0.015 0.001 0.000 0.000 0.016 0.068 0.000 0.001 0.005 0.001 0.009 0.063 0.092 0.023 0.022 0.980 0.037 0.001 0.000 0.058 0.003 0.001 0.008 0.011 0.001 0.003 0.002 0.015 0.001 0.001 0.086 0.001 0.001 0.013 0.001 0.002 0.001 0.055 0.001 0.006 
23 crocodile_vis 30 0.995 0.013 0.011 0.010 0.981 0.016 0.001 0.001 0.005 0.005 0.001 0.001 0.001 0.002 0.002 0.010 0.029 0.002 0.003 0.003 0.001 0.001 0.006 0.001 0.001 0.001 0.021 0.026 0.295 0.015 0.051 0.042 0.002 0.564 0.012 0.001 0.000 0.106 0.001 0.001 0.007 0.002 0.000 0.001 0.001 0.017 0.001 0.001 0.011 0.002 0.001 0.043 0.001 0.003 0.001 0.032 0.001 0.003 
24 axe_vis 30 0.003 0.001 0.001 0.005 0.001 0.996 0.986 0.017 0.001 0.001 0.000 0.010 0.001 0.001 0.000 0.000 0.001 0.001 0.042 0.000 0.000 0.001 0.002 0.008 0.001 0.001 0.012 0.016 0.000 0.008 0.000 0.001 0.001 0.049 0.904 0.001 0.015 0.024 0.042 0.001 0.001 0.002 0.001 0.026 0.002 0.019 0.001 0.000 0.002 0.021 0.000 0.001 0.000 0.002 0.006 0.003 0.032 0.001 
25 hammer_vis 30 0.003 0.010 0.001 0.005 0.001 0.995 0.984 0.004 0.002 0.021 0.001 0.004 0.033 0.004 0.001 0.000 0.001 0.012 0.001 0.000 0.000 0.000 0.018 0.005 0.024 0.001 0.001 0.001 0.000 0.002 0.000 0.001 0.000 0.001 0.001 0.822 0.007 0.061 0.002 0.163 0.022 0.001 0.001 0.003 0.001 0.001 0.011 0.004 0.002 0.001 0.000 0.001 0.001 0.001 0.005 0.001 0.016 0.019 
26 screwdriver_vis 30 0.004 0.002 0.001 0.005 0.001 0.995 0.994 0.009 0.001 0.002 0.000 0.056 0.001 0.003 0.000 0.000 0.001 0.001 0.024 0.000 0.000 0.001 0.003 0.014 0.001 0.001 0.007 0.015 0.000 0.009 0.000 0.001 0.001 0.034 0.962 0.001 0.020 0.023 0.096 0.001 0.001 0.002 0.001 0.016 0.002 0.005 0.001 0.001 0.001 0.011 0.001 0.000 0.001 0.002 0.004 0.002 0.040 0.001 
27 chisel_vis 30 0.002 0.001 0.001 0.002 0.001 0.996 0.983 0.006 0.001 0.004 0.000 0.001 0.001 0.000 0.000 0.000 0.001 0.001 0.003 0.000 0.000 0.000 0.003 0.001 0.002 0.001 0.001 0.001 0.000 0.001 0.000 0.001 0.001 0.003 0.065 0.004 0.002 0.850 0.002 0.007 0.002 0.001 0.000 0.010 0.001 0.003 0.001 0.000 0.011 0.002 0.000 0.000 0.000 0.001 0.003 0.001 0.008 0.001 
28 saw_vis 30 0.003 0.002 0.001 0.044 0.001 0.993 0.944 0.256 0.001 0.124 0.001 0.001 0.001 0.001 0.002 0.001 0.001 0.001 0.004 0.001 0.001 0.001 0.100 0.005 0.017 0.002 0.008 0.007 0.000 0.004 0.000 0.001 0.002 0.001 0.168 0.002 0.103 0.001 0.773 0.002 0.005 0.294 0.001 0.002 0.015 0.005 0.001 0.001 0.001 0.001 0.001 0.000 0.003 0.012 0.009 0.036 0.001 0.001 
29 drill_vis 30 0.009 0.165 0.001 0.012 0.001 0.995 0.995 0.007 0.001 0.006 0.001 0.196 0.044 0.362 0.001 0.001 0.001 0.001 0.001 0.000 0.000 0.001 0.005 0.062 0.004 0.001 0.004 0.006 0.001 0.015 0.000 0.001 0.001 0.001 0.009 0.080 0.011 0.011 0.895 0.775 0.036 0.003 0.001 0.003 0.002 0.001 0.002 0.001 0.001 0.001 0.001 0.000 0.002 0.002 0.006 0.002 0.145 0.013 
30 clamp_vis 30 0.001 0.001 0.001 0.009 0.001 0.996 0.002 0.990 0.004 0.003 0.001 0.001 0.001 0.000 0.001 0.001 0.001 0.001 0.001 0.001 0.006 0.000 0.036 0.001 0.012 0.001 0.004 0.001 0.000 0.001 0.000 0.001 0.000 0.002 0.001 0.001 0.000 0.043 0.001 0.020 0.959 0.073 0.010 0.132 0.004 0.087 0.001 0.004 0.001 0.001 0.001 0.012 0.001 0.001 0.004 0.049 0.000 0.083 
31 hoe_vis 30 0.001 0.001 0.005 0.001 0.001 0.996 0.001 0.082 0.544 0.573 0.009 0.001 0.000 0.000 0.002 0.018 0.002 0.002 0.003 0.022 0.003 0.000 0.032 0.000 0.001 0.000 0.048 0.000 0.001 0.001 0.000 0.002 0.001 0.019 0.001 0.001 0.000 0.002 0.002 0.000 0.010 0.101 0.000 0.002 0.018 0.193 0.001 0.001 0.001 0.494 0.001 0.854 0.001 0.004 0.001 0.856 0.001 0.008 
32 rake_vis 30 0.001 0.002 0.002 0.001 0.001 0.996 0.001 0.035 0.591 0.281 0.004 0.001 0.001 0.000 0.005 0.043 0.003 0.002 0.001 0.004 0.004 0.000 0.030 0.000 0.001 0.000 0.180 0.000 0.001 0.001 0.000 0.001 0.001 0.029 0.001 0.001 0.000 0.004 0.001 0.000 0.023 0.033 0.001 0.001 0.011 0.169 0.001 0.001 0.001 0.352 0.001 0.907 0.002 0.002 0.001 0.755 0.000 0.015 
33 shovel_vis 30 0.001 0.001 0.001 0.006 0.001 0.996 0.002 0.994 0.002 0.002 0.000 0.001 0.000 0.000 0.001 0.000 0.001 0.001 0.002 0.001 0.001 0.000 0.029 0.000 0.002 0.001 0.002 0.001 0.000 0.001 0.000 0.001 0.006 0.002 0.002 0.001 0.037 0.001 0.006 0.001 0.048 0.852 0.011 0.138 0.007 0.034 0.001 0.001 0.001 0.004 0.001 0.003 0.001 0.001 0.001 0.009 0.000 0.001 
34 spade_vis 30 0.001 0.001 0.001 0.012 0.001 0.996 0.002 0.993 0.003 0.002 0.001 0.001 0.001 0.000 0.001 0.001 0.001 0.001 0.003 0.002 0.001 0.000 0.036 0.000 0.006 0.001 0.034 0.001 0.000 0.001 0.000 0.001 0.001 0.004 0.013 0.001 0.001 0.001 0.002 0.000 0.008 0.352 0.002 0.021 0.140 0.765 0.001 0.001 0.001 0.025 0.001 0.007 0.001 0.001 0.002 0.020 0.000 0.001 
35 wrench_vis 30 0.001 0.001 0.001 0.002 0.001 0.996 0.001 0.865 0.031 0.011 0.001 0.001 0.001 0.000 0.001 0.002 0.001 0.001 0.002 0.005 0.001 0.000 0.032 0.000 0.003 0.001 0.150 0.000 0.000 0.001 0.000 0.001 0.001 0.016 0.002 0.001 0.000 0.002 0.001 0.000 0.009 0.060 0.001 0.003 0.059 0.870 0.001 0.001 0.001 0.132 0.001 0.122 0.001 0.001 0.002 0.157 0.000 0.001 
36 accordion_vis 30 0.002 0.005 0.007 0.001 0.001 0.996 0.001 0.018 0.076 0.916 0.008 0.001 0.003 0.000 0.001 0.023 0.004 0.002 0.005 0.056 0.000 0.001 0.015 0.000 0.001 0.001 0.017 0.000 0.000 0.001 0.001 0.004 0.003 0.002 0.012 0.001 0.004 0.001 0.002 0.000 0.001 0.039 0.001 0.001 0.107 0.006 0.004 0.001 0.001 0.062 0.030 0.002 0.023 0.933 0.095 0.011 0.014 0.009 
37 cello_vis 30 0.022 0.003 0.002 0.001 0.006 0.995 0.001 0.005 0.994 0.006 0.001 0.002 0.001 0.003 0.001 0.008 0.003 0.056 0.001 0.001 0.001 0.000 0.002 0.006 0.001 0.000 0.004 0.001 0.001 0.029 0.022 0.001 0.001 0.001 0.001 0.041 0.000 0.001 0.001 0.002 0.009 0.001 0.016 0.001 0.002 0.002 0.007 0.961 0.049 0.001 0.011 0.034 0.018 0.001 0.002 0.001 0.000 0.038 
38 flute_vis 30 0.011 0.002 0.002 0.001 0.010 0.996 0.001 0.004 0.995 0.002 0.000 0.028 0.002 0.000 0.000 0.001 0.002 0.038 0.001 0.001 0.000 0.000 0.001 0.001 0.001 0.000 0.004 0.000 0.001 0.015 0.000 0.005 0.001 0.014 0.001 0.057 0.000 0.019 0.001 0.000 0.002 0.001 0.004 0.004 0.001 0.004 0.026 0.075 0.982 0.008 0.001 0.072 0.001 0.001 0.003 0.001 0.001 0.002 
39 guitar_vis 30 0.001 0.002 0.009 0.001 0.001 0.996 0.001 0.078 0.424 0.641 0.029 0.004 0.001 0.000 0.001 0.003 0.001 0.001 0.002 0.064 0.004 0.000 0.017 0.000 0.000 0.000 0.008 0.000 0.001 0.001 0.000 0.005 0.001 0.008 0.001 0.001 0.000 0.002 0.001 0.000 0.006 0.039 0.001 0.001 0.045 0.214 0.001 0.001 0.001 0.419 0.001 0.790 0.001 0.006 0.001 0.831 0.001 0.003 
40 piano_vis 30 0.013 0.003 0.002 0.001 0.059 0.994 0.001 0.020 0.770 0.003 0.001 0.003 0.001 0.059 0.001 0.007 0.002 0.001 0.001 0.001 0.000 0.001 0.002 0.010 0.001 0.001 0.010 0.006 0.004 0.041 0.106 0.002 0.010 0.002 0.001 0.002 0.001 0.001 0.001 0.000 0.002 0.136 0.003 0.001 0.022 0.002 0.011 0.009 0.001 0.003 0.453 0.058 0.039 0.002 0.001 0.001 0.000 0.001 
41 trumpet_vis 30 0.004 0.002 0.003 0.001 0.006 0.996 0.001 0.009 0.986 0.004 0.001 0.003 0.001 0.001 0.006 0.003 0.002 0.002 0.001 0.001 0.007 0.000 0.012 0.000 0.001 0.000 0.010 0.000 0.074 0.005 0.001 0.002 0.001 0.017 0.000 0.002 0.000 0.002 0.001 0.000 0.012 0.002 0.001 0.001 0.006 0.036 0.004 0.007 0.002 0.005 0.005 0.987 0.011 0.001 0.001 0.075 0.000 0.002 
42 fork_vis 30 0.003 0.023 0.012 0.001 0.008 0.996 0.007 0.001 0.012 0.994 0.042 0.002 0.001 0.000 0.007 0.137 0.017 0.005 0.028 0.047 0.003 0.001 0.109 0.000 0.001 0.001 0.105 0.000 0.001 0.013 0.001 0.005 0.001 0.016 0.017 0.001 0.001 0.006 0.006 0.001 0.002 0.008 0.000 0.000 0.012 0.010 0.001 0.001 0.001 0.025 0.006 0.007 0.033 0.885 0.093 0.754 0.089 0.303 
43 spoon_vis 30 0.003 0.005 0.193 0.001 0.053 0.996 0.004 0.003 0.041 0.995 0.017 0.016 0.001 0.000 0.001 0.011 0.006 0.002 0.461 0.586 0.001 0.001 0.068 0.000 0.001 0.002 0.023 0.000 0.001 0.006 0.000 0.154 0.036 0.097 0.647 0.001 0.001 0.041 0.005 0.001 0.002 0.008 0.000 0.001 0.012 0.328 0.001 0.001 0.001 0.186 0.008 0.015 0.005 0.938 0.212 0.953 0.198 0.031 
44 tongs_vis 30 0.003 0.008 0.201 0.001 0.021 0.996 0.008 0.001 0.437 0.995 0.004 0.008 0.002 0.000 0.001 0.023 0.033 0.602 0.186 0.001 0.000 0.000 0.018 0.000 0.001 0.001 0.012 0.000 0.001 0.009 0.000 0.003 0.001 0.080 0.004 0.008 0.000 0.974 0.001 0.022 0.074 0.001 0.001 0.001 0.001 0.006 0.001 0.012 0.633 0.086 0.001 0.003 0.003 0.015 0.594 0.371 0.831 0.946 
45 ladle_vis 30 0.004 0.002 0.031 0.001 0.021 0.996 0.002 0.002 0.003 0.995 0.289 0.059 0.001 0.000 0.001 0.003 0.001 0.004 0.005 0.282 0.015 0.001 0.022 0.000 0.000 0.004 0.011 0.000 0.013 0.002 0.000 0.068 0.008 0.013 0.005 0.001 0.000 0.059 0.003 0.001 0.004 0.004 0.000 0.001 0.016 0.086 0.000 0.000 0.001 0.038 0.001 0.105 0.005 0.364 0.003 0.987 0.016 0.023 
46 knife_vis 30 0.002 0.003 0.314 0.001 0.057 0.996 0.005 0.001 0.228 0.995 0.004 0.019 0.001 0.000 0.003 0.001 0.012 0.009 0.071 0.002 0.006 0.001 0.075 0.000 0.001 0.001 0.003 0.000 0.012 0.005 0.000 0.001 0.010 0.015 0.003 0.001 0.000 0.615 0.002 0.001 0.003 0.002 0.000 0.001 0.001 0.005 0.001 0.001 0.037 0.029 0.000 0.022 0.026 0.018 0.003 0.563 0.872 0.075 
47 chopsticks_vis 30 0.002 0.004 0.062 0.001 0.010 0.996 0.029 0.001 0.721 0.995 0.001 0.001 0.002 0.000 0.003 0.003 0.522 0.169 0.116 0.001 0.000 0.000 0.041 0.000 0.001 0.000 0.003 0.000 0.001 0.010 0.000 0.001 0.001 0.065 0.002 0.009 0.001 0.980 0.001 0.011 0.011 0.001 0.000 0.001 0.001 0.002 0.001 0.004 0.718 0.040 0.000 0.002 0.004 0.004 0.053 0.107 0.899 0.927 
