0 beaver_vis 30 0.996 0.994 0.108 0.880 0.017 0.001 0.027 0.000 0.001 0.001 0.903 0.443 0.991 0.013 0.381 0.001 0.041 0.001 0.946 0.002 0.001 0.151 0.664 0.002 0.962 0.001 0.111 0.005 0.004 0.872 0.001 0.007 0.002 0.001 0.000 0.016 0.001 0.082 0.222 0.962 0.000 0.000 0.000 0.000 0.004 0.007 0.003 0.000 0.000 0.000 0.001 0.000 0.000 0.001 0.001 0.001 0.001 0.000 
1 bear_vis 30 0.995 0.440 0.085 0.003 0.266 0.001 0.003 0.000 0.000 0.002 0.000 0.791 0.001 0.002 0.001 0.008 0.001 0.007 0.004 0.491 0.001 0.011 0.313 0.001 0.002 0.001 0.001 0.000 0.001 0.001 0.001 0.053 0.137 0.006 0.001 0.000 0.001 0.002 0.009 0.001 0.000 0.000 0.000 0.000 0.000 0.001 0.001 0.000 0.000 0.000 0.000 0.000 0.001 0.005 0.001 0.000 0.001 0.000 
2 sheep_vis 30 0.996 0.923 0.074 0.031 0.001 0.001 0.001 0.001 0.000 0.001 0.063 0.001 0.788 0.021 0.032 0.001 0.198 0.001 0.166 0.001 0.001 0.015 0.004 0.001 0.028 0.003 0.015 0.002 0.002 0.040 0.001 0.001 0.001 0.001 0.000 0.001 0.001 0.003 0.001 0.015 0.000 0.000 0.000 0.000 0.001 0.056 0.002 0.000 0.000 0.000 0.000 0.000 0.000 0.001 0.001 0.002 0.001 0.000 
3 buffalo_vis 30 0.958 0.928 0.275 0.001 0.002 0.017 0.003 0.432 0.001 0.001 0.000 0.007 0.068 0.988 0.586 0.007 0.072 0.090 0.008 0.013 0.008 0.559 0.001 0.001 0.001 0.001 0.005 0.000 0.007 0.007 0.001 0.001 0.002 0.001 0.003 0.001 0.002 0.004 0.001 0.001 0.003 0.659 0.000 0.173 0.000 0.080 0.048 0.001 0.001 0.000 0.000 0.000 0.000 0.001 0.001 0.001 0.001 0.000 
4 poodle_vis 30 0.980 0.971 0.012 0.001 0.002 0.005 0.015 0.000 0.007 0.001 0.001 0.099 0.020 0.964 0.019 0.236 0.003 0.065 0.005 0.036 0.001 0.027 0.003 0.001 0.001 0.001 0.002 0.000 0.001 0.004 0.001 0.001 0.002 0.001 0.005 0.001 0.002 0.003 0.001 0.001 0.000 0.004 0.000 0.028 0.001 0.001 0.035 0.017 0.000 0.000 0.000 0.000 0.000 0.001 0.001 0.001 0.001 0.000 
5 giraffe_vis 30 0.912 0.946 0.037 0.001 0.002 0.004 0.001 0.000 0.226 0.001 0.002 0.021 0.004 0.967 0.016 0.596 0.009 0.388 0.003 0.015 0.002 0.015 0.002 0.001 0.001 0.001 0.001 0.000 0.001 0.002 0.001 0.001 0.002 0.004 0.001 0.000 0.002 0.002 0.001 0.001 0.000 0.016 0.000 0.026 0.000 0.003 0.166 0.025 0.001 0.000 0.000 0.000 0.001 0.001 0.001 0.000 0.001 0.000 
6 robin_vis 30 0.996 0.055 0.994 0.011 0.001 0.251 0.001 0.000 0.000 0.039 0.000 0.003 0.086 0.007 0.001 0.000 0.381 0.002 0.894 0.026 0.137 0.319 0.004 0.001 0.090 0.001 0.010 0.000 0.001 0.001 0.001 0.001 0.003 0.000 0.000 0.004 0.001 0.017 0.000 0.001 0.001 0.000 0.000 0.002 0.000 0.004 0.001 0.000 0.000 0.000 0.000 0.000 0.000 0.009 0.025 0.016 0.019 0.000 
7 swan_vis 30 0.995 0.407 0.968 0.002 0.004 0.152 0.001 0.000 0.000 0.022 0.000 0.015 0.040 0.785 0.005 0.000 0.017 0.008 0.124 0.174 0.135 0.960 0.001 0.001 0.007 0.000 0.012 0.000 0.002 0.002 0.002 0.002 0.007 0.001 0.008 0.001 0.002 0.058 0.000 0.000 0.003 0.048 0.000 0.181 0.000 0.001 0.001 0.000 0.000 0.000 0.000 0.000 0.001 0.008 0.016 0.004 0.004 0.000 
8 woodpecker_vis 30 0.995 0.018 0.979 0.020 0.001 0.207 0.001 0.000 0.000 0.028 0.001 0.002 0.008 0.001 0.000 0.000 0.031 0.001 0.946 0.082 0.027 0.018 0.040 0.002 0.028 0.001 0.002 0.000 0.000 0.001 0.000 0.001 0.005 0.000 0.000 0.005 0.001 0.003 0.001 0.002 0.000 0.000 0.000 0.000 0.000 0.001 0.001 0.000 0.000 0.000 0.000 0.000 0.000 0.017 0.005 0.002 0.028 0.001 
9 peacock_vis 30 0.996 0.753 0.995 0.006 0.032 0.001 0.001 0.000 0.000 0.070 0.000 0.721 0.002 0.235 0.001 0.001 0.053 0.147 0.872 0.980 0.586 0.917 0.369 0.001 0.094 0.001 0.003 0.000 0.005 0.001 0.001 0.297 0.310 0.001 0.399 0.001 0.001 0.003 0.008 0.001 0.000 0.001 0.000 0.009 0.000 0.001 0.001 0.000 0.000 0.000 0.000 0.000 0.003 0.552 0.119 0.001 0.378 0.000 
10 crow_vis 30 0.991 0.011 0.991 0.001 0.005 0.051 0.001 0.000 0.000 0.007 0.000 0.019 0.001 0.013 0.000 0.000 0.002 0.014 0.049 0.874 0.734 0.030 0.002 0.001 0.002 0.000 0.000 0.000 0.001 0.001 0.001 0.079 0.028 0.001 0.321 0.001 0.002 0.003 0.001 0.001 0.001 0.000 0.000 0.007 0.000 0.001 0.001 0.000 0.000 0.000 0.000 0.000 0.013 0.006 0.005 0.001 0.014 0.000 
11 eagle_vis 30 0.996 0.227 0.995 0.005 0.036 0.506 0.001 0.001 0.000 0.243 0.000 0.052 0.168 0.821 0.006 0.000 0.179 0.030 0.401 0.631 0.509 0.992 0.006 0.001 0.123 0.001 0.169 0.000 0.023 0.001 0.008 0.037 0.061 0.001 0.002 0.001 0.012 0.633 0.001 0.001 0.047 0.003 0.000 0.907 0.000 0.002 0.002 0.000 0.000 0.000 0.000 0.000 0.002 0.078 0.217 0.036 0.060 0.000 
12 tuna_vis 30 0.996 0.010 0.004 0.974 0.003 0.001 0.000 0.000 0.000 0.002 0.039 0.019 0.002 0.000 0.000 0.000 0.001 0.001 0.059 0.008 0.001 0.001 0.926 0.228 0.165 0.005 0.003 0.001 0.001 0.001 0.001 0.004 0.096 0.001 0.000 0.000 0.001 0.001 0.017 0.018 0.000 0.000 0.000 0.000 0.000 0.001 0.000 0.000 0.000 0.000 0.001 0.000 0.000 0.000 0.001 0.000 0.011 0.001 
13 goldfish_vis 30 0.994 0.002 0.003 0.960 0.018 0.004 0.000 0.000 0.000 0.002 0.019 0.001 0.001 0.000 0.000 0.001 0.001 0.001 0.006 0.001 0.002 0.001 0.174 0.933 0.097 0.007 0.001 0.012 0.001 0.002 0.001 0.009 0.056 0.009 0.000 0.000 0.001 0.001 0.025 0.012 0.000 0.000 0.000 0.000 0.000 0.001 0.000 0.000 0.000 0.000 0.002 0.000 0.000 0.000 0.001 0.000 0.013 0.002 
14 salmon_vis 30 0.996 0.033 0.993 0.004 0.004 0.003 0.001 0.000 0.000 0.008 0.000 0.001 0.023 0.007 0.001 0.000 0.029 0.001 0.657 0.020 0.138 0.533 0.002 0.001 0.036 0.000 0.007 0.000 0.001 0.001 0.001 0.001 0.006 0.000 0.000 0.001 0.001 0.004 0.001 0.001 0.001 0.001 0.000 0.001 0.000 0.001 0.000 0.000 0.000 0.000 0.000 0.000 0.000 0.001 0.011 0.001 0.005 0.000 
15 sardine_vis 30 0.996 0.005 0.006 0.975 0.003 0.001 0.000 0.000 0.001 0.001 0.061 0.001 0.002 0.000 0.001 0.002 0.005 0.019 0.004 0.001 0.001 0.001 0.116 0.060 0.005 0.863 0.084 0.017 0.002 0.001 0.001 0.002 0.001 0.047 0.000 0.000 0.001 0.001 0.001 0.004 0.000 0.000 0.000 0.000 0.000 0.001 0.000 0.000 0.000 0.000 0.004 0.000 0.000 0.000 0.001 0.001 0.001 0.005 
16 catfish_vis 30 0.996 0.019 0.009 0.972 0.003 0.001 0.000 0.000 0.000 0.001 0.006 0.001 0.030 0.000 0.020 0.001 0.004 0.001 0.014 0.001 0.001 0.009 0.054 0.002 0.129 0.011 0.829 0.020 0.001 0.001 0.034 0.001 0.002 0.001 0.000 0.000 0.001 0.001 0.001 0.003 0.000 0.000 0.000 0.000 0.001 0.001 0.000 0.000 0.000 0.000 0.001 0.000 0.000 0.000 0.001 0.001 0.001 0.001 
17 cod_vis 30 0.995 0.001 0.009 0.977 0.040 0.001 0.000 0.001 0.000 0.002 0.001 0.000 0.002 0.000 0.001 0.000 0.008 0.001 0.002 0.001 0.003 0.001 0.001 0.041 0.043 0.019 0.076 0.957 0.032 0.004 0.113 0.003 0.002 0.003 0.000 0.000 0.001 0.001 0.001 0.004 0.001 0.000 0.000 0.000 0.001 0.001 0.000 0.000 0.000 0.000 0.002 0.000 0.000 0.000 0.001 0.002 0.001 0.004 
18 turtle_vis 30 0.995 0.001 0.015 0.004 0.991 0.001 0.000 0.036 0.000 0.001 0.000 0.001 0.001 0.000 0.001 0.001 0.002 0.007 0.001 0.001 0.032 0.002 0.001 0.001 0.001 0.001 0.006 0.096 0.929 0.032 0.264 0.021 0.002 0.056 0.000 0.000 0.001 0.001 0.001 0.001 0.005 0.000 0.013 0.001 0.000 0.001 0.000 0.001 0.000 0.000 0.000 0.000 0.001 0.000 0.001 0.001 0.001 0.001 
19 rattlesnake_vis 30 0.995 0.072 0.980 0.937 0.994 0.001 0.001 0.247 0.001 0.001 0.000 0.002 0.040 0.001 0.025 0.001 0.260 0.022 0.004 0.001 0.571 0.279 0.001 0.017 0.700 0.008 0.601 0.957 0.988 0.835 0.682 0.971 0.045 0.059 0.000 0.001 0.005 0.003 0.001 0.100 0.004 0.000 0.471 0.070 0.000 0.009 0.000 0.000 0.000 0.000 0.000 0.001 0.000 0.000 0.013 0.002 0.002 0.001 
20 crab_vis 30 0.991 0.001 0.003 0.040 0.989 0.001 0.000 0.000 0.000 0.003 0.000 0.001 0.001 0.000 0.002 0.015 0.001 0.029 0.001 0.001 0.004 0.001 0.001 0.031 0.002 0.007 0.002 0.007 0.017 0.006 0.366 0.003 0.058 0.836 0.000 0.000 0.001 0.001 0.003 0.001 0.001 0.000 0.000 0.000 0.000 0.001 0.000 0.001 0.000 0.000 0.000 0.002 0.053 0.000 0.001 0.000 0.001 0.001 
21 frog_vis 30 0.996 0.027 0.911 0.937 0.994 0.001 0.001 0.001 0.001 0.310 0.001 0.027 0.001 0.000 0.002 0.573 0.077 0.579 0.002 0.060 0.399 0.013 0.106 0.932 0.187 0.837 0.049 0.678 0.983 0.153 0.496 0.986 0.622 0.979 0.000 0.000 0.726 0.001 0.369 0.386 0.005 0.000 0.312 0.009 0.005 0.002 0.000 0.479 0.000 0.000 0.413 0.095 0.050 0.000 0.192 0.009 0.514 0.868 
22 gecko_vis 30 0.994 0.001 0.004 0.041 0.992 0.001 0.000 0.000 0.000 0.004 0.000 0.001 0.001 0.000 0.007 0.001 0.001 0.004 0.001 0.001 0.005 0.001 0.001 0.004 0.005 0.001 0.004 0.015 0.023 0.013 0.755 0.004 0.121 0.312 0.000 0.000 0.001 0.001 0.001 0.001 0.001 0.000 0.000 0.001 0.001 0.001 0.000 0.000 0.000 0.000 0.000 0.000 0.010 0.000 0.003 0.000 0.001 0.000 
23 crocodile_vis 30 0.994 0.003 0.007 0.130 0.984 0.001 0.000 0.000 0.000 0.006 0.001 0.038 0.001 0.000 0.001 0.037 0.001 0.031 0.001 0.019 0.003 0.001 0.042 0.048 0.002 0.010 0.002 0.001 0.003 0.002 0.078 0.013 0.383 0.852 0.000 0.000 0.001 0.001 0.076 0.001 0.000 0.000 0.000 0.000 0.000 0.001 0.000 0.001 0.000 0.000 0.000 0.002 0.033 0.000 0.001 0.000 0.001 0.001 
24 axe_vis 30 0.002 0.001 0.001 0.001 0.002 0.995 0.985 0.134 0.001 0.015 0.000 0.002 0.096 0.032 0.000 0.000 0.001 0.000 0.003 0.004 0.010 0.038 0.001 0.001 0.024 0.000 0.001 0.000 0.000 0.090 0.008 0.001 0.019 0.000 0.124 0.022 0.011 0.977 0.001 0.001 0.050 0.081 0.002 0.188 0.001 0.001 0.001 0.000 0.002 0.001 0.000 0.001 0.001 0.001 0.081 0.001 0.003 0.000 
25 hammer_vis 30 0.002 0.001 0.006 0.001 0.002 0.995 0.135 0.000 0.001 0.941 0.000 0.002 0.001 0.001 0.000 0.000 0.001 0.001 0.003 0.182 0.040 0.001 0.003 0.001 0.004 0.000 0.001 0.000 0.000 0.001 0.001 0.036 0.212 0.001 0.199 0.006 0.010 0.012 0.002 0.001 0.003 0.000 0.000 0.002 0.001 0.001 0.001 0.001 0.006 0.001 0.000 0.001 0.321 0.046 0.027 0.001 0.643 0.004 
26 screwdriver_vis 30 0.002 0.001 0.001 0.001 0.002 0.995 0.995 0.000 0.047 0.033 0.000 0.019 0.002 0.020 0.000 0.000 0.001 0.000 0.003 0.099 0.011 0.001 0.002 0.001 0.003 0.000 0.000 0.000 0.000 0.007 0.000 0.010 0.051 0.000 0.983 0.248 0.282 0.189 0.003 0.002 0.001 0.004 0.001 0.161 0.001 0.001 0.008 0.004 0.465 0.001 0.000 0.026 0.016 0.010 0.020 0.001 0.025 0.000 
27 chisel_vis 30 0.002 0.001 0.001 0.001 0.002 0.994 0.994 0.001 0.001 0.010 0.000 0.007 0.011 0.017 0.000 0.000 0.001 0.000 0.003 0.009 0.005 0.004 0.001 0.001 0.007 0.000 0.000 0.000 0.000 0.016 0.001 0.001 0.057 0.000 0.717 0.051 0.019 0.732 0.001 0.001 0.004 0.010 0.001 0.029 0.001 0.001 0.001 0.000 0.016 0.001 0.000 0.001 0.003 0.002 0.019 0.001 0.004 0.000 
28 saw_vis 30 0.018 0.001 0.212 0.002 0.007 0.995 0.225 0.000 0.001 0.983 0.000 0.008 0.001 0.001 0.000 0.000 0.001 0.001 0.018 0.713 0.361 0.004 0.017 0.009 0.021 0.000 0.000 0.000 0.000 0.001 0.001 0.085 0.766 0.005 0.429 0.006 0.005 0.012 0.003 0.002 0.003 0.000 0.000 0.001 0.001 0.001 0.001 0.000 0.003 0.001 0.000 0.002 0.411 0.100 0.199 0.001 0.926 0.004 
29 drill_vis 30 0.002 0.001 0.012 0.002 0.001 0.995 0.262 0.000 0.001 0.983 0.000 0.002 0.001 0.000 0.000 0.000 0.001 0.001 0.004 0.363 0.069 0.001 0.004 0.003 0.008 0.000 0.000 0.000 0.000 0.001 0.000 0.037 0.293 0.001 0.601 0.010 0.005 0.006 0.003 0.004 0.003 0.000 0.000 0.001 0.001 0.001 0.001 0.001 0.006 0.002 0.001 0.001 0.537 0.154 0.131 0.001 0.882 0.007 
30 clamp_vis 30 0.004 0.001 0.014 0.001 0.003 0.994 0.192 0.012 0.001 0.335 0.000 0.002 0.001 0.001 0.000 0.000 0.001 0.001 0.003 0.116 0.201 0.018 0.001 0.001 0.007 0.000 0.001 0.000 0.001 0.002 0.003 0.017 0.322 0.001 0.063 0.002 0.007 0.070 0.001 0.001 0.063 0.002 0.002 0.017 0.001 0.001 0.001 0.000 0.005 0.000 0.000 0.001 0.051 0.002 0.071 0.002 0.061 0.001 
31 hoe_vis 30 0.002 0.002 0.001 0.001 0.002 0.995 0.986 0.038 0.001 0.014 0.000 0.003 0.134 0.144 0.001 0.000 0.001 0.000 0.009 0.003 0.045 0.062 0.000 0.001 0.034 0.000 0.001 0.000 0.000 0.458 0.076 0.001 0.291 0.000 0.099 0.021 0.010 0.988 0.001 0.001 0.080 0.131 0.001 0.028 0.001 0.001 0.002 0.000 0.002 0.001 0.000 0.001 0.001 0.001 0.071 0.001 0.002 0.000 
32 rake_vis 30 0.003 0.001 0.002 0.001 0.002 0.994 0.871 0.290 0.001 0.009 0.000 0.001 0.074 0.053 0.000 0.000 0.001 0.000 0.002 0.001 0.038 0.018 0.000 0.001 0.008 0.000 0.001 0.000 0.001 0.113 0.001 0.002 0.002 0.000 0.033 0.013 0.012 0.788 0.001 0.001 0.023 0.023 0.005 0.893 0.001 0.001 0.001 0.000 0.005 0.001 0.000 0.001 0.001 0.001 0.027 0.001 0.002 0.001 
33 shovel_vis 30 0.002 0.001 0.002 0.001 0.002 0.994 0.946 0.268 0.001 0.003 0.000 0.001 0.093 0.054 0.000 0.000 0.001 0.000 0.002 0.001 0.024 0.021 0.000 0.001 0.010 0.000 0.001 0.000 0.001 0.122 0.001 0.001 0.002 0.000 0.059 0.021 0.020 0.901 0.001 0.001 0.024 0.039 0.006 0.786 0.001 0.002 0.001 0.000 0.006 0.001 0.000 0.001 0.001 0.001 0.030 0.001 0.002 0.000 
34 spade_vis 30 0.003 0.001 0.002 0.001 0.003 0.994 0.537 0.014 0.001 0.409 0.000 0.001 0.003 0.001 0.003 0.000 0.001 0.000 0.002 0.002 0.014 0.053 0.000 0.001 0.098 0.000 0.001 0.000 0.000 0.039 0.017 0.001 0.043 0.000 0.683 0.001 0.003 0.283 0.002 0.001 0.003 0.718 0.001 0.002 0.003 0.001 0.001 0.000 0.000 0.001 0.000 0.001 0.011 0.003 0.879 0.004 0.003 0.000 
35 wrench_vis 30 0.005 0.002 0.002 0.001 0.002 0.994 0.788 0.417 0.001 0.002 0.000 0.001 0.078 0.088 0.000 0.000 0.001 0.000 0.002 0.001 0.073 0.011 0.000 0.001 0.005 0.000 0.000 0.000 0.001 0.167 0.000 0.003 0.001 0.000 0.036 0.019 0.023 0.572 0.001 0.001 0.008 0.020 0.008 0.981 0.001 0.002 0.001 0.000 0.010 0.001 0.000 0.001 0.000 0.000 0.013 0.001 0.001 0.000 
36 accordion_vis 30 0.013 0.004 0.002 0.001 0.007 0.994 0.985 0.004 0.007 0.008 0.000 0.015 0.255 0.271 0.001 0.000 0.001 0.000 0.046 0.013 0.104 0.076 0.001 0.001 0.096 0.000 0.001 0.000 0.000 0.618 0.114 0.001 0.559 0.000 0.118 0.049 0.035 0.949 0.001 0.001 0.038 0.029 0.001 0.036 0.001 0.001 0.004 0.001 0.028 0.001 0.001 0.004 0.002 0.003 0.016 0.001 0.004 0.001 
37 cello_vis 30 0.896 0.025 0.002 0.001 0.851 0.092 0.017 0.079 0.008 0.005 0.000 0.002 0.038 0.003 0.001 0.000 0.001 0.001 0.001 0.002 0.010 0.003 0.001 0.001 0.030 0.000 0.001 0.003 0.020 0.841 0.046 0.007 0.056 0.001 0.004 0.002 0.007 0.034 0.001 0.002 0.009 0.002 0.045 0.026 0.001 0.001 0.002 0.002 0.020 0.001 0.001 0.002 0.003 0.001 0.003 0.001 0.002 0.001 
38 flute_vis 30 0.006 0.003 0.002 0.001 0.003 0.994 0.979 0.026 0.002 0.006 0.000 0.004 0.209 0.153 0.001 0.000 0.001 0.000 0.015 0.005 0.061 0.058 0.001 0.001 0.050 0.000 0.001 0.000 0.001 0.429 0.021 0.001 0.157 0.000 0.089 0.035 0.024 0.972 0.001 0.001 0.037 0.038 0.001 0.114 0.001 0.001 0.002 0.000 0.012 0.001 0.001 0.002 0.001 0.001 0.026 0.001 0.004 0.001 
39 guitar_vis 30 0.002 0.001 0.001 0.001 0.001 0.994 0.989 0.001 0.007 0.006 0.000 0.007 0.031 0.079 0.000 0.000 0.001 0.000 0.005 0.018 0.029 0.007 0.001 0.001 0.006 0.000 0.000 0.000 0.000 0.140 0.003 0.002 0.101 0.000 0.412 0.065 0.040 0.677 0.001 0.001 0.007 0.011 0.001 0.067 0.001 0.001 0.003 0.001 0.065 0.001 0.001 0.004 0.003 0.002 0.007 0.001 0.005 0.001 
40 piano_vis 30 0.679 0.016 0.152 0.001 0.004 0.979 0.163 0.012 0.001 0.011 0.000 0.001 0.145 0.600 0.000 0.000 0.001 0.001 0.033 0.006 0.696 0.073 0.001 0.001 0.007 0.000 0.000 0.000 0.004 0.506 0.001 0.012 0.010 0.000 0.017 0.010 0.013 0.526 0.001 0.001 0.005 0.003 0.001 0.925 0.001 0.001 0.001 0.000 0.011 0.001 0.000 0.001 0.002 0.002 0.006 0.001 0.007 0.001 
41 trumpet_vis 30 0.009 0.002 0.004 0.001 0.002 0.994 0.599 0.472 0.001 0.006 0.000 0.001 0.057 0.080 0.000 0.000 0.001 0.000 0.002 0.001 0.108 0.009 0.000 0.001 0.003 0.000 0.000 0.000 0.002 0.154 0.001 0.005 0.001 0.000 0.026 0.012 0.020 0.356 0.001 0.001 0.011 0.017 0.008 0.984 0.001 0.003 0.001 0.000 0.013 0.001 0.001 0.001 0.001 0.001 0.014 0.001 0.002 0.001 
42 fork_vis 30 0.003 0.001 0.029 0.001 0.003 0.993 0.022 0.000 0.001 0.986 0.000 0.003 0.001 0.000 0.000 0.000 0.001 0.001 0.002 0.491 0.064 0.002 0.003 0.001 0.006 0.000 0.000 0.000 0.000 0.001 0.001 0.003 0.317 0.001 0.964 0.001 0.002 0.002 0.004 0.001 0.001 0.001 0.000 0.001 0.000 0.001 0.001 0.000 0.000 0.000 0.000 0.005 0.712 0.269 0.475 0.001 0.662 0.001 
43 spoon_vis 30 0.002 0.001 0.043 0.001 0.003 0.994 0.776 0.000 0.001 0.994 0.000 0.003 0.001 0.001 0.000 0.000 0.001 0.002 0.002 0.768 0.167 0.007 0.003 0.001 0.003 0.000 0.001 0.000 0.000 0.001 0.001 0.070 0.477 0.004 0.930 0.002 0.060 0.026 0.001 0.001 0.059 0.001 0.000 0.007 0.000 0.001 0.002 0.009 0.124 0.000 0.000 0.010 0.890 0.570 0.586 0.002 0.964 0.033 
44 tongs_vis 30 0.008 0.001 0.034 0.001 0.005 0.994 0.009 0.001 0.001 0.989 0.000 0.001 0.001 0.000 0.000 0.000 0.001 0.000 0.002 0.010 0.060 0.109 0.001 0.001 0.114 0.000 0.002 0.000 0.000 0.001 0.044 0.001 0.129 0.000 0.079 0.001 0.002 0.017 0.001 0.001 0.010 0.027 0.000 0.001 0.000 0.001 0.001 0.000 0.000 0.000 0.000 0.001 0.148 0.017 0.954 0.012 0.077 0.001 
45 ladle_vis 30 0.011 0.001 0.227 0.001 0.001 0.994 0.086 0.000 0.001 0.994 0.000 0.102 0.001 0.001 0.000 0.000 0.001 0.016 0.005 0.963 0.002 0.320 0.052 0.001 0.002 0.000 0.004 0.000 0.000 0.000 0.001 0.001 0.042 0.000 0.983 0.001 0.001 0.003 0.003 0.000 0.001 0.005 0.000 0.001 0.001 0.001 0.101 0.002 0.000 0.001 0.000 0.002 0.831 0.991 0.383 0.018 0.497 0.001 
46 knife_vis 30 0.003 0.001 0.024 0.002 0.001 0.994 0.231 0.000 0.001 0.992 0.000 0.002 0.001 0.000 0.000 0.000 0.001 0.001 0.003 0.454 0.063 0.002 0.004 0.001 0.005 0.000 0.001 0.000 0.000 0.001 0.001 0.024 0.235 0.001 0.800 0.002 0.002 0.004 0.001 0.001 0.002 0.000 0.000 0.001 0.000 0.001 0.001 0.001 0.003 0.000 0.000 0.003 0.683 0.370 0.321 0.002 0.910 0.011 
47 chopsticks_vis 30 0.003 0.001 0.023 0.001 0.001 0.994 0.023 0.000 0.001 0.989 0.000 0.001 0.001 0.000 0.000 0.000 0.001 0.001 0.003 0.276 0.055 0.001 0.005 0.002 0.009 0.000 0.000 0.000 0.000 0.001 0.000 0.004 0.136 0.001 0.840 0.001 0.002 0.002 0.002 0.001 0.001 0.000 0.000 0.001 0.000 0.001 0.001 0.000 0.000 0.000 0.000 0.002 0.414 0.234 0.340 0.001 0.832 0.003 
0 beaver_vis 30 0.996 0.991 0.002 0.015 0.001 0.001 0.001 0.000 0.025 0.001 0.928 0.005 0.084 0.002 0.005 0.041 0.005 0.001 0.017 0.001 0.001 0.002 0.017 0.005 0.003 0.024 0.002 0.000 0.001 0.006 0.001 0.001 0.001 0.001 0.000 0.001 0.001 0.002 0.003 0.006 0.000 0.000 0.000 0.000 0.001 0.002 0.003 0.000 0.000 0.000 0.002 0.000 0.000 0.001 0.001 0.001 0.001 0.000 
1 bear_vis 30 0.994 0.107 0.954 0.001 0.003 0.004 0.004 0.000 0.000 0.004 0.000 0.192 0.001 0.030 0.001 0.002 0.001 0.046 0.059 0.956 0.066 0.052 0.019 0.001 0.001 0.001 0.001 0.000 0.001 0.001 0.001 0.011 0.029 0.001 0.189 0.000 0.001 0.001 0.002 0.001 0.000 0.000 0.000 0.001 0.000 0.001 0.002 0.000 0.000 0.000 0.000 0.000 0.005 0.051 0.001 0.000 0.002 0.000 
2 sheep_vis 30 0.996 0.944 0.030 0.020 0.001 0.001 0.000 0.000 0.001 0.001 0.117 0.001 0.554 0.002 0.027 0.001 0.028 0.001 0.050 0.001 0.001 0.006 0.002 0.001 0.007 0.003 0.010 0.001 0.003 0.023 0.001 0.001 0.001 0.001 0.000 0.001 0.001 0.001 0.001 0.002 0.000 0.000 0.000 0.000 0.001 0.004 0.001 0.000 0.000 0.000 0.000 0.000 0.000 0.001 0.001 0.002 0.001 0.001 
3 buffalo_vis 30 0.954 0.907 0.239 0.001 0.002 0.013 0.002 0.588 0.001 0.001 0.000 0.006 0.136 0.988 0.449 0.004 0.085 0.085 0.008 0.014 0.008 0.642 0.001 0.001 0.001 0.001 0.010 0.000 0.009 0.006 0.002 0.001 0.002 0.001 0.006 0.001 0.001 0.004 0.001 0.001 0.010 0.481 0.001 0.294 0.000 0.083 0.036 0.001 0.000 0.000 0.000 0.000 0.000 0.001 0.001 0.001 0.001 0.000 
4 poodle_vis 30 0.993 0.989 0.004 0.002 0.001 0.003 0.011 0.000 0.014 0.001 0.766 0.024 0.035 0.049 0.005 0.024 0.006 0.002 0.028 0.013 0.001 0.006 0.005 0.002 0.001 0.008 0.001 0.000 0.001 0.004 0.001 0.001 0.002 0.001 0.003 0.001 0.001 0.002 0.002 0.001 0.000 0.001 0.000 0.000 0.001 0.003 0.009 0.000 0.000 0.000 0.001 0.000 0.000 0.001 0.001 0.001 0.001 0.000 
5 giraffe_vis 30 0.994 0.989 0.004 0.001 0.012 0.001 0.003 0.000 0.013 0.001 0.071 0.143 0.001 0.161 0.036 0.843 0.001 0.043 0.002 0.017 0.001 0.003 0.002 0.001 0.001 0.001 0.001 0.000 0.002 0.008 0.001 0.002 0.002 0.015 0.002 0.000 0.001 0.001 0.002 0.001 0.000 0.001 0.000 0.001 0.000 0.001 0.003 0.011 0.000 0.000 0.000 0.001 0.000 0.001 0.001 0.000 0.001 0.000 
6 robin_vis 30 0.996 0.021 0.992 0.008 0.001 0.015 0.000 0.000 0.000 0.010 0.000 0.001 0.027 0.002 0.001 0.000 0.655 0.003 0.530 0.008 0.048 0.116 0.002 0.001 0.016 0.001 0.021 0.000 0.002 0.001 0.000 0.001 0.001 0.000 0.000 0.002 0.001 0.004 0.000 0.001 0.001 0.000 0.000 0.001 0.000 0.004 0.001 0.000 0.000 0.000 0.000 0.000 0.000 0.003 0.005 0.008 0.007 0.001 
7 swan_vis 30 0.996 0.085 0.993 0.001 0.002 0.003 0.001 0.000 0.000 0.009 0.000 0.013 0.002 0.152 0.001 0.000 0.006 0.011 0.092 0.388 0.123 0.795 0.001 0.001 0.003 0.000 0.002 0.000 0.001 0.001 0.001 0.002 0.006 0.001 0.005 0.001 0.001 0.004 0.000 0.000 0.001 0.004 0.000 0.005 0.000 0.001 0.001 0.000 0.000 0.000 0.000 0.000 0.001 0.007 0.006 0.002 0.003 0.000 
8 woodpecker_vis 30 0.995 0.024 0.984 0.014 0.001 0.179 0.001 0.000 0.000 0.017 0.001 0.002 0.002 0.001 0.000 0.000 0.019 0.002 0.942 0.335 0.033 0.004 0.110 0.005 0.009 0.001 0.001 0.000 0.000 0.001 0.000 0.002 0.003 0.000 0.001 0.005 0.001 0.002 0.001 0.001 0.000 0.000 0.000 0.000 0.000 0.001 0.001 0.000 0.000 0.000 0.000 0.000 0.000 0.022 0.003 0.001 0.036 0.001 
9 peacock_vis 30 0.996 0.091 0.994 0.003 0.001 0.002 0.001 0.000 0.000 0.012 0.000 0.100 0.001 0.056 0.000 0.001 0.002 0.042 0.153 0.930 0.135 0.193 0.009 0.001 0.003 0.001 0.001 0.000 0.001 0.001 0.001 0.009 0.015 0.001 0.068 0.001 0.001 0.002 0.001 0.001 0.000 0.000 0.000 0.001 0.000 0.001 0.001 0.000 0.000 0.000 0.000 0.000 0.003 0.032 0.004 0.001 0.007 0.000 
10 crow_vis 30 0.994 0.014 0.992 0.001 0.003 0.003 0.001 0.000 0.000 0.005 0.000 0.013 0.001 0.013 0.000 0.001 0.002 0.147 0.027 0.763 0.332 0.019 0.002 0.001 0.002 0.000 0.000 0.000 0.001 0.001 0.000 0.016 0.007 0.001 0.044 0.001 0.002 0.002 0.000 0.000 0.001 0.000 0.000 0.004 0.000 0.001 0.001 0.000 0.000 0.000 0.000 0.000 0.013 0.006 0.003 0.001 0.006 0.001 
11 eagle_vis 30 0.996 0.061 0.993 0.002 0.002 0.002 0.001 0.000 0.000 0.020 0.000 0.005 0.006 0.060 0.002 0.000 0.012 0.004 0.263 0.101 0.108 0.791 0.002 0.001 0.009 0.001 0.008 0.000 0.001 0.001 0.001 0.001 0.005 0.001 0.001 0.001 0.001 0.008 0.000 0.001 0.001 0.003 0.000 0.004 0.000 0.001 0.001 0.000 0.000 0.000 0.000 0.000 0.001 0.008 0.020 0.003 0.004 0.000 
12 tuna_vis 30 0.996 0.047 0.003 0.968 0.002 0.001 0.000 0.000 0.000 0.001 0.106 0.069 0.002 0.000 0.000 0.000 0.001 0.001 0.063 0.015 0.001 0.001 0.973 0.018 0.079 0.011 0.016 0.001 0.001 0.001 0.000 0.002 0.023 0.001 0.000 0.000 0.001 0.001 0.012 0.009 0.000 0.000 0.000 0.000 0.000 0.001 0.000 0.000 0.000 0.000 0.001 0.000 0.000 0.003 0.001 0.000 0.004 0.001 
13 goldfish_vis 30 0.996 0.042 0.003 0.965 0.004 0.001 0.000 0.000 0.000 0.001 0.106 0.049 0.001 0.000 0.000 0.001 0.001 0.001 0.061 0.012 0.001 0.001 0.947 0.042 0.066 0.013 0.009 0.002 0.001 0.001 0.001 0.002 0.031 0.002 0.000 0.000 0.001 0.001 0.009 0.006 0.000 0.000 0.000 0.000 0.000 0.001 0.000 0.000 0.000 0.000 0.001 0.000 0.000 0.001 0.001 0.000 0.003 0.001 
14 salmon_vis 30 0.995 0.001 0.968 0.011 0.002 0.078 0.000 0.002 0.000 0.007 0.000 0.001 0.003 0.000 0.000 0.000 0.454 0.001 0.194 0.002 0.658 0.003 0.002 0.002 0.053 0.001 0.001 0.015 0.035 0.001 0.000 0.001 0.003 0.000 0.000 0.001 0.001 0.002 0.001 0.001 0.001 0.000 0.000 0.000 0.000 0.018 0.000 0.000 0.000 0.000 0.000 0.000 0.000 0.001 0.004 0.003 0.009 0.001 
15 sardine_vis 30 0.996 0.029 0.005 0.971 0.002 0.001 0.000 0.000 0.000 0.001 0.071 0.043 0.002 0.000 0.000 0.001 0.002 0.001 0.072 0.012 0.001 0.001 0.934 0.086 0.102 0.014 0.007 0.002 0.001 0.001 0.001 0.002 0.053 0.001 0.000 0.000 0.001 0.001 0.010 0.009 0.000 0.000 0.000 0.000 0.000 0.001 0.000 0.000 0.000 0.000 0.001 0.000 0.000 0.001 0.001 0.001 0.004 0.001 
16 catfish_vis 30 0.996 0.026 0.005 0.971 0.002 0.001 0.000 0.000 0.000 0.001 0.007 0.001 0.048 0.000 0.043 0.001 0.004 0.001 0.021 0.001 0.001 0.015 0.085 0.002 0.175 0.023 0.877 0.019 0.001 0.001 0.051 0.001 0.003 0.001 0.000 0.000 0.001 0.001 0.001 0.003 0.000 0.000 0.000 0.000 0.001 0.001 0.000 0.000 0.000 0.000 0.001 0.000 0.000 0.000 0.001 0.001 0.001 0.001 
17 cod_vis 30 0.996 0.394 0.006 0.766 0.004 0.001 0.000 0.000 0.000 0.001 0.284 0.001 0.219 0.000 0.362 0.001 0.004 0.001 0.009 0.001 0.001 0.004 0.022 0.005 0.096 0.005 0.519 0.015 0.002 0.002 0.016 0.001 0.002 0.001 0.000 0.000 0.001 0.001 0.001 0.002 0.000 0.000 0.000 0.000 0.007 0.001 0.000 0.000 0.000 0.000 0.001 0.000 0.000 0.000 0.001 0.001 0.001 0.001 
18 turtle_vis 30 0.993 0.135 0.004 0.013 0.471 0.001 0.000 0.000 0.001 0.001 0.012 0.039 0.001 0.001 0.061 0.604 0.001 0.335 0.001 0.003 0.003 0.001 0.010 0.006 0.001 0.144 0.008 0.003 0.017 0.002 0.089 0.006 0.010 0.846 0.000 0.000 0.001 0.001 0.004 0.001 0.001 0.000 0.001 0.001 0.001 0.001 0.001 0.060 0.000 0.000 0.000 0.001 0.017 0.000 0.001 0.000 0.001 0.001 
19 rattlesnake_vis 30 0.995 0.015 0.734 0.923 0.994 0.001 0.001 0.001 0.001 0.509 0.001 0.050 0.001 0.001 0.003 0.582 0.034 0.547 0.002 0.078 0.176 0.017 0.229 0.907 0.255 0.859 0.121 0.700 0.945 0.112 0.749 0.971 0.814 0.974 0.000 0.000 0.595 0.002 0.437 0.396 0.008 0.000 0.204 0.002 0.009 0.001 0.000 0.526 0.000 0.000 0.478 0.051 0.073 0.001 0.224 0.011 0.534 0.791 
20 crab_vis 30 0.994 0.001 0.002 0.036 0.989 0.001 0.001 0.000 0.000 0.003 0.000 0.027 0.001 0.000 0.001 0.001 0.001 0.001 0.001 0.013 0.005 0.001 0.019 0.045 0.012 0.001 0.001 0.001 0.003 0.008 0.067 0.023 0.820 0.202 0.000 0.000 0.001 0.001 0.055 0.001 0.000 0.000 0.000 0.000 0.000 0.000 0.000 0.000 0.000 0.000 0.000 0.000 0.004 0.000 0.003 0.000 0.002 0.000 
21 frog_vis 30 0.995 0.012 0.671 0.930 0.994 0.001 0.001 0.000 0.001 0.587 0.001 0.066 0.001 0.000 0.004 0.515 0.019 0.457 0.002 0.101 0.145 0.014 0.274 0.920 0.289 0.793 0.089 0.583 0.858 0.097 0.757 0.962 0.890 0.962 0.000 0.000 0.376 0.001 0.620 0.307 0.004 0.000 0.084 0.001 0.012 0.001 0.000 0.336 0.000 0.000 0.398 0.066 0.087 0.001 0.298 0.011 0.558 0.722 
22 gecko_vis 30 0.994 0.001 0.003 0.031 0.989 0.001 0.001 0.000 0.000 0.002 0.000 0.064 0.001 0.000 0.000 0.001 0.001 0.001 0.001 0.032 0.006 0.001 0.040 0.068 0.020 0.001 0.001 0.001 0.002 0.009 0.018 0.053 0.933 0.155 0.000 0.000 0.001 0.001 0.099 0.001 0.000 0.000 0.000 0.000 0.000 0.001 0.000 0.000 0.000 0.000 0.000 0.000 0.003 0.000 0.003 0.000 0.004 0.001 
23 crocodile_vis 30 0.991 0.001 0.003 0.441 0.638 0.001 0.000 0.000 0.001 0.003 0.001 0.001 0.001 0.000 0.000 0.007 0.001 0.009 0.001 0.002 0.003 0.001 0.004 0.555 0.002 0.069 0.001 0.015 0.003 0.002 0.011 0.008 0.051 0.796 0.000 0.000 0.001 0.001 0.008 0.001 0.000 0.000 0.000 0.000 0.000 0.001 0.000 0.000 0.000 0.000 0.002 0.001 0.009 0.000 0.001 0.000 0.001 0.018 
24 axe_vis 30 0.001 0.002 0.001 0.001 0.002 0.995 0.991 0.003 0.007 0.253 0.000 0.007 0.002 0.003 0.002 0.000 0.001 0.000 0.004 0.055 0.014 0.010 0.001 0.001 0.042 0.000 0.000 0.000 0.000 0.078 0.002 0.001 0.041 0.000 0.987 0.023 0.006 0.390 0.137 0.001 0.001 0.922 0.000 0.003 0.006 0.001 0.005 0.000 0.003 0.006 0.000 0.164 0.026 0.036 0.871 0.001 0.022 0.000 
25 hammer_vis 30 0.002 0.001 0.007 0.001 0.002 0.994 0.318 0.000 0.002 0.974 0.000 0.002 0.001 0.001 0.000 0.000 0.001 0.001 0.003 0.327 0.050 0.002 0.003 0.001 0.004 0.000 0.000 0.000 0.000 0.001 0.001 0.049 0.299 0.001 0.469 0.012 0.035 0.023 0.002 0.002 0.006 0.001 0.000 0.005 0.001 0.001 0.001 0.002 0.033 0.001 0.000 0.006 0.534 0.120 0.095 0.001 0.784 0.004 
26 screwdriver_vis 30 0.001 0.002 0.001 0.001 0.001 0.995 0.994 0.000 0.314 0.485 0.002 0.007 0.002 0.003 0.000 0.000 0.001 0.000 0.050 0.145 0.013 0.001 0.006 0.008 0.017 0.000 0.000 0.000 0.000 0.006 0.000 0.002 0.024 0.000 0.991 0.889 0.166 0.190 0.259 0.003 0.001 0.033 0.000 0.027 0.001 0.001 0.058 0.001 0.209 0.448 0.001 0.381 0.033 0.142 0.335 0.001 0.328 0.001 
27 chisel_vis 30 0.002 0.001 0.001 0.001 0.001 0.994 0.994 0.001 0.010 0.010 0.000 0.014 0.003 0.008 0.000 0.000 0.001 0.000 0.004 0.047 0.005 0.001 0.003 0.001 0.003 0.000 0.000 0.000 0.000 0.004 0.000 0.004 0.048 0.000 0.922 0.407 0.063 0.136 0.002 0.002 0.001 0.001 0.001 0.017 0.001 0.001 0.004 0.001 0.175 0.001 0.000 0.004 0.005 0.005 0.008 0.001 0.015 0.000 
28 saw_vis 30 0.002 0.001 0.054 0.002 0.002 0.995 0.489 0.000 0.001 0.992 0.000 0.001 0.001 0.001 0.000 0.000 0.001 0.000 0.007 0.608 0.166 0.001 0.004 0.010 0.023 0.000 0.000 0.000 0.000 0.001 0.000 0.005 0.148 0.001 0.988 0.008 0.004 0.005 0.064 0.002 0.001 0.001 0.000 0.001 0.001 0.001 0.001 0.000 0.001 0.003 0.001 0.209 0.777 0.793 0.951 0.009 0.975 0.067 
29 drill_vis 30 0.003 0.001 0.008 0.030 0.001 0.995 0.040 0.000 0.001 0.977 0.000 0.001 0.001 0.000 0.000 0.000 0.001 0.000 0.033 0.041 0.032 0.001 0.014 0.032 0.047 0.000 0.000 0.000 0.000 0.001 0.000 0.005 0.021 0.000 0.136 0.039 0.004 0.004 0.003 0.004 0.000 0.000 0.000 0.001 0.001 0.001 0.001 0.000 0.001 0.002 0.001 0.001 0.019 0.070 0.069 0.001 0.952 0.048 
30 clamp_vis 30 0.003 0.001 0.002 0.001 0.002 0.994 0.819 0.321 0.001 0.011 0.000 0.000 0.055 0.043 0.000 0.000 0.001 0.000 0.001 0.001 0.039 0.018 0.000 0.000 0.007 0.000 0.001 0.000 0.001 0.110 0.001 0.001 0.002 0.000 0.041 0.010 0.009 0.683 0.001 0.001 0.028 0.036 0.005 0.843 0.001 0.002 0.001 0.000 0.004 0.001 0.000 0.001 0.001 0.001 0.034 0.001 0.001 0.001 
31 hoe_vis 30 0.274 0.711 0.011 0.001 0.001 0.987 0.603 0.001 0.018 0.009 0.002 0.453 0.152 0.933 0.001 0.010 0.001 0.004 0.241 0.484 0.001 0.030 0.048 0.001 0.001 0.000 0.001 0.000 0.000 0.001 0.000 0.001 0.006 0.000 0.288 0.121 0.005 0.033 0.002 0.001 0.001 0.006 0.000 0.007 0.001 0.001 0.543 0.007 0.003 0.001 0.000 0.003 0.002 0.136 0.003 0.001 0.001 0.001 
32 rake_vis 30 0.006 0.001 0.002 0.001 0.002 0.994 0.556 0.425 0.001 0.008 0.000 0.000 0.035 0.042 0.000 0.000 0.001 0.000 0.001 0.001 0.073 0.010 0.000 0.001 0.004 0.000 0.000 0.000 0.001 0.148 0.001 0.002 0.001 0.000 0.052 0.007 0.007 0.311 0.001 0.001 0.013 0.066 0.004 0.929 0.001 0.002 0.001 0.000 0.004 0.001 0.000 0.001 0.001 0.001 0.023 0.002 0.001 0.001 
33 shovel_vis 30 0.003 0.001 0.002 0.001 0.002 0.994 0.902 0.240 0.001 0.003 0.000 0.001 0.052 0.040 0.000 0.000 0.001 0.000 0.002 0.001 0.033 0.015 0.000 0.001 0.009 0.000 0.000 0.000 0.001 0.142 0.001 0.001 0.001 0.000 0.117 0.013 0.014 0.693 0.001 0.001 0.010 0.094 0.004 0.684 0.001 0.002 0.001 0.000 0.004 0.001 0.000 0.001 0.001 0.001 0.036 0.001 0.001 0.000 
34 spade_vis 30 0.002 0.001 0.001 0.001 0.002 0.994 0.515 0.065 0.001 0.302 0.000 0.001 0.004 0.002 0.011 0.000 0.001 0.000 0.002 0.002 0.008 0.050 0.000 0.001 0.036 0.000 0.001 0.000 0.000 0.039 0.035 0.000 0.010 0.000 0.587 0.001 0.002 0.282 0.002 0.000 0.012 0.933 0.001 0.001 0.013 0.001 0.002 0.000 0.001 0.001 0.000 0.002 0.031 0.004 0.758 0.013 0.001 0.001 
35 wrench_vis 30 0.004 0.002 0.002 0.001 0.001 0.994 0.752 0.359 0.001 0.002 0.000 0.001 0.048 0.053 0.000 0.000 0.001 0.000 0.002 0.001 0.060 0.011 0.000 0.001 0.005 0.000 0.000 0.000 0.001 0.160 0.000 0.002 0.001 0.000 0.070 0.012 0.012 0.455 0.001 0.001 0.007 0.056 0.004 0.938 0.001 0.002 0.001 0.000 0.005 0.001 0.000 0.001 0.001 0.001 0.019 0.001 0.001 0.001 
36 accordion_vis 30 0.073 0.755 0.020 0.001 0.001 0.994 0.991 0.001 0.075 0.009 0.000 0.871 0.085 0.966 0.000 0.031 0.001 0.006 0.131 0.929 0.003 0.167 0.065 0.001 0.001 0.000 0.001 0.000 0.000 0.001 0.000 0.002 0.072 0.001 0.957 0.211 0.336 0.479 0.001 0.001 0.001 0.004 0.001 0.302 0.001 0.001 0.888 0.047 0.038 0.001 0.001 0.002 0.003 0.292 0.002 0.001 0.002 0.001 
37 cello_vis 30 0.137 0.186 0.003 0.001 0.001 0.792 0.005 0.040 0.099 0.005 0.095 0.000 0.430 0.046 0.302 0.001 0.198 0.001 0.130 0.001 0.002 0.013 0.001 0.001 0.001 0.001 0.034 0.001 0.001 0.001 0.001 0.001 0.001 0.001 0.003 0.011 0.006 0.007 0.001 0.001 0.004 0.003 0.001 0.004 0.007 0.055 0.229 0.004 0.052 0.013 0.001 0.004 0.002 0.001 0.002 0.007 0.001 0.002 
38 flute_vis 30 0.002 0.002 0.001 0.001 0.001 0.994 0.993 0.001 0.053 0.017 0.000 0.015 0.007 0.020 0.000 0.000 0.001 0.001 0.047 0.093 0.038 0.001 0.005 0.010 0.004 0.000 0.000 0.000 0.000 0.024 0.000 0.003 0.190 0.001 0.698 0.706 0.126 0.395 0.001 0.002 0.001 0.002 0.001 0.030 0.001 0.001 0.010 0.002 0.337 0.002 0.001 0.009 0.006 0.006 0.009 0.001 0.018 0.001 
39 guitar_vis 30 0.008 0.019 0.001 0.001 0.001 0.994 0.959 0.001 0.018 0.011 0.001 0.012 0.173 0.031 0.000 0.000 0.001 0.001 0.420 0.051 0.013 0.002 0.008 0.002 0.027 0.000 0.000 0.000 0.000 0.025 0.000 0.001 0.075 0.000 0.336 0.616 0.035 0.464 0.001 0.001 0.001 0.001 0.001 0.007 0.001 0.001 0.012 0.001 0.049 0.002 0.001 0.004 0.002 0.006 0.005 0.001 0.007 0.001 
40 piano_vis 30 0.012 0.230 0.003 0.001 0.001 0.770 0.030 0.091 0.136 0.009 0.001 0.004 0.076 0.818 0.593 0.019 0.006 0.133 0.002 0.009 0.001 0.532 0.001 0.001 0.001 0.001 0.267 0.000 0.000 0.001 0.233 0.001 0.001 0.001 0.080 0.004 0.005 0.065 0.001 0.001 0.143 0.520 0.001 0.002 0.001 0.001 0.828 0.064 0.004 0.001 0.001 0.005 0.016 0.029 0.003 0.002 0.003 0.001 
41 trumpet_vis 30 0.009 0.001 0.004 0.001 0.001 0.994 0.002 0.973 0.037 0.008 0.000 0.000 0.025 0.001 0.000 0.000 0.070 0.001 0.002 0.001 0.033 0.001 0.000 0.001 0.001 0.000 0.000 0.005 0.011 0.003 0.000 0.001 0.001 0.001 0.002 0.024 0.005 0.002 0.001 0.001 0.013 0.005 0.003 0.089 0.001 0.932 0.002 0.001 0.114 0.018 0.001 0.012 0.003 0.001 0.004 0.003 0.002 0.004 
42 fork_vis 30 0.003 0.001 0.032 0.001 0.002 0.993 0.011 0.000 0.001 0.987 0.000 0.002 0.000 0.000 0.000 0.000 0.001 0.001 0.001 0.384 0.054 0.002 0.002 0.001 0.003 0.000 0.000 0.000 0.000 0.001 0.001 0.002 0.175 0.001 0.938 0.001 0.001 0.001 0.003 0.000 0.001 0.002 0.000 0.001 0.000 0.001 0.001 0.000 0.000 0.000 0.000 0.008 0.793 0.283 0.387 0.002 0.510 0.002 
43 spoon_vis 30 0.102 0.001 0.571 0.001 0.001 0.994 0.161 0.000 0.001 0.985 0.000 0.297 0.001 0.047 0.000 0.001 0.001 0.126 0.034 0.982 0.007 0.425 0.122 0.001 0.001 0.001 0.011 0.000 0.000 0.000 0.003 0.003 0.609 0.005 0.610 0.001 0.002 0.028 0.002 0.000 0.002 0.001 0.000 0.001 0.000 0.001 0.152 0.013 0.001 0.000 0.000 0.003 0.492 0.956 0.097 0.003 0.342 0.001 
44 tongs_vis 30 0.002 0.001 0.016 0.001 0.002 0.995 0.009 0.001 0.002 0.981 0.000 0.001 0.001 0.000 0.000 0.000 0.001 0.032 0.001 0.067 0.048 0.002 0.001 0.001 0.002 0.001 0.001 0.000 0.001 0.001 0.002 0.006 0.040 0.024 0.137 0.001 0.002 0.002 0.001 0.001 0.171 0.001 0.000 0.001 0.001 0.001 0.001 0.039 0.022 0.001 0.000 0.005 0.881 0.063 0.064 0.004 0.171 0.193 
45 ladle_vis 30 0.012 0.001 0.219 0.015 0.001 0.978 0.001 0.001 0.145 0.994 0.001 0.000 0.000 0.000 0.002 0.001 0.029 0.524 0.002 0.064 0.001 0.026 0.003 0.001 0.001 0.188 0.031 0.000 0.000 0.000 0.001 0.000 0.000 0.001 0.043 0.001 0.001 0.001 0.001 0.000 0.002 0.005 0.000 0.001 0.003 0.001 0.860 0.008 0.001 0.010 0.000 0.004 0.672 0.989 0.009 0.776 0.014 0.466 
46 knife_vis 30 0.027 0.001 0.149 0.091 0.001 0.994 0.029 0.000 0.001 0.995 0.001 0.002 0.001 0.000 0.000 0.000 0.002 0.001 0.353 0.646 0.001 0.008 0.429 0.001 0.019 0.001 0.004 0.000 0.000 0.000 0.000 0.001 0.002 0.000 0.567 0.057 0.002 0.002 0.002 0.001 0.001 0.000 0.000 0.001 0.000 0.001 0.233 0.000 0.000 0.002 0.000 0.001 0.012 0.991 0.077 0.070 0.946 0.011 
47 chopsticks_vis 30 0.020 0.001 0.067 0.008 0.001 0.977 0.005 0.000 0.001 0.903 0.000 0.001 0.001 0.000 0.000 0.000 0.005 0.053 0.004 0.051 0.015 0.002 0.004 0.001 0.001 0.041 0.006 0.000 0.000 0.000 0.001 0.002 0.018 0.002 0.090 0.001 0.001 0.001 0.001 0.000 0.002 0.000 0.000 0.001 0.000 0.001 0.008 0.000 0.001 0.001 0.000 0.001 0.327 0.194 0.035 0.008 0.128 0.083 
