0 beaver_vis 30 0.996 0.981 0.004 0.013 0.001 0.001 0.001 0.009 0.001 0.000 0.848 0.023 0.053 0.087 0.035 0.001 0.001 0.030 0.002 0.000 0.000 0.000 0.000 0.002 0.001 0.001 0.027 0.000 0.001 0.003 0.003 0.000 0.001 0.000 0.001 0.000 0.001 0.000 0.001 0.002 0.001 0.001 0.000 0.001 0.002 0.000 0.001 0.000 0.001 0.001 0.000 0.001 0.000 0.002 0.000 0.000 0.001 0.000 
1 bear_vis 30 0.995 0.126 0.008 0.766 0.002 0.002 0.001 0.001 0.002 0.001 0.005 0.024 0.003 0.002 0.018 0.001 0.001 0.001 0.003 0.001 0.001 0.000 0.002 0.010 0.009 0.326 0.030 0.000 0.001 0.001 0.001 0.004 0.001 0.001 0.004 0.000 0.000 0.001 0.001 0.001 0.001 0.001 0.001 0.008 0.001 0.001 0.001 0.000 0.001 0.001 0.000 0.002 0.000 0.001 0.001 0.001 0.001 0.000 
2 sheep_vis 30 0.995 0.289 0.030 0.770 0.001 0.001 0.008 0.001 0.001 0.001 0.016 0.003 0.324 0.008 0.010 0.000 0.044 0.001 0.018 0.000 0.001 0.009 0.001 0.001 0.766 0.020 0.013 0.028 0.010 0.001 0.001 0.001 0.001 0.000 0.002 0.001 0.001 0.001 0.001 0.001 0.001 0.001 0.000 0.001 0.001 0.000 0.001 0.000 0.001 0.001 0.000 0.000 0.000 0.003 0.001 0.001 0.001 0.000 
3 buffalo_vis 30 0.996 0.984 0.004 0.021 0.001 0.001 0.001 0.012 0.001 0.000 0.834 0.007 0.046 0.119 0.075 0.001 0.001 0.015 0.002 0.000 0.001 0.000 0.000 0.003 0.002 0.001 0.045 0.000 0.002 0.005 0.005 0.001 0.001 0.000 0.001 0.001 0.001 0.001 0.001 0.004 0.002 0.001 0.001 0.003 0.003 0.001 0.001 0.000 0.001 0.001 0.000 0.001 0.000 0.001 0.001 0.001 0.001 0.000 
4 poodle_vis 30 0.996 0.985 0.004 0.022 0.001 0.001 0.001 0.004 0.001 0.001 0.909 0.029 0.095 0.087 0.132 0.001 0.001 0.029 0.003 0.001 0.000 0.001 0.000 0.002 0.001 0.003 0.034 0.000 0.001 0.001 0.007 0.000 0.001 0.000 0.001 0.000 0.001 0.001 0.001 0.003 0.001 0.001 0.001 0.001 0.006 0.001 0.001 0.000 0.001 0.001 0.000 0.001 0.000 0.002 0.001 0.001 0.001 0.000 
5 giraffe_vis 30 0.996 0.981 0.014 0.003 0.005 0.001 0.001 0.013 0.001 0.001 0.079 0.004 0.009 0.936 0.003 0.158 0.000 0.028 0.001 0.001 0.001 0.006 0.000 0.001 0.001 0.001 0.005 0.000 0.091 0.030 0.015 0.001 0.001 0.000 0.001 0.001 0.003 0.001 0.001 0.001 0.001 0.001 0.002 0.001 0.018 0.001 0.001 0.000 0.001 0.001 0.000 0.001 0.001 0.001 0.001 0.001 0.001 0.000 
6 robin_vis 30 0.995 0.002 0.990 0.990 0.001 0.007 0.002 0.001 0.001 0.002 0.002 0.001 0.003 0.001 0.001 0.000 0.992 0.002 0.108 0.001 0.557 0.005 0.030 0.004 0.588 0.009 0.631 0.000 0.000 0.002 0.000 0.002 0.006 0.000 0.004 0.002 0.002 0.218 0.004 0.001 0.001 0.001 0.000 0.433 0.001 0.001 0.001 0.000 0.002 0.005 0.000 0.000 0.001 0.002 0.001 0.035 0.498 0.186 
7 swan_vis 30 0.995 0.002 0.930 0.005 0.006 0.001 0.001 0.002 0.001 0.001 0.002 0.001 0.001 0.002 0.001 0.000 0.231 0.019 0.001 0.004 0.856 0.001 0.002 0.001 0.017 0.001 0.029 0.000 0.010 0.002 0.002 0.002 0.006 0.000 0.001 0.000 0.000 0.006 0.001 0.001 0.001 0.001 0.001 0.006 0.001 0.001 0.001 0.000 0.001 0.001 0.000 0.001 0.004 0.001 0.001 0.001 0.002 0.006 
8 woodpecker_vis 30 0.994 0.001 0.946 0.478 0.001 0.009 0.019 0.001 0.002 0.001 0.001 0.001 0.002 0.000 0.001 0.000 0.985 0.001 0.023 0.001 0.233 0.002 0.033 0.001 0.545 0.007 0.057 0.000 0.000 0.001 0.000 0.001 0.003 0.000 0.043 0.001 0.001 0.052 0.005 0.001 0.001 0.001 0.000 0.036 0.001 0.001 0.001 0.000 0.001 0.002 0.001 0.001 0.001 0.002 0.001 0.003 0.030 0.037 
9 peacock_vis 30 0.993 0.001 0.775 0.346 0.004 0.498 0.711 0.001 0.001 0.017 0.001 0.001 0.001 0.001 0.001 0.000 0.823 0.001 0.013 0.011 0.248 0.001 0.112 0.001 0.548 0.009 0.002 0.000 0.000 0.001 0.000 0.002 0.284 0.002 0.016 0.000 0.001 0.763 0.390 0.001 0.001 0.001 0.000 0.001 0.001 0.001 0.001 0.001 0.001 0.001 0.001 0.001 0.005 0.001 0.001 0.002 0.673 0.143 
10 crow_vis 30 0.994 0.001 0.977 0.052 0.020 0.002 0.052 0.001 0.001 0.017 0.001 0.001 0.001 0.006 0.000 0.000 0.865 0.005 0.003 0.022 0.796 0.027 0.005 0.001 0.633 0.001 0.010 0.000 0.015 0.001 0.001 0.012 0.184 0.001 0.019 0.003 0.001 0.126 0.002 0.001 0.001 0.001 0.001 0.004 0.001 0.007 0.001 0.001 0.001 0.001 0.001 0.001 0.009 0.001 0.004 0.025 0.030 0.044 
11 eagle_vis 30 0.993 0.002 0.807 0.014 0.001 0.158 0.150 0.001 0.001 0.001 0.001 0.001 0.003 0.001 0.001 0.000 0.981 0.001 0.012 0.001 0.023 0.008 0.007 0.001 0.264 0.001 0.029 0.000 0.000 0.000 0.000 0.001 0.001 0.000 0.013 0.001 0.001 0.006 0.001 0.001 0.001 0.001 0.000 0.007 0.001 0.001 0.001 0.000 0.001 0.001 0.000 0.000 0.001 0.002 0.001 0.001 0.010 0.066 
12 tuna_vis 30 0.988 0.001 0.001 0.868 0.609 0.670 0.577 0.011 0.003 0.001 0.003 0.001 0.001 0.000 0.007 0.000 0.001 0.001 0.003 0.001 0.002 0.000 0.082 0.194 0.005 0.016 0.008 0.014 0.000 0.156 0.019 0.000 0.121 0.004 0.003 0.001 0.001 0.482 0.062 0.002 0.145 0.001 0.001 0.004 0.001 0.001 0.001 0.000 0.002 0.001 0.001 0.002 0.001 0.001 0.001 0.001 0.053 0.001 
13 goldfish_vis 30 0.994 0.013 0.001 0.987 0.868 0.019 0.113 0.392 0.002 0.001 0.092 0.000 0.001 0.004 0.020 0.001 0.001 0.002 0.001 0.000 0.008 0.000 0.055 0.948 0.003 0.010 0.334 0.071 0.004 0.318 0.733 0.000 0.003 0.009 0.162 0.024 0.001 0.002 0.007 0.002 0.296 0.009 0.168 0.246 0.006 0.001 0.001 0.000 0.002 0.002 0.000 0.010 0.002 0.001 0.001 0.001 0.002 0.001 
14 salmon_vis 30 0.995 0.184 0.007 0.992 0.003 0.001 0.004 0.015 0.001 0.001 0.176 0.001 0.003 0.002 0.012 0.000 0.012 0.003 0.002 0.001 0.017 0.000 0.002 0.173 0.158 0.429 0.930 0.007 0.089 0.001 0.018 0.001 0.001 0.000 0.016 0.001 0.000 0.001 0.003 0.001 0.018 0.002 0.001 0.041 0.001 0.001 0.001 0.000 0.001 0.001 0.000 0.001 0.000 0.001 0.001 0.001 0.001 0.001 
15 sardine_vis 30 0.994 0.003 0.001 0.987 0.242 0.006 0.002 0.094 0.002 0.001 0.027 0.000 0.001 0.001 0.005 0.001 0.001 0.001 0.001 0.000 0.001 0.000 0.007 0.924 0.001 0.004 0.368 0.026 0.002 0.496 0.185 0.000 0.001 0.001 0.003 0.055 0.000 0.001 0.001 0.001 0.344 0.139 0.009 0.116 0.001 0.001 0.001 0.000 0.001 0.001 0.000 0.003 0.001 0.001 0.001 0.001 0.001 0.001 
16 catfish_vis 30 0.996 0.036 0.004 0.975 0.005 0.001 0.001 0.027 0.001 0.000 0.058 0.000 0.001 0.001 0.003 0.001 0.006 0.002 0.001 0.000 0.011 0.000 0.001 0.027 0.059 0.046 0.955 0.001 0.137 0.006 0.007 0.002 0.001 0.000 0.004 0.002 0.000 0.001 0.001 0.001 0.022 0.020 0.006 0.011 0.001 0.001 0.001 0.000 0.001 0.001 0.000 0.001 0.000 0.001 0.001 0.000 0.001 0.001 
17 cod_vis 30 0.993 0.005 0.001 0.990 0.081 0.008 0.006 0.070 0.003 0.001 0.040 0.000 0.001 0.001 0.013 0.001 0.001 0.001 0.002 0.000 0.003 0.000 0.018 0.964 0.003 0.006 0.331 0.055 0.001 0.259 0.296 0.000 0.001 0.002 0.010 0.064 0.001 0.001 0.002 0.001 0.444 0.013 0.024 0.305 0.001 0.001 0.001 0.000 0.001 0.002 0.000 0.005 0.002 0.001 0.001 0.001 0.002 0.001 
18 turtle_vis 30 0.995 0.043 0.003 0.198 0.983 0.001 0.007 0.147 0.001 0.001 0.011 0.009 0.001 0.036 0.001 0.001 0.000 0.013 0.001 0.001 0.051 0.000 0.002 0.090 0.018 0.002 0.172 0.016 0.674 0.326 0.507 0.037 0.004 0.004 0.294 0.001 0.001 0.002 0.001 0.001 0.003 0.002 0.033 0.040 0.001 0.031 0.001 0.000 0.001 0.001 0.000 0.001 0.001 0.001 0.001 0.001 0.001 0.000 
19 rattlesnake_vis 30 0.990 0.128 0.001 0.048 0.946 0.754 0.411 0.274 0.001 0.001 0.059 0.000 0.001 0.021 0.001 0.002 0.000 0.002 0.001 0.001 0.001 0.000 0.001 0.139 0.001 0.000 0.004 0.003 0.003 0.963 0.042 0.001 0.024 0.002 0.015 0.003 0.133 0.185 0.001 0.271 0.124 0.002 0.014 0.034 0.002 0.007 0.001 0.001 0.003 0.001 0.001 0.001 0.003 0.001 0.002 0.003 0.038 0.001 
20 crab_vis 30 0.941 0.002 0.004 0.592 0.631 0.833 0.950 0.041 0.001 0.035 0.002 0.000 0.000 0.001 0.001 0.000 0.010 0.001 0.001 0.001 0.009 0.000 0.419 0.147 0.017 0.001 0.015 0.008 0.001 0.121 0.091 0.000 0.669 0.003 0.207 0.002 0.002 0.669 0.477 0.001 0.023 0.001 0.010 0.046 0.001 0.001 0.001 0.000 0.002 0.001 0.001 0.001 0.014 0.001 0.002 0.001 0.617 0.040 
21 frog_vis 30 0.995 0.045 0.006 0.954 0.006 0.001 0.001 0.005 0.001 0.001 0.026 0.001 0.001 0.001 0.001 0.001 0.008 0.002 0.001 0.001 0.017 0.000 0.001 0.009 0.145 0.173 0.790 0.001 0.061 0.001 0.019 0.002 0.001 0.001 0.004 0.001 0.000 0.001 0.001 0.001 0.002 0.001 0.002 0.004 0.001 0.001 0.001 0.000 0.001 0.001 0.000 0.001 0.000 0.001 0.001 0.001 0.001 0.001 
22 gecko_vis 30 0.718 0.001 0.003 0.551 0.551 0.846 0.954 0.001 0.001 0.005 0.001 0.000 0.001 0.001 0.001 0.000 0.005 0.001 0.002 0.001 0.006 0.001 0.196 0.005 0.117 0.001 0.001 0.021 0.000 0.010 0.009 0.000 0.649 0.002 0.137 0.001 0.002 0.717 0.760 0.001 0.002 0.001 0.001 0.001 0.001 0.001 0.001 0.001 0.002 0.005 0.001 0.001 0.003 0.002 0.002 0.001 0.403 0.008 
23 crocodile_vis 30 0.992 0.002 0.001 0.883 0.976 0.689 0.786 0.471 0.001 0.001 0.001 0.000 0.000 0.002 0.001 0.001 0.000 0.001 0.001 0.001 0.001 0.000 0.003 0.870 0.001 0.001 0.005 0.004 0.001 0.706 0.194 0.001 0.014 0.016 0.006 0.008 0.001 0.734 0.004 0.001 0.497 0.001 0.005 0.451 0.001 0.002 0.001 0.001 0.003 0.001 0.001 0.002 0.002 0.001 0.002 0.001 0.017 0.001 
24 axe_vis 30 0.004 0.001 0.001 0.005 0.001 0.996 0.427 0.004 0.842 0.001 0.001 0.000 0.008 0.000 0.002 0.000 0.018 0.000 0.002 0.000 0.000 0.000 0.001 0.002 0.041 0.001 0.002 0.009 0.000 0.003 0.000 0.000 0.001 0.000 0.605 0.001 0.006 0.051 0.003 0.001 0.001 0.001 0.001 0.048 0.001 0.005 0.001 0.000 0.369 0.323 0.000 0.001 0.000 0.001 0.002 0.001 0.022 0.004 
25 hammer_vis 30 0.003 0.001 0.001 0.013 0.001 0.996 0.062 0.987 0.002 0.002 0.003 0.000 0.000 0.000 0.001 0.000 0.001 0.000 0.001 0.000 0.000 0.000 0.001 0.080 0.001 0.001 0.014 0.000 0.000 0.005 0.001 0.000 0.001 0.000 0.004 0.012 0.001 0.060 0.016 0.007 0.977 0.048 0.005 0.148 0.002 0.001 0.001 0.000 0.002 0.002 0.000 0.009 0.002 0.001 0.003 0.001 0.005 0.017 
26 screwdriver_vis 30 0.007 0.001 0.001 0.130 0.001 0.982 0.584 0.007 0.259 0.004 0.002 0.000 0.004 0.000 0.002 0.000 0.004 0.000 0.006 0.000 0.000 0.000 0.007 0.006 0.045 0.008 0.003 0.003 0.000 0.001 0.001 0.000 0.001 0.000 0.046 0.098 0.004 0.022 0.103 0.002 0.007 0.003 0.000 0.007 0.001 0.001 0.001 0.000 0.006 0.074 0.001 0.001 0.001 0.002 0.003 0.001 0.024 0.036 
27 chisel_vis 30 0.002 0.001 0.001 0.004 0.001 0.996 0.153 0.285 0.404 0.003 0.001 0.000 0.001 0.000 0.001 0.000 0.006 0.000 0.001 0.000 0.000 0.000 0.001 0.010 0.028 0.000 0.009 0.001 0.000 0.012 0.000 0.000 0.001 0.000 0.116 0.001 0.002 0.309 0.003 0.001 0.002 0.001 0.011 0.673 0.001 0.067 0.001 0.000 0.423 0.281 0.000 0.002 0.000 0.001 0.005 0.002 0.034 0.009 
28 saw_vis 30 0.005 0.001 0.001 0.058 0.001 0.995 0.976 0.008 0.003 0.003 0.001 0.000 0.001 0.000 0.001 0.000 0.001 0.000 0.002 0.000 0.000 0.000 0.020 0.002 0.032 0.010 0.001 0.003 0.000 0.001 0.001 0.000 0.002 0.000 0.009 0.014 0.001 0.074 0.949 0.030 0.092 0.002 0.001 0.002 0.001 0.001 0.001 0.000 0.002 0.003 0.002 0.001 0.004 0.001 0.004 0.001 0.009 0.011 
29 drill_vis 30 0.003 0.001 0.001 0.269 0.001 0.995 0.939 0.080 0.359 0.044 0.002 0.000 0.004 0.000 0.004 0.000 0.002 0.000 0.012 0.000 0.000 0.000 0.035 0.009 0.163 0.033 0.002 0.006 0.000 0.002 0.001 0.000 0.004 0.000 0.021 0.012 0.001 0.345 0.969 0.069 0.288 0.006 0.001 0.002 0.002 0.001 0.001 0.000 0.012 0.122 0.002 0.001 0.006 0.002 0.041 0.001 0.179 0.129 
30 clamp_vis 30 0.004 0.001 0.001 0.005 0.001 0.996 0.002 0.992 0.013 0.011 0.008 0.000 0.000 0.001 0.001 0.002 0.000 0.001 0.001 0.000 0.001 0.000 0.001 0.103 0.001 0.001 0.140 0.000 0.006 0.005 0.007 0.000 0.000 0.000 0.001 0.006 0.000 0.005 0.001 0.001 0.452 0.090 0.895 0.440 0.004 0.006 0.001 0.002 0.003 0.002 0.000 0.095 0.001 0.002 0.017 0.001 0.002 0.046 
31 hoe_vis 30 0.002 0.001 0.001 0.004 0.001 0.996 0.001 0.993 0.142 0.001 0.076 0.000 0.000 0.000 0.000 0.000 0.000 0.002 0.001 0.000 0.000 0.000 0.001 0.013 0.001 0.001 0.163 0.000 0.001 0.027 0.001 0.000 0.001 0.000 0.001 0.001 0.000 0.003 0.002 0.001 0.229 0.953 0.003 0.058 0.002 0.015 0.001 0.001 0.001 0.388 0.000 0.042 0.000 0.001 0.001 0.006 0.001 0.003 
32 rake_vis 30 0.004 0.001 0.001 0.004 0.001 0.996 0.001 0.992 0.060 0.004 0.029 0.000 0.000 0.001 0.002 0.001 0.000 0.001 0.001 0.000 0.001 0.000 0.001 0.125 0.001 0.001 0.318 0.001 0.004 0.004 0.012 0.000 0.000 0.000 0.004 0.002 0.000 0.002 0.001 0.001 0.265 0.070 0.967 0.430 0.003 0.006 0.001 0.001 0.004 0.004 0.000 0.130 0.001 0.005 0.006 0.001 0.001 0.052 
33 shovel_vis 30 0.002 0.001 0.001 0.002 0.001 0.996 0.002 0.982 0.009 0.001 0.001 0.000 0.000 0.000 0.000 0.000 0.000 0.000 0.001 0.000 0.000 0.000 0.000 0.069 0.001 0.000 0.028 0.000 0.000 0.013 0.000 0.000 0.001 0.000 0.001 0.001 0.001 0.062 0.001 0.001 0.025 0.002 0.041 0.986 0.001 0.044 0.001 0.000 0.048 0.010 0.000 0.037 0.000 0.001 0.001 0.001 0.005 0.004 
34 spade_vis 30 0.005 0.001 0.001 0.001 0.001 0.995 0.001 0.992 0.012 0.009 0.006 0.000 0.000 0.003 0.000 0.002 0.000 0.001 0.001 0.000 0.001 0.000 0.000 0.014 0.001 0.000 0.053 0.000 0.025 0.028 0.010 0.000 0.001 0.000 0.001 0.001 0.000 0.002 0.001 0.001 0.071 0.123 0.895 0.254 0.019 0.215 0.001 0.006 0.003 0.006 0.000 0.084 0.001 0.001 0.013 0.004 0.001 0.009 
35 wrench_vis 30 0.002 0.001 0.001 0.001 0.001 0.996 0.001 0.993 0.311 0.001 0.018 0.000 0.000 0.001 0.000 0.000 0.000 0.001 0.001 0.000 0.000 0.000 0.000 0.019 0.001 0.000 0.137 0.000 0.002 0.176 0.001 0.001 0.001 0.000 0.006 0.001 0.001 0.013 0.001 0.001 0.009 0.158 0.018 0.753 0.001 0.807 0.001 0.001 0.007 0.698 0.000 0.089 0.000 0.001 0.001 0.019 0.002 0.001 
36 accordion_vis 30 0.002 0.031 0.001 0.001 0.001 0.996 0.002 0.002 0.995 0.007 0.001 0.067 0.101 0.000 0.187 0.000 0.000 0.000 0.164 0.001 0.000 0.000 0.001 0.001 0.001 0.001 0.001 0.001 0.000 0.003 0.000 0.001 0.002 0.000 0.013 0.001 0.013 0.002 0.001 0.001 0.001 0.002 0.001 0.001 0.001 0.023 0.938 0.002 0.919 0.788 0.008 0.212 0.000 0.022 0.001 0.014 0.017 0.001 
37 cello_vis 30 0.002 0.001 0.001 0.001 0.001 0.996 0.001 0.003 0.994 0.003 0.000 0.001 0.001 0.000 0.000 0.001 0.001 0.000 0.001 0.001 0.000 0.000 0.001 0.001 0.002 0.001 0.001 0.002 0.000 0.004 0.000 0.018 0.001 0.001 0.001 0.001 0.001 0.014 0.001 0.001 0.001 0.054 0.001 0.004 0.001 0.047 0.020 0.106 0.022 0.678 0.001 0.011 0.000 0.001 0.004 0.076 0.002 0.003 
38 flute_vis 30 0.002 0.001 0.001 0.002 0.001 0.996 0.011 0.002 0.995 0.002 0.000 0.000 0.003 0.000 0.042 0.000 0.001 0.000 0.004 0.000 0.000 0.000 0.001 0.003 0.003 0.003 0.001 0.005 0.000 0.002 0.000 0.001 0.001 0.000 0.028 0.001 0.002 0.040 0.001 0.001 0.001 0.001 0.001 0.040 0.001 0.010 0.003 0.001 0.974 0.246 0.003 0.047 0.000 0.001 0.002 0.002 0.018 0.002 
39 guitar_vis 30 0.001 0.001 0.001 0.009 0.001 0.996 0.014 0.005 0.995 0.002 0.001 0.000 0.001 0.000 0.001 0.000 0.002 0.000 0.002 0.000 0.000 0.000 0.001 0.001 0.023 0.004 0.001 0.005 0.000 0.011 0.000 0.004 0.001 0.000 0.046 0.000 0.001 0.145 0.001 0.001 0.001 0.013 0.000 0.003 0.001 0.168 0.072 0.003 0.194 0.993 0.000 0.003 0.000 0.001 0.002 0.034 0.011 0.003 
40 piano_vis 30 0.003 0.008 0.001 0.001 0.001 0.996 0.002 0.001 0.995 0.003 0.000 0.001 0.015 0.000 0.073 0.002 0.000 0.000 0.019 0.001 0.000 0.000 0.000 0.001 0.001 0.001 0.000 0.001 0.000 0.005 0.000 0.004 0.001 0.002 0.002 0.001 0.013 0.020 0.001 0.001 0.001 0.001 0.001 0.005 0.001 0.032 0.331 0.011 0.931 0.343 0.019 0.153 0.000 0.001 0.004 0.006 0.017 0.001 
41 trumpet_vis 30 0.004 0.001 0.001 0.001 0.001 0.996 0.001 0.594 0.865 0.001 0.001 0.000 0.000 0.000 0.001 0.002 0.000 0.000 0.001 0.001 0.000 0.000 0.000 0.035 0.000 0.000 0.005 0.000 0.000 0.056 0.000 0.001 0.001 0.001 0.000 0.001 0.001 0.006 0.001 0.001 0.008 0.010 0.004 0.791 0.001 0.041 0.001 0.004 0.029 0.059 0.000 0.624 0.000 0.001 0.001 0.003 0.001 0.001 
42 fork_vis 30 0.002 0.001 0.002 0.003 0.001 0.996 0.037 0.013 0.022 0.975 0.001 0.000 0.000 0.000 0.000 0.000 0.837 0.000 0.003 0.000 0.018 0.000 0.407 0.001 0.018 0.000 0.008 0.000 0.000 0.001 0.000 0.000 0.003 0.000 0.539 0.001 0.001 0.017 0.084 0.002 0.005 0.003 0.001 0.037 0.001 0.004 0.001 0.001 0.049 0.051 0.000 0.001 0.005 0.032 0.029 0.012 0.360 0.983 
43 spoon_vis 30 0.001 0.001 0.001 0.001 0.000 0.996 0.012 0.008 0.020 0.978 0.001 0.000 0.001 0.000 0.000 0.000 0.013 0.001 0.007 0.000 0.000 0.000 0.005 0.001 0.001 0.000 0.001 0.000 0.000 0.001 0.000 0.000 0.010 0.000 0.003 0.000 0.005 0.053 0.010 0.004 0.001 0.002 0.000 0.001 0.001 0.002 0.003 0.000 0.023 0.043 0.000 0.001 0.003 0.014 0.001 0.046 0.986 0.018 
44 tongs_vis 30 0.002 0.001 0.001 0.010 0.001 0.996 0.026 0.010 0.686 0.536 0.001 0.000 0.001 0.000 0.001 0.000 0.006 0.000 0.001 0.000 0.001 0.000 0.007 0.002 0.038 0.000 0.003 0.004 0.000 0.001 0.000 0.000 0.001 0.000 0.049 0.028 0.001 0.012 0.010 0.001 0.003 0.011 0.009 0.009 0.001 0.002 0.001 0.003 0.020 0.088 0.000 0.001 0.001 0.010 0.379 0.005 0.019 0.283 
45 ladle_vis 30 0.001 0.001 0.002 0.001 0.001 0.996 0.002 0.007 0.010 0.971 0.001 0.000 0.000 0.000 0.000 0.000 0.027 0.001 0.001 0.001 0.001 0.000 0.005 0.001 0.001 0.000 0.001 0.000 0.000 0.003 0.000 0.000 0.014 0.000 0.002 0.000 0.001 0.122 0.003 0.001 0.001 0.078 0.000 0.001 0.001 0.048 0.001 0.048 0.002 0.195 0.000 0.001 0.002 0.003 0.002 0.960 0.131 0.185 
46 knife_vis 30 0.001 0.000 0.001 0.001 0.000 0.996 0.614 0.031 0.013 0.984 0.001 0.000 0.000 0.000 0.000 0.000 0.200 0.000 0.002 0.000 0.002 0.000 0.062 0.001 0.013 0.000 0.001 0.000 0.000 0.001 0.000 0.000 0.025 0.000 0.046 0.000 0.001 0.855 0.134 0.001 0.002 0.002 0.000 0.007 0.001 0.046 0.001 0.000 0.129 0.105 0.000 0.001 0.003 0.003 0.035 0.052 0.986 0.956 
47 chopsticks_vis 30 0.002 0.001 0.002 0.002 0.001 0.996 0.011 0.006 0.012 0.961 0.000 0.000 0.000 0.000 0.000 0.000 0.839 0.000 0.002 0.000 0.010 0.000 0.168 0.001 0.008 0.000 0.005 0.000 0.000 0.001 0.000 0.000 0.001 0.000 0.168 0.001 0.001 0.020 0.018 0.001 0.002 0.002 0.001 0.079 0.001 0.005 0.001 0.001 0.043 0.048 0.000 0.001 0.002 0.009 0.009 0.030 0.247 0.971 
0 beaver_vis 30 0.996 0.983 0.007 0.009 0.001 0.001 0.001 0.004 0.001 0.001 0.349 0.048 0.037 0.118 0.094 0.001 0.001 0.003 0.008 0.001 0.000 0.001 0.000 0.002 0.001 0.005 0.004 0.000 0.000 0.003 0.001 0.000 0.001 0.000 0.001 0.000 0.005 0.000 0.001 0.002 0.001 0.000 0.000 0.010 0.001 0.000 0.001 0.000 0.001 0.001 0.000 0.001 0.000 0.002 0.000 0.000 0.001 0.000 
1 bear_vis 30 0.995 0.973 0.007 0.086 0.001 0.005 0.001 0.001 0.148 0.001 0.010 0.742 0.021 0.002 0.604 0.001 0.000 0.001 0.044 0.001 0.000 0.000 0.001 0.013 0.001 0.327 0.001 0.000 0.000 0.001 0.001 0.002 0.001 0.001 0.001 0.000 0.001 0.001 0.001 0.002 0.001 0.001 0.000 0.002 0.001 0.000 0.002 0.000 0.005 0.001 0.004 0.056 0.000 0.001 0.001 0.000 0.001 0.000 
2 sheep_vis 30 0.995 0.013 0.895 0.176 0.001 0.001 0.003 0.001 0.001 0.001 0.002 0.002 0.017 0.001 0.004 0.000 0.970 0.001 0.020 0.001 0.094 0.009 0.010 0.001 0.390 0.001 0.011 0.000 0.000 0.001 0.000 0.001 0.002 0.000 0.004 0.000 0.001 0.001 0.001 0.001 0.001 0.001 0.000 0.001 0.001 0.000 0.001 0.000 0.001 0.001 0.000 0.000 0.000 0.003 0.001 0.001 0.004 0.003 
3 buffalo_vis 30 0.996 0.982 0.005 0.027 0.001 0.001 0.001 0.001 0.005 0.001 0.071 0.129 0.020 0.002 0.830 0.003 0.001 0.001 0.009 0.001 0.001 0.000 0.000 0.005 0.001 0.071 0.004 0.000 0.000 0.002 0.001 0.001 0.001 0.000 0.001 0.000 0.001 0.001 0.001 0.003 0.001 0.001 0.001 0.001 0.001 0.000 0.001 0.000 0.001 0.001 0.001 0.025 0.000 0.001 0.001 0.000 0.001 0.000 
4 poodle_vis 30 0.996 0.981 0.007 0.067 0.001 0.001 0.001 0.001 0.025 0.001 0.028 0.146 0.015 0.001 0.955 0.006 0.000 0.001 0.034 0.001 0.000 0.001 0.001 0.010 0.001 0.277 0.002 0.000 0.000 0.001 0.000 0.001 0.001 0.001 0.001 0.000 0.000 0.000 0.001 0.008 0.001 0.001 0.000 0.001 0.001 0.000 0.001 0.000 0.001 0.001 0.003 0.088 0.000 0.001 0.001 0.000 0.001 0.000 
5 giraffe_vis 30 0.996 0.988 0.007 0.029 0.001 0.004 0.001 0.001 0.178 0.001 0.015 0.425 0.081 0.004 0.604 0.006 0.000 0.001 0.036 0.001 0.001 0.000 0.000 0.007 0.001 0.059 0.001 0.000 0.000 0.002 0.001 0.002 0.001 0.001 0.001 0.000 0.002 0.001 0.001 0.003 0.001 0.001 0.001 0.002 0.001 0.001 0.002 0.000 0.014 0.001 0.008 0.032 0.000 0.001 0.001 0.000 0.001 0.000 
6 robin_vis 30 0.995 0.003 0.938 0.434 0.001 0.002 0.002 0.001 0.001 0.001 0.001 0.001 0.004 0.001 0.001 0.000 0.988 0.002 0.023 0.001 0.177 0.006 0.031 0.001 0.506 0.003 0.052 0.000 0.000 0.000 0.000 0.001 0.003 0.000 0.003 0.000 0.001 0.001 0.002 0.001 0.001 0.001 0.000 0.001 0.001 0.000 0.001 0.000 0.001 0.001 0.000 0.000 0.001 0.003 0.001 0.001 0.009 0.011 
7 swan_vis 30 0.995 0.002 0.961 0.001 0.003 0.001 0.001 0.001 0.001 0.001 0.001 0.001 0.001 0.003 0.001 0.000 0.065 0.110 0.003 0.020 0.772 0.027 0.003 0.000 0.003 0.001 0.007 0.000 0.012 0.001 0.001 0.002 0.007 0.000 0.001 0.000 0.000 0.001 0.001 0.001 0.001 0.001 0.000 0.000 0.001 0.001 0.001 0.000 0.001 0.001 0.000 0.000 0.003 0.002 0.001 0.001 0.001 0.001 
8 woodpecker_vis 30 0.995 0.014 0.975 0.098 0.001 0.010 0.001 0.001 0.038 0.001 0.001 0.009 0.020 0.000 0.036 0.000 0.057 0.001 0.932 0.072 0.002 0.017 0.107 0.001 0.006 0.123 0.001 0.001 0.000 0.000 0.000 0.001 0.003 0.001 0.004 0.000 0.001 0.001 0.002 0.001 0.001 0.001 0.000 0.000 0.001 0.000 0.001 0.000 0.001 0.001 0.026 0.001 0.001 0.003 0.001 0.001 0.004 0.001 
9 peacock_vis 30 0.994 0.002 0.991 0.032 0.120 0.003 0.001 0.001 0.001 0.001 0.000 0.117 0.001 0.000 0.001 0.000 0.004 0.040 0.072 0.980 0.660 0.003 0.029 0.002 0.001 0.335 0.002 0.000 0.000 0.001 0.000 0.685 0.074 0.506 0.002 0.000 0.001 0.001 0.003 0.001 0.001 0.001 0.000 0.005 0.001 0.005 0.001 0.002 0.001 0.001 0.007 0.061 0.002 0.001 0.001 0.001 0.040 0.006 
10 crow_vis 30 0.994 0.002 0.992 0.035 0.425 0.002 0.001 0.003 0.001 0.006 0.001 0.001 0.001 0.022 0.001 0.003 0.907 0.133 0.006 0.245 0.979 0.069 0.008 0.001 0.167 0.001 0.200 0.000 0.198 0.120 0.001 0.342 0.306 0.001 0.006 0.001 0.001 0.188 0.002 0.001 0.001 0.007 0.001 0.012 0.001 0.514 0.001 0.012 0.001 0.003 0.001 0.001 0.005 0.002 0.001 0.809 0.050 0.017 
11 eagle_vis 30 0.995 0.012 0.955 0.002 0.001 0.001 0.001 0.001 0.001 0.001 0.001 0.001 0.037 0.001 0.001 0.000 0.722 0.003 0.077 0.001 0.003 0.213 0.003 0.000 0.005 0.001 0.001 0.000 0.000 0.000 0.000 0.000 0.002 0.000 0.001 0.000 0.001 0.001 0.001 0.001 0.001 0.001 0.000 0.000 0.001 0.001 0.001 0.000 0.001 0.001 0.000 0.000 0.001 0.003 0.001 0.001 0.005 0.001 
12 tuna_vis 30 0.992 0.001 0.060 0.809 0.002 0.100 0.010 0.001 0.002 0.008 0.000 0.001 0.001 0.000 0.001 0.000 0.167 0.001 0.011 0.001 0.038 0.001 0.967 0.003 0.003 0.006 0.001 0.023 0.000 0.001 0.001 0.000 0.223 0.005 0.004 0.000 0.000 0.001 0.088 0.001 0.001 0.001 0.000 0.001 0.001 0.000 0.001 0.000 0.001 0.001 0.001 0.001 0.011 0.001 0.001 0.001 0.013 0.083 
13 goldfish_vis 30 0.994 0.003 0.001 0.993 0.044 0.124 0.003 0.001 0.038 0.001 0.001 0.001 0.001 0.000 0.258 0.002 0.000 0.000 0.002 0.001 0.001 0.000 0.034 0.982 0.001 0.453 0.029 0.072 0.000 0.066 0.007 0.001 0.001 0.312 0.004 0.002 0.000 0.001 0.002 0.001 0.133 0.001 0.001 0.051 0.001 0.001 0.001 0.001 0.002 0.001 0.002 0.447 0.001 0.001 0.001 0.000 0.001 0.001 
14 salmon_vis 30 0.995 0.003 0.176 0.940 0.001 0.001 0.007 0.001 0.001 0.001 0.001 0.001 0.009 0.001 0.001 0.000 0.469 0.000 0.006 0.001 0.034 0.003 0.010 0.001 0.881 0.034 0.061 0.017 0.005 0.001 0.001 0.001 0.002 0.001 0.009 0.001 0.000 0.001 0.004 0.001 0.001 0.001 0.000 0.001 0.001 0.000 0.001 0.000 0.001 0.001 0.000 0.000 0.000 0.001 0.001 0.001 0.002 0.002 
15 sardine_vis 30 0.995 0.038 0.008 0.991 0.002 0.002 0.007 0.001 0.066 0.001 0.001 0.002 0.062 0.000 0.029 0.001 0.009 0.000 0.014 0.001 0.002 0.001 0.004 0.006 0.676 0.545 0.020 0.727 0.004 0.001 0.001 0.010 0.001 0.003 0.004 0.001 0.000 0.001 0.004 0.001 0.001 0.001 0.000 0.001 0.001 0.000 0.001 0.000 0.001 0.001 0.002 0.001 0.000 0.001 0.001 0.000 0.001 0.001 
16 catfish_vis 30 0.996 0.024 0.007 0.979 0.003 0.001 0.001 0.005 0.001 0.001 0.029 0.000 0.001 0.001 0.005 0.001 0.003 0.001 0.001 0.001 0.007 0.000 0.002 0.021 0.035 0.205 0.912 0.001 0.054 0.002 0.003 0.003 0.001 0.001 0.003 0.001 0.000 0.001 0.002 0.001 0.007 0.010 0.001 0.004 0.001 0.000 0.001 0.000 0.001 0.001 0.000 0.001 0.000 0.001 0.001 0.000 0.001 0.001 
17 cod_vis 30 0.993 0.005 0.001 0.992 0.033 0.006 0.094 0.001 0.041 0.001 0.001 0.001 0.015 0.001 0.026 0.001 0.002 0.000 0.007 0.001 0.003 0.001 0.143 0.318 0.077 0.046 0.012 0.977 0.001 0.045 0.044 0.001 0.011 0.007 0.030 0.010 0.001 0.001 0.004 0.001 0.001 0.001 0.001 0.001 0.001 0.001 0.001 0.000 0.002 0.004 0.001 0.001 0.001 0.001 0.003 0.001 0.002 0.001 
18 turtle_vis 30 0.995 0.004 0.001 0.015 0.991 0.001 0.001 0.050 0.001 0.001 0.001 0.001 0.000 0.100 0.001 0.001 0.000 0.006 0.001 0.001 0.027 0.000 0.002 0.046 0.001 0.001 0.003 0.007 0.106 0.171 0.931 0.001 0.056 0.026 0.004 0.001 0.001 0.002 0.001 0.001 0.001 0.001 0.008 0.004 0.021 0.004 0.001 0.001 0.001 0.001 0.001 0.001 0.001 0.001 0.001 0.001 0.001 0.000 
19 rattlesnake_vis 30 0.993 0.002 0.001 0.012 0.992 0.002 0.003 0.047 0.001 0.001 0.001 0.000 0.000 0.007 0.001 0.007 0.000 0.001 0.001 0.001 0.004 0.000 0.001 0.060 0.001 0.000 0.002 0.008 0.081 0.915 0.278 0.006 0.080 0.032 0.003 0.009 0.005 0.029 0.001 0.001 0.002 0.017 0.005 0.028 0.001 0.193 0.001 0.008 0.002 0.001 0.001 0.002 0.005 0.001 0.004 0.023 0.001 0.001 
20 crab_vis 30 0.993 0.001 0.002 0.826 0.139 0.014 0.049 0.002 0.001 0.001 0.001 0.000 0.000 0.001 0.001 0.000 0.001 0.001 0.001 0.001 0.005 0.000 0.040 0.105 0.002 0.001 0.006 0.018 0.000 0.033 0.051 0.000 0.010 0.003 0.021 0.001 0.001 0.002 0.003 0.001 0.002 0.001 0.001 0.013 0.001 0.001 0.001 0.001 0.001 0.001 0.001 0.001 0.002 0.001 0.001 0.001 0.002 0.001 
21 frog_vis 30 0.995 0.011 0.004 0.832 0.038 0.013 0.001 0.001 0.002 0.001 0.000 0.002 0.001 0.001 0.003 0.001 0.000 0.000 0.001 0.002 0.001 0.000 0.002 0.040 0.003 0.408 0.011 0.001 0.001 0.004 0.001 0.068 0.001 0.029 0.001 0.000 0.000 0.001 0.001 0.001 0.001 0.001 0.001 0.007 0.001 0.001 0.001 0.001 0.001 0.001 0.001 0.011 0.000 0.001 0.001 0.001 0.001 0.000 
22 gecko_vis 30 0.983 0.001 0.051 0.364 0.191 0.706 0.715 0.001 0.001 0.046 0.000 0.000 0.000 0.001 0.000 0.000 0.093 0.001 0.002 0.002 0.037 0.002 0.919 0.001 0.015 0.001 0.001 0.004 0.000 0.004 0.004 0.000 0.929 0.004 0.088 0.001 0.001 0.114 0.496 0.001 0.001 0.001 0.001 0.001 0.001 0.001 0.001 0.001 0.001 0.001 0.001 0.001 0.014 0.001 0.001 0.001 0.712 0.063 
23 crocodile_vis 30 0.991 0.001 0.002 0.179 0.990 0.044 0.279 0.001 0.001 0.001 0.000 0.001 0.000 0.001 0.001 0.001 0.000 0.001 0.001 0.005 0.002 0.000 0.005 0.035 0.003 0.001 0.001 0.008 0.001 0.135 0.085 0.002 0.396 0.096 0.002 0.001 0.001 0.266 0.018 0.001 0.002 0.001 0.001 0.001 0.001 0.001 0.001 0.002 0.001 0.001 0.007 0.002 0.002 0.001 0.001 0.001 0.017 0.001 
24 axe_vis 30 0.005 0.001 0.001 0.021 0.006 0.996 0.995 0.021 0.015 0.001 0.001 0.001 0.003 0.001 0.001 0.000 0.009 0.000 0.003 0.000 0.000 0.000 0.021 0.002 0.220 0.005 0.001 0.003 0.000 0.028 0.001 0.000 0.009 0.000 0.970 0.002 0.017 0.958 0.685 0.004 0.010 0.001 0.001 0.008 0.001 0.005 0.001 0.000 0.032 0.071 0.002 0.001 0.001 0.001 0.002 0.001 0.213 0.003 
25 hammer_vis 30 0.008 0.001 0.001 0.064 0.001 0.994 0.992 0.005 0.002 0.005 0.001 0.000 0.001 0.000 0.001 0.000 0.001 0.000 0.002 0.000 0.000 0.000 0.012 0.002 0.022 0.003 0.001 0.004 0.000 0.003 0.000 0.000 0.001 0.000 0.007 0.152 0.002 0.212 0.878 0.099 0.246 0.003 0.001 0.003 0.001 0.001 0.001 0.000 0.002 0.003 0.005 0.001 0.018 0.001 0.017 0.001 0.007 0.007 
26 screwdriver_vis 30 0.042 0.087 0.001 0.001 0.001 0.993 0.947 0.002 0.008 0.001 0.008 0.000 0.108 0.001 0.003 0.000 0.001 0.000 0.007 0.000 0.000 0.000 0.001 0.001 0.001 0.000 0.001 0.000 0.000 0.004 0.000 0.000 0.001 0.000 0.006 0.008 0.960 0.009 0.003 0.023 0.001 0.001 0.000 0.007 0.001 0.001 0.001 0.000 0.007 0.002 0.005 0.001 0.001 0.001 0.001 0.001 0.016 0.001 
27 chisel_vis 30 0.005 0.001 0.001 0.006 0.001 0.996 0.995 0.004 0.003 0.001 0.001 0.000 0.001 0.000 0.001 0.000 0.003 0.000 0.001 0.000 0.000 0.000 0.001 0.001 0.010 0.000 0.001 0.000 0.000 0.085 0.000 0.000 0.001 0.000 0.006 0.020 0.015 0.989 0.029 0.004 0.041 0.001 0.000 0.038 0.001 0.001 0.001 0.000 0.009 0.008 0.001 0.001 0.001 0.001 0.003 0.002 0.068 0.001 
28 saw_vis 30 0.014 0.021 0.001 0.002 0.001 0.994 0.974 0.002 0.005 0.003 0.017 0.001 0.035 0.001 0.014 0.000 0.001 0.001 0.018 0.000 0.000 0.001 0.006 0.001 0.002 0.001 0.001 0.002 0.000 0.002 0.000 0.000 0.001 0.000 0.003 0.004 0.007 0.009 0.490 0.767 0.041 0.001 0.000 0.001 0.006 0.001 0.001 0.000 0.002 0.001 0.014 0.001 0.010 0.001 0.001 0.001 0.020 0.001 
29 drill_vis 30 0.015 0.007 0.001 0.001 0.001 0.996 0.987 0.001 0.002 0.034 0.001 0.000 0.006 0.001 0.002 0.000 0.003 0.000 0.005 0.000 0.000 0.000 0.001 0.001 0.001 0.000 0.000 0.000 0.000 0.036 0.000 0.000 0.001 0.000 0.002 0.001 0.707 0.351 0.011 0.689 0.005 0.001 0.000 0.002 0.001 0.001 0.001 0.000 0.015 0.001 0.015 0.001 0.052 0.001 0.001 0.001 0.716 0.001 
30 clamp_vis 30 0.003 0.001 0.001 0.003 0.001 0.995 0.004 0.975 0.002 0.002 0.003 0.000 0.000 0.001 0.001 0.000 0.000 0.001 0.001 0.000 0.000 0.000 0.000 0.038 0.001 0.000 0.008 0.000 0.001 0.001 0.003 0.000 0.001 0.000 0.001 0.010 0.001 0.004 0.002 0.003 0.372 0.023 0.021 0.126 0.061 0.001 0.001 0.000 0.001 0.001 0.000 0.023 0.001 0.001 0.001 0.001 0.002 0.013 
31 hoe_vis 30 0.003 0.001 0.001 0.001 0.001 0.996 0.001 0.973 0.007 0.001 0.002 0.000 0.000 0.001 0.000 0.000 0.000 0.001 0.001 0.000 0.000 0.000 0.000 0.006 0.001 0.000 0.005 0.000 0.001 0.006 0.001 0.000 0.001 0.000 0.001 0.001 0.001 0.007 0.001 0.001 0.005 0.007 0.006 0.662 0.001 0.115 0.001 0.001 0.008 0.006 0.000 0.025 0.000 0.001 0.001 0.001 0.002 0.002 
32 rake_vis 30 0.003 0.001 0.001 0.003 0.001 0.996 0.001 0.984 0.007 0.004 0.003 0.000 0.000 0.001 0.000 0.000 0.000 0.001 0.001 0.000 0.000 0.000 0.000 0.095 0.001 0.000 0.041 0.000 0.001 0.001 0.001 0.000 0.001 0.000 0.001 0.016 0.000 0.002 0.001 0.001 0.218 0.030 0.364 0.686 0.008 0.002 0.001 0.001 0.002 0.002 0.000 0.050 0.001 0.001 0.004 0.001 0.001 0.031 
33 shovel_vis 30 0.002 0.001 0.001 0.002 0.001 0.996 0.003 0.959 0.003 0.001 0.001 0.000 0.000 0.000 0.000 0.000 0.000 0.000 0.001 0.000 0.000 0.000 0.000 0.039 0.001 0.000 0.004 0.000 0.000 0.003 0.000 0.000 0.001 0.000 0.001 0.003 0.001 0.093 0.001 0.001 0.026 0.002 0.002 0.984 0.001 0.004 0.001 0.000 0.007 0.004 0.000 0.015 0.000 0.001 0.001 0.001 0.004 0.002 
34 spade_vis 30 0.005 0.015 0.001 0.001 0.001 0.991 0.001 0.951 0.004 0.004 0.111 0.002 0.000 0.027 0.001 0.001 0.000 0.089 0.001 0.001 0.000 0.000 0.000 0.001 0.000 0.000 0.001 0.000 0.000 0.001 0.002 0.000 0.001 0.000 0.001 0.001 0.001 0.001 0.001 0.006 0.017 0.006 0.003 0.001 0.948 0.001 0.023 0.001 0.001 0.001 0.000 0.044 0.001 0.029 0.001 0.001 0.001 0.001 
35 wrench_vis 30 0.003 0.001 0.001 0.001 0.001 0.996 0.001 0.981 0.009 0.001 0.002 0.000 0.000 0.002 0.000 0.000 0.000 0.001 0.001 0.000 0.001 0.000 0.000 0.005 0.001 0.000 0.005 0.000 0.005 0.014 0.004 0.001 0.001 0.000 0.003 0.001 0.001 0.010 0.001 0.001 0.003 0.003 0.031 0.598 0.001 0.805 0.001 0.001 0.027 0.008 0.000 0.047 0.000 0.001 0.001 0.003 0.003 0.002 
36 accordion_vis 30 0.008 0.002 0.001 0.001 0.001 0.637 0.002 0.001 0.152 0.080 0.001 0.001 0.009 0.003 0.001 0.000 0.000 0.001 0.003 0.001 0.000 0.004 0.001 0.001 0.002 0.000 0.001 0.004 0.001 0.001 0.002 0.000 0.003 0.001 0.003 0.002 0.001 0.001 0.002 0.001 0.001 0.001 0.001 0.001 0.038 0.001 0.022 0.001 0.003 0.002 0.007 0.001 0.003 0.035 0.013 0.002 0.002 0.001 
37 cello_vis 30 0.002 0.001 0.001 0.001 0.004 0.995 0.001 0.001 0.994 0.029 0.000 0.000 0.000 0.000 0.001 0.003 0.000 0.000 0.001 0.016 0.000 0.000 0.001 0.001 0.001 0.002 0.000 0.003 0.000 0.001 0.000 0.052 0.003 0.009 0.001 0.001 0.001 0.002 0.001 0.001 0.001 0.061 0.001 0.001 0.001 0.002 0.030 0.960 0.009 0.048 0.029 0.011 0.001 0.001 0.037 0.014 0.001 0.002 
38 flute_vis 30 0.005 0.006 0.001 0.001 0.001 0.996 0.009 0.001 0.994 0.002 0.001 0.000 0.005 0.000 0.017 0.001 0.001 0.000 0.006 0.001 0.000 0.000 0.001 0.001 0.001 0.001 0.001 0.000 0.000 0.001 0.000 0.000 0.001 0.000 0.006 0.001 0.032 0.008 0.001 0.001 0.001 0.001 0.001 0.006 0.001 0.002 0.018 0.001 0.913 0.008 0.119 0.056 0.000 0.001 0.001 0.001 0.010 0.001 
39 guitar_vis 30 0.003 0.001 0.001 0.006 0.001 0.996 0.007 0.016 0.991 0.003 0.001 0.000 0.001 0.000 0.003 0.000 0.001 0.000 0.002 0.001 0.000 0.000 0.001 0.031 0.006 0.001 0.005 0.001 0.000 0.060 0.000 0.001 0.001 0.000 0.017 0.001 0.001 0.052 0.001 0.001 0.002 0.003 0.001 0.573 0.001 0.089 0.002 0.003 0.441 0.636 0.000 0.327 0.000 0.002 0.002 0.004 0.008 0.004 
40 piano_vis 30 0.047 0.017 0.001 0.001 0.001 0.954 0.002 0.001 0.980 0.002 0.000 0.016 0.007 0.000 0.009 0.005 0.000 0.000 0.032 0.010 0.000 0.001 0.001 0.001 0.000 0.001 0.000 0.002 0.000 0.001 0.000 0.001 0.002 0.010 0.001 0.001 0.011 0.001 0.001 0.011 0.001 0.001 0.001 0.001 0.003 0.001 0.036 0.007 0.014 0.001 0.886 0.031 0.004 0.001 0.002 0.001 0.001 0.000 
41 trumpet_vis 30 0.005 0.001 0.001 0.001 0.001 0.996 0.001 0.032 0.993 0.001 0.000 0.000 0.000 0.000 0.002 0.005 0.000 0.000 0.001 0.001 0.000 0.000 0.000 0.014 0.000 0.000 0.001 0.000 0.000 0.040 0.000 0.001 0.001 0.001 0.001 0.001 0.001 0.002 0.001 0.001 0.003 0.025 0.002 0.222 0.001 0.010 0.002 0.015 0.020 0.042 0.001 0.960 0.000 0.001 0.001 0.003 0.001 0.000 
42 fork_vis 30 0.015 0.001 0.011 0.001 0.001 0.995 0.762 0.002 0.001 0.870 0.003 0.000 0.001 0.000 0.001 0.000 0.050 0.006 0.128 0.001 0.001 0.004 0.614 0.001 0.001 0.000 0.001 0.000 0.000 0.001 0.000 0.000 0.007 0.000 0.017 0.001 0.003 0.003 0.618 0.824 0.035 0.001 0.001 0.001 0.001 0.001 0.001 0.001 0.002 0.001 0.016 0.001 0.828 0.013 0.004 0.001 0.585 0.079 
43 spoon_vis 30 0.002 0.001 0.004 0.001 0.001 0.996 0.002 0.002 0.010 0.993 0.001 0.000 0.002 0.000 0.000 0.000 0.005 0.004 0.023 0.001 0.000 0.008 0.011 0.000 0.001 0.000 0.001 0.000 0.000 0.000 0.000 0.000 0.002 0.000 0.003 0.000 0.001 0.001 0.002 0.005 0.001 0.001 0.000 0.001 0.001 0.001 0.003 0.000 0.003 0.002 0.001 0.001 0.025 0.821 0.001 0.003 0.397 0.061 
44 tongs_vis 30 0.002 0.001 0.001 0.012 0.001 0.995 0.034 0.004 0.573 0.486 0.000 0.000 0.001 0.000 0.001 0.000 0.001 0.000 0.001 0.001 0.000 0.000 0.001 0.003 0.015 0.000 0.001 0.001 0.000 0.001 0.000 0.000 0.001 0.000 0.005 0.384 0.001 0.014 0.006 0.003 0.004 0.010 0.005 0.021 0.001 0.001 0.001 0.002 0.009 0.026 0.001 0.001 0.002 0.002 0.580 0.002 0.004 0.130 
45 ladle_vis 30 0.001 0.001 0.005 0.001 0.001 0.996 0.002 0.003 0.007 0.974 0.001 0.000 0.001 0.000 0.000 0.000 0.003 0.002 0.002 0.001 0.000 0.002 0.002 0.001 0.001 0.000 0.001 0.000 0.000 0.001 0.000 0.000 0.014 0.000 0.002 0.000 0.002 0.002 0.002 0.001 0.001 0.002 0.000 0.001 0.001 0.005 0.003 0.001 0.002 0.009 0.000 0.001 0.004 0.006 0.001 0.813 0.045 0.021 
46 knife_vis 30 0.001 0.001 0.001 0.001 0.001 0.996 0.009 0.004 0.007 0.987 0.001 0.000 0.001 0.000 0.000 0.000 0.028 0.001 0.003 0.000 0.000 0.000 0.005 0.001 0.001 0.000 0.001 0.000 0.000 0.001 0.000 0.000 0.003 0.000 0.005 0.000 0.005 0.062 0.004 0.006 0.001 0.001 0.000 0.001 0.001 0.002 0.001 0.000 0.055 0.008 0.000 0.001 0.005 0.004 0.001 0.010 0.991 0.028 
47 chopsticks_vis 30 0.002 0.001 0.008 0.001 0.001 0.995 0.005 0.002 0.003 0.993 0.000 0.000 0.000 0.000 0.000 0.000 0.008 0.001 0.004 0.004 0.005 0.006 0.069 0.001 0.002 0.000 0.001 0.000 0.000 0.000 0.000 0.000 0.009 0.000 0.005 0.001 0.001 0.002 0.017 0.001 0.001 0.001 0.001 0.001 0.001 0.001 0.001 0.001 0.002 0.002 0.001 0.001 0.030 0.222 0.004 0.004 0.027 0.670 
