0 beaver_vis 30 0.992 0.939 0.002 0.000 0.016 0.007 0.000 0.018 0.000 0.000 0.490 0.005 0.134 0.002 0.026 0.000 0.000 0.000 0.000 0.004 0.000 0.002 0.001 0.000 0.000 0.000 0.001 0.000 0.000 0.002 0.000 0.000 0.007 0.163 0.000 0.000 0.000 0.000 0.000 0.000 0.000 0.004 0.000 0.000 0.073 0.000 0.000 0.000 0.000 0.001 0.000 0.000 0.000 0.000 0.000 0.000 0.000 0.000 
1 bear_vis 30 0.995 0.992 0.163 0.000 0.272 0.001 0.000 0.000 0.003 0.000 0.464 0.979 0.078 0.001 0.001 0.073 0.000 0.004 0.000 0.461 0.000 0.001 0.000 0.000 0.000 0.000 0.001 0.000 0.000 0.001 0.001 0.041 0.085 0.000 0.000 0.000 0.000 0.000 0.000 0.000 0.000 0.001 0.000 0.000 0.000 0.000 0.002 0.000 0.000 0.001 0.218 0.000 0.000 0.000 0.000 0.000 0.000 0.000 
2 sheep_vis 30 0.994 0.988 0.000 0.000 0.162 0.001 0.000 0.020 0.000 0.000 0.508 0.003 0.849 0.000 0.416 0.000 0.001 0.000 0.003 0.000 0.000 0.012 0.012 0.000 0.009 0.000 0.000 0.000 0.000 0.303 0.000 0.002 0.000 0.561 0.032 0.000 0.000 0.000 0.000 0.001 0.000 0.118 0.000 0.000 0.448 0.001 0.000 0.000 0.000 0.001 0.000 0.000 0.000 0.001 0.000 0.000 0.000 0.000 
3 buffalo_vis 30 0.995 0.985 0.007 0.000 0.014 0.012 0.000 0.000 0.062 0.000 0.000 0.000 0.001 0.894 0.028 0.065 0.002 0.000 0.000 0.000 0.002 0.000 0.000 0.000 0.000 0.000 0.000 0.000 0.001 0.002 0.063 0.000 0.036 0.000 0.000 0.000 0.000 0.000 0.000 0.000 0.000 0.001 0.000 0.000 0.000 0.000 0.001 0.101 0.000 0.001 0.000 0.003 0.000 0.000 0.000 0.000 0.000 0.000 
4 poodle_vis 30 0.995 0.990 0.062 0.000 0.170 0.002 0.000 0.000 0.002 0.000 0.653 0.009 0.150 0.097 0.982 0.000 0.002 0.000 0.000 0.000 0.001 0.397 0.015 0.000 0.000 0.000 0.000 0.000 0.000 0.215 0.000 0.000 0.177 0.014 0.000 0.000 0.000 0.000 0.000 0.000 0.000 0.017 0.000 0.000 0.000 0.000 0.007 0.000 0.000 0.057 0.000 0.000 0.000 0.051 0.000 0.000 0.000 0.000 
5 giraffe_vis 30 0.994 0.990 0.032 0.000 0.020 0.001 0.000 0.000 0.039 0.000 0.002 0.821 0.018 0.004 0.001 0.710 0.000 0.020 0.000 0.010 0.001 0.000 0.000 0.000 0.000 0.000 0.000 0.000 0.005 0.001 0.004 0.001 0.005 0.000 0.000 0.000 0.000 0.000 0.000 0.000 0.000 0.001 0.000 0.000 0.000 0.011 0.042 0.002 0.000 0.001 0.154 0.000 0.001 0.000 0.000 0.000 0.000 0.000 
6 robin_vis 30 0.994 0.442 0.985 0.001 0.000 0.001 0.000 0.000 0.000 0.001 0.000 0.000 0.000 0.148 0.001 0.003 0.090 0.003 0.002 0.000 0.012 0.004 0.000 0.000 0.000 0.000 0.000 0.002 0.000 0.001 0.236 0.000 0.002 0.000 0.000 0.000 0.001 0.000 0.000 0.000 0.000 0.001 0.000 0.000 0.000 0.000 0.000 0.000 0.000 0.001 0.000 0.000 0.001 0.002 0.000 0.000 0.001 0.000 
7 swan_vis 30 0.995 0.002 0.291 0.004 0.001 0.001 0.000 0.000 0.000 0.002 0.000 0.000 0.001 0.000 0.000 0.006 0.002 0.099 0.023 0.013 0.005 0.001 0.000 0.005 0.001 0.008 0.000 0.001 0.001 0.001 0.001 0.000 0.000 0.000 0.000 0.000 0.000 0.000 0.000 0.002 0.000 0.001 0.000 0.000 0.000 0.002 0.000 0.000 0.000 0.001 0.000 0.000 0.005 0.000 0.000 0.000 0.000 0.000 
8 woodpecker_vis 30 0.994 0.162 0.952 0.117 0.000 0.001 0.001 0.000 0.000 0.000 0.000 0.000 0.032 0.000 0.000 0.004 0.003 0.058 0.919 0.002 0.000 0.006 0.000 0.004 0.041 0.028 0.000 0.000 0.000 0.000 0.002 0.000 0.000 0.000 0.001 0.000 0.001 0.000 0.000 0.008 0.000 0.001 0.000 0.000 0.000 0.001 0.000 0.000 0.000 0.001 0.000 0.000 0.000 0.001 0.000 0.000 0.000 0.000 
9 peacock_vis 30 0.995 0.013 0.982 0.002 0.001 0.001 0.000 0.000 0.000 0.003 0.040 0.147 0.002 0.000 0.000 0.001 0.000 0.180 0.001 0.889 0.001 0.028 0.000 0.000 0.001 0.069 0.035 0.000 0.000 0.000 0.000 0.000 0.001 0.000 0.000 0.000 0.000 0.000 0.000 0.000 0.000 0.001 0.000 0.000 0.000 0.000 0.000 0.000 0.000 0.001 0.001 0.000 0.001 0.000 0.002 0.000 0.000 0.001 
10 crow_vis 30 0.995 0.806 0.990 0.003 0.081 0.001 0.000 0.000 0.000 0.000 0.000 0.001 0.000 0.682 0.005 0.119 0.010 0.008 0.000 0.000 0.390 0.015 0.001 0.002 0.000 0.000 0.000 0.009 0.001 0.001 0.272 0.000 0.444 0.000 0.000 0.000 0.000 0.000 0.000 0.000 0.000 0.001 0.000 0.000 0.000 0.000 0.000 0.000 0.000 0.001 0.000 0.000 0.000 0.000 0.000 0.000 0.003 0.000 
11 eagle_vis 30 0.995 0.458 0.992 0.393 0.000 0.001 0.000 0.000 0.000 0.001 0.744 0.451 0.008 0.000 0.002 0.000 0.003 0.043 0.033 0.945 0.002 0.951 0.007 0.000 0.016 0.033 0.095 0.001 0.000 0.001 0.000 0.000 0.008 0.000 0.001 0.000 0.000 0.000 0.000 0.000 0.000 0.001 0.000 0.000 0.000 0.000 0.000 0.000 0.000 0.001 0.000 0.000 0.000 0.002 0.000 0.001 0.000 0.000 
12 tuna_vis 30 0.995 0.000 0.002 0.991 0.020 0.002 0.009 0.000 0.000 0.000 0.000 0.000 0.001 0.000 0.003 0.000 0.000 0.000 0.000 0.001 0.001 0.057 0.971 0.000 0.229 0.000 0.132 0.281 0.000 0.007 0.000 0.000 0.003 0.217 0.195 0.000 0.000 0.003 0.159 0.000 0.083 0.001 0.000 0.000 0.002 0.000 0.000 0.000 0.000 0.001 0.000 0.000 0.000 0.000 0.000 0.211 0.000 0.000 
13 goldfish_vis 30 0.995 0.000 0.004 0.961 0.008 0.001 0.000 0.000 0.000 0.000 0.000 0.000 0.000 0.000 0.000 0.000 0.000 0.000 0.000 0.026 0.001 0.001 0.160 0.002 0.002 0.001 0.586 0.002 0.000 0.001 0.001 0.001 0.030 0.010 0.000 0.000 0.000 0.000 0.001 0.000 0.000 0.001 0.000 0.000 0.000 0.000 0.000 0.000 0.000 0.001 0.000 0.000 0.000 0.000 0.002 0.004 0.000 0.000 
14 salmon_vis 30 0.995 0.014 0.692 0.310 0.001 0.001 0.200 0.000 0.000 0.000 0.000 0.000 0.315 0.000 0.000 0.001 0.008 0.001 0.831 0.001 0.000 0.051 0.009 0.035 0.643 0.007 0.001 0.002 0.004 0.005 0.000 0.000 0.000 0.000 0.012 0.001 0.025 0.000 0.003 0.454 0.000 0.020 0.000 0.000 0.000 0.043 0.000 0.000 0.000 0.001 0.000 0.000 0.002 0.000 0.000 0.000 0.000 0.000 
15 sardine_vis 30 0.995 0.000 0.139 0.992 0.210 0.001 0.000 0.000 0.000 0.000 0.000 0.000 0.001 0.000 0.000 0.000 0.000 0.024 0.001 0.192 0.001 0.001 0.002 0.176 0.083 0.981 0.531 0.001 0.000 0.001 0.053 0.770 0.006 0.000 0.000 0.000 0.000 0.000 0.002 0.000 0.000 0.001 0.000 0.000 0.000 0.000 0.000 0.000 0.000 0.001 0.000 0.000 0.000 0.000 0.085 0.000 0.000 0.000 
16 catfish_vis 30 0.991 0.000 0.007 0.572 0.089 0.001 0.000 0.000 0.000 0.000 0.000 0.000 0.000 0.000 0.000 0.004 0.000 0.067 0.000 0.039 0.020 0.001 0.056 0.038 0.003 0.205 0.315 0.001 0.010 0.000 0.231 0.015 0.077 0.017 0.000 0.000 0.000 0.000 0.003 0.000 0.000 0.001 0.000 0.000 0.002 0.000 0.000 0.000 0.042 0.001 0.001 0.000 0.000 0.000 0.036 0.001 0.000 0.000 
17 cod_vis 30 0.995 0.000 0.003 0.858 0.166 0.002 0.002 0.000 0.000 0.000 0.000 0.000 0.000 0.000 0.001 0.000 0.000 0.000 0.000 0.000 0.008 0.001 0.024 0.006 0.003 0.000 0.000 0.091 0.000 0.004 0.001 0.000 0.007 0.000 0.001 0.000 0.000 0.002 0.000 0.000 0.000 0.001 0.000 0.000 0.000 0.000 0.000 0.000 0.000 0.001 0.000 0.000 0.000 0.000 0.000 0.001 0.000 0.000 
18 turtle_vis 30 0.980 0.045 0.000 0.003 0.989 0.002 0.000 0.038 0.000 0.000 0.000 0.000 0.002 0.002 0.000 0.224 0.000 0.001 0.000 0.000 0.001 0.000 0.000 0.026 0.000 0.002 0.000 0.001 0.793 0.010 0.906 0.508 0.006 0.001 0.000 0.002 0.000 0.000 0.000 0.000 0.000 0.001 0.003 0.010 0.000 0.026 0.000 0.000 0.016 0.001 0.001 0.000 0.000 0.000 0.000 0.000 0.000 0.000 
19 rattlesnake_vis 30 0.992 0.006 0.000 0.004 0.993 0.370 0.000 0.204 0.000 0.000 0.000 0.000 0.004 0.002 0.019 0.000 0.000 0.000 0.000 0.000 0.001 0.000 0.051 0.000 0.001 0.000 0.000 0.002 0.005 0.565 0.008 0.003 0.093 0.652 0.000 0.000 0.000 0.000 0.000 0.000 0.075 0.004 0.000 0.004 0.001 0.000 0.000 0.000 0.000 0.003 0.000 0.002 0.000 0.000 0.000 0.000 0.000 0.000 
20 crab_vis 30 0.992 0.016 0.000 0.013 0.989 0.002 0.000 0.036 0.000 0.000 0.011 0.000 0.007 0.001 0.001 0.000 0.000 0.000 0.000 0.000 0.001 0.000 0.030 0.000 0.000 0.000 0.163 0.001 0.000 0.017 0.599 0.143 0.067 0.952 0.000 0.000 0.000 0.000 0.000 0.000 0.039 0.001 0.000 0.000 0.332 0.000 0.000 0.000 0.000 0.001 0.000 0.001 0.000 0.000 0.000 0.000 0.000 0.000 
21 frog_vis 30 0.991 0.210 0.000 0.187 0.993 0.001 0.000 0.002 0.000 0.000 0.004 0.016 0.112 0.000 0.000 0.000 0.000 0.000 0.000 0.031 0.000 0.000 0.001 0.000 0.008 0.375 0.817 0.000 0.007 0.001 0.053 0.989 0.126 0.588 0.000 0.000 0.000 0.000 0.000 0.000 0.000 0.001 0.031 0.000 0.000 0.000 0.000 0.000 0.000 0.001 0.007 0.000 0.000 0.000 0.000 0.000 0.000 0.000 
22 gecko_vis 30 0.994 0.023 0.000 0.005 0.991 0.018 0.000 0.000 0.001 0.000 0.118 0.000 0.001 0.014 0.052 0.000 0.000 0.000 0.000 0.002 0.003 0.001 0.141 0.000 0.000 0.000 0.020 0.001 0.000 0.021 0.016 0.008 0.942 0.839 0.000 0.000 0.000 0.000 0.000 0.000 0.002 0.001 0.000 0.000 0.000 0.000 0.000 0.000 0.000 0.001 0.000 0.031 0.000 0.000 0.000 0.003 0.000 0.000 
23 crocodile_vis 30 0.991 0.009 0.000 0.016 0.991 0.006 0.000 0.078 0.000 0.000 0.020 0.000 0.012 0.000 0.003 0.000 0.000 0.000 0.000 0.000 0.000 0.000 0.108 0.000 0.001 0.000 0.166 0.000 0.000 0.061 0.044 0.084 0.088 0.983 0.000 0.000 0.000 0.000 0.000 0.000 0.115 0.001 0.000 0.000 0.170 0.000 0.000 0.000 0.000 0.001 0.000 0.001 0.000 0.000 0.000 0.000 0.000 0.000 
24 axe_vis 30 0.005 0.000 0.000 0.003 0.000 0.994 0.986 0.106 0.000 0.003 0.000 0.000 0.000 0.000 0.001 0.000 0.001 0.000 0.001 0.000 0.000 0.001 0.003 0.000 0.004 0.000 0.000 0.002 0.000 0.001 0.000 0.000 0.000 0.000 0.977 0.001 0.089 0.009 0.024 0.009 0.010 0.015 0.000 0.000 0.198 0.000 0.000 0.000 0.000 0.001 0.000 0.000 0.000 0.225 0.000 0.001 0.000 0.000 
25 hammer_vis 30 0.001 0.000 0.000 0.002 0.000 0.995 0.983 0.043 0.000 0.015 0.000 0.000 0.000 0.000 0.000 0.000 0.000 0.000 0.002 0.000 0.000 0.000 0.000 0.002 0.002 0.000 0.000 0.001 0.002 0.001 0.000 0.000 0.000 0.000 0.001 0.376 0.389 0.006 0.035 0.184 0.000 0.002 0.005 0.002 0.000 0.184 0.000 0.000 0.000 0.001 0.001 0.000 0.066 0.000 0.007 0.000 0.001 0.000 
26 screwdriver_vis 30 0.002 0.000 0.000 0.004 0.000 0.994 0.984 0.048 0.000 0.081 0.000 0.000 0.000 0.000 0.000 0.000 0.000 0.000 0.000 0.000 0.000 0.000 0.001 0.000 0.001 0.000 0.000 0.120 0.000 0.001 0.000 0.000 0.000 0.000 0.024 0.063 0.077 0.966 0.030 0.001 0.032 0.002 0.000 0.106 0.000 0.000 0.000 0.000 0.000 0.001 0.000 0.004 0.000 0.000 0.000 0.002 0.116 0.000 
27 chisel_vis 30 0.002 0.000 0.000 0.006 0.000 0.994 0.985 0.047 0.000 0.083 0.000 0.000 0.000 0.000 0.000 0.000 0.000 0.000 0.000 0.000 0.000 0.000 0.003 0.000 0.002 0.000 0.000 0.111 0.000 0.001 0.000 0.000 0.000 0.000 0.037 0.055 0.069 0.963 0.044 0.001 0.043 0.002 0.000 0.089 0.001 0.000 0.000 0.000 0.000 0.001 0.000 0.004 0.000 0.001 0.000 0.003 0.100 0.000 
28 saw_vis 30 0.002 0.000 0.000 0.026 0.000 0.992 0.987 0.050 0.000 0.086 0.000 0.000 0.000 0.000 0.000 0.000 0.000 0.000 0.001 0.000 0.000 0.000 0.004 0.000 0.008 0.000 0.001 0.073 0.000 0.001 0.000 0.000 0.000 0.000 0.075 0.038 0.039 0.925 0.163 0.006 0.094 0.002 0.002 0.035 0.001 0.000 0.000 0.000 0.000 0.001 0.000 0.002 0.000 0.000 0.001 0.005 0.042 0.000 
29 drill_vis 30 0.006 0.000 0.000 0.001 0.000 0.993 0.800 0.005 0.000 0.001 0.000 0.000 0.000 0.000 0.000 0.000 0.000 0.000 0.011 0.000 0.000 0.000 0.000 0.000 0.006 0.000 0.000 0.000 0.000 0.000 0.000 0.000 0.000 0.000 0.003 0.014 0.025 0.000 0.009 0.726 0.000 0.018 0.000 0.000 0.000 0.041 0.000 0.000 0.000 0.001 0.004 0.000 0.006 0.001 0.000 0.000 0.000 0.019 
30 clamp_vis 30 0.001 0.000 0.000 0.000 0.114 0.995 0.074 0.993 0.023 0.000 0.000 0.000 0.001 0.000 0.003 0.000 0.000 0.000 0.000 0.000 0.000 0.000 0.002 0.000 0.001 0.000 0.000 0.001 0.001 0.057 0.000 0.000 0.000 0.074 0.012 0.002 0.002 0.078 0.009 0.001 0.947 0.089 0.147 0.178 0.062 0.002 0.000 0.000 0.000 0.016 0.000 0.072 0.000 0.000 0.000 0.000 0.000 0.000 
31 hoe_vis 30 0.001 0.000 0.000 0.000 0.061 0.994 0.074 0.991 0.018 0.000 0.000 0.000 0.001 0.000 0.010 0.000 0.000 0.000 0.000 0.000 0.000 0.000 0.004 0.000 0.001 0.000 0.000 0.000 0.001 0.064 0.000 0.000 0.000 0.199 0.064 0.001 0.001 0.016 0.012 0.001 0.965 0.512 0.096 0.017 0.188 0.001 0.000 0.000 0.000 0.048 0.000 0.010 0.000 0.000 0.000 0.000 0.000 0.000 
32 rake_vis 30 0.001 0.000 0.000 0.000 0.052 0.994 0.055 0.992 0.016 0.000 0.000 0.000 0.001 0.000 0.000 0.000 0.000 0.000 0.000 0.000 0.000 0.000 0.000 0.000 0.001 0.000 0.000 0.001 0.012 0.008 0.010 0.002 0.000 0.002 0.001 0.024 0.004 0.042 0.006 0.002 0.293 0.013 0.282 0.618 0.010 0.042 0.000 0.001 0.004 0.002 0.001 0.037 0.000 0.000 0.000 0.000 0.000 0.000 
33 shovel_vis 30 0.001 0.000 0.000 0.000 0.113 0.995 0.147 0.992 0.324 0.000 0.000 0.000 0.000 0.000 0.000 0.001 0.000 0.000 0.000 0.000 0.000 0.000 0.000 0.000 0.001 0.000 0.000 0.001 0.548 0.022 0.000 0.000 0.000 0.000 0.001 0.730 0.012 0.015 0.001 0.001 0.020 0.076 0.541 0.912 0.000 0.609 0.000 0.000 0.164 0.078 0.004 0.002 0.002 0.000 0.000 0.000 0.001 0.000 
34 spade_vis 30 0.001 0.000 0.000 0.000 0.144 0.994 0.088 0.993 0.019 0.000 0.000 0.000 0.001 0.000 0.008 0.000 0.000 0.000 0.000 0.000 0.000 0.000 0.007 0.000 0.001 0.000 0.000 0.001 0.001 0.084 0.000 0.000 0.000 0.293 0.053 0.001 0.001 0.052 0.029 0.001 0.983 0.343 0.204 0.032 0.156 0.001 0.000 0.000 0.000 0.050 0.000 0.034 0.000 0.000 0.000 0.001 0.000 0.000 
35 wrench_vis 30 0.001 0.000 0.000 0.000 0.050 0.994 0.042 0.989 0.100 0.000 0.000 0.000 0.001 0.000 0.001 0.000 0.000 0.000 0.000 0.000 0.000 0.000 0.000 0.000 0.001 0.000 0.000 0.000 0.025 0.009 0.000 0.000 0.000 0.000 0.000 0.055 0.010 0.002 0.001 0.001 0.034 0.126 0.311 0.327 0.001 0.162 0.000 0.001 0.003 0.018 0.001 0.001 0.000 0.000 0.000 0.000 0.000 0.000 
36 accordion_vis 30 0.002 0.005 0.000 0.000 0.001 0.994 0.001 0.951 0.491 0.000 0.002 0.000 0.003 0.000 0.013 0.000 0.000 0.000 0.000 0.000 0.000 0.000 0.000 0.000 0.000 0.000 0.000 0.000 0.001 0.002 0.000 0.000 0.000 0.006 0.006 0.001 0.002 0.000 0.000 0.001 0.003 0.200 0.000 0.001 0.244 0.003 0.011 0.008 0.000 0.038 0.000 0.001 0.000 0.009 0.000 0.000 0.001 0.000 
37 cello_vis 30 0.001 0.001 0.000 0.000 0.004 0.995 0.000 0.069 0.990 0.031 0.003 0.000 0.000 0.017 0.045 0.001 0.000 0.000 0.000 0.000 0.001 0.000 0.003 0.000 0.000 0.000 0.001 0.000 0.001 0.001 0.003 0.000 0.043 0.011 0.000 0.001 0.000 0.001 0.000 0.000 0.027 0.001 0.000 0.004 0.002 0.001 0.001 0.079 0.052 0.037 0.000 0.874 0.001 0.002 0.000 0.042 0.003 0.000 
38 flute_vis 30 0.001 0.000 0.000 0.000 0.048 0.995 0.000 0.105 0.991 0.153 0.000 0.000 0.000 0.001 0.009 0.001 0.000 0.000 0.000 0.001 0.003 0.000 0.001 0.000 0.000 0.000 0.001 0.000 0.003 0.001 0.000 0.000 0.064 0.001 0.000 0.007 0.000 0.000 0.001 0.000 0.006 0.012 0.012 0.005 0.000 0.001 0.006 0.002 0.889 0.876 0.047 0.251 0.002 0.001 0.032 0.015 0.005 0.005 
39 guitar_vis 30 0.002 0.000 0.000 0.000 0.005 0.995 0.001 0.146 0.987 0.047 0.001 0.000 0.000 0.001 0.298 0.000 0.000 0.000 0.000 0.000 0.001 0.001 0.002 0.000 0.000 0.000 0.000 0.000 0.001 0.002 0.000 0.000 0.012 0.001 0.000 0.001 0.000 0.001 0.000 0.000 0.005 0.034 0.000 0.001 0.000 0.000 0.015 0.003 0.011 0.884 0.000 0.306 0.000 0.027 0.000 0.020 0.004 0.001 
40 piano_vis 30 0.015 0.123 0.000 0.000 0.003 0.971 0.000 0.002 0.989 0.001 0.002 0.301 0.001 0.000 0.001 0.000 0.000 0.000 0.000 0.003 0.000 0.000 0.000 0.000 0.000 0.000 0.000 0.000 0.001 0.001 0.000 0.000 0.002 0.000 0.000 0.001 0.000 0.000 0.000 0.000 0.000 0.016 0.000 0.000 0.000 0.001 0.387 0.000 0.004 0.016 0.939 0.000 0.001 0.000 0.000 0.000 0.000 0.050 
41 trumpet_vis 30 0.001 0.000 0.000 0.000 0.009 0.994 0.000 0.062 0.988 0.038 0.003 0.000 0.000 0.029 0.033 0.000 0.000 0.000 0.000 0.000 0.001 0.000 0.006 0.000 0.000 0.000 0.003 0.001 0.001 0.001 0.008 0.000 0.107 0.030 0.000 0.001 0.000 0.004 0.000 0.000 0.085 0.001 0.000 0.003 0.003 0.000 0.000 0.038 0.127 0.017 0.000 0.966 0.000 0.001 0.001 0.100 0.002 0.000 
42 fork_vis 30 0.010 0.000 0.050 0.000 0.000 0.995 0.039 0.000 0.185 0.992 0.000 0.000 0.000 0.000 0.000 0.000 0.071 0.003 0.000 0.000 0.001 0.001 0.000 0.000 0.000 0.000 0.000 0.000 0.000 0.000 0.000 0.000 0.000 0.000 0.000 0.017 0.159 0.000 0.000 0.003 0.000 0.001 0.000 0.000 0.000 0.014 0.131 0.034 0.000 0.008 0.004 0.000 0.823 0.133 0.001 0.001 0.372 0.043 
43 spoon_vis 30 0.025 0.000 0.015 0.000 0.001 0.995 0.014 0.000 0.005 0.987 0.000 0.000 0.000 0.000 0.009 0.000 0.008 0.000 0.000 0.001 0.001 0.112 0.002 0.000 0.000 0.000 0.000 0.001 0.000 0.001 0.000 0.000 0.000 0.000 0.071 0.000 0.002 0.000 0.000 0.000 0.000 0.002 0.000 0.000 0.000 0.000 0.000 0.000 0.000 0.009 0.000 0.000 0.001 0.929 0.000 0.055 0.003 0.103 
44 tongs_vis 30 0.001 0.000 0.054 0.000 0.000 0.995 0.041 0.000 0.264 0.992 0.000 0.000 0.000 0.000 0.000 0.001 0.004 0.030 0.001 0.001 0.001 0.000 0.000 0.000 0.000 0.000 0.000 0.000 0.000 0.000 0.000 0.000 0.000 0.000 0.000 0.088 0.039 0.000 0.001 0.027 0.000 0.001 0.000 0.000 0.000 0.048 0.222 0.012 0.001 0.006 0.327 0.000 0.933 0.010 0.028 0.000 0.031 0.421 
45 ladle_vis 30 0.823 0.000 0.235 0.002 0.001 0.859 0.001 0.001 0.007 0.789 0.001 0.000 0.000 0.000 0.015 0.000 0.000 0.000 0.000 0.007 0.017 0.160 0.035 0.000 0.000 0.000 0.001 0.001 0.000 0.002 0.000 0.000 0.013 0.000 0.004 0.000 0.000 0.002 0.001 0.000 0.002 0.002 0.000 0.000 0.000 0.000 0.000 0.000 0.000 0.023 0.000 0.006 0.000 0.022 0.001 0.278 0.006 0.001 
46 knife_vis 30 0.037 0.000 0.032 0.000 0.001 0.995 0.028 0.000 0.013 0.991 0.000 0.000 0.000 0.000 0.003 0.000 0.215 0.000 0.000 0.000 0.005 0.005 0.001 0.000 0.000 0.000 0.000 0.004 0.000 0.001 0.000 0.000 0.000 0.000 0.009 0.000 0.142 0.007 0.000 0.000 0.000 0.001 0.000 0.000 0.000 0.000 0.001 0.039 0.000 0.004 0.000 0.002 0.076 0.770 0.000 0.015 0.344 0.005 
47 chopsticks_vis 30 0.361 0.000 0.413 0.000 0.000 0.994 0.147 0.000 0.001 0.991 0.000 0.000 0.000 0.001 0.006 0.000 0.886 0.000 0.000 0.000 0.005 0.003 0.000 0.000 0.001 0.000 0.000 0.004 0.000 0.000 0.000 0.000 0.000 0.000 0.020 0.001 0.825 0.010 0.000 0.001 0.000 0.001 0.000 0.001 0.000 0.001 0.006 0.202 0.000 0.004 0.000 0.002 0.429 0.927 0.001 0.005 0.932 0.003 
0 beaver_vis 30 0.994 0.992 0.147 0.000 0.507 0.001 0.000 0.000 0.008 0.000 0.880 0.980 0.360 0.000 0.001 0.008 0.000 0.001 0.000 0.711 0.000 0.003 0.000 0.000 0.001 0.001 0.007 0.000 0.000 0.001 0.000 0.291 0.080 0.003 0.000 0.000 0.000 0.000 0.000 0.000 0.000 0.001 0.000 0.000 0.000 0.000 0.001 0.000 0.000 0.001 0.341 0.000 0.000 0.000 0.000 0.000 0.000 0.000 
1 bear_vis 30 0.994 0.992 0.044 0.000 0.132 0.001 0.000 0.000 0.010 0.000 0.460 0.982 0.069 0.001 0.001 0.046 0.000 0.002 0.000 0.518 0.000 0.001 0.000 0.000 0.000 0.000 0.001 0.000 0.001 0.001 0.001 0.031 0.038 0.000 0.000 0.000 0.000 0.000 0.000 0.000 0.000 0.001 0.000 0.000 0.000 0.000 0.003 0.000 0.000 0.001 0.325 0.000 0.000 0.000 0.000 0.000 0.000 0.000 
2 sheep_vis 30 0.994 0.991 0.000 0.000 0.730 0.001 0.000 0.001 0.000 0.000 0.205 0.805 0.841 0.000 0.001 0.004 0.000 0.000 0.002 0.009 0.000 0.000 0.000 0.000 0.015 0.001 0.005 0.000 0.001 0.001 0.000 0.649 0.000 0.046 0.000 0.000 0.000 0.000 0.000 0.001 0.000 0.005 0.000 0.000 0.001 0.002 0.000 0.000 0.000 0.001 0.014 0.000 0.000 0.000 0.000 0.000 0.000 0.000 
3 buffalo_vis 30 0.972 0.917 0.004 0.000 0.032 0.551 0.000 0.000 0.518 0.000 0.000 0.000 0.001 0.630 0.011 0.065 0.005 0.001 0.000 0.000 0.002 0.000 0.000 0.000 0.000 0.000 0.000 0.000 0.002 0.002 0.043 0.000 0.013 0.000 0.000 0.000 0.000 0.000 0.000 0.000 0.000 0.001 0.000 0.000 0.000 0.001 0.006 0.538 0.000 0.001 0.000 0.013 0.001 0.000 0.000 0.000 0.000 0.000 
4 poodle_vis 30 0.988 0.960 0.003 0.000 0.005 0.106 0.000 0.000 0.213 0.000 0.115 0.002 0.002 0.433 0.022 0.011 0.001 0.000 0.000 0.001 0.000 0.001 0.000 0.000 0.000 0.000 0.000 0.000 0.000 0.001 0.019 0.000 0.020 0.002 0.000 0.000 0.000 0.000 0.000 0.000 0.000 0.001 0.000 0.000 0.000 0.000 0.001 0.205 0.000 0.001 0.000 0.003 0.000 0.000 0.000 0.000 0.000 0.000 
5 giraffe_vis 30 0.995 0.990 0.056 0.000 0.348 0.001 0.000 0.000 0.026 0.000 0.000 0.759 0.001 0.018 0.000 0.971 0.000 0.251 0.000 0.001 0.001 0.000 0.000 0.000 0.000 0.000 0.000 0.000 0.020 0.001 0.095 0.003 0.071 0.000 0.000 0.000 0.000 0.000 0.000 0.000 0.000 0.001 0.000 0.000 0.000 0.006 0.002 0.001 0.002 0.001 0.715 0.000 0.001 0.000 0.000 0.000 0.000 0.000 
6 robin_vis 30 0.991 0.030 0.949 0.001 0.001 0.004 0.000 0.000 0.000 0.006 0.003 0.000 0.001 0.001 0.001 0.001 0.046 0.014 0.004 0.001 0.001 0.039 0.001 0.000 0.000 0.000 0.000 0.000 0.000 0.001 0.001 0.000 0.000 0.000 0.006 0.000 0.001 0.000 0.000 0.000 0.000 0.001 0.000 0.000 0.000 0.001 0.001 0.001 0.000 0.001 0.000 0.000 0.002 0.001 0.000 0.000 0.000 0.000 
7 swan_vis 30 0.995 0.021 0.990 0.005 0.001 0.001 0.000 0.000 0.000 0.003 0.000 0.000 0.001 0.001 0.001 0.090 0.017 0.707 0.375 0.002 0.008 0.002 0.000 0.026 0.001 0.003 0.000 0.001 0.001 0.001 0.003 0.000 0.001 0.000 0.000 0.000 0.001 0.000 0.000 0.001 0.000 0.001 0.000 0.000 0.000 0.006 0.000 0.000 0.000 0.001 0.000 0.000 0.032 0.000 0.000 0.000 0.000 0.000 
8 woodpecker_vis 30 0.994 0.072 0.987 0.038 0.001 0.001 0.000 0.000 0.000 0.001 0.004 0.005 0.033 0.000 0.001 0.019 0.025 0.595 0.680 0.032 0.001 0.019 0.000 0.001 0.025 0.019 0.002 0.000 0.000 0.001 0.001 0.000 0.000 0.000 0.000 0.000 0.002 0.000 0.000 0.003 0.000 0.001 0.000 0.000 0.000 0.001 0.000 0.000 0.000 0.001 0.001 0.000 0.027 0.001 0.000 0.000 0.000 0.000 
9 peacock_vis 30 0.995 0.992 0.958 0.001 0.587 0.001 0.000 0.000 0.000 0.000 0.975 0.987 0.873 0.002 0.003 0.055 0.000 0.028 0.002 0.879 0.001 0.428 0.001 0.000 0.004 0.003 0.007 0.000 0.000 0.001 0.001 0.269 0.357 0.007 0.000 0.000 0.000 0.000 0.000 0.000 0.000 0.001 0.000 0.000 0.000 0.000 0.002 0.000 0.000 0.001 0.004 0.000 0.000 0.000 0.000 0.000 0.000 0.000 
10 crow_vis 30 0.995 0.387 0.705 0.025 0.333 0.001 0.000 0.000 0.000 0.004 0.000 0.001 0.048 0.051 0.052 0.004 0.002 0.032 0.000 0.000 0.497 0.008 0.001 0.017 0.001 0.000 0.000 0.009 0.002 0.056 0.003 0.000 0.109 0.000 0.000 0.000 0.000 0.000 0.000 0.000 0.000 0.001 0.000 0.000 0.000 0.000 0.000 0.000 0.000 0.001 0.000 0.001 0.001 0.000 0.000 0.001 0.010 0.000 
11 eagle_vis 30 0.994 0.746 0.984 0.021 0.001 0.001 0.000 0.000 0.000 0.000 0.694 0.457 0.022 0.001 0.005 0.001 0.005 0.004 0.019 0.561 0.001 0.566 0.004 0.000 0.002 0.000 0.011 0.000 0.000 0.001 0.000 0.000 0.005 0.000 0.000 0.000 0.000 0.000 0.000 0.000 0.000 0.001 0.000 0.000 0.000 0.000 0.001 0.000 0.000 0.001 0.001 0.000 0.000 0.001 0.000 0.000 0.000 0.001 
12 tuna_vis 30 0.995 0.000 0.003 0.987 0.017 0.008 0.004 0.000 0.000 0.000 0.001 0.000 0.000 0.000 0.002 0.000 0.000 0.000 0.000 0.001 0.001 0.023 0.938 0.000 0.096 0.000 0.161 0.105 0.000 0.003 0.000 0.000 0.005 0.135 0.047 0.000 0.000 0.001 0.098 0.000 0.039 0.001 0.000 0.000 0.001 0.000 0.000 0.000 0.000 0.001 0.000 0.000 0.000 0.000 0.000 0.119 0.000 0.000 
13 goldfish_vis 30 0.995 0.001 0.021 0.978 0.065 0.001 0.000 0.000 0.000 0.000 0.000 0.000 0.000 0.000 0.000 0.001 0.000 0.242 0.000 0.001 0.004 0.000 0.000 0.731 0.002 0.846 0.000 0.001 0.007 0.001 0.410 0.084 0.002 0.000 0.000 0.001 0.000 0.000 0.000 0.000 0.000 0.001 0.000 0.000 0.000 0.000 0.000 0.000 0.000 0.001 0.000 0.000 0.000 0.000 0.012 0.000 0.000 0.000 
14 salmon_vis 30 0.995 0.001 0.323 0.991 0.026 0.001 0.064 0.000 0.000 0.000 0.000 0.000 0.198 0.000 0.000 0.000 0.000 0.001 0.077 0.010 0.001 0.192 0.195 0.189 0.973 0.252 0.021 0.039 0.001 0.005 0.000 0.009 0.001 0.001 0.004 0.001 0.000 0.000 0.152 0.043 0.000 0.006 0.000 0.000 0.000 0.000 0.000 0.000 0.000 0.001 0.000 0.000 0.000 0.000 0.001 0.000 0.000 0.000 
15 sardine_vis 30 0.995 0.000 0.002 0.989 0.044 0.001 0.000 0.000 0.000 0.000 0.000 0.000 0.001 0.000 0.000 0.000 0.000 0.001 0.000 0.567 0.000 0.001 0.001 0.008 0.024 0.981 0.907 0.000 0.000 0.001 0.003 0.730 0.002 0.001 0.000 0.000 0.000 0.000 0.002 0.000 0.000 0.001 0.000 0.000 0.000 0.000 0.000 0.000 0.000 0.001 0.000 0.000 0.000 0.000 0.358 0.000 0.000 0.000 
16 catfish_vis 30 0.994 0.001 0.009 0.979 0.020 0.001 0.000 0.000 0.000 0.000 0.000 0.000 0.000 0.000 0.000 0.000 0.000 0.013 0.000 0.257 0.001 0.001 0.002 0.022 0.005 0.970 0.480 0.000 0.000 0.001 0.017 0.327 0.006 0.000 0.000 0.000 0.000 0.000 0.001 0.000 0.000 0.001 0.000 0.000 0.000 0.000 0.000 0.000 0.000 0.001 0.000 0.000 0.000 0.000 0.382 0.000 0.000 0.000 
17 cod_vis 30 0.995 0.000 0.010 0.968 0.195 0.001 0.001 0.000 0.000 0.000 0.000 0.000 0.000 0.000 0.001 0.000 0.000 0.000 0.000 0.000 0.092 0.001 0.025 0.016 0.003 0.000 0.000 0.575 0.001 0.007 0.009 0.000 0.018 0.000 0.001 0.000 0.000 0.004 0.000 0.000 0.000 0.001 0.000 0.000 0.000 0.000 0.000 0.000 0.000 0.001 0.000 0.000 0.000 0.000 0.000 0.002 0.001 0.000 
18 turtle_vis 30 0.975 0.043 0.000 0.002 0.991 0.003 0.000 0.046 0.000 0.000 0.000 0.000 0.002 0.000 0.000 0.395 0.000 0.002 0.000 0.000 0.001 0.000 0.000 0.085 0.000 0.001 0.000 0.000 0.956 0.009 0.721 0.458 0.005 0.000 0.000 0.011 0.000 0.000 0.000 0.000 0.000 0.001 0.004 0.017 0.000 0.079 0.000 0.000 0.064 0.001 0.003 0.000 0.000 0.000 0.000 0.000 0.000 0.000 
19 rattlesnake_vis 30 0.995 0.012 0.000 0.001 0.993 0.235 0.000 0.023 0.000 0.000 0.000 0.000 0.001 0.003 0.002 0.000 0.000 0.000 0.000 0.000 0.001 0.000 0.001 0.000 0.000 0.000 0.000 0.002 0.019 0.218 0.029 0.003 0.272 0.005 0.000 0.000 0.000 0.000 0.000 0.000 0.000 0.001 0.000 0.008 0.000 0.000 0.000 0.000 0.000 0.001 0.000 0.003 0.000 0.000 0.000 0.000 0.000 0.000 
20 crab_vis 30 0.991 0.016 0.000 0.017 0.989 0.002 0.000 0.041 0.000 0.000 0.025 0.000 0.009 0.001 0.001 0.000 0.000 0.000 0.000 0.000 0.001 0.000 0.049 0.000 0.001 0.000 0.302 0.000 0.000 0.018 0.444 0.177 0.077 0.966 0.000 0.000 0.000 0.000 0.000 0.000 0.058 0.001 0.000 0.000 0.417 0.000 0.000 0.000 0.000 0.001 0.000 0.001 0.000 0.000 0.000 0.000 0.000 0.000 
21 frog_vis 30 0.990 0.127 0.000 0.096 0.993 0.001 0.000 0.002 0.000 0.000 0.001 0.005 0.074 0.000 0.000 0.000 0.000 0.000 0.000 0.011 0.000 0.000 0.001 0.000 0.005 0.268 0.564 0.000 0.013 0.001 0.071 0.988 0.062 0.345 0.000 0.000 0.000 0.000 0.000 0.000 0.000 0.001 0.033 0.000 0.000 0.000 0.000 0.000 0.000 0.001 0.007 0.000 0.000 0.000 0.000 0.000 0.000 0.000 
22 gecko_vis 30 0.992 0.018 0.000 0.006 0.990 0.018 0.000 0.005 0.002 0.000 0.058 0.000 0.002 0.022 0.048 0.000 0.000 0.000 0.000 0.002 0.007 0.001 0.090 0.000 0.000 0.000 0.019 0.001 0.000 0.032 0.022 0.023 0.606 0.848 0.000 0.000 0.000 0.000 0.000 0.000 0.008 0.001 0.000 0.000 0.003 0.000 0.000 0.000 0.000 0.001 0.000 0.044 0.000 0.000 0.000 0.004 0.000 0.000 
23 crocodile_vis 30 0.991 0.011 0.000 0.017 0.991 0.003 0.000 0.053 0.000 0.000 0.031 0.000 0.011 0.000 0.002 0.000 0.000 0.000 0.000 0.000 0.000 0.000 0.092 0.000 0.001 0.000 0.274 0.000 0.000 0.033 0.107 0.125 0.096 0.983 0.000 0.000 0.000 0.000 0.000 0.000 0.088 0.001 0.000 0.000 0.265 0.000 0.000 0.000 0.000 0.001 0.000 0.001 0.000 0.000 0.000 0.000 0.000 0.000 
24 axe_vis 30 0.003 0.000 0.000 0.001 0.001 0.994 0.975 0.111 0.000 0.003 0.000 0.000 0.000 0.000 0.001 0.000 0.001 0.000 0.000 0.000 0.000 0.001 0.002 0.000 0.002 0.000 0.000 0.001 0.000 0.001 0.000 0.000 0.000 0.000 0.943 0.001 0.042 0.006 0.012 0.006 0.005 0.011 0.000 0.000 0.114 0.000 0.000 0.000 0.000 0.001 0.000 0.000 0.000 0.113 0.000 0.000 0.000 0.000 
25 hammer_vis 30 0.001 0.000 0.000 0.003 0.001 0.995 0.989 0.065 0.000 0.091 0.000 0.000 0.000 0.000 0.000 0.000 0.000 0.000 0.001 0.000 0.000 0.000 0.000 0.077 0.001 0.001 0.000 0.001 0.030 0.001 0.000 0.000 0.000 0.000 0.000 0.972 0.099 0.065 0.104 0.157 0.000 0.002 0.036 0.020 0.000 0.135 0.000 0.000 0.002 0.002 0.005 0.000 0.114 0.000 0.104 0.000 0.004 0.000 
26 screwdriver_vis 30 0.001 0.000 0.000 0.000 0.033 0.995 0.164 0.992 0.145 0.000 0.000 0.000 0.000 0.000 0.001 0.035 0.000 0.000 0.000 0.000 0.000 0.000 0.000 0.002 0.001 0.000 0.000 0.001 0.814 0.010 0.012 0.000 0.000 0.000 0.001 0.846 0.042 0.007 0.001 0.003 0.002 0.022 0.647 0.946 0.000 0.916 0.000 0.001 0.365 0.015 0.078 0.000 0.013 0.000 0.000 0.000 0.001 0.000 
27 chisel_vis 30 0.002 0.000 0.000 0.002 0.001 0.994 0.983 0.064 0.000 0.042 0.000 0.000 0.000 0.000 0.000 0.000 0.000 0.000 0.000 0.000 0.000 0.000 0.001 0.000 0.001 0.000 0.000 0.022 0.000 0.001 0.000 0.000 0.000 0.000 0.105 0.011 0.059 0.751 0.029 0.001 0.023 0.003 0.000 0.012 0.001 0.000 0.000 0.000 0.000 0.001 0.000 0.001 0.000 0.001 0.000 0.001 0.014 0.000 
28 saw_vis 30 0.001 0.000 0.000 0.100 0.001 0.993 0.991 0.072 0.000 0.121 0.000 0.000 0.000 0.000 0.000 0.000 0.000 0.000 0.001 0.000 0.000 0.000 0.002 0.000 0.016 0.001 0.004 0.002 0.000 0.001 0.000 0.000 0.000 0.000 0.027 0.157 0.002 0.174 0.961 0.029 0.056 0.003 0.106 0.000 0.001 0.000 0.000 0.000 0.000 0.001 0.000 0.000 0.000 0.000 0.090 0.002 0.000 0.001 
29 drill_vis 30 0.001 0.000 0.000 0.001 0.000 0.994 0.966 0.022 0.000 0.002 0.000 0.000 0.000 0.000 0.000 0.000 0.000 0.000 0.011 0.000 0.000 0.000 0.000 0.000 0.008 0.000 0.000 0.000 0.000 0.000 0.000 0.000 0.000 0.000 0.002 0.018 0.033 0.000 0.012 0.935 0.000 0.057 0.001 0.000 0.000 0.043 0.000 0.000 0.000 0.001 0.003 0.000 0.004 0.001 0.001 0.000 0.000 0.068 
30 clamp_vis 30 0.001 0.000 0.000 0.000 0.103 0.995 0.070 0.993 0.011 0.000 0.000 0.000 0.001 0.000 0.004 0.000 0.000 0.000 0.000 0.000 0.000 0.000 0.004 0.000 0.001 0.000 0.000 0.001 0.001 0.049 0.000 0.000 0.000 0.275 0.036 0.001 0.001 0.062 0.017 0.000 0.978 0.128 0.167 0.048 0.262 0.001 0.000 0.000 0.000 0.013 0.000 0.054 0.000 0.000 0.000 0.000 0.000 0.000 
31 hoe_vis 30 0.002 0.003 0.000 0.000 0.002 0.994 0.020 0.989 0.006 0.000 0.000 0.000 0.031 0.000 0.018 0.000 0.000 0.000 0.000 0.000 0.000 0.000 0.001 0.000 0.001 0.000 0.000 0.000 0.000 0.008 0.000 0.000 0.000 0.018 0.171 0.000 0.009 0.000 0.001 0.001 0.055 0.911 0.001 0.001 0.657 0.007 0.001 0.000 0.000 0.008 0.000 0.000 0.000 0.010 0.000 0.000 0.000 0.000 
32 rake_vis 30 0.001 0.000 0.000 0.000 0.022 0.994 0.064 0.991 0.002 0.000 0.000 0.000 0.005 0.000 0.000 0.000 0.000 0.000 0.000 0.000 0.000 0.000 0.000 0.000 0.001 0.001 0.033 0.000 0.002 0.001 0.014 0.028 0.000 0.072 0.001 0.009 0.001 0.007 0.032 0.008 0.443 0.020 0.790 0.035 0.583 0.034 0.000 0.000 0.001 0.001 0.009 0.004 0.000 0.000 0.000 0.000 0.000 0.000 
33 shovel_vis 30 0.001 0.000 0.000 0.000 0.067 0.995 0.054 0.992 0.065 0.000 0.000 0.000 0.000 0.000 0.001 0.000 0.000 0.000 0.000 0.000 0.000 0.000 0.000 0.000 0.000 0.000 0.000 0.002 0.011 0.050 0.003 0.000 0.000 0.001 0.001 0.014 0.013 0.185 0.001 0.000 0.517 0.007 0.019 0.923 0.001 0.022 0.000 0.001 0.002 0.006 0.000 0.269 0.000 0.000 0.000 0.000 0.001 0.000 
34 spade_vis 30 0.001 0.013 0.000 0.000 0.001 0.991 0.014 0.991 0.000 0.000 0.003 0.000 0.050 0.000 0.001 0.000 0.001 0.000 0.000 0.000 0.000 0.000 0.000 0.000 0.001 0.000 0.001 0.000 0.000 0.001 0.000 0.000 0.000 0.106 0.168 0.000 0.027 0.000 0.000 0.001 0.029 0.032 0.001 0.001 0.985 0.010 0.000 0.014 0.000 0.001 0.000 0.000 0.000 0.001 0.000 0.000 0.000 0.000 
35 wrench_vis 30 0.002 0.001 0.000 0.000 0.005 0.994 0.002 0.737 0.333 0.001 0.002 0.000 0.000 0.003 0.008 0.000 0.001 0.000 0.000 0.000 0.000 0.000 0.003 0.000 0.000 0.000 0.012 0.000 0.000 0.002 0.014 0.000 0.001 0.337 0.008 0.000 0.001 0.012 0.001 0.000 0.557 0.002 0.009 0.006 0.572 0.001 0.002 0.069 0.000 0.002 0.000 0.525 0.000 0.001 0.000 0.001 0.000 0.000 
36 accordion_vis 30 0.002 0.031 0.000 0.000 0.001 0.994 0.000 0.161 0.990 0.005 0.004 0.001 0.001 0.001 0.165 0.000 0.001 0.000 0.000 0.000 0.000 0.001 0.000 0.000 0.000 0.000 0.000 0.000 0.001 0.001 0.000 0.000 0.000 0.000 0.000 0.001 0.001 0.000 0.000 0.000 0.000 0.330 0.000 0.001 0.000 0.003 0.902 0.031 0.000 0.645 0.001 0.001 0.002 0.413 0.000 0.000 0.001 0.041 
37 cello_vis 30 0.001 0.000 0.000 0.000 0.004 0.995 0.000 0.045 0.988 0.023 0.006 0.000 0.000 0.047 0.011 0.001 0.001 0.000 0.000 0.001 0.001 0.000 0.003 0.000 0.000 0.000 0.008 0.000 0.001 0.001 0.034 0.000 0.068 0.028 0.000 0.000 0.000 0.003 0.000 0.000 0.040 0.001 0.000 0.005 0.007 0.001 0.001 0.148 0.107 0.004 0.000 0.967 0.001 0.000 0.001 0.038 0.002 0.000 
38 flute_vis 30 0.001 0.000 0.000 0.000 0.006 0.995 0.000 0.045 0.989 0.025 0.007 0.000 0.000 0.036 0.013 0.001 0.000 0.000 0.000 0.001 0.001 0.000 0.004 0.000 0.000 0.000 0.009 0.001 0.001 0.001 0.026 0.000 0.079 0.037 0.000 0.001 0.000 0.003 0.000 0.000 0.050 0.001 0.000 0.004 0.008 0.001 0.001 0.079 0.133 0.018 0.001 0.898 0.001 0.001 0.001 0.047 0.003 0.000 
39 guitar_vis 30 0.002 0.003 0.000 0.000 0.002 0.994 0.000 0.063 0.990 0.012 0.001 0.000 0.000 0.001 0.075 0.000 0.000 0.000 0.000 0.000 0.001 0.001 0.000 0.000 0.000 0.000 0.000 0.000 0.001 0.001 0.000 0.000 0.002 0.000 0.000 0.001 0.000 0.000 0.000 0.000 0.000 0.137 0.000 0.001 0.000 0.001 0.325 0.002 0.003 0.819 0.002 0.003 0.001 0.030 0.000 0.001 0.001 0.016 
40 piano_vis 30 0.004 0.047 0.000 0.000 0.006 0.968 0.000 0.003 0.990 0.001 0.002 0.082 0.001 0.001 0.001 0.001 0.000 0.000 0.000 0.003 0.000 0.000 0.000 0.000 0.000 0.000 0.000 0.000 0.001 0.001 0.000 0.000 0.005 0.000 0.000 0.001 0.000 0.000 0.000 0.000 0.000 0.010 0.000 0.001 0.000 0.002 0.120 0.003 0.017 0.038 0.543 0.001 0.001 0.000 0.000 0.000 0.001 0.012 
41 trumpet_vis 30 0.001 0.001 0.000 0.000 0.002 0.995 0.013 0.976 0.011 0.000 0.001 0.000 0.003 0.000 0.001 0.000 0.000 0.000 0.000 0.000 0.000 0.000 0.001 0.000 0.000 0.000 0.005 0.000 0.001 0.001 0.002 0.000 0.000 0.431 0.065 0.000 0.003 0.002 0.000 0.000 0.577 0.004 0.007 0.004 0.939 0.001 0.000 0.003 0.001 0.001 0.000 0.011 0.000 0.000 0.000 0.000 0.000 0.000 
42 fork_vis 30 0.002 0.000 0.046 0.000 0.001 0.993 0.015 0.000 0.008 0.986 0.000 0.000 0.000 0.000 0.000 0.000 0.001 0.000 0.001 0.026 0.001 0.005 0.001 0.000 0.000 0.000 0.003 0.000 0.000 0.000 0.000 0.000 0.000 0.000 0.001 0.001 0.001 0.000 0.000 0.019 0.000 0.001 0.000 0.000 0.000 0.000 0.002 0.001 0.000 0.002 0.010 0.001 0.020 0.052 0.022 0.017 0.001 0.380 
43 spoon_vis 30 0.005 0.000 0.003 0.001 0.001 0.995 0.030 0.000 0.013 0.985 0.000 0.000 0.000 0.000 0.011 0.000 0.002 0.000 0.000 0.001 0.002 0.061 0.037 0.000 0.000 0.000 0.001 0.002 0.000 0.001 0.000 0.000 0.001 0.000 0.055 0.000 0.001 0.012 0.005 0.000 0.001 0.002 0.000 0.000 0.000 0.000 0.000 0.000 0.000 0.029 0.000 0.005 0.000 0.437 0.015 0.788 0.026 0.032 
44 tongs_vis 30 0.001 0.000 0.038 0.047 0.001 0.994 0.073 0.000 0.007 0.990 0.000 0.000 0.000 0.000 0.000 0.000 0.000 0.113 0.000 0.357 0.006 0.001 0.000 0.011 0.000 0.738 0.121 0.000 0.000 0.000 0.000 0.000 0.000 0.000 0.000 0.109 0.000 0.002 0.077 0.001 0.000 0.001 0.001 0.000 0.000 0.000 0.000 0.000 0.161 0.002 0.153 0.000 0.032 0.000 0.988 0.011 0.003 0.174 
45 ladle_vis 30 0.008 0.000 0.005 0.000 0.002 0.994 0.010 0.001 0.079 0.966 0.000 0.000 0.000 0.001 0.021 0.000 0.001 0.000 0.000 0.003 0.003 0.022 0.016 0.000 0.000 0.000 0.001 0.001 0.000 0.003 0.000 0.000 0.007 0.001 0.010 0.000 0.000 0.001 0.001 0.000 0.002 0.002 0.000 0.000 0.000 0.000 0.000 0.000 0.000 0.058 0.000 0.017 0.000 0.233 0.003 0.317 0.006 0.044 
46 knife_vis 30 0.093 0.000 0.132 0.000 0.001 0.995 0.088 0.000 0.002 0.989 0.000 0.000 0.000 0.000 0.019 0.000 0.329 0.000 0.000 0.000 0.002 0.071 0.003 0.000 0.000 0.000 0.000 0.002 0.000 0.001 0.000 0.000 0.001 0.000 0.218 0.000 0.139 0.003 0.000 0.000 0.000 0.001 0.000 0.000 0.000 0.000 0.001 0.005 0.000 0.008 0.000 0.001 0.010 0.965 0.000 0.068 0.181 0.019 
47 chopsticks_vis 30 0.001 0.000 0.083 0.000 0.001 0.994 0.033 0.000 0.007 0.989 0.000 0.000 0.000 0.000 0.001 0.000 0.001 0.001 0.001 0.053 0.000 0.004 0.000 0.000 0.001 0.001 0.001 0.000 0.000 0.001 0.000 0.000 0.000 0.000 0.000 0.001 0.001 0.000 0.001 0.034 0.000 0.001 0.000 0.000 0.000 0.000 0.002 0.001 0.000 0.003 0.021 0.000 0.054 0.050 0.081 0.001 0.001 0.894 
