0 beaver_vis 30 0.996 0.924 0.001 0.834 0.001 0.001 0.006 0.001 0.001 0.001 0.006 0.011 0.034 0.003 0.001 0.443 0.001 0.006 0.001 0.000 0.001 0.001 0.001 0.013 0.009 0.006 0.546 0.006 0.001 0.001 0.001 0.001 0.000 0.001 0.001 0.032 0.000 0.002 0.033 0.004 0.040 0.000 0.002 0.001 0.002 0.001 0.001 0.001 0.000 0.000 0.000 0.000 0.000 0.001 0.002 0.000 0.000 0.003 
1 bear_vis 30 0.996 0.586 0.001 0.793 0.001 0.001 0.003 0.002 0.001 0.001 0.051 0.198 0.001 0.002 0.001 0.006 0.000 0.001 0.001 0.000 0.001 0.000 0.001 0.003 0.001 0.589 0.019 0.003 0.002 0.001 0.001 0.001 0.001 0.001 0.001 0.008 0.000 0.001 0.026 0.002 0.055 0.000 0.004 0.001 0.005 0.001 0.000 0.001 0.000 0.000 0.000 0.000 0.000 0.001 0.001 0.000 0.000 0.001 
2 sheep_vis 30 0.996 0.897 0.001 0.790 0.001 0.001 0.013 0.001 0.001 0.001 0.006 0.006 0.031 0.002 0.001 0.201 0.001 0.003 0.001 0.000 0.001 0.001 0.001 0.006 0.020 0.013 0.214 0.004 0.001 0.000 0.001 0.001 0.000 0.001 0.001 0.011 0.000 0.001 0.033 0.004 0.021 0.000 0.004 0.001 0.002 0.001 0.001 0.001 0.000 0.000 0.000 0.000 0.000 0.001 0.003 0.000 0.000 0.001 
3 buffalo_vis 30 0.996 0.870 0.001 0.927 0.001 0.001 0.011 0.001 0.001 0.001 0.002 0.003 0.004 0.024 0.002 0.242 0.000 0.001 0.001 0.000 0.001 0.001 0.001 0.032 0.014 0.005 0.448 0.065 0.002 0.001 0.001 0.001 0.000 0.001 0.002 0.009 0.000 0.001 0.057 0.005 0.034 0.000 0.006 0.001 0.001 0.001 0.000 0.001 0.000 0.000 0.000 0.000 0.001 0.001 0.002 0.000 0.000 0.001 
4 poodle_vis 30 0.996 0.977 0.003 0.021 0.001 0.001 0.002 0.001 0.001 0.001 0.039 0.002 0.014 0.052 0.889 0.013 0.054 0.001 0.001 0.000 0.017 0.002 0.009 0.001 0.015 0.001 0.002 0.005 0.001 0.001 0.003 0.000 0.000 0.001 0.001 0.002 0.000 0.001 0.002 0.006 0.002 0.015 0.002 0.002 0.001 0.001 0.001 0.007 0.000 0.000 0.003 0.001 0.001 0.001 0.000 0.001 0.000 0.046 
5 giraffe_vis 30 0.996 0.898 0.001 0.943 0.001 0.001 0.009 0.001 0.001 0.001 0.003 0.005 0.005 0.008 0.001 0.490 0.000 0.001 0.001 0.000 0.001 0.001 0.001 0.030 0.013 0.009 0.695 0.023 0.002 0.001 0.001 0.001 0.000 0.001 0.001 0.011 0.000 0.001 0.062 0.004 0.052 0.000 0.006 0.001 0.002 0.001 0.000 0.001 0.000 0.000 0.000 0.000 0.001 0.001 0.005 0.000 0.000 0.001 
6 robin_vis 30 0.996 0.003 0.059 0.946 0.001 0.001 0.003 0.012 0.001 0.001 0.001 0.001 0.005 0.000 0.007 0.001 0.378 0.003 0.015 0.001 0.032 0.002 0.073 0.001 0.893 0.001 0.003 0.256 0.000 0.001 0.002 0.001 0.000 0.001 0.002 0.012 0.049 0.003 0.001 0.009 0.008 0.001 0.040 0.153 0.001 0.002 0.001 0.001 0.001 0.000 0.001 0.000 0.000 0.001 0.001 0.000 0.000 0.001 
7 swan_vis 30 0.996 0.010 0.299 0.899 0.001 0.002 0.002 0.012 0.001 0.002 0.055 0.001 0.047 0.000 0.001 0.002 0.003 0.211 0.019 0.232 0.107 0.003 0.013 0.000 0.401 0.449 0.024 0.001 0.001 0.001 0.001 0.003 0.001 0.001 0.001 0.022 0.000 0.074 0.001 0.008 0.102 0.000 0.012 0.010 0.006 0.064 0.001 0.005 0.001 0.000 0.000 0.001 0.001 0.001 0.013 0.003 0.000 0.006 
8 woodpecker_vis 30 0.996 0.012 0.988 0.021 0.002 0.077 0.001 0.001 0.002 0.075 0.114 0.013 0.026 0.000 0.001 0.001 0.023 0.969 0.455 0.005 0.017 0.018 0.012 0.000 0.020 0.020 0.001 0.000 0.001 0.000 0.002 0.002 0.001 0.001 0.001 0.179 0.001 0.054 0.001 0.007 0.006 0.000 0.000 0.002 0.001 0.001 0.002 0.003 0.003 0.001 0.000 0.001 0.000 0.002 0.001 0.001 0.036 0.175 
9 peacock_vis 30 0.996 0.023 0.989 0.020 0.005 0.007 0.001 0.001 0.002 0.174 0.372 0.013 0.014 0.000 0.001 0.002 0.008 0.973 0.038 0.062 0.189 0.010 0.010 0.000 0.032 0.056 0.002 0.000 0.003 0.001 0.003 0.005 0.001 0.001 0.001 0.052 0.000 0.023 0.001 0.007 0.017 0.000 0.000 0.001 0.001 0.001 0.001 0.025 0.001 0.001 0.001 0.001 0.001 0.003 0.001 0.002 0.005 0.330 
10 crow_vis 30 0.996 0.013 0.001 0.902 0.016 0.001 0.002 0.006 0.001 0.001 0.001 0.003 0.001 0.001 0.001 0.002 0.001 0.001 0.012 0.001 0.002 0.001 0.001 0.001 0.006 0.713 0.164 0.007 0.003 0.001 0.001 0.151 0.001 0.003 0.004 0.002 0.000 0.007 0.002 0.001 0.081 0.000 0.006 0.004 0.002 0.010 0.001 0.001 0.000 0.000 0.000 0.001 0.001 0.001 0.003 0.001 0.000 0.001 
11 eagle_vis 30 0.996 0.985 0.050 0.012 0.001 0.004 0.002 0.001 0.009 0.002 0.156 0.041 0.956 0.000 0.007 0.038 0.007 0.128 0.047 0.002 0.001 0.007 0.005 0.000 0.019 0.001 0.002 0.000 0.001 0.001 0.001 0.001 0.000 0.001 0.001 0.030 0.005 0.009 0.001 0.039 0.001 0.001 0.001 0.018 0.001 0.001 0.018 0.004 0.016 0.007 0.000 0.001 0.001 0.003 0.008 0.000 0.007 0.031 
12 tuna_vis 30 0.991 0.002 0.001 0.985 0.006 0.002 0.010 0.013 0.001 0.003 0.001 0.001 0.001 0.001 0.002 0.004 0.003 0.001 0.064 0.000 0.004 0.000 0.745 0.498 0.018 0.025 0.019 0.006 0.001 0.004 0.023 0.001 0.005 0.022 0.001 0.089 0.021 0.001 0.011 0.006 0.067 0.001 0.054 0.005 0.002 0.001 0.001 0.001 0.000 0.000 0.001 0.000 0.001 0.001 0.016 0.000 0.000 0.002 
13 goldfish_vis 30 0.996 0.006 0.000 0.982 0.028 0.001 0.010 0.005 0.001 0.001 0.001 0.001 0.001 0.013 0.001 0.005 0.000 0.001 0.009 0.000 0.001 0.000 0.068 0.960 0.002 0.042 0.029 0.067 0.001 0.008 0.072 0.001 0.013 0.023 0.001 0.073 0.007 0.001 0.023 0.018 0.095 0.001 0.017 0.003 0.002 0.001 0.000 0.001 0.000 0.000 0.001 0.000 0.001 0.001 0.003 0.000 0.000 0.001 
14 salmon_vis 30 0.996 0.005 0.026 0.980 0.001 0.001 0.006 0.033 0.001 0.001 0.004 0.001 0.019 0.000 0.002 0.002 0.007 0.024 0.005 0.077 0.024 0.001 0.014 0.001 0.671 0.382 0.113 0.010 0.001 0.001 0.001 0.001 0.001 0.001 0.023 0.006 0.002 0.003 0.001 0.005 0.026 0.000 0.110 0.012 0.028 0.026 0.001 0.002 0.000 0.000 0.001 0.000 0.001 0.001 0.163 0.000 0.000 0.001 
15 sardine_vis 30 0.996 0.002 0.001 0.970 0.018 0.001 0.003 0.013 0.001 0.001 0.001 0.004 0.001 0.000 0.000 0.002 0.000 0.002 0.022 0.001 0.001 0.000 0.002 0.057 0.001 0.965 0.061 0.002 0.001 0.001 0.001 0.040 0.035 0.001 0.001 0.011 0.001 0.001 0.010 0.001 0.079 0.000 0.026 0.001 0.016 0.001 0.000 0.001 0.000 0.000 0.000 0.000 0.000 0.001 0.049 0.000 0.000 0.001 
16 catfish_vis 30 0.996 0.855 0.001 0.954 0.001 0.001 0.009 0.001 0.001 0.001 0.002 0.002 0.003 0.003 0.001 0.478 0.000 0.001 0.001 0.000 0.001 0.000 0.001 0.040 0.009 0.012 0.703 0.016 0.001 0.001 0.001 0.001 0.001 0.001 0.001 0.013 0.000 0.001 0.080 0.002 0.051 0.000 0.007 0.001 0.004 0.001 0.000 0.001 0.000 0.000 0.000 0.000 0.001 0.001 0.006 0.000 0.000 0.001 
17 cod_vis 30 0.996 0.003 0.001 0.964 0.009 0.001 0.006 0.003 0.001 0.001 0.000 0.001 0.001 0.003 0.001 0.001 0.001 0.001 0.006 0.000 0.001 0.001 0.003 0.125 0.015 0.015 0.079 0.468 0.002 0.002 0.022 0.001 0.001 0.002 0.001 0.010 0.002 0.001 0.014 0.003 0.038 0.001 0.009 0.003 0.001 0.001 0.000 0.001 0.000 0.000 0.001 0.000 0.001 0.001 0.001 0.000 0.000 0.001 
18 turtle_vis 30 0.996 0.003 0.001 0.969 0.020 0.001 0.003 0.012 0.001 0.001 0.001 0.005 0.001 0.000 0.000 0.002 0.000 0.002 0.016 0.001 0.001 0.000 0.001 0.051 0.002 0.966 0.061 0.006 0.003 0.001 0.001 0.038 0.066 0.001 0.001 0.009 0.001 0.001 0.015 0.001 0.059 0.000 0.030 0.001 0.023 0.001 0.000 0.001 0.000 0.000 0.001 0.000 0.001 0.001 0.056 0.000 0.000 0.001 
19 rattlesnake_vis 30 0.995 0.020 0.001 0.247 0.937 0.002 0.005 0.001 0.001 0.001 0.000 0.002 0.001 0.153 0.001 0.021 0.003 0.001 0.002 0.000 0.001 0.001 0.021 0.687 0.001 0.006 0.010 0.063 0.007 0.068 0.902 0.003 0.127 0.126 0.003 0.007 0.006 0.001 0.008 0.151 0.006 0.003 0.003 0.001 0.002 0.001 0.001 0.003 0.002 0.000 0.018 0.001 0.004 0.001 0.002 0.000 0.001 0.012 
20 crab_vis 30 0.996 0.002 0.000 0.984 0.054 0.001 0.003 0.025 0.001 0.004 0.001 0.012 0.000 0.001 0.000 0.002 0.000 0.001 0.040 0.001 0.001 0.000 0.015 0.763 0.001 0.974 0.016 0.003 0.001 0.003 0.003 0.028 0.649 0.003 0.001 0.042 0.002 0.001 0.021 0.004 0.113 0.000 0.069 0.001 0.040 0.001 0.000 0.001 0.000 0.000 0.001 0.000 0.001 0.001 0.335 0.000 0.000 0.001 
21 frog_vis 30 0.996 0.002 0.001 0.942 0.022 0.001 0.002 0.009 0.001 0.001 0.001 0.003 0.001 0.000 0.000 0.001 0.000 0.001 0.014 0.001 0.001 0.000 0.001 0.004 0.002 0.917 0.098 0.003 0.002 0.001 0.001 0.115 0.007 0.001 0.003 0.003 0.000 0.001 0.004 0.001 0.054 0.000 0.015 0.002 0.007 0.002 0.000 0.001 0.000 0.000 0.000 0.000 0.000 0.001 0.013 0.000 0.000 0.001 
22 gecko_vis 30 0.996 0.002 0.001 0.981 0.074 0.001 0.003 0.027 0.001 0.003 0.001 0.014 0.000 0.001 0.000 0.001 0.000 0.001 0.032 0.001 0.001 0.000 0.018 0.781 0.001 0.975 0.009 0.004 0.001 0.003 0.003 0.026 0.751 0.004 0.003 0.034 0.003 0.001 0.022 0.004 0.091 0.001 0.069 0.001 0.034 0.001 0.000 0.001 0.000 0.000 0.001 0.000 0.001 0.001 0.270 0.000 0.000 0.001 
23 crocodile_vis 30 0.996 0.003 0.001 0.983 0.070 0.002 0.003 0.024 0.001 0.004 0.001 0.010 0.001 0.001 0.000 0.003 0.000 0.001 0.045 0.001 0.001 0.000 0.017 0.729 0.001 0.954 0.023 0.002 0.001 0.004 0.006 0.035 0.530 0.009 0.003 0.035 0.001 0.001 0.016 0.004 0.118 0.000 0.061 0.001 0.026 0.001 0.001 0.001 0.001 0.000 0.001 0.001 0.001 0.002 0.314 0.000 0.000 0.001 
24 axe_vis 30 0.007 0.004 0.000 0.004 0.001 0.994 0.995 0.003 0.001 0.001 0.000 0.100 0.002 0.026 0.000 0.000 0.000 0.001 0.001 0.000 0.000 0.000 0.001 0.024 0.001 0.001 0.002 0.027 0.000 0.006 0.000 0.000 0.001 0.005 0.929 0.002 0.016 0.025 0.006 0.024 0.001 0.001 0.001 0.005 0.001 0.006 0.001 0.000 0.002 0.001 0.000 0.000 0.001 0.001 0.004 0.000 0.007 0.001 
25 hammer_vis 30 0.010 0.110 0.000 0.006 0.001 0.979 0.989 0.001 0.001 0.003 0.007 0.012 0.089 0.024 0.002 0.000 0.000 0.007 0.001 0.000 0.000 0.000 0.009 0.015 0.013 0.001 0.001 0.001 0.000 0.004 0.000 0.000 0.001 0.001 0.001 0.987 0.005 0.066 0.005 0.144 0.034 0.000 0.001 0.002 0.001 0.001 0.055 0.019 0.003 0.000 0.000 0.000 0.001 0.001 0.003 0.000 0.006 0.027 
26 screwdriver_vis 30 0.198 0.324 0.000 0.010 0.001 0.973 0.995 0.002 0.001 0.001 0.000 0.235 0.025 0.691 0.000 0.000 0.000 0.001 0.001 0.000 0.000 0.000 0.001 0.426 0.001 0.001 0.002 0.018 0.001 0.070 0.000 0.000 0.001 0.001 0.003 0.422 0.010 0.016 0.548 0.980 0.080 0.001 0.001 0.007 0.001 0.001 0.001 0.001 0.001 0.000 0.000 0.000 0.002 0.001 0.001 0.000 0.024 0.025 
27 chisel_vis 30 0.011 0.094 0.000 0.005 0.001 0.985 0.991 0.002 0.001 0.002 0.005 0.014 0.078 0.029 0.001 0.000 0.000 0.006 0.001 0.000 0.000 0.000 0.007 0.023 0.010 0.001 0.001 0.002 0.000 0.005 0.000 0.000 0.001 0.001 0.003 0.946 0.008 0.052 0.009 0.232 0.020 0.000 0.001 0.002 0.000 0.001 0.037 0.014 0.002 0.000 0.000 0.000 0.001 0.001 0.002 0.000 0.008 0.018 
28 saw_vis 30 0.381 0.280 0.000 0.020 0.001 0.467 0.990 0.019 0.001 0.001 0.001 0.009 0.001 0.808 0.001 0.001 0.000 0.001 0.001 0.000 0.000 0.000 0.001 0.529 0.001 0.002 0.004 0.029 0.001 0.074 0.000 0.000 0.003 0.001 0.007 0.120 0.003 0.001 0.916 0.525 0.405 0.004 0.001 0.002 0.002 0.001 0.001 0.001 0.000 0.000 0.001 0.000 0.002 0.001 0.003 0.001 0.001 0.025 
29 drill_vis 30 0.008 0.108 0.000 0.010 0.001 0.991 0.996 0.004 0.001 0.001 0.003 0.048 0.105 0.063 0.003 0.000 0.000 0.001 0.001 0.000 0.000 0.001 0.012 0.018 0.009 0.001 0.002 0.004 0.000 0.006 0.000 0.000 0.001 0.001 0.005 0.039 0.024 0.008 0.669 0.403 0.008 0.002 0.001 0.005 0.001 0.001 0.006 0.001 0.001 0.003 0.000 0.000 0.002 0.001 0.002 0.001 0.101 0.004 
30 clamp_vis 30 0.003 0.001 0.000 0.010 0.001 0.995 0.051 0.395 0.002 0.049 0.001 0.001 0.001 0.000 0.001 0.000 0.001 0.003 0.001 0.000 0.015 0.000 0.041 0.001 0.022 0.001 0.003 0.001 0.000 0.002 0.000 0.000 0.000 0.001 0.001 0.032 0.001 0.103 0.002 0.012 0.896 0.000 0.021 0.005 0.001 0.011 0.001 0.019 0.001 0.000 0.000 0.023 0.001 0.001 0.008 0.003 0.000 0.050 
31 hoe_vis 30 0.002 0.001 0.001 0.010 0.001 0.995 0.015 0.992 0.001 0.005 0.001 0.001 0.000 0.000 0.001 0.000 0.001 0.000 0.002 0.000 0.002 0.000 0.077 0.001 0.003 0.001 0.001 0.002 0.000 0.001 0.000 0.000 0.008 0.001 0.004 0.001 0.046 0.001 0.068 0.001 0.004 0.930 0.001 0.014 0.085 0.006 0.001 0.000 0.000 0.001 0.009 0.000 0.001 0.001 0.001 0.010 0.000 0.001 
32 rake_vis 30 0.002 0.001 0.001 0.007 0.001 0.994 0.008 0.780 0.001 0.032 0.001 0.001 0.001 0.000 0.001 0.000 0.001 0.002 0.001 0.000 0.003 0.000 0.013 0.001 0.006 0.001 0.002 0.001 0.000 0.001 0.000 0.000 0.001 0.001 0.002 0.002 0.001 0.006 0.002 0.003 0.683 0.006 0.004 0.008 0.002 0.015 0.001 0.003 0.001 0.000 0.001 0.001 0.001 0.001 0.006 0.003 0.000 0.012 
33 shovel_vis 30 0.002 0.001 0.001 0.004 0.001 0.995 0.922 0.011 0.001 0.003 0.000 0.001 0.001 0.000 0.000 0.000 0.001 0.001 0.003 0.000 0.000 0.000 0.007 0.001 0.003 0.001 0.001 0.001 0.000 0.001 0.000 0.000 0.001 0.003 0.010 0.003 0.002 0.832 0.003 0.004 0.008 0.001 0.001 0.043 0.001 0.003 0.001 0.000 0.005 0.004 0.000 0.000 0.000 0.001 0.002 0.007 0.009 0.001 
34 spade_vis 30 0.002 0.001 0.001 0.012 0.001 0.992 0.012 0.985 0.001 0.002 0.001 0.001 0.001 0.000 0.001 0.000 0.001 0.001 0.002 0.000 0.001 0.000 0.056 0.001 0.006 0.001 0.001 0.002 0.000 0.001 0.000 0.000 0.001 0.001 0.004 0.001 0.038 0.001 0.014 0.001 0.004 0.248 0.065 0.007 0.028 0.005 0.001 0.001 0.000 0.001 0.015 0.000 0.001 0.001 0.003 0.001 0.000 0.001 
35 wrench_vis 30 0.001 0.001 0.001 0.003 0.001 0.996 0.002 0.988 0.003 0.001 0.000 0.001 0.001 0.000 0.000 0.000 0.001 0.001 0.001 0.001 0.000 0.000 0.005 0.000 0.001 0.001 0.002 0.001 0.000 0.001 0.000 0.001 0.001 0.002 0.038 0.001 0.000 0.002 0.001 0.000 0.010 0.004 0.047 0.069 0.004 0.959 0.001 0.001 0.001 0.002 0.001 0.003 0.001 0.001 0.003 0.002 0.000 0.001 
36 accordion_vis 30 0.035 0.003 0.002 0.001 0.122 0.876 0.002 0.003 0.104 0.026 0.000 0.006 0.001 0.010 0.001 0.001 0.002 0.001 0.001 0.001 0.000 0.001 0.002 0.002 0.001 0.001 0.001 0.001 0.002 0.036 0.019 0.003 0.080 0.001 0.002 0.001 0.003 0.001 0.001 0.001 0.001 0.007 0.001 0.001 0.007 0.001 0.005 0.003 0.001 0.001 0.484 0.002 0.379 0.008 0.002 0.001 0.002 0.001 
37 cello_vis 30 0.017 0.003 0.001 0.001 0.007 0.995 0.001 0.002 0.993 0.005 0.001 0.003 0.001 0.003 0.001 0.003 0.002 0.024 0.001 0.000 0.000 0.000 0.001 0.005 0.001 0.000 0.002 0.001 0.001 0.025 0.013 0.001 0.001 0.001 0.001 0.052 0.000 0.001 0.001 0.001 0.006 0.001 0.013 0.001 0.001 0.001 0.008 0.655 0.357 0.001 0.008 0.018 0.007 0.001 0.002 0.000 0.000 0.024 
38 flute_vis 30 0.176 0.070 0.001 0.002 0.001 0.908 0.976 0.002 0.007 0.001 0.000 0.283 0.003 0.387 0.000 0.000 0.001 0.001 0.001 0.000 0.000 0.000 0.001 0.155 0.001 0.001 0.003 0.003 0.001 0.015 0.000 0.001 0.001 0.001 0.006 0.929 0.001 0.303 0.001 0.002 0.006 0.000 0.001 0.002 0.001 0.001 0.002 0.001 0.029 0.001 0.000 0.000 0.000 0.001 0.008 0.000 0.001 0.001 
39 guitar_vis 30 0.002 0.003 0.002 0.001 0.003 0.996 0.002 0.003 0.980 0.005 0.000 0.107 0.004 0.000 0.000 0.007 0.001 0.004 0.003 0.001 0.000 0.001 0.001 0.000 0.000 0.000 0.133 0.000 0.000 0.002 0.000 0.068 0.001 0.030 0.001 0.001 0.001 0.002 0.001 0.000 0.001 0.003 0.001 0.001 0.002 0.005 0.007 0.001 0.025 0.942 0.001 0.009 0.001 0.008 0.002 0.001 0.007 0.001 
40 piano_vis 30 0.039 0.005 0.001 0.001 0.022 0.934 0.002 0.006 0.976 0.003 0.000 0.004 0.001 0.127 0.001 0.011 0.001 0.001 0.001 0.000 0.000 0.001 0.002 0.022 0.001 0.001 0.008 0.007 0.002 0.057 0.081 0.003 0.011 0.001 0.001 0.003 0.001 0.001 0.001 0.000 0.001 0.007 0.007 0.001 0.027 0.001 0.024 0.027 0.001 0.001 0.899 0.090 0.021 0.002 0.001 0.000 0.000 0.001 
41 trumpet_vis 30 0.006 0.002 0.002 0.001 0.004 0.995 0.001 0.007 0.992 0.005 0.001 0.002 0.001 0.001 0.004 0.005 0.003 0.002 0.001 0.001 0.006 0.000 0.012 0.000 0.001 0.000 0.012 0.000 0.055 0.005 0.001 0.002 0.001 0.018 0.001 0.004 0.000 0.002 0.001 0.000 0.021 0.001 0.003 0.001 0.004 0.014 0.006 0.023 0.004 0.001 0.006 0.988 0.003 0.001 0.001 0.050 0.000 0.003 
42 fork_vis 30 0.006 0.108 0.000 0.004 0.001 0.979 0.975 0.002 0.001 0.010 0.023 0.003 0.002 0.167 0.273 0.001 0.000 0.001 0.001 0.000 0.003 0.000 0.016 0.009 0.020 0.001 0.005 0.017 0.001 0.004 0.000 0.000 0.001 0.001 0.066 0.001 0.002 0.002 0.017 0.003 0.003 0.001 0.000 0.000 0.002 0.007 0.001 0.001 0.000 0.000 0.001 0.000 0.331 0.002 0.002 0.001 0.000 0.001 
43 spoon_vis 30 0.003 0.005 0.003 0.001 0.002 0.995 0.006 0.002 0.001 0.993 0.028 0.002 0.001 0.000 0.001 0.006 0.001 0.001 0.014 0.071 0.001 0.001 0.014 0.000 0.001 0.002 0.004 0.000 0.000 0.002 0.000 0.003 0.009 0.001 0.027 0.001 0.004 0.001 0.009 0.001 0.001 0.012 0.000 0.000 0.072 0.002 0.001 0.001 0.000 0.004 0.032 0.000 0.013 0.975 0.092 0.035 0.020 0.006 
44 tongs_vis 30 0.004 0.011 0.000 0.005 0.001 0.991 0.737 0.002 0.001 0.827 0.015 0.001 0.001 0.001 0.004 0.001 0.000 0.001 0.001 0.000 0.001 0.000 0.009 0.002 0.008 0.001 0.003 0.001 0.000 0.001 0.000 0.000 0.001 0.000 0.002 0.006 0.001 0.003 0.002 0.101 0.040 0.000 0.001 0.001 0.001 0.001 0.001 0.006 0.001 0.000 0.001 0.000 0.002 0.001 0.037 0.000 0.000 0.152 
45 ladle_vis 30 0.004 0.002 0.009 0.001 0.006 0.995 0.006 0.004 0.001 0.993 0.109 0.026 0.001 0.000 0.001 0.001 0.001 0.001 0.016 0.378 0.002 0.001 0.015 0.000 0.001 0.012 0.005 0.000 0.001 0.001 0.000 0.052 0.022 0.006 0.045 0.001 0.002 0.008 0.011 0.001 0.001 0.005 0.000 0.000 0.086 0.108 0.000 0.000 0.000 0.027 0.001 0.007 0.003 0.648 0.015 0.867 0.008 0.003 
46 knife_vis 30 0.002 0.002 0.006 0.001 0.001 0.996 0.009 0.001 0.002 0.990 0.001 0.007 0.001 0.000 0.001 0.000 0.001 0.015 0.005 0.000 0.000 0.000 0.004 0.000 0.000 0.001 0.001 0.000 0.000 0.002 0.000 0.000 0.006 0.001 0.002 0.001 0.022 0.002 0.004 0.061 0.001 0.002 0.000 0.000 0.001 0.001 0.001 0.001 0.001 0.001 0.001 0.000 0.004 0.008 0.002 0.002 0.890 0.067 
47 chopsticks_vis 30 0.003 0.010 0.001 0.002 0.001 0.995 0.696 0.001 0.001 0.724 0.014 0.001 0.001 0.002 0.019 0.001 0.000 0.001 0.001 0.000 0.003 0.000 0.013 0.001 0.004 0.001 0.001 0.001 0.000 0.002 0.000 0.000 0.001 0.000 0.001 0.002 0.001 0.008 0.002 0.219 0.125 0.001 0.000 0.000 0.001 0.001 0.000 0.005 0.001 0.000 0.001 0.000 0.008 0.001 0.003 0.001 0.001 0.336 
0 beaver_vis 30 0.996 0.988 0.001 0.019 0.002 0.001 0.002 0.001 0.001 0.001 0.004 0.010 0.021 0.005 0.001 0.858 0.001 0.002 0.023 0.000 0.001 0.001 0.001 0.001 0.001 0.001 0.053 0.001 0.001 0.001 0.002 0.002 0.001 0.002 0.001 0.011 0.000 0.001 0.010 0.002 0.002 0.001 0.001 0.001 0.001 0.000 0.001 0.001 0.001 0.000 0.000 0.000 0.000 0.001 0.002 0.000 0.001 0.036 
1 bear_vis 30 0.996 0.726 0.001 0.600 0.002 0.001 0.001 0.001 0.001 0.001 0.105 0.371 0.001 0.002 0.001 0.008 0.000 0.002 0.001 0.000 0.001 0.000 0.001 0.002 0.001 0.534 0.014 0.001 0.003 0.001 0.001 0.002 0.001 0.001 0.001 0.010 0.000 0.001 0.012 0.002 0.069 0.000 0.001 0.000 0.003 0.000 0.000 0.001 0.000 0.000 0.000 0.000 0.001 0.001 0.000 0.000 0.000 0.001 
2 sheep_vis 30 0.996 0.948 0.001 0.164 0.001 0.001 0.005 0.001 0.001 0.001 0.011 0.018 0.006 0.004 0.001 0.268 0.001 0.001 0.002 0.000 0.001 0.001 0.001 0.002 0.005 0.007 0.023 0.005 0.001 0.001 0.001 0.002 0.001 0.001 0.001 0.004 0.000 0.001 0.015 0.002 0.006 0.001 0.002 0.001 0.001 0.001 0.001 0.001 0.000 0.000 0.000 0.000 0.000 0.001 0.001 0.000 0.000 0.002 
3 buffalo_vis 30 0.996 0.715 0.001 0.804 0.001 0.001 0.011 0.001 0.001 0.001 0.001 0.002 0.002 0.231 0.004 0.008 0.000 0.001 0.001 0.000 0.001 0.001 0.001 0.029 0.010 0.002 0.024 0.364 0.002 0.001 0.002 0.000 0.000 0.001 0.001 0.005 0.000 0.001 0.035 0.010 0.018 0.001 0.004 0.001 0.001 0.001 0.000 0.001 0.000 0.000 0.000 0.000 0.001 0.001 0.000 0.000 0.000 0.001 
4 poodle_vis 30 0.996 0.977 0.004 0.010 0.001 0.001 0.002 0.001 0.001 0.001 0.046 0.002 0.011 0.050 0.905 0.011 0.063 0.001 0.001 0.000 0.018 0.002 0.010 0.001 0.010 0.001 0.001 0.002 0.001 0.001 0.003 0.000 0.001 0.001 0.001 0.002 0.000 0.001 0.002 0.005 0.002 0.019 0.002 0.002 0.001 0.001 0.001 0.007 0.001 0.000 0.004 0.001 0.001 0.001 0.000 0.001 0.000 0.051 
5 giraffe_vis 30 0.996 0.901 0.001 0.932 0.001 0.001 0.007 0.001 0.001 0.001 0.004 0.006 0.005 0.010 0.001 0.464 0.000 0.001 0.001 0.000 0.001 0.001 0.001 0.027 0.012 0.010 0.671 0.021 0.002 0.001 0.001 0.001 0.001 0.001 0.001 0.012 0.000 0.001 0.051 0.005 0.058 0.000 0.005 0.001 0.002 0.001 0.000 0.001 0.000 0.000 0.000 0.000 0.001 0.001 0.004 0.000 0.000 0.001 
6 robin_vis 30 0.996 0.002 0.036 0.940 0.001 0.002 0.002 0.012 0.001 0.001 0.001 0.001 0.002 0.000 0.005 0.000 0.302 0.001 0.047 0.001 0.027 0.001 0.082 0.001 0.798 0.001 0.002 0.160 0.000 0.001 0.002 0.000 0.001 0.001 0.001 0.015 0.025 0.003 0.001 0.003 0.011 0.002 0.027 0.122 0.001 0.001 0.001 0.001 0.000 0.000 0.001 0.000 0.000 0.001 0.001 0.000 0.000 0.001 
7 swan_vis 30 0.996 0.008 0.124 0.951 0.001 0.002 0.001 0.014 0.001 0.002 0.061 0.001 0.005 0.000 0.002 0.002 0.002 0.048 0.027 0.217 0.196 0.001 0.021 0.000 0.356 0.330 0.068 0.001 0.001 0.000 0.001 0.003 0.001 0.002 0.001 0.010 0.000 0.402 0.001 0.001 0.406 0.000 0.008 0.009 0.003 0.163 0.001 0.002 0.000 0.000 0.000 0.001 0.001 0.001 0.007 0.034 0.000 0.005 
8 woodpecker_vis 30 0.996 0.007 0.957 0.013 0.002 0.012 0.001 0.001 0.002 0.014 0.005 0.003 0.004 0.000 0.001 0.001 0.018 0.177 0.886 0.008 0.001 0.006 0.012 0.000 0.003 0.006 0.001 0.000 0.000 0.000 0.001 0.001 0.002 0.001 0.001 0.038 0.011 0.005 0.001 0.005 0.001 0.001 0.001 0.022 0.001 0.001 0.002 0.001 0.005 0.001 0.000 0.000 0.000 0.001 0.002 0.001 0.025 0.007 
9 peacock_vis 30 0.995 0.013 0.951 0.016 0.004 0.008 0.001 0.001 0.002 0.089 0.008 0.002 0.006 0.000 0.001 0.001 0.037 0.136 0.915 0.025 0.001 0.003 0.014 0.000 0.002 0.005 0.001 0.000 0.001 0.001 0.001 0.002 0.002 0.002 0.001 0.016 0.011 0.003 0.001 0.002 0.002 0.001 0.001 0.016 0.001 0.001 0.001 0.001 0.003 0.001 0.001 0.001 0.001 0.003 0.008 0.001 0.011 0.018 
10 crow_vis 30 0.996 0.011 0.004 0.958 0.001 0.001 0.002 0.019 0.001 0.001 0.002 0.001 0.001 0.001 0.002 0.001 0.006 0.001 0.030 0.001 0.017 0.001 0.016 0.001 0.356 0.017 0.033 0.016 0.002 0.001 0.001 0.001 0.001 0.001 0.001 0.006 0.000 0.004 0.002 0.001 0.075 0.001 0.025 0.013 0.001 0.002 0.000 0.001 0.000 0.000 0.001 0.001 0.001 0.001 0.003 0.001 0.000 0.001 
11 eagle_vis 30 0.995 0.054 0.874 0.013 0.001 0.013 0.001 0.001 0.002 0.004 0.002 0.001 0.022 0.000 0.009 0.001 0.847 0.009 0.831 0.001 0.002 0.005 0.034 0.000 0.016 0.001 0.001 0.001 0.001 0.001 0.025 0.001 0.001 0.002 0.001 0.019 0.015 0.004 0.001 0.003 0.001 0.009 0.001 0.028 0.001 0.001 0.002 0.001 0.003 0.001 0.001 0.001 0.001 0.001 0.001 0.001 0.011 0.023 
12 tuna_vis 30 0.986 0.002 0.001 0.985 0.004 0.002 0.009 0.017 0.001 0.006 0.001 0.001 0.001 0.001 0.002 0.002 0.003 0.001 0.092 0.000 0.005 0.000 0.814 0.432 0.022 0.025 0.009 0.004 0.001 0.003 0.012 0.001 0.006 0.020 0.002 0.093 0.024 0.001 0.011 0.005 0.064 0.001 0.067 0.006 0.002 0.001 0.001 0.001 0.000 0.000 0.001 0.000 0.001 0.001 0.028 0.000 0.000 0.002 
13 goldfish_vis 30 0.996 0.006 0.000 0.978 0.013 0.001 0.013 0.004 0.001 0.001 0.000 0.001 0.000 0.086 0.001 0.003 0.000 0.001 0.003 0.000 0.001 0.000 0.072 0.975 0.001 0.025 0.010 0.085 0.001 0.008 0.050 0.000 0.016 0.021 0.001 0.068 0.006 0.001 0.030 0.023 0.062 0.001 0.015 0.003 0.001 0.001 0.000 0.001 0.000 0.000 0.001 0.000 0.001 0.001 0.002 0.000 0.000 0.001 
14 salmon_vis 30 0.996 0.012 0.002 0.954 0.001 0.001 0.007 0.007 0.001 0.001 0.001 0.001 0.002 0.001 0.014 0.001 0.018 0.001 0.001 0.000 0.023 0.001 0.009 0.002 0.764 0.005 0.016 0.602 0.001 0.001 0.003 0.000 0.001 0.001 0.034 0.004 0.004 0.001 0.002 0.022 0.014 0.001 0.049 0.022 0.001 0.009 0.001 0.001 0.000 0.000 0.001 0.000 0.001 0.001 0.002 0.000 0.000 0.001 
15 sardine_vis 30 0.996 0.002 0.001 0.985 0.036 0.001 0.004 0.029 0.001 0.005 0.002 0.010 0.000 0.000 0.000 0.003 0.000 0.001 0.070 0.001 0.001 0.000 0.019 0.609 0.001 0.981 0.029 0.001 0.001 0.001 0.001 0.034 0.451 0.006 0.002 0.044 0.001 0.001 0.013 0.003 0.158 0.000 0.064 0.001 0.031 0.001 0.000 0.001 0.000 0.000 0.001 0.000 0.000 0.001 0.381 0.000 0.000 0.001 
16 catfish_vis 30 0.996 0.018 0.001 0.990 0.008 0.001 0.009 0.006 0.001 0.001 0.001 0.002 0.001 0.003 0.001 0.239 0.000 0.002 0.047 0.000 0.001 0.000 0.013 0.827 0.004 0.246 0.781 0.004 0.001 0.004 0.008 0.004 0.002 0.031 0.002 0.074 0.001 0.001 0.030 0.006 0.158 0.001 0.031 0.001 0.005 0.001 0.000 0.001 0.000 0.000 0.001 0.000 0.001 0.001 0.500 0.000 0.000 0.002 
17 cod_vis 30 0.996 0.002 0.000 0.980 0.020 0.001 0.010 0.006 0.001 0.001 0.000 0.001 0.000 0.016 0.001 0.001 0.001 0.001 0.007 0.000 0.001 0.000 0.082 0.915 0.003 0.020 0.013 0.180 0.001 0.007 0.082 0.000 0.007 0.017 0.002 0.046 0.011 0.001 0.016 0.019 0.057 0.001 0.022 0.005 0.001 0.001 0.000 0.001 0.000 0.000 0.001 0.000 0.001 0.001 0.002 0.000 0.000 0.001 
18 turtle_vis 30 0.996 0.003 0.001 0.980 0.043 0.001 0.002 0.021 0.001 0.003 0.001 0.012 0.000 0.001 0.000 0.002 0.000 0.001 0.029 0.001 0.001 0.000 0.007 0.527 0.001 0.980 0.020 0.002 0.002 0.002 0.001 0.036 0.493 0.002 0.001 0.028 0.001 0.001 0.017 0.003 0.098 0.000 0.060 0.001 0.042 0.001 0.000 0.001 0.000 0.000 0.001 0.000 0.001 0.001 0.264 0.000 0.000 0.001 
19 rattlesnake_vis 30 0.995 0.014 0.001 0.268 0.800 0.002 0.009 0.001 0.001 0.001 0.000 0.002 0.001 0.129 0.002 0.008 0.022 0.003 0.001 0.000 0.004 0.002 0.006 0.174 0.005 0.005 0.033 0.640 0.065 0.068 0.864 0.002 0.022 0.015 0.007 0.005 0.001 0.001 0.022 0.034 0.007 0.002 0.001 0.001 0.003 0.001 0.001 0.003 0.001 0.000 0.005 0.001 0.006 0.001 0.001 0.001 0.000 0.007 
20 crab_vis 30 0.996 0.002 0.000 0.982 0.062 0.001 0.002 0.026 0.001 0.004 0.001 0.016 0.000 0.001 0.000 0.002 0.000 0.001 0.031 0.001 0.001 0.000 0.016 0.778 0.000 0.984 0.010 0.001 0.001 0.002 0.001 0.028 0.749 0.003 0.002 0.039 0.002 0.001 0.018 0.005 0.104 0.000 0.076 0.001 0.041 0.001 0.000 0.001 0.000 0.000 0.001 0.000 0.001 0.001 0.332 0.000 0.000 0.001 
21 frog_vis 30 0.996 0.002 0.001 0.943 0.020 0.001 0.002 0.010 0.001 0.001 0.001 0.003 0.001 0.000 0.000 0.001 0.000 0.001 0.014 0.001 0.001 0.000 0.001 0.005 0.001 0.924 0.085 0.002 0.001 0.001 0.001 0.098 0.008 0.001 0.003 0.003 0.000 0.001 0.005 0.001 0.052 0.000 0.017 0.002 0.008 0.002 0.000 0.001 0.000 0.000 0.000 0.000 0.000 0.001 0.014 0.000 0.000 0.001 
22 gecko_vis 30 0.996 0.002 0.001 0.978 0.079 0.001 0.003 0.026 0.001 0.002 0.001 0.016 0.000 0.001 0.000 0.001 0.000 0.001 0.014 0.001 0.001 0.000 0.015 0.776 0.000 0.982 0.006 0.003 0.001 0.002 0.001 0.023 0.799 0.003 0.005 0.025 0.004 0.001 0.018 0.007 0.068 0.001 0.079 0.002 0.034 0.001 0.000 0.000 0.000 0.000 0.001 0.000 0.001 0.001 0.233 0.000 0.000 0.001 
23 crocodile_vis 30 0.996 0.002 0.001 0.972 0.072 0.002 0.002 0.019 0.001 0.002 0.001 0.011 0.000 0.001 0.000 0.001 0.000 0.001 0.010 0.001 0.001 0.000 0.010 0.623 0.001 0.965 0.007 0.003 0.001 0.002 0.002 0.020 0.655 0.003 0.003 0.019 0.003 0.001 0.013 0.008 0.060 0.001 0.065 0.002 0.022 0.001 0.001 0.001 0.001 0.000 0.001 0.000 0.001 0.001 0.153 0.000 0.000 0.001 
24 axe_vis 30 0.004 0.001 0.000 0.004 0.001 0.994 0.994 0.003 0.001 0.001 0.000 0.011 0.001 0.001 0.000 0.000 0.000 0.001 0.005 0.000 0.000 0.001 0.001 0.011 0.001 0.001 0.008 0.023 0.000 0.010 0.000 0.000 0.001 0.021 0.954 0.002 0.020 0.014 0.009 0.005 0.001 0.001 0.001 0.009 0.001 0.003 0.001 0.000 0.002 0.004 0.000 0.000 0.001 0.001 0.005 0.001 0.018 0.000 
25 hammer_vis 30 0.011 0.061 0.000 0.005 0.001 0.989 0.995 0.002 0.001 0.002 0.002 0.023 0.043 0.047 0.001 0.000 0.000 0.003 0.001 0.000 0.000 0.000 0.005 0.022 0.006 0.001 0.001 0.002 0.000 0.006 0.000 0.000 0.001 0.001 0.001 0.667 0.007 0.031 0.058 0.501 0.025 0.000 0.001 0.003 0.001 0.001 0.008 0.003 0.002 0.000 0.000 0.000 0.001 0.001 0.002 0.000 0.033 0.016 
26 screwdriver_vis 30 0.008 0.002 0.000 0.005 0.001 0.988 0.995 0.002 0.001 0.001 0.000 0.005 0.004 0.004 0.000 0.000 0.000 0.001 0.002 0.000 0.000 0.001 0.002 0.028 0.001 0.001 0.001 0.015 0.000 0.007 0.000 0.000 0.002 0.001 0.054 0.020 0.871 0.001 0.074 0.029 0.001 0.001 0.001 0.003 0.001 0.001 0.003 0.000 0.001 0.001 0.000 0.000 0.001 0.001 0.002 0.000 0.030 0.001 
27 chisel_vis 30 0.004 0.002 0.000 0.003 0.001 0.995 0.992 0.002 0.001 0.003 0.000 0.002 0.011 0.001 0.000 0.000 0.000 0.003 0.001 0.000 0.000 0.000 0.005 0.006 0.009 0.001 0.001 0.002 0.000 0.003 0.000 0.000 0.001 0.001 0.004 0.163 0.186 0.010 0.004 0.164 0.002 0.000 0.000 0.002 0.000 0.001 0.003 0.001 0.001 0.000 0.000 0.000 0.001 0.001 0.002 0.000 0.015 0.002 
28 saw_vis 30 0.026 0.166 0.000 0.017 0.001 0.930 0.995 0.090 0.001 0.001 0.001 0.023 0.015 0.202 0.002 0.000 0.000 0.000 0.002 0.000 0.000 0.001 0.006 0.063 0.002 0.001 0.002 0.029 0.000 0.022 0.000 0.000 0.005 0.001 0.288 0.005 0.362 0.001 0.983 0.040 0.003 0.234 0.001 0.021 0.004 0.001 0.003 0.001 0.000 0.003 0.001 0.000 0.005 0.003 0.002 0.002 0.015 0.001 
29 drill_vis 30 0.014 0.211 0.000 0.011 0.001 0.987 0.996 0.005 0.001 0.001 0.002 0.145 0.075 0.278 0.001 0.000 0.000 0.001 0.001 0.000 0.000 0.001 0.005 0.047 0.004 0.001 0.002 0.009 0.000 0.012 0.000 0.000 0.002 0.001 0.008 0.043 0.029 0.005 0.931 0.582 0.009 0.005 0.001 0.008 0.001 0.001 0.004 0.001 0.001 0.002 0.000 0.000 0.002 0.001 0.002 0.001 0.105 0.003 
30 clamp_vis 30 0.002 0.001 0.001 0.005 0.001 0.995 0.005 0.940 0.001 0.003 0.001 0.001 0.000 0.000 0.001 0.000 0.001 0.001 0.001 0.000 0.032 0.000 0.013 0.001 0.005 0.001 0.001 0.001 0.000 0.001 0.000 0.000 0.001 0.001 0.001 0.012 0.001 0.007 0.001 0.002 0.895 0.001 0.024 0.010 0.001 0.008 0.001 0.013 0.001 0.000 0.001 0.004 0.001 0.001 0.002 0.003 0.000 0.005 
31 hoe_vis 30 0.002 0.001 0.001 0.019 0.001 0.989 0.333 0.856 0.001 0.226 0.002 0.001 0.000 0.000 0.001 0.000 0.001 0.000 0.005 0.000 0.006 0.001 0.082 0.001 0.002 0.025 0.001 0.001 0.000 0.001 0.000 0.000 0.142 0.001 0.045 0.001 0.085 0.001 0.861 0.001 0.006 0.513 0.000 0.004 0.047 0.004 0.000 0.000 0.000 0.001 0.001 0.001 0.003 0.005 0.001 0.220 0.001 0.001 
32 rake_vis 30 0.002 0.001 0.001 0.006 0.001 0.994 0.003 0.991 0.001 0.004 0.001 0.001 0.000 0.000 0.000 0.000 0.001 0.001 0.001 0.000 0.001 0.000 0.006 0.001 0.003 0.002 0.001 0.001 0.000 0.001 0.000 0.000 0.001 0.001 0.001 0.001 0.010 0.001 0.003 0.001 0.017 0.060 0.111 0.014 0.020 0.010 0.001 0.001 0.000 0.000 0.002 0.001 0.001 0.001 0.020 0.001 0.000 0.001 
33 shovel_vis 30 0.001 0.001 0.001 0.003 0.001 0.996 0.021 0.990 0.001 0.001 0.000 0.001 0.000 0.000 0.000 0.000 0.001 0.000 0.025 0.000 0.000 0.000 0.004 0.000 0.001 0.001 0.001 0.001 0.000 0.001 0.000 0.000 0.001 0.002 0.005 0.001 0.008 0.050 0.002 0.003 0.021 0.030 0.003 0.982 0.001 0.021 0.001 0.000 0.059 0.068 0.000 0.000 0.000 0.001 0.001 0.005 0.001 0.000 
34 spade_vis 30 0.002 0.001 0.001 0.013 0.001 0.990 0.003 0.993 0.001 0.003 0.002 0.001 0.000 0.000 0.000 0.000 0.000 0.000 0.001 0.002 0.001 0.000 0.021 0.001 0.003 0.017 0.002 0.001 0.000 0.001 0.000 0.000 0.011 0.001 0.002 0.001 0.016 0.001 0.007 0.000 0.004 0.320 0.006 0.006 0.902 0.036 0.001 0.001 0.000 0.001 0.011 0.001 0.001 0.006 0.004 0.001 0.000 0.000 
35 wrench_vis 30 0.001 0.001 0.001 0.002 0.001 0.996 0.002 0.987 0.003 0.001 0.000 0.001 0.000 0.000 0.001 0.000 0.001 0.001 0.001 0.001 0.000 0.000 0.006 0.000 0.002 0.001 0.001 0.001 0.000 0.001 0.000 0.001 0.001 0.002 0.032 0.001 0.000 0.002 0.001 0.000 0.008 0.007 0.094 0.075 0.004 0.953 0.001 0.001 0.001 0.003 0.001 0.005 0.001 0.001 0.002 0.003 0.000 0.000 
36 accordion_vis 30 0.023 0.003 0.003 0.001 0.060 0.982 0.001 0.003 0.301 0.005 0.000 0.026 0.001 0.006 0.001 0.001 0.003 0.001 0.001 0.001 0.000 0.003 0.002 0.002 0.001 0.001 0.003 0.001 0.002 0.027 0.025 0.005 0.042 0.001 0.001 0.001 0.005 0.001 0.001 0.001 0.001 0.003 0.001 0.001 0.006 0.001 0.032 0.002 0.001 0.004 0.116 0.002 0.182 0.013 0.001 0.001 0.003 0.001 
37 cello_vis 30 0.019 0.003 0.001 0.001 0.006 0.995 0.001 0.003 0.994 0.002 0.000 0.004 0.001 0.004 0.001 0.002 0.002 0.059 0.001 0.000 0.000 0.000 0.001 0.005 0.001 0.000 0.002 0.001 0.001 0.029 0.014 0.001 0.001 0.001 0.001 0.106 0.000 0.001 0.001 0.003 0.003 0.001 0.009 0.001 0.001 0.001 0.023 0.872 0.330 0.001 0.005 0.010 0.011 0.001 0.001 0.000 0.001 0.010 
38 flute_vis 30 0.003 0.001 0.001 0.002 0.001 0.994 0.019 0.029 0.836 0.001 0.000 0.003 0.001 0.000 0.000 0.000 0.001 0.001 0.001 0.000 0.000 0.000 0.001 0.016 0.001 0.001 0.012 0.001 0.000 0.001 0.000 0.001 0.001 0.005 0.018 0.055 0.003 0.006 0.001 0.001 0.001 0.000 0.592 0.386 0.001 0.029 0.008 0.001 0.625 0.001 0.000 0.001 0.000 0.001 0.021 0.000 0.001 0.000 
39 guitar_vis 30 0.001 0.001 0.006 0.001 0.001 0.996 0.001 0.024 0.981 0.006 0.000 0.002 0.004 0.000 0.000 0.001 0.005 0.001 0.275 0.001 0.000 0.002 0.007 0.000 0.000 0.000 0.004 0.000 0.000 0.001 0.000 0.001 0.001 0.041 0.001 0.001 0.001 0.003 0.001 0.000 0.001 0.046 0.000 0.011 0.001 0.021 0.025 0.001 0.025 0.987 0.001 0.038 0.001 0.005 0.001 0.053 0.013 0.001 
40 piano_vis 30 0.009 0.002 0.001 0.001 0.020 0.976 0.001 0.010 0.966 0.002 0.000 0.025 0.001 0.011 0.001 0.001 0.001 0.001 0.001 0.000 0.000 0.001 0.001 0.004 0.000 0.001 0.002 0.004 0.001 0.011 0.007 0.005 0.012 0.015 0.003 0.002 0.002 0.001 0.001 0.000 0.001 0.020 0.004 0.007 0.010 0.006 0.011 0.004 0.046 0.157 0.147 0.010 0.009 0.001 0.001 0.000 0.001 0.001 
41 trumpet_vis 30 0.013 0.002 0.002 0.001 0.025 0.996 0.001 0.007 0.991 0.002 0.001 0.005 0.000 0.003 0.003 0.005 0.002 0.001 0.001 0.001 0.003 0.000 0.005 0.001 0.001 0.000 0.019 0.001 0.140 0.016 0.001 0.004 0.001 0.019 0.001 0.002 0.000 0.001 0.001 0.000 0.013 0.001 0.002 0.001 0.003 0.023 0.003 0.011 0.003 0.001 0.006 0.986 0.008 0.001 0.001 0.016 0.000 0.001 
42 fork_vis 30 0.017 0.279 0.001 0.017 0.001 0.987 0.994 0.011 0.001 0.004 0.002 0.308 0.006 0.233 0.022 0.001 0.000 0.001 0.001 0.000 0.001 0.002 0.015 0.027 0.003 0.001 0.014 0.038 0.008 0.086 0.000 0.000 0.002 0.021 0.292 0.017 0.001 0.607 0.779 0.011 0.101 0.005 0.000 0.016 0.002 0.016 0.001 0.001 0.001 0.028 0.001 0.001 0.135 0.002 0.001 0.554 0.094 0.002 
43 spoon_vis 30 0.003 0.003 0.009 0.001 0.003 0.995 0.004 0.001 0.001 0.994 0.097 0.006 0.001 0.000 0.001 0.004 0.001 0.002 0.005 0.099 0.002 0.001 0.016 0.000 0.001 0.004 0.004 0.000 0.001 0.002 0.001 0.007 0.014 0.001 0.006 0.001 0.001 0.001 0.005 0.001 0.001 0.004 0.000 0.000 0.072 0.001 0.000 0.001 0.000 0.003 0.006 0.001 0.029 0.969 0.025 0.110 0.026 0.014 
44 tongs_vis 30 0.006 0.022 0.000 0.003 0.001 0.955 0.885 0.002 0.001 0.087 0.002 0.004 0.005 0.000 0.001 0.000 0.000 0.001 0.001 0.000 0.000 0.000 0.003 0.002 0.003 0.001 0.002 0.001 0.000 0.001 0.000 0.000 0.001 0.001 0.008 0.011 0.001 0.501 0.001 0.040 0.011 0.000 0.002 0.001 0.001 0.001 0.001 0.004 0.001 0.000 0.001 0.000 0.001 0.001 0.020 0.000 0.001 0.010 
45 ladle_vis 30 0.005 0.002 0.025 0.001 0.025 0.996 0.003 0.002 0.001 0.994 0.169 0.040 0.000 0.000 0.001 0.001 0.001 0.001 0.004 0.084 0.028 0.001 0.021 0.000 0.000 0.003 0.002 0.000 0.019 0.002 0.000 0.013 0.025 0.006 0.003 0.001 0.001 0.030 0.007 0.001 0.004 0.006 0.000 0.000 0.006 0.034 0.000 0.000 0.000 0.024 0.001 0.067 0.011 0.110 0.001 0.984 0.027 0.014 
46 knife_vis 30 0.002 0.002 0.009 0.001 0.002 0.996 0.008 0.001 0.004 0.991 0.002 0.014 0.001 0.000 0.001 0.000 0.001 0.032 0.003 0.000 0.000 0.001 0.004 0.000 0.000 0.001 0.001 0.000 0.001 0.001 0.000 0.000 0.006 0.001 0.002 0.002 0.007 0.003 0.003 0.053 0.001 0.002 0.000 0.001 0.001 0.001 0.001 0.001 0.001 0.002 0.000 0.000 0.007 0.006 0.001 0.002 0.938 0.097 
47 chopsticks_vis 30 0.004 0.006 0.001 0.001 0.003 0.995 0.007 0.001 0.001 0.992 0.002 0.001 0.001 0.001 0.024 0.001 0.016 0.006 0.001 0.000 0.006 0.000 0.013 0.000 0.001 0.001 0.001 0.000 0.001 0.003 0.000 0.000 0.001 0.005 0.001 0.001 0.001 0.479 0.001 0.043 0.079 0.001 0.000 0.000 0.001 0.001 0.000 0.021 0.002 0.001 0.001 0.004 0.071 0.001 0.002 0.456 0.021 0.962 
