0 beaver_vis 30 0.996 0.989 0.017 0.001 0.040 0.002 0.001 0.001 0.001 0.003 0.978 0.018 0.067 0.039 0.010 0.001 0.000 0.001 0.002 0.000 0.004 0.017 0.001 0.001 0.042 0.000 0.000 0.001 0.032 0.001 0.095 0.084 0.001 0.000 0.000 0.001 0.000 0.000 0.000 0.001 0.002 0.000 0.001 0.000 0.001 0.002 0.001 0.002 0.000 0.001 0.001 0.012 0.002 0.000 0.008 0.000 0.012 0.003 
1 bear_vis 30 0.996 0.952 0.042 0.001 0.057 0.002 0.001 0.001 0.001 0.001 0.045 0.778 0.004 0.005 0.009 0.011 0.001 0.002 0.009 0.021 0.001 0.000 0.001 0.001 0.000 0.000 0.000 0.001 0.002 0.005 0.001 0.133 0.011 0.001 0.000 0.001 0.001 0.000 0.001 0.000 0.000 0.000 0.000 0.000 0.000 0.003 0.002 0.000 0.000 0.001 0.001 0.001 0.001 0.001 0.004 0.000 0.000 0.000 
2 sheep_vis 30 0.996 0.969 0.013 0.001 0.021 0.002 0.001 0.001 0.001 0.001 0.096 0.007 0.955 0.004 0.058 0.000 0.001 0.001 0.001 0.000 0.001 0.125 0.001 0.001 0.011 0.000 0.000 0.001 0.008 0.002 0.014 0.034 0.002 0.008 0.000 0.001 0.000 0.000 0.002 0.001 0.001 0.000 0.000 0.000 0.001 0.004 0.001 0.001 0.000 0.001 0.002 0.001 0.011 0.001 0.001 0.000 0.038 0.018 
3 buffalo_vis 30 0.996 0.984 0.002 0.001 0.006 0.002 0.002 0.001 0.001 0.001 0.004 0.004 0.002 0.906 0.209 0.011 0.001 0.000 0.003 0.000 0.000 0.000 0.000 0.006 0.000 0.000 0.000 0.001 0.002 0.005 0.000 0.019 0.001 0.000 0.001 0.001 0.000 0.000 0.126 0.000 0.000 0.000 0.000 0.000 0.000 0.000 0.001 0.000 0.000 0.014 0.002 0.000 0.000 0.001 0.003 0.001 0.003 0.001 
4 poodle_vis 30 0.996 0.974 0.026 0.001 0.043 0.002 0.001 0.001 0.001 0.002 0.008 0.174 0.398 0.013 0.259 0.002 0.006 0.000 0.017 0.001 0.000 0.001 0.001 0.001 0.000 0.000 0.000 0.001 0.001 0.006 0.001 0.280 0.006 0.002 0.000 0.001 0.000 0.000 0.001 0.000 0.000 0.000 0.000 0.000 0.000 0.002 0.001 0.001 0.000 0.005 0.004 0.001 0.002 0.003 0.002 0.000 0.001 0.001 
5 giraffe_vis 30 0.996 0.989 0.013 0.001 0.047 0.002 0.001 0.001 0.001 0.001 0.061 0.049 0.001 0.053 0.285 0.884 0.001 0.001 0.005 0.001 0.001 0.000 0.001 0.038 0.000 0.000 0.000 0.001 0.026 0.021 0.000 0.013 0.003 0.000 0.001 0.001 0.001 0.000 0.001 0.000 0.000 0.000 0.000 0.000 0.000 0.001 0.001 0.000 0.000 0.002 0.001 0.000 0.001 0.001 0.002 0.000 0.001 0.000 
6 robin_vis 30 0.996 0.005 0.982 0.010 0.001 0.002 0.001 0.001 0.011 0.003 0.001 0.001 0.002 0.001 0.045 0.000 0.887 0.000 0.088 0.009 0.001 0.056 0.009 0.001 0.001 0.006 0.000 0.001 0.000 0.002 0.000 0.000 0.002 0.001 0.000 0.003 0.000 0.001 0.000 0.001 0.000 0.000 0.000 0.000 0.001 0.001 0.002 0.001 0.000 0.014 0.043 0.001 0.010 0.007 0.002 0.005 0.000 0.002 
7 swan_vis 30 0.996 0.072 0.988 0.066 0.001 0.002 0.001 0.001 0.001 0.001 0.011 0.002 0.077 0.001 0.002 0.001 0.001 0.961 0.060 0.003 0.001 0.765 0.006 0.001 0.001 0.000 0.006 0.310 0.001 0.001 0.000 0.000 0.001 0.026 0.000 0.001 0.001 0.007 0.008 0.005 0.001 0.000 0.000 0.001 0.001 0.039 0.001 0.001 0.000 0.002 0.001 0.001 0.006 0.000 0.001 0.040 0.024 0.002 
8 woodpecker_vis 30 0.996 0.029 0.991 0.012 0.001 0.002 0.001 0.001 0.025 0.003 0.001 0.083 0.000 0.003 0.020 0.002 0.037 0.004 0.981 0.161 0.001 0.019 0.006 0.001 0.000 0.002 0.000 0.227 0.000 0.002 0.000 0.000 0.354 0.001 0.003 0.003 0.007 0.005 0.001 0.001 0.000 0.000 0.000 0.002 0.004 0.007 0.188 0.001 0.000 0.112 0.003 0.001 0.003 0.023 0.159 0.003 0.001 0.001 
9 peacock_vis 30 0.996 0.035 0.988 0.087 0.001 0.002 0.001 0.001 0.001 0.001 0.003 0.235 0.000 0.001 0.001 0.014 0.002 0.209 0.266 0.930 0.001 0.000 0.001 0.001 0.000 0.035 0.123 0.011 0.000 0.002 0.000 0.001 0.001 0.001 0.000 0.001 0.003 0.003 0.000 0.000 0.000 0.000 0.000 0.001 0.001 0.002 0.005 0.001 0.000 0.002 0.001 0.001 0.001 0.001 0.002 0.000 0.000 0.000 
10 crow_vis 30 0.995 0.002 0.990 0.018 0.001 0.002 0.002 0.001 0.002 0.001 0.065 0.001 0.000 0.000 0.000 0.003 0.005 0.107 0.001 0.168 0.938 0.003 0.063 0.000 0.001 0.000 0.057 0.001 0.000 0.003 0.000 0.000 0.001 0.003 0.001 0.001 0.005 0.032 0.000 0.005 0.003 0.000 0.000 0.003 0.002 0.005 0.006 0.002 0.000 0.001 0.001 0.007 0.028 0.000 0.012 0.005 0.001 0.001 
11 eagle_vis 30 0.996 0.050 0.982 0.064 0.001 0.002 0.001 0.001 0.002 0.003 0.009 0.001 0.155 0.002 0.016 0.000 0.027 0.098 0.071 0.001 0.001 0.980 0.003 0.001 0.012 0.000 0.000 0.072 0.000 0.001 0.000 0.000 0.001 0.003 0.000 0.002 0.000 0.002 0.001 0.005 0.001 0.000 0.000 0.000 0.002 0.006 0.001 0.002 0.000 0.005 0.004 0.004 0.008 0.001 0.001 0.026 0.015 0.010 
12 tuna_vis 30 0.870 0.000 0.024 0.873 0.004 0.360 0.003 0.005 0.935 0.001 0.000 0.000 0.219 0.001 0.004 0.001 0.019 0.008 0.002 0.002 0.001 0.063 0.108 0.005 0.711 0.026 0.016 0.161 0.028 0.002 0.001 0.011 0.007 0.007 0.004 0.004 0.015 0.001 0.008 0.017 0.000 0.004 0.006 0.015 0.097 0.019 0.022 0.447 0.011 0.045 0.974 0.056 0.001 0.000 0.001 0.001 0.146 0.001 
13 goldfish_vis 30 0.996 0.001 0.015 0.993 0.055 0.002 0.002 0.001 0.008 0.001 0.000 0.000 0.001 0.039 0.207 0.012 0.033 0.000 0.205 0.001 0.000 0.000 0.068 0.979 0.001 0.190 0.002 0.248 0.001 0.002 0.000 0.004 0.030 0.005 0.002 0.008 0.002 0.002 0.005 0.003 0.000 0.006 0.001 0.001 0.004 0.000 0.003 0.001 0.004 0.001 0.060 0.001 0.001 0.013 0.001 0.001 0.001 0.000 
14 salmon_vis 30 0.996 0.001 0.011 0.992 0.019 0.002 0.004 0.001 0.002 0.001 0.002 0.000 0.003 0.002 0.000 0.000 0.002 0.001 0.001 0.001 0.001 0.006 0.006 0.010 0.922 0.578 0.267 0.069 0.015 0.001 0.002 0.006 0.001 0.003 0.002 0.012 0.001 0.004 0.000 0.013 0.004 0.001 0.001 0.002 0.019 0.000 0.001 0.006 0.000 0.000 0.003 0.021 0.001 0.000 0.001 0.000 0.000 0.000 
15 sardine_vis 30 0.996 0.001 0.002 0.673 0.649 0.002 0.001 0.001 0.002 0.001 0.000 0.002 0.074 0.002 0.002 0.000 0.007 0.000 0.002 0.001 0.000 0.000 0.001 0.003 0.004 0.244 0.001 0.033 0.001 0.003 0.001 0.568 0.006 0.106 0.001 0.008 0.001 0.000 0.003 0.001 0.000 0.000 0.001 0.000 0.002 0.000 0.001 0.001 0.000 0.000 0.045 0.001 0.001 0.000 0.001 0.000 0.000 0.000 
16 catfish_vis 30 0.996 0.001 0.065 0.992 0.021 0.002 0.023 0.003 0.001 0.001 0.003 0.001 0.001 0.001 0.000 0.005 0.000 0.708 0.001 0.003 0.001 0.000 0.015 0.101 0.003 0.003 0.966 0.959 0.041 0.001 0.001 0.001 0.001 0.170 0.003 0.001 0.115 0.038 0.020 0.017 0.012 0.001 0.000 0.017 0.004 0.002 0.001 0.002 0.000 0.000 0.001 0.002 0.001 0.000 0.001 0.000 0.001 0.000 
17 cod_vis 30 0.995 0.001 0.032 0.992 0.030 0.002 0.010 0.002 0.002 0.001 0.001 0.000 0.007 0.001 0.000 0.000 0.011 0.001 0.001 0.001 0.002 0.015 0.086 0.006 0.643 0.018 0.010 0.164 0.002 0.001 0.017 0.002 0.001 0.093 0.002 0.021 0.001 0.005 0.003 0.081 0.003 0.002 0.001 0.001 0.028 0.001 0.001 0.006 0.000 0.000 0.016 0.010 0.005 0.000 0.001 0.000 0.001 0.001 
18 turtle_vis 30 0.996 0.014 0.001 0.119 0.988 0.002 0.002 0.001 0.001 0.001 0.001 0.097 0.002 0.002 0.000 0.002 0.000 0.000 0.000 0.001 0.000 0.000 0.001 0.003 0.000 0.063 0.002 0.005 0.294 0.003 0.014 0.734 0.008 0.019 0.000 0.010 0.006 0.000 0.000 0.001 0.001 0.000 0.002 0.000 0.001 0.001 0.001 0.001 0.000 0.000 0.002 0.001 0.001 0.000 0.001 0.000 0.000 0.000 
19 rattlesnake_vis 30 0.995 0.372 0.001 0.278 0.991 0.002 0.002 0.001 0.004 0.001 0.002 0.017 0.001 0.217 0.238 0.493 0.001 0.000 0.001 0.001 0.001 0.000 0.005 0.727 0.003 0.182 0.000 0.002 0.726 0.364 0.001 0.887 0.059 0.004 0.001 0.003 0.001 0.001 0.001 0.001 0.002 0.001 0.002 0.000 0.002 0.002 0.007 0.001 0.000 0.001 0.006 0.001 0.001 0.001 0.001 0.000 0.001 0.001 
20 crab_vis 30 0.996 0.006 0.001 0.007 0.989 0.002 0.002 0.001 0.001 0.001 0.001 0.016 0.003 0.002 0.001 0.001 0.001 0.000 0.000 0.000 0.001 0.000 0.001 0.001 0.002 0.015 0.000 0.003 0.006 0.013 0.503 0.541 0.161 0.070 0.001 0.004 0.001 0.000 0.002 0.002 0.002 0.001 0.015 0.000 0.001 0.001 0.001 0.002 0.000 0.000 0.007 0.001 0.002 0.000 0.002 0.000 0.001 0.001 
21 frog_vis 30 0.996 0.011 0.001 0.036 0.983 0.002 0.001 0.001 0.001 0.001 0.000 0.020 0.254 0.003 0.003 0.000 0.001 0.000 0.001 0.000 0.000 0.000 0.001 0.001 0.002 0.020 0.000 0.005 0.010 0.008 0.010 0.897 0.025 0.284 0.000 0.003 0.000 0.000 0.010 0.001 0.001 0.000 0.002 0.000 0.001 0.001 0.001 0.001 0.000 0.000 0.034 0.001 0.001 0.001 0.001 0.000 0.000 0.000 
22 gecko_vis 30 0.994 0.004 0.001 0.007 0.992 0.002 0.002 0.001 0.005 0.001 0.000 0.094 0.025 0.002 0.006 0.000 0.001 0.000 0.005 0.000 0.000 0.000 0.002 0.001 0.000 0.000 0.000 0.145 0.001 0.021 0.431 0.331 0.982 0.681 0.001 0.007 0.001 0.000 0.152 0.002 0.001 0.001 0.017 0.000 0.002 0.002 0.010 0.001 0.000 0.001 0.028 0.001 0.004 0.052 0.002 0.000 0.002 0.001 
23 crocodile_vis 30 0.996 0.010 0.001 0.003 0.964 0.002 0.001 0.001 0.001 0.001 0.000 0.132 0.004 0.001 0.000 0.003 0.001 0.000 0.000 0.001 0.001 0.000 0.001 0.001 0.000 0.003 0.001 0.001 0.006 0.027 0.013 0.197 0.028 0.368 0.000 0.001 0.001 0.000 0.012 0.001 0.001 0.000 0.001 0.000 0.001 0.001 0.001 0.001 0.000 0.000 0.008 0.001 0.002 0.001 0.001 0.000 0.000 0.000 
24 axe_vis 30 0.003 0.000 0.002 0.003 0.001 0.996 0.491 0.003 0.591 0.001 0.000 0.000 0.000 0.001 0.000 0.000 0.000 0.000 0.001 0.000 0.001 0.000 0.002 0.001 0.001 0.000 0.000 0.003 0.001 0.001 0.001 0.000 0.001 0.000 0.003 0.086 0.149 0.004 0.001 0.020 0.000 0.011 0.008 0.011 0.001 0.001 0.002 0.033 0.204 0.004 0.008 0.005 0.001 0.000 0.001 0.001 0.041 0.001 
25 hammer_vis 30 0.002 0.000 0.001 0.003 0.002 0.996 0.874 0.003 0.602 0.001 0.000 0.000 0.000 0.001 0.000 0.000 0.000 0.000 0.001 0.000 0.001 0.000 0.001 0.001 0.004 0.002 0.000 0.002 0.002 0.001 0.010 0.000 0.001 0.000 0.003 0.905 0.044 0.005 0.001 0.003 0.000 0.001 0.161 0.005 0.001 0.001 0.001 0.051 0.029 0.003 0.004 0.019 0.001 0.000 0.002 0.000 0.003 0.030 
26 screwdriver_vis 30 0.003 0.000 0.001 0.002 0.002 0.996 0.954 0.004 0.016 0.001 0.000 0.000 0.000 0.001 0.000 0.001 0.000 0.002 0.000 0.001 0.005 0.000 0.001 0.001 0.000 0.000 0.003 0.003 0.052 0.001 0.002 0.000 0.001 0.000 0.002 0.008 0.958 0.005 0.003 0.005 0.000 0.001 0.003 0.019 0.001 0.001 0.001 0.022 0.021 0.002 0.006 0.001 0.000 0.000 0.002 0.000 0.018 0.001 
27 chisel_vis 30 0.002 0.000 0.001 0.003 0.001 0.996 0.295 0.425 0.670 0.012 0.000 0.000 0.000 0.001 0.000 0.000 0.000 0.000 0.001 0.000 0.000 0.005 0.001 0.001 0.000 0.000 0.000 0.028 0.000 0.001 0.001 0.000 0.001 0.000 0.001 0.650 0.092 0.045 0.001 0.229 0.000 0.576 0.124 0.399 0.001 0.002 0.001 0.006 0.482 0.003 0.004 0.026 0.001 0.001 0.001 0.009 0.019 0.012 
28 saw_vis 30 0.004 0.000 0.001 0.001 0.004 0.993 0.664 0.002 0.003 0.001 0.000 0.000 0.000 0.001 0.000 0.001 0.000 0.003 0.000 0.000 0.002 0.000 0.002 0.001 0.000 0.000 0.002 0.002 0.009 0.001 0.002 0.000 0.002 0.002 0.004 0.001 0.362 0.001 0.018 0.150 0.000 0.011 0.000 0.002 0.001 0.001 0.001 0.004 0.003 0.001 0.027 0.001 0.001 0.000 0.001 0.000 0.436 0.001 
29 drill_vis 30 0.003 0.000 0.001 0.001 0.003 0.995 0.939 0.002 0.003 0.001 0.000 0.000 0.000 0.001 0.000 0.001 0.000 0.002 0.000 0.000 0.002 0.000 0.001 0.000 0.000 0.000 0.002 0.001 0.006 0.001 0.002 0.000 0.001 0.001 0.001 0.002 0.318 0.001 0.002 0.692 0.000 0.008 0.000 0.001 0.001 0.000 0.001 0.004 0.001 0.000 0.211 0.001 0.001 0.000 0.001 0.000 0.196 0.001 
30 clamp_vis 30 0.002 0.000 0.001 0.002 0.002 0.997 0.023 0.988 0.002 0.001 0.000 0.000 0.000 0.001 0.000 0.001 0.000 0.000 0.000 0.000 0.011 0.000 0.001 0.001 0.000 0.000 0.000 0.003 0.028 0.003 0.002 0.000 0.000 0.001 0.000 0.004 0.046 0.002 0.001 0.001 0.333 0.020 0.245 0.173 0.014 0.011 0.001 0.001 0.006 0.000 0.001 0.002 0.001 0.000 0.070 0.002 0.000 0.001 
31 hoe_vis 30 0.003 0.001 0.001 0.002 0.001 0.996 0.001 0.379 0.028 0.001 0.000 0.000 0.112 0.000 0.003 0.000 0.001 0.000 0.001 0.000 0.000 0.001 0.003 0.001 0.001 0.000 0.000 0.001 0.008 0.001 0.006 0.013 0.001 0.148 0.000 0.001 0.001 0.001 0.000 0.001 0.001 0.109 0.006 0.010 0.321 0.099 0.009 0.002 0.002 0.001 0.005 0.009 0.037 0.000 0.001 0.003 0.003 0.001 
32 rake_vis 30 0.002 0.000 0.001 0.002 0.005 0.997 0.001 0.984 0.003 0.007 0.000 0.000 0.024 0.000 0.000 0.000 0.000 0.000 0.000 0.000 0.001 0.000 0.001 0.000 0.001 0.000 0.000 0.005 0.005 0.001 0.056 0.003 0.001 0.078 0.000 0.003 0.001 0.000 0.003 0.001 0.004 0.249 0.858 0.006 0.033 0.395 0.001 0.001 0.001 0.000 0.001 0.002 0.006 0.000 0.003 0.001 0.003 0.010 
33 shovel_vis 30 0.002 0.000 0.001 0.003 0.001 0.997 0.004 0.994 0.046 0.023 0.000 0.000 0.000 0.003 0.000 0.000 0.000 0.000 0.001 0.000 0.000 0.001 0.001 0.001 0.000 0.000 0.000 0.079 0.000 0.001 0.001 0.000 0.000 0.001 0.000 0.038 0.007 0.003 0.001 0.122 0.005 0.955 0.668 0.960 0.082 0.012 0.003 0.001 0.413 0.000 0.001 0.011 0.001 0.001 0.033 0.048 0.001 0.000 
34 spade_vis 30 0.002 0.000 0.001 0.003 0.015 0.996 0.001 0.848 0.008 0.001 0.000 0.000 0.155 0.000 0.001 0.000 0.001 0.000 0.001 0.000 0.001 0.000 0.004 0.001 0.003 0.000 0.000 0.002 0.011 0.001 0.086 0.010 0.001 0.571 0.000 0.001 0.001 0.000 0.001 0.001 0.001 0.067 0.123 0.006 0.710 0.235 0.002 0.011 0.001 0.001 0.153 0.002 0.087 0.000 0.002 0.002 0.010 0.001 
35 wrench_vis 30 0.002 0.000 0.002 0.001 0.010 0.997 0.001 0.991 0.037 0.006 0.000 0.001 0.139 0.000 0.003 0.000 0.000 0.000 0.001 0.000 0.000 0.001 0.002 0.000 0.000 0.000 0.000 0.010 0.004 0.004 0.027 0.006 0.002 0.532 0.000 0.001 0.001 0.000 0.001 0.001 0.009 0.604 0.335 0.006 0.089 0.966 0.005 0.001 0.001 0.001 0.001 0.051 0.051 0.001 0.001 0.003 0.002 0.014 
36 accordion_vis 30 0.215 0.008 0.328 0.001 0.001 0.983 0.001 0.001 0.994 0.001 0.000 0.226 0.010 0.001 0.212 0.001 0.040 0.016 0.769 0.045 0.000 0.094 0.002 0.001 0.000 0.001 0.000 0.050 0.000 0.004 0.000 0.004 0.006 0.000 0.000 0.001 0.001 0.001 0.000 0.001 0.000 0.001 0.000 0.002 0.001 0.035 0.683 0.001 0.008 0.263 0.055 0.046 0.001 0.020 0.001 0.001 0.006 0.000 
37 cello_vis 30 0.003 0.000 0.003 0.005 0.001 0.995 0.001 0.004 0.994 0.001 0.000 0.001 0.000 0.000 0.000 0.000 0.013 0.000 0.002 0.003 0.001 0.001 0.009 0.001 0.001 0.004 0.000 0.017 0.000 0.005 0.001 0.001 0.068 0.000 0.000 0.008 0.002 0.001 0.000 0.016 0.000 0.040 0.002 0.002 0.003 0.003 0.892 0.136 0.014 0.003 0.043 0.070 0.001 0.005 0.001 0.000 0.007 0.002 
38 flute_vis 30 0.002 0.000 0.002 0.001 0.001 0.996 0.004 0.001 0.993 0.001 0.000 0.000 0.000 0.003 0.000 0.000 0.012 0.000 0.001 0.000 0.000 0.000 0.002 0.001 0.000 0.001 0.000 0.001 0.000 0.024 0.000 0.000 0.001 0.000 0.000 0.014 0.001 0.068 0.001 0.002 0.000 0.006 0.001 0.017 0.001 0.001 0.030 0.001 0.872 0.041 0.007 0.010 0.000 0.075 0.001 0.011 0.005 0.001 
39 guitar_vis 30 0.002 0.001 0.395 0.001 0.001 0.996 0.001 0.001 0.995 0.009 0.000 0.004 0.000 0.001 0.092 0.001 0.136 0.000 0.291 0.009 0.000 0.019 0.004 0.001 0.000 0.000 0.000 0.001 0.000 0.007 0.000 0.000 0.006 0.000 0.000 0.003 0.001 0.001 0.000 0.001 0.000 0.001 0.000 0.001 0.001 0.015 0.257 0.003 0.006 0.895 0.035 0.032 0.002 0.059 0.002 0.004 0.003 0.004 
40 piano_vis 30 0.004 0.000 0.022 0.004 0.002 0.995 0.001 0.002 0.995 0.001 0.000 0.009 0.001 0.000 0.004 0.000 0.059 0.001 0.150 0.012 0.000 0.006 0.005 0.001 0.000 0.004 0.000 0.102 0.000 0.006 0.001 0.002 0.020 0.001 0.000 0.004 0.002 0.002 0.000 0.003 0.000 0.002 0.001 0.003 0.002 0.007 0.936 0.006 0.005 0.006 0.088 0.091 0.001 0.049 0.001 0.000 0.002 0.000 
41 trumpet_vis 30 0.002 0.000 0.002 0.005 0.002 0.996 0.001 0.007 0.987 0.001 0.000 0.000 0.041 0.000 0.001 0.000 0.001 0.000 0.001 0.000 0.001 0.002 0.013 0.001 0.003 0.000 0.000 0.012 0.003 0.022 0.004 0.002 0.001 0.001 0.000 0.004 0.001 0.011 0.000 0.001 0.000 0.010 0.006 0.004 0.002 0.124 0.014 0.028 0.005 0.005 0.002 0.961 0.001 0.001 0.001 0.000 0.018 0.227 
42 fork_vis 30 0.003 0.017 0.002 0.001 0.001 0.993 0.001 0.001 0.003 0.994 0.002 0.001 0.125 0.003 0.003 0.000 0.008 0.000 0.001 0.000 0.006 0.025 0.002 0.000 0.001 0.000 0.000 0.000 0.001 0.002 0.119 0.000 0.001 0.001 0.001 0.001 0.000 0.000 0.001 0.150 0.000 0.003 0.000 0.000 0.001 0.001 0.001 0.001 0.000 0.002 0.001 0.001 0.434 0.090 0.011 0.005 0.461 0.209 
43 spoon_vis 30 0.003 0.012 0.002 0.001 0.001 0.996 0.001 0.001 0.883 0.334 0.000 0.001 0.002 0.005 0.058 0.001 0.008 0.000 0.001 0.000 0.000 0.000 0.001 0.001 0.000 0.000 0.000 0.000 0.000 0.004 0.000 0.000 0.008 0.000 0.000 0.001 0.000 0.000 0.001 0.001 0.000 0.002 0.000 0.000 0.000 0.002 0.079 0.001 0.001 0.147 0.056 0.001 0.006 0.183 0.001 0.003 0.884 0.001 
44 tongs_vis 30 0.003 0.007 0.002 0.001 0.002 0.996 0.024 0.007 0.002 0.983 0.105 0.001 0.000 0.004 0.000 0.000 0.000 0.000 0.001 0.000 0.133 0.003 0.001 0.000 0.001 0.000 0.000 0.001 0.001 0.001 0.090 0.000 0.001 0.000 0.134 0.058 0.001 0.001 0.001 0.001 0.002 0.001 0.034 0.001 0.027 0.001 0.001 0.003 0.001 0.002 0.001 0.001 0.010 0.001 0.980 0.003 0.001 0.072 
45 ladle_vis 30 0.002 0.012 0.002 0.001 0.001 0.997 0.001 0.009 0.547 0.199 0.000 0.000 0.000 0.011 0.277 0.001 0.001 0.000 0.007 0.000 0.000 0.001 0.001 0.001 0.000 0.000 0.000 0.000 0.000 0.006 0.000 0.000 0.001 0.000 0.000 0.001 0.000 0.001 0.029 0.001 0.000 0.003 0.002 0.001 0.001 0.018 0.003 0.000 0.034 0.873 0.003 0.001 0.002 0.227 0.005 0.413 0.059 0.028 
46 knife_vis 30 0.002 0.020 0.002 0.001 0.001 0.996 0.001 0.001 0.220 0.464 0.000 0.000 0.003 0.011 0.023 0.001 0.001 0.000 0.001 0.000 0.000 0.001 0.001 0.000 0.000 0.000 0.000 0.000 0.000 0.002 0.000 0.000 0.001 0.000 0.001 0.001 0.000 0.000 0.011 0.001 0.000 0.001 0.000 0.000 0.000 0.001 0.003 0.001 0.006 0.702 0.015 0.001 0.002 0.009 0.001 0.025 0.916 0.071 
47 chopsticks_vis 30 0.003 0.025 0.002 0.001 0.001 0.995 0.013 0.001 0.003 0.991 0.002 0.000 0.057 0.003 0.002 0.000 0.001 0.000 0.001 0.000 0.003 0.018 0.001 0.000 0.000 0.000 0.000 0.001 0.000 0.003 0.013 0.000 0.001 0.000 0.002 0.002 0.000 0.002 0.021 0.003 0.000 0.001 0.000 0.000 0.001 0.001 0.001 0.001 0.000 0.013 0.001 0.001 0.020 0.064 0.006 0.005 0.077 0.972 
0 beaver_vis 30 0.996 0.986 0.023 0.001 0.052 0.002 0.001 0.001 0.001 0.003 0.975 0.014 0.047 0.027 0.006 0.001 0.000 0.001 0.001 0.000 0.006 0.017 0.001 0.001 0.031 0.000 0.000 0.001 0.036 0.001 0.151 0.057 0.001 0.000 0.000 0.001 0.000 0.000 0.000 0.001 0.001 0.000 0.001 0.000 0.001 0.002 0.001 0.005 0.000 0.001 0.001 0.008 0.002 0.000 0.016 0.000 0.009 0.003 
1 bear_vis 30 0.996 0.608 0.188 0.001 0.030 0.002 0.001 0.001 0.001 0.001 0.024 0.605 0.001 0.002 0.003 0.017 0.001 0.001 0.004 0.041 0.021 0.000 0.001 0.001 0.000 0.000 0.000 0.001 0.002 0.007 0.000 0.015 0.005 0.003 0.000 0.001 0.001 0.000 0.000 0.000 0.000 0.000 0.000 0.000 0.000 0.002 0.003 0.000 0.000 0.001 0.001 0.001 0.002 0.000 0.004 0.000 0.000 0.000 
2 sheep_vis 30 0.996 0.968 0.013 0.001 0.019 0.002 0.001 0.001 0.001 0.001 0.113 0.004 0.946 0.004 0.050 0.000 0.001 0.001 0.001 0.000 0.001 0.115 0.001 0.001 0.012 0.000 0.000 0.001 0.008 0.001 0.014 0.030 0.001 0.007 0.000 0.001 0.000 0.000 0.002 0.001 0.001 0.000 0.000 0.000 0.001 0.004 0.001 0.001 0.000 0.001 0.002 0.001 0.010 0.000 0.001 0.000 0.036 0.015 
3 buffalo_vis 30 0.996 0.956 0.001 0.001 0.007 0.002 0.011 0.001 0.001 0.001 0.014 0.002 0.001 0.964 0.019 0.014 0.000 0.000 0.002 0.000 0.000 0.000 0.000 0.007 0.000 0.001 0.000 0.001 0.002 0.003 0.000 0.010 0.001 0.000 0.026 0.002 0.001 0.001 0.024 0.000 0.000 0.000 0.001 0.000 0.000 0.000 0.000 0.000 0.001 0.018 0.001 0.000 0.000 0.001 0.051 0.001 0.002 0.001 
4 poodle_vis 30 0.996 0.990 0.028 0.001 0.061 0.002 0.001 0.001 0.001 0.002 0.772 0.291 0.105 0.044 0.084 0.002 0.002 0.001 0.011 0.003 0.003 0.005 0.001 0.001 0.019 0.001 0.000 0.001 0.014 0.005 0.020 0.397 0.004 0.000 0.000 0.001 0.000 0.000 0.000 0.000 0.001 0.000 0.001 0.000 0.001 0.002 0.001 0.001 0.000 0.003 0.001 0.004 0.002 0.001 0.014 0.000 0.003 0.001 
5 giraffe_vis 30 0.996 0.984 0.009 0.001 0.026 0.002 0.002 0.001 0.001 0.001 0.034 0.028 0.000 0.039 0.028 0.920 0.000 0.001 0.002 0.001 0.001 0.000 0.001 0.034 0.000 0.000 0.000 0.001 0.021 0.008 0.000 0.003 0.002 0.000 0.001 0.001 0.001 0.000 0.001 0.000 0.000 0.000 0.000 0.000 0.000 0.001 0.001 0.000 0.000 0.001 0.001 0.000 0.001 0.001 0.002 0.000 0.001 0.000 
6 robin_vis 30 0.996 0.007 0.973 0.042 0.001 0.002 0.001 0.001 0.007 0.003 0.001 0.001 0.002 0.001 0.130 0.001 0.833 0.001 0.090 0.007 0.001 0.056 0.006 0.002 0.001 0.019 0.000 0.001 0.000 0.002 0.000 0.000 0.001 0.001 0.000 0.003 0.000 0.001 0.000 0.001 0.000 0.000 0.000 0.000 0.001 0.001 0.002 0.001 0.000 0.009 0.029 0.001 0.005 0.003 0.001 0.007 0.000 0.002 
7 swan_vis 30 0.996 0.025 0.988 0.042 0.001 0.003 0.001 0.002 0.001 0.002 0.011 0.001 0.014 0.001 0.001 0.001 0.002 0.907 0.011 0.003 0.003 0.411 0.013 0.001 0.001 0.000 0.011 0.034 0.001 0.001 0.000 0.000 0.000 0.025 0.000 0.001 0.001 0.010 0.003 0.006 0.002 0.000 0.000 0.001 0.002 0.029 0.001 0.001 0.000 0.001 0.001 0.002 0.012 0.000 0.001 0.031 0.012 0.002 
8 woodpecker_vis 30 0.996 0.135 0.990 0.058 0.001 0.002 0.001 0.001 0.010 0.002 0.003 0.118 0.000 0.010 0.037 0.002 0.017 0.014 0.986 0.167 0.000 0.033 0.002 0.008 0.000 0.014 0.001 0.549 0.000 0.001 0.000 0.001 0.104 0.001 0.001 0.003 0.003 0.002 0.000 0.001 0.000 0.000 0.000 0.002 0.002 0.003 0.035 0.001 0.000 0.038 0.002 0.001 0.001 0.005 0.044 0.001 0.000 0.001 
9 peacock_vis 30 0.996 0.025 0.988 0.099 0.001 0.002 0.001 0.001 0.002 0.001 0.003 0.170 0.000 0.001 0.001 0.017 0.003 0.178 0.117 0.953 0.001 0.000 0.001 0.001 0.000 0.064 0.214 0.005 0.000 0.002 0.000 0.000 0.001 0.000 0.000 0.001 0.002 0.003 0.000 0.000 0.000 0.000 0.000 0.001 0.001 0.002 0.005 0.001 0.000 0.001 0.001 0.001 0.001 0.001 0.002 0.000 0.000 0.000 
10 crow_vis 30 0.994 0.001 0.989 0.016 0.001 0.009 0.001 0.005 0.001 0.004 0.055 0.000 0.000 0.000 0.000 0.002 0.006 0.096 0.001 0.074 0.959 0.004 0.049 0.001 0.001 0.000 0.046 0.001 0.000 0.004 0.000 0.000 0.000 0.005 0.000 0.001 0.002 0.246 0.000 0.004 0.138 0.000 0.000 0.045 0.006 0.094 0.005 0.001 0.000 0.001 0.000 0.070 0.060 0.000 0.017 0.052 0.000 0.002 
11 eagle_vis 30 0.996 0.020 0.980 0.056 0.001 0.003 0.001 0.001 0.002 0.004 0.010 0.000 0.057 0.001 0.005 0.000 0.080 0.028 0.014 0.001 0.002 0.967 0.004 0.001 0.052 0.000 0.000 0.009 0.000 0.001 0.000 0.000 0.001 0.002 0.000 0.002 0.000 0.002 0.000 0.005 0.001 0.000 0.000 0.000 0.002 0.004 0.001 0.002 0.000 0.003 0.004 0.007 0.011 0.000 0.001 0.015 0.005 0.008 
12 tuna_vis 30 0.988 0.001 0.045 0.984 0.029 0.003 0.024 0.004 0.024 0.001 0.001 0.000 0.233 0.002 0.002 0.001 0.100 0.004 0.001 0.002 0.002 0.082 0.297 0.009 0.938 0.071 0.034 0.061 0.048 0.006 0.002 0.010 0.004 0.043 0.016 0.031 0.004 0.008 0.005 0.162 0.003 0.005 0.001 0.002 0.143 0.001 0.005 0.049 0.002 0.001 0.095 0.018 0.009 0.000 0.001 0.001 0.006 0.005 
13 goldfish_vis 30 0.996 0.001 0.010 0.993 0.023 0.002 0.004 0.001 0.002 0.001 0.002 0.000 0.005 0.005 0.000 0.001 0.002 0.001 0.001 0.000 0.000 0.010 0.010 0.098 0.693 0.240 0.084 0.078 0.017 0.001 0.001 0.003 0.001 0.006 0.003 0.009 0.002 0.003 0.001 0.013 0.003 0.002 0.001 0.002 0.011 0.000 0.001 0.005 0.001 0.000 0.005 0.009 0.001 0.000 0.001 0.000 0.001 0.000 
14 salmon_vis 30 0.996 0.001 0.012 0.992 0.024 0.002 0.006 0.001 0.002 0.001 0.003 0.000 0.001 0.002 0.000 0.000 0.002 0.000 0.001 0.001 0.001 0.005 0.007 0.008 0.940 0.630 0.217 0.063 0.011 0.001 0.003 0.005 0.001 0.002 0.002 0.017 0.001 0.004 0.000 0.014 0.005 0.001 0.001 0.002 0.026 0.000 0.001 0.009 0.000 0.000 0.002 0.031 0.001 0.000 0.001 0.000 0.000 0.001 
15 sardine_vis 30 0.996 0.000 0.016 0.992 0.039 0.002 0.002 0.001 0.003 0.001 0.000 0.000 0.000 0.002 0.000 0.000 0.035 0.000 0.003 0.023 0.000 0.000 0.002 0.013 0.042 0.975 0.017 0.053 0.001 0.002 0.001 0.081 0.002 0.003 0.001 0.045 0.001 0.001 0.000 0.002 0.001 0.000 0.001 0.001 0.005 0.000 0.001 0.001 0.000 0.000 0.020 0.001 0.000 0.000 0.001 0.000 0.000 0.000 
16 catfish_vis 30 0.996 0.001 0.035 0.985 0.034 0.002 0.017 0.004 0.001 0.001 0.007 0.001 0.001 0.001 0.000 0.004 0.000 0.078 0.001 0.019 0.009 0.000 0.007 0.012 0.047 0.103 0.966 0.039 0.124 0.005 0.001 0.001 0.001 0.005 0.001 0.002 0.010 0.665 0.001 0.006 0.242 0.001 0.000 0.086 0.001 0.002 0.001 0.002 0.000 0.000 0.001 0.263 0.001 0.000 0.001 0.000 0.000 0.000 
17 cod_vis 30 0.996 0.001 0.013 0.993 0.017 0.002 0.004 0.002 0.002 0.001 0.001 0.000 0.005 0.002 0.000 0.000 0.002 0.001 0.001 0.001 0.000 0.011 0.006 0.012 0.831 0.308 0.077 0.128 0.008 0.001 0.001 0.005 0.001 0.007 0.001 0.012 0.001 0.003 0.001 0.016 0.003 0.001 0.001 0.001 0.011 0.001 0.001 0.003 0.000 0.000 0.005 0.009 0.001 0.000 0.001 0.000 0.001 0.000 
18 turtle_vis 30 0.996 0.028 0.001 0.121 0.977 0.002 0.031 0.001 0.001 0.001 0.041 0.012 0.007 0.001 0.000 0.009 0.000 0.002 0.000 0.000 0.022 0.000 0.001 0.002 0.003 0.000 0.077 0.004 0.952 0.013 0.058 0.033 0.002 0.037 0.000 0.003 0.071 0.004 0.001 0.005 0.039 0.001 0.001 0.000 0.001 0.003 0.001 0.006 0.000 0.000 0.001 0.002 0.001 0.000 0.001 0.000 0.001 0.001 
19 rattlesnake_vis 30 0.994 0.077 0.001 0.044 0.988 0.003 0.004 0.002 0.003 0.001 0.001 0.337 0.004 0.011 0.001 0.009 0.000 0.000 0.001 0.009 0.003 0.000 0.003 0.003 0.004 0.152 0.002 0.004 0.174 0.263 0.008 0.883 0.048 0.018 0.001 0.003 0.002 0.003 0.002 0.001 0.007 0.001 0.005 0.000 0.001 0.004 0.007 0.001 0.000 0.000 0.002 0.002 0.001 0.001 0.001 0.000 0.000 0.001 
20 crab_vis 30 0.995 0.001 0.001 0.062 0.991 0.002 0.011 0.001 0.001 0.001 0.006 0.001 0.004 0.001 0.000 0.000 0.000 0.000 0.000 0.000 0.055 0.000 0.002 0.001 0.122 0.000 0.000 0.002 0.086 0.004 0.982 0.012 0.019 0.067 0.001 0.207 0.005 0.000 0.001 0.015 0.003 0.005 0.070 0.000 0.002 0.001 0.001 0.134 0.000 0.000 0.003 0.006 0.010 0.000 0.010 0.000 0.004 0.004 
21 frog_vis 30 0.996 0.014 0.001 0.022 0.984 0.002 0.001 0.001 0.002 0.001 0.000 0.035 0.022 0.005 0.002 0.000 0.001 0.000 0.001 0.000 0.000 0.000 0.001 0.001 0.002 0.065 0.000 0.004 0.009 0.010 0.031 0.921 0.032 0.102 0.000 0.003 0.000 0.000 0.003 0.001 0.001 0.000 0.005 0.000 0.001 0.001 0.001 0.001 0.000 0.000 0.020 0.001 0.001 0.001 0.001 0.000 0.000 0.000 
22 gecko_vis 30 0.994 0.002 0.001 0.013 0.991 0.002 0.002 0.001 0.006 0.001 0.000 0.015 0.002 0.002 0.001 0.001 0.001 0.000 0.001 0.000 0.001 0.000 0.003 0.001 0.001 0.002 0.000 0.008 0.001 0.030 0.409 0.323 0.823 0.173 0.002 0.009 0.001 0.000 0.006 0.002 0.001 0.001 0.018 0.000 0.003 0.001 0.008 0.003 0.000 0.001 0.015 0.001 0.003 0.003 0.003 0.000 0.001 0.001 
23 crocodile_vis 30 0.995 0.002 0.001 0.036 0.976 0.002 0.007 0.001 0.001 0.001 0.004 0.002 0.002 0.000 0.000 0.001 0.000 0.000 0.000 0.000 0.148 0.000 0.008 0.000 0.001 0.000 0.005 0.001 0.098 0.012 0.368 0.002 0.003 0.538 0.001 0.001 0.002 0.001 0.007 0.008 0.036 0.001 0.000 0.000 0.001 0.002 0.001 0.002 0.000 0.000 0.001 0.002 0.008 0.000 0.001 0.000 0.003 0.001 
24 axe_vis 30 0.002 0.000 0.001 0.003 0.001 0.996 0.624 0.003 0.099 0.001 0.000 0.000 0.000 0.001 0.000 0.000 0.000 0.000 0.001 0.000 0.001 0.000 0.001 0.001 0.001 0.000 0.000 0.002 0.002 0.001 0.001 0.000 0.001 0.000 0.007 0.026 0.197 0.008 0.001 0.009 0.000 0.002 0.003 0.010 0.001 0.001 0.001 0.024 0.039 0.002 0.004 0.003 0.000 0.000 0.002 0.000 0.009 0.001 
25 hammer_vis 30 0.002 0.000 0.001 0.009 0.002 0.996 0.993 0.003 0.002 0.032 0.001 0.000 0.000 0.002 0.000 0.000 0.000 0.000 0.000 0.002 0.022 0.000 0.001 0.001 0.090 0.045 0.000 0.003 0.005 0.001 0.073 0.000 0.001 0.000 0.682 0.986 0.034 0.039 0.001 0.014 0.001 0.001 0.028 0.001 0.006 0.000 0.001 0.109 0.002 0.001 0.001 0.003 0.001 0.000 0.217 0.000 0.001 0.045 
26 screwdriver_vis 30 0.002 0.000 0.001 0.003 0.001 0.996 0.969 0.004 0.019 0.001 0.000 0.000 0.000 0.001 0.000 0.001 0.000 0.001 0.000 0.005 0.021 0.000 0.001 0.001 0.000 0.001 0.019 0.002 0.004 0.002 0.001 0.000 0.001 0.000 0.002 0.033 0.889 0.108 0.001 0.003 0.000 0.001 0.003 0.100 0.001 0.001 0.001 0.009 0.016 0.001 0.001 0.006 0.000 0.000 0.002 0.000 0.001 0.001 
27 chisel_vis 30 0.002 0.000 0.001 0.006 0.001 0.996 0.981 0.011 0.022 0.001 0.000 0.000 0.000 0.001 0.000 0.001 0.000 0.001 0.000 0.008 0.044 0.000 0.001 0.001 0.000 0.002 0.028 0.002 0.003 0.005 0.001 0.000 0.000 0.000 0.001 0.215 0.645 0.724 0.001 0.002 0.001 0.001 0.005 0.182 0.001 0.001 0.001 0.002 0.021 0.001 0.001 0.048 0.000 0.000 0.001 0.000 0.000 0.003 
28 saw_vis 30 0.003 0.000 0.001 0.004 0.002 0.990 0.990 0.002 0.001 0.001 0.000 0.000 0.000 0.001 0.000 0.002 0.000 0.006 0.000 0.025 0.023 0.000 0.007 0.001 0.001 0.001 0.075 0.002 0.003 0.002 0.001 0.000 0.001 0.001 0.969 0.003 0.014 0.171 0.155 0.008 0.001 0.001 0.001 0.001 0.004 0.000 0.001 0.001 0.001 0.000 0.001 0.001 0.001 0.000 0.004 0.001 0.001 0.005 
29 drill_vis 30 0.003 0.000 0.001 0.003 0.002 0.995 0.973 0.002 0.014 0.001 0.000 0.000 0.000 0.001 0.000 0.001 0.000 0.002 0.000 0.005 0.024 0.000 0.001 0.000 0.000 0.001 0.026 0.001 0.005 0.001 0.002 0.000 0.001 0.001 0.004 0.022 0.896 0.067 0.001 0.045 0.000 0.001 0.001 0.095 0.001 0.000 0.001 0.017 0.012 0.000 0.006 0.003 0.001 0.000 0.003 0.000 0.006 0.001 
30 clamp_vis 30 0.002 0.000 0.001 0.002 0.003 0.997 0.012 0.954 0.001 0.021 0.001 0.000 0.000 0.001 0.000 0.000 0.000 0.000 0.000 0.000 0.009 0.000 0.001 0.000 0.000 0.000 0.000 0.002 0.020 0.004 0.026 0.002 0.000 0.001 0.001 0.016 0.001 0.003 0.002 0.001 0.626 0.006 0.746 0.017 0.013 0.005 0.001 0.001 0.001 0.000 0.000 0.002 0.001 0.000 0.278 0.002 0.000 0.004 
31 hoe_vis 30 0.002 0.000 0.001 0.002 0.001 0.997 0.001 0.966 0.008 0.029 0.000 0.000 0.004 0.003 0.000 0.000 0.000 0.000 0.001 0.000 0.000 0.000 0.001 0.001 0.000 0.000 0.000 0.001 0.001 0.001 0.011 0.001 0.001 0.008 0.000 0.001 0.001 0.001 0.022 0.020 0.002 0.968 0.148 0.011 0.007 0.010 0.002 0.001 0.007 0.001 0.002 0.002 0.005 0.002 0.002 0.008 0.064 0.001 
32 rake_vis 30 0.002 0.000 0.001 0.002 0.011 0.997 0.001 0.989 0.003 0.008 0.000 0.000 0.052 0.000 0.001 0.000 0.000 0.000 0.001 0.000 0.001 0.000 0.001 0.001 0.001 0.000 0.000 0.006 0.007 0.002 0.068 0.004 0.001 0.236 0.000 0.003 0.001 0.001 0.001 0.001 0.006 0.301 0.764 0.003 0.051 0.727 0.001 0.001 0.000 0.000 0.001 0.003 0.016 0.001 0.002 0.001 0.002 0.013 
33 shovel_vis 30 0.002 0.000 0.001 0.002 0.001 0.997 0.003 0.995 0.031 0.005 0.000 0.000 0.000 0.007 0.000 0.000 0.000 0.000 0.001 0.000 0.000 0.000 0.001 0.001 0.001 0.001 0.000 0.022 0.000 0.001 0.002 0.000 0.000 0.000 0.001 0.020 0.004 0.003 0.001 0.025 0.014 0.908 0.863 0.970 0.103 0.007 0.004 0.001 0.563 0.000 0.001 0.041 0.001 0.000 0.091 0.012 0.001 0.000 
34 spade_vis 30 0.002 0.000 0.001 0.002 0.003 0.996 0.001 0.892 0.003 0.002 0.000 0.000 0.005 0.001 0.000 0.000 0.000 0.000 0.001 0.000 0.001 0.000 0.002 0.001 0.001 0.000 0.000 0.002 0.007 0.001 0.077 0.009 0.001 0.052 0.000 0.002 0.001 0.000 0.001 0.002 0.002 0.475 0.051 0.004 0.276 0.010 0.001 0.003 0.001 0.000 0.003 0.001 0.015 0.000 0.004 0.001 0.013 0.001 
35 wrench_vis 30 0.002 0.000 0.002 0.001 0.003 0.997 0.001 0.985 0.013 0.009 0.000 0.000 0.056 0.000 0.002 0.000 0.000 0.000 0.001 0.000 0.000 0.001 0.001 0.000 0.000 0.000 0.000 0.003 0.003 0.002 0.021 0.003 0.001 0.142 0.000 0.001 0.000 0.000 0.002 0.001 0.006 0.216 0.682 0.003 0.029 0.858 0.003 0.001 0.001 0.001 0.001 0.013 0.016 0.001 0.001 0.006 0.002 0.024 
36 accordion_vis 30 0.003 0.000 0.010 0.002 0.001 0.996 0.001 0.001 0.995 0.001 0.000 0.003 0.000 0.001 0.001 0.001 0.041 0.000 0.029 0.033 0.000 0.001 0.003 0.001 0.000 0.019 0.000 0.009 0.000 0.004 0.000 0.002 0.031 0.000 0.000 0.002 0.001 0.001 0.000 0.005 0.000 0.003 0.000 0.002 0.002 0.001 0.971 0.023 0.017 0.009 0.041 0.017 0.001 0.012 0.001 0.001 0.004 0.000 
37 cello_vis 30 0.014 0.010 0.002 0.003 0.002 0.994 0.003 0.002 0.390 0.002 0.000 0.004 0.000 0.078 0.007 0.003 0.001 0.000 0.001 0.000 0.001 0.001 0.004 0.006 0.001 0.000 0.000 0.002 0.007 0.002 0.001 0.042 0.008 0.000 0.001 0.007 0.003 0.001 0.000 0.002 0.000 0.002 0.002 0.001 0.002 0.001 0.002 0.057 0.044 0.015 0.013 0.005 0.001 0.001 0.001 0.000 0.053 0.002 
38 flute_vis 30 0.002 0.000 0.001 0.001 0.001 0.996 0.014 0.001 0.992 0.001 0.000 0.000 0.000 0.008 0.000 0.001 0.005 0.000 0.001 0.000 0.000 0.000 0.002 0.004 0.000 0.001 0.000 0.001 0.000 0.016 0.000 0.000 0.001 0.000 0.001 0.014 0.002 0.029 0.002 0.003 0.000 0.018 0.001 0.014 0.001 0.001 0.018 0.001 0.949 0.034 0.019 0.003 0.000 0.061 0.001 0.006 0.010 0.001 
39 guitar_vis 30 0.002 0.001 0.011 0.001 0.001 0.996 0.001 0.001 0.984 0.017 0.000 0.001 0.000 0.002 0.025 0.001 0.005 0.000 0.103 0.000 0.000 0.002 0.001 0.001 0.000 0.000 0.000 0.000 0.000 0.003 0.000 0.000 0.004 0.000 0.001 0.009 0.003 0.003 0.002 0.001 0.000 0.001 0.001 0.001 0.000 0.001 0.008 0.001 0.089 0.980 0.026 0.002 0.001 0.066 0.007 0.043 0.024 0.017 
40 piano_vis 30 0.003 0.000 0.003 0.006 0.002 0.995 0.001 0.002 0.994 0.001 0.000 0.002 0.000 0.000 0.001 0.001 0.022 0.000 0.005 0.003 0.000 0.000 0.008 0.001 0.000 0.004 0.000 0.022 0.000 0.003 0.001 0.004 0.227 0.001 0.000 0.004 0.002 0.000 0.000 0.017 0.000 0.017 0.001 0.001 0.004 0.001 0.940 0.046 0.005 0.003 0.277 0.002 0.001 0.011 0.001 0.000 0.010 0.000 
41 trumpet_vis 30 0.002 0.000 0.002 0.003 0.004 0.996 0.001 0.039 0.962 0.001 0.000 0.000 0.091 0.000 0.002 0.000 0.000 0.000 0.001 0.000 0.001 0.001 0.005 0.001 0.002 0.000 0.000 0.007 0.008 0.026 0.014 0.007 0.001 0.003 0.000 0.002 0.001 0.003 0.001 0.001 0.001 0.031 0.010 0.003 0.005 0.182 0.010 0.008 0.002 0.002 0.002 0.919 0.002 0.001 0.001 0.001 0.027 0.164 
42 fork_vis 30 0.003 0.016 0.002 0.001 0.001 0.996 0.001 0.036 0.001 0.994 0.001 0.000 0.001 0.010 0.002 0.000 0.003 0.000 0.001 0.000 0.002 0.003 0.001 0.001 0.000 0.000 0.000 0.001 0.000 0.002 0.001 0.000 0.001 0.001 0.000 0.001 0.000 0.000 0.001 0.009 0.036 0.235 0.001 0.000 0.002 0.005 0.001 0.001 0.000 0.001 0.001 0.001 0.508 0.107 0.061 0.770 0.008 0.008 
43 spoon_vis 30 0.003 0.020 0.002 0.001 0.001 0.996 0.001 0.005 0.009 0.944 0.000 0.000 0.000 0.053 0.030 0.001 0.003 0.000 0.001 0.000 0.000 0.000 0.001 0.001 0.000 0.000 0.000 0.000 0.000 0.007 0.000 0.000 0.001 0.000 0.000 0.001 0.000 0.000 0.001 0.001 0.000 0.045 0.001 0.000 0.001 0.008 0.005 0.000 0.004 0.011 0.002 0.001 0.012 0.598 0.012 0.637 0.029 0.001 
44 tongs_vis 30 0.003 0.010 0.001 0.001 0.002 0.996 0.003 0.023 0.001 0.990 0.020 0.001 0.001 0.003 0.000 0.000 0.000 0.000 0.001 0.000 0.045 0.004 0.001 0.001 0.001 0.000 0.000 0.001 0.001 0.001 0.039 0.000 0.001 0.001 0.003 0.017 0.001 0.001 0.001 0.001 0.015 0.002 0.026 0.001 0.020 0.002 0.001 0.001 0.000 0.001 0.001 0.001 0.040 0.001 0.958 0.016 0.001 0.141 
45 ladle_vis 30 0.002 0.021 0.002 0.001 0.001 0.997 0.001 0.093 0.006 0.979 0.000 0.000 0.000 0.052 0.013 0.001 0.001 0.000 0.001 0.000 0.000 0.002 0.001 0.001 0.000 0.000 0.000 0.000 0.000 0.002 0.000 0.000 0.001 0.000 0.000 0.001 0.000 0.000 0.003 0.001 0.001 0.649 0.001 0.001 0.001 0.040 0.002 0.000 0.034 0.017 0.001 0.001 0.023 0.071 0.014 0.981 0.465 0.001 
46 knife_vis 30 0.002 0.018 0.002 0.001 0.001 0.996 0.001 0.001 0.284 0.375 0.000 0.000 0.002 0.011 0.033 0.001 0.001 0.000 0.001 0.000 0.000 0.001 0.001 0.001 0.000 0.000 0.000 0.000 0.000 0.003 0.000 0.000 0.001 0.000 0.000 0.001 0.000 0.000 0.013 0.001 0.000 0.001 0.000 0.000 0.000 0.002 0.002 0.001 0.009 0.791 0.009 0.001 0.002 0.014 0.002 0.050 0.825 0.069 
47 chopsticks_vis 30 0.003 0.013 0.002 0.001 0.001 0.996 0.001 0.010 0.002 0.994 0.001 0.000 0.007 0.003 0.002 0.000 0.001 0.000 0.001 0.000 0.004 0.009 0.001 0.000 0.000 0.000 0.000 0.001 0.000 0.002 0.004 0.000 0.001 0.001 0.000 0.002 0.000 0.001 0.002 0.004 0.056 0.002 0.002 0.000 0.002 0.004 0.001 0.001 0.000 0.002 0.001 0.001 0.259 0.023 0.165 0.166 0.002 0.324 
