0 beaver_vis 30 0.995 0.985 0.002 0.000 0.055 0.001 0.000 0.001 0.001 0.000 0.870 0.005 0.347 0.005 0.272 0.000 0.000 0.000 0.000 0.005 0.000 0.012 0.002 0.000 0.000 0.000 0.001 0.000 0.000 0.017 0.000 0.000 0.017 0.197 0.000 0.000 0.000 0.000 0.000 0.000 0.000 0.004 0.000 0.000 0.024 0.000 0.000 0.000 0.000 0.001 0.000 0.000 0.000 0.000 0.000 0.000 0.000 0.000 
1 bear_vis 30 0.994 0.989 0.033 0.000 0.031 0.001 0.000 0.000 0.023 0.000 0.212 0.899 0.067 0.002 0.001 0.215 0.000 0.004 0.000 0.208 0.001 0.001 0.000 0.000 0.000 0.000 0.000 0.000 0.001 0.001 0.002 0.005 0.012 0.000 0.000 0.000 0.000 0.000 0.000 0.000 0.000 0.001 0.000 0.000 0.000 0.002 0.017 0.001 0.000 0.001 0.110 0.000 0.000 0.000 0.000 0.000 0.000 0.000 
2 sheep_vis 30 0.995 0.164 0.726 0.603 0.007 0.001 0.026 0.000 0.000 0.000 0.082 0.002 0.877 0.000 0.001 0.000 0.003 0.000 0.783 0.049 0.000 0.345 0.017 0.000 0.784 0.040 0.102 0.000 0.000 0.001 0.000 0.001 0.002 0.013 0.184 0.000 0.001 0.000 0.000 0.197 0.000 0.002 0.000 0.000 0.337 0.000 0.000 0.000 0.000 0.001 0.000 0.000 0.000 0.000 0.000 0.000 0.000 0.000 
3 buffalo_vis 30 0.995 0.955 0.007 0.000 0.063 0.002 0.000 0.000 0.006 0.000 0.759 0.061 0.009 0.094 0.059 0.001 0.000 0.000 0.000 0.018 0.004 0.002 0.001 0.000 0.000 0.000 0.000 0.000 0.000 0.001 0.012 0.000 0.147 0.012 0.000 0.000 0.000 0.000 0.000 0.000 0.000 0.001 0.000 0.000 0.000 0.000 0.000 0.001 0.000 0.001 0.000 0.007 0.000 0.000 0.000 0.000 0.000 0.000 
4 poodle_vis 30 0.989 0.982 0.007 0.000 0.012 0.001 0.000 0.000 0.015 0.000 0.921 0.492 0.056 0.007 0.052 0.001 0.000 0.000 0.000 0.168 0.001 0.005 0.001 0.000 0.000 0.000 0.002 0.000 0.000 0.001 0.001 0.001 0.028 0.013 0.000 0.000 0.000 0.000 0.000 0.000 0.000 0.001 0.000 0.000 0.001 0.000 0.003 0.001 0.000 0.001 0.001 0.000 0.000 0.000 0.000 0.000 0.000 0.000 
5 giraffe_vis 30 0.993 0.988 0.028 0.000 0.037 0.001 0.000 0.000 0.013 0.000 0.606 0.958 0.165 0.001 0.001 0.052 0.000 0.002 0.000 0.506 0.001 0.001 0.000 0.000 0.000 0.000 0.002 0.000 0.001 0.001 0.001 0.012 0.013 0.000 0.000 0.000 0.000 0.000 0.000 0.000 0.000 0.001 0.000 0.000 0.000 0.001 0.010 0.000 0.000 0.001 0.117 0.000 0.000 0.000 0.000 0.000 0.000 0.000 
6 robin_vis 30 0.995 0.214 0.989 0.721 0.001 0.001 0.000 0.000 0.000 0.001 0.302 0.034 0.582 0.001 0.013 0.000 0.008 0.007 0.809 0.711 0.001 0.725 0.019 0.000 0.656 0.243 0.203 0.001 0.000 0.001 0.000 0.002 0.002 0.001 0.004 0.000 0.000 0.000 0.000 0.020 0.000 0.001 0.000 0.000 0.003 0.000 0.000 0.000 0.000 0.001 0.000 0.000 0.000 0.006 0.000 0.001 0.000 0.001 
7 swan_vis 30 0.994 0.002 0.945 0.003 0.001 0.001 0.000 0.000 0.000 0.010 0.045 0.034 0.001 0.000 0.001 0.000 0.000 0.009 0.001 0.943 0.001 0.044 0.001 0.000 0.001 0.129 0.191 0.000 0.000 0.001 0.000 0.000 0.002 0.000 0.000 0.000 0.000 0.000 0.000 0.000 0.000 0.001 0.000 0.000 0.000 0.000 0.000 0.000 0.000 0.001 0.000 0.000 0.000 0.000 0.003 0.000 0.000 0.005 
8 woodpecker_vis 30 0.757 0.002 0.578 0.001 0.001 0.028 0.000 0.000 0.000 0.009 0.007 0.009 0.001 0.000 0.001 0.002 0.000 0.124 0.008 0.179 0.001 0.012 0.001 0.000 0.000 0.007 0.003 0.000 0.000 0.001 0.000 0.000 0.001 0.000 0.000 0.000 0.000 0.000 0.000 0.001 0.000 0.001 0.000 0.000 0.000 0.001 0.000 0.000 0.000 0.001 0.039 0.000 0.016 0.000 0.001 0.000 0.000 0.001 
9 peacock_vis 30 0.995 0.966 0.067 0.001 0.016 0.001 0.000 0.000 0.001 0.000 0.941 0.724 0.307 0.001 0.005 0.003 0.000 0.000 0.000 0.325 0.001 0.010 0.001 0.000 0.000 0.000 0.004 0.000 0.000 0.001 0.000 0.003 0.014 0.005 0.000 0.000 0.000 0.000 0.000 0.000 0.000 0.001 0.000 0.000 0.000 0.000 0.002 0.000 0.000 0.001 0.000 0.000 0.000 0.000 0.000 0.000 0.000 0.000 
10 crow_vis 30 0.995 0.004 0.984 0.001 0.004 0.005 0.000 0.000 0.000 0.047 0.000 0.000 0.000 0.044 0.061 0.000 0.145 0.001 0.000 0.000 0.196 0.070 0.002 0.001 0.000 0.000 0.000 0.030 0.000 0.004 0.001 0.000 0.010 0.000 0.000 0.000 0.000 0.000 0.000 0.000 0.000 0.001 0.000 0.000 0.000 0.000 0.000 0.000 0.000 0.001 0.000 0.001 0.001 0.008 0.000 0.003 0.064 0.000 
11 eagle_vis 30 0.979 0.965 0.006 0.000 0.004 0.003 0.002 0.458 0.000 0.000 0.685 0.002 0.576 0.004 0.165 0.000 0.074 0.000 0.005 0.003 0.001 0.006 0.003 0.000 0.001 0.000 0.001 0.000 0.000 0.025 0.001 0.000 0.010 0.554 0.446 0.000 0.074 0.000 0.000 0.000 0.009 0.022 0.000 0.000 0.736 0.002 0.000 0.005 0.000 0.001 0.000 0.000 0.000 0.025 0.000 0.000 0.000 0.000 
12 tuna_vis 30 0.995 0.000 0.210 0.892 0.004 0.144 0.000 0.000 0.000 0.505 0.004 0.000 0.000 0.000 0.003 0.000 0.000 0.000 0.000 0.159 0.257 0.161 0.798 0.000 0.000 0.000 0.169 0.009 0.000 0.001 0.000 0.000 0.777 0.002 0.000 0.000 0.000 0.000 0.000 0.000 0.000 0.001 0.000 0.000 0.000 0.000 0.000 0.000 0.000 0.001 0.000 0.001 0.000 0.000 0.024 0.910 0.000 0.000 
13 goldfish_vis 30 0.993 0.772 0.024 0.676 0.983 0.001 0.000 0.000 0.001 0.000 0.372 0.647 0.358 0.001 0.001 0.002 0.000 0.008 0.000 0.552 0.020 0.003 0.017 0.004 0.087 0.395 0.679 0.000 0.008 0.003 0.199 0.944 0.938 0.564 0.000 0.000 0.000 0.000 0.000 0.000 0.000 0.001 0.000 0.000 0.000 0.000 0.000 0.000 0.038 0.001 0.008 0.000 0.000 0.000 0.017 0.000 0.000 0.000 
14 salmon_vis 30 0.995 0.000 0.443 0.991 0.307 0.001 0.000 0.000 0.000 0.000 0.002 0.000 0.006 0.000 0.001 0.000 0.000 0.002 0.011 0.689 0.001 0.012 0.184 0.059 0.775 0.954 0.978 0.004 0.000 0.001 0.005 0.819 0.011 0.044 0.000 0.000 0.000 0.000 0.013 0.000 0.000 0.001 0.000 0.000 0.000 0.000 0.000 0.000 0.000 0.001 0.000 0.000 0.000 0.000 0.021 0.000 0.000 0.000 
15 sardine_vis 30 0.995 0.000 0.963 0.952 0.034 0.001 0.000 0.000 0.000 0.005 0.001 0.004 0.000 0.000 0.000 0.000 0.000 0.731 0.000 0.939 0.635 0.002 0.002 0.141 0.001 0.967 0.388 0.000 0.000 0.001 0.100 0.143 0.874 0.000 0.000 0.000 0.000 0.000 0.000 0.000 0.000 0.001 0.000 0.000 0.000 0.000 0.000 0.000 0.011 0.001 0.030 0.000 0.000 0.000 0.970 0.001 0.000 0.000 
16 catfish_vis 30 0.993 0.001 0.005 0.985 0.046 0.001 0.000 0.000 0.000 0.000 0.001 0.000 0.000 0.000 0.001 0.000 0.000 0.000 0.000 0.780 0.001 0.001 0.006 0.001 0.038 0.955 0.980 0.000 0.000 0.001 0.001 0.723 0.007 0.003 0.000 0.000 0.000 0.000 0.008 0.000 0.000 0.000 0.000 0.000 0.000 0.000 0.000 0.000 0.000 0.001 0.000 0.000 0.000 0.000 0.369 0.001 0.000 0.000 
17 cod_vis 30 0.995 0.000 0.645 0.909 0.003 0.021 0.000 0.000 0.000 0.546 0.013 0.000 0.000 0.000 0.003 0.000 0.000 0.000 0.000 0.573 0.328 0.148 0.728 0.000 0.001 0.000 0.582 0.010 0.000 0.001 0.001 0.000 0.842 0.002 0.000 0.000 0.000 0.000 0.000 0.000 0.000 0.001 0.000 0.000 0.000 0.000 0.000 0.000 0.000 0.001 0.000 0.001 0.000 0.000 0.040 0.893 0.000 0.000 
18 turtle_vis 30 0.975 0.051 0.000 0.003 0.990 0.002 0.000 0.034 0.000 0.000 0.000 0.000 0.003 0.001 0.001 0.379 0.000 0.002 0.000 0.000 0.001 0.000 0.001 0.061 0.000 0.003 0.000 0.000 0.914 0.005 0.843 0.640 0.010 0.001 0.000 0.005 0.000 0.000 0.000 0.000 0.000 0.001 0.004 0.010 0.000 0.054 0.000 0.000 0.043 0.001 0.002 0.000 0.000 0.000 0.000 0.000 0.000 0.000 
19 rattlesnake_vis 30 0.991 0.004 0.000 0.007 0.993 0.231 0.000 0.196 0.000 0.000 0.001 0.000 0.008 0.001 0.030 0.000 0.000 0.000 0.000 0.000 0.001 0.000 0.135 0.000 0.001 0.000 0.002 0.001 0.000 0.452 0.001 0.006 0.136 0.933 0.000 0.000 0.000 0.000 0.000 0.000 0.146 0.006 0.000 0.000 0.002 0.000 0.000 0.000 0.000 0.004 0.000 0.001 0.000 0.000 0.000 0.000 0.000 0.000 
20 crab_vis 30 0.995 0.035 0.000 0.019 0.992 0.001 0.000 0.001 0.000 0.000 0.072 0.000 0.003 0.004 0.004 0.000 0.000 0.000 0.000 0.001 0.001 0.001 0.034 0.000 0.000 0.000 0.484 0.000 0.000 0.003 0.308 0.534 0.563 0.972 0.000 0.000 0.000 0.000 0.000 0.000 0.002 0.001 0.000 0.000 0.012 0.000 0.000 0.000 0.000 0.001 0.000 0.004 0.000 0.000 0.000 0.001 0.000 0.000 
21 frog_vis 30 0.990 0.260 0.000 0.277 0.994 0.001 0.000 0.001 0.000 0.000 0.010 0.020 0.190 0.000 0.001 0.000 0.000 0.000 0.000 0.041 0.000 0.000 0.001 0.000 0.016 0.411 0.881 0.000 0.005 0.001 0.049 0.987 0.121 0.708 0.000 0.000 0.000 0.000 0.000 0.000 0.000 0.001 0.034 0.000 0.000 0.000 0.000 0.000 0.000 0.001 0.005 0.000 0.000 0.000 0.000 0.000 0.000 0.000 
22 gecko_vis 30 0.995 0.022 0.000 0.011 0.993 0.003 0.000 0.000 0.001 0.000 0.035 0.000 0.002 0.005 0.017 0.000 0.000 0.000 0.000 0.001 0.003 0.001 0.055 0.000 0.000 0.000 0.083 0.000 0.000 0.005 0.012 0.184 0.784 0.937 0.000 0.000 0.000 0.000 0.000 0.000 0.001 0.001 0.000 0.000 0.000 0.000 0.000 0.000 0.000 0.001 0.000 0.007 0.000 0.000 0.000 0.002 0.000 0.000 
23 crocodile_vis 30 0.993 0.008 0.000 0.012 0.992 0.013 0.000 0.041 0.000 0.000 0.013 0.000 0.008 0.001 0.006 0.000 0.000 0.000 0.000 0.000 0.001 0.000 0.115 0.000 0.001 0.000 0.044 0.000 0.000 0.082 0.007 0.042 0.198 0.974 0.000 0.000 0.000 0.000 0.000 0.000 0.060 0.001 0.000 0.000 0.013 0.000 0.000 0.000 0.000 0.001 0.000 0.001 0.000 0.000 0.000 0.000 0.000 0.000 
24 axe_vis 30 0.005 0.000 0.000 0.001 0.001 0.994 0.981 0.105 0.000 0.003 0.000 0.000 0.000 0.000 0.001 0.000 0.001 0.000 0.000 0.000 0.000 0.001 0.003 0.000 0.003 0.000 0.000 0.001 0.000 0.001 0.000 0.000 0.000 0.000 0.973 0.000 0.085 0.004 0.012 0.010 0.005 0.017 0.000 0.000 0.182 0.000 0.000 0.000 0.000 0.001 0.000 0.000 0.000 0.245 0.000 0.001 0.000 0.000 
25 hammer_vis 30 0.001 0.000 0.000 0.009 0.001 0.995 0.989 0.064 0.000 0.160 0.000 0.000 0.000 0.000 0.000 0.000 0.000 0.000 0.000 0.000 0.000 0.000 0.000 0.105 0.003 0.002 0.000 0.001 0.026 0.001 0.000 0.000 0.000 0.000 0.001 0.962 0.027 0.137 0.360 0.119 0.001 0.003 0.093 0.019 0.000 0.028 0.000 0.000 0.002 0.003 0.004 0.000 0.041 0.000 0.261 0.000 0.005 0.001 
26 screwdriver_vis 30 0.003 0.000 0.000 0.002 0.001 0.995 0.982 0.046 0.000 0.060 0.000 0.000 0.000 0.000 0.001 0.000 0.001 0.000 0.000 0.000 0.000 0.000 0.001 0.000 0.001 0.000 0.000 0.074 0.000 0.001 0.000 0.000 0.000 0.000 0.025 0.041 0.129 0.922 0.012 0.001 0.012 0.002 0.000 0.085 0.000 0.000 0.000 0.000 0.000 0.002 0.000 0.002 0.001 0.001 0.000 0.001 0.090 0.000 
27 chisel_vis 30 0.003 0.000 0.000 0.001 0.001 0.995 0.977 0.100 0.000 0.004 0.000 0.000 0.000 0.000 0.001 0.000 0.001 0.000 0.000 0.000 0.000 0.001 0.002 0.000 0.002 0.000 0.000 0.002 0.000 0.001 0.000 0.000 0.000 0.000 0.915 0.001 0.049 0.008 0.013 0.004 0.006 0.008 0.000 0.000 0.061 0.000 0.000 0.000 0.000 0.002 0.000 0.000 0.000 0.073 0.000 0.001 0.001 0.000 
28 saw_vis 30 0.001 0.000 0.000 0.014 0.000 0.994 0.987 0.049 0.000 0.099 0.000 0.000 0.000 0.000 0.000 0.000 0.000 0.000 0.001 0.000 0.000 0.000 0.001 0.001 0.011 0.001 0.001 0.050 0.000 0.001 0.000 0.000 0.000 0.000 0.009 0.217 0.049 0.812 0.154 0.037 0.009 0.004 0.020 0.050 0.000 0.000 0.000 0.000 0.000 0.001 0.000 0.001 0.001 0.000 0.018 0.001 0.050 0.002 
29 drill_vis 30 0.001 0.000 0.000 0.001 0.000 0.995 0.979 0.047 0.000 0.008 0.000 0.000 0.001 0.000 0.000 0.000 0.000 0.000 0.011 0.000 0.000 0.000 0.000 0.000 0.016 0.000 0.000 0.000 0.000 0.000 0.000 0.000 0.000 0.000 0.004 0.011 0.017 0.000 0.026 0.968 0.000 0.196 0.002 0.000 0.000 0.015 0.000 0.000 0.000 0.002 0.002 0.000 0.001 0.002 0.001 0.000 0.001 0.302 
30 clamp_vis 30 0.001 0.000 0.000 0.000 0.098 0.995 0.066 0.992 0.088 0.000 0.000 0.000 0.001 0.000 0.001 0.000 0.000 0.000 0.000 0.000 0.000 0.000 0.000 0.000 0.001 0.000 0.000 0.002 0.005 0.078 0.001 0.000 0.000 0.003 0.001 0.011 0.007 0.188 0.008 0.001 0.745 0.046 0.082 0.794 0.003 0.009 0.000 0.000 0.001 0.019 0.000 0.280 0.000 0.000 0.000 0.000 0.001 0.000 
31 hoe_vis 30 0.992 0.192 0.006 0.039 0.971 0.127 0.000 0.000 0.054 0.002 0.250 0.000 0.001 0.261 0.878 0.000 0.000 0.000 0.000 0.002 0.535 0.170 0.724 0.000 0.001 0.000 0.001 0.012 0.000 0.341 0.001 0.001 0.984 0.545 0.001 0.000 0.000 0.000 0.000 0.000 0.001 0.001 0.000 0.000 0.000 0.000 0.000 0.000 0.001 0.388 0.000 0.168 0.000 0.001 0.000 0.453 0.001 0.000 
32 rake_vis 30 0.001 0.000 0.000 0.000 0.036 0.995 0.001 0.138 0.985 0.108 0.000 0.001 0.000 0.001 0.003 0.000 0.000 0.000 0.000 0.002 0.001 0.000 0.001 0.000 0.001 0.000 0.004 0.000 0.002 0.001 0.000 0.001 0.039 0.001 0.000 0.015 0.000 0.000 0.003 0.001 0.005 0.012 0.105 0.001 0.000 0.001 0.003 0.001 0.894 0.672 0.243 0.129 0.001 0.001 0.136 0.008 0.001 0.011 
33 shovel_vis 30 0.001 0.000 0.000 0.000 0.124 0.995 0.086 0.989 0.030 0.000 0.000 0.000 0.001 0.000 0.005 0.000 0.000 0.000 0.000 0.000 0.000 0.000 0.003 0.000 0.001 0.000 0.000 0.001 0.001 0.070 0.000 0.000 0.000 0.096 0.020 0.003 0.001 0.043 0.022 0.001 0.947 0.322 0.196 0.051 0.048 0.001 0.000 0.000 0.000 0.074 0.000 0.029 0.000 0.000 0.000 0.001 0.000 0.000 
34 spade_vis 30 0.002 0.001 0.003 0.001 0.002 0.995 0.019 0.019 0.499 0.822 0.000 0.000 0.000 0.000 0.017 0.000 0.000 0.000 0.000 0.067 0.001 0.004 0.001 0.000 0.001 0.004 0.008 0.001 0.000 0.002 0.000 0.000 0.002 0.000 0.001 0.006 0.000 0.000 0.009 0.020 0.002 0.067 0.000 0.000 0.000 0.001 0.132 0.000 0.002 0.265 0.137 0.007 0.009 0.052 0.464 0.006 0.002 0.846 
35 wrench_vis 30 0.968 0.391 0.006 0.018 0.959 0.144 0.000 0.001 0.158 0.002 0.268 0.002 0.001 0.149 0.662 0.000 0.000 0.000 0.000 0.003 0.472 0.059 0.375 0.000 0.000 0.000 0.001 0.001 0.000 0.024 0.001 0.003 0.966 0.411 0.001 0.000 0.000 0.000 0.000 0.000 0.001 0.002 0.000 0.000 0.000 0.000 0.000 0.000 0.001 0.115 0.000 0.030 0.000 0.001 0.000 0.079 0.002 0.000 
36 accordion_vis 30 0.963 0.820 0.009 0.000 0.887 0.115 0.000 0.001 0.126 0.001 0.641 0.014 0.053 0.015 0.847 0.000 0.000 0.000 0.000 0.001 0.004 0.172 0.050 0.000 0.000 0.000 0.000 0.001 0.000 0.021 0.000 0.000 0.866 0.213 0.000 0.000 0.000 0.000 0.000 0.000 0.001 0.004 0.000 0.000 0.000 0.000 0.001 0.000 0.000 0.073 0.000 0.006 0.000 0.002 0.000 0.004 0.001 0.000 
37 cello_vis 30 0.001 0.000 0.000 0.000 0.019 0.994 0.000 0.059 0.991 0.067 0.002 0.001 0.000 0.004 0.003 0.000 0.000 0.000 0.000 0.003 0.001 0.000 0.001 0.000 0.000 0.000 0.012 0.000 0.002 0.001 0.004 0.001 0.054 0.008 0.000 0.008 0.000 0.001 0.001 0.000 0.010 0.004 0.038 0.001 0.001 0.001 0.004 0.015 0.713 0.216 0.208 0.495 0.001 0.000 0.101 0.011 0.001 0.010 
38 flute_vis 30 0.001 0.000 0.000 0.000 0.021 0.995 0.000 0.072 0.990 0.080 0.004 0.000 0.000 0.016 0.021 0.000 0.000 0.000 0.000 0.001 0.002 0.000 0.005 0.000 0.000 0.000 0.006 0.001 0.001 0.001 0.006 0.000 0.104 0.025 0.000 0.004 0.000 0.003 0.001 0.000 0.062 0.011 0.006 0.002 0.002 0.000 0.003 0.024 0.346 0.235 0.034 0.821 0.000 0.001 0.015 0.076 0.002 0.006 
39 guitar_vis 30 0.970 0.249 0.003 0.006 0.877 0.134 0.000 0.000 0.049 0.016 0.103 0.001 0.000 0.112 0.403 0.000 0.000 0.000 0.000 0.003 0.407 0.023 0.181 0.000 0.000 0.000 0.001 0.001 0.000 0.007 0.001 0.002 0.921 0.173 0.001 0.000 0.000 0.001 0.000 0.000 0.001 0.002 0.000 0.000 0.000 0.000 0.000 0.000 0.000 0.045 0.000 0.010 0.000 0.002 0.000 0.056 0.002 0.000 
40 piano_vis 30 0.001 0.000 0.000 0.000 0.026 0.994 0.000 0.089 0.990 0.173 0.001 0.000 0.000 0.002 0.013 0.000 0.000 0.000 0.000 0.001 0.002 0.001 0.002 0.000 0.000 0.000 0.001 0.000 0.001 0.001 0.000 0.000 0.066 0.003 0.000 0.010 0.000 0.001 0.001 0.000 0.015 0.025 0.015 0.001 0.000 0.001 0.010 0.002 0.715 0.646 0.112 0.493 0.001 0.001 0.053 0.032 0.002 0.034 
41 trumpet_vis 30 0.001 0.000 0.000 0.000 0.013 0.994 0.000 0.067 0.984 0.035 0.002 0.000 0.000 0.001 0.001 0.000 0.000 0.000 0.000 0.007 0.001 0.000 0.001 0.000 0.000 0.000 0.030 0.000 0.001 0.001 0.003 0.001 0.029 0.003 0.000 0.003 0.000 0.000 0.001 0.000 0.003 0.002 0.041 0.001 0.001 0.001 0.001 0.011 0.829 0.027 0.085 0.185 0.001 0.000 0.071 0.002 0.000 0.001 
42 fork_vis 30 0.005 0.000 0.052 0.000 0.000 0.995 0.033 0.000 0.099 0.991 0.000 0.000 0.000 0.000 0.001 0.000 0.017 0.004 0.000 0.000 0.001 0.005 0.001 0.000 0.000 0.000 0.000 0.000 0.000 0.001 0.000 0.000 0.000 0.000 0.004 0.008 0.048 0.000 0.000 0.003 0.000 0.001 0.000 0.000 0.000 0.009 0.068 0.013 0.000 0.007 0.007 0.000 0.645 0.234 0.001 0.005 0.053 0.105 
43 spoon_vis 30 0.984 0.000 0.208 0.779 0.003 0.556 0.000 0.000 0.000 0.885 0.001 0.000 0.000 0.000 0.012 0.000 0.000 0.000 0.000 0.100 0.496 0.268 0.803 0.000 0.000 0.000 0.043 0.010 0.000 0.001 0.000 0.000 0.817 0.001 0.002 0.000 0.000 0.001 0.001 0.000 0.001 0.001 0.000 0.000 0.000 0.000 0.000 0.000 0.000 0.012 0.000 0.002 0.000 0.002 0.044 0.967 0.003 0.000 
44 tongs_vis 30 0.001 0.000 0.042 0.011 0.001 0.995 0.070 0.000 0.023 0.991 0.000 0.000 0.000 0.000 0.000 0.001 0.000 0.662 0.000 0.027 0.084 0.001 0.000 0.269 0.000 0.301 0.007 0.001 0.001 0.000 0.008 0.000 0.000 0.000 0.000 0.575 0.001 0.011 0.016 0.001 0.000 0.001 0.001 0.001 0.000 0.000 0.000 0.003 0.726 0.004 0.228 0.001 0.504 0.000 0.988 0.004 0.173 0.056 
45 ladle_vis 30 0.992 0.000 0.217 0.801 0.008 0.357 0.000 0.000 0.000 0.768 0.002 0.000 0.000 0.001 0.020 0.000 0.000 0.000 0.000 0.107 0.557 0.272 0.822 0.000 0.000 0.000 0.044 0.009 0.000 0.002 0.000 0.000 0.896 0.001 0.001 0.000 0.000 0.000 0.000 0.000 0.001 0.001 0.000 0.000 0.000 0.000 0.000 0.000 0.000 0.013 0.000 0.002 0.000 0.001 0.036 0.961 0.002 0.000 
46 knife_vis 30 0.784 0.000 0.018 0.004 0.031 0.924 0.003 0.000 0.002 0.473 0.005 0.000 0.000 0.000 0.064 0.000 0.001 0.000 0.000 0.006 0.021 0.101 0.143 0.000 0.000 0.000 0.001 0.004 0.000 0.001 0.000 0.000 0.354 0.002 0.010 0.000 0.000 0.004 0.001 0.000 0.001 0.001 0.000 0.000 0.000 0.000 0.000 0.000 0.000 0.035 0.000 0.004 0.000 0.080 0.001 0.455 0.010 0.003 
47 chopsticks_vis 30 0.002 0.000 0.027 0.001 0.001 0.995 0.044 0.000 0.020 0.992 0.000 0.000 0.000 0.000 0.001 0.000 0.002 0.015 0.000 0.003 0.009 0.003 0.001 0.001 0.001 0.000 0.000 0.001 0.000 0.001 0.001 0.000 0.000 0.000 0.001 0.016 0.002 0.008 0.003 0.001 0.000 0.001 0.000 0.000 0.000 0.000 0.000 0.009 0.006 0.015 0.002 0.002 0.119 0.016 0.468 0.010 0.128 0.137 
0 beaver_vis 30 0.994 0.989 0.016 0.000 0.016 0.001 0.000 0.000 0.006 0.000 0.940 0.699 0.118 0.004 0.020 0.002 0.000 0.000 0.000 0.325 0.000 0.004 0.001 0.000 0.000 0.000 0.003 0.000 0.000 0.001 0.001 0.002 0.023 0.009 0.000 0.000 0.000 0.000 0.000 0.000 0.000 0.001 0.000 0.000 0.001 0.000 0.003 0.000 0.000 0.001 0.002 0.000 0.000 0.000 0.000 0.000 0.000 0.000 
1 bear_vis 30 0.993 0.990 0.031 0.000 0.038 0.001 0.000 0.000 0.013 0.000 0.697 0.973 0.178 0.001 0.001 0.032 0.000 0.001 0.000 0.587 0.000 0.001 0.000 0.000 0.000 0.000 0.003 0.000 0.001 0.001 0.000 0.016 0.013 0.000 0.000 0.000 0.000 0.000 0.000 0.000 0.000 0.001 0.000 0.000 0.000 0.001 0.010 0.000 0.000 0.001 0.131 0.000 0.000 0.000 0.000 0.000 0.000 0.000 
2 sheep_vis 30 0.995 0.991 0.523 0.001 0.849 0.001 0.000 0.000 0.000 0.000 0.926 0.979 0.928 0.000 0.001 0.018 0.000 0.001 0.003 0.391 0.000 0.039 0.000 0.000 0.010 0.001 0.008 0.000 0.000 0.001 0.001 0.639 0.044 0.043 0.000 0.000 0.000 0.000 0.000 0.000 0.000 0.001 0.000 0.000 0.000 0.000 0.000 0.000 0.000 0.001 0.002 0.000 0.000 0.000 0.000 0.000 0.000 0.000 
3 buffalo_vis 30 0.995 0.982 0.010 0.000 0.015 0.002 0.000 0.000 0.010 0.000 0.004 0.000 0.001 0.794 0.013 0.047 0.001 0.000 0.000 0.000 0.002 0.000 0.000 0.000 0.000 0.000 0.000 0.000 0.001 0.001 0.205 0.000 0.052 0.000 0.000 0.000 0.000 0.000 0.000 0.000 0.000 0.001 0.000 0.000 0.000 0.000 0.000 0.114 0.000 0.001 0.000 0.003 0.000 0.000 0.000 0.000 0.000 0.000 
4 poodle_vis 30 0.994 0.986 0.015 0.000 0.016 0.001 0.000 0.000 0.008 0.000 0.568 0.347 0.027 0.013 0.031 0.017 0.000 0.000 0.000 0.057 0.001 0.003 0.001 0.000 0.000 0.000 0.001 0.000 0.000 0.001 0.002 0.000 0.034 0.010 0.000 0.000 0.000 0.000 0.000 0.000 0.000 0.001 0.000 0.000 0.000 0.000 0.002 0.001 0.000 0.001 0.000 0.000 0.000 0.000 0.000 0.000 0.000 0.000 
5 giraffe_vis 30 0.995 0.989 0.042 0.000 0.144 0.001 0.000 0.000 0.023 0.000 0.069 0.925 0.019 0.004 0.001 0.293 0.000 0.016 0.000 0.182 0.001 0.000 0.000 0.000 0.000 0.000 0.000 0.000 0.004 0.001 0.005 0.014 0.042 0.000 0.000 0.000 0.000 0.000 0.000 0.000 0.000 0.001 0.000 0.000 0.000 0.002 0.004 0.001 0.001 0.001 0.418 0.000 0.001 0.000 0.000 0.000 0.000 0.000 
6 robin_vis 30 0.995 0.993 0.907 0.000 0.485 0.001 0.000 0.000 0.000 0.000 0.900 0.907 0.946 0.032 0.968 0.005 0.006 0.000 0.001 0.016 0.002 0.920 0.012 0.000 0.064 0.000 0.000 0.000 0.001 0.581 0.000 0.000 0.069 0.009 0.000 0.000 0.000 0.000 0.000 0.005 0.000 0.790 0.000 0.000 0.000 0.003 0.702 0.000 0.000 0.522 0.000 0.000 0.000 0.168 0.000 0.000 0.000 0.012 
7 swan_vis 30 0.995 0.991 0.621 0.000 0.038 0.001 0.000 0.000 0.001 0.000 0.923 0.926 0.709 0.010 0.164 0.013 0.003 0.001 0.001 0.304 0.001 0.249 0.001 0.000 0.001 0.000 0.001 0.000 0.000 0.005 0.001 0.002 0.024 0.016 0.000 0.000 0.000 0.000 0.000 0.000 0.000 0.002 0.000 0.000 0.002 0.001 0.011 0.000 0.000 0.001 0.001 0.000 0.000 0.001 0.000 0.000 0.000 0.000 
8 woodpecker_vis 30 0.965 0.990 0.230 0.000 0.002 0.001 0.000 0.000 0.007 0.000 0.617 0.956 0.551 0.001 0.004 0.057 0.007 0.002 0.056 0.065 0.000 0.032 0.000 0.000 0.001 0.000 0.001 0.000 0.000 0.001 0.000 0.001 0.001 0.001 0.000 0.000 0.001 0.000 0.000 0.012 0.000 0.019 0.000 0.000 0.002 0.020 0.642 0.011 0.000 0.001 0.154 0.000 0.002 0.008 0.000 0.000 0.000 0.019 
9 peacock_vis 30 0.995 0.992 0.805 0.000 0.247 0.001 0.000 0.000 0.001 0.000 0.972 0.968 0.865 0.003 0.022 0.066 0.001 0.005 0.004 0.643 0.000 0.267 0.001 0.000 0.004 0.000 0.003 0.000 0.000 0.001 0.001 0.065 0.053 0.011 0.000 0.000 0.000 0.000 0.000 0.000 0.000 0.002 0.000 0.000 0.000 0.001 0.019 0.000 0.000 0.001 0.001 0.000 0.000 0.000 0.000 0.000 0.000 0.000 
10 crow_vis 30 0.995 0.991 0.813 0.000 0.344 0.001 0.000 0.000 0.000 0.000 0.557 0.025 0.610 0.735 0.988 0.006 0.190 0.000 0.000 0.000 0.048 0.790 0.104 0.000 0.001 0.000 0.000 0.004 0.001 0.935 0.003 0.000 0.270 0.026 0.009 0.000 0.000 0.000 0.000 0.000 0.000 0.113 0.000 0.001 0.000 0.000 0.046 0.001 0.000 0.100 0.000 0.005 0.000 0.521 0.000 0.001 0.005 0.000 
11 eagle_vis 30 0.995 0.990 0.044 0.000 0.014 0.001 0.000 0.000 0.001 0.000 0.980 0.052 0.058 0.038 0.247 0.000 0.001 0.000 0.000 0.034 0.000 0.027 0.001 0.000 0.000 0.000 0.001 0.000 0.000 0.001 0.002 0.000 0.064 0.074 0.000 0.000 0.000 0.000 0.000 0.000 0.000 0.001 0.000 0.000 0.005 0.000 0.000 0.001 0.000 0.001 0.000 0.000 0.000 0.000 0.000 0.000 0.000 0.000 
12 tuna_vis 30 0.994 0.033 0.001 0.004 0.987 0.022 0.000 0.005 0.001 0.000 0.122 0.000 0.006 0.025 0.131 0.000 0.000 0.000 0.000 0.003 0.007 0.002 0.179 0.000 0.000 0.000 0.013 0.001 0.000 0.072 0.008 0.004 0.594 0.859 0.000 0.000 0.000 0.000 0.000 0.000 0.007 0.001 0.000 0.000 0.004 0.000 0.000 0.000 0.000 0.003 0.000 0.047 0.000 0.000 0.000 0.007 0.000 0.000 
13 goldfish_vis 30 0.980 0.370 0.004 0.005 0.970 0.001 0.000 0.000 0.061 0.000 0.111 0.578 0.003 0.015 0.001 0.046 0.000 0.044 0.000 0.616 0.044 0.001 0.001 0.005 0.000 0.064 0.115 0.000 0.048 0.001 0.138 0.746 0.906 0.005 0.000 0.000 0.000 0.000 0.000 0.000 0.000 0.001 0.000 0.000 0.000 0.000 0.000 0.000 0.565 0.002 0.193 0.000 0.000 0.000 0.038 0.000 0.000 0.000 
14 salmon_vis 30 0.994 0.003 0.874 0.889 0.032 0.001 0.000 0.000 0.000 0.011 0.016 0.015 0.001 0.000 0.001 0.000 0.000 0.141 0.000 0.972 0.091 0.006 0.003 0.003 0.001 0.895 0.931 0.000 0.000 0.001 0.002 0.268 0.748 0.001 0.000 0.000 0.000 0.000 0.000 0.000 0.000 0.001 0.000 0.000 0.000 0.000 0.000 0.000 0.001 0.001 0.006 0.000 0.000 0.000 0.896 0.001 0.000 0.000 
15 sardine_vis 30 0.994 0.901 0.111 0.792 0.988 0.001 0.000 0.000 0.001 0.000 0.502 0.801 0.479 0.003 0.001 0.003 0.000 0.020 0.000 0.546 0.060 0.005 0.021 0.005 0.140 0.450 0.676 0.000 0.007 0.003 0.276 0.970 0.951 0.663 0.000 0.000 0.000 0.000 0.000 0.000 0.000 0.001 0.000 0.000 0.000 0.000 0.000 0.000 0.021 0.001 0.012 0.000 0.000 0.000 0.008 0.000 0.000 0.000 
16 catfish_vis 30 0.995 0.964 0.505 0.001 0.199 0.001 0.000 0.000 0.002 0.000 0.908 0.947 0.793 0.001 0.020 0.042 0.001 0.002 0.013 0.425 0.001 0.119 0.001 0.000 0.010 0.001 0.011 0.000 0.001 0.005 0.001 0.060 0.070 0.019 0.000 0.000 0.000 0.000 0.000 0.001 0.000 0.008 0.000 0.000 0.003 0.003 0.011 0.000 0.001 0.001 0.002 0.000 0.000 0.000 0.000 0.000 0.000 0.000 
17 cod_vis 30 0.994 0.014 0.001 0.003 0.991 0.332 0.000 0.000 0.164 0.000 0.081 0.000 0.001 0.034 0.619 0.000 0.000 0.000 0.000 0.002 0.079 0.007 0.300 0.000 0.000 0.000 0.002 0.001 0.000 0.062 0.000 0.001 0.984 0.439 0.000 0.000 0.000 0.000 0.000 0.000 0.001 0.001 0.000 0.000 0.000 0.000 0.000 0.000 0.003 0.326 0.000 0.132 0.000 0.000 0.000 0.072 0.000 0.000 
18 turtle_vis 30 0.974 0.051 0.000 0.002 0.990 0.002 0.000 0.030 0.001 0.000 0.000 0.000 0.003 0.002 0.001 0.327 0.000 0.003 0.000 0.000 0.003 0.000 0.000 0.061 0.000 0.003 0.000 0.000 0.913 0.005 0.743 0.611 0.023 0.000 0.000 0.007 0.000 0.000 0.000 0.000 0.000 0.000 0.004 0.008 0.000 0.049 0.000 0.000 0.071 0.001 0.004 0.000 0.000 0.000 0.000 0.000 0.000 0.000 
19 rattlesnake_vis 30 0.991 0.014 0.000 0.001 0.992 0.469 0.000 0.012 0.027 0.000 0.001 0.000 0.001 0.149 0.022 0.001 0.000 0.000 0.000 0.000 0.077 0.000 0.002 0.001 0.000 0.000 0.000 0.001 0.322 0.132 0.024 0.003 0.399 0.003 0.000 0.001 0.000 0.000 0.000 0.000 0.000 0.001 0.000 0.003 0.000 0.001 0.000 0.000 0.027 0.018 0.000 0.135 0.000 0.000 0.000 0.001 0.000 0.000 
20 crab_vis 30 0.994 0.034 0.000 0.022 0.992 0.001 0.000 0.002 0.000 0.000 0.045 0.000 0.005 0.003 0.002 0.000 0.000 0.000 0.000 0.001 0.001 0.000 0.018 0.000 0.000 0.000 0.504 0.000 0.000 0.003 0.367 0.615 0.359 0.962 0.000 0.000 0.000 0.000 0.000 0.000 0.002 0.000 0.000 0.000 0.021 0.000 0.000 0.000 0.000 0.001 0.000 0.002 0.000 0.000 0.000 0.000 0.000 0.000 
21 frog_vis 30 0.992 0.386 0.000 0.353 0.994 0.001 0.000 0.001 0.000 0.000 0.011 0.033 0.195 0.000 0.001 0.000 0.000 0.000 0.000 0.045 0.000 0.000 0.001 0.000 0.018 0.426 0.864 0.000 0.005 0.001 0.070 0.987 0.210 0.701 0.000 0.000 0.000 0.000 0.000 0.000 0.000 0.001 0.018 0.000 0.000 0.000 0.000 0.000 0.000 0.001 0.006 0.000 0.000 0.000 0.000 0.000 0.000 0.000 
22 gecko_vis 30 0.995 0.053 0.000 0.014 0.992 0.002 0.000 0.000 0.001 0.000 0.123 0.000 0.001 0.010 0.009 0.000 0.000 0.000 0.000 0.003 0.003 0.001 0.032 0.000 0.000 0.000 0.349 0.000 0.000 0.002 0.198 0.500 0.916 0.942 0.000 0.000 0.000 0.000 0.000 0.000 0.000 0.001 0.000 0.000 0.000 0.000 0.000 0.000 0.000 0.001 0.000 0.014 0.000 0.000 0.000 0.001 0.000 0.000 
23 crocodile_vis 30 0.995 0.020 0.000 0.011 0.993 0.001 0.000 0.000 0.000 0.000 0.016 0.000 0.002 0.001 0.002 0.000 0.000 0.000 0.000 0.001 0.001 0.000 0.028 0.000 0.000 0.000 0.045 0.000 0.000 0.003 0.011 0.261 0.826 0.960 0.000 0.000 0.000 0.000 0.000 0.000 0.000 0.000 0.000 0.000 0.000 0.000 0.000 0.000 0.000 0.001 0.000 0.001 0.000 0.000 0.000 0.000 0.000 0.000 
24 axe_vis 30 0.005 0.000 0.000 0.000 0.001 0.994 0.970 0.104 0.000 0.003 0.000 0.000 0.000 0.000 0.001 0.000 0.001 0.000 0.000 0.000 0.000 0.001 0.001 0.000 0.001 0.000 0.000 0.001 0.000 0.001 0.000 0.000 0.000 0.000 0.944 0.001 0.056 0.002 0.005 0.007 0.002 0.013 0.000 0.000 0.116 0.000 0.000 0.000 0.000 0.003 0.000 0.000 0.000 0.159 0.000 0.001 0.001 0.000 
25 hammer_vis 30 0.001 0.000 0.000 0.000 0.001 0.995 0.982 0.070 0.000 0.019 0.000 0.000 0.000 0.000 0.000 0.000 0.000 0.000 0.001 0.000 0.000 0.000 0.000 0.001 0.001 0.000 0.000 0.001 0.001 0.001 0.000 0.000 0.000 0.000 0.001 0.355 0.204 0.025 0.004 0.176 0.000 0.003 0.001 0.003 0.000 0.097 0.000 0.000 0.000 0.002 0.001 0.000 0.035 0.000 0.001 0.000 0.001 0.000 
26 screwdriver_vis 30 0.003 0.000 0.000 0.000 0.001 0.995 0.966 0.093 0.000 0.027 0.000 0.000 0.000 0.000 0.001 0.000 0.001 0.000 0.000 0.000 0.000 0.000 0.000 0.000 0.000 0.000 0.000 0.018 0.001 0.002 0.000 0.000 0.000 0.000 0.007 0.022 0.215 0.622 0.002 0.001 0.003 0.003 0.000 0.035 0.000 0.005 0.000 0.000 0.000 0.004 0.000 0.001 0.001 0.000 0.000 0.000 0.025 0.000 
27 chisel_vis 30 0.003 0.000 0.000 0.000 0.001 0.995 0.971 0.115 0.000 0.003 0.000 0.000 0.000 0.000 0.001 0.000 0.001 0.000 0.000 0.000 0.000 0.001 0.001 0.000 0.001 0.000 0.000 0.001 0.001 0.001 0.000 0.000 0.000 0.000 0.864 0.001 0.078 0.002 0.004 0.008 0.002 0.012 0.000 0.001 0.061 0.001 0.000 0.000 0.000 0.003 0.000 0.000 0.000 0.096 0.000 0.000 0.001 0.000 
28 saw_vis 30 0.002 0.000 0.000 0.001 0.001 0.995 0.975 0.047 0.000 0.021 0.000 0.000 0.000 0.000 0.000 0.000 0.001 0.000 0.001 0.000 0.000 0.000 0.000 0.000 0.001 0.000 0.000 0.006 0.001 0.001 0.000 0.000 0.000 0.000 0.006 0.020 0.333 0.437 0.002 0.010 0.001 0.002 0.000 0.015 0.000 0.013 0.000 0.000 0.000 0.002 0.000 0.000 0.006 0.000 0.000 0.000 0.012 0.000 
29 drill_vis 30 0.001 0.000 0.000 0.000 0.000 0.995 0.966 0.037 0.001 0.071 0.000 0.000 0.000 0.000 0.000 0.000 0.000 0.001 0.004 0.000 0.001 0.000 0.000 0.003 0.000 0.000 0.000 0.000 0.003 0.000 0.000 0.000 0.000 0.000 0.000 0.738 0.417 0.001 0.001 0.508 0.000 0.002 0.000 0.002 0.000 0.532 0.000 0.000 0.001 0.004 0.006 0.000 0.351 0.000 0.007 0.000 0.007 0.002 
30 clamp_vis 30 0.001 0.000 0.000 0.000 0.129 0.995 0.071 0.992 0.040 0.000 0.000 0.000 0.001 0.000 0.002 0.000 0.000 0.000 0.000 0.000 0.000 0.000 0.001 0.000 0.001 0.000 0.000 0.001 0.001 0.068 0.000 0.000 0.000 0.024 0.006 0.004 0.002 0.078 0.010 0.001 0.930 0.114 0.147 0.231 0.017 0.002 0.000 0.000 0.000 0.031 0.000 0.075 0.000 0.000 0.000 0.000 0.000 0.000 
31 hoe_vis 30 0.992 0.173 0.000 0.115 0.986 0.054 0.000 0.000 0.036 0.001 0.031 0.000 0.017 0.008 0.304 0.000 0.000 0.000 0.000 0.001 0.030 0.005 0.500 0.000 0.003 0.000 0.002 0.003 0.000 0.332 0.001 0.024 0.966 0.788 0.000 0.000 0.000 0.000 0.000 0.000 0.004 0.003 0.000 0.000 0.000 0.000 0.000 0.000 0.001 0.077 0.000 0.023 0.000 0.001 0.000 0.028 0.001 0.000 
32 rake_vis 30 0.001 0.000 0.000 0.000 0.035 0.994 0.000 0.089 0.989 0.105 0.001 0.001 0.000 0.001 0.005 0.000 0.000 0.000 0.000 0.001 0.001 0.000 0.001 0.000 0.000 0.000 0.002 0.000 0.001 0.001 0.000 0.000 0.045 0.002 0.000 0.009 0.000 0.000 0.001 0.000 0.005 0.027 0.031 0.001 0.000 0.001 0.020 0.002 0.815 0.699 0.323 0.220 0.001 0.001 0.076 0.009 0.001 0.036 
33 shovel_vis 30 0.001 0.000 0.000 0.000 0.025 0.994 0.000 0.152 0.990 0.129 0.001 0.000 0.000 0.002 0.215 0.000 0.000 0.000 0.000 0.000 0.001 0.001 0.006 0.000 0.000 0.000 0.000 0.000 0.001 0.003 0.000 0.000 0.075 0.004 0.000 0.001 0.000 0.001 0.000 0.000 0.043 0.031 0.001 0.001 0.000 0.000 0.007 0.001 0.177 0.941 0.002 0.656 0.000 0.006 0.001 0.131 0.005 0.003 
34 spade_vis 30 0.008 0.003 0.002 0.000 0.001 0.994 0.004 0.037 0.562 0.586 0.002 0.000 0.000 0.000 0.147 0.000 0.011 0.000 0.000 0.000 0.001 0.072 0.001 0.000 0.000 0.000 0.000 0.000 0.000 0.002 0.000 0.000 0.001 0.000 0.098 0.000 0.003 0.000 0.000 0.000 0.000 0.064 0.000 0.000 0.000 0.000 0.170 0.006 0.000 0.237 0.000 0.002 0.001 0.788 0.000 0.015 0.001 0.070 
35 wrench_vis 30 0.953 0.897 0.039 0.001 0.790 0.103 0.000 0.001 0.123 0.001 0.567 0.035 0.005 0.060 0.823 0.000 0.000 0.000 0.000 0.001 0.066 0.186 0.067 0.000 0.000 0.000 0.000 0.000 0.000 0.012 0.000 0.000 0.791 0.101 0.000 0.000 0.000 0.000 0.000 0.000 0.001 0.004 0.000 0.000 0.000 0.000 0.001 0.000 0.000 0.057 0.000 0.005 0.000 0.002 0.000 0.004 0.001 0.000 
36 accordion_vis 30 0.005 0.066 0.000 0.000 0.001 0.994 0.000 0.078 0.986 0.001 0.079 0.000 0.001 0.005 0.142 0.000 0.008 0.000 0.000 0.000 0.001 0.001 0.000 0.000 0.000 0.000 0.000 0.000 0.001 0.001 0.000 0.000 0.000 0.001 0.001 0.000 0.002 0.000 0.000 0.000 0.000 0.003 0.000 0.002 0.036 0.001 0.158 0.752 0.000 0.019 0.000 0.018 0.001 0.261 0.000 0.000 0.004 0.000 
37 cello_vis 30 0.001 0.001 0.000 0.000 0.003 0.995 0.000 0.040 0.989 0.016 0.009 0.000 0.000 0.042 0.013 0.002 0.000 0.000 0.000 0.001 0.001 0.000 0.003 0.000 0.000 0.000 0.008 0.000 0.001 0.001 0.031 0.000 0.052 0.035 0.000 0.001 0.000 0.002 0.000 0.000 0.036 0.001 0.000 0.003 0.012 0.001 0.002 0.147 0.051 0.004 0.001 0.876 0.002 0.001 0.000 0.032 0.002 0.000 
38 flute_vis 30 0.001 0.000 0.000 0.000 0.015 0.995 0.000 0.052 0.991 0.045 0.004 0.000 0.000 0.023 0.017 0.001 0.000 0.000 0.000 0.001 0.002 0.000 0.004 0.000 0.000 0.000 0.006 0.001 0.002 0.001 0.011 0.000 0.100 0.027 0.000 0.002 0.000 0.003 0.000 0.000 0.051 0.002 0.001 0.003 0.003 0.001 0.003 0.036 0.295 0.148 0.011 0.846 0.001 0.001 0.002 0.060 0.003 0.001 
39 guitar_vis 30 0.961 0.011 0.000 0.001 0.955 0.525 0.000 0.001 0.299 0.001 0.040 0.000 0.000 0.017 0.555 0.000 0.000 0.000 0.000 0.001 0.031 0.004 0.190 0.000 0.000 0.000 0.001 0.001 0.000 0.051 0.000 0.001 0.949 0.378 0.000 0.000 0.000 0.000 0.000 0.000 0.001 0.002 0.000 0.000 0.000 0.000 0.001 0.000 0.002 0.392 0.000 0.094 0.000 0.001 0.000 0.043 0.002 0.000 
40 piano_vis 30 0.002 0.001 0.000 0.000 0.005 0.995 0.000 0.034 0.991 0.017 0.003 0.000 0.000 0.015 0.019 0.001 0.000 0.000 0.000 0.000 0.001 0.000 0.002 0.000 0.000 0.000 0.002 0.000 0.001 0.001 0.002 0.000 0.049 0.011 0.000 0.001 0.000 0.001 0.000 0.000 0.013 0.001 0.000 0.002 0.001 0.001 0.020 0.045 0.053 0.017 0.001 0.779 0.002 0.001 0.000 0.023 0.003 0.000 
41 trumpet_vis 30 0.001 0.000 0.000 0.000 0.006 0.995 0.000 0.070 0.990 0.035 0.004 0.000 0.000 0.015 0.049 0.000 0.000 0.000 0.000 0.000 0.001 0.000 0.004 0.000 0.000 0.000 0.002 0.000 0.001 0.001 0.002 0.000 0.060 0.018 0.000 0.000 0.000 0.001 0.000 0.000 0.040 0.001 0.000 0.001 0.002 0.000 0.001 0.028 0.058 0.048 0.000 0.924 0.000 0.001 0.000 0.058 0.002 0.000 
42 fork_vis 30 0.868 0.000 0.575 0.000 0.001 0.659 0.003 0.000 0.001 0.483 0.000 0.000 0.000 0.000 0.006 0.000 0.004 0.000 0.000 0.001 0.002 0.088 0.001 0.000 0.000 0.000 0.000 0.001 0.000 0.001 0.000 0.000 0.001 0.000 0.003 0.000 0.001 0.001 0.000 0.000 0.000 0.001 0.000 0.000 0.000 0.000 0.000 0.000 0.000 0.004 0.000 0.000 0.001 0.135 0.000 0.010 0.006 0.003 
43 spoon_vis 30 0.991 0.000 0.227 0.798 0.003 0.478 0.000 0.000 0.000 0.858 0.002 0.000 0.000 0.000 0.014 0.000 0.000 0.000 0.000 0.104 0.515 0.281 0.814 0.000 0.000 0.000 0.043 0.010 0.000 0.002 0.000 0.000 0.846 0.001 0.001 0.000 0.000 0.000 0.000 0.000 0.000 0.001 0.000 0.000 0.000 0.000 0.000 0.000 0.000 0.011 0.000 0.002 0.000 0.001 0.040 0.964 0.002 0.000 
44 tongs_vis 30 0.001 0.000 0.022 0.022 0.001 0.995 0.088 0.000 0.036 0.992 0.000 0.000 0.000 0.000 0.000 0.000 0.000 0.202 0.000 0.030 0.032 0.001 0.000 0.045 0.000 0.199 0.004 0.001 0.001 0.000 0.001 0.000 0.001 0.000 0.000 0.289 0.000 0.008 0.052 0.001 0.000 0.001 0.001 0.000 0.000 0.000 0.000 0.000 0.386 0.020 0.076 0.000 0.129 0.000 0.988 0.047 0.052 0.116 
45 ladle_vis 30 0.992 0.141 0.003 0.021 0.980 0.134 0.000 0.000 0.080 0.001 0.167 0.000 0.001 0.242 0.871 0.000 0.000 0.000 0.000 0.002 0.489 0.101 0.655 0.000 0.000 0.000 0.001 0.008 0.000 0.288 0.001 0.001 0.985 0.476 0.001 0.000 0.000 0.000 0.000 0.000 0.001 0.001 0.000 0.000 0.000 0.000 0.000 0.000 0.002 0.416 0.000 0.187 0.000 0.001 0.000 0.368 0.001 0.000 
46 knife_vis 30 0.991 0.000 0.430 0.056 0.001 0.225 0.000 0.000 0.000 0.579 0.005 0.000 0.000 0.000 0.015 0.000 0.000 0.000 0.000 0.066 0.033 0.424 0.286 0.000 0.000 0.000 0.005 0.002 0.000 0.001 0.000 0.000 0.174 0.000 0.001 0.000 0.000 0.000 0.000 0.000 0.000 0.001 0.000 0.000 0.000 0.000 0.000 0.000 0.000 0.007 0.000 0.001 0.000 0.001 0.001 0.535 0.002 0.000 
47 chopsticks_vis 30 0.003 0.000 0.007 0.001 0.001 0.995 0.025 0.000 0.017 0.991 0.000 0.000 0.000 0.000 0.002 0.000 0.003 0.000 0.000 0.002 0.001 0.066 0.001 0.000 0.000 0.000 0.000 0.000 0.000 0.001 0.000 0.000 0.000 0.000 0.025 0.001 0.001 0.000 0.002 0.001 0.000 0.001 0.000 0.000 0.000 0.000 0.001 0.000 0.000 0.023 0.000 0.000 0.001 0.825 0.018 0.040 0.002 0.503 
