0 beaver_vis 30 0.995 0.993 0.012 0.001 0.003 0.003 0.000 0.001 0.001 0.005 0.903 0.001 0.036 0.006 0.051 0.054 0.054 0.002 0.001 0.000 0.018 0.010 0.001 0.000 0.000 0.000 0.001 0.003 0.000 0.024 0.012 0.000 0.005 0.001 0.000 0.000 0.000 0.000 0.000 0.001 0.001 0.000 0.000 0.001 0.000 0.001 0.000 0.000 0.000 0.001 0.001 0.000 0.004 0.001 0.001 0.001 0.002 0.001 
1 bear_vis 30 0.995 0.963 0.134 0.105 0.000 0.003 0.000 0.001 0.001 0.007 0.002 0.535 0.004 0.089 0.003 0.037 0.000 0.007 0.040 0.001 0.001 0.004 0.005 0.005 0.002 0.000 0.000 0.002 0.000 0.000 0.001 0.000 0.000 0.000 0.000 0.000 0.000 0.000 0.000 0.003 0.000 0.001 0.000 0.000 0.000 0.001 0.001 0.000 0.001 0.002 0.000 0.000 0.000 0.014 0.006 0.001 0.002 0.000 
2 sheep_vis 30 0.995 0.871 0.360 0.016 0.001 0.003 0.000 0.001 0.001 0.006 0.015 0.137 0.042 0.011 0.003 0.148 0.004 0.003 0.478 0.001 0.001 0.012 0.004 0.001 0.001 0.003 0.000 0.001 0.000 0.002 0.001 0.000 0.002 0.001 0.000 0.000 0.000 0.000 0.000 0.002 0.000 0.001 0.000 0.000 0.000 0.001 0.001 0.000 0.000 0.001 0.001 0.000 0.001 0.004 0.003 0.001 0.001 0.001 
3 buffalo_vis 30 0.995 0.989 0.012 0.086 0.000 0.015 0.000 0.001 0.001 0.019 0.002 0.066 0.001 0.964 0.097 0.103 0.000 0.004 0.001 0.001 0.001 0.012 0.002 0.092 0.006 0.000 0.000 0.092 0.000 0.014 0.001 0.000 0.000 0.000 0.000 0.000 0.001 0.000 0.001 0.043 0.000 0.000 0.000 0.003 0.000 0.001 0.001 0.000 0.004 0.001 0.001 0.000 0.000 0.026 0.009 0.001 0.035 0.000 
4 poodle_vis 30 0.995 0.991 0.004 0.001 0.001 0.003 0.000 0.001 0.001 0.008 0.091 0.001 0.002 0.175 0.937 0.001 0.002 0.002 0.000 0.000 0.104 0.001 0.001 0.001 0.000 0.000 0.004 0.065 0.000 0.022 0.009 0.000 0.000 0.000 0.000 0.000 0.001 0.000 0.000 0.038 0.000 0.000 0.000 0.007 0.000 0.000 0.000 0.000 0.001 0.001 0.001 0.000 0.001 0.001 0.001 0.000 0.050 0.000 
5 giraffe_vis 30 0.995 0.492 0.003 0.830 0.000 0.005 0.000 0.001 0.001 0.009 0.002 0.013 0.000 0.192 0.008 0.047 0.000 0.004 0.000 0.000 0.000 0.001 0.011 0.015 0.019 0.000 0.000 0.089 0.000 0.006 0.001 0.000 0.000 0.000 0.000 0.000 0.000 0.000 0.000 0.004 0.000 0.000 0.000 0.004 0.000 0.001 0.001 0.000 0.003 0.002 0.001 0.000 0.000 0.013 0.004 0.001 0.009 0.000 
6 robin_vis 30 0.995 0.002 0.990 0.001 0.046 0.002 0.002 0.001 0.001 0.001 0.003 0.000 0.003 0.000 0.000 0.001 0.969 0.002 0.031 0.046 0.077 0.014 0.000 0.000 0.000 0.001 0.000 0.000 0.000 0.093 0.000 0.112 0.000 0.001 0.015 0.000 0.001 0.000 0.001 0.009 0.002 0.000 0.000 0.002 0.000 0.000 0.001 0.001 0.000 0.000 0.066 0.000 0.004 0.000 0.000 0.000 0.000 0.001 
7 swan_vis 30 0.995 0.091 0.994 0.004 0.001 0.002 0.010 0.001 0.001 0.006 0.000 0.119 0.001 0.679 0.001 0.001 0.002 0.979 0.001 0.152 0.451 0.103 0.001 0.001 0.038 0.000 0.000 0.000 0.031 0.000 0.001 0.000 0.000 0.000 0.001 0.000 0.232 0.000 0.633 0.001 0.000 0.000 0.000 0.000 0.000 0.001 0.025 0.001 0.000 0.000 0.001 0.000 0.007 0.083 0.011 0.000 0.002 0.000 
8 woodpecker_vis 30 0.995 0.960 0.336 0.005 0.001 0.002 0.001 0.001 0.001 0.002 0.001 0.906 0.308 0.001 0.000 0.156 0.002 0.021 0.454 0.002 0.001 0.226 0.129 0.000 0.001 0.001 0.000 0.000 0.000 0.000 0.000 0.000 0.001 0.005 0.000 0.000 0.000 0.000 0.000 0.001 0.000 0.007 0.000 0.000 0.000 0.000 0.001 0.001 0.000 0.001 0.001 0.000 0.001 0.028 0.096 0.004 0.000 0.000 
9 peacock_vis 30 0.995 0.003 0.979 0.009 0.000 0.002 0.004 0.001 0.001 0.001 0.000 0.018 0.001 0.039 0.000 0.001 0.002 0.011 0.024 0.924 0.002 0.003 0.001 0.002 0.225 0.000 0.000 0.000 0.001 0.000 0.000 0.001 0.000 0.000 0.000 0.000 0.005 0.000 0.004 0.093 0.000 0.000 0.000 0.000 0.001 0.000 0.034 0.000 0.001 0.000 0.001 0.000 0.000 0.001 0.001 0.000 0.000 0.000 
10 crow_vis 30 0.995 0.007 0.994 0.072 0.001 0.003 0.182 0.001 0.001 0.001 0.000 0.018 0.000 0.827 0.000 0.000 0.003 0.978 0.001 0.943 0.553 0.002 0.000 0.010 0.451 0.000 0.000 0.000 0.153 0.000 0.000 0.000 0.000 0.000 0.001 0.000 0.653 0.000 0.914 0.001 0.000 0.000 0.000 0.000 0.000 0.000 0.200 0.001 0.001 0.000 0.002 0.000 0.001 0.003 0.001 0.000 0.001 0.000 
11 eagle_vis 30 0.995 0.060 0.984 0.001 0.004 0.002 0.002 0.001 0.001 0.005 0.001 0.031 0.025 0.001 0.000 0.006 0.016 0.063 0.124 0.001 0.004 0.934 0.005 0.000 0.000 0.000 0.000 0.000 0.001 0.001 0.000 0.000 0.000 0.023 0.001 0.000 0.001 0.000 0.001 0.001 0.000 0.001 0.000 0.000 0.000 0.000 0.001 0.000 0.000 0.000 0.001 0.000 0.049 0.066 0.064 0.002 0.000 0.001 
12 tuna_vis 30 0.996 0.859 0.029 0.083 0.002 0.002 0.000 0.001 0.001 0.002 0.004 0.317 0.135 0.001 0.002 0.069 0.001 0.006 0.080 0.000 0.001 0.035 0.117 0.001 0.006 0.003 0.001 0.002 0.000 0.001 0.003 0.000 0.007 0.003 0.000 0.000 0.000 0.000 0.000 0.002 0.000 0.004 0.001 0.000 0.001 0.001 0.001 0.000 0.000 0.001 0.000 0.000 0.001 0.004 0.026 0.003 0.000 0.000 
13 goldfish_vis 30 0.996 0.007 0.001 0.992 0.002 0.002 0.000 0.003 0.001 0.001 0.000 0.007 0.001 0.002 0.001 0.008 0.000 0.002 0.000 0.000 0.000 0.000 0.014 0.771 0.050 0.173 0.018 0.025 0.001 0.001 0.004 0.001 0.001 0.000 0.000 0.001 0.000 0.001 0.000 0.001 0.000 0.001 0.001 0.001 0.008 0.001 0.001 0.000 0.002 0.002 0.000 0.000 0.000 0.000 0.001 0.000 0.001 0.000 
14 salmon_vis 30 0.996 0.014 0.001 0.982 0.003 0.002 0.000 0.001 0.001 0.001 0.000 0.001 0.001 0.113 0.004 0.019 0.000 0.002 0.000 0.018 0.001 0.000 0.031 0.098 0.580 0.001 0.011 0.547 0.002 0.176 0.001 0.002 0.001 0.000 0.000 0.001 0.001 0.000 0.000 0.038 0.000 0.000 0.000 0.199 0.001 0.001 0.008 0.000 0.057 0.002 0.001 0.000 0.000 0.000 0.003 0.001 0.002 0.000 
15 sardine_vis 30 0.996 0.002 0.001 0.987 0.018 0.002 0.000 0.004 0.001 0.001 0.001 0.006 0.002 0.000 0.000 0.066 0.000 0.002 0.020 0.002 0.000 0.000 0.642 0.002 0.529 0.600 0.003 0.002 0.001 0.001 0.003 0.180 0.187 0.002 0.000 0.001 0.000 0.001 0.000 0.001 0.002 0.004 0.010 0.000 0.062 0.001 0.064 0.026 0.001 0.003 0.001 0.001 0.000 0.000 0.003 0.002 0.000 0.000 
16 catfish_vis 30 0.996 0.012 0.001 0.955 0.126 0.002 0.000 0.001 0.001 0.002 0.001 0.001 0.003 0.001 0.034 0.003 0.000 0.001 0.000 0.001 0.001 0.000 0.016 0.001 0.224 0.005 0.188 0.050 0.015 0.008 0.055 0.006 0.055 0.001 0.000 0.004 0.001 0.016 0.000 0.005 0.002 0.000 0.001 0.011 0.000 0.001 0.001 0.000 0.003 0.001 0.001 0.000 0.000 0.000 0.001 0.001 0.001 0.000 
17 cod_vis 30 0.996 0.002 0.000 0.992 0.003 0.002 0.000 0.009 0.001 0.001 0.000 0.001 0.000 0.108 0.001 0.060 0.000 0.001 0.000 0.397 0.000 0.000 0.015 0.395 0.950 0.002 0.019 0.247 0.002 0.079 0.002 0.027 0.001 0.000 0.000 0.002 0.000 0.001 0.000 0.045 0.000 0.001 0.000 0.698 0.002 0.001 0.060 0.000 0.412 0.003 0.001 0.000 0.000 0.000 0.001 0.001 0.001 0.000 
18 turtle_vis 30 0.996 0.001 0.019 0.022 0.990 0.002 0.001 0.001 0.001 0.004 0.001 0.000 0.001 0.001 0.025 0.000 0.001 0.178 0.000 0.000 0.204 0.001 0.006 0.000 0.011 0.001 0.038 0.009 0.930 0.001 0.798 0.001 0.083 0.009 0.000 0.012 0.038 0.134 0.001 0.001 0.000 0.000 0.001 0.000 0.000 0.003 0.000 0.001 0.001 0.001 0.010 0.001 0.016 0.001 0.002 0.001 0.008 0.004 
19 rattlesnake_vis 30 0.995 0.001 0.001 0.001 0.993 0.002 0.001 0.001 0.002 0.002 0.001 0.000 0.034 0.000 0.000 0.000 0.010 0.001 0.000 0.000 0.001 0.064 0.020 0.000 0.000 0.002 0.000 0.000 0.001 0.079 0.071 0.004 0.072 0.879 0.002 0.001 0.000 0.001 0.000 0.001 0.004 0.004 0.042 0.000 0.000 0.001 0.000 0.001 0.000 0.001 0.004 0.001 0.078 0.001 0.007 0.006 0.000 0.036 
20 crab_vis 30 0.996 0.006 0.001 0.003 0.983 0.002 0.000 0.001 0.001 0.005 0.001 0.000 0.006 0.000 0.024 0.000 0.000 0.002 0.000 0.000 0.012 0.002 0.005 0.000 0.001 0.000 0.009 0.012 0.052 0.006 0.468 0.000 0.003 0.016 0.000 0.001 0.001 0.018 0.000 0.008 0.000 0.001 0.001 0.000 0.000 0.001 0.000 0.000 0.000 0.001 0.003 0.000 0.016 0.001 0.003 0.001 0.002 0.001 
21 frog_vis 30 0.995 0.001 0.017 0.001 0.992 0.002 0.001 0.001 0.003 0.001 0.000 0.000 0.003 0.000 0.000 0.000 0.047 0.001 0.000 0.001 0.001 0.001 0.003 0.000 0.001 0.019 0.002 0.000 0.005 0.043 0.002 0.889 0.110 0.070 0.010 0.001 0.000 0.001 0.000 0.003 0.046 0.001 0.037 0.000 0.000 0.001 0.000 0.021 0.000 0.000 0.015 0.002 0.002 0.000 0.001 0.001 0.000 0.003 
22 gecko_vis 30 0.996 0.002 0.001 0.002 0.991 0.002 0.000 0.001 0.001 0.002 0.001 0.000 0.081 0.000 0.000 0.000 0.005 0.001 0.000 0.000 0.001 0.072 0.038 0.000 0.000 0.002 0.001 0.001 0.001 0.032 0.110 0.002 0.108 0.908 0.001 0.001 0.000 0.002 0.000 0.001 0.003 0.006 0.038 0.000 0.000 0.001 0.000 0.001 0.000 0.001 0.002 0.001 0.087 0.001 0.009 0.007 0.000 0.035 
23 crocodile_vis 30 0.996 0.001 0.002 0.001 0.992 0.002 0.001 0.001 0.001 0.003 0.001 0.000 0.064 0.000 0.000 0.000 0.007 0.001 0.000 0.000 0.001 0.083 0.031 0.000 0.000 0.002 0.001 0.001 0.001 0.041 0.107 0.002 0.109 0.919 0.001 0.001 0.000 0.001 0.000 0.001 0.003 0.005 0.045 0.000 0.000 0.001 0.000 0.001 0.000 0.001 0.002 0.001 0.097 0.001 0.009 0.007 0.000 0.049 
24 axe_vis 30 0.004 0.001 0.171 0.001 0.001 0.996 0.994 0.235 0.043 0.002 0.000 0.000 0.000 0.003 0.068 0.000 0.013 0.001 0.000 0.148 0.314 0.001 0.000 0.003 0.002 0.000 0.008 0.001 0.016 0.001 0.000 0.001 0.000 0.000 0.968 0.166 0.754 0.091 0.016 0.015 0.001 0.004 0.001 0.112 0.000 0.007 0.000 0.000 0.195 0.000 0.080 0.000 0.001 0.000 0.001 0.000 0.080 0.001 
25 hammer_vis 30 0.004 0.000 0.000 0.003 0.004 0.997 0.984 0.008 0.005 0.002 0.000 0.000 0.000 0.001 0.013 0.000 0.000 0.000 0.000 0.001 0.004 0.000 0.000 0.018 0.002 0.000 0.024 0.001 0.010 0.001 0.001 0.001 0.000 0.000 0.002 0.860 0.059 0.011 0.026 0.010 0.003 0.000 0.008 0.008 0.003 0.006 0.000 0.000 0.006 0.000 0.003 0.001 0.000 0.000 0.006 0.000 0.006 0.002 
26 screwdriver_vis 30 0.003 0.001 0.002 0.001 0.001 0.996 0.994 0.001 0.017 0.019 0.000 0.000 0.000 0.003 0.021 0.000 0.001 0.001 0.000 0.012 0.054 0.000 0.000 0.001 0.002 0.000 0.003 0.000 0.006 0.001 0.000 0.000 0.000 0.000 0.004 0.104 0.642 0.003 0.015 0.023 0.002 0.000 0.000 0.001 0.002 0.001 0.000 0.000 0.009 0.000 0.037 0.000 0.001 0.000 0.010 0.000 0.033 0.001 
27 chisel_vis 30 0.003 0.001 0.001 0.001 0.001 0.997 0.993 0.001 0.014 0.019 0.000 0.000 0.000 0.003 0.018 0.000 0.000 0.001 0.000 0.022 0.051 0.000 0.000 0.000 0.011 0.000 0.002 0.001 0.013 0.000 0.001 0.000 0.000 0.000 0.006 0.091 0.979 0.066 0.005 0.012 0.026 0.000 0.001 0.009 0.001 0.017 0.000 0.000 0.009 0.000 0.002 0.000 0.001 0.000 0.068 0.001 0.039 0.001 
28 saw_vis 30 0.007 0.001 0.001 0.001 0.003 0.995 0.992 0.003 0.002 0.005 0.000 0.000 0.000 0.001 0.015 0.000 0.001 0.001 0.000 0.007 0.016 0.000 0.000 0.007 0.002 0.000 0.006 0.000 0.010 0.001 0.000 0.001 0.000 0.000 0.005 0.381 0.109 0.004 0.048 0.141 0.001 0.000 0.004 0.003 0.004 0.001 0.000 0.000 0.004 0.000 0.009 0.000 0.000 0.000 0.007 0.000 0.007 0.001 
29 drill_vis 30 0.004 0.000 0.001 0.001 0.001 0.996 0.978 0.001 0.001 0.016 0.000 0.000 0.000 0.000 0.002 0.000 0.001 0.000 0.000 0.005 0.002 0.000 0.000 0.000 0.001 0.000 0.001 0.000 0.001 0.001 0.000 0.001 0.000 0.000 0.004 0.006 0.079 0.002 0.004 0.355 0.006 0.001 0.001 0.002 0.010 0.000 0.000 0.000 0.001 0.000 0.002 0.000 0.001 0.000 0.017 0.000 0.003 0.001 
30 clamp_vis 30 0.003 0.000 0.000 0.002 0.002 0.997 0.025 0.994 0.002 0.001 0.000 0.000 0.000 0.000 0.000 0.000 0.000 0.000 0.000 0.000 0.000 0.000 0.001 0.001 0.000 0.000 0.010 0.008 0.000 0.038 0.001 0.002 0.000 0.001 0.009 0.274 0.000 0.002 0.000 0.079 0.084 0.001 0.147 0.978 0.000 0.006 0.000 0.000 0.044 0.000 0.006 0.002 0.000 0.000 0.002 0.001 0.002 0.002 
31 hoe_vis 30 0.003 0.001 0.000 0.001 0.001 0.997 0.001 0.409 0.018 0.875 0.000 0.000 0.000 0.000 0.000 0.024 0.000 0.001 0.000 0.000 0.000 0.001 0.012 0.000 0.000 0.000 0.000 0.001 0.000 0.002 0.001 0.000 0.000 0.001 0.010 0.000 0.000 0.004 0.000 0.000 0.312 0.046 0.002 0.027 0.001 0.067 0.000 0.008 0.001 0.051 0.000 0.001 0.001 0.002 0.062 0.970 0.009 0.002 
32 rake_vis 30 0.003 0.000 0.000 0.001 0.003 0.996 0.026 0.957 0.002 0.017 0.000 0.000 0.000 0.000 0.000 0.000 0.012 0.000 0.001 0.000 0.000 0.002 0.001 0.000 0.000 0.004 0.000 0.001 0.000 0.013 0.001 0.012 0.000 0.003 0.029 0.010 0.000 0.001 0.001 0.144 0.012 0.001 0.949 0.015 0.002 0.003 0.000 0.000 0.001 0.000 0.003 0.002 0.000 0.000 0.019 0.001 0.000 0.020 
33 shovel_vis 30 0.003 0.000 0.000 0.001 0.001 0.997 0.031 0.994 0.001 0.002 0.000 0.000 0.000 0.000 0.000 0.000 0.000 0.000 0.000 0.000 0.000 0.000 0.001 0.001 0.000 0.000 0.007 0.015 0.000 0.019 0.001 0.001 0.000 0.001 0.044 0.080 0.000 0.006 0.000 0.095 0.050 0.004 0.078 0.987 0.000 0.018 0.000 0.000 0.071 0.001 0.002 0.002 0.000 0.000 0.002 0.003 0.005 0.002 
34 spade_vis 30 0.003 0.001 0.000 0.001 0.001 0.996 0.010 0.077 0.001 0.249 0.000 0.004 0.001 0.000 0.000 0.000 0.000 0.001 0.008 0.000 0.000 0.003 0.002 0.000 0.000 0.001 0.000 0.000 0.000 0.001 0.000 0.000 0.000 0.002 0.001 0.001 0.000 0.001 0.002 0.004 0.002 0.015 0.055 0.000 0.260 0.001 0.000 0.001 0.000 0.000 0.000 0.001 0.004 0.000 0.568 0.002 0.000 0.003 
35 wrench_vis 30 0.003 0.000 0.000 0.003 0.001 0.996 0.000 0.949 0.873 0.004 0.000 0.000 0.000 0.001 0.000 0.011 0.000 0.001 0.000 0.000 0.000 0.000 0.002 0.001 0.001 0.004 0.000 0.003 0.000 0.001 0.001 0.000 0.000 0.000 0.001 0.001 0.000 0.001 0.000 0.000 0.226 0.002 0.005 0.027 0.004 0.049 0.003 0.001 0.053 0.035 0.001 0.009 0.000 0.001 0.000 0.005 0.003 0.001 
36 accordion_vis 30 0.003 0.001 0.003 0.010 0.000 0.996 0.042 0.019 0.978 0.002 0.000 0.001 0.000 0.055 0.000 0.001 0.000 0.004 0.000 0.014 0.000 0.000 0.001 0.105 0.007 0.001 0.000 0.001 0.000 0.001 0.000 0.000 0.000 0.000 0.007 0.045 0.001 0.001 0.006 0.000 0.000 0.000 0.004 0.003 0.001 0.001 0.263 0.003 0.957 0.006 0.014 0.000 0.000 0.006 0.000 0.000 0.018 0.001 
37 cello_vis 30 0.004 0.001 0.003 0.001 0.001 0.996 0.200 0.001 0.981 0.008 0.000 0.000 0.000 0.002 0.003 0.000 0.004 0.002 0.000 0.001 0.009 0.000 0.001 0.001 0.001 0.001 0.006 0.000 0.001 0.001 0.001 0.001 0.001 0.000 0.004 0.624 0.005 0.000 0.002 0.001 0.001 0.000 0.026 0.001 0.000 0.001 0.044 0.017 0.225 0.002 0.929 0.001 0.000 0.002 0.000 0.001 0.030 0.109 
38 flute_vis 30 0.003 0.000 0.001 0.002 0.000 0.996 0.047 0.001 0.851 0.002 0.000 0.000 0.000 0.023 0.000 0.000 0.000 0.001 0.000 0.004 0.000 0.000 0.001 0.007 0.004 0.000 0.004 0.001 0.000 0.000 0.000 0.000 0.000 0.000 0.005 0.134 0.003 0.002 0.004 0.006 0.000 0.000 0.008 0.005 0.001 0.001 0.068 0.001 0.921 0.001 0.086 0.000 0.000 0.001 0.000 0.000 0.019 0.001 
39 guitar_vis 30 0.003 0.001 0.001 0.030 0.000 0.996 0.009 0.072 0.984 0.003 0.000 0.001 0.000 0.012 0.000 0.003 0.000 0.003 0.000 0.003 0.000 0.000 0.002 0.065 0.007 0.001 0.000 0.002 0.000 0.001 0.000 0.000 0.000 0.000 0.005 0.073 0.000 0.001 0.001 0.000 0.000 0.000 0.010 0.007 0.002 0.005 0.143 0.002 0.955 0.022 0.002 0.001 0.000 0.005 0.000 0.002 0.013 0.001 
40 piano_vis 30 0.004 0.002 0.007 0.001 0.001 0.995 0.659 0.001 0.945 0.004 0.000 0.000 0.000 0.015 0.058 0.000 0.002 0.001 0.000 0.002 0.113 0.000 0.000 0.011 0.001 0.000 0.012 0.000 0.002 0.001 0.000 0.000 0.000 0.000 0.005 0.578 0.020 0.000 0.011 0.002 0.000 0.000 0.002 0.000 0.000 0.000 0.015 0.002 0.325 0.001 0.977 0.000 0.000 0.002 0.000 0.000 0.158 0.005 
41 trumpet_vis 30 0.005 0.001 0.000 0.003 0.001 0.996 0.001 0.002 0.994 0.008 0.001 0.000 0.000 0.000 0.000 0.001 0.001 0.001 0.000 0.000 0.000 0.000 0.003 0.000 0.001 0.009 0.001 0.001 0.000 0.001 0.002 0.003 0.027 0.001 0.001 0.008 0.001 0.004 0.000 0.000 0.353 0.000 0.004 0.001 0.002 0.024 0.002 0.818 0.004 0.007 0.086 0.856 0.000 0.001 0.000 0.003 0.003 0.119 
42 fork_vis 30 0.004 0.025 0.002 0.001 0.001 0.996 0.002 0.001 0.165 0.992 0.005 0.001 0.000 0.214 0.000 0.038 0.000 0.033 0.001 0.000 0.001 0.004 0.007 0.000 0.000 0.000 0.000 0.000 0.000 0.005 0.001 0.000 0.000 0.003 0.003 0.000 0.003 0.000 0.004 0.000 0.000 0.000 0.001 0.000 0.000 0.010 0.077 0.686 0.000 0.065 0.003 0.000 0.030 0.878 0.014 0.065 0.305 0.035 
43 spoon_vis 30 0.003 0.006 0.001 0.001 0.001 0.997 0.001 0.001 0.002 0.991 0.000 0.000 0.000 0.055 0.000 0.002 0.000 0.001 0.000 0.000 0.001 0.001 0.001 0.000 0.000 0.000 0.000 0.001 0.000 0.004 0.001 0.000 0.000 0.001 0.002 0.000 0.005 0.000 0.003 0.002 0.000 0.000 0.000 0.003 0.000 0.001 0.004 0.001 0.002 0.002 0.004 0.000 0.002 0.110 0.013 0.042 0.318 0.005 
44 tongs_vis 30 0.005 0.004 0.000 0.001 0.009 0.996 0.052 0.008 0.001 0.993 0.000 0.001 0.026 0.000 0.000 0.000 0.002 0.000 0.000 0.000 0.001 0.018 0.002 0.000 0.000 0.000 0.000 0.001 0.000 0.004 0.002 0.000 0.000 0.047 0.012 0.001 0.005 0.003 0.000 0.036 0.024 0.003 0.021 0.001 0.001 0.002 0.000 0.001 0.000 0.000 0.001 0.001 0.167 0.001 0.923 0.017 0.003 0.403 
45 ladle_vis 30 0.002 0.003 0.001 0.001 0.001 0.997 0.001 0.001 0.040 0.968 0.000 0.001 0.000 0.001 0.000 0.004 0.001 0.001 0.002 0.000 0.000 0.002 0.002 0.000 0.000 0.000 0.000 0.000 0.000 0.001 0.001 0.000 0.000 0.001 0.341 0.000 0.001 0.001 0.001 0.000 0.010 0.059 0.000 0.001 0.000 0.001 0.000 0.005 0.002 0.529 0.001 0.000 0.048 0.173 0.002 0.943 0.034 0.003 
46 knife_vis 30 0.002 0.003 0.000 0.001 0.000 0.997 0.001 0.001 0.003 0.901 0.000 0.000 0.000 0.009 0.001 0.000 0.000 0.001 0.000 0.000 0.000 0.000 0.000 0.000 0.000 0.000 0.000 0.003 0.000 0.005 0.001 0.000 0.000 0.000 0.002 0.000 0.006 0.005 0.001 0.003 0.247 0.000 0.000 0.054 0.000 0.001 0.000 0.000 0.016 0.002 0.002 0.000 0.001 0.006 0.001 0.195 0.686 0.004 
47 chopsticks_vis 30 0.004 0.008 0.000 0.001 0.006 0.996 0.010 0.001 0.002 0.994 0.001 0.000 0.039 0.000 0.000 0.000 0.006 0.001 0.000 0.000 0.003 0.002 0.001 0.000 0.000 0.000 0.000 0.001 0.000 0.005 0.004 0.000 0.000 0.032 0.014 0.001 0.002 0.003 0.000 0.238 0.014 0.001 0.014 0.001 0.001 0.001 0.000 0.003 0.001 0.001 0.053 0.001 0.068 0.124 0.064 0.078 0.105 0.982 
0 beaver_vis 30 0.995 0.992 0.016 0.001 0.002 0.002 0.000 0.001 0.001 0.005 0.882 0.004 0.038 0.005 0.021 0.123 0.049 0.004 0.005 0.000 0.013 0.018 0.003 0.000 0.000 0.000 0.000 0.002 0.000 0.020 0.010 0.000 0.005 0.002 0.000 0.000 0.000 0.000 0.000 0.001 0.001 0.000 0.000 0.001 0.000 0.001 0.000 0.000 0.000 0.001 0.001 0.000 0.004 0.004 0.002 0.002 0.001 0.001 
1 bear_vis 30 0.995 0.993 0.024 0.009 0.000 0.002 0.000 0.001 0.001 0.006 0.002 0.941 0.418 0.004 0.000 0.139 0.000 0.007 0.447 0.000 0.000 0.001 0.017 0.001 0.001 0.003 0.000 0.001 0.000 0.000 0.001 0.000 0.002 0.001 0.000 0.000 0.000 0.000 0.000 0.000 0.000 0.006 0.000 0.000 0.000 0.001 0.001 0.000 0.000 0.006 0.000 0.000 0.000 0.054 0.001 0.001 0.000 0.000 
2 sheep_vis 30 0.995 0.987 0.237 0.007 0.001 0.002 0.000 0.001 0.001 0.008 0.003 0.911 0.314 0.003 0.000 0.283 0.001 0.020 0.421 0.000 0.000 0.230 0.162 0.000 0.001 0.001 0.000 0.000 0.000 0.000 0.001 0.000 0.002 0.007 0.000 0.000 0.000 0.000 0.000 0.001 0.000 0.007 0.000 0.000 0.000 0.001 0.001 0.000 0.000 0.002 0.001 0.000 0.001 0.044 0.105 0.005 0.000 0.001 
3 buffalo_vis 30 0.995 0.992 0.111 0.007 0.000 0.020 0.000 0.001 0.001 0.019 0.079 0.022 0.001 0.799 0.001 0.903 0.001 0.009 0.011 0.000 0.000 0.001 0.007 0.001 0.001 0.000 0.000 0.004 0.000 0.001 0.001 0.000 0.001 0.000 0.000 0.000 0.000 0.000 0.000 0.000 0.000 0.000 0.000 0.001 0.000 0.001 0.008 0.000 0.010 0.075 0.001 0.000 0.000 0.272 0.000 0.053 0.010 0.000 
4 poodle_vis 30 0.995 0.990 0.005 0.003 0.001 0.003 0.000 0.001 0.001 0.009 0.268 0.004 0.007 0.084 0.676 0.008 0.007 0.003 0.000 0.000 0.033 0.005 0.002 0.002 0.001 0.000 0.002 0.042 0.000 0.035 0.008 0.000 0.001 0.001 0.000 0.000 0.000 0.000 0.000 0.029 0.000 0.000 0.000 0.004 0.000 0.001 0.000 0.000 0.000 0.001 0.001 0.000 0.002 0.003 0.002 0.001 0.022 0.000 
5 giraffe_vis 30 0.995 0.993 0.312 0.005 0.000 0.007 0.000 0.001 0.001 0.007 0.143 0.039 0.002 0.179 0.000 0.972 0.001 0.017 0.014 0.000 0.000 0.001 0.010 0.001 0.001 0.001 0.000 0.001 0.000 0.000 0.001 0.000 0.002 0.001 0.000 0.000 0.000 0.000 0.000 0.000 0.000 0.000 0.000 0.001 0.000 0.001 0.002 0.000 0.002 0.269 0.000 0.000 0.000 0.111 0.000 0.262 0.001 0.000 
6 robin_vis 30 0.995 0.002 0.992 0.001 0.009 0.003 0.002 0.001 0.001 0.001 0.000 0.000 0.009 0.000 0.000 0.003 0.439 0.009 0.232 0.086 0.013 0.124 0.000 0.000 0.001 0.001 0.000 0.000 0.000 0.001 0.000 0.025 0.000 0.002 0.007 0.000 0.001 0.000 0.001 0.004 0.000 0.000 0.000 0.000 0.000 0.000 0.006 0.001 0.000 0.000 0.002 0.000 0.006 0.001 0.001 0.001 0.000 0.001 
7 swan_vis 30 0.995 0.354 0.994 0.002 0.003 0.002 0.007 0.001 0.001 0.011 0.026 0.037 0.001 0.314 0.000 0.066 0.004 0.988 0.002 0.061 0.205 0.540 0.007 0.001 0.013 0.000 0.000 0.000 0.008 0.000 0.002 0.000 0.000 0.001 0.001 0.000 0.036 0.000 0.172 0.000 0.000 0.000 0.000 0.000 0.000 0.008 0.021 0.001 0.000 0.001 0.001 0.000 0.037 0.233 0.029 0.001 0.001 0.001 
8 woodpecker_vis 30 0.995 0.005 0.991 0.001 0.001 0.002 0.001 0.001 0.001 0.001 0.000 0.016 0.005 0.001 0.000 0.013 0.026 0.031 0.755 0.191 0.001 0.202 0.002 0.000 0.004 0.001 0.000 0.000 0.000 0.000 0.000 0.006 0.000 0.001 0.001 0.000 0.000 0.000 0.001 0.004 0.000 0.001 0.000 0.000 0.001 0.000 0.045 0.002 0.000 0.000 0.001 0.000 0.001 0.004 0.007 0.001 0.000 0.000 
9 peacock_vis 30 0.995 0.001 0.993 0.001 0.001 0.002 0.002 0.001 0.001 0.001 0.000 0.005 0.001 0.004 0.000 0.002 0.007 0.066 0.119 0.818 0.002 0.011 0.001 0.000 0.039 0.001 0.000 0.000 0.001 0.000 0.000 0.005 0.000 0.000 0.001 0.000 0.002 0.000 0.003 0.015 0.000 0.000 0.000 0.000 0.000 0.000 0.088 0.001 0.000 0.000 0.001 0.000 0.000 0.001 0.002 0.000 0.000 0.000 
10 crow_vis 30 0.995 0.561 0.992 0.001 0.001 0.003 0.006 0.001 0.001 0.025 0.019 0.008 0.002 0.053 0.000 0.136 0.012 0.910 0.009 0.022 0.051 0.046 0.006 0.000 0.003 0.001 0.000 0.000 0.002 0.000 0.000 0.000 0.002 0.001 0.001 0.000 0.004 0.000 0.018 0.000 0.000 0.000 0.000 0.000 0.000 0.001 0.074 0.009 0.000 0.002 0.001 0.000 0.006 0.769 0.001 0.003 0.001 0.003 
11 eagle_vis 30 0.995 0.171 0.966 0.001 0.002 0.002 0.003 0.001 0.001 0.001 0.003 0.001 0.001 0.002 0.000 0.256 0.023 0.142 0.048 0.008 0.002 0.669 0.001 0.000 0.001 0.001 0.000 0.000 0.001 0.002 0.000 0.001 0.000 0.001 0.001 0.000 0.001 0.000 0.001 0.001 0.000 0.000 0.000 0.000 0.000 0.000 0.006 0.001 0.000 0.000 0.001 0.000 0.006 0.024 0.013 0.001 0.000 0.000 
12 tuna_vis 30 0.996 0.015 0.001 0.934 0.098 0.002 0.000 0.003 0.001 0.001 0.000 0.047 0.011 0.000 0.000 0.059 0.000 0.005 0.003 0.000 0.000 0.001 0.929 0.000 0.026 0.127 0.001 0.003 0.000 0.001 0.003 0.001 0.296 0.042 0.000 0.001 0.000 0.000 0.000 0.000 0.001 0.029 0.015 0.000 0.007 0.002 0.002 0.003 0.000 0.010 0.000 0.000 0.000 0.001 0.042 0.016 0.000 0.000 
13 goldfish_vis 30 0.996 0.004 0.000 0.993 0.002 0.002 0.000 0.001 0.001 0.001 0.000 0.026 0.001 0.001 0.000 0.002 0.000 0.002 0.000 0.000 0.000 0.000 0.019 0.860 0.063 0.126 0.066 0.013 0.000 0.000 0.002 0.000 0.001 0.001 0.000 0.001 0.000 0.001 0.000 0.001 0.000 0.002 0.001 0.000 0.047 0.002 0.001 0.000 0.001 0.004 0.000 0.000 0.000 0.000 0.001 0.000 0.000 0.000 
14 salmon_vis 30 0.996 0.001 0.001 0.993 0.002 0.002 0.000 0.001 0.001 0.000 0.000 0.003 0.000 0.004 0.000 0.001 0.000 0.001 0.000 0.046 0.000 0.000 0.048 0.038 0.964 0.003 0.019 0.005 0.002 0.000 0.001 0.008 0.001 0.000 0.000 0.001 0.000 0.001 0.000 0.021 0.000 0.000 0.000 0.001 0.015 0.001 0.025 0.000 0.029 0.001 0.000 0.000 0.000 0.000 0.001 0.000 0.000 0.000 
15 sardine_vis 30 0.996 0.002 0.001 0.921 0.023 0.002 0.000 0.002 0.002 0.001 0.000 0.001 0.040 0.000 0.000 0.002 0.001 0.001 0.005 0.000 0.000 0.000 0.011 0.007 0.003 0.955 0.556 0.001 0.001 0.001 0.001 0.047 0.491 0.001 0.000 0.001 0.000 0.000 0.000 0.000 0.001 0.004 0.031 0.000 0.006 0.001 0.000 0.001 0.000 0.001 0.000 0.029 0.000 0.000 0.000 0.000 0.000 0.000 
16 catfish_vis 30 0.996 0.003 0.000 0.962 0.088 0.002 0.000 0.001 0.001 0.001 0.000 0.000 0.003 0.000 0.014 0.000 0.000 0.002 0.000 0.000 0.000 0.000 0.006 0.007 0.031 0.019 0.939 0.022 0.012 0.001 0.025 0.004 0.077 0.002 0.000 0.003 0.000 0.010 0.000 0.007 0.000 0.001 0.001 0.001 0.001 0.001 0.000 0.000 0.002 0.001 0.001 0.001 0.000 0.000 0.001 0.000 0.000 0.000 
17 cod_vis 30 0.996 0.001 0.000 0.994 0.002 0.002 0.000 0.001 0.001 0.001 0.000 0.013 0.000 0.001 0.000 0.001 0.000 0.001 0.000 0.001 0.000 0.000 0.007 0.903 0.090 0.146 0.095 0.007 0.001 0.000 0.001 0.001 0.001 0.001 0.000 0.001 0.000 0.001 0.000 0.002 0.000 0.001 0.001 0.000 0.062 0.001 0.001 0.000 0.002 0.002 0.000 0.001 0.000 0.000 0.000 0.000 0.000 0.000 
18 turtle_vis 30 0.996 0.001 0.027 0.025 0.991 0.002 0.001 0.001 0.002 0.001 0.001 0.000 0.001 0.000 0.013 0.000 0.001 0.188 0.000 0.000 0.196 0.001 0.006 0.000 0.012 0.002 0.041 0.004 0.943 0.001 0.758 0.002 0.108 0.007 0.001 0.016 0.035 0.098 0.001 0.001 0.000 0.000 0.002 0.000 0.000 0.003 0.000 0.001 0.001 0.001 0.014 0.002 0.007 0.000 0.001 0.001 0.004 0.003 
19 rattlesnake_vis 30 0.995 0.000 0.007 0.001 0.992 0.002 0.001 0.001 0.004 0.001 0.000 0.000 0.008 0.000 0.000 0.000 0.023 0.001 0.000 0.000 0.001 0.003 0.006 0.000 0.001 0.013 0.001 0.000 0.003 0.035 0.004 0.344 0.098 0.259 0.004 0.001 0.000 0.001 0.000 0.001 0.027 0.001 0.024 0.000 0.000 0.001 0.000 0.013 0.000 0.001 0.006 0.003 0.014 0.000 0.002 0.002 0.000 0.003 
20 crab_vis 30 0.996 0.001 0.001 0.002 0.985 0.002 0.000 0.001 0.001 0.003 0.001 0.000 0.004 0.000 0.002 0.000 0.001 0.002 0.000 0.000 0.004 0.003 0.006 0.000 0.001 0.001 0.003 0.002 0.022 0.013 0.093 0.001 0.003 0.025 0.000 0.001 0.001 0.005 0.000 0.018 0.000 0.001 0.001 0.000 0.000 0.001 0.000 0.000 0.000 0.001 0.003 0.000 0.010 0.001 0.003 0.001 0.001 0.001 
21 frog_vis 30 0.995 0.000 0.023 0.001 0.992 0.002 0.001 0.001 0.006 0.000 0.000 0.000 0.002 0.000 0.000 0.000 0.073 0.001 0.000 0.001 0.000 0.001 0.002 0.000 0.002 0.036 0.002 0.000 0.006 0.049 0.001 0.960 0.121 0.045 0.016 0.001 0.000 0.000 0.000 0.004 0.078 0.001 0.052 0.001 0.000 0.000 0.001 0.035 0.000 0.000 0.016 0.003 0.001 0.000 0.001 0.001 0.000 0.001 
22 gecko_vis 30 0.996 0.001 0.002 0.001 0.992 0.002 0.001 0.001 0.001 0.001 0.000 0.000 0.042 0.000 0.000 0.000 0.008 0.001 0.000 0.000 0.001 0.034 0.021 0.000 0.001 0.003 0.001 0.000 0.001 0.035 0.027 0.010 0.077 0.800 0.001 0.001 0.000 0.001 0.000 0.001 0.004 0.004 0.038 0.000 0.000 0.001 0.000 0.001 0.000 0.001 0.002 0.001 0.042 0.000 0.005 0.005 0.000 0.017 
23 crocodile_vis 30 0.996 0.001 0.002 0.001 0.993 0.002 0.001 0.001 0.001 0.001 0.001 0.000 0.047 0.000 0.000 0.000 0.009 0.002 0.000 0.000 0.001 0.046 0.023 0.000 0.000 0.003 0.001 0.000 0.002 0.034 0.043 0.008 0.100 0.850 0.002 0.001 0.000 0.001 0.000 0.001 0.004 0.004 0.042 0.000 0.000 0.001 0.000 0.001 0.000 0.001 0.003 0.001 0.058 0.000 0.006 0.005 0.000 0.029 
24 axe_vis 30 0.003 0.000 0.001 0.001 0.001 0.996 0.990 0.384 0.004 0.001 0.000 0.000 0.000 0.000 0.007 0.000 0.003 0.000 0.000 0.006 0.002 0.000 0.000 0.002 0.001 0.000 0.009 0.001 0.002 0.001 0.000 0.001 0.000 0.000 0.717 0.051 0.004 0.057 0.002 0.108 0.002 0.022 0.007 0.141 0.000 0.001 0.000 0.000 0.095 0.001 0.003 0.000 0.000 0.000 0.000 0.000 0.005 0.000 
25 hammer_vis 30 0.003 0.000 0.000 0.002 0.002 0.997 0.097 0.985 0.003 0.001 0.000 0.000 0.000 0.000 0.001 0.000 0.000 0.000 0.000 0.000 0.000 0.000 0.001 0.004 0.001 0.000 0.010 0.009 0.000 0.010 0.001 0.001 0.000 0.000 0.005 0.140 0.001 0.005 0.000 0.028 0.044 0.001 0.026 0.963 0.000 0.008 0.000 0.000 0.040 0.000 0.003 0.002 0.000 0.000 0.001 0.001 0.006 0.001 
26 screwdriver_vis 30 0.003 0.000 0.000 0.001 0.001 0.997 0.249 0.285 0.003 0.001 0.000 0.000 0.000 0.000 0.001 0.000 0.000 0.000 0.000 0.001 0.000 0.000 0.000 0.001 0.001 0.002 0.001 0.000 0.001 0.001 0.000 0.021 0.000 0.000 0.004 0.026 0.004 0.001 0.002 0.096 0.382 0.007 0.039 0.004 0.430 0.001 0.000 0.000 0.004 0.000 0.002 0.003 0.000 0.000 0.004 0.000 0.001 0.000 
27 chisel_vis 30 0.003 0.000 0.000 0.005 0.001 0.997 0.128 0.994 0.003 0.001 0.000 0.000 0.000 0.000 0.001 0.000 0.000 0.000 0.000 0.000 0.000 0.000 0.001 0.008 0.001 0.000 0.009 0.032 0.000 0.004 0.000 0.000 0.000 0.000 0.038 0.280 0.000 0.006 0.000 0.026 0.017 0.002 0.056 0.989 0.000 0.032 0.000 0.000 0.233 0.001 0.003 0.001 0.000 0.000 0.001 0.001 0.011 0.001 
28 saw_vis 30 0.005 0.000 0.000 0.001 0.003 0.996 0.342 0.200 0.003 0.001 0.000 0.000 0.000 0.000 0.000 0.000 0.001 0.000 0.000 0.001 0.000 0.000 0.000 0.000 0.001 0.002 0.002 0.000 0.001 0.001 0.000 0.048 0.000 0.000 0.002 0.008 0.001 0.003 0.001 0.167 0.544 0.030 0.031 0.001 0.625 0.001 0.000 0.000 0.001 0.000 0.001 0.020 0.000 0.000 0.004 0.000 0.000 0.001 
29 drill_vis 30 0.003 0.000 0.000 0.001 0.002 0.996 0.144 0.548 0.004 0.002 0.000 0.000 0.001 0.000 0.000 0.000 0.004 0.000 0.001 0.000 0.000 0.000 0.001 0.000 0.000 0.009 0.000 0.000 0.000 0.001 0.000 0.049 0.000 0.001 0.003 0.003 0.001 0.001 0.001 0.032 0.521 0.014 0.166 0.001 0.541 0.001 0.000 0.000 0.000 0.000 0.001 0.008 0.000 0.000 0.013 0.000 0.000 0.002 
30 clamp_vis 30 0.002 0.000 0.000 0.002 0.001 0.997 0.001 0.995 0.005 0.001 0.000 0.000 0.000 0.000 0.000 0.001 0.000 0.000 0.000 0.000 0.000 0.000 0.001 0.000 0.000 0.001 0.000 0.001 0.000 0.002 0.000 0.001 0.000 0.001 0.001 0.001 0.000 0.002 0.000 0.000 0.816 0.091 0.010 0.036 0.008 0.103 0.000 0.000 0.001 0.001 0.000 0.003 0.000 0.000 0.003 0.003 0.000 0.001 
31 hoe_vis 30 0.002 0.002 0.000 0.001 0.001 0.997 0.001 0.995 0.001 0.008 0.000 0.000 0.000 0.000 0.000 0.009 0.000 0.000 0.000 0.000 0.000 0.001 0.002 0.000 0.000 0.000 0.000 0.001 0.000 0.001 0.000 0.000 0.000 0.001 0.001 0.000 0.000 0.002 0.000 0.000 0.049 0.733 0.002 0.003 0.003 0.216 0.000 0.000 0.000 0.002 0.000 0.001 0.000 0.000 0.026 0.007 0.000 0.001 
32 rake_vis 30 0.002 0.001 0.000 0.001 0.001 0.997 0.001 0.995 0.001 0.003 0.000 0.000 0.000 0.000 0.000 0.007 0.000 0.000 0.000 0.000 0.000 0.000 0.001 0.000 0.000 0.001 0.000 0.002 0.000 0.001 0.000 0.000 0.000 0.001 0.001 0.001 0.000 0.001 0.000 0.000 0.164 0.697 0.007 0.009 0.004 0.378 0.000 0.000 0.000 0.003 0.000 0.001 0.000 0.000 0.019 0.003 0.000 0.001 
33 shovel_vis 30 0.002 0.000 0.000 0.003 0.001 0.997 0.001 0.995 0.005 0.001 0.000 0.000 0.000 0.000 0.000 0.006 0.000 0.000 0.000 0.000 0.000 0.000 0.001 0.000 0.000 0.002 0.000 0.002 0.000 0.001 0.001 0.001 0.000 0.001 0.001 0.001 0.000 0.002 0.000 0.000 0.636 0.296 0.009 0.036 0.019 0.249 0.000 0.000 0.001 0.002 0.000 0.002 0.000 0.000 0.005 0.004 0.000 0.001 
34 spade_vis 30 0.002 0.001 0.000 0.001 0.001 0.997 0.001 0.923 0.001 0.581 0.000 0.055 0.001 0.000 0.000 0.000 0.000 0.000 0.005 0.000 0.000 0.001 0.003 0.000 0.000 0.001 0.000 0.000 0.000 0.000 0.000 0.000 0.000 0.002 0.000 0.000 0.000 0.001 0.001 0.000 0.002 0.122 0.016 0.000 0.513 0.003 0.000 0.000 0.000 0.001 0.000 0.001 0.002 0.000 0.837 0.001 0.000 0.001 
35 wrench_vis 30 0.002 0.001 0.000 0.002 0.000 0.997 0.001 0.995 0.001 0.002 0.000 0.000 0.000 0.000 0.000 0.014 0.000 0.001 0.000 0.000 0.000 0.000 0.002 0.000 0.000 0.001 0.000 0.002 0.000 0.001 0.000 0.000 0.000 0.001 0.001 0.000 0.000 0.001 0.000 0.000 0.087 0.454 0.005 0.012 0.002 0.243 0.000 0.000 0.001 0.003 0.000 0.001 0.000 0.000 0.011 0.004 0.000 0.001 
36 accordion_vis 30 0.004 0.000 0.000 0.005 0.001 0.996 0.001 0.958 0.956 0.001 0.000 0.000 0.000 0.003 0.000 0.018 0.000 0.002 0.000 0.001 0.000 0.000 0.002 0.010 0.001 0.004 0.000 0.001 0.000 0.001 0.000 0.000 0.000 0.000 0.006 0.002 0.000 0.000 0.001 0.000 0.001 0.000 0.019 0.583 0.001 0.007 0.211 0.002 0.883 0.020 0.003 0.002 0.000 0.002 0.000 0.001 0.003 0.001 
37 cello_vis 30 0.004 0.001 0.025 0.004 0.001 0.996 0.053 0.004 0.994 0.115 0.000 0.004 0.000 0.043 0.000 0.002 0.000 0.235 0.004 0.018 0.000 0.000 0.007 0.000 0.029 0.002 0.000 0.001 0.000 0.001 0.001 0.001 0.000 0.001 0.001 0.001 0.107 0.000 0.008 0.000 0.002 0.000 0.002 0.001 0.027 0.017 0.800 0.973 0.010 0.006 0.002 0.003 0.000 0.009 0.006 0.003 0.002 0.005 
38 flute_vis 30 0.003 0.000 0.000 0.009 0.001 0.997 0.001 0.615 0.876 0.001 0.000 0.000 0.000 0.003 0.000 0.001 0.000 0.001 0.000 0.001 0.000 0.000 0.001 0.018 0.001 0.000 0.001 0.010 0.000 0.001 0.000 0.000 0.000 0.000 0.002 0.042 0.000 0.001 0.000 0.001 0.001 0.000 0.008 0.912 0.000 0.004 0.005 0.000 0.971 0.001 0.025 0.001 0.000 0.000 0.000 0.001 0.056 0.001 
39 guitar_vis 30 0.003 0.000 0.000 0.008 0.000 0.996 0.000 0.977 0.971 0.001 0.000 0.000 0.000 0.001 0.000 0.016 0.000 0.001 0.000 0.000 0.000 0.000 0.002 0.007 0.001 0.002 0.000 0.002 0.000 0.001 0.000 0.000 0.000 0.000 0.002 0.002 0.000 0.000 0.000 0.000 0.001 0.000 0.024 0.683 0.001 0.012 0.108 0.001 0.894 0.024 0.001 0.002 0.000 0.002 0.000 0.002 0.003 0.001 
40 piano_vis 30 0.005 0.001 0.035 0.001 0.002 0.994 0.009 0.001 0.993 0.002 0.000 0.000 0.001 0.001 0.001 0.000 0.069 0.002 0.001 0.001 0.056 0.000 0.001 0.001 0.001 0.011 0.001 0.000 0.001 0.001 0.001 0.002 0.001 0.001 0.023 0.007 0.005 0.000 0.002 0.000 0.000 0.000 0.004 0.000 0.000 0.001 0.059 0.016 0.006 0.009 0.984 0.002 0.002 0.002 0.000 0.000 0.010 0.021 
41 trumpet_vis 30 0.003 0.001 0.000 0.003 0.001 0.996 0.002 0.855 0.213 0.004 0.000 0.000 0.000 0.000 0.000 0.005 0.001 0.001 0.000 0.000 0.000 0.000 0.002 0.001 0.000 0.002 0.001 0.004 0.000 0.014 0.001 0.003 0.000 0.001 0.001 0.059 0.000 0.002 0.000 0.001 0.384 0.001 0.032 0.236 0.001 0.070 0.000 0.001 0.002 0.009 0.002 0.020 0.000 0.000 0.001 0.005 0.001 0.002 
42 fork_vis 30 0.005 0.001 0.000 0.001 0.001 0.996 0.001 0.004 0.228 0.870 0.000 0.001 0.000 0.000 0.000 0.003 0.000 0.001 0.001 0.000 0.000 0.001 0.038 0.000 0.000 0.000 0.000 0.002 0.000 0.002 0.001 0.000 0.000 0.002 0.001 0.000 0.000 0.000 0.001 0.001 0.000 0.001 0.007 0.000 0.013 0.005 0.003 0.047 0.001 0.182 0.000 0.001 0.001 0.076 0.026 0.045 0.004 0.014 
43 spoon_vis 30 0.003 0.002 0.000 0.001 0.001 0.997 0.001 0.002 0.617 0.545 0.000 0.003 0.000 0.001 0.000 0.014 0.000 0.001 0.002 0.000 0.000 0.002 0.015 0.000 0.000 0.000 0.000 0.001 0.000 0.001 0.001 0.000 0.000 0.002 0.011 0.000 0.000 0.000 0.001 0.001 0.000 0.010 0.002 0.000 0.001 0.003 0.008 0.021 0.001 0.863 0.001 0.000 0.014 0.351 0.009 0.247 0.017 0.017 
44 tongs_vis 30 0.003 0.001 0.000 0.001 0.001 0.997 0.001 0.437 0.001 0.713 0.000 0.018 0.000 0.000 0.000 0.000 0.000 0.000 0.003 0.000 0.000 0.004 0.010 0.000 0.000 0.001 0.000 0.001 0.000 0.001 0.001 0.000 0.000 0.003 0.001 0.001 0.000 0.001 0.001 0.001 0.003 0.088 0.053 0.001 0.507 0.005 0.000 0.000 0.000 0.001 0.000 0.001 0.003 0.000 0.940 0.003 0.000 0.002 
45 ladle_vis 30 0.003 0.002 0.000 0.001 0.001 0.997 0.001 0.930 0.002 0.404 0.000 0.000 0.000 0.000 0.000 0.022 0.000 0.001 0.000 0.000 0.000 0.001 0.003 0.000 0.000 0.000 0.000 0.001 0.000 0.001 0.001 0.000 0.000 0.001 0.005 0.000 0.000 0.001 0.000 0.000 0.233 0.107 0.002 0.021 0.001 0.157 0.000 0.001 0.001 0.008 0.000 0.000 0.001 0.001 0.134 0.451 0.002 0.002 
46 knife_vis 30 0.003 0.001 0.000 0.001 0.001 0.997 0.001 0.828 0.007 0.102 0.000 0.000 0.000 0.001 0.000 0.006 0.000 0.001 0.000 0.000 0.000 0.000 0.002 0.000 0.000 0.000 0.000 0.008 0.000 0.001 0.001 0.000 0.000 0.001 0.002 0.000 0.000 0.001 0.000 0.001 0.193 0.137 0.006 0.032 0.001 0.261 0.001 0.000 0.010 0.046 0.000 0.001 0.000 0.004 0.003 0.107 0.018 0.004 
47 chopsticks_vis 30 0.005 0.000 0.000 0.001 0.002 0.996 0.001 0.326 0.005 0.787 0.000 0.000 0.000 0.000 0.000 0.004 0.000 0.001 0.000 0.000 0.000 0.001 0.006 0.000 0.000 0.000 0.000 0.004 0.000 0.017 0.001 0.000 0.000 0.002 0.003 0.001 0.000 0.005 0.000 0.001 0.447 0.006 0.016 0.088 0.001 0.036 0.000 0.004 0.001 0.016 0.000 0.002 0.000 0.001 0.043 0.740 0.007 0.008 
