0 beaver_vis 30 0.979 0.984 0.005 0.000 0.027 0.001 0.000 0.000 0.312 0.000 0.430 0.982 0.016 0.000 0.001 0.005 0.000 0.000 0.000 0.480 0.000 0.001 0.000 0.000 0.000 0.000 0.003 0.000 0.000 0.001 0.000 0.016 0.010 0.000 0.000 0.000 0.000 0.000 0.000 0.000 0.000 0.001 0.000 0.000 0.000 0.000 0.005 0.000 0.000 0.001 0.896 0.000 0.000 0.000 0.000 0.000 0.000 0.000 
1 bear_vis 30 0.994 0.991 0.036 0.000 0.093 0.001 0.000 0.000 0.013 0.000 0.439 0.975 0.074 0.001 0.001 0.078 0.000 0.003 0.000 0.464 0.000 0.001 0.000 0.000 0.000 0.000 0.001 0.000 0.001 0.001 0.001 0.021 0.027 0.000 0.000 0.000 0.000 0.000 0.000 0.000 0.000 0.001 0.000 0.000 0.000 0.000 0.004 0.000 0.000 0.001 0.285 0.000 0.000 0.000 0.000 0.000 0.000 0.000 
2 sheep_vis 30 0.994 0.992 0.008 0.000 0.862 0.001 0.000 0.000 0.000 0.000 0.772 0.973 0.830 0.000 0.001 0.005 0.000 0.000 0.004 0.182 0.000 0.001 0.000 0.000 0.020 0.001 0.010 0.000 0.000 0.001 0.001 0.770 0.008 0.076 0.000 0.000 0.000 0.000 0.000 0.000 0.000 0.002 0.000 0.000 0.000 0.001 0.000 0.000 0.000 0.001 0.047 0.000 0.000 0.000 0.000 0.000 0.000 0.000 
3 buffalo_vis 30 0.995 0.870 0.007 0.000 0.839 0.001 0.000 0.000 0.027 0.000 0.000 0.000 0.000 0.945 0.001 0.064 0.000 0.001 0.000 0.000 0.421 0.000 0.000 0.000 0.000 0.000 0.000 0.000 0.002 0.001 0.864 0.000 0.887 0.000 0.000 0.000 0.000 0.000 0.000 0.000 0.000 0.001 0.000 0.000 0.000 0.000 0.000 0.000 0.011 0.001 0.000 0.052 0.000 0.000 0.000 0.000 0.000 0.000 
4 poodle_vis 30 0.994 0.988 0.013 0.000 0.152 0.001 0.000 0.000 0.008 0.000 0.010 0.001 0.001 0.772 0.004 0.055 0.000 0.000 0.000 0.000 0.002 0.000 0.000 0.000 0.000 0.000 0.000 0.000 0.000 0.001 0.523 0.000 0.408 0.000 0.000 0.000 0.000 0.000 0.000 0.000 0.000 0.001 0.000 0.000 0.000 0.000 0.000 0.003 0.000 0.001 0.000 0.000 0.000 0.000 0.000 0.000 0.000 0.000 
5 giraffe_vis 30 0.995 0.989 0.320 0.000 0.541 0.001 0.000 0.000 0.024 0.000 0.000 0.882 0.001 0.066 0.000 0.976 0.000 0.481 0.000 0.001 0.004 0.000 0.000 0.000 0.000 0.000 0.000 0.000 0.017 0.001 0.169 0.004 0.183 0.000 0.000 0.000 0.000 0.000 0.000 0.000 0.000 0.001 0.000 0.000 0.000 0.001 0.002 0.000 0.003 0.001 0.693 0.000 0.001 0.000 0.000 0.000 0.000 0.000 
6 robin_vis 30 0.994 0.993 0.407 0.000 0.870 0.001 0.000 0.000 0.000 0.000 0.001 0.011 0.156 0.633 0.046 0.233 0.005 0.002 0.000 0.000 0.038 0.002 0.000 0.000 0.000 0.000 0.000 0.000 0.001 0.012 0.319 0.000 0.243 0.003 0.000 0.000 0.000 0.000 0.000 0.000 0.000 0.001 0.000 0.000 0.000 0.001 0.002 0.000 0.000 0.001 0.000 0.000 0.000 0.000 0.000 0.000 0.000 0.000 
7 swan_vis 30 0.995 0.992 0.019 0.000 0.136 0.001 0.000 0.012 0.000 0.000 0.000 0.009 0.938 0.006 0.001 0.974 0.007 0.008 0.505 0.000 0.001 0.000 0.000 0.001 0.002 0.000 0.000 0.000 0.547 0.121 0.171 0.003 0.002 0.000 0.000 0.000 0.010 0.000 0.000 0.003 0.000 0.002 0.000 0.003 0.001 0.929 0.002 0.001 0.000 0.001 0.000 0.000 0.002 0.000 0.000 0.000 0.000 0.000 
8 woodpecker_vis 30 0.994 0.993 0.972 0.000 0.734 0.001 0.000 0.000 0.000 0.000 0.463 0.987 0.648 0.080 0.002 0.614 0.000 0.255 0.002 0.289 0.004 0.088 0.000 0.000 0.002 0.000 0.001 0.000 0.002 0.001 0.029 0.133 0.303 0.003 0.000 0.000 0.000 0.000 0.000 0.000 0.000 0.001 0.000 0.000 0.000 0.001 0.006 0.000 0.000 0.001 0.016 0.000 0.000 0.000 0.000 0.000 0.000 0.000 
9 peacock_vis 30 0.995 0.992 0.630 0.001 0.849 0.001 0.000 0.000 0.000 0.000 0.960 0.987 0.929 0.001 0.001 0.028 0.000 0.003 0.005 0.501 0.000 0.062 0.000 0.000 0.021 0.001 0.008 0.000 0.000 0.001 0.001 0.644 0.115 0.068 0.000 0.000 0.000 0.000 0.000 0.000 0.000 0.001 0.000 0.000 0.000 0.000 0.001 0.000 0.000 0.001 0.005 0.000 0.000 0.000 0.000 0.000 0.000 0.000 
10 crow_vis 30 0.995 0.990 0.844 0.000 0.944 0.001 0.000 0.000 0.000 0.000 0.000 0.003 0.003 0.984 0.737 0.093 0.004 0.000 0.000 0.000 0.528 0.005 0.000 0.001 0.000 0.000 0.000 0.002 0.002 0.057 0.006 0.000 0.862 0.000 0.000 0.000 0.000 0.000 0.000 0.000 0.000 0.001 0.000 0.001 0.000 0.000 0.002 0.000 0.000 0.001 0.000 0.002 0.000 0.000 0.000 0.000 0.002 0.000 
11 eagle_vis 30 0.995 0.992 0.954 0.000 0.354 0.001 0.000 0.000 0.000 0.000 0.171 0.934 0.242 0.285 0.007 0.829 0.002 0.495 0.003 0.066 0.008 0.025 0.000 0.000 0.000 0.000 0.000 0.000 0.008 0.001 0.093 0.018 0.154 0.002 0.000 0.000 0.000 0.000 0.000 0.000 0.000 0.001 0.000 0.000 0.000 0.014 0.100 0.005 0.000 0.001 0.070 0.000 0.008 0.000 0.000 0.000 0.000 0.000 
12 tuna_vis 30 0.994 0.010 0.001 0.007 0.991 0.158 0.000 0.057 0.001 0.000 0.018 0.000 0.003 0.005 0.053 0.000 0.000 0.000 0.000 0.001 0.004 0.002 0.109 0.000 0.001 0.000 0.004 0.002 0.002 0.472 0.004 0.003 0.315 0.550 0.000 0.000 0.000 0.000 0.000 0.000 0.030 0.001 0.000 0.001 0.001 0.000 0.000 0.000 0.000 0.003 0.000 0.009 0.000 0.000 0.000 0.004 0.000 0.000 
13 goldfish_vis 30 0.994 0.086 0.001 0.003 0.988 0.004 0.000 0.021 0.000 0.000 0.000 0.000 0.002 0.031 0.001 0.102 0.000 0.002 0.000 0.000 0.002 0.000 0.000 0.025 0.000 0.001 0.000 0.003 0.302 0.065 0.960 0.083 0.023 0.003 0.000 0.001 0.000 0.000 0.000 0.000 0.000 0.001 0.000 0.057 0.000 0.007 0.000 0.000 0.004 0.001 0.000 0.006 0.000 0.000 0.000 0.000 0.000 0.000 
14 salmon_vis 30 0.995 0.181 0.625 0.646 0.062 0.001 0.028 0.000 0.000 0.000 0.018 0.001 0.881 0.000 0.001 0.003 0.002 0.001 0.831 0.060 0.000 0.115 0.004 0.002 0.793 0.226 0.110 0.000 0.011 0.002 0.005 0.029 0.001 0.003 0.043 0.000 0.001 0.000 0.001 0.309 0.000 0.001 0.000 0.000 0.255 0.002 0.000 0.000 0.000 0.001 0.000 0.000 0.000 0.000 0.000 0.000 0.000 0.000 
15 sardine_vis 30 0.992 0.723 0.013 0.570 0.989 0.001 0.000 0.000 0.000 0.000 0.329 0.673 0.159 0.001 0.001 0.002 0.000 0.005 0.000 0.612 0.006 0.002 0.008 0.003 0.020 0.397 0.686 0.000 0.008 0.002 0.168 0.976 0.903 0.458 0.000 0.000 0.000 0.000 0.000 0.000 0.000 0.001 0.001 0.000 0.000 0.000 0.000 0.000 0.009 0.001 0.012 0.000 0.000 0.000 0.005 0.000 0.000 0.000 
16 catfish_vis 30 0.983 0.053 0.000 0.004 0.990 0.002 0.000 0.016 0.000 0.000 0.001 0.001 0.004 0.000 0.001 0.273 0.000 0.001 0.000 0.001 0.001 0.000 0.001 0.038 0.001 0.005 0.003 0.000 0.865 0.005 0.773 0.565 0.010 0.003 0.000 0.003 0.000 0.000 0.000 0.000 0.000 0.001 0.003 0.005 0.000 0.026 0.000 0.000 0.030 0.001 0.002 0.000 0.000 0.000 0.000 0.000 0.000 0.000 
17 cod_vis 30 0.995 0.932 0.008 0.042 0.992 0.001 0.000 0.000 0.000 0.000 0.000 0.000 0.003 0.417 0.083 0.001 0.000 0.000 0.000 0.000 0.209 0.002 0.013 0.001 0.001 0.000 0.000 0.150 0.025 0.881 0.371 0.001 0.909 0.011 0.000 0.000 0.000 0.000 0.000 0.000 0.000 0.001 0.000 0.001 0.000 0.000 0.000 0.000 0.000 0.002 0.000 0.007 0.000 0.000 0.000 0.003 0.002 0.000 
18 turtle_vis 30 0.981 0.041 0.000 0.002 0.990 0.006 0.000 0.038 0.000 0.000 0.000 0.000 0.002 0.001 0.000 0.287 0.000 0.002 0.000 0.000 0.001 0.000 0.000 0.048 0.000 0.001 0.000 0.000 0.868 0.013 0.827 0.321 0.009 0.000 0.000 0.004 0.000 0.000 0.000 0.000 0.000 0.001 0.002 0.019 0.000 0.040 0.000 0.000 0.038 0.001 0.002 0.000 0.000 0.000 0.000 0.000 0.000 0.000 
19 rattlesnake_vis 30 0.994 0.016 0.000 0.001 0.991 0.851 0.000 0.002 0.472 0.000 0.000 0.000 0.000 0.768 0.049 0.001 0.000 0.000 0.000 0.000 0.660 0.000 0.001 0.000 0.000 0.000 0.000 0.003 0.021 0.117 0.088 0.000 0.894 0.004 0.000 0.000 0.000 0.000 0.000 0.000 0.000 0.001 0.000 0.004 0.000 0.000 0.000 0.000 0.301 0.070 0.000 0.711 0.000 0.000 0.000 0.001 0.008 0.000 
20 crab_vis 30 0.992 0.017 0.000 0.009 0.987 0.003 0.000 0.030 0.000 0.000 0.005 0.000 0.004 0.004 0.001 0.000 0.000 0.000 0.000 0.000 0.001 0.000 0.016 0.000 0.000 0.000 0.071 0.001 0.001 0.017 0.729 0.098 0.073 0.828 0.000 0.000 0.000 0.000 0.000 0.000 0.021 0.001 0.000 0.000 0.191 0.000 0.000 0.000 0.000 0.001 0.000 0.003 0.000 0.000 0.000 0.000 0.000 0.000 
21 frog_vis 30 0.991 0.100 0.000 0.057 0.994 0.001 0.000 0.001 0.000 0.000 0.022 0.001 0.026 0.000 0.000 0.000 0.000 0.000 0.000 0.005 0.000 0.000 0.002 0.000 0.002 0.031 0.708 0.000 0.004 0.001 0.221 0.977 0.481 0.854 0.000 0.000 0.000 0.000 0.000 0.000 0.000 0.001 0.011 0.000 0.000 0.000 0.000 0.000 0.000 0.001 0.001 0.000 0.000 0.000 0.000 0.000 0.000 0.000 
22 gecko_vis 30 0.991 0.020 0.000 0.002 0.989 0.053 0.000 0.009 0.001 0.000 0.020 0.000 0.001 0.023 0.022 0.004 0.000 0.000 0.000 0.001 0.005 0.001 0.018 0.001 0.000 0.000 0.001 0.001 0.117 0.037 0.381 0.015 0.316 0.089 0.000 0.000 0.000 0.000 0.000 0.000 0.000 0.001 0.000 0.003 0.000 0.001 0.000 0.000 0.002 0.001 0.000 0.040 0.000 0.000 0.000 0.002 0.000 0.000 
23 crocodile_vis 30 0.991 0.009 0.000 0.008 0.991 0.044 0.000 0.046 0.000 0.000 0.032 0.000 0.005 0.003 0.015 0.000 0.000 0.000 0.000 0.001 0.001 0.000 0.122 0.000 0.001 0.000 0.024 0.000 0.000 0.134 0.016 0.016 0.329 0.950 0.000 0.000 0.000 0.000 0.000 0.000 0.059 0.001 0.000 0.000 0.005 0.000 0.000 0.000 0.000 0.001 0.000 0.007 0.000 0.000 0.000 0.001 0.000 0.000 
24 axe_vis 30 0.002 0.000 0.000 0.001 0.001 0.994 0.979 0.102 0.000 0.008 0.000 0.000 0.000 0.000 0.001 0.000 0.000 0.000 0.000 0.000 0.000 0.000 0.001 0.000 0.001 0.000 0.000 0.002 0.000 0.002 0.000 0.000 0.000 0.000 0.468 0.001 0.034 0.037 0.020 0.003 0.008 0.004 0.000 0.001 0.005 0.000 0.000 0.000 0.000 0.001 0.000 0.000 0.000 0.005 0.000 0.000 0.001 0.000 
25 hammer_vis 30 0.001 0.000 0.000 0.000 0.050 0.995 0.081 0.993 0.111 0.000 0.000 0.000 0.000 0.000 0.000 0.002 0.000 0.000 0.000 0.000 0.000 0.000 0.000 0.000 0.000 0.000 0.000 0.001 0.256 0.020 0.015 0.000 0.000 0.000 0.000 0.244 0.031 0.101 0.001 0.000 0.043 0.005 0.063 0.972 0.000 0.345 0.000 0.003 0.049 0.004 0.000 0.076 0.001 0.000 0.000 0.000 0.002 0.000 
26 screwdriver_vis 30 0.002 0.003 0.000 0.000 0.002 0.995 0.067 0.992 0.001 0.000 0.000 0.000 0.023 0.000 0.006 0.000 0.001 0.000 0.000 0.000 0.000 0.000 0.000 0.000 0.001 0.000 0.000 0.001 0.001 0.009 0.000 0.000 0.000 0.017 0.353 0.001 0.040 0.003 0.001 0.001 0.061 0.471 0.001 0.006 0.851 0.008 0.000 0.001 0.000 0.003 0.000 0.000 0.000 0.008 0.000 0.000 0.000 0.000 
27 chisel_vis 30 0.001 0.000 0.000 0.000 0.001 0.995 0.866 0.600 0.002 0.001 0.000 0.000 0.000 0.000 0.001 0.000 0.000 0.000 0.000 0.000 0.000 0.000 0.000 0.000 0.001 0.000 0.000 0.001 0.017 0.004 0.000 0.000 0.000 0.000 0.021 0.194 0.056 0.017 0.004 0.003 0.004 0.011 0.007 0.133 0.000 0.089 0.000 0.000 0.001 0.006 0.000 0.000 0.002 0.001 0.000 0.000 0.001 0.000 
28 saw_vis 30 0.002 0.000 0.000 0.003 0.001 0.994 0.981 0.085 0.000 0.031 0.000 0.000 0.000 0.000 0.000 0.000 0.000 0.000 0.000 0.000 0.000 0.000 0.002 0.000 0.001 0.000 0.000 0.010 0.000 0.001 0.000 0.000 0.000 0.000 0.082 0.005 0.040 0.515 0.080 0.001 0.080 0.002 0.001 0.002 0.003 0.001 0.000 0.000 0.000 0.001 0.000 0.000 0.000 0.000 0.000 0.002 0.002 0.000 
29 drill_vis 30 0.002 0.000 0.000 0.013 0.001 0.995 0.984 0.052 0.000 0.080 0.000 0.000 0.000 0.000 0.000 0.000 0.000 0.000 0.000 0.000 0.000 0.000 0.003 0.000 0.002 0.000 0.000 0.075 0.001 0.001 0.000 0.000 0.000 0.000 0.078 0.035 0.039 0.935 0.144 0.001 0.106 0.001 0.001 0.035 0.001 0.001 0.000 0.000 0.000 0.001 0.000 0.002 0.000 0.000 0.000 0.005 0.041 0.000 
30 clamp_vis 30 0.001 0.000 0.000 0.000 0.137 0.995 0.078 0.993 0.016 0.000 0.000 0.000 0.001 0.000 0.007 0.000 0.000 0.000 0.000 0.000 0.000 0.000 0.007 0.000 0.001 0.000 0.000 0.001 0.000 0.069 0.000 0.000 0.000 0.316 0.047 0.001 0.001 0.058 0.027 0.000 0.983 0.244 0.203 0.037 0.196 0.001 0.000 0.000 0.000 0.031 0.000 0.044 0.000 0.000 0.000 0.001 0.000 0.000 
31 hoe_vis 30 0.002 0.003 0.000 0.000 0.002 0.994 0.020 0.984 0.020 0.000 0.000 0.000 0.017 0.000 0.023 0.000 0.000 0.000 0.000 0.000 0.000 0.000 0.001 0.000 0.001 0.000 0.000 0.000 0.000 0.010 0.000 0.000 0.001 0.009 0.111 0.000 0.016 0.000 0.000 0.001 0.046 0.889 0.001 0.001 0.406 0.012 0.001 0.000 0.000 0.023 0.000 0.001 0.000 0.010 0.000 0.001 0.001 0.000 
32 rake_vis 30 0.001 0.000 0.000 0.000 0.016 0.994 0.045 0.992 0.001 0.000 0.000 0.000 0.002 0.000 0.001 0.000 0.000 0.000 0.000 0.000 0.000 0.000 0.001 0.000 0.001 0.000 0.003 0.000 0.001 0.004 0.003 0.001 0.000 0.187 0.010 0.001 0.002 0.014 0.007 0.002 0.789 0.020 0.281 0.033 0.734 0.007 0.000 0.000 0.000 0.001 0.001 0.013 0.000 0.000 0.000 0.000 0.000 0.000 
33 shovel_vis 30 0.001 0.001 0.000 0.000 0.034 0.995 0.009 0.991 0.036 0.000 0.000 0.000 0.004 0.000 0.002 0.000 0.000 0.000 0.000 0.000 0.000 0.000 0.000 0.000 0.001 0.000 0.000 0.000 0.001 0.006 0.000 0.000 0.000 0.006 0.011 0.001 0.002 0.001 0.001 0.000 0.047 0.293 0.007 0.011 0.086 0.006 0.000 0.000 0.000 0.005 0.000 0.000 0.000 0.001 0.000 0.000 0.000 0.000 
34 spade_vis 30 0.002 0.017 0.000 0.000 0.001 0.993 0.011 0.990 0.013 0.000 0.000 0.000 0.108 0.000 0.001 0.000 0.000 0.000 0.000 0.000 0.000 0.000 0.000 0.000 0.001 0.000 0.000 0.000 0.001 0.002 0.000 0.000 0.000 0.002 0.005 0.001 0.003 0.000 0.001 0.029 0.003 0.954 0.005 0.001 0.069 0.072 0.007 0.000 0.000 0.004 0.002 0.000 0.000 0.001 0.000 0.000 0.000 0.000 
35 wrench_vis 30 0.002 0.012 0.000 0.000 0.001 0.994 0.000 0.219 0.967 0.002 0.014 0.000 0.001 0.001 0.138 0.000 0.001 0.000 0.000 0.000 0.000 0.001 0.001 0.000 0.000 0.000 0.000 0.000 0.000 0.002 0.000 0.000 0.001 0.001 0.001 0.000 0.001 0.000 0.000 0.000 0.001 0.007 0.000 0.001 0.010 0.001 0.037 0.192 0.000 0.020 0.000 0.028 0.000 0.101 0.000 0.001 0.000 0.000 
36 accordion_vis 30 0.003 0.036 0.000 0.000 0.001 0.994 0.000 0.151 0.990 0.004 0.007 0.000 0.001 0.001 0.361 0.000 0.001 0.000 0.000 0.000 0.000 0.001 0.000 0.000 0.000 0.000 0.000 0.000 0.001 0.001 0.000 0.000 0.000 0.000 0.001 0.000 0.001 0.000 0.000 0.000 0.000 0.129 0.000 0.001 0.000 0.002 0.762 0.086 0.000 0.319 0.000 0.002 0.002 0.568 0.000 0.000 0.001 0.006 
37 cello_vis 30 0.001 0.001 0.000 0.000 0.003 0.995 0.000 0.042 0.987 0.017 0.008 0.000 0.000 0.083 0.018 0.001 0.001 0.000 0.000 0.001 0.001 0.000 0.004 0.000 0.000 0.000 0.006 0.001 0.001 0.001 0.047 0.000 0.068 0.042 0.000 0.000 0.000 0.004 0.000 0.000 0.058 0.001 0.000 0.006 0.015 0.001 0.001 0.238 0.041 0.002 0.000 0.974 0.001 0.001 0.000 0.052 0.003 0.000 
38 flute_vis 30 0.001 0.000 0.000 0.000 0.005 0.995 0.000 0.062 0.990 0.030 0.005 0.000 0.000 0.026 0.042 0.000 0.000 0.000 0.000 0.000 0.001 0.000 0.004 0.000 0.000 0.000 0.003 0.000 0.001 0.001 0.006 0.000 0.063 0.024 0.000 0.001 0.000 0.002 0.000 0.000 0.045 0.001 0.000 0.003 0.004 0.000 0.001 0.050 0.055 0.047 0.000 0.922 0.001 0.001 0.000 0.056 0.003 0.000 
39 guitar_vis 30 0.002 0.002 0.000 0.000 0.003 0.994 0.000 0.110 0.990 0.018 0.001 0.000 0.000 0.001 0.152 0.000 0.000 0.000 0.000 0.000 0.001 0.001 0.001 0.000 0.000 0.000 0.000 0.000 0.001 0.002 0.000 0.000 0.003 0.000 0.000 0.000 0.000 0.000 0.000 0.000 0.001 0.140 0.000 0.001 0.000 0.001 0.296 0.004 0.003 0.855 0.001 0.018 0.000 0.065 0.000 0.002 0.001 0.012 
40 piano_vis 30 0.006 0.121 0.000 0.000 0.001 0.995 0.000 0.025 0.989 0.001 0.000 0.000 0.000 0.815 0.002 0.202 0.296 0.000 0.000 0.000 0.001 0.000 0.000 0.000 0.000 0.000 0.000 0.000 0.001 0.001 0.116 0.000 0.000 0.000 0.000 0.000 0.114 0.000 0.000 0.000 0.000 0.001 0.000 0.149 0.000 0.079 0.312 0.985 0.002 0.002 0.000 0.663 0.064 0.002 0.000 0.000 0.010 0.000 
41 trumpet_vis 30 0.001 0.002 0.000 0.000 0.002 0.994 0.004 0.986 0.001 0.000 0.001 0.000 0.007 0.000 0.001 0.000 0.000 0.000 0.000 0.000 0.000 0.000 0.000 0.000 0.000 0.000 0.001 0.000 0.000 0.001 0.000 0.000 0.000 0.105 0.013 0.000 0.002 0.000 0.000 0.000 0.063 0.008 0.003 0.001 0.929 0.002 0.000 0.001 0.000 0.001 0.000 0.001 0.000 0.000 0.000 0.000 0.000 0.000 
42 fork_vis 30 0.198 0.007 0.000 0.000 0.004 0.980 0.001 0.001 0.496 0.092 0.111 0.000 0.000 0.006 0.085 0.000 0.001 0.000 0.000 0.001 0.001 0.003 0.003 0.000 0.000 0.000 0.001 0.001 0.000 0.001 0.001 0.000 0.031 0.021 0.003 0.000 0.001 0.000 0.000 0.000 0.001 0.002 0.000 0.000 0.002 0.000 0.001 0.005 0.000 0.023 0.000 0.067 0.000 0.057 0.000 0.013 0.003 0.001 
43 spoon_vis 30 0.003 0.000 0.000 0.000 0.004 0.995 0.001 0.026 0.973 0.147 0.007 0.000 0.000 0.036 0.053 0.000 0.001 0.000 0.000 0.001 0.003 0.002 0.021 0.000 0.000 0.000 0.011 0.002 0.000 0.003 0.022 0.000 0.102 0.050 0.003 0.000 0.000 0.009 0.001 0.000 0.115 0.002 0.000 0.001 0.009 0.000 0.000 0.052 0.044 0.079 0.000 0.954 0.000 0.008 0.001 0.258 0.010 0.000 
44 tongs_vis 30 0.001 0.000 0.000 0.005 0.001 0.995 0.015 0.001 0.293 0.963 0.000 0.000 0.000 0.000 0.002 0.000 0.000 0.000 0.000 0.002 0.011 0.006 0.079 0.000 0.000 0.000 0.009 0.006 0.001 0.001 0.000 0.000 0.007 0.000 0.005 0.003 0.000 0.099 0.037 0.000 0.008 0.001 0.001 0.000 0.000 0.000 0.001 0.000 0.050 0.126 0.016 0.160 0.001 0.009 0.325 0.872 0.051 0.007 
45 ladle_vis 30 0.981 0.017 0.000 0.002 0.971 0.415 0.000 0.000 0.270 0.002 0.061 0.000 0.000 0.059 0.797 0.000 0.000 0.000 0.000 0.001 0.169 0.011 0.373 0.000 0.000 0.000 0.001 0.002 0.000 0.090 0.000 0.000 0.977 0.294 0.001 0.000 0.000 0.000 0.000 0.000 0.002 0.002 0.000 0.000 0.000 0.000 0.000 0.000 0.004 0.563 0.000 0.213 0.000 0.002 0.000 0.166 0.002 0.000 
46 knife_vis 30 0.669 0.000 0.223 0.001 0.001 0.858 0.004 0.000 0.004 0.806 0.004 0.000 0.000 0.000 0.017 0.000 0.001 0.000 0.000 0.008 0.004 0.322 0.027 0.000 0.000 0.000 0.000 0.003 0.000 0.002 0.000 0.000 0.002 0.000 0.009 0.000 0.000 0.008 0.002 0.000 0.002 0.001 0.000 0.000 0.000 0.000 0.000 0.000 0.000 0.020 0.000 0.009 0.000 0.114 0.004 0.223 0.015 0.004 
47 chopsticks_vis 30 0.002 0.000 0.002 0.001 0.001 0.995 0.029 0.000 0.089 0.977 0.000 0.000 0.000 0.000 0.002 0.000 0.000 0.000 0.000 0.001 0.002 0.012 0.008 0.000 0.000 0.000 0.001 0.001 0.000 0.001 0.000 0.000 0.001 0.000 0.004 0.001 0.000 0.008 0.006 0.001 0.000 0.004 0.000 0.000 0.000 0.000 0.003 0.000 0.000 0.049 0.001 0.003 0.001 0.097 0.080 0.655 0.026 0.133 
0 beaver_vis 30 0.994 0.985 0.002 0.000 0.010 0.001 0.000 0.206 0.000 0.000 0.762 0.003 0.599 0.004 0.420 0.000 0.011 0.000 0.001 0.004 0.000 0.009 0.006 0.000 0.001 0.000 0.000 0.000 0.000 0.103 0.001 0.000 0.012 0.510 0.276 0.000 0.003 0.000 0.000 0.000 0.001 0.058 0.000 0.000 0.621 0.001 0.000 0.000 0.000 0.001 0.000 0.000 0.000 0.012 0.000 0.000 0.000 0.000 
1 bear_vis 30 0.994 0.990 0.026 0.000 0.009 0.001 0.000 0.000 0.083 0.000 0.004 0.199 0.003 0.053 0.001 0.738 0.000 0.031 0.000 0.001 0.001 0.000 0.000 0.000 0.000 0.000 0.000 0.000 0.009 0.001 0.022 0.000 0.007 0.000 0.000 0.000 0.000 0.000 0.000 0.000 0.000 0.001 0.000 0.000 0.000 0.025 0.055 0.032 0.001 0.001 0.026 0.000 0.004 0.000 0.000 0.000 0.000 0.000 
2 sheep_vis 30 0.995 0.162 0.898 0.440 0.001 0.001 0.000 0.000 0.000 0.000 0.002 0.002 0.159 0.000 0.001 0.001 0.000 0.011 0.744 0.043 0.000 0.006 0.000 0.002 0.190 0.134 0.008 0.000 0.000 0.001 0.001 0.003 0.000 0.000 0.000 0.000 0.000 0.000 0.000 0.002 0.000 0.001 0.000 0.000 0.000 0.000 0.000 0.000 0.000 0.001 0.000 0.000 0.000 0.000 0.000 0.000 0.000 0.000 
3 buffalo_vis 30 0.995 0.981 0.009 0.000 0.016 0.002 0.000 0.000 0.009 0.000 0.032 0.001 0.001 0.579 0.028 0.011 0.001 0.000 0.000 0.000 0.004 0.000 0.000 0.000 0.000 0.000 0.000 0.000 0.001 0.001 0.066 0.000 0.052 0.000 0.000 0.000 0.000 0.000 0.000 0.000 0.000 0.001 0.000 0.000 0.000 0.000 0.000 0.042 0.000 0.001 0.000 0.002 0.000 0.000 0.000 0.000 0.000 0.000 
4 poodle_vis 30 0.591 0.793 0.002 0.000 0.005 0.464 0.000 0.001 0.287 0.000 0.831 0.003 0.005 0.012 0.118 0.000 0.001 0.000 0.000 0.004 0.001 0.005 0.001 0.000 0.000 0.000 0.000 0.000 0.000 0.001 0.001 0.000 0.018 0.016 0.000 0.000 0.000 0.000 0.000 0.000 0.000 0.001 0.000 0.000 0.029 0.000 0.002 0.160 0.000 0.001 0.000 0.002 0.000 0.004 0.000 0.000 0.000 0.000 
5 giraffe_vis 30 0.995 0.990 0.054 0.000 0.045 0.001 0.000 0.000 0.039 0.000 0.001 0.809 0.006 0.012 0.001 0.857 0.000 0.070 0.000 0.005 0.001 0.000 0.000 0.000 0.000 0.000 0.000 0.000 0.012 0.001 0.014 0.001 0.012 0.000 0.000 0.000 0.000 0.000 0.000 0.000 0.000 0.001 0.000 0.000 0.000 0.009 0.023 0.002 0.001 0.001 0.285 0.000 0.002 0.000 0.000 0.000 0.000 0.000 
6 robin_vis 30 0.995 0.288 0.992 0.019 0.001 0.001 0.000 0.000 0.000 0.009 0.000 0.002 0.001 0.002 0.001 0.382 0.565 0.942 0.718 0.008 0.151 0.123 0.001 0.242 0.001 0.003 0.000 0.002 0.001 0.001 0.006 0.000 0.001 0.000 0.000 0.000 0.003 0.000 0.000 0.001 0.000 0.001 0.000 0.000 0.000 0.002 0.000 0.000 0.000 0.001 0.000 0.000 0.260 0.002 0.000 0.000 0.002 0.000 
7 swan_vis 30 0.995 0.010 0.955 0.028 0.001 0.001 0.002 0.000 0.000 0.003 0.001 0.002 0.026 0.000 0.000 0.002 0.003 0.068 0.467 0.187 0.003 0.007 0.000 0.003 0.028 0.028 0.002 0.000 0.000 0.000 0.000 0.000 0.001 0.000 0.000 0.000 0.001 0.000 0.000 0.017 0.000 0.001 0.000 0.000 0.000 0.003 0.000 0.000 0.000 0.001 0.000 0.000 0.002 0.000 0.000 0.000 0.000 0.000 
8 woodpecker_vis 30 0.995 0.816 0.993 0.166 0.001 0.001 0.000 0.000 0.000 0.001 0.549 0.899 0.048 0.000 0.001 0.004 0.001 0.218 0.066 0.864 0.002 0.641 0.001 0.000 0.013 0.124 0.032 0.000 0.000 0.000 0.000 0.002 0.007 0.000 0.000 0.000 0.000 0.000 0.000 0.000 0.000 0.001 0.000 0.000 0.000 0.000 0.000 0.000 0.000 0.001 0.003 0.000 0.000 0.001 0.000 0.000 0.000 0.001 
9 peacock_vis 30 0.995 0.041 0.991 0.079 0.001 0.001 0.000 0.000 0.000 0.001 0.095 0.296 0.005 0.000 0.000 0.000 0.000 0.017 0.006 0.975 0.001 0.071 0.001 0.000 0.008 0.282 0.221 0.000 0.000 0.000 0.000 0.002 0.001 0.000 0.000 0.000 0.000 0.000 0.000 0.000 0.000 0.001 0.000 0.000 0.000 0.000 0.000 0.000 0.000 0.001 0.001 0.000 0.000 0.000 0.002 0.000 0.000 0.001 
10 crow_vis 30 0.995 0.002 0.982 0.003 0.001 0.002 0.000 0.000 0.000 0.034 0.014 0.000 0.000 0.014 0.022 0.000 0.047 0.001 0.000 0.018 0.077 0.466 0.008 0.001 0.000 0.000 0.000 0.017 0.000 0.001 0.001 0.000 0.007 0.000 0.000 0.000 0.000 0.000 0.000 0.000 0.000 0.001 0.000 0.000 0.000 0.000 0.000 0.000 0.000 0.001 0.000 0.000 0.000 0.003 0.000 0.004 0.026 0.000 
11 eagle_vis 30 0.995 0.063 0.992 0.316 0.001 0.001 0.000 0.000 0.000 0.002 0.380 0.029 0.136 0.000 0.002 0.000 0.002 0.006 0.354 0.873 0.001 0.717 0.006 0.000 0.184 0.119 0.178 0.000 0.000 0.001 0.000 0.001 0.001 0.000 0.001 0.000 0.000 0.000 0.000 0.002 0.000 0.001 0.000 0.000 0.000 0.000 0.000 0.000 0.000 0.001 0.000 0.000 0.000 0.001 0.000 0.001 0.000 0.001 
12 tuna_vis 30 0.995 0.000 0.017 0.982 0.013 0.014 0.002 0.000 0.000 0.003 0.001 0.000 0.000 0.000 0.001 0.000 0.000 0.000 0.000 0.005 0.005 0.035 0.925 0.000 0.052 0.000 0.142 0.072 0.000 0.002 0.000 0.000 0.026 0.080 0.020 0.000 0.000 0.001 0.055 0.000 0.018 0.001 0.000 0.000 0.000 0.000 0.000 0.000 0.000 0.001 0.000 0.000 0.000 0.000 0.000 0.205 0.000 0.000 
13 goldfish_vis 30 0.994 0.001 0.378 0.033 0.001 0.002 0.000 0.000 0.000 0.008 0.000 0.000 0.000 0.000 0.000 0.001 0.000 0.173 0.000 0.003 0.084 0.001 0.001 0.038 0.001 0.009 0.000 0.001 0.001 0.001 0.001 0.000 0.005 0.000 0.000 0.000 0.000 0.000 0.000 0.000 0.000 0.000 0.000 0.000 0.000 0.000 0.000 0.000 0.000 0.001 0.000 0.000 0.001 0.000 0.022 0.000 0.000 0.000 
14 salmon_vis 30 0.995 0.000 0.098 0.993 0.111 0.001 0.186 0.000 0.000 0.000 0.000 0.000 0.057 0.000 0.000 0.000 0.000 0.000 0.025 0.015 0.001 0.237 0.820 0.316 0.965 0.603 0.317 0.159 0.001 0.013 0.000 0.032 0.001 0.013 0.025 0.001 0.000 0.000 0.825 0.033 0.001 0.009 0.000 0.000 0.000 0.000 0.000 0.000 0.000 0.001 0.000 0.000 0.000 0.000 0.010 0.004 0.000 0.000 
15 sardine_vis 30 0.995 0.000 0.969 0.985 0.131 0.001 0.000 0.000 0.000 0.001 0.000 0.000 0.000 0.001 0.000 0.011 0.000 0.937 0.001 0.148 0.902 0.002 0.001 0.893 0.002 0.880 0.022 0.031 0.006 0.000 0.661 0.026 0.647 0.000 0.000 0.000 0.000 0.000 0.000 0.000 0.000 0.000 0.000 0.000 0.000 0.000 0.000 0.000 0.001 0.001 0.001 0.000 0.000 0.000 0.321 0.000 0.000 0.000 
16 catfish_vis 30 0.995 0.000 0.241 0.990 0.230 0.001 0.000 0.000 0.000 0.002 0.001 0.000 0.001 0.000 0.000 0.000 0.000 0.005 0.001 0.896 0.002 0.003 0.024 0.023 0.380 0.981 0.981 0.001 0.000 0.000 0.005 0.853 0.023 0.009 0.000 0.000 0.000 0.000 0.002 0.000 0.000 0.000 0.000 0.000 0.000 0.000 0.000 0.000 0.000 0.001 0.000 0.000 0.000 0.000 0.291 0.000 0.000 0.000 
17 cod_vis 30 0.995 0.000 0.927 0.968 0.134 0.003 0.000 0.000 0.000 0.134 0.004 0.000 0.000 0.000 0.004 0.000 0.000 0.002 0.000 0.433 0.908 0.767 0.861 0.007 0.014 0.002 0.036 0.051 0.000 0.001 0.000 0.000 0.940 0.001 0.000 0.000 0.000 0.000 0.000 0.000 0.000 0.001 0.000 0.000 0.000 0.000 0.000 0.000 0.000 0.001 0.000 0.000 0.000 0.000 0.088 0.904 0.001 0.000 
18 turtle_vis 30 0.993 0.634 0.000 0.149 0.991 0.001 0.000 0.029 0.000 0.000 0.000 0.000 0.162 0.008 0.000 0.845 0.000 0.040 0.007 0.000 0.002 0.000 0.000 0.701 0.006 0.006 0.000 0.018 0.971 0.429 0.959 0.725 0.008 0.001 0.000 0.010 0.000 0.000 0.000 0.000 0.000 0.001 0.001 0.247 0.000 0.369 0.000 0.000 0.007 0.001 0.001 0.000 0.000 0.000 0.000 0.000 0.000 0.000 
19 rattlesnake_vis 30 0.991 0.008 0.000 0.001 0.993 0.526 0.000 0.131 0.000 0.000 0.000 0.000 0.001 0.003 0.003 0.001 0.000 0.000 0.000 0.000 0.001 0.000 0.001 0.001 0.000 0.000 0.000 0.001 0.352 0.397 0.014 0.001 0.039 0.002 0.000 0.001 0.000 0.000 0.000 0.000 0.000 0.001 0.000 0.014 0.000 0.001 0.000 0.000 0.002 0.004 0.000 0.002 0.000 0.000 0.000 0.000 0.000 0.000 
20 crab_vis 30 0.994 0.103 0.001 0.002 0.986 0.104 0.000 0.004 0.000 0.000 0.000 0.000 0.000 0.137 0.001 0.002 0.000 0.000 0.000 0.000 0.009 0.000 0.001 0.000 0.000 0.000 0.000 0.007 0.007 0.018 0.939 0.002 0.235 0.004 0.000 0.000 0.000 0.000 0.000 0.000 0.000 0.000 0.000 0.015 0.000 0.000 0.000 0.000 0.001 0.001 0.000 0.033 0.000 0.000 0.000 0.000 0.000 0.000 
21 frog_vis 30 0.990 0.212 0.000 0.233 0.993 0.001 0.000 0.002 0.000 0.000 0.007 0.016 0.168 0.000 0.000 0.000 0.000 0.000 0.000 0.036 0.000 0.000 0.001 0.000 0.013 0.403 0.865 0.000 0.007 0.001 0.046 0.988 0.100 0.680 0.000 0.000 0.000 0.000 0.000 0.000 0.000 0.001 0.043 0.000 0.000 0.000 0.000 0.000 0.000 0.001 0.005 0.000 0.000 0.000 0.000 0.000 0.000 0.000 
22 gecko_vis 30 0.994 0.012 0.000 0.011 0.993 0.007 0.000 0.011 0.000 0.000 0.012 0.000 0.005 0.005 0.013 0.000 0.000 0.000 0.000 0.000 0.003 0.001 0.093 0.000 0.001 0.000 0.033 0.001 0.000 0.047 0.005 0.053 0.397 0.952 0.000 0.000 0.000 0.000 0.000 0.000 0.018 0.001 0.000 0.000 0.002 0.000 0.000 0.000 0.000 0.001 0.000 0.004 0.000 0.000 0.000 0.001 0.000 0.000 
23 crocodile_vis 30 0.992 0.009 0.000 0.015 0.992 0.009 0.000 0.058 0.000 0.000 0.017 0.000 0.010 0.001 0.004 0.000 0.000 0.000 0.000 0.000 0.001 0.000 0.106 0.000 0.001 0.000 0.104 0.000 0.000 0.068 0.025 0.071 0.132 0.979 0.000 0.000 0.000 0.000 0.000 0.000 0.081 0.001 0.000 0.000 0.051 0.000 0.000 0.000 0.000 0.001 0.000 0.001 0.000 0.000 0.000 0.000 0.000 0.000 
24 axe_vis 30 0.006 0.000 0.000 0.002 0.000 0.994 0.980 0.089 0.000 0.003 0.000 0.000 0.000 0.000 0.000 0.000 0.004 0.000 0.001 0.000 0.000 0.001 0.001 0.000 0.003 0.000 0.000 0.001 0.000 0.001 0.000 0.000 0.000 0.000 0.826 0.001 0.311 0.006 0.012 0.006 0.003 0.007 0.000 0.000 0.032 0.000 0.000 0.000 0.000 0.001 0.000 0.000 0.000 0.077 0.000 0.001 0.000 0.000 
25 hammer_vis 30 0.003 0.000 0.000 0.001 0.001 0.995 0.980 0.059 0.000 0.009 0.000 0.000 0.000 0.000 0.000 0.000 0.004 0.000 0.001 0.000 0.000 0.000 0.000 0.001 0.001 0.000 0.000 0.001 0.001 0.001 0.000 0.000 0.000 0.000 0.006 0.104 0.661 0.017 0.010 0.019 0.000 0.001 0.002 0.004 0.000 0.016 0.000 0.000 0.000 0.001 0.000 0.000 0.008 0.001 0.002 0.000 0.002 0.000 
26 screwdriver_vis 30 0.002 0.000 0.000 0.003 0.001 0.994 0.984 0.048 0.000 0.076 0.000 0.000 0.000 0.000 0.000 0.000 0.001 0.000 0.000 0.000 0.000 0.000 0.000 0.001 0.001 0.000 0.000 0.120 0.001 0.001 0.000 0.000 0.000 0.000 0.012 0.072 0.105 0.962 0.014 0.001 0.015 0.002 0.000 0.126 0.000 0.001 0.000 0.000 0.000 0.001 0.000 0.004 0.001 0.000 0.000 0.001 0.135 0.000 
27 chisel_vis 30 0.007 0.000 0.000 0.001 0.001 0.994 0.981 0.057 0.000 0.007 0.000 0.000 0.000 0.000 0.000 0.000 0.007 0.000 0.000 0.000 0.000 0.000 0.001 0.000 0.001 0.000 0.000 0.004 0.000 0.001 0.000 0.000 0.000 0.000 0.114 0.002 0.672 0.181 0.004 0.001 0.002 0.002 0.000 0.006 0.000 0.001 0.000 0.000 0.000 0.001 0.000 0.000 0.001 0.003 0.000 0.000 0.005 0.000 
28 saw_vis 30 0.002 0.000 0.000 0.020 0.000 0.992 0.986 0.047 0.000 0.085 0.000 0.000 0.000 0.000 0.000 0.000 0.000 0.000 0.001 0.000 0.000 0.000 0.003 0.000 0.005 0.000 0.001 0.087 0.000 0.001 0.000 0.000 0.000 0.000 0.063 0.045 0.051 0.944 0.114 0.003 0.071 0.001 0.001 0.051 0.001 0.000 0.000 0.000 0.000 0.001 0.000 0.003 0.000 0.000 0.001 0.004 0.059 0.000 
29 drill_vis 30 0.001 0.000 0.000 0.004 0.000 0.995 0.988 0.040 0.000 0.166 0.000 0.000 0.000 0.000 0.000 0.000 0.000 0.000 0.000 0.000 0.000 0.000 0.000 0.030 0.001 0.000 0.000 0.005 0.008 0.000 0.000 0.000 0.000 0.000 0.000 0.945 0.058 0.414 0.077 0.015 0.000 0.001 0.006 0.047 0.000 0.011 0.000 0.000 0.001 0.002 0.001 0.000 0.025 0.000 0.035 0.000 0.020 0.001 
30 clamp_vis 30 0.001 0.000 0.000 0.000 0.123 0.995 0.074 0.993 0.030 0.000 0.000 0.000 0.001 0.000 0.003 0.000 0.000 0.000 0.000 0.000 0.000 0.000 0.001 0.000 0.001 0.000 0.000 0.001 0.001 0.068 0.000 0.000 0.000 0.046 0.010 0.002 0.002 0.084 0.008 0.001 0.951 0.102 0.128 0.198 0.034 0.002 0.000 0.000 0.000 0.024 0.000 0.080 0.000 0.000 0.000 0.000 0.000 0.000 
31 hoe_vis 30 0.988 0.000 0.176 0.712 0.018 0.192 0.000 0.000 0.001 0.385 0.001 0.000 0.000 0.000 0.012 0.000 0.000 0.000 0.000 0.059 0.621 0.112 0.461 0.000 0.000 0.000 0.015 0.005 0.000 0.002 0.000 0.000 0.909 0.001 0.001 0.000 0.000 0.001 0.000 0.000 0.001 0.001 0.000 0.000 0.000 0.000 0.000 0.000 0.000 0.011 0.000 0.002 0.000 0.002 0.023 0.769 0.002 0.000 
32 rake_vis 30 0.001 0.000 0.000 0.000 0.061 0.994 0.103 0.989 0.014 0.000 0.000 0.000 0.003 0.000 0.001 0.001 0.000 0.000 0.000 0.000 0.000 0.000 0.000 0.000 0.002 0.001 0.006 0.000 0.073 0.001 0.001 0.032 0.000 0.005 0.000 0.226 0.001 0.001 0.063 0.021 0.048 0.093 0.974 0.065 0.016 0.286 0.000 0.000 0.024 0.003 0.119 0.000 0.000 0.000 0.001 0.000 0.000 0.000 
33 shovel_vis 30 0.001 0.000 0.000 0.000 0.060 0.994 0.079 0.991 0.019 0.000 0.000 0.000 0.001 0.000 0.009 0.000 0.000 0.000 0.000 0.000 0.000 0.000 0.003 0.000 0.001 0.000 0.000 0.001 0.001 0.064 0.000 0.000 0.000 0.153 0.049 0.001 0.001 0.017 0.011 0.001 0.956 0.466 0.092 0.021 0.134 0.001 0.000 0.000 0.000 0.050 0.000 0.011 0.000 0.000 0.000 0.000 0.000 0.000 
34 spade_vis 30 0.001 0.001 0.000 0.000 0.006 0.994 0.033 0.989 0.078 0.000 0.000 0.000 0.031 0.000 0.008 0.000 0.000 0.000 0.000 0.000 0.000 0.000 0.001 0.000 0.001 0.000 0.000 0.000 0.001 0.012 0.000 0.000 0.000 0.022 0.019 0.001 0.003 0.001 0.002 0.020 0.276 0.848 0.020 0.002 0.083 0.033 0.002 0.000 0.000 0.062 0.000 0.001 0.000 0.002 0.000 0.000 0.000 0.000 
35 wrench_vis 30 0.964 0.155 0.001 0.004 0.950 0.162 0.000 0.001 0.257 0.002 0.114 0.012 0.000 0.014 0.260 0.000 0.000 0.000 0.000 0.008 0.223 0.007 0.068 0.000 0.000 0.000 0.001 0.001 0.000 0.008 0.000 0.016 0.958 0.150 0.001 0.000 0.000 0.000 0.000 0.000 0.001 0.002 0.000 0.000 0.000 0.000 0.000 0.000 0.002 0.125 0.000 0.025 0.000 0.002 0.000 0.021 0.002 0.000 
36 accordion_vis 30 0.148 0.231 0.000 0.000 0.001 0.981 0.000 0.067 0.934 0.003 0.164 0.000 0.001 0.002 0.430 0.000 0.001 0.000 0.000 0.000 0.001 0.002 0.000 0.000 0.000 0.000 0.000 0.000 0.001 0.001 0.000 0.000 0.001 0.001 0.001 0.001 0.001 0.000 0.000 0.000 0.000 0.053 0.000 0.001 0.001 0.001 0.275 0.063 0.000 0.166 0.000 0.003 0.001 0.306 0.000 0.000 0.001 0.002 
37 cello_vis 30 0.001 0.000 0.000 0.000 0.012 0.994 0.000 0.074 0.991 0.062 0.001 0.000 0.000 0.001 0.005 0.001 0.000 0.000 0.000 0.001 0.001 0.000 0.001 0.000 0.000 0.000 0.001 0.000 0.001 0.001 0.000 0.000 0.024 0.001 0.000 0.002 0.000 0.000 0.000 0.000 0.002 0.006 0.005 0.002 0.000 0.001 0.008 0.004 0.605 0.484 0.050 0.143 0.001 0.001 0.010 0.005 0.002 0.005 
38 flute_vis 30 0.001 0.000 0.000 0.000 0.034 0.994 0.000 0.125 0.991 0.137 0.001 0.000 0.000 0.003 0.115 0.000 0.000 0.000 0.000 0.000 0.002 0.001 0.005 0.000 0.000 0.000 0.000 0.000 0.001 0.002 0.000 0.000 0.093 0.004 0.000 0.002 0.000 0.001 0.000 0.000 0.041 0.019 0.001 0.001 0.000 0.001 0.007 0.001 0.388 0.901 0.006 0.639 0.001 0.003 0.002 0.116 0.005 0.003 
39 guitar_vis 30 0.978 0.001 0.007 0.023 0.689 0.449 0.000 0.000 0.015 0.080 0.021 0.000 0.000 0.003 0.214 0.000 0.000 0.000 0.000 0.007 0.129 0.041 0.371 0.000 0.000 0.000 0.003 0.002 0.000 0.004 0.000 0.000 0.900 0.066 0.001 0.000 0.000 0.001 0.000 0.000 0.000 0.001 0.000 0.000 0.000 0.000 0.000 0.000 0.001 0.112 0.000 0.019 0.000 0.002 0.001 0.371 0.003 0.000 
40 piano_vis 30 0.001 0.000 0.000 0.000 0.017 0.994 0.000 0.070 0.990 0.095 0.002 0.000 0.000 0.007 0.012 0.000 0.000 0.000 0.000 0.001 0.002 0.000 0.003 0.000 0.000 0.000 0.004 0.000 0.001 0.001 0.002 0.000 0.078 0.012 0.000 0.005 0.000 0.001 0.001 0.000 0.030 0.008 0.007 0.002 0.001 0.001 0.006 0.012 0.488 0.278 0.067 0.705 0.001 0.001 0.024 0.042 0.002 0.008 
41 trumpet_vis 30 0.001 0.006 0.000 0.000 0.002 0.994 0.021 0.985 0.005 0.000 0.000 0.000 0.086 0.000 0.001 0.000 0.000 0.000 0.000 0.000 0.000 0.000 0.000 0.000 0.001 0.000 0.000 0.000 0.001 0.001 0.000 0.000 0.000 0.007 0.003 0.001 0.005 0.000 0.000 0.059 0.012 0.634 0.055 0.001 0.345 0.314 0.002 0.000 0.000 0.002 0.002 0.000 0.000 0.000 0.000 0.000 0.000 0.000 
42 fork_vis 30 0.409 0.000 0.269 0.000 0.000 0.994 0.035 0.000 0.004 0.947 0.000 0.000 0.000 0.001 0.001 0.000 0.416 0.000 0.000 0.000 0.004 0.001 0.000 0.000 0.000 0.000 0.000 0.002 0.000 0.000 0.000 0.000 0.000 0.000 0.003 0.001 0.252 0.004 0.000 0.000 0.000 0.001 0.000 0.000 0.000 0.000 0.001 0.116 0.000 0.003 0.000 0.001 0.155 0.321 0.000 0.003 0.490 0.001 
43 spoon_vis 30 0.894 0.000 0.143 0.469 0.001 0.817 0.002 0.000 0.001 0.936 0.001 0.000 0.000 0.000 0.009 0.000 0.000 0.000 0.000 0.060 0.251 0.225 0.623 0.000 0.000 0.000 0.023 0.008 0.000 0.001 0.000 0.000 0.513 0.000 0.004 0.000 0.000 0.006 0.002 0.000 0.001 0.001 0.000 0.000 0.000 0.000 0.000 0.000 0.000 0.014 0.000 0.004 0.000 0.007 0.030 0.956 0.013 0.001 
44 tongs_vis 30 0.001 0.000 0.041 0.037 0.000 0.995 0.085 0.000 0.006 0.993 0.000 0.000 0.000 0.000 0.000 0.000 0.000 0.108 0.000 0.261 0.006 0.001 0.000 0.010 0.000 0.645 0.069 0.001 0.000 0.000 0.000 0.000 0.000 0.000 0.000 0.109 0.000 0.003 0.062 0.001 0.000 0.001 0.001 0.000 0.000 0.000 0.000 0.000 0.130 0.003 0.103 0.000 0.039 0.000 0.990 0.014 0.005 0.148 
45 ladle_vis 30 0.990 0.000 0.165 0.663 0.013 0.305 0.000 0.000 0.000 0.517 0.001 0.000 0.000 0.000 0.016 0.000 0.000 0.000 0.000 0.051 0.617 0.138 0.617 0.000 0.000 0.000 0.016 0.008 0.000 0.002 0.000 0.000 0.914 0.001 0.001 0.000 0.000 0.001 0.000 0.000 0.001 0.001 0.000 0.000 0.000 0.000 0.000 0.000 0.000 0.013 0.000 0.002 0.000 0.002 0.019 0.909 0.002 0.000 
46 knife_vis 30 0.725 0.000 0.068 0.421 0.001 0.963 0.009 0.000 0.003 0.977 0.000 0.000 0.000 0.000 0.005 0.000 0.002 0.000 0.000 0.030 0.305 0.104 0.513 0.000 0.000 0.000 0.017 0.026 0.000 0.001 0.000 0.000 0.396 0.000 0.003 0.001 0.001 0.054 0.003 0.000 0.001 0.001 0.000 0.000 0.000 0.000 0.000 0.000 0.000 0.015 0.000 0.036 0.001 0.007 0.086 0.972 0.097 0.000 
47 chopsticks_vis 30 0.002 0.000 0.029 0.001 0.000 0.995 0.063 0.000 0.017 0.993 0.000 0.000 0.000 0.000 0.001 0.000 0.001 0.000 0.000 0.066 0.001 0.014 0.001 0.000 0.001 0.000 0.001 0.001 0.000 0.000 0.000 0.000 0.000 0.000 0.003 0.002 0.001 0.001 0.003 0.043 0.000 0.001 0.000 0.000 0.000 0.000 0.001 0.000 0.000 0.014 0.016 0.000 0.015 0.137 0.318 0.051 0.005 0.855 
