0 beaver_vis 30 0.995 0.987 0.025 0.001 0.027 0.001 0.001 0.001 0.001 0.001 0.973 0.031 0.060 0.001 0.026 0.033 0.009 0.023 0.005 0.001 0.008 0.009 0.000 0.001 0.001 0.001 0.018 0.002 0.018 0.001 0.001 0.001 0.001 0.001 0.001 0.000 0.002 0.001 0.002 0.001 0.001 0.001 0.003 0.001 0.002 0.002 0.001 0.001 0.001 0.005 0.001 0.003 0.001 0.003 0.001 0.001 0.005 0.000 
1 bear_vis 30 0.995 0.993 0.001 0.002 0.002 0.002 0.000 0.001 0.011 0.001 0.001 0.973 0.324 0.052 0.002 0.166 0.001 0.007 0.002 0.001 0.032 0.000 0.000 0.003 0.002 0.043 0.001 0.002 0.001 0.001 0.008 0.001 0.001 0.000 0.001 0.001 0.004 0.000 0.001 0.000 0.001 0.001 0.025 0.000 0.001 0.019 0.432 0.001 0.060 0.005 0.023 0.001 0.000 0.002 0.002 0.001 0.001 0.000 
2 sheep_vis 30 0.994 0.990 0.007 0.002 0.004 0.002 0.000 0.002 0.001 0.001 0.036 0.014 0.984 0.004 0.002 0.047 0.008 0.005 0.033 0.001 0.022 0.004 0.001 0.002 0.092 0.001 0.002 0.002 0.001 0.004 0.001 0.002 0.008 0.001 0.001 0.000 0.001 0.005 0.001 0.004 0.001 0.002 0.015 0.001 0.004 0.071 0.006 0.001 0.001 0.009 0.003 0.005 0.000 0.002 0.009 0.001 0.001 0.000 
3 buffalo_vis 30 0.996 0.993 0.003 0.001 0.004 0.002 0.001 0.002 0.009 0.001 0.001 0.033 0.900 0.243 0.006 0.863 0.001 0.001 0.017 0.000 0.097 0.000 0.000 0.003 0.001 0.003 0.001 0.008 0.001 0.002 0.005 0.002 0.013 0.001 0.001 0.001 0.010 0.001 0.001 0.001 0.115 0.007 0.027 0.001 0.001 0.185 0.356 0.001 0.058 0.014 0.087 0.038 0.000 0.002 0.001 0.002 0.001 0.000 
4 poodle_vis 30 0.994 0.993 0.011 0.001 0.003 0.003 0.001 0.001 0.001 0.001 0.030 0.706 0.045 0.003 0.963 0.297 0.004 0.003 0.002 0.000 0.143 0.121 0.000 0.003 0.001 0.010 0.001 0.671 0.002 0.001 0.003 0.001 0.001 0.004 0.001 0.001 0.631 0.001 0.002 0.001 0.001 0.001 0.026 0.001 0.001 0.002 0.128 0.001 0.002 0.015 0.001 0.001 0.001 0.005 0.007 0.001 0.419 0.000 
5 giraffe_vis 30 0.995 0.994 0.002 0.001 0.003 0.002 0.000 0.001 0.030 0.001 0.001 0.811 0.690 0.093 0.008 0.629 0.001 0.002 0.002 0.000 0.087 0.001 0.000 0.005 0.001 0.008 0.001 0.008 0.001 0.001 0.011 0.002 0.001 0.001 0.001 0.001 0.005 0.001 0.001 0.000 0.001 0.001 0.025 0.000 0.001 0.060 0.551 0.001 0.074 0.019 0.044 0.002 0.000 0.002 0.002 0.002 0.002 0.000 
6 robin_vis 30 0.965 0.063 0.960 0.001 0.004 0.106 0.001 0.002 0.001 0.053 0.052 0.000 0.506 0.349 0.038 0.001 0.946 0.003 0.011 0.031 0.010 0.011 0.003 0.001 0.001 0.000 0.001 0.001 0.001 0.073 0.000 0.001 0.098 0.001 0.001 0.000 0.006 0.001 0.012 0.001 0.001 0.004 0.001 0.001 0.001 0.001 0.001 0.001 0.001 0.014 0.001 0.003 0.027 0.758 0.000 0.003 0.014 0.001 
7 swan_vis 30 0.995 0.003 0.993 0.002 0.001 0.001 0.001 0.001 0.001 0.001 0.003 0.003 0.009 0.001 0.001 0.001 0.002 0.925 0.022 0.098 0.096 0.013 0.001 0.001 0.029 0.002 0.010 0.001 0.001 0.001 0.000 0.001 0.001 0.001 0.003 0.001 0.001 0.001 0.003 0.001 0.001 0.001 0.001 0.001 0.001 0.003 0.000 0.004 0.001 0.065 0.000 0.007 0.000 0.009 0.000 0.001 0.001 0.001 
8 woodpecker_vis 30 0.995 0.010 0.978 0.046 0.001 0.005 0.000 0.277 0.001 0.001 0.000 0.001 0.062 0.001 0.001 0.003 0.004 0.014 0.961 0.002 0.058 0.435 0.100 0.004 0.003 0.001 0.002 0.094 0.000 0.001 0.000 0.000 0.013 0.001 0.000 0.000 0.002 0.001 0.001 0.014 0.001 0.016 0.001 0.663 0.001 0.110 0.001 0.000 0.001 0.009 0.000 0.001 0.000 0.001 0.000 0.002 0.001 0.000 
9 peacock_vis 30 0.996 0.002 0.993 0.002 0.001 0.002 0.000 0.001 0.000 0.004 0.001 0.001 0.024 0.003 0.002 0.000 0.003 0.142 0.233 0.953 0.133 0.043 0.063 0.001 0.236 0.000 0.001 0.001 0.000 0.001 0.000 0.001 0.046 0.002 0.001 0.000 0.001 0.000 0.001 0.001 0.001 0.001 0.001 0.013 0.000 0.002 0.000 0.000 0.000 0.001 0.000 0.001 0.001 0.009 0.000 0.002 0.001 0.036 
10 crow_vis 30 0.995 0.010 0.990 0.002 0.001 0.002 0.006 0.001 0.001 0.001 0.002 0.016 0.006 0.001 0.006 0.004 0.001 0.338 0.013 0.021 0.935 0.003 0.000 0.001 0.008 0.170 0.001 0.001 0.001 0.001 0.001 0.010 0.002 0.001 0.004 0.004 0.009 0.002 0.005 0.001 0.001 0.001 0.001 0.002 0.001 0.009 0.000 0.001 0.008 0.064 0.001 0.013 0.000 0.012 0.000 0.001 0.002 0.000 
11 eagle_vis 30 0.994 0.005 0.990 0.002 0.001 0.003 0.001 0.002 0.001 0.001 0.002 0.000 0.034 0.000 0.008 0.001 0.018 0.191 0.327 0.139 0.460 0.869 0.006 0.001 0.071 0.000 0.006 0.011 0.001 0.001 0.000 0.001 0.011 0.002 0.002 0.000 0.001 0.003 0.001 0.020 0.001 0.001 0.001 0.024 0.001 0.005 0.000 0.000 0.001 0.038 0.000 0.001 0.001 0.003 0.000 0.003 0.015 0.001 
12 tuna_vis 30 0.932 0.002 0.003 0.990 0.002 0.002 0.000 0.424 0.000 0.001 0.000 0.000 0.005 0.000 0.001 0.000 0.001 0.001 0.097 0.009 0.001 0.001 0.963 0.002 0.097 0.002 0.004 0.054 0.000 0.001 0.000 0.001 0.022 0.001 0.001 0.000 0.000 0.000 0.001 0.000 0.001 0.009 0.003 0.005 0.153 0.002 0.000 0.000 0.000 0.001 0.000 0.001 0.000 0.001 0.000 0.001 0.001 0.001 
13 goldfish_vis 30 0.993 0.010 0.001 0.979 0.009 0.002 0.001 0.002 0.301 0.001 0.000 0.002 0.001 0.001 0.001 0.067 0.001 0.001 0.001 0.000 0.001 0.001 0.001 0.937 0.001 0.028 0.108 0.048 0.001 0.004 0.051 0.001 0.001 0.003 0.001 0.001 0.001 0.001 0.001 0.000 0.001 0.001 0.001 0.001 0.001 0.003 0.095 0.122 0.012 0.003 0.001 0.005 0.000 0.001 0.000 0.056 0.001 0.000 
14 salmon_vis 30 0.988 0.004 0.026 0.989 0.002 0.002 0.001 0.002 0.001 0.001 0.000 0.001 0.016 0.000 0.001 0.000 0.001 0.010 0.138 0.003 0.001 0.001 0.150 0.003 0.909 0.014 0.064 0.010 0.001 0.001 0.000 0.003 0.002 0.001 0.013 0.000 0.001 0.001 0.001 0.001 0.001 0.001 0.001 0.001 0.026 0.006 0.001 0.000 0.001 0.002 0.000 0.001 0.000 0.001 0.001 0.001 0.001 0.001 
15 sardine_vis 30 0.991 0.008 0.005 0.992 0.003 0.001 0.001 0.002 0.001 0.001 0.001 0.001 0.012 0.000 0.001 0.001 0.001 0.004 0.073 0.001 0.002 0.000 0.030 0.005 0.942 0.144 0.060 0.004 0.001 0.002 0.001 0.009 0.001 0.001 0.036 0.001 0.001 0.001 0.001 0.000 0.001 0.001 0.001 0.001 0.008 0.002 0.001 0.001 0.001 0.002 0.000 0.001 0.000 0.001 0.003 0.001 0.001 0.001 
16 catfish_vis 30 0.996 0.121 0.990 0.079 0.013 0.001 0.003 0.001 0.001 0.001 0.911 0.001 0.002 0.000 0.002 0.021 0.038 0.781 0.225 0.016 0.002 0.024 0.001 0.062 0.009 0.002 0.977 0.003 0.029 0.005 0.001 0.001 0.000 0.046 0.008 0.001 0.001 0.014 0.002 0.001 0.005 0.001 0.001 0.001 0.002 0.003 0.000 0.294 0.001 0.005 0.001 0.081 0.003 0.002 0.000 0.002 0.003 0.001 
17 cod_vis 30 0.994 0.021 0.002 0.990 0.003 0.002 0.002 0.003 0.001 0.001 0.000 0.054 0.001 0.001 0.001 0.001 0.001 0.001 0.006 0.001 0.002 0.000 0.003 0.022 0.095 0.946 0.007 0.018 0.001 0.001 0.002 0.022 0.001 0.002 0.009 0.001 0.007 0.001 0.001 0.000 0.001 0.001 0.002 0.001 0.004 0.004 0.004 0.008 0.003 0.001 0.001 0.003 0.000 0.001 0.002 0.001 0.001 0.000 
18 turtle_vis 30 0.991 0.026 0.003 0.007 0.987 0.001 0.003 0.001 0.001 0.001 0.041 0.059 0.002 0.001 0.003 0.002 0.001 0.025 0.001 0.000 0.004 0.002 0.001 0.005 0.003 0.004 0.165 0.003 0.964 0.020 0.216 0.052 0.006 0.041 0.006 0.004 0.001 0.001 0.002 0.001 0.001 0.001 0.002 0.001 0.004 0.001 0.002 0.005 0.001 0.004 0.001 0.001 0.000 0.001 0.002 0.001 0.002 0.001 
19 rattlesnake_vis 30 0.985 0.002 0.130 0.003 0.733 0.658 0.001 0.001 0.003 0.003 0.000 0.000 0.001 0.001 0.001 0.001 0.152 0.000 0.001 0.000 0.001 0.001 0.001 0.054 0.001 0.001 0.002 0.001 0.006 0.370 0.021 0.001 0.039 0.032 0.001 0.009 0.000 0.001 0.001 0.003 0.007 0.002 0.002 0.000 0.001 0.001 0.001 0.001 0.001 0.003 0.097 0.001 0.010 0.001 0.000 0.015 0.009 0.001 
20 crab_vis 30 0.995 0.017 0.001 0.004 0.992 0.003 0.000 0.001 0.007 0.001 0.000 0.009 0.001 0.024 0.003 0.007 0.001 0.000 0.001 0.000 0.004 0.000 0.000 0.028 0.001 0.003 0.002 0.002 0.014 0.028 0.974 0.002 0.224 0.119 0.001 0.003 0.000 0.000 0.001 0.000 0.001 0.001 0.003 0.000 0.000 0.004 0.130 0.002 0.008 0.002 0.001 0.001 0.000 0.001 0.001 0.150 0.002 0.000 
21 frog_vis 30 0.994 0.010 0.009 0.014 0.986 0.002 0.005 0.002 0.002 0.001 0.001 0.007 0.006 0.001 0.001 0.001 0.001 0.001 0.001 0.000 0.025 0.000 0.001 0.002 0.016 0.030 0.003 0.002 0.023 0.019 0.030 0.924 0.098 0.005 0.012 0.026 0.001 0.002 0.002 0.001 0.001 0.001 0.002 0.001 0.007 0.002 0.001 0.028 0.001 0.004 0.001 0.027 0.000 0.001 0.022 0.001 0.001 0.001 
22 gecko_vis 30 0.992 0.002 0.001 0.006 0.992 0.095 0.000 0.355 0.001 0.001 0.000 0.000 0.035 0.010 0.001 0.001 0.001 0.000 0.001 0.002 0.003 0.000 0.031 0.002 0.004 0.001 0.001 0.001 0.001 0.050 0.039 0.018 0.974 0.005 0.000 0.001 0.000 0.000 0.001 0.000 0.001 0.093 0.244 0.001 0.001 0.290 0.004 0.000 0.001 0.001 0.000 0.021 0.000 0.001 0.001 0.018 0.001 0.001 
23 crocodile_vis 30 0.996 0.001 0.186 0.197 0.852 0.002 0.000 0.002 0.000 0.074 0.001 0.000 0.001 0.001 0.003 0.000 0.002 0.001 0.001 0.152 0.002 0.171 0.652 0.002 0.021 0.001 0.058 0.292 0.002 0.006 0.002 0.001 0.846 0.833 0.001 0.001 0.000 0.001 0.001 0.099 0.015 0.003 0.007 0.001 0.004 0.001 0.000 0.000 0.000 0.001 0.001 0.001 0.015 0.001 0.026 0.073 0.047 0.007 
24 axe_vis 30 0.003 0.010 0.004 0.013 0.003 0.992 0.918 0.002 0.100 0.020 0.002 0.073 0.005 0.001 0.004 0.004 0.001 0.094 0.002 0.001 0.015 0.001 0.001 0.006 0.073 0.010 0.007 0.002 0.117 0.002 0.004 0.008 0.001 0.001 0.900 0.002 0.065 0.014 0.049 0.002 0.001 0.001 0.001 0.003 0.003 0.007 0.007 0.011 0.023 0.192 0.001 0.001 0.001 0.055 0.002 0.003 0.004 0.012 
25 hammer_vis 30 0.003 0.002 0.001 0.001 0.002 0.995 0.086 0.002 0.977 0.002 0.000 0.000 0.001 0.000 0.001 0.017 0.001 0.002 0.001 0.000 0.004 0.000 0.000 0.037 0.002 0.001 0.001 0.001 0.003 0.010 0.001 0.001 0.000 0.001 0.002 0.020 0.010 0.082 0.001 0.002 0.008 0.001 0.001 0.001 0.001 0.013 0.002 0.022 0.069 0.716 0.001 0.002 0.000 0.001 0.001 0.002 0.007 0.001 
26 screwdriver_vis 30 0.007 0.147 0.001 0.001 0.001 0.995 0.058 0.002 0.794 0.002 0.000 0.122 0.001 0.014 0.001 0.170 0.001 0.008 0.001 0.000 0.052 0.000 0.000 0.006 0.000 0.001 0.001 0.001 0.000 0.001 0.003 0.001 0.000 0.000 0.004 0.002 0.892 0.001 0.004 0.001 0.001 0.001 0.001 0.001 0.001 0.021 0.013 0.002 0.924 0.045 0.006 0.001 0.000 0.008 0.000 0.001 0.003 0.000 
27 chisel_vis 30 0.003 0.004 0.002 0.001 0.002 0.995 0.278 0.002 0.841 0.004 0.000 0.000 0.001 0.000 0.001 0.007 0.001 0.002 0.001 0.000 0.004 0.000 0.000 0.014 0.002 0.001 0.001 0.001 0.005 0.016 0.001 0.001 0.000 0.001 0.003 0.006 0.016 0.279 0.001 0.001 0.003 0.001 0.001 0.001 0.001 0.003 0.001 0.011 0.011 0.547 0.001 0.002 0.000 0.001 0.001 0.001 0.012 0.001 
28 saw_vis 30 0.003 0.003 0.014 0.007 0.002 0.994 0.795 0.002 0.305 0.018 0.001 0.002 0.002 0.000 0.003 0.002 0.008 0.018 0.001 0.000 0.004 0.001 0.000 0.012 0.006 0.004 0.002 0.002 0.047 0.003 0.001 0.005 0.000 0.001 0.272 0.002 0.067 0.010 0.572 0.003 0.001 0.001 0.001 0.001 0.006 0.002 0.004 0.015 0.002 0.379 0.003 0.004 0.003 0.491 0.001 0.001 0.003 0.001 
29 drill_vis 30 0.002 0.002 0.004 0.002 0.002 0.995 0.974 0.007 0.003 0.074 0.000 0.000 0.001 0.000 0.005 0.001 0.002 0.001 0.002 0.000 0.007 0.046 0.000 0.002 0.004 0.000 0.002 0.035 0.014 0.001 0.000 0.002 0.001 0.001 0.008 0.002 0.162 0.398 0.043 0.814 0.003 0.001 0.001 0.003 0.002 0.001 0.001 0.001 0.001 0.272 0.004 0.001 0.035 0.001 0.002 0.001 0.725 0.001 
30 clamp_vis 30 0.002 0.001 0.001 0.003 0.002 0.996 0.032 0.993 0.001 0.001 0.000 0.000 0.001 0.000 0.000 0.000 0.000 0.001 0.003 0.000 0.001 0.000 0.002 0.002 0.001 0.000 0.000 0.002 0.001 0.002 0.000 0.003 0.002 0.001 0.001 0.006 0.001 0.020 0.001 0.008 0.194 0.023 0.011 0.667 0.005 0.040 0.000 0.000 0.002 0.001 0.001 0.014 0.001 0.000 0.001 0.001 0.001 0.001 
31 hoe_vis 30 0.003 0.007 0.001 0.010 0.003 0.996 0.000 0.506 0.630 0.002 0.000 0.000 0.008 0.001 0.000 0.001 0.000 0.000 0.001 0.000 0.001 0.000 0.001 0.003 0.001 0.000 0.001 0.001 0.001 0.002 0.001 0.001 0.003 0.000 0.001 0.000 0.000 0.001 0.001 0.000 0.004 0.083 0.003 0.002 0.036 0.626 0.269 0.001 0.001 0.001 0.001 0.509 0.000 0.001 0.001 0.006 0.001 0.001 
32 rake_vis 30 0.002 0.002 0.001 0.006 0.003 0.996 0.001 0.961 0.030 0.001 0.000 0.000 0.003 0.000 0.000 0.002 0.000 0.004 0.001 0.000 0.001 0.000 0.000 0.015 0.002 0.000 0.001 0.001 0.002 0.002 0.001 0.002 0.001 0.001 0.001 0.001 0.001 0.010 0.001 0.002 0.037 0.005 0.014 0.052 0.006 0.810 0.001 0.000 0.028 0.007 0.000 0.025 0.000 0.000 0.003 0.001 0.001 0.001 
33 shovel_vis 30 0.002 0.002 0.001 0.007 0.002 0.995 0.003 0.984 0.004 0.001 0.000 0.000 0.007 0.000 0.000 0.001 0.000 0.007 0.005 0.000 0.004 0.000 0.001 0.006 0.010 0.000 0.001 0.002 0.002 0.002 0.001 0.003 0.004 0.000 0.002 0.001 0.001 0.015 0.001 0.002 0.008 0.008 0.018 0.370 0.002 0.835 0.001 0.000 0.025 0.004 0.000 0.008 0.000 0.000 0.001 0.001 0.001 0.002 
34 spade_vis 30 0.002 0.007 0.001 0.010 0.003 0.995 0.000 0.315 0.788 0.001 0.000 0.000 0.006 0.000 0.000 0.001 0.000 0.000 0.001 0.000 0.000 0.000 0.001 0.004 0.001 0.000 0.000 0.001 0.001 0.002 0.001 0.001 0.002 0.000 0.001 0.000 0.000 0.001 0.001 0.000 0.008 0.114 0.002 0.002 0.094 0.506 0.207 0.003 0.001 0.001 0.001 0.841 0.000 0.000 0.001 0.003 0.001 0.001 
35 wrench_vis 30 0.002 0.002 0.001 0.003 0.003 0.995 0.001 0.102 0.734 0.001 0.000 0.000 0.015 0.000 0.000 0.001 0.000 0.000 0.001 0.000 0.001 0.000 0.000 0.002 0.004 0.000 0.000 0.001 0.000 0.005 0.000 0.001 0.001 0.000 0.001 0.000 0.000 0.015 0.001 0.001 0.027 0.004 0.003 0.003 0.001 0.499 0.002 0.001 0.002 0.009 0.001 0.858 0.000 0.000 0.001 0.002 0.001 0.000 
36 accordion_vis 30 0.003 0.068 0.001 0.003 0.003 0.994 0.001 0.001 0.995 0.002 0.000 0.107 0.001 0.001 0.000 0.015 0.001 0.000 0.001 0.000 0.001 0.000 0.000 0.029 0.000 0.001 0.001 0.001 0.001 0.001 0.020 0.001 0.000 0.000 0.002 0.001 0.281 0.001 0.004 0.000 0.001 0.001 0.001 0.000 0.001 0.008 0.991 0.017 0.040 0.046 0.039 0.002 0.000 0.020 0.005 0.003 0.001 0.000 
37 cello_vis 30 0.003 0.006 0.001 0.002 0.005 0.995 0.002 0.001 0.995 0.001 0.000 0.001 0.001 0.000 0.000 0.006 0.000 0.000 0.001 0.000 0.001 0.000 0.000 0.017 0.001 0.001 0.001 0.000 0.003 0.008 0.002 0.001 0.000 0.000 0.001 0.003 0.001 0.003 0.002 0.000 0.005 0.001 0.001 0.000 0.001 0.002 0.500 0.637 0.007 0.024 0.016 0.100 0.000 0.003 0.006 0.002 0.001 0.000 
38 flute_vis 30 0.003 0.002 0.001 0.002 0.003 0.995 0.013 0.001 0.976 0.002 0.000 0.002 0.001 0.001 0.000 0.029 0.001 0.004 0.001 0.000 0.006 0.000 0.000 0.068 0.001 0.001 0.001 0.001 0.002 0.002 0.009 0.001 0.000 0.000 0.001 0.002 0.085 0.003 0.002 0.001 0.001 0.001 0.001 0.000 0.001 0.036 0.034 0.007 0.482 0.686 0.003 0.002 0.000 0.005 0.000 0.003 0.003 0.000 
39 guitar_vis 30 0.003 0.002 0.001 0.003 0.003 0.995 0.007 0.001 0.979 0.003 0.000 0.001 0.003 0.001 0.000 0.022 0.001 0.009 0.001 0.000 0.004 0.000 0.000 0.050 0.004 0.001 0.001 0.001 0.004 0.003 0.005 0.001 0.000 0.000 0.002 0.001 0.012 0.004 0.003 0.002 0.001 0.001 0.001 0.000 0.001 0.058 0.077 0.008 0.103 0.935 0.003 0.002 0.000 0.012 0.001 0.006 0.004 0.000 
40 piano_vis 30 0.003 0.007 0.001 0.003 0.003 0.994 0.002 0.001 0.992 0.002 0.000 0.002 0.002 0.000 0.000 0.037 0.001 0.001 0.001 0.000 0.003 0.000 0.000 0.025 0.001 0.000 0.001 0.001 0.001 0.002 0.005 0.001 0.000 0.000 0.002 0.001 0.058 0.002 0.007 0.001 0.002 0.001 0.001 0.000 0.003 0.031 0.689 0.043 0.100 0.576 0.018 0.013 0.001 0.008 0.002 0.006 0.003 0.000 
41 trumpet_vis 30 0.002 0.002 0.001 0.002 0.003 0.995 0.000 0.012 0.963 0.001 0.000 0.000 0.002 0.000 0.000 0.001 0.000 0.000 0.001 0.000 0.000 0.000 0.000 0.002 0.001 0.000 0.000 0.000 0.001 0.010 0.000 0.001 0.000 0.000 0.000 0.001 0.000 0.005 0.001 0.000 0.053 0.002 0.002 0.001 0.002 0.104 0.004 0.009 0.001 0.001 0.001 0.981 0.000 0.000 0.001 0.001 0.001 0.000 
42 fork_vis 30 0.003 0.001 0.002 0.001 0.022 0.995 0.002 0.002 0.071 0.992 0.000 0.000 0.008 0.002 0.001 0.001 0.015 0.000 0.001 0.000 0.001 0.006 0.001 0.011 0.003 0.000 0.001 0.002 0.001 0.079 0.002 0.001 0.014 0.002 0.001 0.001 0.001 0.006 0.003 0.007 0.001 0.002 0.001 0.001 0.001 0.003 0.014 0.001 0.002 0.353 0.001 0.001 0.010 0.037 0.002 0.834 0.620 0.007 
43 spoon_vis 30 0.004 0.001 0.002 0.001 0.005 0.995 0.001 0.001 0.021 0.991 0.000 0.000 0.002 0.002 0.001 0.001 0.005 0.000 0.001 0.000 0.001 0.003 0.000 0.008 0.003 0.000 0.001 0.001 0.000 0.022 0.001 0.000 0.003 0.002 0.001 0.000 0.001 0.004 0.002 0.004 0.001 0.001 0.001 0.000 0.001 0.002 0.006 0.001 0.002 0.128 0.001 0.001 0.003 0.015 0.001 0.541 0.650 0.002 
44 tongs_vis 30 0.003 0.003 0.001 0.007 0.009 0.995 0.116 0.004 0.943 0.049 0.000 0.000 0.041 0.000 0.000 0.130 0.001 0.005 0.001 0.000 0.009 0.006 0.000 0.089 0.020 0.000 0.005 0.002 0.043 0.020 0.003 0.001 0.001 0.001 0.016 0.001 0.004 0.275 0.003 0.142 0.002 0.002 0.001 0.001 0.001 0.198 0.094 0.005 0.058 0.923 0.001 0.001 0.001 0.006 0.003 0.277 0.359 0.002 
45 ladle_vis 30 0.003 0.001 0.001 0.001 0.014 0.996 0.000 0.002 0.035 0.991 0.000 0.000 0.008 0.002 0.001 0.000 0.007 0.000 0.001 0.000 0.001 0.004 0.001 0.007 0.005 0.000 0.001 0.001 0.000 0.051 0.001 0.000 0.017 0.001 0.001 0.000 0.001 0.006 0.001 0.003 0.001 0.004 0.001 0.001 0.001 0.007 0.018 0.001 0.002 0.272 0.001 0.001 0.002 0.019 0.001 0.786 0.619 0.004 
46 knife_vis 30 0.004 0.002 0.002 0.001 0.006 0.995 0.001 0.001 0.021 0.989 0.000 0.000 0.003 0.001 0.001 0.001 0.005 0.000 0.001 0.000 0.001 0.003 0.000 0.007 0.002 0.000 0.001 0.001 0.001 0.039 0.001 0.000 0.006 0.001 0.001 0.001 0.002 0.007 0.001 0.005 0.001 0.001 0.001 0.001 0.001 0.003 0.004 0.001 0.002 0.169 0.001 0.001 0.002 0.009 0.001 0.577 0.642 0.002 
47 chopsticks_vis 30 0.003 0.001 0.001 0.001 0.012 0.995 0.002 0.002 0.026 0.985 0.000 0.000 0.004 0.001 0.001 0.001 0.005 0.000 0.001 0.000 0.001 0.001 0.000 0.006 0.003 0.000 0.001 0.001 0.001 0.067 0.001 0.001 0.007 0.002 0.001 0.001 0.001 0.009 0.001 0.006 0.001 0.001 0.001 0.001 0.001 0.003 0.003 0.001 0.002 0.156 0.001 0.001 0.002 0.006 0.002 0.375 0.470 0.004 
0 beaver_vis 30 0.995 0.993 0.006 0.001 0.015 0.001 0.001 0.002 0.001 0.001 0.457 0.424 0.016 0.016 0.103 0.403 0.004 0.004 0.003 0.001 0.010 0.004 0.000 0.002 0.001 0.002 0.006 0.004 0.003 0.001 0.016 0.001 0.001 0.001 0.001 0.001 0.007 0.001 0.001 0.001 0.007 0.001 0.009 0.001 0.001 0.002 0.010 0.001 0.002 0.002 0.009 0.005 0.001 0.001 0.001 0.001 0.002 0.000 
1 bear_vis 30 0.996 0.994 0.001 0.001 0.005 0.001 0.000 0.001 0.020 0.001 0.001 0.607 0.233 0.268 0.012 0.780 0.001 0.001 0.001 0.000 0.011 0.001 0.000 0.006 0.000 0.003 0.001 0.005 0.001 0.002 0.031 0.001 0.001 0.001 0.001 0.002 0.002 0.000 0.001 0.000 0.001 0.001 0.027 0.000 0.000 0.021 0.481 0.001 0.055 0.002 0.038 0.003 0.000 0.001 0.001 0.003 0.001 0.000 
2 sheep_vis 30 0.995 0.742 0.184 0.034 0.002 0.001 0.001 0.001 0.001 0.001 0.005 0.299 0.018 0.003 0.006 0.057 0.004 0.254 0.195 0.010 0.007 0.003 0.001 0.009 0.006 0.017 0.022 0.003 0.001 0.002 0.001 0.001 0.001 0.001 0.013 0.000 0.005 0.001 0.001 0.000 0.001 0.001 0.001 0.001 0.001 0.004 0.003 0.001 0.008 0.002 0.001 0.002 0.000 0.001 0.000 0.001 0.001 0.000 
3 buffalo_vis 30 0.996 0.989 0.003 0.001 0.037 0.002 0.001 0.001 0.002 0.001 0.001 0.004 0.041 0.713 0.084 0.172 0.023 0.001 0.001 0.001 0.020 0.001 0.000 0.006 0.000 0.002 0.001 0.002 0.001 0.067 0.020 0.001 0.005 0.001 0.001 0.005 0.001 0.001 0.001 0.000 0.011 0.003 0.009 0.001 0.000 0.007 0.005 0.099 0.009 0.003 0.002 0.186 0.000 0.001 0.001 0.034 0.002 0.000 
4 poodle_vis 30 0.995 0.993 0.007 0.001 0.006 0.001 0.001 0.002 0.001 0.001 0.056 0.464 0.035 0.004 0.961 0.525 0.006 0.001 0.003 0.000 0.057 0.105 0.000 0.002 0.000 0.006 0.001 0.586 0.001 0.001 0.003 0.001 0.001 0.006 0.001 0.002 0.235 0.003 0.001 0.001 0.005 0.001 0.040 0.001 0.002 0.001 0.026 0.001 0.001 0.002 0.001 0.001 0.001 0.002 0.007 0.001 0.210 0.000 
5 giraffe_vis 30 0.996 0.993 0.002 0.001 0.014 0.001 0.001 0.001 0.054 0.001 0.001 0.015 0.044 0.034 0.027 0.965 0.002 0.001 0.001 0.000 0.009 0.002 0.000 0.017 0.000 0.001 0.001 0.006 0.001 0.005 0.028 0.001 0.001 0.001 0.001 0.005 0.002 0.001 0.001 0.000 0.019 0.001 0.003 0.000 0.000 0.010 0.026 0.068 0.022 0.003 0.008 0.199 0.000 0.001 0.000 0.008 0.002 0.000 
6 robin_vis 30 0.990 0.006 0.982 0.003 0.002 0.236 0.001 0.002 0.001 0.002 0.001 0.000 0.006 0.001 0.009 0.002 0.752 0.001 0.448 0.001 0.003 0.095 0.014 0.013 0.001 0.000 0.002 0.005 0.001 0.002 0.000 0.001 0.018 0.001 0.001 0.000 0.005 0.001 0.007 0.006 0.005 0.202 0.001 0.003 0.001 0.016 0.000 0.000 0.001 0.012 0.001 0.057 0.015 0.003 0.000 0.140 0.008 0.001 
7 swan_vis 30 0.996 0.003 0.993 0.003 0.002 0.001 0.006 0.001 0.000 0.001 0.003 0.002 0.006 0.001 0.002 0.001 0.002 0.781 0.034 0.036 0.470 0.048 0.001 0.001 0.027 0.013 0.008 0.001 0.001 0.001 0.000 0.002 0.001 0.002 0.002 0.002 0.001 0.003 0.003 0.001 0.001 0.001 0.001 0.001 0.001 0.003 0.000 0.001 0.001 0.050 0.000 0.007 0.000 0.003 0.000 0.001 0.001 0.001 
8 woodpecker_vis 30 0.995 0.013 0.978 0.029 0.001 0.002 0.000 0.002 0.000 0.001 0.001 0.001 0.007 0.002 0.003 0.008 0.013 0.025 0.666 0.002 0.005 0.003 0.003 0.015 0.001 0.001 0.002 0.007 0.000 0.001 0.000 0.000 0.001 0.001 0.000 0.000 0.004 0.000 0.013 0.001 0.001 0.003 0.001 0.001 0.001 0.002 0.000 0.000 0.006 0.005 0.001 0.001 0.000 0.001 0.000 0.002 0.001 0.001 
9 peacock_vis 30 0.996 0.002 0.993 0.002 0.001 0.001 0.000 0.001 0.000 0.005 0.001 0.000 0.005 0.008 0.002 0.000 0.024 0.011 0.413 0.976 0.018 0.033 0.210 0.001 0.012 0.000 0.001 0.001 0.000 0.001 0.000 0.000 0.074 0.002 0.001 0.000 0.000 0.000 0.001 0.001 0.001 0.002 0.001 0.010 0.000 0.001 0.000 0.000 0.000 0.001 0.000 0.000 0.002 0.004 0.000 0.003 0.001 0.015 
10 crow_vis 30 0.995 0.010 0.988 0.002 0.003 0.001 0.008 0.002 0.001 0.001 0.001 0.046 0.002 0.001 0.051 0.003 0.001 0.340 0.025 0.041 0.983 0.020 0.000 0.001 0.012 0.142 0.002 0.034 0.001 0.001 0.001 0.007 0.005 0.003 0.002 0.001 0.288 0.003 0.003 0.001 0.001 0.001 0.001 0.003 0.001 0.018 0.000 0.000 0.004 0.198 0.000 0.001 0.000 0.016 0.000 0.001 0.040 0.001 
11 eagle_vis 30 0.995 0.002 0.991 0.002 0.002 0.002 0.001 0.002 0.000 0.001 0.002 0.000 0.001 0.001 0.006 0.001 0.135 0.009 0.305 0.008 0.013 0.715 0.008 0.002 0.001 0.000 0.015 0.006 0.001 0.001 0.000 0.001 0.002 0.002 0.001 0.000 0.001 0.001 0.004 0.042 0.001 0.001 0.001 0.002 0.001 0.001 0.000 0.000 0.000 0.004 0.000 0.001 0.008 0.001 0.000 0.001 0.010 0.001 
12 tuna_vis 30 0.925 0.002 0.002 0.984 0.004 0.002 0.000 0.505 0.000 0.001 0.001 0.000 0.003 0.000 0.001 0.000 0.001 0.000 0.037 0.088 0.001 0.001 0.983 0.002 0.032 0.001 0.003 0.085 0.000 0.001 0.000 0.001 0.044 0.005 0.001 0.000 0.000 0.000 0.001 0.000 0.001 0.009 0.019 0.004 0.131 0.001 0.000 0.000 0.000 0.000 0.000 0.001 0.001 0.001 0.000 0.001 0.001 0.001 
13 goldfish_vis 30 0.988 0.004 0.001 0.950 0.008 0.001 0.001 0.001 0.017 0.001 0.000 0.001 0.001 0.001 0.001 0.041 0.001 0.000 0.001 0.000 0.001 0.001 0.001 0.964 0.001 0.004 0.010 0.056 0.001 0.006 0.011 0.001 0.001 0.002 0.001 0.006 0.001 0.000 0.001 0.001 0.077 0.001 0.001 0.001 0.001 0.001 0.001 0.003 0.002 0.001 0.013 0.021 0.000 0.001 0.000 0.014 0.001 0.000 
14 salmon_vis 30 0.987 0.006 0.004 0.992 0.003 0.001 0.001 0.002 0.000 0.001 0.000 0.002 0.021 0.000 0.001 0.000 0.001 0.003 0.066 0.002 0.001 0.000 0.073 0.002 0.967 0.051 0.065 0.007 0.001 0.001 0.000 0.006 0.001 0.002 0.057 0.001 0.001 0.001 0.001 0.001 0.001 0.001 0.001 0.001 0.017 0.001 0.001 0.000 0.001 0.001 0.000 0.001 0.000 0.001 0.003 0.001 0.001 0.001 
15 sardine_vis 30 0.995 0.015 0.004 0.989 0.005 0.001 0.002 0.002 0.001 0.001 0.001 0.028 0.001 0.001 0.001 0.001 0.001 0.001 0.004 0.001 0.003 0.000 0.003 0.037 0.042 0.958 0.009 0.022 0.001 0.002 0.002 0.021 0.001 0.007 0.003 0.003 0.003 0.001 0.001 0.000 0.002 0.001 0.002 0.001 0.005 0.001 0.001 0.023 0.002 0.001 0.001 0.010 0.000 0.001 0.003 0.001 0.001 0.001 
16 catfish_vis 30 0.996 0.004 0.113 0.815 0.600 0.001 0.003 0.001 0.001 0.001 0.001 0.001 0.001 0.000 0.001 0.001 0.001 0.004 0.002 0.000 0.001 0.069 0.002 0.138 0.012 0.002 0.982 0.020 0.078 0.004 0.002 0.001 0.001 0.429 0.003 0.001 0.001 0.058 0.001 0.007 0.007 0.001 0.001 0.001 0.004 0.001 0.001 0.051 0.000 0.002 0.001 0.004 0.000 0.001 0.001 0.005 0.009 0.001 
17 cod_vis 30 0.981 0.003 0.002 0.972 0.004 0.001 0.001 0.005 0.001 0.001 0.000 0.002 0.001 0.001 0.001 0.002 0.001 0.000 0.002 0.000 0.001 0.001 0.005 0.502 0.001 0.024 0.009 0.314 0.001 0.002 0.004 0.002 0.001 0.003 0.001 0.003 0.001 0.000 0.001 0.001 0.003 0.001 0.003 0.001 0.002 0.001 0.001 0.001 0.001 0.001 0.001 0.004 0.000 0.001 0.000 0.002 0.001 0.001 
18 turtle_vis 30 0.989 0.010 0.002 0.005 0.990 0.001 0.002 0.001 0.019 0.001 0.010 0.005 0.001 0.000 0.002 0.002 0.001 0.006 0.001 0.000 0.001 0.001 0.001 0.005 0.001 0.002 0.031 0.002 0.961 0.126 0.170 0.026 0.003 0.020 0.002 0.007 0.001 0.001 0.001 0.001 0.001 0.001 0.001 0.001 0.002 0.001 0.001 0.144 0.001 0.003 0.001 0.019 0.000 0.001 0.001 0.001 0.001 0.001 
19 rattlesnake_vis 30 0.992 0.002 0.002 0.002 0.993 0.006 0.001 0.001 0.001 0.002 0.001 0.000 0.001 0.001 0.001 0.000 0.176 0.000 0.001 0.000 0.001 0.000 0.001 0.026 0.001 0.001 0.001 0.001 0.006 0.981 0.005 0.002 0.061 0.035 0.001 0.006 0.000 0.001 0.001 0.001 0.032 0.005 0.014 0.000 0.001 0.001 0.000 0.003 0.001 0.001 0.033 0.002 0.004 0.001 0.001 0.007 0.001 0.001 
20 crab_vis 30 0.996 0.016 0.001 0.003 0.993 0.002 0.000 0.001 0.007 0.001 0.000 0.002 0.001 0.027 0.003 0.005 0.002 0.000 0.001 0.000 0.002 0.000 0.000 0.054 0.001 0.003 0.001 0.001 0.005 0.079 0.949 0.002 0.275 0.123 0.001 0.005 0.000 0.000 0.001 0.000 0.001 0.001 0.002 0.000 0.000 0.001 0.048 0.015 0.005 0.001 0.002 0.007 0.000 0.001 0.001 0.122 0.004 0.000 
21 frog_vis 30 0.995 0.017 0.005 0.009 0.988 0.001 0.004 0.002 0.002 0.001 0.001 0.026 0.003 0.001 0.001 0.001 0.001 0.001 0.001 0.000 0.039 0.000 0.001 0.001 0.006 0.092 0.002 0.002 0.014 0.011 0.110 0.948 0.095 0.007 0.008 0.091 0.001 0.002 0.002 0.001 0.001 0.001 0.003 0.001 0.007 0.001 0.001 0.034 0.002 0.002 0.002 0.023 0.000 0.001 0.030 0.001 0.001 0.001 
22 gecko_vis 30 0.995 0.003 0.001 0.004 0.993 0.005 0.000 0.036 0.002 0.001 0.000 0.000 0.005 0.024 0.001 0.001 0.001 0.000 0.001 0.002 0.002 0.000 0.007 0.010 0.002 0.001 0.001 0.001 0.001 0.135 0.701 0.026 0.607 0.050 0.000 0.001 0.000 0.000 0.001 0.000 0.001 0.019 0.034 0.001 0.001 0.029 0.019 0.003 0.001 0.001 0.000 0.016 0.000 0.001 0.001 0.039 0.001 0.001 
23 crocodile_vis 30 0.996 0.002 0.030 0.043 0.919 0.001 0.000 0.002 0.000 0.045 0.001 0.000 0.002 0.001 0.002 0.000 0.001 0.000 0.001 0.078 0.001 0.020 0.044 0.001 0.030 0.001 0.020 0.004 0.003 0.020 0.002 0.002 0.105 0.864 0.001 0.001 0.000 0.001 0.001 0.001 0.001 0.001 0.005 0.001 0.001 0.001 0.000 0.001 0.000 0.001 0.000 0.001 0.001 0.001 0.054 0.026 0.003 0.006 
24 axe_vis 30 0.003 0.007 0.002 0.007 0.003 0.994 0.891 0.003 0.061 0.008 0.001 0.042 0.001 0.001 0.003 0.003 0.001 0.013 0.001 0.000 0.010 0.000 0.000 0.008 0.007 0.021 0.002 0.002 0.020 0.002 0.007 0.007 0.000 0.001 0.659 0.014 0.131 0.015 0.008 0.002 0.002 0.001 0.001 0.003 0.001 0.004 0.003 0.016 0.091 0.010 0.001 0.001 0.001 0.007 0.003 0.001 0.002 0.005 
25 hammer_vis 30 0.003 0.002 0.002 0.001 0.004 0.995 0.989 0.002 0.060 0.011 0.000 0.000 0.001 0.000 0.016 0.003 0.001 0.000 0.001 0.000 0.005 0.000 0.000 0.004 0.001 0.002 0.001 0.002 0.005 0.006 0.001 0.002 0.000 0.004 0.002 0.169 0.068 0.936 0.001 0.003 0.032 0.001 0.002 0.001 0.001 0.001 0.000 0.010 0.011 0.017 0.001 0.001 0.001 0.001 0.003 0.001 0.181 0.001 
26 screwdriver_vis 30 0.003 0.007 0.001 0.002 0.002 0.992 0.980 0.006 0.003 0.010 0.001 0.013 0.001 0.000 0.002 0.001 0.000 0.010 0.001 0.000 0.005 0.000 0.000 0.001 0.010 0.003 0.002 0.002 0.011 0.001 0.001 0.004 0.000 0.001 0.439 0.036 0.089 0.022 0.002 0.015 0.003 0.001 0.002 0.009 0.001 0.001 0.001 0.001 0.038 0.001 0.003 0.001 0.001 0.001 0.005 0.001 0.002 0.020 
27 chisel_vis 30 0.003 0.002 0.003 0.001 0.002 0.995 0.987 0.002 0.036 0.013 0.000 0.000 0.001 0.000 0.005 0.002 0.001 0.000 0.001 0.000 0.004 0.000 0.000 0.002 0.002 0.001 0.001 0.001 0.006 0.010 0.000 0.002 0.000 0.002 0.003 0.054 0.017 0.957 0.001 0.004 0.013 0.001 0.001 0.001 0.001 0.001 0.000 0.011 0.008 0.018 0.001 0.001 0.001 0.001 0.003 0.001 0.060 0.001 
28 saw_vis 30 0.002 0.002 0.002 0.001 0.002 0.994 0.989 0.003 0.004 0.005 0.000 0.001 0.001 0.000 0.001 0.001 0.001 0.001 0.001 0.000 0.001 0.000 0.000 0.001 0.001 0.001 0.001 0.002 0.005 0.004 0.000 0.003 0.000 0.001 0.021 0.219 0.006 0.047 0.011 0.074 0.016 0.001 0.001 0.003 0.002 0.001 0.000 0.004 0.004 0.001 0.009 0.001 0.005 0.001 0.003 0.001 0.001 0.006 
29 drill_vis 30 0.002 0.002 0.001 0.001 0.002 0.994 0.973 0.006 0.002 0.038 0.000 0.000 0.001 0.000 0.014 0.001 0.001 0.000 0.001 0.000 0.020 0.012 0.000 0.002 0.001 0.000 0.001 0.053 0.003 0.001 0.000 0.001 0.000 0.002 0.003 0.004 0.692 0.161 0.006 0.677 0.004 0.001 0.001 0.003 0.001 0.001 0.000 0.001 0.001 0.048 0.004 0.001 0.007 0.001 0.003 0.001 0.739 0.001 
30 clamp_vis 30 0.002 0.002 0.001 0.001 0.003 0.995 0.000 0.770 0.008 0.003 0.000 0.000 0.001 0.000 0.000 0.001 0.000 0.000 0.001 0.000 0.000 0.000 0.000 0.011 0.000 0.000 0.000 0.001 0.000 0.002 0.001 0.001 0.001 0.001 0.000 0.024 0.000 0.001 0.000 0.001 0.854 0.007 0.037 0.003 0.002 0.001 0.000 0.000 0.001 0.000 0.025 0.074 0.001 0.000 0.005 0.001 0.001 0.001 
31 hoe_vis 30 0.002 0.002 0.001 0.002 0.003 0.995 0.000 0.977 0.001 0.027 0.000 0.000 0.002 0.001 0.000 0.000 0.001 0.000 0.001 0.001 0.000 0.000 0.127 0.001 0.001 0.000 0.000 0.001 0.000 0.001 0.000 0.001 0.024 0.001 0.000 0.000 0.000 0.000 0.001 0.000 0.002 0.982 0.004 0.002 0.086 0.005 0.054 0.000 0.000 0.000 0.002 0.010 0.008 0.001 0.002 0.059 0.001 0.001 
32 rake_vis 30 0.003 0.002 0.001 0.001 0.033 0.995 0.000 0.817 0.186 0.073 0.000 0.000 0.002 0.001 0.000 0.000 0.000 0.000 0.001 0.000 0.000 0.000 0.003 0.003 0.001 0.000 0.000 0.001 0.001 0.099 0.001 0.001 0.009 0.001 0.000 0.002 0.000 0.001 0.001 0.001 0.018 0.016 0.969 0.005 0.002 0.032 0.002 0.002 0.001 0.000 0.001 0.525 0.001 0.000 0.089 0.001 0.001 0.002 
33 shovel_vis 30 0.002 0.001 0.001 0.002 0.002 0.995 0.010 0.995 0.001 0.002 0.000 0.000 0.001 0.000 0.000 0.000 0.000 0.001 0.005 0.000 0.001 0.000 0.004 0.001 0.001 0.000 0.001 0.007 0.001 0.001 0.000 0.001 0.002 0.001 0.001 0.001 0.004 0.002 0.001 0.057 0.049 0.009 0.033 0.927 0.003 0.003 0.000 0.000 0.001 0.000 0.001 0.001 0.002 0.000 0.002 0.001 0.001 0.002 
34 spade_vis 30 0.002 0.006 0.001 0.004 0.004 0.995 0.000 0.726 0.200 0.028 0.000 0.000 0.002 0.000 0.000 0.000 0.000 0.000 0.001 0.000 0.000 0.000 0.004 0.002 0.001 0.000 0.000 0.001 0.001 0.002 0.001 0.001 0.006 0.001 0.000 0.000 0.000 0.001 0.001 0.001 0.008 0.091 0.031 0.006 0.022 0.278 0.146 0.001 0.001 0.000 0.001 0.318 0.001 0.000 0.016 0.002 0.001 0.002 
35 wrench_vis 30 0.002 0.002 0.001 0.001 0.003 0.995 0.000 0.630 0.566 0.001 0.000 0.000 0.001 0.000 0.000 0.001 0.000 0.000 0.001 0.000 0.001 0.000 0.000 0.007 0.001 0.000 0.000 0.001 0.000 0.004 0.000 0.001 0.001 0.001 0.000 0.005 0.000 0.003 0.001 0.001 0.458 0.012 0.123 0.001 0.001 0.008 0.001 0.001 0.001 0.001 0.032 0.686 0.000 0.000 0.002 0.001 0.001 0.001 
36 accordion_vis 30 0.003 0.014 0.001 0.004 0.003 0.992 0.001 0.001 0.994 0.002 0.000 0.004 0.002 0.000 0.000 0.003 0.000 0.001 0.001 0.000 0.001 0.000 0.000 0.010 0.001 0.000 0.001 0.000 0.004 0.002 0.002 0.001 0.000 0.000 0.003 0.001 0.001 0.001 0.003 0.000 0.001 0.001 0.001 0.000 0.002 0.008 0.927 0.137 0.006 0.198 0.026 0.009 0.000 0.015 0.008 0.003 0.001 0.000 
37 cello_vis 30 0.003 0.006 0.001 0.001 0.007 0.993 0.002 0.001 0.992 0.001 0.000 0.001 0.001 0.000 0.000 0.003 0.000 0.000 0.000 0.000 0.000 0.000 0.000 0.006 0.000 0.000 0.001 0.000 0.001 0.018 0.001 0.001 0.000 0.001 0.001 0.033 0.001 0.002 0.001 0.001 0.014 0.001 0.004 0.000 0.001 0.001 0.010 0.167 0.010 0.001 0.122 0.008 0.000 0.001 0.023 0.001 0.001 0.000 
38 flute_vis 30 0.003 0.003 0.001 0.001 0.003 0.995 0.023 0.002 0.930 0.001 0.000 0.003 0.001 0.001 0.000 0.047 0.000 0.001 0.001 0.000 0.008 0.000 0.000 0.061 0.000 0.001 0.001 0.001 0.001 0.002 0.023 0.001 0.000 0.001 0.001 0.014 0.117 0.015 0.001 0.001 0.006 0.001 0.001 0.000 0.001 0.060 0.010 0.012 0.904 0.060 0.004 0.001 0.000 0.001 0.002 0.002 0.002 0.000 
39 guitar_vis 30 0.003 0.003 0.001 0.002 0.004 0.995 0.012 0.001 0.982 0.001 0.000 0.003 0.001 0.001 0.000 0.051 0.000 0.001 0.001 0.000 0.010 0.000 0.000 0.098 0.000 0.002 0.001 0.001 0.001 0.002 0.020 0.001 0.000 0.001 0.001 0.005 0.367 0.003 0.001 0.001 0.004 0.001 0.001 0.000 0.001 0.022 0.074 0.011 0.712 0.369 0.008 0.003 0.000 0.002 0.002 0.002 0.009 0.000 
40 piano_vis 30 0.002 0.003 0.001 0.002 0.002 0.994 0.002 0.002 0.943 0.001 0.000 0.002 0.001 0.000 0.000 0.003 0.001 0.000 0.001 0.000 0.000 0.000 0.000 0.010 0.000 0.000 0.001 0.001 0.001 0.002 0.001 0.001 0.000 0.000 0.001 0.004 0.003 0.001 0.003 0.004 0.040 0.002 0.001 0.000 0.002 0.001 0.028 0.005 0.076 0.002 0.443 0.003 0.001 0.001 0.002 0.001 0.001 0.000 
41 trumpet_vis 30 0.002 0.002 0.001 0.001 0.003 0.995 0.000 0.218 0.705 0.001 0.000 0.000 0.001 0.000 0.000 0.001 0.000 0.000 0.000 0.000 0.000 0.000 0.000 0.006 0.000 0.000 0.000 0.000 0.001 0.005 0.000 0.001 0.000 0.000 0.000 0.003 0.000 0.002 0.001 0.001 0.410 0.007 0.018 0.001 0.001 0.005 0.001 0.005 0.001 0.001 0.011 0.787 0.000 0.000 0.002 0.001 0.001 0.000 
42 fork_vis 30 0.002 0.001 0.002 0.001 0.010 0.995 0.019 0.004 0.001 0.995 0.000 0.000 0.001 0.001 0.019 0.000 0.002 0.000 0.001 0.007 0.001 0.003 0.001 0.001 0.019 0.000 0.001 0.002 0.001 0.016 0.000 0.001 0.009 0.077 0.001 0.002 0.002 0.028 0.002 0.036 0.001 0.001 0.006 0.009 0.001 0.000 0.000 0.001 0.001 0.001 0.001 0.000 0.054 0.001 0.101 0.006 0.131 0.960 
43 spoon_vis 30 0.003 0.001 0.002 0.001 0.005 0.995 0.001 0.001 0.006 0.991 0.000 0.000 0.002 0.002 0.002 0.000 0.008 0.000 0.001 0.001 0.001 0.002 0.001 0.005 0.002 0.000 0.001 0.001 0.001 0.024 0.001 0.000 0.005 0.003 0.001 0.001 0.002 0.003 0.003 0.003 0.001 0.001 0.001 0.001 0.001 0.001 0.003 0.001 0.001 0.068 0.001 0.000 0.009 0.027 0.001 0.332 0.494 0.005 
44 tongs_vis 30 0.002 0.002 0.001 0.001 0.008 0.995 0.001 0.005 0.253 0.718 0.000 0.001 0.002 0.003 0.000 0.000 0.001 0.000 0.001 0.001 0.001 0.000 0.001 0.002 0.002 0.000 0.000 0.001 0.001 0.016 0.002 0.001 0.001 0.001 0.001 0.001 0.001 0.002 0.001 0.003 0.002 0.003 0.004 0.001 0.001 0.001 0.079 0.006 0.005 0.001 0.002 0.001 0.006 0.004 0.067 0.071 0.002 0.010 
45 ladle_vis 30 0.004 0.001 0.002 0.002 0.009 0.995 0.001 0.002 0.013 0.984 0.000 0.000 0.004 0.007 0.001 0.000 0.004 0.000 0.001 0.001 0.001 0.024 0.002 0.019 0.005 0.000 0.001 0.001 0.000 0.021 0.004 0.000 0.018 0.002 0.001 0.000 0.001 0.002 0.001 0.002 0.001 0.013 0.001 0.001 0.001 0.009 0.015 0.001 0.007 0.039 0.001 0.001 0.005 0.003 0.003 0.983 0.100 0.031 
46 knife_vis 30 0.003 0.002 0.003 0.001 0.005 0.995 0.003 0.002 0.001 0.995 0.000 0.000 0.001 0.001 0.046 0.000 0.007 0.000 0.001 0.001 0.002 0.013 0.000 0.001 0.006 0.000 0.001 0.001 0.001 0.007 0.000 0.000 0.004 0.049 0.001 0.001 0.010 0.045 0.001 0.017 0.001 0.001 0.002 0.001 0.001 0.001 0.001 0.001 0.001 0.007 0.001 0.001 0.028 0.013 0.011 0.010 0.974 0.031 
47 chopsticks_vis 30 0.003 0.001 0.001 0.001 0.016 0.995 0.014 0.003 0.001 0.994 0.000 0.000 0.013 0.001 0.014 0.000 0.001 0.000 0.001 0.001 0.004 0.003 0.001 0.001 0.133 0.000 0.000 0.002 0.000 0.022 0.000 0.001 0.094 0.021 0.001 0.002 0.002 0.540 0.001 0.130 0.001 0.001 0.008 0.037 0.001 0.001 0.001 0.001 0.002 0.001 0.001 0.001 0.011 0.001 0.303 0.036 0.482 0.955 
