0 beaver_vis 30 0.995 0.983 0.034 0.001 0.011 0.001 0.000 0.001 0.001 0.000 0.527 0.686 0.009 0.006 0.880 0.009 0.002 0.005 0.006 0.216 0.000 0.000 0.000 0.000 0.000 0.001 0.005 0.001 0.085 0.001 0.002 0.015 0.000 0.001 0.000 0.001 0.000 0.007 0.000 0.000 0.000 0.001 0.001 0.000 0.011 0.001 0.002 0.035 0.000 0.000 0.000 0.038 0.000 0.001 0.001 0.000 0.000 0.001 
1 bear_vis 30 0.994 0.529 0.002 0.001 0.631 0.001 0.000 0.001 0.002 0.000 0.001 0.018 0.013 0.906 0.014 0.003 0.012 0.002 0.012 0.001 0.001 0.000 0.001 0.319 0.000 0.000 0.000 0.001 0.002 0.049 0.001 0.032 0.370 0.001 0.000 0.000 0.001 0.000 0.000 0.003 0.000 0.001 0.001 0.000 0.001 0.000 0.012 0.000 0.000 0.001 0.017 0.000 0.000 0.018 0.000 0.000 0.002 0.000 
2 sheep_vis 30 0.995 0.109 0.813 0.008 0.002 0.001 0.000 0.001 0.001 0.001 0.001 0.003 0.073 0.034 0.003 0.001 0.010 0.018 0.880 0.005 0.001 0.614 0.043 0.001 0.000 0.001 0.000 0.000 0.004 0.001 0.001 0.000 0.001 0.000 0.001 0.000 0.000 0.000 0.000 0.001 0.000 0.000 0.001 0.000 0.019 0.000 0.001 0.001 0.000 0.001 0.000 0.000 0.003 0.007 0.000 0.000 0.001 0.005 
3 buffalo_vis 30 0.995 0.950 0.002 0.001 0.133 0.001 0.000 0.001 0.004 0.000 0.000 0.040 0.047 0.909 0.043 0.004 0.037 0.001 0.022 0.001 0.001 0.000 0.001 0.016 0.000 0.000 0.000 0.001 0.002 0.107 0.002 0.001 0.013 0.001 0.000 0.000 0.001 0.000 0.000 0.001 0.000 0.001 0.001 0.000 0.001 0.000 0.057 0.000 0.000 0.001 0.009 0.000 0.001 0.025 0.000 0.000 0.001 0.000 
4 poodle_vis 30 0.995 0.593 0.003 0.001 0.799 0.002 0.001 0.001 0.004 0.000 0.001 0.002 0.015 0.715 0.112 0.002 0.048 0.001 0.006 0.001 0.001 0.000 0.001 0.080 0.000 0.000 0.000 0.004 0.004 0.386 0.014 0.004 0.286 0.001 0.001 0.000 0.010 0.000 0.001 0.010 0.000 0.001 0.005 0.000 0.001 0.000 0.040 0.001 0.000 0.001 0.005 0.000 0.001 0.005 0.000 0.001 0.001 0.000 
5 giraffe_vis 30 0.995 0.977 0.002 0.001 0.050 0.001 0.000 0.001 0.005 0.000 0.001 0.070 0.067 0.965 0.027 0.005 0.019 0.002 0.042 0.001 0.001 0.000 0.001 0.033 0.000 0.000 0.000 0.000 0.001 0.031 0.001 0.001 0.021 0.001 0.000 0.000 0.001 0.000 0.000 0.001 0.000 0.001 0.001 0.000 0.001 0.000 0.041 0.000 0.000 0.002 0.018 0.000 0.000 0.047 0.000 0.000 0.001 0.000 
6 robin_vis 30 0.967 0.004 0.992 0.001 0.023 0.006 0.000 0.001 0.000 0.211 0.000 0.000 0.001 0.041 0.042 0.001 0.988 0.006 0.030 0.020 0.220 0.038 0.001 0.000 0.000 0.000 0.000 0.001 0.013 0.188 0.245 0.000 0.003 0.001 0.000 0.000 0.001 0.000 0.000 0.001 0.000 0.007 0.010 0.000 0.001 0.000 0.007 0.031 0.000 0.000 0.000 0.000 0.009 0.109 0.103 0.512 0.004 0.001 
7 swan_vis 30 0.995 0.013 0.992 0.004 0.001 0.006 0.001 0.001 0.000 0.008 0.210 0.001 0.001 0.001 0.001 0.059 0.157 0.983 0.002 0.063 0.428 0.510 0.004 0.000 0.001 0.000 0.014 0.001 0.000 0.004 0.001 0.000 0.001 0.000 0.001 0.010 0.001 0.000 0.000 0.054 0.000 0.440 0.002 0.000 0.001 0.045 0.001 0.000 0.000 0.000 0.000 0.000 0.346 0.005 0.001 0.035 0.009 0.000 
8 woodpecker_vis 30 0.987 0.010 0.944 0.001 0.009 0.002 0.000 0.001 0.000 0.020 0.000 0.001 0.001 0.038 0.006 0.000 0.385 0.003 0.730 0.024 0.004 0.011 0.002 0.000 0.000 0.000 0.000 0.001 0.014 0.003 0.005 0.000 0.007 0.001 0.001 0.000 0.001 0.000 0.000 0.001 0.000 0.000 0.001 0.000 0.009 0.000 0.001 0.002 0.000 0.000 0.000 0.000 0.001 0.049 0.004 0.004 0.001 0.001 
9 peacock_vis 30 0.995 0.007 0.991 0.000 0.022 0.150 0.001 0.001 0.000 0.013 0.000 0.000 0.000 0.001 0.028 0.255 0.054 0.133 0.017 0.892 0.022 0.001 0.001 0.000 0.000 0.000 0.000 0.011 0.001 0.018 0.001 0.001 0.032 0.007 0.001 0.141 0.028 0.009 0.000 0.004 0.000 0.001 0.044 0.000 0.001 0.000 0.001 0.000 0.000 0.000 0.000 0.006 0.001 0.020 0.006 0.011 0.007 0.002 
10 crow_vis 30 0.993 0.002 0.986 0.002 0.012 0.003 0.001 0.005 0.000 0.003 0.001 0.001 0.000 0.001 0.000 0.001 0.041 0.517 0.001 0.005 0.360 0.095 0.002 0.000 0.000 0.002 0.001 0.001 0.001 0.002 0.012 0.000 0.004 0.002 0.000 0.000 0.001 0.000 0.000 0.001 0.000 0.064 0.001 0.000 0.003 0.001 0.000 0.000 0.000 0.000 0.000 0.000 0.185 0.002 0.001 0.004 0.001 0.000 
11 eagle_vis 30 0.993 0.010 0.973 0.001 0.001 0.002 0.000 0.001 0.000 0.014 0.000 0.000 0.004 0.036 0.001 0.001 0.696 0.095 0.022 0.003 0.023 0.106 0.002 0.000 0.001 0.000 0.000 0.000 0.001 0.004 0.002 0.000 0.002 0.000 0.001 0.000 0.001 0.000 0.000 0.002 0.000 0.001 0.001 0.000 0.001 0.000 0.001 0.000 0.000 0.000 0.000 0.000 0.053 0.031 0.001 0.008 0.002 0.000 
12 tuna_vis 30 0.994 0.001 0.106 0.956 0.012 0.001 0.001 0.001 0.000 0.007 0.000 0.000 0.000 0.001 0.000 0.000 0.001 0.004 0.060 0.001 0.061 0.063 0.857 0.109 0.067 0.005 0.001 0.002 0.004 0.001 0.002 0.000 0.159 0.000 0.001 0.000 0.000 0.000 0.003 0.009 0.000 0.000 0.000 0.000 0.001 0.000 0.000 0.000 0.000 0.000 0.000 0.000 0.026 0.001 0.001 0.000 0.001 0.001 
13 goldfish_vis 30 0.994 0.042 0.002 0.080 0.962 0.001 0.002 0.001 0.000 0.000 0.001 0.003 0.002 0.005 0.047 0.000 0.003 0.001 0.003 0.002 0.002 0.000 0.003 0.005 0.073 0.001 0.037 0.006 0.894 0.028 0.035 0.155 0.005 0.002 0.030 0.000 0.001 0.003 0.003 0.001 0.000 0.000 0.001 0.001 0.001 0.000 0.000 0.000 0.005 0.000 0.000 0.000 0.000 0.000 0.007 0.000 0.001 0.001 
14 salmon_vis 30 0.994 0.001 0.332 0.917 0.017 0.001 0.001 0.001 0.000 0.008 0.000 0.000 0.001 0.001 0.001 0.000 0.003 0.003 0.020 0.002 0.065 0.199 0.873 0.004 0.390 0.001 0.006 0.003 0.043 0.001 0.003 0.001 0.009 0.000 0.003 0.000 0.001 0.000 0.002 0.002 0.000 0.000 0.000 0.000 0.001 0.000 0.000 0.000 0.000 0.000 0.000 0.000 0.027 0.000 0.003 0.000 0.001 0.001 
15 sardine_vis 30 0.995 0.024 0.002 0.444 0.525 0.001 0.001 0.001 0.000 0.000 0.002 0.065 0.001 0.001 0.001 0.003 0.001 0.007 0.001 0.002 0.005 0.000 0.002 0.561 0.009 0.069 0.117 0.008 0.006 0.002 0.004 0.707 0.025 0.016 0.001 0.002 0.000 0.000 0.000 0.001 0.000 0.002 0.001 0.000 0.001 0.000 0.000 0.000 0.000 0.000 0.000 0.001 0.001 0.000 0.000 0.000 0.001 0.000 
16 catfish_vis 30 0.995 0.024 0.003 0.072 0.965 0.001 0.002 0.001 0.000 0.000 0.002 0.040 0.000 0.001 0.015 0.001 0.001 0.002 0.001 0.027 0.004 0.000 0.001 0.026 0.003 0.004 0.107 0.035 0.352 0.008 0.094 0.874 0.004 0.012 0.003 0.001 0.001 0.039 0.001 0.001 0.000 0.001 0.001 0.001 0.001 0.000 0.000 0.000 0.004 0.000 0.000 0.001 0.000 0.000 0.003 0.000 0.001 0.001 
17 cod_vis 30 0.994 0.007 0.004 0.610 0.365 0.001 0.001 0.001 0.000 0.001 0.000 0.001 0.004 0.005 0.001 0.001 0.001 0.001 0.028 0.002 0.005 0.001 0.054 0.034 0.237 0.002 0.005 0.003 0.170 0.002 0.005 0.036 0.069 0.002 0.002 0.000 0.001 0.000 0.007 0.001 0.000 0.000 0.001 0.000 0.001 0.000 0.000 0.000 0.000 0.000 0.000 0.000 0.001 0.000 0.001 0.000 0.001 0.002 
18 turtle_vis 30 0.986 0.003 0.002 0.002 0.985 0.002 0.001 0.003 0.001 0.000 0.000 0.003 0.000 0.001 0.003 0.000 0.005 0.001 0.000 0.003 0.033 0.000 0.001 0.001 0.001 0.001 0.018 0.004 0.012 0.077 0.971 0.077 0.002 0.068 0.001 0.000 0.001 0.002 0.000 0.001 0.000 0.171 0.004 0.035 0.001 0.000 0.000 0.000 0.001 0.000 0.000 0.005 0.000 0.000 0.005 0.000 0.001 0.000 
19 rattlesnake_vis 30 0.994 0.002 0.500 0.002 0.992 0.006 0.001 0.005 0.001 0.005 0.000 0.000 0.000 0.001 0.002 0.001 0.058 0.007 0.000 0.248 0.634 0.000 0.001 0.001 0.000 0.000 0.008 0.010 0.011 0.110 0.797 0.043 0.026 0.056 0.001 0.000 0.006 0.008 0.000 0.001 0.000 0.044 0.028 0.019 0.000 0.000 0.001 0.000 0.001 0.000 0.001 0.002 0.001 0.001 0.025 0.038 0.004 0.000 
20 crab_vis 30 0.994 0.001 0.164 0.002 0.982 0.002 0.001 0.002 0.000 0.001 0.000 0.002 0.000 0.001 0.001 0.000 0.024 0.004 0.000 0.088 0.341 0.000 0.001 0.001 0.000 0.000 0.012 0.008 0.010 0.034 0.847 0.099 0.011 0.016 0.001 0.000 0.002 0.004 0.000 0.001 0.000 0.065 0.008 0.014 0.000 0.000 0.000 0.000 0.000 0.000 0.000 0.001 0.001 0.000 0.010 0.004 0.001 0.000 
21 frog_vis 30 0.995 0.008 0.007 0.004 0.985 0.002 0.001 0.001 0.000 0.001 0.000 0.086 0.000 0.002 0.003 0.002 0.008 0.012 0.000 0.015 0.019 0.000 0.001 0.038 0.000 0.001 0.045 0.006 0.018 0.212 0.100 0.911 0.016 0.011 0.001 0.001 0.003 0.008 0.000 0.001 0.000 0.093 0.001 0.000 0.000 0.000 0.001 0.000 0.002 0.000 0.000 0.001 0.001 0.001 0.001 0.001 0.005 0.000 
22 gecko_vis 30 0.994 0.003 0.003 0.002 0.987 0.001 0.001 0.001 0.000 0.000 0.000 0.016 0.000 0.001 0.001 0.001 0.006 0.003 0.000 0.008 0.040 0.000 0.001 0.004 0.000 0.001 0.029 0.004 0.008 0.128 0.725 0.511 0.009 0.026 0.000 0.000 0.002 0.003 0.000 0.001 0.000 0.141 0.004 0.002 0.000 0.000 0.001 0.000 0.001 0.000 0.000 0.002 0.000 0.000 0.001 0.000 0.001 0.000 
23 crocodile_vis 30 0.995 0.005 0.007 0.008 0.994 0.018 0.001 0.016 0.006 0.001 0.000 0.000 0.000 0.000 0.008 0.013 0.004 0.001 0.000 0.009 0.224 0.000 0.001 0.001 0.000 0.003 0.001 0.240 0.002 0.758 0.816 0.014 0.096 0.910 0.000 0.001 0.037 0.048 0.000 0.001 0.002 0.002 0.778 0.074 0.000 0.000 0.001 0.000 0.011 0.000 0.002 0.031 0.000 0.000 0.097 0.000 0.001 0.000 
24 axe_vis 30 0.003 0.002 0.001 0.001 0.003 0.995 0.990 0.202 0.002 0.009 0.000 0.000 0.001 0.001 0.001 0.000 0.001 0.007 0.000 0.001 0.001 0.001 0.001 0.002 0.003 0.000 0.001 0.002 0.001 0.014 0.001 0.000 0.000 0.000 0.397 0.001 0.922 0.002 0.001 0.029 0.000 0.001 0.002 0.004 0.001 0.001 0.154 0.000 0.006 0.001 0.000 0.000 0.009 0.000 0.001 0.004 0.070 0.001 
25 hammer_vis 30 0.009 0.003 0.001 0.001 0.003 0.996 0.992 0.009 0.005 0.004 0.041 0.003 0.000 0.000 0.005 0.001 0.000 0.007 0.000 0.069 0.001 0.000 0.001 0.000 0.000 0.000 0.012 0.075 0.000 0.001 0.001 0.007 0.000 0.001 0.040 0.036 0.005 0.965 0.010 0.001 0.006 0.003 0.004 0.175 0.002 0.002 0.000 0.005 0.005 0.001 0.000 0.038 0.001 0.000 0.004 0.001 0.002 0.011 
26 screwdriver_vis 30 0.003 0.001 0.001 0.001 0.005 0.995 0.993 0.062 0.001 0.008 0.000 0.000 0.001 0.001 0.001 0.000 0.000 0.004 0.000 0.001 0.001 0.000 0.001 0.001 0.001 0.000 0.000 0.002 0.000 0.022 0.001 0.000 0.001 0.000 0.179 0.001 0.973 0.005 0.002 0.031 0.000 0.001 0.003 0.005 0.001 0.000 0.146 0.000 0.002 0.000 0.000 0.000 0.003 0.000 0.001 0.003 0.047 0.001 
27 chisel_vis 30 0.004 0.001 0.001 0.102 0.006 0.995 0.992 0.557 0.012 0.005 0.001 0.000 0.000 0.000 0.002 0.000 0.000 0.003 0.000 0.002 0.001 0.001 0.002 0.001 0.001 0.000 0.179 0.085 0.005 0.002 0.001 0.002 0.000 0.000 0.853 0.021 0.185 0.478 0.021 0.001 0.006 0.000 0.001 0.608 0.001 0.011 0.001 0.001 0.087 0.002 0.000 0.001 0.001 0.000 0.003 0.001 0.020 0.003 
28 saw_vis 30 0.004 0.001 0.001 0.001 0.004 0.996 0.993 0.010 0.003 0.032 0.000 0.000 0.000 0.000 0.002 0.000 0.000 0.005 0.000 0.002 0.001 0.000 0.001 0.000 0.000 0.000 0.000 0.003 0.000 0.012 0.002 0.000 0.001 0.000 0.036 0.002 0.981 0.020 0.002 0.010 0.001 0.002 0.004 0.004 0.001 0.000 0.071 0.000 0.002 0.000 0.000 0.000 0.001 0.000 0.002 0.008 0.093 0.001 
29 drill_vis 30 0.004 0.001 0.006 0.003 0.001 0.996 0.993 0.011 0.000 0.728 0.000 0.000 0.000 0.000 0.000 0.000 0.000 0.230 0.000 0.002 0.031 0.003 0.032 0.000 0.001 0.000 0.007 0.004 0.000 0.001 0.001 0.000 0.001 0.000 0.047 0.002 0.930 0.006 0.001 0.071 0.000 0.002 0.001 0.007 0.000 0.000 0.000 0.000 0.001 0.000 0.000 0.000 0.087 0.000 0.001 0.075 0.454 0.001 
30 clamp_vis 30 0.001 0.001 0.001 0.002 0.001 0.996 0.005 0.993 0.001 0.001 0.001 0.000 0.000 0.000 0.000 0.000 0.000 0.000 0.000 0.001 0.001 0.000 0.001 0.000 0.000 0.004 0.001 0.002 0.000 0.000 0.006 0.000 0.000 0.001 0.001 0.002 0.001 0.003 0.001 0.000 0.256 0.001 0.016 0.271 0.011 0.020 0.000 0.000 0.002 0.000 0.000 0.015 0.001 0.000 0.004 0.000 0.000 0.000 
31 hoe_vis 30 0.002 0.007 0.001 0.000 0.001 0.996 0.001 0.993 0.001 0.001 0.013 0.001 0.000 0.000 0.000 0.000 0.000 0.004 0.000 0.001 0.001 0.001 0.000 0.000 0.000 0.000 0.005 0.000 0.000 0.001 0.007 0.000 0.000 0.000 0.001 0.000 0.001 0.000 0.000 0.000 0.000 0.466 0.012 0.093 0.008 0.118 0.009 0.001 0.001 0.000 0.000 0.007 0.003 0.000 0.001 0.004 0.000 0.000 
32 rake_vis 30 0.002 0.013 0.001 0.000 0.001 0.996 0.001 0.974 0.035 0.001 0.016 0.000 0.000 0.000 0.000 0.002 0.000 0.001 0.000 0.001 0.001 0.001 0.000 0.000 0.000 0.025 0.001 0.001 0.000 0.000 0.001 0.000 0.000 0.001 0.001 0.002 0.001 0.001 0.000 0.000 0.040 0.036 0.004 0.006 0.024 0.746 0.002 0.001 0.002 0.004 0.000 0.124 0.001 0.000 0.003 0.001 0.001 0.000 
33 shovel_vis 30 0.001 0.001 0.001 0.001 0.001 0.996 0.003 0.995 0.001 0.001 0.013 0.000 0.000 0.000 0.000 0.000 0.000 0.001 0.000 0.001 0.001 0.002 0.001 0.000 0.000 0.001 0.022 0.002 0.000 0.000 0.049 0.000 0.000 0.001 0.001 0.000 0.001 0.005 0.000 0.000 0.025 0.005 0.012 0.963 0.018 0.154 0.000 0.001 0.001 0.000 0.000 0.010 0.001 0.000 0.003 0.001 0.000 0.000 
34 spade_vis 30 0.002 0.010 0.001 0.000 0.001 0.996 0.001 0.981 0.002 0.001 0.007 0.002 0.000 0.000 0.000 0.001 0.000 0.009 0.000 0.001 0.001 0.000 0.000 0.000 0.000 0.003 0.003 0.001 0.000 0.000 0.001 0.000 0.000 0.000 0.001 0.001 0.001 0.000 0.000 0.000 0.001 0.821 0.005 0.005 0.008 0.085 0.017 0.001 0.000 0.000 0.000 0.017 0.004 0.000 0.002 0.002 0.000 0.000 
35 wrench_vis 30 0.002 0.011 0.001 0.000 0.001 0.996 0.000 0.991 0.025 0.001 0.073 0.000 0.000 0.000 0.001 0.001 0.000 0.001 0.000 0.001 0.000 0.002 0.000 0.000 0.000 0.003 0.012 0.000 0.000 0.000 0.001 0.000 0.000 0.001 0.000 0.001 0.000 0.001 0.000 0.000 0.014 0.093 0.001 0.013 0.024 0.958 0.006 0.007 0.011 0.001 0.000 0.061 0.001 0.000 0.002 0.001 0.001 0.000 
36 accordion_vis 30 0.003 0.008 0.001 0.000 0.001 0.995 0.001 0.003 0.915 0.078 0.000 0.000 0.001 0.024 0.004 0.001 0.003 0.001 0.001 0.001 0.000 0.000 0.000 0.000 0.000 0.000 0.000 0.000 0.000 0.004 0.001 0.000 0.000 0.000 0.002 0.000 0.013 0.000 0.000 0.000 0.000 0.013 0.001 0.000 0.001 0.002 0.422 0.004 0.007 0.015 0.033 0.002 0.001 0.009 0.001 0.017 0.009 0.001 
37 cello_vis 30 0.002 0.014 0.001 0.000 0.001 0.995 0.001 0.002 0.994 0.003 0.001 0.000 0.001 0.029 0.004 0.001 0.001 0.000 0.001 0.001 0.000 0.000 0.000 0.000 0.000 0.000 0.000 0.000 0.000 0.001 0.001 0.000 0.000 0.001 0.001 0.001 0.004 0.000 0.000 0.000 0.001 0.003 0.001 0.000 0.001 0.004 0.414 0.014 0.010 0.308 0.515 0.009 0.000 0.001 0.001 0.001 0.004 0.001 
38 flute_vis 30 0.002 0.001 0.001 0.000 0.035 0.995 0.001 0.037 0.985 0.014 0.000 0.000 0.000 0.001 0.008 0.001 0.001 0.000 0.000 0.001 0.000 0.000 0.001 0.000 0.000 0.000 0.001 0.000 0.052 0.002 0.017 0.000 0.000 0.001 0.014 0.001 0.007 0.001 0.001 0.000 0.016 0.001 0.001 0.050 0.001 0.026 0.053 0.029 0.967 0.059 0.001 0.005 0.000 0.000 0.020 0.005 0.007 0.002 
39 guitar_vis 30 0.002 0.012 0.001 0.000 0.001 0.995 0.001 0.001 0.994 0.004 0.000 0.000 0.001 0.009 0.003 0.001 0.000 0.000 0.001 0.001 0.000 0.000 0.000 0.000 0.000 0.000 0.000 0.000 0.000 0.001 0.000 0.000 0.000 0.002 0.001 0.001 0.002 0.000 0.001 0.000 0.008 0.001 0.001 0.000 0.001 0.002 0.126 0.006 0.041 0.822 0.478 0.023 0.000 0.001 0.001 0.001 0.005 0.002 
40 piano_vis 30 0.002 0.008 0.001 0.000 0.001 0.995 0.001 0.017 0.990 0.004 0.000 0.000 0.001 0.006 0.011 0.001 0.007 0.001 0.000 0.001 0.000 0.000 0.000 0.000 0.000 0.000 0.000 0.000 0.000 0.013 0.008 0.000 0.000 0.000 0.002 0.001 0.136 0.000 0.000 0.000 0.000 0.055 0.001 0.000 0.001 0.003 0.956 0.011 0.038 0.003 0.018 0.001 0.001 0.001 0.001 0.078 0.005 0.001 
41 trumpet_vis 30 0.002 0.021 0.001 0.000 0.001 0.996 0.000 0.010 0.989 0.001 0.001 0.099 0.000 0.000 0.002 0.004 0.000 0.000 0.000 0.022 0.000 0.000 0.000 0.000 0.000 0.026 0.000 0.000 0.000 0.001 0.001 0.001 0.000 0.016 0.000 0.001 0.000 0.001 0.000 0.000 0.003 0.035 0.001 0.000 0.049 0.011 0.005 0.025 0.007 0.029 0.009 0.983 0.000 0.000 0.002 0.001 0.001 0.000 
42 fork_vis 30 0.004 0.001 0.015 0.000 0.001 0.996 0.003 0.438 0.001 0.904 0.000 0.000 0.000 0.000 0.000 0.000 0.005 0.005 0.000 0.001 0.007 0.177 0.001 0.000 0.001 0.000 0.001 0.000 0.000 0.001 0.001 0.000 0.000 0.000 0.011 0.001 0.002 0.000 0.000 0.001 0.000 0.013 0.001 0.000 0.001 0.019 0.024 0.001 0.001 0.000 0.000 0.000 0.540 0.002 0.001 0.942 0.044 0.001 
43 spoon_vis 30 0.005 0.001 0.008 0.000 0.003 0.996 0.001 0.002 0.006 0.818 0.000 0.000 0.001 0.002 0.000 0.000 0.002 0.122 0.000 0.002 0.001 0.141 0.001 0.000 0.000 0.000 0.000 0.000 0.000 0.001 0.000 0.000 0.001 0.000 0.004 0.001 0.002 0.000 0.000 0.001 0.000 0.007 0.001 0.000 0.000 0.001 0.054 0.000 0.002 0.001 0.001 0.000 0.369 0.014 0.001 0.551 0.342 0.002 
44 tongs_vis 30 0.003 0.001 0.004 0.001 0.003 0.996 0.487 0.003 0.001 0.977 0.000 0.000 0.000 0.000 0.001 0.000 0.001 0.002 0.000 0.006 0.004 0.022 0.016 0.000 0.007 0.000 0.008 0.001 0.041 0.001 0.001 0.000 0.000 0.000 0.936 0.001 0.011 0.031 0.003 0.000 0.001 0.001 0.001 0.002 0.001 0.002 0.001 0.001 0.176 0.001 0.000 0.000 0.026 0.000 0.016 0.407 0.824 0.051 
45 ladle_vis 30 0.004 0.001 0.017 0.000 0.005 0.995 0.002 0.001 0.032 0.967 0.000 0.000 0.000 0.002 0.001 0.000 0.088 0.001 0.000 0.003 0.001 0.001 0.001 0.000 0.000 0.000 0.000 0.000 0.001 0.002 0.002 0.000 0.000 0.000 0.007 0.000 0.025 0.001 0.000 0.001 0.000 0.015 0.001 0.000 0.001 0.001 0.125 0.001 0.009 0.001 0.000 0.000 0.006 0.012 0.002 0.972 0.114 0.002 
46 knife_vis 30 0.004 0.001 0.003 0.000 0.003 0.996 0.001 0.001 0.016 0.949 0.000 0.000 0.000 0.002 0.000 0.000 0.001 0.017 0.001 0.002 0.002 0.021 0.001 0.000 0.000 0.000 0.000 0.000 0.000 0.001 0.000 0.000 0.001 0.000 0.002 0.001 0.002 0.000 0.000 0.001 0.000 0.002 0.001 0.000 0.000 0.001 0.006 0.000 0.003 0.009 0.001 0.000 0.173 0.017 0.001 0.039 0.734 0.004 
47 chopsticks_vis 30 0.004 0.001 0.002 0.000 0.178 0.996 0.068 0.001 0.033 0.991 0.000 0.000 0.000 0.004 0.000 0.000 0.001 0.001 0.004 0.013 0.002 0.001 0.011 0.000 0.000 0.000 0.000 0.000 0.002 0.001 0.000 0.031 0.098 0.000 0.005 0.003 0.093 0.001 0.009 0.001 0.000 0.001 0.001 0.000 0.001 0.001 0.002 0.000 0.220 0.182 0.003 0.000 0.002 0.013 0.002 0.021 0.984 0.422 
0 beaver_vis 30 0.995 0.980 0.024 0.036 0.001 0.001 0.001 0.004 0.000 0.000 0.949 0.060 0.073 0.001 0.021 0.032 0.000 0.099 0.001 0.002 0.000 0.003 0.000 0.001 0.000 0.026 0.088 0.003 0.001 0.000 0.000 0.000 0.000 0.001 0.001 0.005 0.000 0.000 0.000 0.000 0.000 0.001 0.001 0.000 0.047 0.024 0.000 0.001 0.000 0.001 0.000 0.001 0.001 0.000 0.000 0.000 0.000 0.000 
1 bear_vis 30 0.995 0.982 0.008 0.056 0.001 0.001 0.001 0.001 0.001 0.000 0.694 0.338 0.041 0.002 0.003 0.053 0.000 0.037 0.006 0.006 0.001 0.001 0.001 0.010 0.000 0.133 0.006 0.002 0.000 0.001 0.000 0.003 0.000 0.002 0.000 0.008 0.000 0.000 0.000 0.001 0.000 0.001 0.001 0.000 0.117 0.000 0.000 0.000 0.000 0.001 0.001 0.003 0.000 0.000 0.000 0.000 0.000 0.001 
2 sheep_vis 30 0.994 0.986 0.006 0.050 0.001 0.002 0.001 0.002 0.000 0.000 0.219 0.007 0.833 0.011 0.010 0.002 0.000 0.010 0.014 0.001 0.000 0.025 0.001 0.002 0.006 0.004 0.002 0.001 0.001 0.000 0.000 0.000 0.000 0.000 0.001 0.001 0.000 0.000 0.000 0.001 0.000 0.000 0.001 0.000 0.049 0.001 0.000 0.001 0.000 0.001 0.000 0.000 0.001 0.000 0.000 0.000 0.000 0.001 
3 buffalo_vis 30 0.995 0.871 0.041 0.001 0.085 0.003 0.001 0.001 0.006 0.000 0.010 0.005 0.001 0.005 0.714 0.273 0.006 0.015 0.001 0.015 0.001 0.000 0.001 0.001 0.000 0.001 0.000 0.028 0.000 0.574 0.001 0.003 0.001 0.010 0.000 0.025 0.112 0.003 0.000 0.003 0.000 0.012 0.117 0.000 0.001 0.001 0.097 0.000 0.000 0.001 0.011 0.005 0.000 0.001 0.001 0.000 0.002 0.000 
4 poodle_vis 30 0.995 0.937 0.122 0.037 0.001 0.002 0.001 0.015 0.001 0.000 0.401 0.001 0.020 0.001 0.257 0.019 0.000 0.004 0.001 0.005 0.000 0.002 0.001 0.000 0.000 0.002 0.001 0.602 0.000 0.001 0.001 0.000 0.000 0.002 0.001 0.014 0.000 0.002 0.000 0.001 0.001 0.001 0.052 0.002 0.022 0.003 0.001 0.002 0.000 0.001 0.001 0.001 0.000 0.000 0.003 0.000 0.000 0.001 
5 giraffe_vis 30 0.995 0.898 0.017 0.002 0.001 0.002 0.001 0.002 0.001 0.000 0.174 0.009 0.002 0.003 0.027 0.116 0.001 0.319 0.001 0.003 0.001 0.000 0.001 0.001 0.000 0.003 0.002 0.007 0.000 0.006 0.001 0.001 0.000 0.004 0.000 0.018 0.001 0.000 0.000 0.013 0.000 0.026 0.002 0.000 0.001 0.002 0.010 0.000 0.000 0.001 0.005 0.002 0.001 0.001 0.000 0.000 0.001 0.000 
6 robin_vis 30 0.980 0.003 0.990 0.001 0.002 0.006 0.001 0.011 0.000 0.010 0.001 0.000 0.000 0.001 0.001 0.001 0.449 0.075 0.006 0.022 0.263 0.160 0.002 0.000 0.000 0.000 0.001 0.001 0.001 0.001 0.106 0.000 0.001 0.001 0.001 0.001 0.001 0.001 0.000 0.001 0.000 0.011 0.004 0.000 0.011 0.000 0.000 0.001 0.000 0.000 0.000 0.001 0.048 0.006 0.007 0.006 0.001 0.001 
7 swan_vis 30 0.995 0.004 0.989 0.005 0.001 0.032 0.002 0.002 0.000 0.002 0.008 0.000 0.000 0.000 0.000 0.026 0.001 0.954 0.001 0.041 0.030 0.011 0.003 0.000 0.000 0.001 0.001 0.005 0.000 0.001 0.000 0.000 0.001 0.000 0.001 0.113 0.001 0.000 0.000 0.063 0.000 0.007 0.001 0.000 0.001 0.001 0.000 0.000 0.000 0.000 0.000 0.000 0.012 0.001 0.000 0.001 0.002 0.000 
8 woodpecker_vis 30 0.991 0.015 0.888 0.002 0.001 0.002 0.001 0.001 0.000 0.003 0.001 0.003 0.005 0.006 0.001 0.000 0.006 0.009 0.709 0.010 0.002 0.285 0.039 0.000 0.000 0.001 0.001 0.001 0.002 0.000 0.001 0.000 0.001 0.000 0.001 0.001 0.000 0.000 0.000 0.001 0.000 0.000 0.001 0.000 0.083 0.000 0.000 0.000 0.000 0.000 0.000 0.000 0.001 0.005 0.001 0.000 0.000 0.002 
9 peacock_vis 30 0.994 0.003 0.988 0.001 0.001 0.055 0.002 0.001 0.000 0.005 0.001 0.000 0.000 0.000 0.001 0.058 0.001 0.534 0.004 0.250 0.016 0.002 0.002 0.000 0.000 0.001 0.000 0.011 0.000 0.001 0.000 0.000 0.003 0.001 0.001 0.410 0.001 0.001 0.001 0.073 0.000 0.001 0.007 0.000 0.001 0.000 0.000 0.000 0.000 0.000 0.000 0.001 0.001 0.002 0.001 0.000 0.001 0.003 
10 crow_vis 30 0.993 0.001 0.952 0.017 0.002 0.433 0.002 0.006 0.000 0.001 0.000 0.000 0.000 0.000 0.000 0.001 0.000 0.008 0.000 0.005 0.494 0.001 0.027 0.001 0.000 0.001 0.000 0.011 0.000 0.001 0.003 0.000 0.006 0.008 0.000 0.010 0.001 0.000 0.001 0.166 0.000 0.000 0.012 0.000 0.001 0.000 0.000 0.000 0.000 0.000 0.000 0.000 0.001 0.000 0.001 0.000 0.001 0.000 
11 eagle_vis 30 0.994 0.761 0.034 0.010 0.001 0.003 0.009 0.009 0.000 0.001 0.152 0.003 0.002 0.000 0.006 0.008 0.000 0.378 0.001 0.002 0.001 0.002 0.001 0.002 0.000 0.001 0.002 0.143 0.000 0.001 0.002 0.000 0.000 0.000 0.001 0.015 0.003 0.000 0.000 0.171 0.000 0.005 0.002 0.000 0.002 0.002 0.001 0.000 0.000 0.000 0.000 0.000 0.001 0.000 0.000 0.000 0.000 0.001 
12 tuna_vis 30 0.993 0.003 0.011 0.985 0.006 0.001 0.002 0.001 0.000 0.001 0.000 0.000 0.003 0.001 0.000 0.000 0.000 0.001 0.048 0.001 0.010 0.028 0.631 0.187 0.162 0.025 0.001 0.016 0.001 0.000 0.001 0.001 0.036 0.001 0.001 0.001 0.000 0.000 0.011 0.010 0.001 0.000 0.001 0.000 0.001 0.000 0.000 0.000 0.000 0.000 0.000 0.000 0.006 0.000 0.000 0.000 0.001 0.001 
13 goldfish_vis 30 0.993 0.039 0.001 0.993 0.011 0.001 0.003 0.002 0.000 0.000 0.001 0.001 0.013 0.002 0.000 0.000 0.000 0.001 0.005 0.001 0.003 0.001 0.129 0.918 0.124 0.084 0.006 0.068 0.001 0.001 0.002 0.013 0.012 0.001 0.001 0.002 0.000 0.000 0.026 0.012 0.001 0.000 0.001 0.000 0.002 0.000 0.000 0.000 0.000 0.000 0.000 0.000 0.001 0.000 0.000 0.000 0.000 0.000 
14 salmon_vis 30 0.993 0.006 0.002 0.987 0.007 0.002 0.004 0.003 0.000 0.000 0.001 0.000 0.011 0.001 0.001 0.000 0.000 0.001 0.009 0.001 0.004 0.009 0.575 0.270 0.488 0.002 0.022 0.031 0.013 0.001 0.002 0.001 0.016 0.000 0.011 0.001 0.000 0.000 0.047 0.022 0.000 0.000 0.001 0.001 0.001 0.000 0.000 0.000 0.000 0.000 0.000 0.000 0.004 0.000 0.001 0.000 0.000 0.000 
15 sardine_vis 30 0.995 0.026 0.002 0.991 0.008 0.001 0.001 0.002 0.000 0.000 0.014 0.006 0.001 0.000 0.000 0.005 0.000 0.012 0.000 0.001 0.006 0.001 0.004 0.313 0.007 0.718 0.551 0.034 0.001 0.001 0.001 0.149 0.001 0.009 0.001 0.010 0.000 0.001 0.001 0.001 0.002 0.000 0.001 0.000 0.002 0.002 0.000 0.000 0.000 0.000 0.000 0.000 0.001 0.000 0.000 0.000 0.001 0.000 
16 catfish_vis 30 0.995 0.017 0.002 0.981 0.009 0.001 0.002 0.009 0.000 0.000 0.064 0.006 0.001 0.000 0.001 0.000 0.000 0.030 0.000 0.001 0.005 0.001 0.002 0.039 0.061 0.070 0.955 0.066 0.020 0.001 0.005 0.049 0.000 0.001 0.004 0.001 0.000 0.001 0.001 0.001 0.000 0.001 0.001 0.004 0.001 0.002 0.000 0.000 0.000 0.000 0.000 0.000 0.002 0.000 0.001 0.000 0.000 0.000 
17 cod_vis 30 0.995 0.017 0.004 0.987 0.013 0.001 0.004 0.007 0.000 0.000 0.043 0.001 0.001 0.000 0.001 0.001 0.000 0.015 0.000 0.002 0.010 0.001 0.008 0.024 0.035 0.080 0.757 0.266 0.006 0.001 0.002 0.022 0.002 0.004 0.002 0.006 0.000 0.002 0.002 0.003 0.002 0.000 0.001 0.004 0.001 0.007 0.000 0.000 0.000 0.000 0.000 0.000 0.002 0.000 0.001 0.000 0.000 0.000 
18 turtle_vis 30 0.993 0.041 0.002 0.040 0.974 0.002 0.003 0.001 0.001 0.000 0.001 0.004 0.001 0.004 0.071 0.001 0.003 0.001 0.003 0.008 0.002 0.000 0.001 0.003 0.043 0.002 0.027 0.012 0.904 0.035 0.035 0.222 0.004 0.007 0.021 0.002 0.001 0.012 0.003 0.001 0.001 0.000 0.001 0.001 0.001 0.000 0.000 0.000 0.010 0.000 0.000 0.001 0.000 0.000 0.009 0.000 0.001 0.001 
19 rattlesnake_vis 30 0.995 0.044 0.003 0.068 0.992 0.003 0.264 0.001 0.001 0.001 0.000 0.000 0.000 0.009 0.232 0.007 0.023 0.001 0.000 0.006 0.024 0.000 0.003 0.008 0.003 0.000 0.000 0.898 0.014 0.981 0.161 0.036 0.528 0.039 0.018 0.008 0.878 0.310 0.009 0.059 0.001 0.000 0.480 0.002 0.000 0.000 0.006 0.000 0.004 0.000 0.001 0.001 0.000 0.000 0.017 0.000 0.017 0.000 
20 crab_vis 30 0.994 0.003 0.002 0.009 0.992 0.003 0.002 0.001 0.000 0.000 0.000 0.000 0.000 0.001 0.001 0.001 0.002 0.001 0.000 0.005 0.091 0.000 0.002 0.014 0.000 0.001 0.000 0.121 0.001 0.274 0.871 0.051 0.501 0.640 0.000 0.001 0.004 0.004 0.002 0.002 0.001 0.000 0.537 0.001 0.001 0.000 0.000 0.000 0.000 0.000 0.001 0.006 0.000 0.000 0.010 0.000 0.001 0.000 
21 frog_vis 30 0.995 0.529 0.448 0.008 0.096 0.002 0.001 0.001 0.002 0.000 0.048 0.005 0.000 0.001 0.614 0.125 0.002 0.003 0.009 0.481 0.002 0.000 0.001 0.001 0.000 0.008 0.001 0.014 0.025 0.008 0.002 0.034 0.002 0.054 0.001 0.012 0.001 0.064 0.001 0.001 0.001 0.001 0.003 0.000 0.002 0.002 0.001 0.005 0.004 0.001 0.001 0.036 0.000 0.000 0.024 0.000 0.001 0.002 
22 gecko_vis 30 0.995 0.006 0.009 0.036 0.992 0.002 0.089 0.001 0.000 0.001 0.000 0.000 0.000 0.026 0.006 0.004 0.057 0.001 0.002 0.004 0.027 0.000 0.046 0.043 0.002 0.001 0.000 0.290 0.028 0.826 0.323 0.030 0.913 0.012 0.002 0.003 0.569 0.010 0.024 0.162 0.000 0.000 0.020 0.000 0.000 0.000 0.000 0.000 0.000 0.000 0.001 0.000 0.001 0.001 0.003 0.000 0.005 0.000 
23 crocodile_vis 30 0.995 0.007 0.147 0.318 0.992 0.005 0.005 0.001 0.001 0.002 0.000 0.000 0.000 0.000 0.006 0.155 0.001 0.002 0.001 0.559 0.282 0.000 0.017 0.013 0.000 0.010 0.000 0.742 0.002 0.105 0.006 0.688 0.884 0.683 0.001 0.245 0.028 0.377 0.025 0.011 0.008 0.000 0.233 0.000 0.001 0.000 0.000 0.000 0.002 0.001 0.001 0.011 0.000 0.001 0.010 0.000 0.095 0.003 
24 axe_vis 30 0.003 0.001 0.001 0.001 0.005 0.996 0.993 0.051 0.029 0.004 0.000 0.000 0.000 0.001 0.003 0.000 0.000 0.007 0.000 0.001 0.000 0.000 0.001 0.002 0.000 0.000 0.001 0.005 0.000 0.052 0.003 0.001 0.000 0.000 0.116 0.004 0.984 0.022 0.002 0.010 0.001 0.007 0.005 0.023 0.001 0.001 0.098 0.000 0.013 0.001 0.001 0.000 0.001 0.000 0.001 0.004 0.125 0.001 
25 hammer_vis 30 0.020 0.009 0.001 0.002 0.001 0.996 0.972 0.008 0.004 0.001 0.007 0.000 0.000 0.000 0.000 0.144 0.000 0.073 0.000 0.004 0.000 0.000 0.001 0.001 0.000 0.002 0.000 0.008 0.000 0.001 0.000 0.000 0.000 0.001 0.001 0.980 0.005 0.009 0.004 0.077 0.008 0.007 0.007 0.001 0.001 0.004 0.001 0.000 0.001 0.003 0.032 0.012 0.001 0.000 0.001 0.000 0.003 0.005 
26 screwdriver_vis 30 0.005 0.001 0.001 0.001 0.003 0.996 0.990 0.026 0.004 0.003 0.000 0.000 0.000 0.000 0.000 0.001 0.000 0.042 0.000 0.002 0.001 0.000 0.001 0.012 0.000 0.000 0.000 0.004 0.000 0.001 0.001 0.002 0.001 0.001 0.002 0.453 0.431 0.006 0.003 0.015 0.001 0.013 0.006 0.001 0.001 0.000 0.002 0.000 0.002 0.001 0.002 0.001 0.001 0.000 0.001 0.000 0.038 0.001 
27 chisel_vis 30 0.006 0.002 0.001 0.002 0.002 0.996 0.990 0.014 0.010 0.002 0.001 0.001 0.000 0.000 0.001 0.002 0.000 0.042 0.000 0.005 0.000 0.000 0.001 0.063 0.000 0.000 0.001 0.008 0.000 0.001 0.000 0.006 0.000 0.001 0.001 0.465 0.026 0.031 0.007 0.015 0.006 0.013 0.004 0.001 0.001 0.001 0.000 0.000 0.003 0.002 0.002 0.007 0.001 0.000 0.001 0.000 0.005 0.003 
28 saw_vis 30 0.006 0.020 0.001 0.006 0.001 0.996 0.984 0.013 0.006 0.002 0.001 0.000 0.002 0.003 0.000 0.002 0.000 0.011 0.000 0.002 0.001 0.000 0.002 0.009 0.000 0.001 0.000 0.006 0.000 0.001 0.000 0.000 0.001 0.001 0.001 0.341 0.043 0.001 0.008 0.485 0.002 0.001 0.003 0.001 0.005 0.000 0.003 0.000 0.000 0.005 0.047 0.001 0.003 0.001 0.001 0.000 0.004 0.001 
29 drill_vis 30 0.004 0.041 0.001 0.003 0.001 0.996 0.992 0.012 0.001 0.001 0.000 0.000 0.012 0.026 0.000 0.000 0.000 0.015 0.000 0.001 0.001 0.001 0.001 0.047 0.000 0.000 0.000 0.004 0.000 0.001 0.000 0.000 0.001 0.000 0.001 0.065 0.010 0.001 0.005 0.953 0.001 0.001 0.002 0.001 0.003 0.000 0.001 0.000 0.000 0.001 0.056 0.000 0.011 0.001 0.001 0.000 0.001 0.001 
30 clamp_vis 30 0.001 0.001 0.001 0.010 0.001 0.996 0.003 0.984 0.001 0.001 0.000 0.000 0.000 0.000 0.000 0.000 0.000 0.000 0.000 0.001 0.001 0.000 0.001 0.000 0.000 0.037 0.000 0.003 0.000 0.000 0.001 0.000 0.000 0.014 0.000 0.027 0.001 0.002 0.002 0.000 0.953 0.000 0.035 0.039 0.004 0.013 0.000 0.000 0.001 0.001 0.000 0.042 0.000 0.000 0.003 0.000 0.000 0.000 
31 hoe_vis 30 0.002 0.001 0.001 0.001 0.001 0.996 0.003 0.995 0.001 0.001 0.014 0.000 0.000 0.000 0.000 0.000 0.000 0.001 0.000 0.001 0.001 0.002 0.001 0.000 0.000 0.000 0.017 0.003 0.000 0.000 0.061 0.000 0.000 0.000 0.001 0.001 0.001 0.004 0.000 0.000 0.020 0.006 0.021 0.964 0.019 0.119 0.000 0.001 0.001 0.000 0.000 0.009 0.001 0.000 0.002 0.001 0.000 0.000 
32 rake_vis 30 0.002 0.001 0.001 0.002 0.001 0.996 0.001 0.982 0.003 0.001 0.001 0.000 0.000 0.000 0.000 0.001 0.000 0.000 0.000 0.001 0.001 0.000 0.001 0.000 0.000 0.019 0.000 0.002 0.000 0.000 0.001 0.000 0.000 0.008 0.000 0.023 0.001 0.001 0.001 0.000 0.867 0.001 0.065 0.014 0.007 0.019 0.000 0.001 0.001 0.002 0.000 0.055 0.000 0.000 0.002 0.000 0.000 0.000 
33 shovel_vis 30 0.001 0.001 0.001 0.001 0.001 0.996 0.006 0.995 0.001 0.001 0.002 0.000 0.000 0.000 0.000 0.000 0.000 0.000 0.000 0.001 0.001 0.001 0.001 0.000 0.000 0.001 0.004 0.003 0.000 0.000 0.021 0.000 0.000 0.001 0.001 0.001 0.001 0.004 0.000 0.000 0.075 0.001 0.016 0.841 0.018 0.017 0.000 0.000 0.001 0.000 0.000 0.010 0.001 0.000 0.003 0.000 0.000 0.000 
34 spade_vis 30 0.001 0.011 0.001 0.001 0.001 0.996 0.002 0.897 0.005 0.001 0.001 0.000 0.001 0.000 0.000 0.000 0.000 0.000 0.000 0.001 0.001 0.002 0.001 0.000 0.000 0.018 0.000 0.001 0.000 0.000 0.001 0.000 0.000 0.001 0.000 0.001 0.001 0.001 0.002 0.001 0.055 0.001 0.005 0.008 0.105 0.014 0.000 0.001 0.000 0.006 0.000 0.029 0.001 0.000 0.002 0.000 0.000 0.000 
35 wrench_vis 30 0.002 0.014 0.001 0.000 0.001 0.996 0.000 0.990 0.011 0.001 0.060 0.001 0.000 0.000 0.001 0.000 0.000 0.001 0.000 0.001 0.000 0.002 0.000 0.000 0.000 0.004 0.014 0.000 0.000 0.000 0.001 0.000 0.000 0.001 0.000 0.001 0.000 0.000 0.000 0.000 0.004 0.111 0.001 0.007 0.048 0.711 0.003 0.005 0.003 0.000 0.000 0.048 0.001 0.000 0.001 0.001 0.000 0.000 
36 accordion_vis 30 0.003 0.009 0.001 0.000 0.001 0.996 0.001 0.020 0.991 0.003 0.000 0.000 0.001 0.006 0.013 0.001 0.007 0.001 0.000 0.001 0.000 0.000 0.000 0.000 0.000 0.000 0.000 0.000 0.000 0.015 0.009 0.000 0.000 0.000 0.002 0.001 0.142 0.000 0.000 0.000 0.000 0.061 0.001 0.001 0.001 0.003 0.964 0.012 0.046 0.004 0.015 0.001 0.001 0.001 0.001 0.110 0.006 0.001 
37 cello_vis 30 0.002 0.017 0.001 0.000 0.001 0.996 0.001 0.003 0.992 0.002 0.001 0.001 0.000 0.028 0.004 0.001 0.001 0.000 0.000 0.001 0.000 0.000 0.000 0.000 0.000 0.000 0.000 0.000 0.000 0.001 0.001 0.000 0.000 0.001 0.001 0.001 0.003 0.001 0.000 0.000 0.000 0.012 0.001 0.000 0.001 0.004 0.491 0.009 0.006 0.078 0.095 0.016 0.000 0.001 0.001 0.002 0.002 0.001 
38 flute_vis 30 0.002 0.001 0.001 0.014 0.002 0.995 0.044 0.946 0.040 0.002 0.001 0.000 0.000 0.000 0.002 0.001 0.000 0.000 0.000 0.001 0.001 0.000 0.001 0.000 0.000 0.002 0.080 0.003 0.001 0.001 0.027 0.000 0.000 0.002 0.005 0.001 0.004 0.021 0.001 0.000 0.603 0.002 0.003 0.931 0.001 0.482 0.003 0.006 0.422 0.003 0.001 0.008 0.001 0.000 0.011 0.001 0.001 0.001 
39 guitar_vis 30 0.002 0.018 0.001 0.000 0.001 0.995 0.001 0.002 0.994 0.002 0.001 0.000 0.001 0.043 0.003 0.002 0.001 0.000 0.001 0.001 0.000 0.000 0.000 0.000 0.000 0.000 0.000 0.000 0.000 0.001 0.001 0.000 0.000 0.001 0.001 0.001 0.003 0.000 0.000 0.000 0.001 0.003 0.001 0.000 0.001 0.002 0.392 0.005 0.008 0.221 0.565 0.007 0.000 0.001 0.001 0.001 0.004 0.002 
40 piano_vis 30 0.002 0.005 0.001 0.000 0.005 0.996 0.004 0.007 0.982 0.003 0.000 0.000 0.000 0.005 0.002 0.001 0.001 0.001 0.000 0.001 0.000 0.000 0.000 0.000 0.000 0.000 0.000 0.000 0.000 0.011 0.011 0.000 0.000 0.000 0.001 0.002 0.553 0.000 0.000 0.001 0.000 0.019 0.001 0.001 0.001 0.001 0.553 0.002 0.114 0.005 0.094 0.001 0.001 0.002 0.001 0.004 0.007 0.001 
41 trumpet_vis 30 0.001 0.022 0.001 0.000 0.001 0.996 0.000 0.011 0.987 0.001 0.002 0.148 0.000 0.000 0.001 0.003 0.000 0.000 0.000 0.026 0.000 0.000 0.000 0.000 0.000 0.033 0.000 0.000 0.000 0.000 0.001 0.001 0.000 0.014 0.000 0.001 0.000 0.001 0.000 0.000 0.003 0.033 0.001 0.000 0.078 0.007 0.002 0.030 0.003 0.020 0.007 0.985 0.000 0.000 0.001 0.001 0.000 0.000 
42 fork_vis 30 0.004 0.020 0.001 0.002 0.001 0.996 0.992 0.007 0.002 0.004 0.000 0.000 0.011 0.010 0.000 0.000 0.000 0.003 0.003 0.001 0.001 0.001 0.003 0.019 0.000 0.000 0.000 0.002 0.000 0.001 0.000 0.000 0.001 0.000 0.002 0.024 0.005 0.001 0.363 0.265 0.000 0.001 0.002 0.001 0.004 0.000 0.000 0.000 0.000 0.010 0.007 0.000 0.005 0.001 0.001 0.000 0.001 0.001 
43 spoon_vis 30 0.005 0.001 0.004 0.001 0.004 0.996 0.977 0.002 0.001 0.956 0.000 0.000 0.000 0.001 0.000 0.000 0.001 0.015 0.000 0.002 0.006 0.001 0.017 0.000 0.001 0.000 0.000 0.001 0.000 0.006 0.001 0.000 0.001 0.000 0.252 0.001 0.946 0.008 0.001 0.010 0.000 0.001 0.002 0.001 0.001 0.001 0.004 0.000 0.004 0.000 0.001 0.000 0.027 0.001 0.001 0.618 0.858 0.001 
44 tongs_vis 30 0.002 0.001 0.001 0.007 0.001 0.996 0.016 0.984 0.002 0.001 0.000 0.000 0.000 0.000 0.001 0.000 0.000 0.000 0.000 0.001 0.001 0.001 0.002 0.000 0.000 0.015 0.001 0.005 0.000 0.001 0.001 0.000 0.000 0.008 0.002 0.024 0.001 0.009 0.002 0.001 0.925 0.000 0.022 0.125 0.004 0.024 0.000 0.000 0.002 0.001 0.000 0.023 0.001 0.000 0.007 0.000 0.000 0.000 
45 ladle_vis 30 0.002 0.001 0.001 0.001 0.001 0.996 0.010 0.990 0.001 0.002 0.010 0.000 0.000 0.000 0.001 0.000 0.000 0.001 0.000 0.001 0.001 0.002 0.001 0.000 0.000 0.001 0.029 0.002 0.000 0.001 0.038 0.000 0.000 0.000 0.008 0.001 0.002 0.004 0.001 0.001 0.015 0.005 0.008 0.937 0.011 0.171 0.001 0.001 0.002 0.000 0.000 0.007 0.001 0.000 0.002 0.001 0.001 0.001 
46 knife_vis 30 0.003 0.001 0.005 0.001 0.010 0.996 0.006 0.006 0.008 0.968 0.000 0.000 0.000 0.001 0.001 0.000 0.001 0.001 0.000 0.002 0.016 0.039 0.036 0.000 0.004 0.000 0.002 0.000 0.001 0.001 0.002 0.000 0.002 0.000 0.013 0.001 0.007 0.001 0.001 0.001 0.001 0.001 0.001 0.001 0.001 0.002 0.001 0.000 0.037 0.008 0.001 0.000 0.029 0.001 0.002 0.141 0.281 0.011 
47 chopsticks_vis 30 0.007 0.001 0.001 0.001 0.001 0.996 0.993 0.005 0.002 0.013 0.002 0.002 0.000 0.000 0.002 0.000 0.000 0.013 0.000 0.064 0.001 0.000 0.001 0.001 0.000 0.000 0.007 0.040 0.000 0.001 0.003 0.028 0.000 0.000 0.033 0.038 0.131 0.894 0.004 0.002 0.001 0.026 0.004 0.108 0.001 0.001 0.001 0.001 0.002 0.000 0.000 0.018 0.001 0.000 0.007 0.001 0.003 0.006 
