0 beaver_vis 30 0.996 0.991 0.023 0.001 0.044 0.002 0.001 0.001 0.001 0.004 0.971 0.051 0.303 0.044 0.034 0.001 0.001 0.001 0.002 0.000 0.013 0.034 0.001 0.000 0.135 0.000 0.000 0.001 0.069 0.002 0.087 0.160 0.002 0.001 0.000 0.001 0.000 0.000 0.000 0.001 0.002 0.000 0.001 0.000 0.001 0.004 0.001 0.003 0.000 0.002 0.001 0.015 0.004 0.001 0.011 0.000 0.025 0.007 
1 bear_vis 30 0.996 0.915 0.138 0.001 0.055 0.002 0.001 0.001 0.001 0.001 0.418 0.510 0.007 0.023 0.031 0.003 0.002 0.001 0.023 0.024 0.005 0.001 0.000 0.001 0.003 0.002 0.000 0.001 0.002 0.006 0.004 0.384 0.013 0.000 0.000 0.001 0.000 0.000 0.000 0.000 0.001 0.000 0.001 0.000 0.001 0.002 0.002 0.001 0.000 0.002 0.001 0.002 0.001 0.001 0.031 0.000 0.001 0.001 
2 sheep_vis 30 0.996 0.985 0.025 0.001 0.024 0.002 0.001 0.001 0.001 0.004 0.177 0.017 0.975 0.005 0.192 0.000 0.004 0.001 0.001 0.000 0.001 0.222 0.001 0.000 0.041 0.000 0.000 0.001 0.018 0.002 0.018 0.067 0.002 0.010 0.000 0.001 0.000 0.000 0.003 0.001 0.001 0.000 0.000 0.000 0.001 0.009 0.001 0.001 0.000 0.001 0.005 0.002 0.032 0.001 0.001 0.000 0.065 0.086 
3 buffalo_vis 30 0.996 0.927 0.027 0.001 0.048 0.002 0.001 0.001 0.001 0.001 0.009 0.310 0.241 0.009 0.138 0.001 0.010 0.000 0.009 0.002 0.001 0.001 0.000 0.001 0.000 0.000 0.000 0.001 0.001 0.005 0.001 0.326 0.006 0.003 0.000 0.001 0.000 0.000 0.001 0.000 0.000 0.000 0.000 0.000 0.000 0.002 0.001 0.001 0.000 0.002 0.005 0.001 0.003 0.002 0.003 0.000 0.001 0.001 
4 poodle_vis 30 0.996 0.988 0.032 0.001 0.037 0.002 0.001 0.001 0.002 0.003 0.102 0.160 0.850 0.013 0.303 0.001 0.004 0.001 0.021 0.001 0.001 0.047 0.001 0.001 0.006 0.000 0.000 0.001 0.006 0.006 0.007 0.193 0.008 0.004 0.000 0.001 0.000 0.000 0.001 0.001 0.001 0.000 0.000 0.000 0.000 0.007 0.001 0.001 0.000 0.005 0.003 0.001 0.011 0.002 0.003 0.000 0.017 0.015 
5 giraffe_vis 30 0.996 0.991 0.045 0.001 0.127 0.002 0.001 0.001 0.001 0.001 0.242 0.919 0.039 0.044 0.211 0.006 0.005 0.001 0.056 0.043 0.001 0.000 0.001 0.001 0.001 0.003 0.000 0.001 0.003 0.018 0.002 0.831 0.030 0.000 0.000 0.001 0.000 0.000 0.000 0.000 0.000 0.000 0.001 0.000 0.001 0.003 0.003 0.001 0.000 0.004 0.002 0.001 0.001 0.001 0.031 0.000 0.001 0.001 
6 robin_vis 30 0.994 0.007 0.975 0.042 0.001 0.002 0.001 0.001 0.016 0.008 0.001 0.001 0.001 0.001 0.124 0.000 0.865 0.000 0.076 0.011 0.002 0.049 0.008 0.002 0.001 0.021 0.000 0.001 0.000 0.003 0.001 0.000 0.002 0.001 0.000 0.004 0.000 0.001 0.000 0.001 0.000 0.000 0.000 0.000 0.001 0.002 0.003 0.001 0.000 0.014 0.035 0.001 0.010 0.007 0.003 0.007 0.000 0.005 
7 swan_vis 30 0.996 0.017 0.972 0.093 0.001 0.003 0.001 0.001 0.001 0.003 0.007 0.001 0.057 0.001 0.004 0.000 0.062 0.026 0.005 0.002 0.002 0.946 0.003 0.000 0.083 0.001 0.000 0.002 0.000 0.001 0.000 0.000 0.000 0.001 0.000 0.001 0.000 0.001 0.000 0.003 0.001 0.000 0.000 0.000 0.002 0.004 0.001 0.001 0.000 0.002 0.003 0.005 0.006 0.000 0.001 0.009 0.002 0.003 
8 woodpecker_vis 30 0.995 0.192 0.990 0.066 0.001 0.002 0.001 0.001 0.014 0.004 0.003 0.185 0.001 0.011 0.050 0.001 0.018 0.016 0.988 0.148 0.001 0.080 0.002 0.006 0.000 0.018 0.000 0.778 0.000 0.002 0.000 0.001 0.085 0.001 0.001 0.004 0.002 0.002 0.000 0.001 0.000 0.000 0.000 0.001 0.002 0.005 0.026 0.001 0.000 0.036 0.002 0.001 0.002 0.007 0.025 0.001 0.001 0.001 
9 peacock_vis 30 0.996 0.020 0.988 0.094 0.001 0.002 0.001 0.001 0.002 0.001 0.003 0.135 0.000 0.001 0.001 0.014 0.004 0.119 0.087 0.958 0.002 0.000 0.001 0.001 0.000 0.089 0.192 0.003 0.000 0.003 0.000 0.000 0.001 0.000 0.000 0.001 0.002 0.003 0.000 0.000 0.000 0.000 0.000 0.001 0.001 0.003 0.006 0.001 0.000 0.002 0.001 0.001 0.001 0.001 0.003 0.000 0.000 0.001 
10 crow_vis 30 0.993 0.002 0.992 0.004 0.001 0.009 0.001 0.006 0.002 0.005 0.001 0.018 0.000 0.000 0.000 0.003 0.083 0.003 0.012 0.945 0.488 0.000 0.009 0.000 0.000 0.004 0.010 0.001 0.000 0.026 0.000 0.000 0.001 0.003 0.000 0.001 0.001 0.029 0.000 0.001 0.015 0.000 0.000 0.008 0.004 0.048 0.065 0.001 0.000 0.001 0.001 0.003 0.016 0.001 0.036 0.004 0.000 0.001 
11 eagle_vis 30 0.994 0.013 0.978 0.091 0.001 0.003 0.001 0.001 0.008 0.017 0.005 0.001 0.060 0.001 0.005 0.000 0.107 0.015 0.009 0.002 0.006 0.961 0.009 0.000 0.088 0.001 0.000 0.002 0.000 0.001 0.001 0.000 0.001 0.001 0.000 0.003 0.000 0.002 0.000 0.005 0.001 0.000 0.000 0.000 0.002 0.005 0.002 0.002 0.000 0.008 0.005 0.008 0.016 0.002 0.003 0.012 0.003 0.020 
12 tuna_vis 30 0.057 0.000 0.003 0.119 0.002 0.583 0.001 0.002 0.977 0.001 0.000 0.002 0.000 0.000 0.002 0.001 0.001 0.001 0.007 0.024 0.001 0.001 0.007 0.013 0.006 0.376 0.005 0.142 0.002 0.001 0.001 0.046 0.011 0.000 0.002 0.002 0.003 0.001 0.000 0.001 0.000 0.001 0.001 0.002 0.020 0.001 0.080 0.080 0.006 0.008 0.040 0.015 0.001 0.000 0.001 0.000 0.003 0.001 
13 goldfish_vis 30 0.970 0.016 0.003 0.029 0.681 0.018 0.001 0.002 0.739 0.001 0.000 0.104 0.506 0.003 0.067 0.002 0.008 0.000 0.005 0.003 0.000 0.000 0.012 0.007 0.007 0.018 0.000 0.012 0.054 0.071 0.001 0.877 0.043 0.014 0.001 0.003 0.005 0.000 0.009 0.002 0.000 0.001 0.034 0.001 0.008 0.011 0.058 0.017 0.008 0.026 0.984 0.002 0.001 0.001 0.001 0.000 0.008 0.000 
14 salmon_vis 30 0.995 0.001 0.028 0.981 0.017 0.002 0.006 0.001 0.013 0.001 0.001 0.000 0.064 0.001 0.001 0.000 0.034 0.001 0.001 0.004 0.001 0.033 0.038 0.004 0.932 0.152 0.027 0.028 0.011 0.003 0.002 0.009 0.001 0.024 0.001 0.018 0.001 0.003 0.001 0.046 0.002 0.001 0.001 0.001 0.034 0.001 0.002 0.010 0.000 0.001 0.050 0.008 0.002 0.000 0.001 0.000 0.001 0.001 
15 sardine_vis 30 0.994 0.000 0.030 0.985 0.047 0.002 0.002 0.001 0.018 0.001 0.000 0.001 0.000 0.002 0.001 0.000 0.031 0.000 0.007 0.071 0.000 0.000 0.003 0.011 0.056 0.965 0.023 0.097 0.001 0.003 0.001 0.106 0.009 0.002 0.001 0.063 0.001 0.001 0.000 0.002 0.000 0.000 0.003 0.001 0.010 0.001 0.004 0.003 0.000 0.001 0.026 0.001 0.001 0.000 0.001 0.000 0.000 0.000 
16 catfish_vis 30 0.936 0.001 0.016 0.487 0.007 0.032 0.001 0.002 0.971 0.001 0.001 0.004 0.013 0.001 0.006 0.001 0.174 0.001 0.004 0.188 0.001 0.001 0.011 0.004 0.063 0.639 0.005 0.060 0.003 0.013 0.001 0.184 0.006 0.002 0.001 0.005 0.011 0.000 0.001 0.002 0.000 0.001 0.010 0.004 0.035 0.006 0.038 0.047 0.002 0.032 0.957 0.005 0.001 0.000 0.001 0.000 0.005 0.001 
17 cod_vis 30 0.995 0.001 0.022 0.989 0.015 0.003 0.002 0.002 0.029 0.001 0.000 0.001 0.036 0.001 0.001 0.000 0.006 0.001 0.005 0.002 0.000 0.022 0.009 0.011 0.554 0.110 0.019 0.269 0.004 0.001 0.001 0.009 0.003 0.029 0.001 0.011 0.003 0.002 0.003 0.021 0.001 0.001 0.002 0.002 0.012 0.001 0.004 0.006 0.001 0.001 0.058 0.005 0.001 0.000 0.001 0.000 0.001 0.001 
18 turtle_vis 30 0.995 0.033 0.001 0.087 0.991 0.002 0.003 0.001 0.002 0.001 0.006 0.111 0.009 0.005 0.001 0.001 0.000 0.000 0.000 0.001 0.001 0.000 0.001 0.005 0.017 0.182 0.001 0.007 0.518 0.007 0.172 0.903 0.031 0.007 0.000 0.247 0.011 0.000 0.000 0.002 0.000 0.001 0.041 0.000 0.001 0.001 0.001 0.030 0.000 0.000 0.006 0.001 0.001 0.000 0.005 0.000 0.001 0.001 
19 rattlesnake_vis 30 0.943 0.008 0.001 0.002 0.975 0.007 0.001 0.002 0.992 0.001 0.000 0.003 0.000 0.016 0.067 0.288 0.021 0.000 0.001 0.000 0.005 0.000 0.050 0.032 0.001 0.005 0.000 0.001 0.152 0.756 0.004 0.229 0.155 0.001 0.000 0.004 0.007 0.001 0.001 0.001 0.000 0.033 0.071 0.000 0.003 0.022 0.751 0.058 0.055 0.054 0.949 0.031 0.002 0.001 0.002 0.000 0.068 0.001 
20 crab_vis 30 0.840 0.003 0.001 0.001 0.989 0.237 0.007 0.002 0.989 0.001 0.001 0.191 0.012 0.001 0.002 0.001 0.003 0.000 0.001 0.002 0.013 0.000 0.003 0.000 0.006 0.009 0.000 0.002 0.038 0.132 0.900 0.613 0.780 0.030 0.001 0.632 0.330 0.000 0.001 0.003 0.000 0.001 0.871 0.000 0.010 0.027 0.076 0.937 0.001 0.048 0.983 0.003 0.003 0.000 0.020 0.000 0.034 0.002 
21 frog_vis 30 0.996 0.273 0.001 0.007 0.989 0.002 0.001 0.001 0.002 0.001 0.001 0.431 0.200 0.021 0.030 0.001 0.003 0.000 0.001 0.004 0.000 0.000 0.001 0.002 0.047 0.102 0.000 0.010 0.119 0.124 0.022 0.985 0.121 0.019 0.000 0.008 0.000 0.000 0.002 0.001 0.001 0.000 0.014 0.000 0.002 0.001 0.002 0.001 0.000 0.000 0.020 0.001 0.001 0.001 0.001 0.000 0.000 0.000 
22 gecko_vis 30 0.940 0.226 0.001 0.005 0.985 0.007 0.001 0.002 0.984 0.001 0.001 0.800 0.135 0.011 0.045 0.002 0.001 0.000 0.012 0.003 0.001 0.000 0.002 0.006 0.004 0.046 0.000 0.168 0.187 0.084 0.160 0.944 0.753 0.016 0.001 0.031 0.074 0.000 0.005 0.001 0.000 0.001 0.626 0.000 0.007 0.062 0.191 0.256 0.002 0.077 0.985 0.003 0.001 0.001 0.003 0.000 0.028 0.001 
23 crocodile_vis 30 0.992 0.163 0.007 0.001 0.694 0.002 0.001 0.001 0.007 0.001 0.002 0.193 0.003 0.001 0.002 0.001 0.003 0.000 0.001 0.003 0.009 0.000 0.002 0.000 0.001 0.001 0.000 0.001 0.002 0.082 0.097 0.136 0.142 0.032 0.000 0.002 0.001 0.000 0.001 0.001 0.001 0.001 0.004 0.000 0.001 0.004 0.011 0.003 0.000 0.001 0.009 0.002 0.004 0.001 0.008 0.000 0.001 0.001 
24 axe_vis 30 0.002 0.000 0.002 0.003 0.001 0.996 0.700 0.006 0.201 0.001 0.000 0.000 0.000 0.001 0.000 0.001 0.000 0.003 0.001 0.001 0.001 0.000 0.002 0.001 0.000 0.000 0.001 0.009 0.001 0.001 0.001 0.000 0.001 0.000 0.003 0.006 0.928 0.002 0.000 0.088 0.000 0.011 0.001 0.023 0.001 0.002 0.013 0.101 0.108 0.001 0.004 0.012 0.001 0.000 0.004 0.000 0.072 0.001 
25 hammer_vis 30 0.002 0.000 0.001 0.002 0.002 0.996 0.021 0.992 0.073 0.039 0.000 0.000 0.000 0.006 0.000 0.000 0.000 0.000 0.001 0.000 0.001 0.000 0.001 0.001 0.001 0.001 0.000 0.075 0.001 0.001 0.018 0.000 0.001 0.000 0.000 0.520 0.296 0.001 0.000 0.057 0.002 0.914 0.964 0.880 0.055 0.007 0.002 0.015 0.470 0.001 0.001 0.009 0.001 0.000 0.635 0.001 0.001 0.001 
26 screwdriver_vis 30 0.003 0.000 0.002 0.003 0.001 0.996 0.898 0.006 0.062 0.001 0.000 0.000 0.000 0.000 0.000 0.001 0.000 0.001 0.000 0.004 0.018 0.000 0.001 0.000 0.000 0.001 0.015 0.002 0.004 0.003 0.001 0.000 0.001 0.000 0.000 0.026 0.900 0.265 0.000 0.002 0.000 0.001 0.004 0.264 0.001 0.002 0.003 0.010 0.047 0.001 0.002 0.030 0.001 0.000 0.001 0.000 0.002 0.001 
27 chisel_vis 30 0.002 0.000 0.001 0.002 0.001 0.996 0.006 0.991 0.006 0.001 0.000 0.000 0.000 0.001 0.000 0.000 0.000 0.002 0.000 0.000 0.001 0.000 0.001 0.000 0.000 0.001 0.005 0.006 0.001 0.002 0.001 0.000 0.001 0.000 0.001 0.002 0.033 0.033 0.004 0.001 0.061 0.011 0.327 0.981 0.109 0.022 0.001 0.001 0.042 0.001 0.001 0.015 0.001 0.000 0.005 0.067 0.000 0.001 
28 saw_vis 30 0.004 0.000 0.001 0.002 0.003 0.994 0.811 0.004 0.030 0.001 0.001 0.001 0.000 0.001 0.000 0.003 0.000 0.002 0.000 0.001 0.007 0.000 0.002 0.000 0.000 0.000 0.005 0.001 0.263 0.002 0.005 0.000 0.001 0.001 0.002 0.002 0.932 0.001 0.001 0.003 0.000 0.002 0.001 0.004 0.001 0.003 0.007 0.061 0.003 0.001 0.007 0.003 0.001 0.000 0.002 0.000 0.030 0.001 
29 drill_vis 30 0.003 0.000 0.001 0.002 0.002 0.995 0.874 0.002 0.032 0.001 0.000 0.000 0.000 0.000 0.000 0.002 0.000 0.004 0.000 0.004 0.011 0.000 0.002 0.000 0.000 0.000 0.018 0.001 0.011 0.001 0.002 0.000 0.001 0.001 0.008 0.002 0.941 0.001 0.000 0.006 0.000 0.001 0.001 0.005 0.001 0.001 0.004 0.171 0.004 0.001 0.010 0.001 0.001 0.000 0.003 0.000 0.017 0.000 
30 clamp_vis 30 0.002 0.000 0.001 0.002 0.002 0.997 0.001 0.975 0.005 0.001 0.000 0.000 0.001 0.001 0.000 0.000 0.000 0.000 0.000 0.000 0.001 0.000 0.001 0.000 0.001 0.000 0.000 0.002 0.004 0.002 0.022 0.003 0.000 0.002 0.000 0.003 0.001 0.001 0.002 0.001 0.018 0.070 0.940 0.032 0.034 0.072 0.002 0.001 0.001 0.000 0.001 0.018 0.001 0.000 0.005 0.001 0.000 0.002 
31 hoe_vis 30 0.002 0.000 0.001 0.001 0.004 0.996 0.001 0.946 0.037 0.002 0.000 0.000 0.111 0.000 0.002 0.000 0.001 0.000 0.001 0.000 0.000 0.001 0.003 0.001 0.000 0.000 0.000 0.002 0.007 0.002 0.021 0.012 0.001 0.514 0.000 0.001 0.001 0.000 0.001 0.001 0.002 0.366 0.022 0.008 0.355 0.429 0.013 0.002 0.001 0.001 0.004 0.018 0.058 0.001 0.001 0.003 0.005 0.001 
32 rake_vis 30 0.002 0.000 0.001 0.001 0.027 0.997 0.001 0.991 0.022 0.007 0.000 0.001 0.077 0.000 0.001 0.000 0.000 0.000 0.000 0.000 0.001 0.000 0.001 0.000 0.001 0.000 0.000 0.005 0.010 0.002 0.106 0.005 0.002 0.522 0.000 0.002 0.001 0.000 0.000 0.001 0.004 0.468 0.459 0.004 0.124 0.891 0.002 0.005 0.000 0.000 0.002 0.011 0.059 0.000 0.001 0.001 0.002 0.006 
33 shovel_vis 30 0.002 0.000 0.001 0.002 0.001 0.997 0.001 0.864 0.013 0.001 0.000 0.000 0.014 0.000 0.000 0.000 0.000 0.000 0.000 0.000 0.000 0.001 0.001 0.001 0.001 0.000 0.000 0.010 0.008 0.001 0.001 0.012 0.000 0.059 0.000 0.001 0.001 0.001 0.000 0.004 0.003 0.428 0.019 0.087 0.365 0.045 0.005 0.001 0.005 0.000 0.003 0.008 0.012 0.000 0.001 0.012 0.003 0.000 
34 spade_vis 30 0.002 0.000 0.001 0.003 0.002 0.996 0.001 0.975 0.034 0.001 0.001 0.000 0.000 0.000 0.000 0.000 0.001 0.000 0.000 0.000 0.002 0.000 0.003 0.000 0.013 0.001 0.000 0.002 0.003 0.001 0.022 0.002 0.001 0.009 0.000 0.001 0.001 0.000 0.000 0.003 0.001 0.525 0.014 0.011 0.961 0.013 0.037 0.173 0.001 0.000 0.003 0.007 0.025 0.000 0.016 0.001 0.002 0.000 
35 wrench_vis 30 0.002 0.000 0.002 0.001 0.005 0.997 0.001 0.986 0.025 0.004 0.000 0.001 0.169 0.000 0.005 0.000 0.001 0.000 0.001 0.000 0.000 0.001 0.002 0.000 0.000 0.000 0.000 0.005 0.006 0.003 0.012 0.009 0.001 0.403 0.000 0.001 0.000 0.000 0.001 0.001 0.007 0.280 0.192 0.004 0.097 0.949 0.005 0.001 0.001 0.001 0.001 0.038 0.034 0.001 0.001 0.005 0.002 0.009 
36 accordion_vis 30 0.050 0.001 0.311 0.001 0.001 0.993 0.001 0.001 0.995 0.001 0.000 0.100 0.000 0.001 0.008 0.001 0.029 0.011 0.783 0.219 0.000 0.030 0.002 0.001 0.000 0.008 0.000 0.063 0.000 0.004 0.000 0.002 0.007 0.000 0.000 0.001 0.001 0.001 0.000 0.001 0.000 0.001 0.000 0.005 0.001 0.006 0.985 0.004 0.015 0.031 0.005 0.200 0.001 0.014 0.002 0.001 0.003 0.000 
37 cello_vis 30 0.002 0.000 0.003 0.007 0.001 0.995 0.001 0.006 0.994 0.001 0.001 0.000 0.000 0.000 0.000 0.000 0.001 0.000 0.001 0.001 0.003 0.001 0.005 0.001 0.015 0.003 0.000 0.020 0.005 0.003 0.058 0.001 0.004 0.000 0.000 0.009 0.006 0.001 0.000 0.022 0.000 0.093 0.002 0.004 0.007 0.004 0.319 0.904 0.018 0.003 0.010 0.288 0.001 0.001 0.002 0.000 0.027 0.001 
38 flute_vis 30 0.002 0.000 0.079 0.001 0.001 0.996 0.001 0.001 0.995 0.004 0.000 0.010 0.000 0.000 0.002 0.001 0.093 0.000 0.165 0.015 0.000 0.003 0.003 0.001 0.000 0.001 0.000 0.009 0.000 0.039 0.000 0.000 0.013 0.000 0.000 0.002 0.001 0.011 0.000 0.002 0.000 0.004 0.001 0.010 0.001 0.026 0.990 0.002 0.038 0.020 0.003 0.679 0.001 0.220 0.001 0.001 0.002 0.001 
39 guitar_vis 30 0.022 0.001 0.615 0.001 0.001 0.996 0.001 0.001 0.995 0.003 0.001 0.095 0.000 0.001 0.009 0.001 0.043 0.006 0.868 0.272 0.000 0.040 0.002 0.001 0.000 0.010 0.000 0.084 0.000 0.012 0.000 0.001 0.005 0.000 0.000 0.001 0.001 0.012 0.000 0.001 0.000 0.001 0.000 0.030 0.001 0.037 0.990 0.002 0.048 0.102 0.003 0.878 0.001 0.036 0.002 0.001 0.002 0.001 
40 piano_vis 30 0.002 0.000 0.006 0.003 0.001 0.995 0.001 0.002 0.995 0.001 0.000 0.005 0.000 0.000 0.001 0.000 0.039 0.000 0.037 0.012 0.000 0.001 0.003 0.001 0.000 0.008 0.000 0.090 0.000 0.006 0.001 0.002 0.025 0.000 0.000 0.003 0.001 0.001 0.000 0.005 0.000 0.005 0.001 0.003 0.002 0.002 0.963 0.007 0.008 0.004 0.052 0.029 0.001 0.027 0.001 0.000 0.002 0.000 
41 trumpet_vis 30 0.002 0.002 0.002 0.003 0.002 0.995 0.001 0.027 0.985 0.002 0.029 0.004 0.011 0.000 0.001 0.000 0.000 0.000 0.001 0.000 0.001 0.002 0.004 0.001 0.001 0.000 0.000 0.076 0.011 0.011 0.011 0.014 0.003 0.001 0.000 0.002 0.001 0.005 0.000 0.002 0.000 0.244 0.005 0.005 0.002 0.121 0.401 0.040 0.024 0.002 0.002 0.973 0.001 0.001 0.001 0.000 0.178 0.006 
42 fork_vis 30 0.003 0.010 0.003 0.001 0.001 0.994 0.001 0.002 0.984 0.237 0.000 0.002 0.004 0.001 0.355 0.002 0.057 0.000 0.001 0.000 0.001 0.001 0.002 0.000 0.000 0.000 0.000 0.000 0.000 0.006 0.001 0.001 0.025 0.001 0.000 0.001 0.000 0.000 0.000 0.001 0.000 0.003 0.000 0.000 0.001 0.008 0.821 0.001 0.000 0.047 0.089 0.001 0.055 0.196 0.002 0.003 0.766 0.001 
43 spoon_vis 30 0.003 0.071 0.003 0.001 0.001 0.996 0.001 0.002 0.979 0.206 0.000 0.007 0.003 0.000 0.972 0.006 0.009 0.000 0.039 0.000 0.000 0.001 0.002 0.001 0.000 0.000 0.000 0.000 0.000 0.080 0.000 0.001 0.016 0.001 0.000 0.001 0.000 0.000 0.000 0.001 0.000 0.001 0.001 0.000 0.001 0.757 0.103 0.001 0.000 0.715 0.006 0.003 0.024 0.469 0.001 0.035 0.007 0.011 
44 tongs_vis 30 0.002 0.001 0.002 0.001 0.009 0.996 0.001 0.955 0.012 0.007 0.000 0.000 0.040 0.000 0.001 0.000 0.000 0.000 0.001 0.000 0.001 0.001 0.001 0.000 0.000 0.000 0.000 0.001 0.009 0.002 0.079 0.004 0.001 0.249 0.000 0.002 0.001 0.000 0.000 0.001 0.002 0.091 0.321 0.001 0.114 0.734 0.002 0.006 0.000 0.001 0.002 0.008 0.058 0.000 0.002 0.001 0.001 0.006 
45 ladle_vis 30 0.002 0.055 0.003 0.001 0.001 0.996 0.001 0.062 0.020 0.851 0.000 0.000 0.001 0.007 0.277 0.001 0.001 0.000 0.002 0.000 0.000 0.001 0.001 0.001 0.000 0.000 0.000 0.000 0.000 0.004 0.000 0.000 0.001 0.000 0.000 0.001 0.000 0.000 0.026 0.000 0.001 0.004 0.013 0.001 0.001 0.309 0.006 0.001 0.006 0.536 0.002 0.001 0.006 0.056 0.015 0.964 0.028 0.042 
46 knife_vis 30 0.003 0.021 0.003 0.001 0.001 0.996 0.001 0.001 0.850 0.033 0.000 0.001 0.001 0.001 0.298 0.001 0.002 0.000 0.002 0.000 0.000 0.001 0.001 0.000 0.000 0.000 0.000 0.000 0.000 0.018 0.000 0.000 0.002 0.000 0.000 0.001 0.000 0.000 0.002 0.000 0.000 0.001 0.001 0.000 0.000 0.014 0.009 0.001 0.001 0.949 0.008 0.002 0.002 0.052 0.001 0.004 0.037 0.120 
47 chopsticks_vis 30 0.003 0.008 0.003 0.001 0.001 0.996 0.001 0.001 0.481 0.072 0.001 0.000 0.002 0.002 0.033 0.000 0.001 0.000 0.001 0.000 0.001 0.002 0.001 0.000 0.000 0.000 0.000 0.000 0.000 0.002 0.001 0.000 0.001 0.000 0.000 0.001 0.000 0.000 0.009 0.001 0.000 0.001 0.001 0.000 0.001 0.007 0.002 0.001 0.002 0.940 0.009 0.003 0.002 0.004 0.002 0.012 0.377 0.269 
0 beaver_vis 30 0.996 0.976 0.022 0.001 0.039 0.002 0.001 0.001 0.001 0.002 0.963 0.013 0.057 0.021 0.005 0.001 0.000 0.001 0.001 0.000 0.013 0.013 0.000 0.001 0.029 0.000 0.000 0.001 0.025 0.001 0.165 0.038 0.001 0.001 0.001 0.001 0.000 0.000 0.001 0.001 0.001 0.000 0.001 0.000 0.001 0.002 0.000 0.003 0.000 0.001 0.001 0.008 0.002 0.000 0.015 0.000 0.013 0.003 
1 bear_vis 30 0.996 0.590 0.024 0.001 0.044 0.002 0.002 0.001 0.001 0.001 0.001 0.137 0.085 0.007 0.020 0.001 0.014 0.000 0.002 0.001 0.001 0.000 0.000 0.001 0.000 0.000 0.000 0.001 0.001 0.004 0.006 0.066 0.013 0.005 0.000 0.001 0.001 0.000 0.004 0.001 0.000 0.000 0.000 0.000 0.000 0.001 0.000 0.000 0.000 0.002 0.008 0.000 0.006 0.004 0.002 0.000 0.001 0.002 
2 sheep_vis 30 0.996 0.966 0.020 0.001 0.044 0.002 0.001 0.001 0.001 0.001 0.897 0.007 0.120 0.013 0.006 0.000 0.000 0.001 0.001 0.000 0.013 0.016 0.001 0.001 0.025 0.000 0.000 0.001 0.021 0.001 0.188 0.029 0.001 0.001 0.000 0.001 0.000 0.000 0.001 0.001 0.001 0.000 0.001 0.000 0.001 0.002 0.000 0.003 0.000 0.001 0.001 0.006 0.003 0.000 0.012 0.000 0.014 0.003 
3 buffalo_vis 30 0.996 0.094 0.001 0.001 0.484 0.002 0.374 0.001 0.001 0.001 0.001 0.001 0.001 0.609 0.003 0.003 0.001 0.000 0.001 0.000 0.000 0.000 0.000 0.007 0.000 0.001 0.000 0.001 0.003 0.006 0.000 0.010 0.002 0.001 0.008 0.014 0.001 0.001 0.716 0.001 0.000 0.000 0.002 0.000 0.000 0.000 0.000 0.000 0.001 0.002 0.031 0.000 0.000 0.002 0.001 0.000 0.002 0.001 
4 poodle_vis 30 0.996 0.989 0.018 0.001 0.046 0.002 0.001 0.001 0.001 0.002 0.930 0.067 0.057 0.053 0.026 0.001 0.001 0.001 0.002 0.001 0.005 0.006 0.000 0.001 0.019 0.000 0.000 0.001 0.033 0.003 0.048 0.139 0.001 0.000 0.001 0.001 0.001 0.000 0.001 0.001 0.001 0.000 0.001 0.000 0.000 0.001 0.000 0.001 0.000 0.003 0.001 0.004 0.001 0.001 0.018 0.000 0.006 0.001 
5 giraffe_vis 30 0.996 0.211 0.001 0.001 0.528 0.002 0.289 0.001 0.001 0.001 0.000 0.001 0.003 0.834 0.009 0.008 0.000 0.000 0.001 0.000 0.000 0.000 0.000 0.049 0.000 0.001 0.000 0.001 0.041 0.013 0.000 0.077 0.001 0.000 0.003 0.002 0.001 0.001 0.931 0.001 0.001 0.000 0.001 0.000 0.000 0.000 0.000 0.000 0.000 0.002 0.016 0.000 0.000 0.002 0.001 0.000 0.001 0.000 
6 robin_vis 30 0.995 0.014 0.978 0.018 0.001 0.002 0.001 0.001 0.002 0.003 0.003 0.001 0.032 0.001 0.005 0.000 0.210 0.010 0.006 0.001 0.012 0.931 0.017 0.001 0.045 0.000 0.000 0.003 0.000 0.001 0.001 0.001 0.001 0.004 0.000 0.002 0.000 0.002 0.001 0.010 0.001 0.000 0.000 0.000 0.002 0.003 0.001 0.002 0.000 0.004 0.008 0.005 0.053 0.001 0.001 0.019 0.007 0.034 
7 swan_vis 30 0.996 0.123 0.984 0.076 0.001 0.002 0.001 0.001 0.001 0.001 0.016 0.001 0.242 0.002 0.020 0.001 0.003 0.666 0.265 0.002 0.001 0.960 0.004 0.001 0.002 0.000 0.001 0.551 0.001 0.001 0.000 0.000 0.001 0.006 0.001 0.001 0.001 0.004 0.004 0.005 0.001 0.000 0.000 0.001 0.001 0.018 0.001 0.001 0.000 0.005 0.002 0.002 0.005 0.001 0.001 0.045 0.041 0.006 
8 woodpecker_vis 30 0.992 0.010 0.747 0.001 0.002 0.002 0.001 0.001 0.006 0.008 0.001 0.001 0.068 0.000 0.004 0.000 0.186 0.001 0.023 0.002 0.032 0.072 0.020 0.000 0.000 0.000 0.000 0.001 0.000 0.002 0.003 0.000 0.003 0.201 0.000 0.002 0.000 0.001 0.007 0.006 0.001 0.000 0.000 0.000 0.001 0.011 0.002 0.001 0.000 0.010 0.018 0.001 0.275 0.013 0.001 0.005 0.018 0.072 
9 peacock_vis 30 0.994 0.127 0.585 0.001 0.003 0.002 0.001 0.001 0.001 0.019 0.002 0.008 0.427 0.001 0.002 0.001 0.009 0.017 0.002 0.003 0.021 0.058 0.012 0.000 0.000 0.000 0.000 0.001 0.001 0.002 0.012 0.000 0.002 0.494 0.000 0.001 0.000 0.001 0.078 0.007 0.001 0.000 0.000 0.000 0.001 0.083 0.001 0.001 0.000 0.002 0.004 0.001 0.338 0.002 0.001 0.003 0.191 0.250 
10 crow_vis 30 0.996 0.051 0.655 0.006 0.003 0.003 0.005 0.001 0.001 0.001 0.001 0.066 0.002 0.001 0.000 0.003 0.003 0.092 0.001 0.017 0.010 0.001 0.003 0.001 0.000 0.000 0.004 0.001 0.001 0.003 0.000 0.000 0.001 0.068 0.001 0.001 0.001 0.002 0.002 0.001 0.001 0.000 0.000 0.000 0.001 0.005 0.001 0.001 0.000 0.001 0.002 0.001 0.014 0.001 0.001 0.002 0.001 0.001 
11 eagle_vis 30 0.996 0.059 0.985 0.048 0.001 0.002 0.001 0.001 0.001 0.005 0.027 0.001 0.130 0.002 0.017 0.001 0.013 0.158 0.179 0.002 0.001 0.973 0.006 0.001 0.006 0.000 0.001 0.213 0.001 0.001 0.001 0.000 0.001 0.007 0.001 0.001 0.001 0.003 0.003 0.007 0.001 0.000 0.000 0.001 0.002 0.013 0.001 0.003 0.000 0.011 0.003 0.004 0.015 0.001 0.002 0.050 0.052 0.033 
12 tuna_vis 30 0.020 0.000 0.003 0.014 0.002 0.977 0.993 0.001 0.001 0.001 0.000 0.000 0.005 0.002 0.000 0.001 0.001 0.058 0.000 0.003 0.014 0.000 0.069 0.001 0.001 0.000 0.023 0.002 0.003 0.008 0.001 0.000 0.001 0.120 0.163 0.002 0.025 0.318 0.983 0.301 0.004 0.001 0.000 0.002 0.001 0.000 0.000 0.001 0.000 0.001 0.010 0.001 0.005 0.001 0.001 0.048 0.009 0.126 
13 goldfish_vis 30 0.994 0.001 0.003 0.604 0.004 0.327 0.993 0.001 0.001 0.001 0.000 0.000 0.001 0.015 0.000 0.002 0.000 0.032 0.000 0.001 0.006 0.000 0.008 0.004 0.002 0.001 0.196 0.004 0.072 0.002 0.000 0.000 0.001 0.004 0.084 0.014 0.420 0.090 0.718 0.201 0.003 0.000 0.000 0.003 0.001 0.000 0.000 0.001 0.001 0.000 0.006 0.000 0.001 0.000 0.001 0.003 0.002 0.001 
14 salmon_vis 30 0.985 0.000 0.035 0.979 0.023 0.002 0.157 0.001 0.001 0.001 0.000 0.000 0.001 0.001 0.000 0.000 0.008 0.000 0.000 0.001 0.055 0.001 0.159 0.001 0.464 0.008 0.071 0.003 0.002 0.001 0.016 0.001 0.001 0.062 0.005 0.017 0.002 0.018 0.004 0.124 0.006 0.001 0.001 0.003 0.027 0.000 0.001 0.005 0.000 0.000 0.011 0.006 0.006 0.000 0.001 0.000 0.001 0.002 
15 sardine_vis 30 0.242 0.000 0.005 0.335 0.005 0.615 0.975 0.001 0.001 0.001 0.000 0.000 0.003 0.006 0.000 0.000 0.010 0.000 0.001 0.000 0.011 0.001 0.117 0.001 0.122 0.003 0.001 0.003 0.001 0.004 0.003 0.001 0.001 0.030 0.266 0.127 0.004 0.142 0.877 0.542 0.004 0.001 0.002 0.002 0.005 0.000 0.000 0.001 0.001 0.001 0.104 0.001 0.005 0.001 0.001 0.024 0.010 0.194 
16 catfish_vis 30 0.929 0.001 0.003 0.558 0.005 0.866 0.991 0.001 0.001 0.001 0.000 0.000 0.001 0.048 0.000 0.111 0.003 0.064 0.000 0.001 0.010 0.000 0.357 0.152 0.002 0.001 0.064 0.002 0.201 0.021 0.001 0.000 0.001 0.006 0.137 0.004 0.047 0.149 0.942 0.299 0.002 0.001 0.000 0.001 0.001 0.000 0.000 0.001 0.001 0.001 0.064 0.000 0.002 0.000 0.001 0.242 0.011 0.006 
17 cod_vis 30 0.756 0.000 0.006 0.391 0.003 0.906 0.993 0.001 0.001 0.001 0.000 0.000 0.005 0.012 0.000 0.001 0.003 0.074 0.001 0.001 0.010 0.000 0.241 0.002 0.011 0.001 0.080 0.007 0.038 0.009 0.000 0.000 0.001 0.022 0.216 0.013 0.030 0.244 0.971 0.510 0.004 0.001 0.000 0.002 0.002 0.000 0.000 0.001 0.001 0.001 0.072 0.001 0.003 0.000 0.001 0.094 0.011 0.037 
18 turtle_vis 30 0.866 0.001 0.001 0.001 0.923 0.797 0.991 0.001 0.001 0.001 0.000 0.005 0.023 0.001 0.000 0.000 0.000 0.000 0.000 0.000 0.002 0.000 0.001 0.000 0.000 0.000 0.000 0.001 0.012 0.045 0.038 0.001 0.003 0.657 0.000 0.076 0.049 0.000 0.748 0.665 0.000 0.001 0.000 0.000 0.000 0.000 0.000 0.001 0.000 0.000 0.266 0.000 0.011 0.004 0.001 0.000 0.003 0.003 
19 rattlesnake_vis 30 0.827 0.003 0.001 0.001 0.835 0.704 0.992 0.001 0.001 0.002 0.000 0.004 0.564 0.004 0.000 0.000 0.000 0.001 0.000 0.000 0.016 0.000 0.002 0.000 0.000 0.000 0.000 0.001 0.475 0.044 0.117 0.001 0.003 0.676 0.004 0.011 0.054 0.001 0.986 0.372 0.002 0.001 0.001 0.000 0.000 0.001 0.001 0.001 0.000 0.000 0.057 0.000 0.010 0.001 0.001 0.000 0.034 0.257 
20 crab_vis 30 0.959 0.001 0.001 0.001 0.840 0.687 0.989 0.001 0.001 0.001 0.000 0.001 0.017 0.001 0.000 0.000 0.000 0.000 0.000 0.000 0.001 0.000 0.001 0.000 0.000 0.000 0.000 0.001 0.008 0.002 0.057 0.000 0.001 0.680 0.000 0.016 0.042 0.000 0.886 0.228 0.001 0.001 0.000 0.000 0.000 0.000 0.000 0.001 0.000 0.000 0.064 0.000 0.003 0.000 0.001 0.000 0.005 0.004 
21 frog_vis 30 0.996 0.002 0.001 0.005 0.985 0.002 0.001 0.001 0.001 0.001 0.000 0.007 0.451 0.001 0.004 0.000 0.003 0.000 0.000 0.000 0.000 0.000 0.001 0.000 0.001 0.001 0.000 0.001 0.002 0.009 0.040 0.633 0.060 0.766 0.000 0.002 0.000 0.000 0.074 0.002 0.001 0.000 0.001 0.000 0.001 0.001 0.001 0.001 0.000 0.000 0.096 0.000 0.004 0.004 0.000 0.000 0.001 0.001 
22 gecko_vis 30 0.554 0.026 0.001 0.001 0.388 0.781 0.895 0.001 0.001 0.001 0.000 0.010 0.447 0.011 0.000 0.000 0.000 0.000 0.000 0.000 0.000 0.000 0.001 0.000 0.000 0.000 0.000 0.001 0.030 0.002 0.011 0.002 0.003 0.830 0.001 0.001 0.004 0.001 0.989 0.015 0.003 0.001 0.000 0.000 0.000 0.001 0.000 0.001 0.000 0.000 0.023 0.000 0.002 0.003 0.001 0.000 0.030 0.010 
23 crocodile_vis 30 0.959 0.001 0.001 0.001 0.717 0.182 0.976 0.001 0.001 0.001 0.000 0.001 0.041 0.001 0.000 0.000 0.000 0.000 0.000 0.000 0.003 0.000 0.001 0.000 0.000 0.000 0.000 0.001 0.020 0.002 0.222 0.000 0.001 0.773 0.000 0.003 0.027 0.001 0.935 0.188 0.001 0.001 0.000 0.000 0.000 0.001 0.000 0.001 0.000 0.000 0.011 0.000 0.005 0.000 0.000 0.000 0.014 0.015 
24 axe_vis 30 0.004 0.000 0.001 0.003 0.002 0.996 0.993 0.001 0.001 0.007 0.000 0.000 0.001 0.001 0.000 0.000 0.000 0.001 0.000 0.000 0.004 0.000 0.004 0.000 0.001 0.000 0.001 0.001 0.007 0.004 0.001 0.000 0.001 0.003 0.010 0.362 0.019 0.125 0.050 0.371 0.001 0.002 0.000 0.000 0.001 0.000 0.000 0.001 0.001 0.001 0.002 0.000 0.002 0.001 0.001 0.001 0.002 0.033 
25 hammer_vis 30 0.003 0.000 0.001 0.002 0.006 0.994 0.993 0.001 0.001 0.063 0.001 0.000 0.000 0.003 0.000 0.000 0.000 0.000 0.000 0.001 0.013 0.000 0.001 0.000 0.060 0.007 0.000 0.002 0.021 0.001 0.488 0.001 0.001 0.000 0.886 0.953 0.030 0.002 0.002 0.016 0.000 0.001 0.012 0.000 0.006 0.000 0.000 0.216 0.001 0.001 0.001 0.001 0.001 0.000 0.305 0.000 0.001 0.039 
26 screwdriver_vis 30 0.003 0.000 0.001 0.001 0.003 0.996 0.993 0.001 0.001 0.004 0.000 0.000 0.001 0.001 0.000 0.000 0.000 0.002 0.000 0.001 0.010 0.000 0.003 0.000 0.000 0.000 0.001 0.001 0.009 0.001 0.003 0.000 0.001 0.005 0.017 0.016 0.042 0.008 0.063 0.384 0.000 0.001 0.000 0.000 0.001 0.000 0.000 0.001 0.000 0.000 0.001 0.000 0.003 0.000 0.001 0.000 0.005 0.011 
27 chisel_vis 30 0.002 0.000 0.001 0.006 0.001 0.996 0.994 0.003 0.002 0.004 0.000 0.000 0.000 0.001 0.000 0.000 0.000 0.000 0.000 0.001 0.026 0.000 0.001 0.001 0.002 0.002 0.001 0.002 0.004 0.005 0.003 0.000 0.001 0.000 0.019 0.901 0.080 0.431 0.003 0.013 0.001 0.001 0.003 0.002 0.001 0.000 0.000 0.004 0.002 0.001 0.001 0.006 0.001 0.000 0.007 0.000 0.001 0.068 
28 saw_vis 30 0.003 0.001 0.001 0.001 0.004 0.995 0.986 0.001 0.001 0.002 0.000 0.000 0.006 0.001 0.000 0.000 0.000 0.011 0.000 0.001 0.002 0.000 0.008 0.000 0.000 0.000 0.002 0.001 0.005 0.002 0.001 0.000 0.001 0.025 0.054 0.001 0.003 0.046 0.977 0.021 0.001 0.001 0.000 0.000 0.000 0.000 0.000 0.001 0.000 0.000 0.002 0.000 0.002 0.001 0.001 0.004 0.005 0.072 
29 drill_vis 30 0.013 0.000 0.002 0.002 0.034 0.996 0.994 0.001 0.001 0.101 0.000 0.000 0.005 0.002 0.000 0.000 0.002 0.003 0.000 0.000 0.071 0.000 0.007 0.000 0.000 0.000 0.001 0.001 0.021 0.014 0.018 0.000 0.001 0.132 0.001 0.154 0.123 0.008 0.157 0.965 0.001 0.074 0.000 0.000 0.000 0.000 0.000 0.001 0.000 0.000 0.105 0.000 0.127 0.002 0.001 0.001 0.044 0.008 
30 clamp_vis 30 0.002 0.000 0.001 0.002 0.001 0.995 0.669 0.131 0.001 0.002 0.000 0.000 0.000 0.001 0.000 0.001 0.000 0.003 0.000 0.003 0.005 0.000 0.004 0.000 0.001 0.000 0.009 0.003 0.001 0.001 0.001 0.000 0.001 0.008 0.622 0.003 0.009 0.023 0.317 0.005 0.005 0.001 0.001 0.002 0.119 0.000 0.000 0.001 0.001 0.000 0.001 0.001 0.001 0.000 0.008 0.010 0.001 0.003 
31 hoe_vis 30 0.002 0.004 0.001 0.001 0.001 0.996 0.006 0.154 0.027 0.564 0.000 0.000 0.001 0.010 0.004 0.000 0.000 0.000 0.000 0.000 0.000 0.001 0.001 0.001 0.000 0.000 0.000 0.001 0.000 0.001 0.000 0.000 0.001 0.000 0.001 0.003 0.002 0.002 0.012 0.003 0.001 0.176 0.006 0.027 0.001 0.019 0.001 0.001 0.062 0.018 0.002 0.001 0.004 0.007 0.005 0.874 0.083 0.003 
32 rake_vis 30 0.002 0.000 0.001 0.001 0.002 0.996 0.036 0.870 0.001 0.005 0.001 0.001 0.000 0.001 0.000 0.000 0.000 0.000 0.000 0.000 0.012 0.000 0.001 0.000 0.000 0.000 0.000 0.002 0.042 0.003 0.006 0.000 0.001 0.006 0.014 0.004 0.004 0.001 0.009 0.003 0.234 0.002 0.186 0.002 0.020 0.009 0.000 0.001 0.000 0.000 0.001 0.001 0.002 0.000 0.061 0.001 0.000 0.002 
33 shovel_vis 30 0.003 0.002 0.001 0.002 0.001 0.997 0.011 0.834 0.002 0.004 0.000 0.001 0.036 0.058 0.000 0.000 0.000 0.001 0.000 0.000 0.000 0.001 0.001 0.001 0.000 0.000 0.000 0.006 0.018 0.001 0.001 0.014 0.000 0.001 0.001 0.002 0.007 0.004 0.011 0.006 0.002 0.401 0.248 0.059 0.001 0.035 0.001 0.001 0.007 0.001 0.001 0.001 0.001 0.000 0.002 0.042 0.014 0.001 
34 spade_vis 30 0.002 0.000 0.001 0.002 0.001 0.996 0.024 0.959 0.001 0.002 0.001 0.000 0.000 0.004 0.000 0.000 0.000 0.000 0.000 0.000 0.001 0.000 0.001 0.001 0.001 0.000 0.000 0.025 0.001 0.001 0.002 0.001 0.001 0.002 0.912 0.003 0.006 0.001 0.113 0.003 0.005 0.005 0.406 0.249 0.929 0.001 0.000 0.003 0.013 0.003 0.001 0.001 0.001 0.000 0.205 0.024 0.003 0.001 
35 wrench_vis 30 0.002 0.001 0.040 0.001 0.001 0.997 0.002 0.248 0.126 0.535 0.000 0.000 0.001 0.001 0.001 0.000 0.001 0.005 0.011 0.000 0.000 0.781 0.001 0.000 0.000 0.000 0.000 0.002 0.000 0.001 0.000 0.000 0.001 0.000 0.000 0.005 0.001 0.019 0.016 0.001 0.001 0.001 0.099 0.539 0.006 0.336 0.001 0.001 0.022 0.785 0.002 0.016 0.001 0.003 0.018 0.924 0.022 0.519 
36 accordion_vis 30 0.002 0.000 0.002 0.001 0.001 0.996 0.002 0.001 0.994 0.002 0.000 0.001 0.000 0.001 0.001 0.001 0.039 0.000 0.004 0.006 0.000 0.000 0.003 0.001 0.000 0.004 0.000 0.001 0.000 0.002 0.000 0.001 0.029 0.000 0.001 0.002 0.001 0.000 0.001 0.006 0.000 0.002 0.000 0.000 0.002 0.000 0.727 0.012 0.019 0.016 0.205 0.001 0.001 0.011 0.001 0.001 0.014 0.000 
37 cello_vis 30 0.002 0.000 0.001 0.002 0.001 0.996 0.150 0.001 0.927 0.002 0.000 0.000 0.000 0.001 0.000 0.000 0.004 0.000 0.001 0.000 0.000 0.001 0.001 0.001 0.001 0.002 0.000 0.001 0.000 0.001 0.001 0.000 0.001 0.000 0.006 0.193 0.006 0.001 0.002 0.016 0.000 0.001 0.003 0.001 0.001 0.000 0.001 0.004 0.029 0.004 0.178 0.001 0.001 0.001 0.002 0.000 0.006 0.005 
38 flute_vis 30 0.002 0.004 0.001 0.001 0.001 0.996 0.031 0.001 0.254 0.002 0.000 0.004 0.010 0.016 0.001 0.000 0.000 0.001 0.001 0.000 0.000 0.003 0.001 0.001 0.000 0.000 0.000 0.044 0.001 0.001 0.000 0.002 0.001 0.000 0.001 0.049 0.009 0.035 0.004 0.005 0.000 0.011 0.013 0.027 0.000 0.001 0.001 0.001 0.312 0.029 0.002 0.009 0.000 0.002 0.001 0.003 0.038 0.005 
39 guitar_vis 30 0.002 0.001 0.011 0.001 0.001 0.996 0.004 0.001 0.961 0.024 0.000 0.001 0.000 0.002 0.004 0.000 0.002 0.000 0.013 0.000 0.000 0.007 0.001 0.001 0.000 0.000 0.000 0.000 0.000 0.002 0.000 0.000 0.001 0.000 0.000 0.086 0.005 0.002 0.001 0.001 0.000 0.001 0.005 0.001 0.000 0.001 0.001 0.001 0.035 0.975 0.008 0.001 0.001 0.015 0.007 0.024 0.012 0.136 
40 piano_vis 30 0.002 0.000 0.001 0.002 0.002 0.996 0.083 0.001 0.965 0.001 0.000 0.000 0.000 0.002 0.000 0.000 0.005 0.000 0.001 0.000 0.000 0.000 0.001 0.001 0.000 0.003 0.000 0.001 0.000 0.001 0.001 0.001 0.006 0.000 0.001 0.058 0.013 0.000 0.006 0.007 0.000 0.001 0.002 0.001 0.001 0.000 0.002 0.001 0.040 0.023 0.772 0.001 0.001 0.009 0.001 0.000 0.011 0.001 
41 trumpet_vis 30 0.002 0.000 0.002 0.003 0.001 0.996 0.802 0.003 0.954 0.002 0.000 0.000 0.000 0.001 0.000 0.000 0.000 0.000 0.001 0.000 0.001 0.004 0.001 0.001 0.001 0.001 0.000 0.006 0.000 0.001 0.002 0.000 0.001 0.000 0.002 0.951 0.038 0.067 0.001 0.012 0.000 0.003 0.158 0.047 0.001 0.001 0.001 0.013 0.193 0.010 0.006 0.081 0.001 0.000 0.001 0.001 0.006 0.129 
42 fork_vis 30 0.003 0.040 0.001 0.001 0.001 0.994 0.024 0.001 0.001 0.991 0.002 0.001 0.194 0.003 0.001 0.000 0.001 0.000 0.001 0.000 0.004 0.014 0.001 0.000 0.000 0.000 0.000 0.000 0.001 0.001 0.077 0.001 0.001 0.001 0.009 0.002 0.000 0.000 0.088 0.005 0.000 0.001 0.000 0.000 0.000 0.000 0.001 0.001 0.000 0.009 0.001 0.000 0.027 0.024 0.013 0.002 0.119 0.974 
43 spoon_vis 30 0.003 0.022 0.001 0.001 0.001 0.992 0.001 0.001 0.038 0.979 0.000 0.001 0.001 0.023 0.048 0.001 0.067 0.000 0.001 0.000 0.000 0.000 0.001 0.000 0.000 0.000 0.000 0.000 0.000 0.014 0.000 0.001 0.008 0.000 0.001 0.001 0.000 0.000 0.002 0.005 0.000 0.001 0.000 0.000 0.000 0.000 0.006 0.000 0.001 0.014 0.006 0.000 0.033 0.940 0.006 0.002 0.152 0.002 
44 tongs_vis 30 0.003 0.001 0.001 0.001 0.069 0.977 0.966 0.001 0.001 0.177 0.001 0.000 0.002 0.004 0.000 0.000 0.000 0.000 0.000 0.000 0.003 0.000 0.001 0.000 0.008 0.000 0.000 0.001 0.101 0.001 0.905 0.009 0.002 0.000 0.297 0.557 0.004 0.001 0.004 0.008 0.000 0.001 0.010 0.000 0.001 0.000 0.000 0.015 0.001 0.001 0.001 0.001 0.001 0.000 0.095 0.000 0.007 0.261 
45 ladle_vis 30 0.002 0.021 0.002 0.001 0.001 0.996 0.001 0.001 0.969 0.063 0.000 0.021 0.006 0.003 0.770 0.002 0.002 0.000 0.022 0.000 0.000 0.001 0.001 0.001 0.000 0.000 0.000 0.000 0.000 0.004 0.000 0.001 0.091 0.000 0.000 0.001 0.000 0.000 0.003 0.001 0.000 0.001 0.000 0.000 0.000 0.004 0.004 0.001 0.002 0.961 0.037 0.000 0.002 0.122 0.002 0.007 0.236 0.021 
46 knife_vis 30 0.002 0.015 0.001 0.001 0.001 0.996 0.001 0.001 0.016 0.964 0.001 0.000 0.002 0.038 0.003 0.001 0.002 0.000 0.001 0.000 0.000 0.002 0.001 0.000 0.000 0.000 0.000 0.000 0.001 0.001 0.000 0.000 0.001 0.000 0.001 0.001 0.000 0.000 0.004 0.008 0.000 0.005 0.000 0.000 0.000 0.000 0.001 0.000 0.002 0.024 0.005 0.000 0.010 0.018 0.002 0.030 0.983 0.012 
47 chopsticks_vis 30 0.003 0.032 0.001 0.001 0.001 0.994 0.027 0.001 0.001 0.991 0.002 0.001 0.135 0.004 0.001 0.000 0.001 0.000 0.001 0.000 0.003 0.013 0.001 0.000 0.000 0.000 0.000 0.000 0.001 0.001 0.051 0.000 0.001 0.000 0.008 0.002 0.000 0.001 0.051 0.004 0.000 0.001 0.000 0.000 0.000 0.000 0.000 0.001 0.000 0.009 0.001 0.001 0.022 0.033 0.013 0.002 0.151 0.967 
