0 beaver_vis 30 0.996 0.985 0.005 0.013 0.001 0.001 0.001 0.004 0.001 0.001 0.898 0.032 0.076 0.079 0.069 0.000 0.001 0.027 0.004 0.001 0.000 0.001 0.000 0.001 0.001 0.002 0.022 0.000 0.001 0.001 0.004 0.000 0.001 0.000 0.001 0.000 0.001 0.000 0.001 0.002 0.001 0.001 0.000 0.001 0.003 0.000 0.001 0.000 0.001 0.001 0.000 0.001 0.000 0.002 0.001 0.000 0.001 0.000 
1 bear_vis 30 0.996 0.962 0.008 0.034 0.002 0.006 0.002 0.002 0.051 0.001 0.014 0.332 0.019 0.007 0.216 0.003 0.000 0.001 0.010 0.002 0.001 0.001 0.000 0.010 0.002 0.027 0.003 0.000 0.001 0.005 0.001 0.003 0.001 0.002 0.002 0.000 0.006 0.001 0.001 0.002 0.001 0.001 0.001 0.045 0.001 0.001 0.004 0.000 0.012 0.001 0.004 0.030 0.000 0.001 0.001 0.001 0.002 0.000 
2 sheep_vis 30 0.996 0.749 0.146 0.011 0.001 0.001 0.002 0.001 0.001 0.001 0.012 0.005 0.790 0.014 0.007 0.000 0.065 0.001 0.045 0.001 0.001 0.113 0.001 0.001 0.030 0.001 0.002 0.002 0.000 0.001 0.000 0.000 0.001 0.000 0.003 0.000 0.004 0.001 0.001 0.002 0.001 0.001 0.000 0.000 0.001 0.000 0.002 0.000 0.001 0.001 0.000 0.000 0.000 0.005 0.001 0.001 0.002 0.000 
3 buffalo_vis 30 0.996 0.984 0.005 0.023 0.001 0.002 0.001 0.001 0.015 0.001 0.043 0.490 0.020 0.005 0.842 0.002 0.000 0.001 0.015 0.001 0.001 0.001 0.000 0.005 0.001 0.187 0.003 0.000 0.001 0.002 0.001 0.001 0.001 0.000 0.001 0.000 0.001 0.001 0.001 0.002 0.001 0.001 0.001 0.001 0.001 0.001 0.001 0.000 0.001 0.001 0.001 0.041 0.000 0.001 0.001 0.001 0.001 0.000 
4 poodle_vis 30 0.996 0.966 0.006 0.018 0.001 0.068 0.001 0.001 0.048 0.001 0.006 0.034 0.009 0.002 0.460 0.004 0.000 0.001 0.015 0.001 0.000 0.000 0.000 0.010 0.001 0.024 0.001 0.000 0.000 0.002 0.000 0.001 0.001 0.001 0.001 0.000 0.001 0.000 0.001 0.005 0.001 0.001 0.000 0.004 0.001 0.000 0.001 0.000 0.011 0.001 0.005 0.056 0.000 0.001 0.001 0.001 0.001 0.000 
5 giraffe_vis 30 0.996 0.985 0.036 0.001 0.038 0.001 0.001 0.001 0.002 0.001 0.002 0.043 0.003 0.080 0.046 0.932 0.000 0.001 0.001 0.053 0.001 0.001 0.000 0.001 0.001 0.001 0.001 0.000 0.002 0.119 0.001 0.097 0.001 0.016 0.001 0.000 0.001 0.001 0.001 0.002 0.001 0.001 0.001 0.001 0.002 0.001 0.013 0.001 0.003 0.001 0.047 0.085 0.001 0.001 0.001 0.001 0.001 0.000 
6 robin_vis 30 0.995 0.005 0.943 0.040 0.001 0.002 0.001 0.001 0.001 0.001 0.002 0.001 0.015 0.001 0.001 0.000 0.932 0.002 0.034 0.001 0.011 0.069 0.007 0.001 0.044 0.001 0.010 0.000 0.000 0.000 0.000 0.001 0.002 0.000 0.003 0.000 0.002 0.001 0.001 0.001 0.001 0.001 0.000 0.001 0.001 0.001 0.001 0.000 0.001 0.001 0.000 0.000 0.001 0.003 0.001 0.001 0.009 0.001 
7 swan_vis 30 0.995 0.019 0.967 0.001 0.001 0.001 0.001 0.001 0.001 0.001 0.005 0.004 0.001 0.054 0.000 0.000 0.009 0.859 0.002 0.023 0.069 0.124 0.001 0.000 0.001 0.000 0.001 0.000 0.001 0.001 0.001 0.001 0.003 0.000 0.001 0.000 0.000 0.001 0.001 0.001 0.001 0.001 0.000 0.000 0.001 0.001 0.001 0.000 0.001 0.001 0.000 0.000 0.004 0.002 0.001 0.001 0.001 0.000 
8 woodpecker_vis 30 0.995 0.006 0.967 0.053 0.001 0.076 0.001 0.001 0.024 0.001 0.001 0.004 0.008 0.000 0.006 0.000 0.154 0.001 0.737 0.023 0.002 0.005 0.040 0.001 0.013 0.046 0.001 0.000 0.000 0.000 0.000 0.002 0.003 0.001 0.007 0.000 0.001 0.001 0.002 0.001 0.001 0.001 0.000 0.000 0.001 0.000 0.001 0.000 0.002 0.001 0.005 0.000 0.001 0.004 0.001 0.001 0.006 0.001 
9 peacock_vis 30 0.995 0.017 0.992 0.001 0.007 0.001 0.001 0.001 0.001 0.016 0.000 0.085 0.007 0.025 0.001 0.000 0.026 0.013 0.081 0.367 0.042 0.836 0.005 0.000 0.006 0.002 0.001 0.000 0.000 0.000 0.000 0.004 0.733 0.006 0.002 0.000 0.001 0.003 0.003 0.001 0.001 0.001 0.000 0.000 0.001 0.001 0.003 0.001 0.001 0.001 0.023 0.001 0.006 0.002 0.001 0.002 0.279 0.001 
10 crow_vis 30 0.994 0.001 0.987 0.002 0.026 0.001 0.001 0.001 0.001 0.006 0.001 0.001 0.001 0.008 0.000 0.001 0.569 0.005 0.003 0.037 0.926 0.049 0.003 0.000 0.089 0.001 0.003 0.000 0.034 0.002 0.001 0.018 0.129 0.001 0.006 0.001 0.001 0.026 0.001 0.001 0.001 0.001 0.001 0.001 0.001 0.009 0.001 0.001 0.001 0.001 0.001 0.000 0.009 0.001 0.001 0.048 0.005 0.007 
11 eagle_vis 30 0.995 0.029 0.986 0.001 0.001 0.001 0.001 0.001 0.001 0.002 0.001 0.002 0.060 0.008 0.001 0.000 0.181 0.015 0.060 0.006 0.010 0.904 0.003 0.000 0.004 0.000 0.001 0.000 0.000 0.000 0.000 0.000 0.010 0.000 0.001 0.000 0.001 0.001 0.001 0.001 0.001 0.001 0.000 0.000 0.001 0.001 0.001 0.000 0.001 0.001 0.001 0.000 0.007 0.005 0.001 0.001 0.002 0.001 
12 tuna_vis 30 0.993 0.001 0.073 0.899 0.002 0.035 0.005 0.001 0.002 0.015 0.000 0.000 0.001 0.000 0.001 0.000 0.094 0.001 0.013 0.002 0.053 0.002 0.979 0.003 0.004 0.007 0.002 0.061 0.000 0.001 0.003 0.000 0.146 0.007 0.007 0.000 0.000 0.001 0.070 0.001 0.001 0.001 0.000 0.001 0.001 0.001 0.001 0.000 0.001 0.001 0.001 0.001 0.033 0.001 0.001 0.001 0.005 0.183 
13 goldfish_vis 30 0.995 0.003 0.001 0.989 0.046 0.013 0.003 0.002 0.005 0.001 0.004 0.000 0.001 0.001 0.035 0.001 0.000 0.001 0.001 0.001 0.001 0.000 0.022 0.920 0.002 0.068 0.057 0.090 0.000 0.043 0.126 0.001 0.001 0.043 0.005 0.004 0.000 0.001 0.002 0.001 0.044 0.001 0.002 0.022 0.001 0.001 0.001 0.001 0.001 0.001 0.001 0.034 0.001 0.001 0.001 0.001 0.001 0.001 
14 salmon_vis 30 0.995 0.004 0.251 0.949 0.001 0.001 0.005 0.001 0.001 0.001 0.001 0.001 0.013 0.001 0.001 0.000 0.493 0.001 0.006 0.001 0.046 0.005 0.008 0.001 0.901 0.045 0.069 0.019 0.005 0.000 0.001 0.001 0.002 0.000 0.010 0.001 0.000 0.001 0.006 0.001 0.001 0.001 0.000 0.000 0.001 0.000 0.001 0.000 0.001 0.001 0.000 0.000 0.000 0.001 0.001 0.001 0.001 0.003 
15 sardine_vis 30 0.995 0.032 0.012 0.988 0.001 0.001 0.004 0.001 0.039 0.001 0.001 0.001 0.043 0.000 0.013 0.000 0.008 0.000 0.012 0.001 0.002 0.001 0.002 0.003 0.779 0.521 0.012 0.223 0.004 0.001 0.000 0.013 0.001 0.001 0.002 0.001 0.000 0.001 0.005 0.001 0.001 0.001 0.000 0.001 0.001 0.000 0.001 0.000 0.001 0.001 0.001 0.001 0.000 0.001 0.001 0.001 0.001 0.001 
16 catfish_vis 30 0.996 0.014 0.008 0.969 0.003 0.001 0.001 0.006 0.001 0.001 0.024 0.000 0.001 0.001 0.002 0.001 0.007 0.002 0.001 0.001 0.012 0.000 0.001 0.012 0.039 0.109 0.924 0.001 0.034 0.002 0.003 0.002 0.001 0.000 0.003 0.001 0.000 0.001 0.002 0.001 0.007 0.005 0.002 0.004 0.001 0.000 0.001 0.000 0.001 0.001 0.000 0.001 0.000 0.001 0.001 0.000 0.001 0.001 
17 cod_vis 30 0.993 0.002 0.001 0.986 0.026 0.003 0.066 0.001 0.014 0.001 0.001 0.001 0.005 0.001 0.006 0.000 0.001 0.000 0.003 0.001 0.001 0.001 0.076 0.079 0.041 0.014 0.003 0.890 0.000 0.009 0.026 0.001 0.014 0.003 0.020 0.006 0.001 0.001 0.003 0.001 0.001 0.001 0.001 0.001 0.001 0.001 0.001 0.000 0.001 0.002 0.001 0.001 0.001 0.001 0.001 0.001 0.001 0.001 
18 turtle_vis 30 0.995 0.015 0.004 0.008 0.987 0.001 0.001 0.011 0.001 0.001 0.001 0.001 0.000 0.021 0.000 0.004 0.000 0.002 0.001 0.001 0.024 0.000 0.001 0.003 0.004 0.001 0.006 0.001 0.450 0.042 0.082 0.099 0.006 0.016 0.002 0.001 0.001 0.005 0.001 0.001 0.001 0.001 0.006 0.007 0.001 0.009 0.001 0.001 0.001 0.001 0.001 0.001 0.001 0.001 0.002 0.001 0.001 0.000 
19 rattlesnake_vis 30 0.991 0.001 0.001 0.529 0.991 0.621 0.049 0.042 0.001 0.001 0.001 0.000 0.000 0.002 0.000 0.002 0.000 0.001 0.001 0.001 0.001 0.000 0.001 0.392 0.001 0.000 0.002 0.001 0.007 0.921 0.032 0.001 0.016 0.008 0.002 0.002 0.001 0.416 0.004 0.001 0.251 0.002 0.007 0.024 0.001 0.007 0.001 0.002 0.001 0.001 0.001 0.002 0.003 0.001 0.003 0.001 0.005 0.000 
20 crab_vis 30 0.993 0.002 0.001 0.616 0.979 0.181 0.302 0.226 0.001 0.001 0.001 0.001 0.000 0.005 0.000 0.000 0.000 0.001 0.001 0.001 0.006 0.000 0.007 0.573 0.002 0.001 0.003 0.007 0.003 0.286 0.525 0.001 0.034 0.007 0.017 0.001 0.001 0.206 0.003 0.001 0.058 0.001 0.003 0.123 0.003 0.001 0.001 0.001 0.001 0.001 0.001 0.001 0.002 0.001 0.002 0.001 0.007 0.001 
21 frog_vis 30 0.996 0.017 0.012 0.007 0.971 0.001 0.001 0.001 0.001 0.001 0.000 0.003 0.000 0.001 0.001 0.023 0.000 0.001 0.001 0.022 0.002 0.000 0.000 0.001 0.002 0.028 0.001 0.000 0.042 0.020 0.001 0.955 0.001 0.105 0.001 0.000 0.000 0.002 0.001 0.001 0.001 0.001 0.001 0.001 0.001 0.003 0.001 0.029 0.001 0.001 0.002 0.004 0.000 0.001 0.001 0.001 0.001 0.000 
22 gecko_vis 30 0.983 0.001 0.075 0.266 0.653 0.541 0.619 0.001 0.001 0.092 0.000 0.000 0.000 0.001 0.000 0.000 0.037 0.001 0.002 0.003 0.058 0.007 0.801 0.001 0.018 0.000 0.001 0.004 0.000 0.005 0.006 0.000 0.973 0.006 0.062 0.001 0.001 0.188 0.506 0.001 0.001 0.001 0.001 0.001 0.001 0.001 0.001 0.001 0.001 0.001 0.002 0.001 0.023 0.001 0.002 0.001 0.721 0.042 
23 crocodile_vis 30 0.993 0.001 0.002 0.049 0.992 0.003 0.111 0.001 0.001 0.001 0.000 0.002 0.000 0.001 0.000 0.001 0.000 0.001 0.001 0.009 0.002 0.001 0.003 0.013 0.004 0.001 0.001 0.026 0.001 0.048 0.061 0.005 0.709 0.229 0.003 0.001 0.002 0.073 0.005 0.001 0.001 0.001 0.001 0.001 0.001 0.002 0.001 0.003 0.001 0.001 0.016 0.003 0.002 0.001 0.002 0.001 0.005 0.001 
24 axe_vis 30 0.023 0.001 0.001 0.029 0.001 0.949 0.979 0.003 0.027 0.001 0.001 0.000 0.005 0.000 0.001 0.000 0.006 0.000 0.003 0.000 0.000 0.000 0.008 0.002 0.033 0.003 0.004 0.007 0.000 0.002 0.001 0.000 0.001 0.000 0.455 0.160 0.026 0.028 0.013 0.002 0.002 0.001 0.001 0.023 0.001 0.001 0.001 0.000 0.009 0.025 0.002 0.001 0.002 0.001 0.001 0.001 0.008 0.004 
25 hammer_vis 30 0.020 0.001 0.001 0.079 0.001 0.980 0.991 0.005 0.003 0.009 0.001 0.000 0.001 0.000 0.001 0.000 0.001 0.000 0.001 0.000 0.000 0.000 0.003 0.005 0.017 0.001 0.005 0.004 0.000 0.004 0.000 0.000 0.001 0.000 0.009 0.939 0.009 0.110 0.133 0.039 0.109 0.007 0.001 0.025 0.001 0.001 0.001 0.001 0.002 0.004 0.009 0.001 0.060 0.001 0.043 0.001 0.005 0.012 
26 screwdriver_vis 30 0.043 0.087 0.001 0.001 0.001 0.993 0.944 0.002 0.011 0.001 0.008 0.000 0.113 0.001 0.003 0.000 0.001 0.000 0.008 0.000 0.000 0.000 0.000 0.001 0.001 0.000 0.001 0.000 0.000 0.004 0.000 0.000 0.001 0.000 0.008 0.010 0.972 0.006 0.002 0.013 0.001 0.001 0.000 0.009 0.001 0.001 0.001 0.000 0.007 0.002 0.005 0.001 0.001 0.001 0.001 0.001 0.013 0.001 
27 chisel_vis 30 0.002 0.001 0.001 0.004 0.001 0.996 0.939 0.014 0.125 0.008 0.001 0.000 0.001 0.000 0.001 0.000 0.007 0.000 0.001 0.000 0.000 0.000 0.001 0.002 0.056 0.000 0.001 0.002 0.000 0.017 0.000 0.000 0.001 0.000 0.060 0.001 0.002 0.961 0.004 0.001 0.003 0.001 0.000 0.075 0.001 0.034 0.001 0.000 0.360 0.212 0.000 0.001 0.000 0.001 0.035 0.004 0.117 0.006 
28 saw_vis 30 0.012 0.025 0.001 0.005 0.001 0.994 0.975 0.003 0.004 0.006 0.017 0.001 0.035 0.001 0.012 0.000 0.001 0.001 0.017 0.000 0.000 0.001 0.006 0.001 0.003 0.001 0.001 0.001 0.000 0.001 0.000 0.000 0.002 0.000 0.005 0.010 0.004 0.018 0.633 0.760 0.060 0.001 0.000 0.001 0.008 0.001 0.001 0.000 0.002 0.001 0.015 0.001 0.013 0.001 0.004 0.001 0.016 0.001 
29 drill_vis 30 0.017 0.047 0.001 0.001 0.001 0.995 0.958 0.002 0.003 0.031 0.027 0.000 0.054 0.001 0.022 0.000 0.001 0.001 0.028 0.000 0.000 0.001 0.004 0.001 0.001 0.000 0.001 0.001 0.000 0.002 0.000 0.000 0.001 0.000 0.002 0.004 0.014 0.005 0.255 0.955 0.047 0.001 0.000 0.001 0.010 0.001 0.001 0.000 0.002 0.001 0.032 0.001 0.058 0.002 0.002 0.001 0.039 0.001 
30 clamp_vis 30 0.007 0.001 0.001 0.003 0.001 0.988 0.002 0.960 0.002 0.002 0.006 0.000 0.000 0.001 0.001 0.000 0.000 0.001 0.001 0.000 0.000 0.000 0.001 0.036 0.001 0.001 0.014 0.000 0.001 0.001 0.007 0.000 0.001 0.000 0.001 0.016 0.001 0.004 0.002 0.002 0.353 0.020 0.015 0.105 0.068 0.001 0.001 0.001 0.001 0.001 0.000 0.024 0.001 0.001 0.002 0.001 0.002 0.010 
31 hoe_vis 30 0.002 0.001 0.001 0.001 0.023 0.985 0.001 0.986 0.015 0.001 0.011 0.000 0.000 0.001 0.000 0.000 0.000 0.024 0.001 0.001 0.000 0.000 0.000 0.001 0.001 0.000 0.005 0.000 0.022 0.001 0.004 0.001 0.001 0.000 0.001 0.001 0.000 0.002 0.001 0.001 0.007 0.973 0.002 0.002 0.108 0.008 0.002 0.018 0.001 0.018 0.000 0.021 0.000 0.003 0.001 0.008 0.001 0.002 
32 rake_vis 30 0.005 0.001 0.001 0.001 0.001 0.991 0.001 0.987 0.013 0.011 0.009 0.000 0.000 0.003 0.001 0.001 0.000 0.002 0.001 0.001 0.002 0.000 0.001 0.013 0.001 0.001 0.027 0.000 0.020 0.002 0.047 0.000 0.001 0.000 0.002 0.001 0.000 0.001 0.001 0.001 0.041 0.021 0.864 0.045 0.025 0.013 0.001 0.002 0.002 0.001 0.000 0.072 0.001 0.006 0.012 0.001 0.001 0.026 
33 shovel_vis 30 0.002 0.001 0.001 0.001 0.001 0.996 0.002 0.963 0.004 0.001 0.001 0.000 0.000 0.000 0.000 0.000 0.000 0.000 0.001 0.000 0.000 0.000 0.000 0.037 0.001 0.000 0.005 0.000 0.000 0.003 0.000 0.000 0.001 0.000 0.001 0.002 0.001 0.056 0.001 0.001 0.016 0.002 0.002 0.982 0.001 0.005 0.001 0.000 0.008 0.005 0.000 0.018 0.000 0.001 0.001 0.001 0.004 0.003 
34 spade_vis 30 0.041 0.081 0.001 0.001 0.001 0.910 0.001 0.933 0.003 0.007 0.199 0.006 0.001 0.055 0.000 0.001 0.000 0.125 0.001 0.001 0.000 0.000 0.000 0.001 0.000 0.000 0.001 0.000 0.001 0.001 0.002 0.000 0.001 0.000 0.001 0.001 0.001 0.001 0.001 0.002 0.007 0.007 0.006 0.001 0.959 0.002 0.036 0.001 0.001 0.001 0.000 0.033 0.001 0.087 0.002 0.001 0.001 0.001 
35 wrench_vis 30 0.003 0.001 0.001 0.001 0.085 0.996 0.001 0.985 0.652 0.001 0.002 0.001 0.000 0.003 0.000 0.001 0.000 0.003 0.001 0.001 0.001 0.000 0.000 0.002 0.001 0.000 0.003 0.000 0.021 0.146 0.004 0.021 0.001 0.001 0.002 0.001 0.001 0.011 0.001 0.001 0.002 0.145 0.024 0.056 0.002 0.989 0.069 0.040 0.007 0.366 0.000 0.383 0.000 0.001 0.001 0.125 0.002 0.001 
36 accordion_vis 30 0.003 0.005 0.001 0.001 0.001 0.996 0.001 0.001 0.995 0.007 0.000 0.032 0.013 0.000 0.004 0.000 0.000 0.000 0.015 0.004 0.000 0.000 0.000 0.001 0.001 0.000 0.000 0.000 0.000 0.001 0.000 0.001 0.002 0.001 0.001 0.001 0.004 0.001 0.001 0.001 0.001 0.001 0.000 0.001 0.001 0.006 0.896 0.010 0.076 0.107 0.010 0.052 0.000 0.005 0.001 0.020 0.003 0.001 
37 cello_vis 30 0.002 0.001 0.001 0.001 0.001 0.995 0.001 0.001 0.994 0.027 0.000 0.001 0.001 0.000 0.001 0.001 0.000 0.000 0.003 0.005 0.000 0.000 0.000 0.001 0.001 0.001 0.000 0.001 0.000 0.001 0.000 0.004 0.002 0.004 0.001 0.001 0.001 0.001 0.001 0.001 0.001 0.001 0.001 0.001 0.001 0.004 0.026 0.100 0.008 0.004 0.033 0.007 0.001 0.003 0.012 0.002 0.001 0.001 
38 flute_vis 30 0.004 0.010 0.001 0.001 0.001 0.996 0.003 0.001 0.995 0.003 0.000 0.000 0.016 0.000 0.104 0.001 0.000 0.000 0.009 0.001 0.000 0.000 0.000 0.001 0.001 0.000 0.000 0.000 0.000 0.001 0.000 0.000 0.001 0.000 0.003 0.001 0.027 0.007 0.001 0.002 0.001 0.001 0.001 0.005 0.001 0.005 0.026 0.001 0.982 0.012 0.036 0.094 0.000 0.001 0.002 0.002 0.021 0.001 
39 guitar_vis 30 0.002 0.001 0.001 0.003 0.001 0.996 0.009 0.002 0.995 0.003 0.000 0.000 0.002 0.000 0.003 0.000 0.001 0.000 0.002 0.000 0.000 0.000 0.001 0.001 0.010 0.003 0.001 0.005 0.000 0.001 0.000 0.001 0.001 0.000 0.081 0.000 0.001 0.037 0.001 0.001 0.001 0.002 0.000 0.017 0.001 0.020 0.007 0.001 0.752 0.723 0.000 0.005 0.000 0.002 0.002 0.004 0.013 0.004 
40 piano_vis 30 0.007 0.004 0.001 0.001 0.001 0.992 0.001 0.001 0.976 0.016 0.000 0.003 0.006 0.000 0.001 0.004 0.000 0.000 0.007 0.006 0.000 0.001 0.000 0.001 0.000 0.000 0.000 0.001 0.000 0.001 0.000 0.001 0.001 0.003 0.001 0.001 0.001 0.001 0.001 0.002 0.001 0.001 0.001 0.001 0.009 0.002 0.073 0.020 0.014 0.001 0.209 0.013 0.001 0.007 0.006 0.001 0.001 0.000 
41 trumpet_vis 30 0.004 0.001 0.001 0.001 0.003 0.996 0.001 0.010 0.994 0.001 0.000 0.001 0.000 0.000 0.001 0.007 0.000 0.000 0.001 0.013 0.000 0.000 0.000 0.001 0.000 0.003 0.000 0.000 0.000 0.002 0.000 0.035 0.001 0.006 0.000 0.001 0.000 0.001 0.001 0.001 0.001 0.132 0.002 0.001 0.001 0.007 0.019 0.765 0.004 0.021 0.002 0.517 0.000 0.001 0.001 0.003 0.001 0.001 
42 fork_vis 30 0.003 0.001 0.003 0.001 0.001 0.996 0.675 0.004 0.002 0.993 0.001 0.000 0.001 0.000 0.000 0.000 0.050 0.001 0.006 0.001 0.001 0.001 0.193 0.001 0.001 0.000 0.001 0.000 0.000 0.001 0.000 0.000 0.009 0.000 0.005 0.001 0.001 0.012 0.706 0.282 0.028 0.001 0.001 0.001 0.001 0.001 0.001 0.001 0.004 0.001 0.003 0.001 0.736 0.018 0.014 0.004 0.908 0.440 
43 spoon_vis 30 0.001 0.001 0.003 0.001 0.000 0.996 0.001 0.003 0.020 0.992 0.001 0.000 0.001 0.000 0.000 0.000 0.003 0.007 0.030 0.001 0.000 0.003 0.009 0.000 0.001 0.000 0.001 0.000 0.000 0.000 0.000 0.000 0.007 0.000 0.002 0.000 0.001 0.001 0.002 0.003 0.001 0.003 0.000 0.001 0.002 0.001 0.015 0.001 0.002 0.006 0.000 0.001 0.019 0.910 0.001 0.032 0.221 0.053 
44 tongs_vis 30 0.002 0.001 0.001 0.001 0.001 0.988 0.006 0.006 0.031 0.978 0.000 0.000 0.001 0.001 0.000 0.002 0.000 0.000 0.001 0.001 0.001 0.000 0.001 0.001 0.007 0.000 0.001 0.002 0.006 0.001 0.000 0.000 0.002 0.000 0.003 0.084 0.001 0.012 0.003 0.001 0.002 0.009 0.044 0.001 0.002 0.002 0.001 0.082 0.005 0.004 0.001 0.001 0.006 0.003 0.969 0.044 0.004 0.092 
45 ladle_vis 30 0.002 0.001 0.009 0.001 0.001 0.996 0.001 0.004 0.007 0.933 0.001 0.000 0.001 0.000 0.000 0.000 0.001 0.020 0.002 0.001 0.000 0.012 0.001 0.000 0.001 0.000 0.001 0.000 0.000 0.001 0.000 0.000 0.019 0.000 0.001 0.000 0.004 0.001 0.002 0.001 0.001 0.007 0.000 0.001 0.001 0.003 0.061 0.001 0.002 0.009 0.000 0.001 0.003 0.038 0.002 0.878 0.027 0.004 
46 knife_vis 30 0.001 0.001 0.001 0.001 0.001 0.996 0.006 0.005 0.009 0.983 0.001 0.000 0.001 0.000 0.000 0.000 0.024 0.001 0.004 0.000 0.000 0.000 0.005 0.001 0.001 0.000 0.001 0.000 0.000 0.001 0.000 0.000 0.004 0.000 0.004 0.000 0.003 0.024 0.006 0.003 0.001 0.002 0.000 0.001 0.001 0.003 0.001 0.000 0.025 0.015 0.000 0.001 0.002 0.005 0.001 0.008 0.991 0.023 
47 chopsticks_vis 30 0.002 0.001 0.003 0.001 0.001 0.996 0.004 0.003 0.003 0.897 0.000 0.000 0.000 0.000 0.000 0.000 0.059 0.001 0.003 0.001 0.004 0.000 0.067 0.001 0.002 0.000 0.001 0.000 0.000 0.000 0.000 0.000 0.003 0.000 0.003 0.001 0.001 0.002 0.010 0.001 0.001 0.001 0.001 0.001 0.001 0.001 0.001 0.001 0.002 0.002 0.000 0.001 0.008 0.011 0.009 0.003 0.131 0.728 
0 beaver_vis 30 0.996 0.983 0.004 0.014 0.001 0.001 0.000 0.005 0.001 0.000 0.936 0.021 0.060 0.046 0.048 0.001 0.001 0.047 0.002 0.001 0.000 0.001 0.000 0.001 0.001 0.001 0.045 0.000 0.001 0.003 0.002 0.000 0.001 0.000 0.001 0.000 0.001 0.000 0.001 0.002 0.001 0.001 0.000 0.001 0.001 0.000 0.001 0.000 0.001 0.001 0.000 0.001 0.000 0.002 0.000 0.000 0.001 0.000 
1 bear_vis 30 0.996 0.988 0.039 0.001 0.019 0.001 0.001 0.001 0.008 0.001 0.002 0.975 0.007 0.075 0.045 0.025 0.000 0.002 0.004 0.070 0.001 0.001 0.000 0.001 0.001 0.010 0.001 0.000 0.001 0.003 0.002 0.040 0.001 0.017 0.001 0.000 0.001 0.000 0.001 0.001 0.001 0.001 0.001 0.000 0.003 0.001 0.034 0.000 0.003 0.001 0.038 0.042 0.000 0.001 0.001 0.001 0.001 0.000 
2 sheep_vis 30 0.996 0.929 0.015 0.015 0.001 0.001 0.002 0.001 0.001 0.001 0.028 0.011 0.781 0.040 0.013 0.001 0.008 0.001 0.013 0.001 0.000 0.015 0.000 0.001 0.038 0.001 0.002 0.002 0.001 0.001 0.000 0.000 0.001 0.000 0.001 0.000 0.010 0.001 0.001 0.002 0.001 0.001 0.000 0.000 0.001 0.000 0.002 0.000 0.001 0.001 0.000 0.000 0.000 0.004 0.001 0.001 0.001 0.000 
3 buffalo_vis 30 0.996 0.974 0.017 0.002 0.024 0.001 0.000 0.010 0.001 0.000 0.079 0.013 0.006 0.878 0.002 0.188 0.000 0.058 0.001 0.001 0.001 0.006 0.000 0.001 0.001 0.001 0.002 0.000 0.117 0.204 0.008 0.001 0.001 0.000 0.001 0.000 0.003 0.001 0.001 0.001 0.001 0.001 0.001 0.001 0.009 0.001 0.003 0.000 0.001 0.001 0.000 0.001 0.000 0.001 0.001 0.002 0.001 0.000 
4 poodle_vis 30 0.996 0.976 0.004 0.025 0.001 0.002 0.000 0.001 0.011 0.001 0.017 0.040 0.009 0.001 0.786 0.017 0.000 0.001 0.009 0.001 0.000 0.000 0.000 0.008 0.001 0.055 0.002 0.000 0.000 0.003 0.000 0.001 0.001 0.001 0.001 0.000 0.001 0.000 0.001 0.004 0.001 0.001 0.001 0.003 0.001 0.001 0.001 0.000 0.001 0.001 0.002 0.052 0.000 0.001 0.001 0.001 0.001 0.000 
5 giraffe_vis 30 0.996 0.982 0.029 0.001 0.007 0.001 0.000 0.001 0.001 0.001 0.002 0.018 0.002 0.045 0.107 0.969 0.000 0.002 0.001 0.079 0.001 0.001 0.000 0.001 0.001 0.001 0.001 0.001 0.003 0.041 0.001 0.044 0.001 0.020 0.001 0.000 0.000 0.000 0.001 0.003 0.001 0.001 0.001 0.000 0.001 0.001 0.003 0.001 0.001 0.001 0.054 0.077 0.001 0.001 0.001 0.001 0.001 0.000 
6 robin_vis 30 0.995 0.003 0.922 0.126 0.001 0.001 0.002 0.001 0.001 0.001 0.001 0.001 0.005 0.001 0.001 0.000 0.981 0.001 0.017 0.001 0.051 0.011 0.014 0.001 0.211 0.001 0.016 0.000 0.000 0.001 0.000 0.001 0.002 0.000 0.003 0.000 0.001 0.001 0.001 0.001 0.001 0.001 0.000 0.001 0.001 0.001 0.001 0.000 0.001 0.001 0.000 0.000 0.001 0.003 0.001 0.001 0.006 0.002 
7 swan_vis 30 0.996 0.012 0.959 0.001 0.002 0.001 0.000 0.002 0.001 0.001 0.012 0.004 0.001 0.022 0.001 0.001 0.008 0.938 0.001 0.017 0.059 0.045 0.001 0.000 0.001 0.000 0.004 0.000 0.002 0.002 0.001 0.001 0.001 0.000 0.001 0.000 0.000 0.000 0.001 0.001 0.001 0.001 0.001 0.000 0.001 0.001 0.001 0.000 0.001 0.001 0.000 0.001 0.002 0.001 0.001 0.001 0.001 0.000 
8 woodpecker_vis 30 0.992 0.008 0.687 0.008 0.001 0.876 0.001 0.001 0.600 0.001 0.001 0.005 0.010 0.000 0.007 0.000 0.116 0.001 0.602 0.012 0.001 0.004 0.009 0.001 0.007 0.008 0.001 0.000 0.000 0.000 0.000 0.001 0.002 0.001 0.004 0.000 0.001 0.001 0.001 0.001 0.001 0.001 0.000 0.000 0.001 0.001 0.002 0.000 0.004 0.001 0.003 0.001 0.001 0.003 0.001 0.001 0.017 0.003 
9 peacock_vis 30 0.995 0.002 0.985 0.001 0.010 0.001 0.001 0.001 0.001 0.001 0.000 0.035 0.001 0.001 0.001 0.001 0.001 0.005 0.020 0.966 0.474 0.006 0.033 0.000 0.001 0.109 0.001 0.000 0.000 0.000 0.001 0.197 0.019 0.235 0.001 0.000 0.000 0.001 0.001 0.001 0.001 0.001 0.000 0.000 0.001 0.001 0.001 0.001 0.001 0.001 0.010 0.002 0.002 0.002 0.001 0.001 0.001 0.001 
10 crow_vis 30 0.995 0.002 0.988 0.006 0.104 0.001 0.001 0.049 0.001 0.001 0.001 0.001 0.001 0.030 0.000 0.001 0.383 0.395 0.002 0.145 0.981 0.004 0.006 0.001 0.010 0.001 0.240 0.000 0.149 0.023 0.009 0.042 0.019 0.001 0.003 0.000 0.001 0.007 0.001 0.001 0.001 0.001 0.001 0.038 0.001 0.143 0.001 0.001 0.001 0.001 0.001 0.001 0.003 0.001 0.001 0.014 0.005 0.006 
11 eagle_vis 30 0.996 0.020 0.959 0.001 0.001 0.001 0.001 0.001 0.001 0.001 0.001 0.001 0.054 0.002 0.001 0.000 0.610 0.004 0.105 0.001 0.003 0.306 0.003 0.000 0.003 0.000 0.001 0.000 0.000 0.000 0.000 0.000 0.002 0.000 0.001 0.000 0.001 0.000 0.001 0.001 0.001 0.001 0.000 0.000 0.001 0.001 0.001 0.000 0.001 0.001 0.000 0.000 0.001 0.003 0.001 0.001 0.003 0.000 
12 tuna_vis 30 0.994 0.001 0.043 0.909 0.002 0.033 0.004 0.001 0.003 0.002 0.001 0.001 0.001 0.000 0.002 0.000 0.084 0.001 0.012 0.002 0.035 0.001 0.948 0.011 0.003 0.013 0.003 0.027 0.000 0.001 0.002 0.001 0.072 0.009 0.005 0.000 0.000 0.001 0.008 0.001 0.001 0.001 0.001 0.001 0.001 0.001 0.001 0.001 0.001 0.001 0.001 0.001 0.007 0.001 0.001 0.001 0.003 0.067 
13 goldfish_vis 30 0.995 0.003 0.001 0.984 0.076 0.013 0.002 0.016 0.003 0.001 0.005 0.000 0.001 0.001 0.017 0.001 0.000 0.001 0.001 0.001 0.001 0.000 0.009 0.948 0.001 0.020 0.090 0.031 0.001 0.169 0.188 0.001 0.001 0.016 0.004 0.017 0.000 0.001 0.001 0.001 0.124 0.002 0.006 0.191 0.001 0.001 0.001 0.000 0.001 0.001 0.001 0.017 0.001 0.001 0.001 0.001 0.001 0.001 
14 salmon_vis 30 0.995 0.034 0.023 0.977 0.001 0.001 0.011 0.001 0.001 0.001 0.001 0.001 0.081 0.001 0.001 0.000 0.058 0.000 0.004 0.001 0.008 0.003 0.002 0.001 0.956 0.101 0.053 0.125 0.034 0.001 0.001 0.002 0.001 0.000 0.009 0.002 0.000 0.001 0.005 0.001 0.001 0.001 0.001 0.000 0.001 0.001 0.001 0.000 0.001 0.001 0.000 0.000 0.000 0.001 0.001 0.001 0.001 0.001 
15 sardine_vis 30 0.995 0.033 0.002 0.985 0.002 0.001 0.001 0.001 0.006 0.001 0.001 0.002 0.001 0.000 0.033 0.001 0.000 0.000 0.002 0.001 0.001 0.000 0.001 0.064 0.010 0.834 0.137 0.006 0.001 0.001 0.002 0.008 0.001 0.002 0.001 0.001 0.000 0.001 0.001 0.001 0.001 0.001 0.001 0.002 0.001 0.001 0.001 0.000 0.001 0.001 0.001 0.003 0.000 0.001 0.001 0.001 0.001 0.000 
16 catfish_vis 30 0.996 0.049 0.003 0.982 0.007 0.001 0.001 0.035 0.001 0.001 0.062 0.000 0.001 0.001 0.002 0.002 0.002 0.001 0.001 0.001 0.006 0.000 0.001 0.037 0.044 0.022 0.972 0.002 0.280 0.020 0.004 0.002 0.001 0.000 0.003 0.019 0.000 0.001 0.001 0.001 0.032 0.224 0.005 0.016 0.001 0.001 0.001 0.000 0.001 0.001 0.000 0.001 0.000 0.001 0.001 0.001 0.001 0.000 
17 cod_vis 30 0.994 0.003 0.001 0.988 0.025 0.003 0.052 0.001 0.012 0.001 0.001 0.001 0.005 0.001 0.007 0.000 0.001 0.000 0.003 0.001 0.002 0.001 0.071 0.093 0.046 0.016 0.005 0.920 0.001 0.008 0.032 0.001 0.012 0.003 0.011 0.007 0.001 0.001 0.003 0.001 0.001 0.001 0.001 0.001 0.001 0.001 0.001 0.000 0.001 0.002 0.001 0.001 0.001 0.001 0.001 0.001 0.001 0.001 
18 turtle_vis 30 0.995 0.020 0.005 0.005 0.980 0.001 0.001 0.009 0.001 0.001 0.001 0.001 0.000 0.017 0.000 0.004 0.000 0.002 0.001 0.001 0.023 0.000 0.000 0.002 0.006 0.001 0.011 0.001 0.768 0.030 0.028 0.096 0.003 0.002 0.001 0.001 0.000 0.002 0.001 0.001 0.001 0.002 0.006 0.003 0.001 0.006 0.001 0.001 0.001 0.001 0.000 0.001 0.001 0.001 0.001 0.001 0.001 0.000 
19 rattlesnake_vis 30 0.993 0.001 0.001 0.011 0.993 0.008 0.001 0.017 0.001 0.001 0.001 0.000 0.000 0.002 0.000 0.013 0.000 0.001 0.001 0.002 0.002 0.000 0.001 0.031 0.001 0.000 0.001 0.003 0.044 0.966 0.027 0.068 0.078 0.238 0.002 0.002 0.001 0.027 0.001 0.001 0.005 0.035 0.006 0.004 0.001 0.091 0.001 0.169 0.001 0.001 0.001 0.009 0.003 0.001 0.002 0.013 0.001 0.000 
20 crab_vis 30 0.994 0.003 0.001 0.025 0.993 0.001 0.001 0.038 0.001 0.001 0.001 0.003 0.000 0.043 0.000 0.001 0.000 0.016 0.001 0.002 0.031 0.000 0.007 0.074 0.001 0.001 0.002 0.017 0.072 0.037 0.971 0.001 0.144 0.119 0.008 0.001 0.000 0.001 0.001 0.001 0.002 0.001 0.008 0.001 0.224 0.001 0.001 0.001 0.001 0.001 0.001 0.001 0.005 0.001 0.001 0.001 0.001 0.001 
21 frog_vis 30 0.996 0.019 0.015 0.005 0.971 0.001 0.001 0.001 0.001 0.001 0.001 0.006 0.000 0.002 0.001 0.007 0.000 0.004 0.001 0.005 0.009 0.000 0.000 0.001 0.005 0.007 0.005 0.000 0.613 0.014 0.003 0.448 0.002 0.007 0.001 0.000 0.000 0.001 0.001 0.001 0.001 0.001 0.001 0.001 0.001 0.003 0.001 0.008 0.001 0.001 0.001 0.001 0.000 0.001 0.001 0.001 0.001 0.000 
22 gecko_vis 30 0.991 0.001 0.005 0.010 0.989 0.001 0.031 0.001 0.001 0.005 0.000 0.001 0.001 0.002 0.000 0.001 0.000 0.001 0.001 0.002 0.011 0.012 0.012 0.001 0.012 0.000 0.001 0.075 0.002 0.013 0.042 0.001 0.954 0.016 0.009 0.001 0.005 0.028 0.004 0.001 0.001 0.001 0.001 0.001 0.001 0.001 0.001 0.001 0.001 0.001 0.003 0.001 0.005 0.001 0.004 0.001 0.009 0.001 
23 crocodile_vis 30 0.995 0.002 0.002 0.014 0.992 0.002 0.001 0.001 0.001 0.001 0.000 0.023 0.000 0.001 0.001 0.002 0.000 0.001 0.001 0.060 0.002 0.000 0.003 0.058 0.001 0.013 0.001 0.006 0.001 0.037 0.031 0.036 0.047 0.955 0.001 0.001 0.000 0.001 0.001 0.001 0.001 0.001 0.002 0.001 0.001 0.001 0.001 0.004 0.001 0.001 0.044 0.060 0.002 0.001 0.001 0.001 0.001 0.000 
24 axe_vis 30 0.002 0.001 0.001 0.006 0.001 0.996 0.161 0.005 0.680 0.003 0.001 0.000 0.003 0.000 0.001 0.000 0.004 0.000 0.001 0.000 0.000 0.000 0.001 0.002 0.051 0.001 0.001 0.002 0.000 0.001 0.000 0.000 0.001 0.000 0.152 0.002 0.003 0.023 0.002 0.001 0.001 0.001 0.001 0.021 0.001 0.003 0.001 0.000 0.037 0.209 0.000 0.001 0.000 0.001 0.003 0.001 0.013 0.012 
25 hammer_vis 30 0.016 0.001 0.001 0.077 0.001 0.961 0.982 0.023 0.005 0.003 0.001 0.000 0.002 0.000 0.001 0.000 0.001 0.000 0.002 0.000 0.000 0.000 0.012 0.005 0.021 0.004 0.004 0.006 0.000 0.002 0.001 0.000 0.001 0.000 0.045 0.413 0.002 0.060 0.296 0.027 0.110 0.004 0.002 0.007 0.001 0.001 0.001 0.001 0.002 0.003 0.003 0.001 0.012 0.001 0.008 0.001 0.003 0.010 
26 screwdriver_vis 30 0.046 0.086 0.001 0.001 0.001 0.993 0.952 0.002 0.010 0.001 0.006 0.000 0.100 0.001 0.003 0.000 0.001 0.000 0.006 0.000 0.000 0.000 0.000 0.001 0.001 0.000 0.001 0.000 0.000 0.006 0.000 0.000 0.001 0.000 0.007 0.018 0.978 0.008 0.001 0.016 0.001 0.001 0.000 0.014 0.001 0.001 0.001 0.000 0.010 0.002 0.006 0.001 0.001 0.001 0.001 0.001 0.013 0.001 
27 chisel_vis 30 0.003 0.001 0.001 0.002 0.001 0.996 0.077 0.639 0.012 0.002 0.001 0.000 0.000 0.000 0.000 0.000 0.001 0.000 0.001 0.000 0.000 0.000 0.000 0.021 0.003 0.000 0.004 0.000 0.000 0.006 0.000 0.000 0.001 0.000 0.002 0.015 0.003 0.308 0.001 0.001 0.015 0.001 0.001 0.893 0.001 0.003 0.001 0.000 0.015 0.017 0.000 0.005 0.000 0.001 0.004 0.002 0.013 0.003 
28 saw_vis 30 0.005 0.002 0.001 0.012 0.001 0.995 0.813 0.004 0.014 0.012 0.001 0.000 0.002 0.000 0.001 0.000 0.001 0.000 0.004 0.000 0.000 0.000 0.010 0.001 0.014 0.004 0.001 0.002 0.000 0.001 0.000 0.000 0.002 0.000 0.004 0.007 0.002 0.030 0.885 0.110 0.053 0.001 0.001 0.001 0.001 0.001 0.001 0.000 0.002 0.002 0.005 0.001 0.009 0.001 0.005 0.001 0.016 0.006 
29 drill_vis 30 0.006 0.001 0.001 0.001 0.001 0.995 0.119 0.002 0.018 0.798 0.001 0.000 0.001 0.000 0.001 0.000 0.002 0.000 0.008 0.001 0.000 0.000 0.005 0.001 0.001 0.000 0.001 0.000 0.000 0.001 0.000 0.000 0.002 0.000 0.002 0.003 0.008 0.013 0.031 0.197 0.012 0.001 0.001 0.003 0.001 0.001 0.001 0.001 0.014 0.002 0.014 0.001 0.111 0.002 0.005 0.008 0.277 0.003 
30 clamp_vis 30 0.004 0.001 0.001 0.001 0.001 0.988 0.001 0.989 0.004 0.013 0.004 0.000 0.000 0.003 0.000 0.001 0.000 0.002 0.001 0.001 0.002 0.000 0.000 0.015 0.000 0.000 0.011 0.000 0.027 0.002 0.032 0.000 0.001 0.000 0.001 0.003 0.000 0.003 0.001 0.001 0.164 0.035 0.771 0.046 0.041 0.010 0.001 0.002 0.001 0.001 0.000 0.049 0.001 0.002 0.012 0.001 0.001 0.021 
31 hoe_vis 30 0.003 0.005 0.001 0.001 0.004 0.983 0.001 0.980 0.027 0.002 0.298 0.002 0.000 0.006 0.000 0.000 0.000 0.297 0.001 0.001 0.000 0.000 0.000 0.001 0.000 0.000 0.001 0.000 0.002 0.002 0.003 0.000 0.001 0.000 0.000 0.001 0.000 0.001 0.001 0.001 0.005 0.748 0.006 0.002 0.936 0.009 0.116 0.004 0.001 0.005 0.000 0.070 0.001 0.146 0.002 0.009 0.001 0.001 
32 rake_vis 30 0.006 0.001 0.001 0.001 0.002 0.947 0.001 0.988 0.007 0.028 0.006 0.000 0.000 0.012 0.000 0.004 0.000 0.005 0.001 0.001 0.007 0.000 0.001 0.005 0.000 0.001 0.011 0.001 0.104 0.002 0.134 0.000 0.001 0.001 0.001 0.001 0.000 0.001 0.001 0.001 0.024 0.020 0.941 0.015 0.068 0.062 0.001 0.007 0.002 0.001 0.000 0.072 0.001 0.008 0.030 0.002 0.001 0.019 
33 shovel_vis 30 0.002 0.001 0.001 0.001 0.001 0.996 0.001 0.977 0.006 0.001 0.001 0.000 0.000 0.001 0.000 0.000 0.000 0.001 0.001 0.000 0.000 0.000 0.000 0.048 0.001 0.000 0.014 0.000 0.000 0.007 0.000 0.000 0.001 0.000 0.001 0.001 0.001 0.049 0.001 0.001 0.018 0.004 0.017 0.983 0.001 0.024 0.001 0.001 0.023 0.007 0.000 0.030 0.000 0.001 0.001 0.002 0.003 0.003 
34 spade_vis 30 0.005 0.009 0.001 0.001 0.001 0.990 0.001 0.953 0.005 0.008 0.037 0.001 0.000 0.033 0.000 0.002 0.000 0.040 0.001 0.001 0.000 0.000 0.000 0.001 0.000 0.000 0.001 0.000 0.001 0.001 0.003 0.000 0.001 0.000 0.000 0.001 0.001 0.001 0.001 0.002 0.006 0.007 0.018 0.001 0.780 0.003 0.010 0.001 0.001 0.001 0.000 0.050 0.001 0.027 0.003 0.001 0.001 0.000 
35 wrench_vis 30 0.004 0.001 0.001 0.001 0.003 0.995 0.001 0.984 0.010 0.001 0.001 0.000 0.000 0.005 0.000 0.001 0.000 0.002 0.001 0.001 0.001 0.000 0.000 0.002 0.000 0.000 0.002 0.000 0.024 0.040 0.005 0.001 0.001 0.000 0.001 0.001 0.001 0.009 0.001 0.001 0.002 0.009 0.045 0.172 0.001 0.969 0.002 0.002 0.008 0.011 0.000 0.044 0.000 0.001 0.001 0.010 0.001 0.001 
36 accordion_vis 30 0.003 0.007 0.001 0.001 0.001 0.996 0.001 0.001 0.995 0.005 0.000 0.118 0.006 0.000 0.001 0.001 0.000 0.000 0.005 0.007 0.000 0.001 0.000 0.001 0.001 0.000 0.000 0.000 0.000 0.002 0.000 0.003 0.002 0.001 0.001 0.001 0.002 0.001 0.001 0.001 0.001 0.001 0.001 0.001 0.001 0.011 0.986 0.028 0.027 0.030 0.025 0.047 0.000 0.003 0.002 0.060 0.002 0.000 
37 cello_vis 30 0.002 0.001 0.001 0.001 0.011 0.996 0.001 0.001 0.995 0.007 0.000 0.000 0.000 0.000 0.000 0.003 0.000 0.000 0.001 0.021 0.000 0.000 0.000 0.001 0.000 0.002 0.000 0.002 0.000 0.001 0.000 0.152 0.002 0.008 0.001 0.001 0.001 0.001 0.001 0.001 0.001 0.223 0.001 0.001 0.001 0.014 0.068 0.985 0.004 0.168 0.009 0.038 0.000 0.001 0.009 0.042 0.001 0.001 
38 flute_vis 30 0.003 0.030 0.001 0.001 0.001 0.996 0.004 0.001 0.995 0.017 0.000 0.000 0.037 0.000 0.082 0.006 0.000 0.000 0.025 0.001 0.000 0.000 0.000 0.001 0.001 0.000 0.000 0.001 0.000 0.020 0.000 0.001 0.001 0.001 0.004 0.001 0.200 0.024 0.001 0.010 0.001 0.001 0.001 0.007 0.001 0.065 0.825 0.012 0.988 0.640 0.091 0.333 0.000 0.004 0.012 0.092 0.030 0.001 
39 guitar_vis 30 0.001 0.001 0.001 0.004 0.001 0.996 0.002 0.002 0.995 0.002 0.000 0.000 0.001 0.000 0.001 0.000 0.001 0.000 0.002 0.001 0.000 0.000 0.001 0.001 0.004 0.003 0.001 0.003 0.000 0.003 0.000 0.006 0.001 0.000 0.004 0.000 0.001 0.018 0.001 0.001 0.001 0.004 0.001 0.003 0.001 0.032 0.016 0.007 0.131 0.963 0.000 0.006 0.000 0.001 0.002 0.012 0.004 0.002 
40 piano_vis 30 0.003 0.001 0.001 0.000 0.004 0.995 0.001 0.001 0.995 0.008 0.000 0.000 0.000 0.000 0.001 0.005 0.000 0.000 0.001 0.015 0.000 0.000 0.000 0.001 0.000 0.001 0.000 0.001 0.000 0.001 0.000 0.063 0.002 0.007 0.001 0.001 0.001 0.001 0.001 0.001 0.001 0.011 0.001 0.001 0.001 0.010 0.033 0.931 0.011 0.036 0.023 0.027 0.001 0.001 0.008 0.020 0.001 0.001 
41 trumpet_vis 30 0.008 0.005 0.001 0.000 0.001 0.996 0.000 0.028 0.994 0.001 0.001 0.000 0.000 0.000 0.017 0.065 0.000 0.000 0.001 0.005 0.000 0.000 0.000 0.005 0.000 0.001 0.001 0.000 0.000 0.017 0.000 0.001 0.001 0.002 0.000 0.001 0.000 0.001 0.001 0.003 0.004 0.073 0.004 0.008 0.008 0.005 0.013 0.167 0.008 0.012 0.008 0.974 0.001 0.001 0.001 0.003 0.001 0.000 
42 fork_vis 30 0.003 0.001 0.007 0.001 0.001 0.995 0.006 0.004 0.013 0.980 0.001 0.000 0.001 0.000 0.001 0.000 0.477 0.001 0.006 0.001 0.027 0.001 0.487 0.001 0.004 0.000 0.002 0.000 0.000 0.001 0.000 0.000 0.003 0.000 0.167 0.001 0.001 0.002 0.012 0.022 0.003 0.001 0.001 0.001 0.001 0.001 0.001 0.001 0.011 0.007 0.001 0.001 0.016 0.162 0.014 0.005 0.200 0.948 
43 spoon_vis 30 0.001 0.001 0.003 0.001 0.001 0.996 0.001 0.006 0.020 0.969 0.001 0.000 0.001 0.000 0.000 0.000 0.005 0.009 0.008 0.001 0.000 0.002 0.005 0.000 0.001 0.000 0.001 0.000 0.000 0.001 0.000 0.000 0.030 0.000 0.001 0.000 0.002 0.001 0.005 0.002 0.001 0.009 0.000 0.001 0.002 0.001 0.033 0.001 0.002 0.015 0.000 0.001 0.006 0.268 0.002 0.201 0.597 0.009 
44 tongs_vis 30 0.002 0.001 0.001 0.001 0.001 0.990 0.007 0.007 0.025 0.991 0.000 0.000 0.000 0.001 0.000 0.001 0.001 0.000 0.001 0.001 0.002 0.000 0.001 0.001 0.005 0.000 0.001 0.001 0.002 0.001 0.000 0.000 0.003 0.000 0.005 0.032 0.001 0.007 0.004 0.002 0.002 0.007 0.034 0.001 0.001 0.002 0.001 0.105 0.008 0.005 0.001 0.001 0.018 0.005 0.929 0.053 0.006 0.410 
45 ladle_vis 30 0.002 0.001 0.007 0.001 0.001 0.996 0.001 0.005 0.014 0.970 0.001 0.000 0.001 0.001 0.000 0.000 0.001 0.019 0.003 0.001 0.000 0.009 0.002 0.000 0.001 0.000 0.001 0.000 0.000 0.001 0.000 0.000 0.013 0.000 0.001 0.000 0.002 0.001 0.002 0.002 0.001 0.021 0.000 0.001 0.001 0.003 0.037 0.002 0.002 0.010 0.000 0.001 0.008 0.113 0.003 0.889 0.017 0.004 
46 knife_vis 30 0.001 0.001 0.001 0.001 0.001 0.996 0.007 0.005 0.009 0.968 0.001 0.000 0.000 0.000 0.000 0.000 0.035 0.001 0.004 0.000 0.000 0.000 0.009 0.001 0.001 0.000 0.001 0.000 0.000 0.001 0.000 0.000 0.005 0.000 0.004 0.000 0.002 0.020 0.014 0.001 0.001 0.002 0.000 0.001 0.001 0.004 0.001 0.000 0.011 0.024 0.000 0.001 0.001 0.005 0.001 0.008 0.988 0.074 
47 chopsticks_vis 30 0.002 0.001 0.006 0.001 0.001 0.996 0.005 0.006 0.004 0.994 0.000 0.000 0.000 0.000 0.000 0.000 0.052 0.000 0.001 0.001 0.079 0.000 0.084 0.001 0.003 0.000 0.001 0.000 0.000 0.001 0.000 0.000 0.003 0.000 0.006 0.001 0.001 0.004 0.011 0.001 0.003 0.004 0.022 0.001 0.001 0.002 0.001 0.053 0.004 0.004 0.001 0.001 0.087 0.017 0.229 0.099 0.034 0.984 
