0 beaver_vis 30 0.996 0.947 0.010 0.001 0.001 0.001 0.001 0.000 0.002 0.000 0.950 0.009 0.003 0.005 0.027 0.003 0.010 0.004 0.036 0.076 0.001 0.006 0.001 0.000 0.001 0.011 0.006 0.000 0.001 0.000 0.001 0.000 0.000 0.000 0.000 0.001 0.000 0.000 0.000 0.001 0.001 0.001 0.001 0.007 0.000 0.000 0.001 0.001 0.000 0.000 0.002 0.001 0.008 0.000 0.000 0.000 0.000 0.001 
1 bear_vis 30 0.995 0.992 0.003 0.055 0.001 0.001 0.001 0.001 0.002 0.000 0.009 0.971 0.019 0.011 0.002 0.077 0.001 0.001 0.026 0.003 0.002 0.001 0.001 0.001 0.095 0.022 0.037 0.001 0.000 0.000 0.002 0.001 0.000 0.000 0.001 0.001 0.002 0.000 0.001 0.001 0.001 0.000 0.000 0.002 0.002 0.000 0.001 0.001 0.001 0.000 0.022 0.000 0.001 0.001 0.000 0.000 0.000 0.001 
2 sheep_vis 30 0.995 0.927 0.007 0.008 0.000 0.002 0.001 0.001 0.006 0.000 0.070 0.011 0.112 0.007 0.000 0.011 0.001 0.001 0.062 0.004 0.005 0.019 0.000 0.000 0.008 0.010 0.004 0.002 0.001 0.000 0.001 0.000 0.000 0.000 0.000 0.001 0.000 0.000 0.001 0.000 0.002 0.000 0.004 0.002 0.001 0.000 0.001 0.003 0.001 0.000 0.001 0.000 0.002 0.000 0.000 0.000 0.000 0.000 
3 buffalo_vis 30 0.996 0.981 0.006 0.003 0.012 0.001 0.001 0.000 0.001 0.000 0.014 0.009 0.003 0.342 0.001 0.898 0.135 0.000 0.116 0.001 0.039 0.001 0.001 0.002 0.002 0.001 0.001 0.003 0.249 0.001 0.008 0.002 0.000 0.001 0.000 0.001 0.000 0.000 0.008 0.001 0.002 0.000 0.000 0.002 0.000 0.000 0.000 0.001 0.004 0.000 0.001 0.000 0.001 0.000 0.000 0.000 0.000 0.000 
4 poodle_vis 30 0.996 0.898 0.026 0.001 0.003 0.001 0.001 0.000 0.001 0.000 0.048 0.059 0.001 0.003 0.776 0.012 0.009 0.006 0.018 0.009 0.002 0.004 0.001 0.001 0.001 0.000 0.001 0.001 0.001 0.005 0.001 0.005 0.000 0.001 0.000 0.001 0.001 0.000 0.000 0.000 0.001 0.001 0.000 0.000 0.001 0.000 0.002 0.001 0.000 0.001 0.002 0.000 0.000 0.001 0.000 0.000 0.000 0.001 
5 giraffe_vis 30 0.996 0.984 0.042 0.001 0.151 0.001 0.001 0.000 0.001 0.000 0.002 0.035 0.001 0.019 0.001 0.964 0.059 0.000 0.051 0.001 0.111 0.002 0.000 0.001 0.002 0.000 0.000 0.001 0.006 0.004 0.021 0.080 0.000 0.001 0.049 0.001 0.000 0.000 0.003 0.001 0.001 0.000 0.000 0.001 0.000 0.000 0.000 0.001 0.034 0.000 0.001 0.000 0.000 0.000 0.000 0.000 0.001 0.000 
6 robin_vis 30 0.994 0.004 0.993 0.000 0.001 0.003 0.005 0.001 0.004 0.001 0.001 0.001 0.002 0.001 0.000 0.007 0.880 0.016 0.020 0.014 0.043 0.003 0.000 0.000 0.001 0.000 0.000 0.003 0.001 0.001 0.000 0.001 0.001 0.000 0.017 0.001 0.000 0.000 0.001 0.001 0.001 0.001 0.000 0.000 0.000 0.000 0.003 0.001 0.002 0.001 0.001 0.000 0.001 0.001 0.000 0.001 0.001 0.001 
7 swan_vis 30 0.995 0.009 0.980 0.006 0.001 0.001 0.035 0.000 0.001 0.001 0.002 0.001 0.003 0.002 0.016 0.001 0.006 0.977 0.054 0.013 0.002 0.018 0.013 0.000 0.009 0.001 0.000 0.001 0.001 0.002 0.000 0.000 0.000 0.001 0.007 0.001 0.022 0.000 0.000 0.000 0.001 0.001 0.000 0.000 0.001 0.000 0.001 0.001 0.000 0.001 0.001 0.000 0.001 0.012 0.000 0.001 0.000 0.002 
8 woodpecker_vis 30 0.993 0.002 0.979 0.000 0.000 0.003 0.004 0.001 0.001 0.001 0.001 0.000 0.001 0.001 0.001 0.002 0.009 0.008 0.907 0.006 0.001 0.134 0.001 0.000 0.008 0.000 0.000 0.000 0.000 0.003 0.000 0.000 0.000 0.001 0.001 0.006 0.000 0.000 0.002 0.003 0.001 0.000 0.001 0.001 0.001 0.000 0.000 0.001 0.001 0.000 0.001 0.000 0.001 0.000 0.000 0.000 0.000 0.001 
9 peacock_vis 30 0.995 0.005 0.993 0.019 0.001 0.001 0.001 0.000 0.006 0.000 0.029 0.002 0.001 0.001 0.006 0.002 0.062 0.021 0.049 0.941 0.004 0.014 0.003 0.000 0.005 0.021 0.000 0.001 0.000 0.001 0.001 0.000 0.000 0.000 0.003 0.001 0.001 0.000 0.001 0.001 0.001 0.001 0.001 0.001 0.001 0.000 0.030 0.001 0.001 0.000 0.009 0.000 0.001 0.001 0.000 0.000 0.000 0.001 
10 crow_vis 30 0.995 0.005 0.989 0.002 0.028 0.002 0.001 0.001 0.002 0.001 0.001 0.001 0.005 0.001 0.000 0.079 0.056 0.001 0.002 0.001 0.985 0.018 0.000 0.000 0.111 0.000 0.000 0.082 0.001 0.048 0.000 0.007 0.002 0.000 0.012 0.001 0.000 0.001 0.001 0.001 0.003 0.000 0.000 0.000 0.000 0.000 0.001 0.001 0.011 0.001 0.000 0.000 0.001 0.000 0.000 0.000 0.001 0.001 
11 eagle_vis 30 0.995 0.006 0.993 0.001 0.001 0.001 0.001 0.000 0.001 0.001 0.002 0.000 0.002 0.002 0.004 0.002 0.090 0.196 0.244 0.003 0.006 0.318 0.001 0.000 0.004 0.000 0.000 0.001 0.001 0.021 0.001 0.000 0.001 0.004 0.001 0.001 0.000 0.000 0.000 0.000 0.001 0.001 0.001 0.000 0.000 0.000 0.000 0.001 0.000 0.000 0.001 0.000 0.001 0.000 0.001 0.001 0.000 0.052 
12 tuna_vis 30 0.995 0.002 0.001 0.993 0.003 0.001 0.001 0.001 0.001 0.000 0.001 0.002 0.001 0.001 0.001 0.000 0.000 0.001 0.000 0.001 0.002 0.001 0.948 0.002 0.083 0.005 0.006 0.004 0.000 0.092 0.001 0.001 0.001 0.002 0.001 0.001 0.007 0.000 0.000 0.000 0.001 0.001 0.001 0.001 0.019 0.016 0.001 0.001 0.001 0.001 0.001 0.001 0.001 0.000 0.001 0.002 0.000 0.001 
13 goldfish_vis 30 0.995 0.056 0.001 0.782 0.059 0.001 0.002 0.001 0.001 0.000 0.002 0.013 0.001 0.016 0.001 0.001 0.001 0.000 0.000 0.001 0.002 0.003 0.001 0.847 0.002 0.001 0.028 0.025 0.002 0.001 0.169 0.021 0.002 0.002 0.000 0.001 0.003 0.064 0.000 0.001 0.002 0.001 0.000 0.025 0.001 0.000 0.000 0.001 0.005 0.000 0.001 0.000 0.000 0.000 0.000 0.001 0.000 0.000 
14 salmon_vis 30 0.995 0.010 0.013 0.988 0.001 0.001 0.001 0.010 0.001 0.000 0.001 0.022 0.029 0.001 0.001 0.001 0.000 0.013 0.008 0.003 0.013 0.006 0.089 0.003 0.887 0.142 0.052 0.022 0.000 0.001 0.001 0.000 0.000 0.001 0.001 0.001 0.013 0.001 0.001 0.000 0.001 0.001 0.025 0.005 0.069 0.003 0.002 0.001 0.001 0.000 0.002 0.000 0.001 0.001 0.000 0.001 0.000 0.000 
15 sardine_vis 30 0.995 0.009 0.007 0.993 0.001 0.001 0.001 0.001 0.004 0.000 0.003 0.016 0.049 0.001 0.000 0.001 0.001 0.044 0.058 0.043 0.004 0.001 0.035 0.001 0.508 0.947 0.023 0.025 0.000 0.000 0.001 0.000 0.000 0.001 0.000 0.002 0.005 0.000 0.017 0.000 0.001 0.000 0.001 0.005 0.001 0.001 0.001 0.006 0.002 0.000 0.005 0.001 0.001 0.000 0.000 0.000 0.000 0.000 
16 catfish_vis 30 0.995 0.044 0.001 0.991 0.001 0.001 0.001 0.012 0.001 0.000 0.002 0.074 0.002 0.002 0.001 0.000 0.000 0.000 0.000 0.001 0.001 0.001 0.012 0.119 0.004 0.004 0.961 0.002 0.001 0.000 0.002 0.001 0.000 0.001 0.000 0.001 0.006 0.001 0.000 0.000 0.001 0.001 0.011 0.009 0.040 0.001 0.000 0.001 0.001 0.000 0.001 0.001 0.001 0.000 0.000 0.001 0.000 0.000 
17 cod_vis 30 0.995 0.002 0.065 0.946 0.163 0.001 0.003 0.001 0.001 0.000 0.001 0.001 0.001 0.002 0.000 0.001 0.002 0.001 0.001 0.002 0.196 0.004 0.001 0.016 0.010 0.008 0.001 0.965 0.043 0.001 0.008 0.001 0.007 0.003 0.000 0.001 0.000 0.026 0.002 0.001 0.015 0.001 0.000 0.005 0.000 0.000 0.000 0.001 0.013 0.000 0.001 0.000 0.001 0.000 0.000 0.000 0.000 0.000 
18 turtle_vis 30 0.995 0.011 0.001 0.002 0.977 0.001 0.001 0.001 0.001 0.001 0.003 0.000 0.001 0.013 0.001 0.009 0.018 0.000 0.000 0.000 0.002 0.001 0.001 0.011 0.000 0.000 0.001 0.035 0.942 0.002 0.029 0.098 0.007 0.010 0.001 0.001 0.000 0.001 0.001 0.002 0.002 0.000 0.000 0.001 0.000 0.000 0.000 0.002 0.029 0.001 0.000 0.000 0.000 0.000 0.001 0.001 0.001 0.001 
19 rattlesnake_vis 30 0.993 0.001 0.003 0.004 0.943 0.002 0.001 0.001 0.001 0.003 0.000 0.000 0.001 0.001 0.001 0.001 0.001 0.002 0.000 0.000 0.003 0.000 0.006 0.001 0.000 0.000 0.000 0.003 0.001 0.051 0.001 0.010 0.763 0.003 0.109 0.001 0.001 0.001 0.000 0.000 0.001 0.001 0.000 0.000 0.000 0.000 0.000 0.000 0.001 0.004 0.000 0.000 0.000 0.002 0.002 0.001 0.007 0.006 
20 crab_vis 30 0.995 0.039 0.002 0.006 0.982 0.001 0.002 0.000 0.001 0.001 0.001 0.002 0.000 0.008 0.001 0.074 0.007 0.000 0.012 0.000 0.001 0.002 0.000 0.034 0.000 0.000 0.004 0.002 0.039 0.005 0.941 0.025 0.007 0.044 0.004 0.002 0.001 0.005 0.003 0.085 0.001 0.000 0.000 0.003 0.000 0.000 0.000 0.000 0.011 0.000 0.000 0.000 0.000 0.000 0.001 0.001 0.001 0.001 
21 frog_vis 30 0.995 0.003 0.001 0.001 0.989 0.001 0.001 0.000 0.001 0.001 0.000 0.001 0.000 0.001 0.001 0.002 0.002 0.000 0.000 0.000 0.003 0.000 0.001 0.001 0.000 0.000 0.000 0.003 0.066 0.036 0.000 0.966 0.016 0.001 0.055 0.001 0.000 0.000 0.000 0.000 0.001 0.001 0.000 0.000 0.000 0.000 0.000 0.001 0.060 0.053 0.000 0.000 0.000 0.000 0.000 0.001 0.001 0.001 
22 gecko_vis 30 0.994 0.001 0.002 0.007 0.971 0.004 0.001 0.001 0.001 0.011 0.000 0.000 0.000 0.001 0.001 0.001 0.001 0.001 0.000 0.000 0.013 0.001 0.003 0.002 0.000 0.000 0.000 0.016 0.001 0.016 0.001 0.015 0.976 0.007 0.006 0.026 0.000 0.002 0.000 0.000 0.001 0.000 0.000 0.000 0.000 0.000 0.000 0.000 0.001 0.001 0.000 0.000 0.000 0.000 0.008 0.002 0.015 0.010 
23 crocodile_vis 30 0.995 0.021 0.001 0.003 0.885 0.001 0.001 0.000 0.000 0.001 0.001 0.000 0.001 0.004 0.001 0.004 0.001 0.000 0.001 0.000 0.001 0.003 0.001 0.009 0.000 0.000 0.003 0.001 0.106 0.006 0.014 0.008 0.012 0.616 0.000 0.002 0.000 0.001 0.001 0.000 0.001 0.000 0.001 0.000 0.000 0.000 0.000 0.000 0.001 0.000 0.000 0.000 0.000 0.000 0.001 0.001 0.001 0.002 
24 axe_vis 30 0.028 0.001 0.012 0.000 0.000 0.992 0.992 0.001 0.002 0.001 0.000 0.000 0.001 0.000 0.000 0.001 0.005 0.001 0.001 0.001 0.003 0.000 0.000 0.000 0.001 0.000 0.000 0.000 0.000 0.000 0.000 0.000 0.000 0.000 0.989 0.002 0.001 0.001 0.368 0.005 0.001 0.000 0.000 0.000 0.001 0.000 0.001 0.000 0.006 0.000 0.001 0.000 0.001 0.004 0.000 0.000 0.011 0.001 
25 hammer_vis 30 0.004 0.001 0.008 0.000 0.000 0.994 0.943 0.001 0.001 0.014 0.000 0.000 0.001 0.000 0.000 0.000 0.011 0.001 0.001 0.000 0.001 0.001 0.000 0.000 0.000 0.000 0.000 0.000 0.000 0.000 0.000 0.000 0.001 0.000 0.001 0.968 0.001 0.019 0.047 0.003 0.021 0.000 0.018 0.001 0.001 0.000 0.000 0.001 0.000 0.000 0.001 0.000 0.002 0.000 0.008 0.001 0.000 0.002 
26 screwdriver_vis 30 0.003 0.001 0.001 0.001 0.001 0.994 0.986 0.001 0.002 0.005 0.000 0.000 0.001 0.000 0.000 0.000 0.001 0.001 0.000 0.001 0.001 0.000 0.000 0.000 0.000 0.000 0.000 0.000 0.000 0.000 0.000 0.000 0.000 0.000 0.288 0.003 0.912 0.041 0.001 0.035 0.001 0.001 0.000 0.001 0.001 0.000 0.000 0.000 0.030 0.000 0.001 0.001 0.001 0.008 0.002 0.001 0.161 0.002 
27 chisel_vis 30 0.002 0.001 0.002 0.000 0.000 0.995 0.993 0.001 0.001 0.003 0.000 0.000 0.001 0.000 0.000 0.000 0.002 0.000 0.000 0.000 0.001 0.000 0.000 0.000 0.000 0.000 0.000 0.000 0.000 0.000 0.001 0.000 0.000 0.000 0.001 0.007 0.010 0.964 0.001 0.040 0.001 0.000 0.001 0.048 0.001 0.000 0.000 0.000 0.002 0.000 0.001 0.000 0.001 0.000 0.002 0.001 0.036 0.002 
28 saw_vis 30 0.012 0.001 0.022 0.000 0.000 0.993 0.952 0.001 0.001 0.001 0.000 0.000 0.013 0.000 0.000 0.001 0.024 0.008 0.035 0.001 0.005 0.001 0.000 0.000 0.001 0.000 0.000 0.000 0.000 0.000 0.000 0.000 0.000 0.000 0.014 0.022 0.001 0.011 0.921 0.004 0.001 0.000 0.001 0.001 0.001 0.001 0.000 0.001 0.001 0.000 0.001 0.000 0.003 0.000 0.000 0.001 0.000 0.001 
29 drill_vis 30 0.002 0.001 0.005 0.000 0.000 0.992 0.988 0.001 0.003 0.001 0.000 0.000 0.001 0.000 0.000 0.001 0.029 0.015 0.002 0.001 0.001 0.000 0.000 0.000 0.000 0.001 0.000 0.000 0.000 0.000 0.001 0.000 0.000 0.000 0.006 0.007 0.025 0.016 0.019 0.703 0.001 0.000 0.001 0.003 0.001 0.000 0.000 0.001 0.002 0.000 0.002 0.001 0.036 0.000 0.000 0.000 0.011 0.001 
30 clamp_vis 30 0.001 0.001 0.001 0.013 0.001 0.995 0.005 0.994 0.007 0.002 0.003 0.000 0.009 0.000 0.000 0.001 0.001 0.000 0.000 0.001 0.015 0.001 0.001 0.000 0.001 0.001 0.003 0.245 0.000 0.000 0.001 0.001 0.000 0.000 0.000 0.002 0.000 0.045 0.001 0.001 0.388 0.028 0.005 0.478 0.003 0.116 0.009 0.004 0.044 0.000 0.000 0.001 0.004 0.000 0.002 0.003 0.002 0.001 
31 hoe_vis 30 0.003 0.001 0.001 0.002 0.000 0.995 0.001 0.992 0.002 0.002 0.003 0.000 0.001 0.000 0.016 0.000 0.000 0.000 0.000 0.003 0.001 0.001 0.011 0.000 0.000 0.000 0.001 0.128 0.000 0.000 0.000 0.007 0.000 0.000 0.000 0.001 0.003 0.009 0.000 0.000 0.005 0.982 0.001 0.059 0.052 0.021 0.117 0.000 0.006 0.001 0.001 0.001 0.001 0.001 0.002 0.023 0.011 0.001 
32 rake_vis 30 0.002 0.001 0.004 0.001 0.025 0.977 0.001 0.953 0.001 0.031 0.001 0.000 0.005 0.000 0.001 0.011 0.002 0.000 0.090 0.000 0.002 0.150 0.001 0.000 0.001 0.000 0.013 0.000 0.000 0.001 0.042 0.000 0.001 0.171 0.000 0.006 0.001 0.007 0.007 0.002 0.018 0.001 0.978 0.001 0.035 0.005 0.000 0.002 0.001 0.000 0.002 0.001 0.001 0.000 0.041 0.002 0.003 0.069 
33 shovel_vis 30 0.002 0.002 0.001 0.003 0.001 0.995 0.001 0.976 0.005 0.003 0.003 0.002 0.004 0.000 0.000 0.002 0.000 0.000 0.000 0.000 0.002 0.001 0.001 0.000 0.001 0.000 0.015 0.016 0.000 0.000 0.002 0.030 0.000 0.000 0.000 0.001 0.001 0.043 0.000 0.000 0.012 0.015 0.003 0.421 0.004 0.092 0.001 0.000 0.043 0.000 0.001 0.009 0.003 0.000 0.007 0.003 0.117 0.001 
34 spade_vis 30 0.029 0.001 0.001 0.040 0.000 0.994 0.003 0.993 0.001 0.007 0.001 0.052 0.002 0.000 0.054 0.000 0.000 0.000 0.000 0.004 0.002 0.003 0.176 0.000 0.003 0.000 0.027 0.024 0.000 0.002 0.000 0.050 0.000 0.000 0.012 0.001 0.017 0.021 0.000 0.000 0.027 0.672 0.013 0.003 0.960 0.007 0.258 0.000 0.002 0.000 0.041 0.001 0.001 0.002 0.004 0.027 0.002 0.002 
35 wrench_vis 30 0.001 0.001 0.001 0.002 0.001 0.995 0.001 0.930 0.008 0.003 0.001 0.000 0.009 0.000 0.000 0.000 0.000 0.000 0.000 0.001 0.014 0.000 0.002 0.000 0.000 0.001 0.002 0.004 0.000 0.001 0.000 0.003 0.000 0.000 0.000 0.001 0.001 0.002 0.000 0.000 0.001 0.016 0.002 0.007 0.001 0.924 0.004 0.001 0.014 0.004 0.001 0.012 0.002 0.000 0.016 0.003 0.076 0.001 
36 accordion_vis 30 0.120 0.141 0.074 0.001 0.000 0.993 0.002 0.006 0.938 0.001 0.056 0.008 0.013 0.001 0.047 0.402 0.288 0.001 0.277 0.003 0.020 0.000 0.001 0.000 0.001 0.002 0.000 0.003 0.000 0.001 0.000 0.004 0.000 0.000 0.014 0.001 0.000 0.000 0.000 0.000 0.009 0.002 0.000 0.000 0.001 0.001 0.958 0.007 0.008 0.001 0.012 0.000 0.007 0.009 0.000 0.001 0.001 0.001 
37 cello_vis 30 0.001 0.003 0.002 0.000 0.076 0.992 0.001 0.002 0.989 0.002 0.013 0.000 0.015 0.001 0.000 0.022 0.021 0.000 0.095 0.001 0.003 0.000 0.001 0.000 0.000 0.042 0.002 0.002 0.057 0.001 0.000 0.001 0.000 0.004 0.001 0.003 0.000 0.000 0.047 0.003 0.027 0.000 0.007 0.001 0.001 0.002 0.041 0.974 0.002 0.002 0.010 0.013 0.007 0.000 0.001 0.001 0.000 0.001 
38 flute_vis 30 0.003 0.001 0.001 0.001 0.001 0.995 0.886 0.001 0.091 0.001 0.000 0.000 0.001 0.000 0.000 0.001 0.001 0.000 0.000 0.001 0.001 0.000 0.001 0.000 0.000 0.001 0.000 0.000 0.000 0.000 0.000 0.001 0.000 0.000 0.513 0.001 0.035 0.004 0.000 0.004 0.001 0.001 0.001 0.001 0.001 0.001 0.002 0.002 0.270 0.001 0.002 0.001 0.001 0.005 0.001 0.001 0.326 0.001 
39 guitar_vis 30 0.002 0.001 0.002 0.001 0.015 0.995 0.001 0.001 0.993 0.006 0.004 0.000 0.001 0.000 0.021 0.001 0.010 0.000 0.000 0.002 0.002 0.000 0.007 0.000 0.000 0.001 0.001 0.001 0.001 0.023 0.000 0.027 0.001 0.000 0.001 0.001 0.000 0.000 0.000 0.000 0.002 0.009 0.000 0.000 0.001 0.016 0.057 0.014 0.014 0.947 0.003 0.023 0.001 0.002 0.002 0.001 0.077 0.001 
40 piano_vis 30 0.007 0.005 0.006 0.001 0.036 0.790 0.002 0.003 0.782 0.037 0.001 0.017 0.003 0.001 0.023 0.161 0.002 0.000 0.333 0.003 0.003 0.000 0.028 0.000 0.001 0.009 0.006 0.000 0.000 0.332 0.000 0.005 0.000 0.002 0.166 0.002 0.001 0.000 0.003 0.002 0.001 0.001 0.008 0.001 0.030 0.001 0.064 0.017 0.004 0.003 0.941 0.003 0.002 0.002 0.001 0.001 0.006 0.148 
41 trumpet_vis 30 0.001 0.001 0.001 0.001 0.012 0.995 0.001 0.003 0.992 0.004 0.027 0.000 0.003 0.001 0.001 0.001 0.005 0.000 0.002 0.002 0.001 0.000 0.001 0.000 0.000 0.027 0.003 0.001 0.012 0.001 0.000 0.000 0.000 0.001 0.000 0.002 0.000 0.000 0.000 0.002 0.001 0.001 0.003 0.026 0.001 0.047 0.002 0.020 0.012 0.069 0.012 0.935 0.020 0.000 0.004 0.001 0.006 0.001 
42 fork_vis 30 0.004 0.008 0.001 0.000 0.001 0.995 0.011 0.001 0.007 0.922 0.193 0.000 0.001 0.034 0.032 0.000 0.018 0.018 0.000 0.001 0.001 0.000 0.003 0.000 0.000 0.003 0.092 0.001 0.002 0.000 0.000 0.001 0.004 0.000 0.001 0.001 0.003 0.001 0.001 0.001 0.032 0.001 0.000 0.001 0.001 0.000 0.002 0.065 0.001 0.001 0.002 0.002 0.946 0.056 0.001 0.032 0.001 0.022 
43 spoon_vis 30 0.006 0.013 0.001 0.000 0.001 0.995 0.004 0.000 0.019 0.975 0.000 0.003 0.001 0.003 0.005 0.000 0.001 0.001 0.000 0.000 0.001 0.000 0.045 0.000 0.000 0.000 0.010 0.001 0.000 0.001 0.000 0.084 0.019 0.000 0.048 0.001 0.002 0.001 0.000 0.000 0.001 0.001 0.000 0.000 0.000 0.002 0.065 0.001 0.001 0.019 0.000 0.000 0.024 0.969 0.001 0.050 0.016 0.003 
44 tongs_vis 30 0.001 0.001 0.001 0.000 0.002 0.995 0.004 0.002 0.001 0.993 0.000 0.000 0.001 0.001 0.000 0.000 0.002 0.000 0.000 0.000 0.001 0.001 0.000 0.000 0.000 0.000 0.000 0.000 0.001 0.000 0.000 0.000 0.011 0.000 0.000 0.015 0.002 0.011 0.000 0.001 0.001 0.000 0.006 0.004 0.001 0.002 0.000 0.000 0.001 0.000 0.000 0.003 0.014 0.000 0.743 0.003 0.142 0.016 
45 ladle_vis 30 0.003 0.001 0.001 0.001 0.001 0.995 0.002 0.001 0.001 0.982 0.000 0.000 0.001 0.001 0.003 0.000 0.001 0.001 0.000 0.000 0.001 0.000 0.069 0.000 0.000 0.000 0.001 0.002 0.000 0.000 0.000 0.018 0.018 0.000 0.010 0.001 0.003 0.008 0.000 0.000 0.001 0.006 0.000 0.000 0.001 0.016 0.032 0.000 0.001 0.008 0.000 0.000 0.016 0.732 0.003 0.432 0.022 0.002 
46 knife_vis 30 0.002 0.002 0.001 0.000 0.006 0.995 0.002 0.000 0.005 0.986 0.000 0.000 0.000 0.001 0.004 0.000 0.002 0.000 0.000 0.000 0.001 0.000 0.001 0.000 0.000 0.000 0.000 0.000 0.000 0.001 0.000 0.011 0.007 0.000 0.001 0.001 0.002 0.001 0.000 0.001 0.000 0.001 0.000 0.000 0.000 0.001 0.000 0.000 0.001 0.017 0.000 0.000 0.002 0.060 0.002 0.002 0.905 0.012 
47 chopsticks_vis 30 0.004 0.041 0.001 0.000 0.059 0.989 0.006 0.000 0.002 0.994 0.001 0.001 0.000 0.001 0.010 0.004 0.008 0.001 0.001 0.000 0.001 0.000 0.001 0.000 0.000 0.000 0.113 0.000 0.001 0.000 0.014 0.001 0.009 0.001 0.002 0.002 0.009 0.002 0.017 0.011 0.000 0.000 0.004 0.000 0.000 0.000 0.000 0.001 0.001 0.001 0.023 0.002 0.013 0.002 0.010 0.001 0.093 0.978 
0 beaver_vis 30 0.996 0.955 0.008 0.001 0.001 0.001 0.001 0.001 0.002 0.000 0.962 0.011 0.005 0.007 0.032 0.002 0.010 0.005 0.039 0.107 0.001 0.011 0.001 0.001 0.001 0.012 0.008 0.001 0.001 0.000 0.001 0.000 0.000 0.000 0.000 0.001 0.000 0.000 0.000 0.001 0.001 0.001 0.001 0.009 0.001 0.000 0.001 0.002 0.000 0.000 0.003 0.001 0.010 0.000 0.000 0.000 0.000 0.001 
1 bear_vis 30 0.995 0.993 0.003 0.075 0.001 0.001 0.001 0.001 0.003 0.000 0.048 0.949 0.081 0.127 0.001 0.114 0.001 0.001 0.055 0.005 0.002 0.002 0.001 0.005 0.178 0.036 0.042 0.001 0.000 0.000 0.002 0.000 0.000 0.000 0.000 0.001 0.002 0.000 0.003 0.000 0.001 0.000 0.001 0.026 0.001 0.000 0.001 0.002 0.001 0.000 0.013 0.001 0.001 0.000 0.000 0.000 0.000 0.001 
2 sheep_vis 30 0.995 0.825 0.007 0.007 0.000 0.003 0.001 0.001 0.007 0.001 0.155 0.005 0.085 0.004 0.001 0.003 0.001 0.001 0.101 0.007 0.002 0.107 0.001 0.000 0.004 0.014 0.006 0.001 0.000 0.000 0.001 0.000 0.000 0.000 0.000 0.001 0.000 0.000 0.001 0.000 0.002 0.000 0.008 0.002 0.001 0.000 0.001 0.005 0.001 0.000 0.002 0.001 0.003 0.000 0.000 0.001 0.000 0.000 
3 buffalo_vis 30 0.995 0.992 0.002 0.010 0.001 0.001 0.001 0.001 0.002 0.000 0.073 0.062 0.135 0.946 0.001 0.107 0.008 0.002 0.001 0.002 0.045 0.001 0.001 0.049 0.007 0.002 0.001 0.052 0.061 0.000 0.001 0.003 0.000 0.000 0.000 0.001 0.000 0.000 0.002 0.000 0.007 0.001 0.000 0.021 0.000 0.000 0.001 0.002 0.011 0.000 0.001 0.001 0.001 0.000 0.000 0.000 0.000 0.000 
4 poodle_vis 30 0.996 0.974 0.014 0.001 0.001 0.001 0.001 0.000 0.001 0.000 0.262 0.122 0.001 0.005 0.785 0.005 0.005 0.012 0.017 0.087 0.001 0.005 0.002 0.001 0.001 0.001 0.005 0.001 0.001 0.001 0.001 0.004 0.000 0.000 0.000 0.001 0.002 0.000 0.000 0.000 0.001 0.003 0.000 0.001 0.007 0.000 0.005 0.001 0.000 0.001 0.041 0.000 0.001 0.002 0.000 0.001 0.000 0.001 
5 giraffe_vis 30 0.995 0.984 0.012 0.002 0.026 0.001 0.001 0.001 0.002 0.000 0.004 0.027 0.002 0.050 0.001 0.947 0.048 0.000 0.107 0.001 0.050 0.002 0.000 0.001 0.003 0.000 0.001 0.001 0.008 0.001 0.016 0.008 0.000 0.001 0.003 0.001 0.000 0.000 0.003 0.001 0.001 0.000 0.000 0.001 0.000 0.000 0.000 0.001 0.006 0.000 0.001 0.000 0.001 0.000 0.000 0.000 0.000 0.000 
6 robin_vis 30 0.992 0.004 0.993 0.000 0.000 0.008 0.007 0.001 0.004 0.001 0.001 0.000 0.002 0.001 0.001 0.005 0.738 0.109 0.023 0.002 0.007 0.003 0.000 0.000 0.001 0.000 0.000 0.001 0.000 0.001 0.000 0.000 0.000 0.000 0.010 0.001 0.000 0.000 0.001 0.001 0.002 0.001 0.000 0.000 0.000 0.000 0.003 0.001 0.001 0.000 0.001 0.000 0.001 0.000 0.000 0.001 0.001 0.001 
7 swan_vis 30 0.995 0.008 0.981 0.016 0.001 0.001 0.060 0.000 0.001 0.001 0.004 0.001 0.004 0.002 0.020 0.001 0.005 0.980 0.027 0.017 0.002 0.049 0.017 0.000 0.018 0.001 0.000 0.001 0.000 0.002 0.000 0.000 0.000 0.001 0.007 0.001 0.039 0.000 0.000 0.000 0.001 0.002 0.001 0.000 0.001 0.000 0.001 0.001 0.000 0.000 0.001 0.001 0.002 0.017 0.000 0.003 0.000 0.002 
8 woodpecker_vis 30 0.993 0.004 0.947 0.000 0.000 0.004 0.001 0.002 0.001 0.001 0.002 0.000 0.006 0.001 0.001 0.001 0.002 0.012 0.788 0.004 0.001 0.406 0.001 0.000 0.009 0.000 0.000 0.000 0.000 0.008 0.000 0.000 0.000 0.010 0.000 0.002 0.000 0.000 0.001 0.001 0.002 0.000 0.008 0.001 0.002 0.000 0.001 0.001 0.000 0.000 0.002 0.001 0.002 0.000 0.001 0.001 0.000 0.001 
9 peacock_vis 30 0.995 0.006 0.991 0.081 0.000 0.001 0.001 0.001 0.006 0.000 0.054 0.005 0.003 0.001 0.009 0.001 0.034 0.046 0.021 0.967 0.003 0.023 0.008 0.000 0.009 0.052 0.000 0.002 0.000 0.000 0.001 0.000 0.000 0.000 0.003 0.001 0.001 0.000 0.000 0.001 0.001 0.003 0.001 0.001 0.003 0.000 0.077 0.001 0.001 0.000 0.010 0.000 0.002 0.001 0.000 0.000 0.000 0.001 
10 crow_vis 30 0.994 0.004 0.980 0.001 0.016 0.004 0.001 0.001 0.005 0.001 0.001 0.001 0.007 0.001 0.000 0.020 0.039 0.001 0.002 0.001 0.939 0.030 0.000 0.000 0.036 0.000 0.000 0.027 0.001 0.031 0.001 0.003 0.002 0.001 0.001 0.001 0.000 0.000 0.000 0.001 0.002 0.001 0.000 0.001 0.000 0.000 0.001 0.001 0.002 0.001 0.001 0.000 0.001 0.000 0.001 0.001 0.001 0.001 
11 eagle_vis 30 0.995 0.006 0.991 0.023 0.001 0.001 0.001 0.001 0.001 0.001 0.004 0.000 0.015 0.002 0.002 0.001 0.025 0.019 0.011 0.016 0.015 0.911 0.002 0.001 0.026 0.000 0.000 0.001 0.001 0.001 0.000 0.000 0.000 0.001 0.000 0.001 0.000 0.000 0.000 0.000 0.001 0.004 0.002 0.001 0.002 0.000 0.000 0.001 0.000 0.000 0.001 0.000 0.001 0.000 0.001 0.037 0.000 0.001 
12 tuna_vis 30 0.995 0.002 0.001 0.994 0.001 0.001 0.000 0.003 0.001 0.000 0.001 0.002 0.004 0.001 0.001 0.000 0.000 0.000 0.000 0.001 0.002 0.001 0.971 0.004 0.187 0.003 0.029 0.004 0.000 0.026 0.000 0.001 0.001 0.002 0.000 0.001 0.007 0.000 0.000 0.000 0.001 0.001 0.004 0.001 0.297 0.106 0.001 0.001 0.000 0.000 0.001 0.001 0.001 0.000 0.001 0.009 0.000 0.001 
13 goldfish_vis 30 0.995 0.025 0.001 0.868 0.006 0.001 0.001 0.007 0.001 0.000 0.002 0.002 0.006 0.084 0.001 0.000 0.000 0.000 0.000 0.001 0.002 0.002 0.002 0.948 0.001 0.001 0.019 0.374 0.057 0.000 0.002 0.039 0.006 0.002 0.000 0.001 0.000 0.028 0.000 0.000 0.048 0.003 0.001 0.004 0.001 0.025 0.000 0.001 0.002 0.000 0.001 0.001 0.001 0.000 0.000 0.006 0.000 0.000 
14 salmon_vis 30 0.995 0.011 0.012 0.986 0.001 0.001 0.001 0.001 0.002 0.000 0.001 0.014 0.013 0.001 0.001 0.001 0.000 0.023 0.004 0.002 0.020 0.001 0.854 0.001 0.595 0.010 0.004 0.002 0.000 0.021 0.000 0.001 0.000 0.001 0.002 0.001 0.007 0.000 0.000 0.000 0.001 0.001 0.001 0.001 0.155 0.066 0.004 0.001 0.001 0.000 0.003 0.001 0.001 0.001 0.001 0.006 0.000 0.001 
15 sardine_vis 30 0.994 0.005 0.003 0.993 0.001 0.001 0.001 0.001 0.006 0.000 0.003 0.005 0.051 0.001 0.000 0.000 0.000 0.019 0.022 0.017 0.003 0.001 0.028 0.001 0.140 0.959 0.022 0.036 0.000 0.000 0.001 0.000 0.000 0.000 0.000 0.001 0.001 0.000 0.014 0.000 0.001 0.000 0.001 0.002 0.001 0.001 0.002 0.015 0.001 0.000 0.003 0.001 0.001 0.000 0.000 0.000 0.000 0.000 
16 catfish_vis 30 0.995 0.018 0.001 0.992 0.001 0.001 0.001 0.012 0.001 0.000 0.002 0.025 0.005 0.001 0.001 0.000 0.000 0.000 0.000 0.001 0.001 0.001 0.028 0.071 0.006 0.005 0.949 0.002 0.000 0.000 0.001 0.001 0.000 0.001 0.000 0.001 0.004 0.001 0.000 0.000 0.001 0.001 0.025 0.004 0.038 0.004 0.000 0.001 0.000 0.000 0.001 0.001 0.001 0.000 0.000 0.001 0.000 0.001 
17 cod_vis 30 0.994 0.001 0.005 0.993 0.005 0.001 0.001 0.001 0.001 0.000 0.001 0.001 0.004 0.003 0.000 0.000 0.001 0.004 0.000 0.001 0.110 0.001 0.006 0.170 0.023 0.008 0.001 0.968 0.027 0.001 0.001 0.001 0.006 0.001 0.000 0.001 0.000 0.006 0.001 0.000 0.042 0.002 0.000 0.005 0.001 0.003 0.001 0.001 0.013 0.000 0.001 0.000 0.001 0.000 0.000 0.001 0.000 0.000 
18 turtle_vis 30 0.994 0.012 0.001 0.003 0.963 0.001 0.001 0.001 0.001 0.001 0.003 0.000 0.001 0.014 0.001 0.007 0.008 0.000 0.000 0.000 0.002 0.001 0.001 0.013 0.000 0.000 0.001 0.036 0.894 0.001 0.018 0.052 0.006 0.014 0.000 0.001 0.000 0.001 0.001 0.001 0.002 0.001 0.000 0.001 0.000 0.000 0.000 0.001 0.012 0.001 0.000 0.000 0.000 0.000 0.001 0.001 0.001 0.001 
19 rattlesnake_vis 30 0.990 0.001 0.004 0.183 0.935 0.003 0.001 0.001 0.001 0.002 0.000 0.000 0.001 0.001 0.001 0.001 0.001 0.000 0.007 0.000 0.003 0.001 0.124 0.001 0.001 0.000 0.000 0.001 0.001 0.950 0.000 0.006 0.011 0.115 0.019 0.002 0.001 0.001 0.000 0.000 0.001 0.001 0.001 0.000 0.001 0.001 0.000 0.000 0.001 0.003 0.000 0.000 0.000 0.001 0.003 0.001 0.003 0.002 
20 crab_vis 30 0.995 0.033 0.001 0.010 0.978 0.001 0.001 0.001 0.001 0.001 0.001 0.002 0.001 0.006 0.001 0.060 0.003 0.000 0.012 0.000 0.002 0.011 0.000 0.062 0.001 0.000 0.005 0.002 0.016 0.006 0.943 0.022 0.008 0.127 0.002 0.002 0.001 0.014 0.002 0.039 0.003 0.000 0.001 0.003 0.000 0.000 0.000 0.001 0.005 0.000 0.000 0.000 0.000 0.000 0.001 0.001 0.001 0.001 
21 frog_vis 30 0.995 0.003 0.001 0.001 0.987 0.001 0.001 0.001 0.001 0.001 0.000 0.000 0.001 0.001 0.001 0.002 0.002 0.000 0.000 0.000 0.003 0.000 0.001 0.002 0.000 0.000 0.000 0.004 0.084 0.031 0.000 0.952 0.017 0.001 0.038 0.001 0.000 0.000 0.000 0.000 0.001 0.001 0.000 0.000 0.000 0.000 0.000 0.001 0.044 0.062 0.000 0.000 0.000 0.000 0.001 0.001 0.001 0.001 
22 gecko_vis 30 0.991 0.005 0.005 0.012 0.991 0.009 0.001 0.001 0.001 0.963 0.000 0.000 0.001 0.387 0.001 0.001 0.005 0.003 0.000 0.000 0.008 0.683 0.002 0.321 0.001 0.000 0.002 0.019 0.030 0.003 0.641 0.004 0.986 0.961 0.000 0.055 0.001 0.141 0.001 0.000 0.002 0.001 0.024 0.000 0.000 0.000 0.000 0.000 0.001 0.000 0.000 0.000 0.000 0.000 0.846 0.031 0.043 0.792 
23 crocodile_vis 30 0.995 0.017 0.001 0.004 0.982 0.001 0.001 0.001 0.000 0.001 0.000 0.000 0.001 0.004 0.003 0.004 0.001 0.000 0.002 0.000 0.001 0.016 0.002 0.025 0.000 0.000 0.004 0.001 0.008 0.409 0.013 0.066 0.032 0.791 0.001 0.002 0.000 0.001 0.000 0.000 0.001 0.000 0.009 0.000 0.000 0.000 0.000 0.000 0.001 0.002 0.000 0.000 0.000 0.000 0.005 0.001 0.001 0.002 
24 axe_vis 30 0.013 0.001 0.010 0.001 0.000 0.994 0.862 0.001 0.002 0.002 0.000 0.000 0.001 0.001 0.000 0.001 0.002 0.001 0.003 0.001 0.001 0.000 0.000 0.000 0.001 0.000 0.000 0.000 0.000 0.000 0.000 0.000 0.001 0.000 0.746 0.002 0.003 0.002 0.063 0.004 0.001 0.000 0.001 0.001 0.001 0.000 0.001 0.001 0.003 0.000 0.002 0.001 0.001 0.011 0.001 0.001 0.007 0.001 
25 hammer_vis 30 0.003 0.001 0.005 0.000 0.000 0.995 0.938 0.002 0.001 0.012 0.000 0.000 0.001 0.000 0.000 0.000 0.004 0.001 0.000 0.000 0.001 0.001 0.000 0.000 0.000 0.000 0.000 0.000 0.000 0.000 0.000 0.000 0.002 0.000 0.001 0.962 0.001 0.037 0.078 0.002 0.099 0.000 0.007 0.001 0.001 0.000 0.000 0.001 0.000 0.000 0.001 0.000 0.003 0.000 0.005 0.001 0.000 0.003 
26 screwdriver_vis 30 0.002 0.001 0.003 0.001 0.000 0.992 0.810 0.002 0.002 0.030 0.000 0.000 0.001 0.001 0.000 0.000 0.002 0.005 0.000 0.001 0.001 0.001 0.001 0.000 0.000 0.000 0.000 0.000 0.000 0.000 0.001 0.000 0.001 0.000 0.001 0.004 0.331 0.061 0.000 0.089 0.001 0.001 0.001 0.005 0.002 0.000 0.000 0.000 0.001 0.000 0.003 0.001 0.006 0.001 0.005 0.001 0.110 0.018 
27 chisel_vis 30 0.001 0.001 0.002 0.000 0.000 0.995 0.829 0.002 0.001 0.031 0.000 0.000 0.001 0.000 0.000 0.000 0.001 0.001 0.000 0.000 0.001 0.001 0.000 0.000 0.000 0.000 0.000 0.000 0.000 0.000 0.001 0.000 0.001 0.000 0.000 0.221 0.007 0.302 0.000 0.007 0.001 0.000 0.002 0.005 0.001 0.002 0.000 0.000 0.001 0.000 0.001 0.001 0.003 0.000 0.088 0.003 0.006 0.005 
28 saw_vis 30 0.005 0.001 0.008 0.000 0.000 0.988 0.898 0.002 0.001 0.009 0.000 0.000 0.001 0.000 0.000 0.000 0.004 0.001 0.002 0.001 0.001 0.003 0.000 0.000 0.001 0.000 0.000 0.000 0.000 0.000 0.000 0.000 0.001 0.000 0.001 0.350 0.001 0.113 0.206 0.001 0.005 0.000 0.009 0.001 0.001 0.000 0.000 0.001 0.000 0.000 0.001 0.000 0.002 0.000 0.001 0.002 0.000 0.005 
29 drill_vis 30 0.002 0.001 0.007 0.000 0.000 0.993 0.981 0.001 0.001 0.034 0.001 0.000 0.001 0.000 0.000 0.000 0.005 0.024 0.001 0.001 0.001 0.001 0.000 0.000 0.000 0.001 0.000 0.000 0.000 0.000 0.001 0.000 0.000 0.000 0.001 0.027 0.626 0.444 0.002 0.119 0.001 0.000 0.002 0.004 0.001 0.000 0.000 0.001 0.001 0.000 0.003 0.002 0.052 0.000 0.020 0.001 0.013 0.014 
30 clamp_vis 30 0.001 0.001 0.001 0.001 0.010 0.993 0.003 0.509 0.001 0.053 0.001 0.000 0.007 0.000 0.000 0.001 0.003 0.000 0.002 0.000 0.003 0.031 0.001 0.000 0.001 0.000 0.002 0.002 0.001 0.000 0.003 0.000 0.004 0.017 0.000 0.005 0.000 0.051 0.016 0.001 0.069 0.001 0.446 0.002 0.003 0.006 0.000 0.001 0.001 0.000 0.000 0.001 0.002 0.000 0.011 0.004 0.008 0.012 
31 hoe_vis 30 0.003 0.001 0.001 0.001 0.000 0.995 0.001 0.993 0.002 0.003 0.004 0.000 0.001 0.000 0.023 0.000 0.000 0.000 0.000 0.004 0.001 0.001 0.011 0.000 0.000 0.000 0.001 0.119 0.000 0.000 0.000 0.006 0.000 0.000 0.000 0.001 0.003 0.009 0.000 0.000 0.005 0.985 0.001 0.060 0.057 0.014 0.110 0.000 0.004 0.001 0.001 0.001 0.001 0.001 0.003 0.024 0.010 0.001 
32 rake_vis 30 0.001 0.001 0.011 0.001 0.008 0.995 0.044 0.040 0.001 0.984 0.000 0.000 0.002 0.000 0.000 0.001 0.006 0.001 0.009 0.000 0.001 0.322 0.001 0.000 0.001 0.000 0.002 0.000 0.000 0.000 0.041 0.000 0.022 0.023 0.000 0.018 0.002 0.246 0.156 0.004 0.004 0.001 0.938 0.001 0.014 0.001 0.000 0.001 0.001 0.000 0.001 0.001 0.003 0.000 0.241 0.009 0.017 0.965 
33 shovel_vis 30 0.001 0.001 0.001 0.001 0.000 0.995 0.002 0.986 0.002 0.007 0.016 0.000 0.002 0.000 0.000 0.000 0.002 0.000 0.000 0.001 0.001 0.004 0.001 0.000 0.000 0.000 0.001 0.045 0.000 0.000 0.009 0.000 0.000 0.000 0.000 0.001 0.001 0.070 0.000 0.004 0.022 0.013 0.004 0.963 0.003 0.011 0.000 0.000 0.004 0.000 0.001 0.011 0.008 0.000 0.016 0.004 0.011 0.001 
34 spade_vis 30 0.034 0.001 0.002 0.001 0.060 0.953 0.001 0.922 0.001 0.017 0.001 0.007 0.001 0.000 0.007 0.071 0.001 0.000 0.005 0.001 0.003 0.012 0.004 0.000 0.001 0.000 0.010 0.000 0.000 0.085 0.009 0.075 0.001 0.002 0.018 0.001 0.001 0.006 0.000 0.001 0.002 0.002 0.130 0.002 0.455 0.002 0.001 0.000 0.001 0.000 0.007 0.001 0.001 0.000 0.017 0.002 0.152 0.032 
35 wrench_vis 30 0.001 0.001 0.001 0.001 0.001 0.995 0.001 0.905 0.005 0.005 0.001 0.000 0.007 0.000 0.000 0.000 0.000 0.000 0.000 0.001 0.007 0.000 0.002 0.000 0.000 0.000 0.001 0.002 0.000 0.001 0.000 0.001 0.000 0.001 0.000 0.001 0.001 0.001 0.000 0.000 0.002 0.008 0.010 0.015 0.002 0.941 0.002 0.000 0.004 0.003 0.001 0.024 0.002 0.000 0.035 0.003 0.066 0.001 
36 accordion_vis 30 0.095 0.044 0.187 0.001 0.000 0.995 0.002 0.034 0.977 0.004 0.205 0.002 0.064 0.001 0.152 0.007 0.119 0.034 0.021 0.076 0.005 0.000 0.002 0.000 0.000 0.003 0.000 0.002 0.000 0.001 0.000 0.002 0.000 0.000 0.002 0.001 0.001 0.000 0.000 0.001 0.018 0.038 0.000 0.001 0.001 0.001 0.987 0.006 0.011 0.006 0.031 0.001 0.250 0.028 0.000 0.001 0.001 0.001 
37 cello_vis 30 0.001 0.002 0.001 0.000 0.013 0.995 0.001 0.487 0.307 0.015 0.024 0.000 0.005 0.001 0.001 0.001 0.006 0.000 0.002 0.003 0.001 0.000 0.001 0.000 0.000 0.008 0.002 0.001 0.010 0.000 0.000 0.000 0.000 0.002 0.000 0.016 0.000 0.000 0.001 0.003 0.010 0.002 0.082 0.194 0.001 0.050 0.002 0.047 0.004 0.009 0.018 0.826 0.022 0.000 0.444 0.001 0.002 0.002 
38 flute_vis 30 0.001 0.001 0.001 0.001 0.004 0.995 0.001 0.006 0.991 0.004 0.116 0.000 0.002 0.001 0.001 0.000 0.015 0.000 0.002 0.005 0.001 0.000 0.001 0.000 0.000 0.015 0.002 0.001 0.011 0.000 0.000 0.000 0.000 0.001 0.000 0.002 0.001 0.000 0.000 0.004 0.002 0.005 0.001 0.035 0.001 0.018 0.003 0.015 0.008 0.104 0.005 0.944 0.049 0.001 0.004 0.001 0.005 0.001 
39 guitar_vis 30 0.004 0.001 0.003 0.001 0.001 0.995 0.001 0.001 0.993 0.020 0.049 0.000 0.001 0.000 0.162 0.000 0.041 0.000 0.000 0.007 0.001 0.000 0.007 0.000 0.000 0.001 0.001 0.000 0.001 0.005 0.000 0.016 0.000 0.000 0.000 0.001 0.001 0.000 0.000 0.000 0.001 0.061 0.000 0.000 0.001 0.011 0.038 0.004 0.009 0.984 0.003 0.058 0.005 0.004 0.002 0.001 0.037 0.001 
40 piano_vis 30 0.001 0.002 0.001 0.001 0.004 0.995 0.002 0.036 0.994 0.033 0.407 0.001 0.002 0.001 0.018 0.001 0.028 0.000 0.003 0.070 0.001 0.000 0.002 0.000 0.000 0.041 0.014 0.000 0.009 0.001 0.001 0.000 0.000 0.001 0.000 0.002 0.005 0.000 0.000 0.129 0.001 0.019 0.015 0.170 0.005 0.009 0.003 0.029 0.007 0.088 0.276 0.987 0.313 0.001 0.005 0.001 0.008 0.004 
41 trumpet_vis 30 0.001 0.001 0.001 0.000 0.012 0.995 0.001 0.004 0.992 0.011 0.092 0.000 0.002 0.000 0.001 0.001 0.013 0.000 0.003 0.005 0.001 0.000 0.001 0.000 0.000 0.021 0.003 0.001 0.019 0.001 0.000 0.000 0.000 0.001 0.000 0.003 0.001 0.000 0.000 0.011 0.001 0.002 0.008 0.067 0.001 0.015 0.001 0.025 0.007 0.071 0.022 0.975 0.047 0.000 0.012 0.001 0.005 0.002 
42 fork_vis 30 0.001 0.001 0.003 0.000 0.001 0.995 0.002 0.111 0.083 0.653 0.020 0.000 0.001 0.001 0.002 0.000 0.013 0.002 0.004 0.002 0.001 0.079 0.001 0.000 0.000 0.002 0.002 0.001 0.001 0.000 0.001 0.000 0.001 0.001 0.000 0.002 0.002 0.006 0.000 0.007 0.006 0.001 0.084 0.011 0.001 0.002 0.000 0.001 0.001 0.004 0.021 0.111 0.095 0.001 0.028 0.017 0.004 0.045 
43 spoon_vis 30 0.036 0.001 0.001 0.000 0.001 0.995 0.002 0.000 0.003 0.984 0.004 0.000 0.000 0.001 0.579 0.000 0.002 0.006 0.000 0.000 0.001 0.000 0.028 0.000 0.000 0.000 0.005 0.001 0.000 0.000 0.000 0.045 0.005 0.000 0.001 0.001 0.004 0.001 0.000 0.000 0.001 0.003 0.000 0.000 0.000 0.001 0.028 0.000 0.001 0.019 0.000 0.000 0.179 0.899 0.001 0.121 0.009 0.006 
44 tongs_vis 30 0.001 0.001 0.002 0.000 0.012 0.995 0.008 0.011 0.001 0.989 0.000 0.000 0.001 0.000 0.000 0.000 0.024 0.001 0.000 0.000 0.001 0.004 0.000 0.000 0.000 0.000 0.000 0.001 0.001 0.000 0.000 0.000 0.064 0.001 0.000 0.486 0.001 0.009 0.004 0.001 0.478 0.001 0.111 0.001 0.001 0.001 0.000 0.002 0.001 0.000 0.000 0.001 0.017 0.000 0.259 0.005 0.005 0.045 
45 ladle_vis 30 0.002 0.001 0.001 0.000 0.000 0.995 0.001 0.008 0.001 0.991 0.000 0.000 0.001 0.001 0.002 0.000 0.000 0.001 0.000 0.000 0.001 0.000 0.016 0.000 0.000 0.000 0.001 0.001 0.000 0.000 0.000 0.002 0.010 0.000 0.000 0.001 0.004 0.026 0.000 0.000 0.001 0.012 0.000 0.000 0.001 0.178 0.001 0.000 0.001 0.005 0.000 0.000 0.012 0.028 0.008 0.922 0.037 0.001 
46 knife_vis 30 0.002 0.002 0.001 0.000 0.007 0.995 0.002 0.000 0.010 0.991 0.000 0.000 0.000 0.001 0.016 0.000 0.003 0.000 0.000 0.000 0.001 0.000 0.001 0.000 0.000 0.000 0.000 0.000 0.000 0.000 0.000 0.013 0.007 0.000 0.001 0.001 0.002 0.001 0.000 0.000 0.000 0.001 0.000 0.000 0.000 0.001 0.000 0.000 0.001 0.058 0.000 0.001 0.003 0.103 0.002 0.004 0.901 0.025 
47 chopsticks_vis 30 0.001 0.001 0.025 0.000 0.013 0.995 0.043 0.012 0.001 0.994 0.000 0.000 0.000 0.001 0.001 0.000 0.028 0.003 0.007 0.000 0.001 0.166 0.001 0.000 0.000 0.000 0.001 0.000 0.000 0.000 0.007 0.000 0.038 0.004 0.000 0.832 0.004 0.030 0.004 0.011 0.017 0.001 0.896 0.001 0.002 0.001 0.000 0.000 0.001 0.001 0.000 0.002 0.016 0.001 0.967 0.006 0.015 0.961 
