0 beaver_vis 30 0.995 0.992 0.015 0.001 0.001 0.003 0.000 0.001 0.001 0.006 0.620 0.002 0.014 0.043 0.046 0.074 0.019 0.002 0.001 0.000 0.007 0.010 0.001 0.001 0.000 0.000 0.000 0.006 0.000 0.016 0.004 0.000 0.001 0.001 0.000 0.000 0.000 0.000 0.000 0.003 0.000 0.000 0.000 0.001 0.000 0.001 0.000 0.000 0.000 0.001 0.001 0.000 0.002 0.002 0.001 0.001 0.004 0.000 
1 bear_vis 30 0.995 0.956 0.227 0.076 0.000 0.003 0.000 0.001 0.001 0.007 0.002 0.343 0.005 0.056 0.001 0.172 0.000 0.008 0.104 0.001 0.000 0.008 0.006 0.004 0.002 0.001 0.000 0.001 0.000 0.000 0.001 0.000 0.000 0.000 0.000 0.000 0.000 0.000 0.000 0.002 0.000 0.001 0.000 0.000 0.000 0.001 0.002 0.000 0.001 0.002 0.000 0.000 0.000 0.013 0.006 0.001 0.001 0.000 
2 sheep_vis 30 0.995 0.986 0.016 0.040 0.000 0.005 0.000 0.001 0.001 0.011 0.003 0.243 0.002 0.700 0.049 0.035 0.001 0.003 0.002 0.001 0.001 0.014 0.002 0.023 0.003 0.000 0.000 0.028 0.000 0.004 0.001 0.000 0.000 0.000 0.000 0.000 0.000 0.000 0.000 0.029 0.000 0.000 0.000 0.001 0.000 0.000 0.000 0.000 0.001 0.001 0.001 0.000 0.000 0.015 0.012 0.001 0.009 0.000 
3 buffalo_vis 30 0.995 0.988 0.011 0.067 0.000 0.010 0.000 0.001 0.001 0.015 0.002 0.065 0.001 0.955 0.078 0.082 0.000 0.004 0.001 0.001 0.001 0.011 0.001 0.068 0.005 0.000 0.000 0.070 0.000 0.010 0.001 0.000 0.000 0.000 0.000 0.000 0.001 0.000 0.001 0.042 0.000 0.000 0.000 0.003 0.000 0.000 0.001 0.000 0.003 0.001 0.001 0.000 0.000 0.022 0.008 0.000 0.025 0.000 
4 poodle_vis 30 0.995 0.989 0.014 0.002 0.001 0.003 0.001 0.001 0.001 0.008 0.051 0.002 0.001 0.177 0.302 0.012 0.002 0.002 0.000 0.000 0.009 0.002 0.001 0.002 0.001 0.000 0.001 0.027 0.000 0.013 0.002 0.000 0.000 0.000 0.000 0.000 0.001 0.000 0.000 0.017 0.000 0.000 0.000 0.003 0.000 0.000 0.000 0.000 0.001 0.001 0.001 0.000 0.001 0.002 0.001 0.000 0.022 0.000 
5 giraffe_vis 30 0.995 0.989 0.018 0.050 0.000 0.005 0.000 0.001 0.001 0.008 0.004 0.049 0.001 0.534 0.008 0.145 0.000 0.005 0.001 0.000 0.001 0.004 0.002 0.008 0.001 0.000 0.000 0.010 0.000 0.002 0.001 0.000 0.000 0.000 0.000 0.000 0.000 0.000 0.000 0.004 0.000 0.000 0.000 0.001 0.000 0.001 0.001 0.000 0.001 0.001 0.001 0.000 0.000 0.013 0.005 0.001 0.006 0.000 
6 robin_vis 30 0.995 0.003 0.989 0.001 0.044 0.002 0.002 0.001 0.001 0.001 0.001 0.000 0.005 0.000 0.000 0.001 0.949 0.004 0.046 0.072 0.076 0.029 0.000 0.000 0.000 0.000 0.000 0.000 0.000 0.067 0.000 0.082 0.000 0.001 0.020 0.000 0.001 0.000 0.001 0.018 0.001 0.000 0.000 0.001 0.000 0.000 0.001 0.001 0.000 0.000 0.058 0.000 0.006 0.001 0.001 0.000 0.000 0.001 
7 swan_vis 30 0.995 0.064 0.993 0.003 0.001 0.002 0.012 0.001 0.001 0.005 0.000 0.084 0.001 0.403 0.001 0.000 0.002 0.852 0.001 0.134 0.281 0.125 0.001 0.001 0.032 0.000 0.000 0.000 0.021 0.000 0.000 0.000 0.000 0.000 0.001 0.000 0.147 0.000 0.350 0.002 0.000 0.000 0.000 0.000 0.000 0.000 0.016 0.000 0.000 0.000 0.001 0.000 0.006 0.047 0.012 0.000 0.001 0.000 
8 woodpecker_vis 30 0.995 0.117 0.969 0.001 0.001 0.002 0.001 0.001 0.001 0.001 0.000 0.139 0.029 0.001 0.000 0.023 0.006 0.032 0.517 0.008 0.001 0.322 0.009 0.000 0.001 0.001 0.000 0.000 0.000 0.000 0.000 0.000 0.000 0.003 0.000 0.000 0.000 0.000 0.001 0.002 0.000 0.001 0.000 0.000 0.000 0.000 0.006 0.001 0.000 0.000 0.001 0.000 0.002 0.014 0.026 0.001 0.000 0.000 
9 peacock_vis 30 0.995 0.003 0.972 0.010 0.000 0.002 0.006 0.001 0.001 0.001 0.000 0.026 0.001 0.050 0.000 0.000 0.002 0.009 0.024 0.920 0.002 0.004 0.000 0.003 0.231 0.000 0.000 0.000 0.002 0.000 0.000 0.001 0.000 0.000 0.000 0.000 0.007 0.000 0.005 0.126 0.000 0.000 0.000 0.000 0.001 0.000 0.028 0.000 0.001 0.000 0.001 0.000 0.000 0.001 0.002 0.000 0.000 0.000 
10 crow_vis 30 0.995 0.008 0.994 0.083 0.001 0.002 0.233 0.001 0.001 0.001 0.000 0.020 0.000 0.825 0.000 0.000 0.002 0.978 0.001 0.948 0.573 0.002 0.000 0.010 0.449 0.000 0.000 0.000 0.142 0.000 0.000 0.000 0.000 0.000 0.001 0.000 0.672 0.000 0.928 0.001 0.000 0.000 0.000 0.000 0.000 0.000 0.191 0.001 0.001 0.000 0.001 0.000 0.001 0.003 0.001 0.000 0.001 0.000 
11 eagle_vis 30 0.995 0.067 0.983 0.001 0.003 0.002 0.002 0.001 0.001 0.008 0.001 0.035 0.025 0.001 0.000 0.007 0.014 0.066 0.121 0.001 0.004 0.948 0.005 0.000 0.000 0.000 0.000 0.000 0.001 0.001 0.000 0.000 0.000 0.027 0.001 0.000 0.001 0.000 0.001 0.001 0.000 0.001 0.000 0.000 0.000 0.000 0.001 0.000 0.000 0.000 0.001 0.000 0.057 0.082 0.075 0.002 0.000 0.001 
12 tuna_vis 30 0.996 0.989 0.017 0.002 0.008 0.002 0.000 0.001 0.001 0.004 0.577 0.007 0.170 0.001 0.025 0.021 0.022 0.002 0.002 0.000 0.014 0.007 0.002 0.000 0.000 0.000 0.001 0.004 0.000 0.007 0.021 0.000 0.018 0.002 0.000 0.000 0.000 0.000 0.000 0.001 0.001 0.001 0.000 0.002 0.000 0.001 0.000 0.000 0.000 0.001 0.001 0.000 0.003 0.001 0.002 0.002 0.001 0.000 
13 goldfish_vis 30 0.996 0.016 0.001 0.985 0.003 0.002 0.000 0.001 0.001 0.002 0.001 0.005 0.001 0.002 0.004 0.001 0.000 0.002 0.000 0.000 0.000 0.000 0.010 0.682 0.029 0.065 0.034 0.046 0.001 0.000 0.009 0.000 0.001 0.001 0.000 0.001 0.000 0.001 0.000 0.002 0.000 0.001 0.000 0.000 0.006 0.001 0.001 0.000 0.001 0.001 0.000 0.000 0.000 0.001 0.001 0.000 0.001 0.000 
14 salmon_vis 30 0.996 0.357 0.002 0.163 0.033 0.002 0.000 0.001 0.001 0.002 0.003 0.002 0.003 0.009 0.365 0.000 0.000 0.001 0.000 0.000 0.004 0.000 0.001 0.001 0.003 0.000 0.178 0.392 0.001 0.150 0.027 0.000 0.001 0.000 0.000 0.000 0.001 0.001 0.000 0.033 0.000 0.000 0.000 0.144 0.000 0.000 0.000 0.000 0.002 0.000 0.001 0.000 0.000 0.000 0.001 0.000 0.007 0.000 
15 sardine_vis 30 0.996 0.005 0.001 0.976 0.010 0.002 0.000 0.005 0.001 0.002 0.001 0.010 0.003 0.001 0.003 0.019 0.000 0.001 0.043 0.000 0.001 0.000 0.033 0.200 0.028 0.783 0.012 0.005 0.001 0.001 0.006 0.012 0.005 0.001 0.000 0.001 0.000 0.001 0.000 0.001 0.000 0.004 0.007 0.000 0.092 0.001 0.002 0.000 0.001 0.002 0.001 0.000 0.000 0.000 0.001 0.000 0.001 0.000 
16 catfish_vis 30 0.996 0.014 0.001 0.963 0.138 0.002 0.001 0.001 0.001 0.003 0.001 0.001 0.003 0.003 0.059 0.001 0.000 0.002 0.000 0.003 0.002 0.000 0.017 0.008 0.645 0.002 0.214 0.076 0.027 0.002 0.098 0.004 0.056 0.001 0.000 0.004 0.001 0.027 0.000 0.007 0.000 0.000 0.000 0.006 0.001 0.001 0.004 0.000 0.008 0.001 0.001 0.000 0.001 0.000 0.001 0.000 0.002 0.000 
17 cod_vis 30 0.996 0.007 0.001 0.987 0.005 0.002 0.001 0.006 0.001 0.002 0.001 0.001 0.001 0.092 0.004 0.039 0.000 0.001 0.000 0.221 0.000 0.000 0.025 0.302 0.889 0.001 0.014 0.276 0.002 0.076 0.008 0.014 0.001 0.001 0.000 0.002 0.001 0.001 0.000 0.043 0.000 0.001 0.000 0.501 0.002 0.001 0.041 0.000 0.279 0.002 0.001 0.000 0.000 0.000 0.001 0.001 0.001 0.000 
18 turtle_vis 30 0.996 0.001 0.018 0.020 0.990 0.002 0.002 0.001 0.001 0.005 0.001 0.000 0.002 0.001 0.028 0.000 0.001 0.180 0.000 0.000 0.214 0.001 0.006 0.000 0.009 0.000 0.035 0.008 0.931 0.001 0.831 0.000 0.076 0.008 0.000 0.011 0.039 0.141 0.001 0.001 0.000 0.000 0.001 0.000 0.000 0.003 0.000 0.001 0.001 0.001 0.009 0.001 0.017 0.001 0.002 0.001 0.009 0.003 
19 rattlesnake_vis 30 0.995 0.001 0.002 0.001 0.993 0.002 0.001 0.001 0.001 0.003 0.001 0.000 0.041 0.000 0.000 0.000 0.009 0.001 0.000 0.000 0.001 0.063 0.022 0.000 0.000 0.001 0.000 0.000 0.001 0.052 0.073 0.004 0.084 0.883 0.002 0.001 0.000 0.001 0.000 0.001 0.004 0.004 0.040 0.000 0.000 0.001 0.000 0.001 0.000 0.001 0.004 0.001 0.080 0.001 0.007 0.006 0.000 0.039 
20 crab_vis 30 0.996 0.005 0.003 0.001 0.977 0.002 0.001 0.001 0.001 0.006 0.001 0.000 0.005 0.001 0.014 0.000 0.001 0.002 0.000 0.000 0.009 0.003 0.001 0.000 0.001 0.000 0.004 0.002 0.032 0.013 0.098 0.000 0.001 0.009 0.000 0.001 0.001 0.006 0.000 0.026 0.000 0.001 0.001 0.000 0.000 0.000 0.000 0.000 0.000 0.000 0.004 0.000 0.012 0.001 0.002 0.000 0.002 0.001 
21 frog_vis 30 0.996 0.001 0.016 0.001 0.980 0.002 0.001 0.001 0.001 0.001 0.001 0.000 0.002 0.000 0.000 0.000 0.012 0.001 0.000 0.002 0.002 0.001 0.001 0.000 0.005 0.002 0.006 0.000 0.029 0.021 0.002 0.543 0.010 0.019 0.003 0.001 0.001 0.001 0.000 0.016 0.003 0.000 0.006 0.001 0.000 0.000 0.000 0.002 0.000 0.000 0.022 0.001 0.001 0.000 0.001 0.001 0.000 0.002 
22 gecko_vis 30 0.996 0.002 0.002 0.001 0.991 0.002 0.001 0.001 0.001 0.003 0.001 0.000 0.032 0.000 0.001 0.000 0.004 0.001 0.000 0.000 0.001 0.028 0.013 0.000 0.000 0.001 0.001 0.001 0.002 0.030 0.052 0.002 0.023 0.638 0.001 0.000 0.000 0.001 0.000 0.002 0.001 0.003 0.015 0.000 0.000 0.001 0.000 0.000 0.000 0.001 0.002 0.000 0.047 0.001 0.005 0.003 0.000 0.010 
23 crocodile_vis 30 0.996 0.001 0.002 0.001 0.992 0.002 0.001 0.001 0.001 0.004 0.001 0.000 0.062 0.000 0.000 0.000 0.008 0.002 0.000 0.000 0.001 0.079 0.028 0.000 0.000 0.001 0.000 0.000 0.002 0.038 0.095 0.003 0.098 0.910 0.001 0.000 0.000 0.001 0.000 0.001 0.003 0.005 0.042 0.000 0.000 0.001 0.000 0.001 0.000 0.001 0.002 0.001 0.094 0.001 0.008 0.006 0.000 0.045 
24 axe_vis 30 0.004 0.003 0.038 0.001 0.001 0.996 0.811 0.001 0.968 0.002 0.000 0.000 0.000 0.007 0.095 0.000 0.010 0.001 0.000 0.029 0.188 0.000 0.000 0.006 0.001 0.000 0.014 0.000 0.005 0.001 0.000 0.000 0.000 0.000 0.286 0.016 0.084 0.003 0.006 0.003 0.000 0.000 0.000 0.003 0.000 0.000 0.001 0.000 0.699 0.001 0.969 0.000 0.001 0.000 0.000 0.000 0.326 0.001 
25 hammer_vis 30 0.005 0.000 0.000 0.004 0.004 0.996 0.992 0.004 0.089 0.032 0.000 0.000 0.000 0.001 0.007 0.000 0.000 0.001 0.000 0.003 0.008 0.000 0.000 0.000 0.027 0.000 0.016 0.001 0.076 0.001 0.003 0.001 0.000 0.000 0.002 0.765 0.936 0.175 0.004 0.011 0.066 0.000 0.003 0.007 0.009 0.078 0.000 0.001 0.006 0.000 0.002 0.002 0.001 0.000 0.122 0.001 0.025 0.002 
26 screwdriver_vis 30 0.003 0.001 0.001 0.001 0.001 0.997 0.904 0.001 0.160 0.098 0.000 0.000 0.000 0.002 0.019 0.000 0.001 0.000 0.000 0.002 0.023 0.000 0.000 0.000 0.001 0.000 0.002 0.000 0.001 0.001 0.000 0.000 0.000 0.000 0.003 0.062 0.186 0.001 0.004 0.064 0.001 0.000 0.000 0.001 0.000 0.000 0.000 0.000 0.041 0.000 0.687 0.000 0.000 0.001 0.001 0.000 0.098 0.002 
27 chisel_vis 30 0.003 0.006 0.000 0.001 0.001 0.997 0.016 0.001 0.001 0.981 0.000 0.000 0.000 0.001 0.049 0.000 0.000 0.000 0.000 0.000 0.002 0.000 0.000 0.000 0.000 0.000 0.000 0.002 0.000 0.002 0.001 0.000 0.000 0.000 0.003 0.001 0.116 0.003 0.001 0.017 0.002 0.000 0.000 0.007 0.000 0.001 0.000 0.000 0.011 0.000 0.047 0.000 0.001 0.001 0.006 0.001 0.739 0.003 
28 saw_vis 30 0.007 0.001 0.005 0.001 0.002 0.995 0.994 0.001 0.023 0.047 0.000 0.000 0.000 0.004 0.021 0.000 0.001 0.001 0.000 0.067 0.122 0.000 0.000 0.000 0.015 0.000 0.004 0.000 0.051 0.001 0.001 0.001 0.000 0.000 0.009 0.327 0.984 0.053 0.132 0.125 0.021 0.000 0.001 0.003 0.006 0.009 0.000 0.000 0.005 0.000 0.010 0.000 0.001 0.000 0.121 0.000 0.040 0.001 
29 drill_vis 30 0.004 0.001 0.001 0.001 0.001 0.996 0.993 0.001 0.016 0.073 0.000 0.000 0.000 0.001 0.004 0.000 0.000 0.001 0.000 0.011 0.006 0.001 0.000 0.000 0.019 0.000 0.003 0.000 0.015 0.001 0.001 0.001 0.000 0.000 0.002 0.188 0.947 0.048 0.002 0.143 0.108 0.001 0.001 0.001 0.008 0.006 0.000 0.001 0.002 0.000 0.002 0.000 0.002 0.000 0.231 0.000 0.012 0.002 
30 clamp_vis 30 0.003 0.000 0.000 0.001 0.002 0.997 0.027 0.993 0.001 0.008 0.000 0.000 0.000 0.000 0.000 0.000 0.000 0.000 0.000 0.000 0.000 0.000 0.001 0.001 0.000 0.000 0.005 0.010 0.000 0.044 0.001 0.001 0.000 0.001 0.035 0.080 0.000 0.003 0.000 0.167 0.062 0.003 0.086 0.976 0.000 0.008 0.000 0.000 0.044 0.000 0.003 0.001 0.000 0.000 0.005 0.002 0.005 0.003 
31 hoe_vis 30 0.003 0.002 0.000 0.001 0.001 0.997 0.001 0.007 0.025 0.971 0.000 0.000 0.000 0.001 0.000 0.035 0.000 0.001 0.000 0.000 0.000 0.001 0.009 0.000 0.000 0.000 0.000 0.001 0.000 0.001 0.001 0.000 0.000 0.001 0.008 0.000 0.000 0.002 0.000 0.000 0.023 0.010 0.001 0.005 0.001 0.004 0.000 0.013 0.002 0.151 0.000 0.000 0.001 0.016 0.008 0.981 0.024 0.002 
32 rake_vis 30 0.004 0.001 0.000 0.001 0.004 0.996 0.004 0.274 0.001 0.824 0.000 0.003 0.003 0.000 0.000 0.000 0.000 0.001 0.003 0.000 0.000 0.023 0.002 0.000 0.000 0.000 0.000 0.001 0.000 0.004 0.001 0.000 0.000 0.021 0.004 0.001 0.000 0.001 0.001 0.014 0.003 0.013 0.426 0.004 0.011 0.004 0.000 0.000 0.000 0.000 0.000 0.001 0.004 0.000 0.667 0.002 0.001 0.048 
33 shovel_vis 30 0.003 0.001 0.000 0.001 0.001 0.997 0.018 0.990 0.001 0.020 0.000 0.000 0.000 0.000 0.000 0.001 0.000 0.000 0.000 0.000 0.000 0.000 0.001 0.000 0.000 0.000 0.002 0.014 0.000 0.030 0.001 0.000 0.000 0.001 0.061 0.021 0.000 0.007 0.000 0.146 0.053 0.010 0.041 0.966 0.000 0.014 0.000 0.000 0.033 0.001 0.001 0.001 0.000 0.000 0.004 0.007 0.011 0.002 
34 spade_vis 30 0.003 0.001 0.000 0.001 0.001 0.996 0.012 0.119 0.001 0.888 0.000 0.047 0.001 0.000 0.000 0.000 0.000 0.001 0.008 0.000 0.000 0.012 0.004 0.000 0.000 0.000 0.000 0.000 0.000 0.001 0.000 0.000 0.000 0.004 0.001 0.000 0.001 0.001 0.002 0.003 0.001 0.086 0.013 0.000 0.433 0.002 0.000 0.001 0.000 0.001 0.000 0.000 0.016 0.001 0.938 0.006 0.000 0.003 
35 wrench_vis 30 0.003 0.062 0.001 0.001 0.001 0.996 0.001 0.013 0.760 0.390 0.001 0.034 0.000 0.005 0.000 0.088 0.000 0.027 0.001 0.000 0.000 0.000 0.004 0.001 0.000 0.001 0.000 0.003 0.000 0.001 0.001 0.000 0.000 0.001 0.002 0.000 0.000 0.001 0.001 0.000 0.000 0.007 0.001 0.001 0.000 0.113 0.002 0.001 0.003 0.982 0.001 0.002 0.008 0.107 0.000 0.033 0.025 0.002 
36 accordion_vis 30 0.003 0.001 0.005 0.001 0.000 0.996 0.006 0.015 0.584 0.015 0.000 0.001 0.000 0.018 0.000 0.001 0.000 0.008 0.001 0.014 0.000 0.000 0.001 0.003 0.001 0.000 0.000 0.000 0.000 0.001 0.000 0.000 0.000 0.000 0.014 0.001 0.002 0.000 0.003 0.007 0.000 0.000 0.003 0.001 0.001 0.001 0.201 0.002 0.770 0.005 0.013 0.000 0.000 0.022 0.000 0.001 0.010 0.001 
37 cello_vis 30 0.004 0.002 0.016 0.001 0.001 0.996 0.881 0.001 0.989 0.103 0.000 0.000 0.000 0.036 0.006 0.000 0.002 0.007 0.000 0.009 0.118 0.000 0.001 0.000 0.004 0.001 0.001 0.000 0.001 0.001 0.000 0.001 0.000 0.000 0.009 0.511 0.651 0.000 0.004 0.003 0.001 0.000 0.005 0.001 0.000 0.001 0.192 0.021 0.430 0.002 0.925 0.001 0.000 0.006 0.000 0.001 0.209 0.086 
38 flute_vis 30 0.003 0.000 0.000 0.003 0.000 0.996 0.036 0.001 0.621 0.001 0.000 0.000 0.000 0.011 0.001 0.000 0.000 0.001 0.000 0.003 0.000 0.000 0.001 0.007 0.003 0.000 0.003 0.001 0.000 0.000 0.000 0.000 0.000 0.000 0.009 0.039 0.001 0.001 0.002 0.017 0.000 0.000 0.004 0.006 0.001 0.001 0.034 0.001 0.899 0.001 0.150 0.000 0.000 0.001 0.000 0.001 0.019 0.001 
39 guitar_vis 30 0.003 0.002 0.001 0.001 0.000 0.996 0.007 0.014 0.499 0.060 0.000 0.001 0.000 0.004 0.000 0.004 0.000 0.003 0.000 0.007 0.000 0.000 0.002 0.000 0.004 0.000 0.000 0.001 0.000 0.001 0.001 0.000 0.000 0.000 0.021 0.002 0.001 0.000 0.001 0.012 0.000 0.001 0.002 0.016 0.001 0.005 0.060 0.001 0.820 0.038 0.002 0.000 0.000 0.019 0.000 0.005 0.020 0.002 
40 piano_vis 30 0.004 0.002 0.008 0.001 0.001 0.995 0.711 0.001 0.953 0.004 0.000 0.000 0.000 0.020 0.071 0.000 0.002 0.001 0.000 0.002 0.153 0.000 0.000 0.012 0.001 0.000 0.013 0.000 0.003 0.001 0.000 0.000 0.000 0.000 0.005 0.516 0.030 0.000 0.016 0.001 0.000 0.000 0.001 0.000 0.000 0.000 0.011 0.002 0.279 0.001 0.979 0.000 0.001 0.002 0.000 0.000 0.176 0.003 
41 trumpet_vis 30 0.005 0.001 0.001 0.003 0.001 0.996 0.021 0.003 0.994 0.089 0.001 0.000 0.000 0.001 0.000 0.001 0.002 0.005 0.000 0.000 0.002 0.000 0.004 0.000 0.002 0.002 0.000 0.001 0.000 0.001 0.001 0.002 0.017 0.001 0.001 0.002 0.069 0.002 0.001 0.000 0.165 0.000 0.002 0.001 0.002 0.010 0.009 0.976 0.004 0.011 0.070 0.108 0.000 0.002 0.001 0.006 0.007 0.163 
42 fork_vis 30 0.004 0.002 0.002 0.001 0.001 0.996 0.001 0.001 0.100 0.987 0.000 0.010 0.000 0.001 0.000 0.001 0.000 0.001 0.011 0.000 0.000 0.007 0.010 0.000 0.000 0.000 0.000 0.000 0.000 0.004 0.001 0.000 0.000 0.003 0.002 0.000 0.001 0.000 0.001 0.000 0.000 0.001 0.000 0.000 0.006 0.001 0.025 0.474 0.000 0.123 0.001 0.000 0.151 0.904 0.012 0.043 0.010 0.008 
43 spoon_vis 30 0.003 0.004 0.001 0.001 0.001 0.997 0.002 0.001 0.001 0.983 0.000 0.000 0.000 0.089 0.000 0.000 0.000 0.001 0.000 0.000 0.000 0.001 0.001 0.000 0.000 0.000 0.000 0.001 0.000 0.002 0.001 0.000 0.000 0.001 0.017 0.000 0.010 0.000 0.001 0.076 0.000 0.000 0.000 0.400 0.000 0.001 0.002 0.000 0.398 0.001 0.003 0.000 0.001 0.054 0.002 0.029 0.907 0.003 
44 tongs_vis 30 0.004 0.001 0.000 0.001 0.003 0.996 0.018 0.008 0.001 0.993 0.000 0.004 0.006 0.000 0.000 0.000 0.000 0.001 0.001 0.000 0.000 0.022 0.006 0.000 0.000 0.000 0.000 0.000 0.000 0.002 0.001 0.000 0.000 0.015 0.003 0.000 0.003 0.002 0.000 0.016 0.016 0.012 0.008 0.001 0.017 0.002 0.000 0.003 0.000 0.000 0.000 0.001 0.078 0.001 0.967 0.031 0.001 0.085 
45 ladle_vis 30 0.002 0.003 0.001 0.001 0.000 0.997 0.001 0.001 0.006 0.977 0.000 0.001 0.000 0.001 0.000 0.004 0.000 0.001 0.001 0.000 0.000 0.001 0.002 0.000 0.000 0.000 0.000 0.000 0.000 0.001 0.001 0.000 0.000 0.001 0.014 0.000 0.001 0.001 0.001 0.000 0.024 0.021 0.000 0.001 0.001 0.002 0.000 0.002 0.002 0.028 0.001 0.000 0.001 0.031 0.009 0.950 0.013 0.003 
46 knife_vis 30 0.002 0.003 0.001 0.001 0.000 0.997 0.001 0.001 0.003 0.925 0.001 0.000 0.000 0.007 0.000 0.000 0.001 0.001 0.000 0.000 0.000 0.000 0.000 0.000 0.000 0.000 0.000 0.002 0.000 0.007 0.001 0.000 0.000 0.000 0.005 0.000 0.003 0.009 0.001 0.003 0.568 0.001 0.000 0.069 0.000 0.001 0.000 0.000 0.010 0.003 0.002 0.000 0.001 0.008 0.001 0.583 0.441 0.017 
47 chopsticks_vis 30 0.004 0.003 0.000 0.001 0.005 0.996 0.032 0.001 0.001 0.994 0.000 0.000 0.033 0.000 0.000 0.000 0.003 0.001 0.000 0.000 0.001 0.007 0.002 0.000 0.000 0.000 0.000 0.000 0.000 0.005 0.002 0.000 0.000 0.025 0.008 0.000 0.003 0.009 0.001 0.142 0.079 0.006 0.009 0.001 0.003 0.001 0.000 0.003 0.000 0.001 0.001 0.001 0.280 0.007 0.695 0.068 0.011 0.707 
0 beaver_vis 30 0.994 0.992 0.008 0.041 0.000 0.202 0.000 0.001 0.001 0.069 0.004 0.040 0.001 0.977 0.170 0.113 0.000 0.002 0.002 0.002 0.001 0.002 0.002 0.072 0.005 0.000 0.000 0.071 0.000 0.027 0.001 0.000 0.000 0.000 0.000 0.000 0.000 0.000 0.000 0.032 0.000 0.000 0.000 0.002 0.000 0.001 0.004 0.000 0.019 0.003 0.002 0.000 0.000 0.133 0.001 0.001 0.155 0.000 
1 bear_vis 30 0.995 0.993 0.008 0.093 0.000 0.015 0.000 0.001 0.001 0.017 0.005 0.020 0.000 0.786 0.013 0.084 0.000 0.006 0.000 0.000 0.001 0.000 0.002 0.010 0.002 0.000 0.000 0.019 0.000 0.001 0.001 0.000 0.000 0.000 0.000 0.000 0.000 0.000 0.000 0.001 0.000 0.000 0.000 0.001 0.000 0.001 0.003 0.000 0.010 0.007 0.001 0.000 0.000 0.054 0.000 0.001 0.028 0.000 
2 sheep_vis 30 0.995 0.988 0.007 0.061 0.000 0.034 0.000 0.001 0.001 0.032 0.003 0.066 0.001 0.963 0.119 0.105 0.000 0.003 0.001 0.002 0.000 0.010 0.002 0.089 0.006 0.000 0.000 0.095 0.000 0.016 0.001 0.000 0.001 0.000 0.000 0.000 0.000 0.000 0.000 0.047 0.000 0.000 0.000 0.003 0.000 0.001 0.002 0.000 0.008 0.002 0.001 0.000 0.000 0.061 0.006 0.001 0.061 0.000 
3 buffalo_vis 30 0.994 0.993 0.040 0.238 0.000 0.693 0.000 0.001 0.001 0.440 0.029 0.089 0.001 0.992 0.492 0.236 0.000 0.013 0.001 0.002 0.002 0.000 0.003 0.271 0.013 0.000 0.000 0.163 0.000 0.005 0.001 0.000 0.000 0.000 0.000 0.000 0.001 0.000 0.001 0.002 0.000 0.000 0.000 0.001 0.000 0.001 0.035 0.000 0.211 0.015 0.036 0.000 0.000 0.670 0.000 0.001 0.768 0.000 
4 poodle_vis 30 0.995 0.990 0.010 0.075 0.000 0.031 0.000 0.001 0.001 0.033 0.004 0.054 0.001 0.971 0.155 0.112 0.000 0.003 0.001 0.002 0.001 0.010 0.002 0.104 0.005 0.000 0.000 0.113 0.000 0.018 0.001 0.000 0.000 0.000 0.000 0.000 0.001 0.000 0.001 0.039 0.000 0.000 0.000 0.004 0.000 0.001 0.001 0.000 0.008 0.002 0.001 0.000 0.000 0.048 0.006 0.001 0.075 0.000 
5 giraffe_vis 30 0.995 0.977 0.003 0.882 0.000 0.024 0.000 0.001 0.001 0.034 0.004 0.072 0.000 0.651 0.028 0.068 0.000 0.009 0.000 0.000 0.000 0.000 0.024 0.043 0.026 0.000 0.001 0.263 0.000 0.003 0.005 0.000 0.000 0.000 0.000 0.000 0.000 0.000 0.000 0.003 0.000 0.000 0.000 0.001 0.000 0.001 0.005 0.000 0.052 0.017 0.002 0.000 0.000 0.072 0.005 0.001 0.084 0.000 
6 robin_vis 30 0.994 0.007 0.989 0.001 0.001 0.003 0.001 0.001 0.002 0.002 0.001 0.013 0.005 0.001 0.000 0.015 0.078 0.030 0.455 0.117 0.002 0.614 0.002 0.000 0.001 0.001 0.000 0.000 0.000 0.001 0.000 0.009 0.000 0.002 0.002 0.000 0.001 0.000 0.001 0.005 0.000 0.001 0.000 0.000 0.000 0.000 0.044 0.002 0.000 0.001 0.003 0.000 0.006 0.024 0.020 0.001 0.000 0.001 
7 swan_vis 30 0.995 0.898 0.989 0.001 0.000 0.007 0.001 0.001 0.001 0.320 0.003 0.009 0.000 0.972 0.006 0.002 0.001 0.819 0.000 0.001 0.510 0.001 0.001 0.001 0.001 0.000 0.000 0.000 0.002 0.000 0.002 0.000 0.000 0.000 0.000 0.000 0.033 0.000 0.103 0.000 0.000 0.000 0.000 0.000 0.000 0.000 0.029 0.000 0.011 0.004 0.034 0.000 0.002 0.888 0.000 0.001 0.453 0.001 
8 woodpecker_vis 30 0.995 0.977 0.263 0.005 0.000 0.003 0.000 0.001 0.001 0.006 0.001 0.929 0.316 0.002 0.000 0.140 0.001 0.020 0.367 0.001 0.001 0.241 0.139 0.000 0.001 0.001 0.000 0.000 0.000 0.000 0.000 0.000 0.001 0.006 0.000 0.000 0.000 0.000 0.000 0.001 0.000 0.007 0.000 0.000 0.000 0.000 0.002 0.001 0.000 0.001 0.001 0.000 0.001 0.048 0.100 0.004 0.000 0.000 
9 peacock_vis 30 0.995 0.025 0.867 0.087 0.000 0.003 0.002 0.001 0.001 0.001 0.000 0.134 0.001 0.124 0.000 0.001 0.001 0.008 0.024 0.826 0.001 0.003 0.001 0.011 0.351 0.000 0.000 0.000 0.001 0.000 0.000 0.000 0.000 0.000 0.000 0.000 0.004 0.000 0.004 0.120 0.000 0.000 0.000 0.000 0.001 0.000 0.017 0.000 0.002 0.000 0.001 0.000 0.000 0.002 0.002 0.000 0.000 0.000 
10 crow_vis 30 0.994 0.613 0.980 0.001 0.000 0.010 0.001 0.001 0.003 0.322 0.000 0.045 0.001 0.609 0.002 0.000 0.001 0.372 0.000 0.002 0.348 0.002 0.001 0.000 0.001 0.000 0.000 0.000 0.002 0.000 0.001 0.000 0.000 0.000 0.000 0.000 0.020 0.000 0.061 0.001 0.000 0.000 0.000 0.000 0.000 0.000 0.022 0.001 0.003 0.001 0.021 0.000 0.002 0.880 0.000 0.000 0.062 0.001 
11 eagle_vis 30 0.995 0.950 0.125 0.001 0.002 0.003 0.001 0.001 0.001 0.013 0.024 0.118 0.654 0.012 0.007 0.007 0.008 0.006 0.019 0.001 0.009 0.153 0.005 0.000 0.000 0.000 0.000 0.000 0.000 0.001 0.005 0.000 0.008 0.016 0.000 0.000 0.001 0.000 0.001 0.003 0.000 0.003 0.000 0.000 0.000 0.000 0.000 0.000 0.000 0.001 0.001 0.000 0.011 0.012 0.015 0.002 0.001 0.001 
12 tuna_vis 30 0.996 0.257 0.000 0.648 0.029 0.002 0.000 0.001 0.001 0.002 0.001 0.260 0.023 0.002 0.001 0.108 0.000 0.006 0.004 0.000 0.000 0.016 0.937 0.001 0.007 0.007 0.001 0.026 0.000 0.001 0.011 0.000 0.034 0.065 0.000 0.001 0.000 0.000 0.000 0.001 0.000 0.034 0.004 0.000 0.001 0.003 0.001 0.001 0.001 0.013 0.000 0.000 0.000 0.009 0.155 0.026 0.001 0.000 
13 goldfish_vis 30 0.996 0.016 0.000 0.993 0.002 0.002 0.000 0.001 0.001 0.002 0.000 0.019 0.000 0.007 0.001 0.002 0.000 0.003 0.000 0.000 0.000 0.000 0.059 0.619 0.148 0.019 0.032 0.075 0.001 0.000 0.010 0.000 0.001 0.000 0.000 0.001 0.000 0.001 0.000 0.002 0.000 0.001 0.000 0.001 0.007 0.003 0.001 0.000 0.004 0.005 0.000 0.000 0.000 0.001 0.002 0.001 0.001 0.000 
14 salmon_vis 30 0.996 0.038 0.001 0.962 0.010 0.002 0.000 0.001 0.001 0.001 0.001 0.003 0.000 0.015 0.009 0.001 0.000 0.003 0.000 0.000 0.000 0.000 0.020 0.013 0.020 0.001 0.451 0.193 0.001 0.004 0.005 0.000 0.001 0.000 0.000 0.001 0.000 0.001 0.000 0.010 0.000 0.000 0.000 0.002 0.000 0.001 0.000 0.000 0.002 0.001 0.001 0.000 0.000 0.001 0.002 0.000 0.001 0.000 
15 sardine_vis 30 0.995 0.004 0.000 0.991 0.003 0.002 0.000 0.001 0.001 0.001 0.000 0.004 0.000 0.002 0.001 0.001 0.000 0.001 0.000 0.000 0.000 0.000 0.015 0.780 0.083 0.026 0.041 0.033 0.001 0.001 0.005 0.000 0.001 0.001 0.000 0.001 0.000 0.001 0.000 0.002 0.000 0.001 0.001 0.000 0.010 0.001 0.001 0.000 0.003 0.002 0.001 0.000 0.000 0.001 0.001 0.001 0.001 0.000 
16 catfish_vis 30 0.996 0.077 0.002 0.985 0.531 0.002 0.000 0.001 0.002 0.003 0.001 0.002 0.002 0.023 0.149 0.000 0.000 0.083 0.000 0.002 0.008 0.000 0.062 0.046 0.768 0.019 0.905 0.317 0.454 0.001 0.460 0.001 0.889 0.001 0.000 0.104 0.004 0.125 0.001 0.001 0.000 0.000 0.001 0.001 0.000 0.006 0.001 0.001 0.039 0.002 0.002 0.003 0.000 0.000 0.001 0.001 0.003 0.001 
17 cod_vis 30 0.995 0.025 0.000 0.990 0.003 0.002 0.000 0.002 0.001 0.001 0.000 0.003 0.000 0.051 0.001 0.016 0.000 0.003 0.000 0.001 0.000 0.000 0.095 0.034 0.333 0.001 0.002 0.641 0.001 0.023 0.010 0.000 0.001 0.001 0.000 0.001 0.000 0.001 0.000 0.009 0.000 0.001 0.000 0.077 0.000 0.004 0.002 0.000 0.022 0.008 0.000 0.000 0.000 0.001 0.003 0.001 0.001 0.000 
18 turtle_vis 30 0.996 0.001 0.025 0.029 0.990 0.002 0.001 0.001 0.001 0.005 0.001 0.000 0.001 0.001 0.025 0.000 0.001 0.158 0.000 0.000 0.174 0.001 0.005 0.000 0.017 0.001 0.043 0.015 0.926 0.002 0.646 0.001 0.088 0.005 0.000 0.014 0.035 0.089 0.001 0.001 0.000 0.000 0.001 0.001 0.000 0.004 0.000 0.001 0.001 0.001 0.014 0.001 0.010 0.001 0.001 0.001 0.013 0.003 
19 rattlesnake_vis 30 0.995 0.001 0.001 0.001 0.992 0.003 0.001 0.003 0.005 0.017 0.024 0.000 0.001 0.000 0.000 0.003 0.124 0.001 0.000 0.000 0.000 0.078 0.007 0.000 0.000 0.001 0.000 0.003 0.001 0.960 0.096 0.006 0.007 0.718 0.002 0.001 0.000 0.000 0.000 0.001 0.011 0.001 0.049 0.013 0.000 0.002 0.000 0.003 0.000 0.004 0.176 0.002 0.048 0.003 0.002 0.011 0.006 0.076 
20 crab_vis 30 0.996 0.011 0.001 0.015 0.947 0.002 0.000 0.001 0.001 0.004 0.001 0.000 0.003 0.001 0.044 0.000 0.000 0.001 0.000 0.000 0.003 0.000 0.005 0.000 0.002 0.000 0.037 0.045 0.028 0.008 0.158 0.002 0.003 0.002 0.000 0.001 0.001 0.010 0.000 0.039 0.000 0.000 0.001 0.000 0.000 0.001 0.000 0.000 0.001 0.001 0.004 0.000 0.001 0.001 0.001 0.001 0.003 0.001 
21 frog_vis 30 0.995 0.001 0.001 0.001 0.984 0.003 0.001 0.001 0.022 0.002 0.001 0.000 0.000 0.000 0.002 0.000 0.054 0.001 0.000 0.000 0.001 0.003 0.001 0.000 0.001 0.001 0.003 0.006 0.008 0.963 0.009 0.026 0.003 0.010 0.001 0.002 0.000 0.000 0.000 0.025 0.001 0.000 0.005 0.110 0.000 0.001 0.001 0.002 0.002 0.002 0.693 0.001 0.002 0.001 0.000 0.001 0.029 0.005 
22 gecko_vis 30 0.995 0.004 0.001 0.002 0.985 0.002 0.000 0.001 0.001 0.003 0.001 0.000 0.007 0.000 0.001 0.000 0.001 0.001 0.000 0.000 0.002 0.002 0.007 0.000 0.001 0.001 0.003 0.003 0.005 0.021 0.048 0.001 0.012 0.052 0.000 0.001 0.000 0.002 0.000 0.010 0.000 0.001 0.002 0.000 0.000 0.001 0.000 0.000 0.001 0.002 0.005 0.001 0.008 0.001 0.002 0.001 0.001 0.003 
23 crocodile_vis 30 0.995 0.002 0.001 0.001 0.992 0.002 0.000 0.001 0.001 0.004 0.002 0.000 0.028 0.000 0.001 0.000 0.007 0.001 0.000 0.000 0.001 0.050 0.020 0.000 0.000 0.001 0.001 0.001 0.001 0.069 0.095 0.002 0.079 0.843 0.001 0.001 0.000 0.001 0.000 0.001 0.003 0.003 0.034 0.000 0.000 0.001 0.000 0.001 0.000 0.001 0.008 0.001 0.064 0.001 0.005 0.006 0.001 0.036 
24 axe_vis 30 0.003 0.000 0.004 0.010 0.000 0.997 0.038 0.002 0.982 0.001 0.000 0.002 0.000 0.129 0.000 0.000 0.000 0.001 0.000 0.025 0.001 0.000 0.000 0.328 0.006 0.000 0.000 0.001 0.001 0.000 0.000 0.000 0.000 0.000 0.028 0.024 0.003 0.001 0.013 0.001 0.000 0.000 0.001 0.001 0.001 0.001 0.323 0.000 0.971 0.013 0.030 0.000 0.000 0.002 0.000 0.000 0.049 0.000 
25 hammer_vis 30 0.004 0.000 0.000 0.003 0.003 0.997 0.139 0.993 0.005 0.002 0.000 0.000 0.000 0.000 0.001 0.000 0.000 0.000 0.000 0.000 0.000 0.000 0.001 0.005 0.001 0.000 0.018 0.039 0.000 0.004 0.001 0.001 0.000 0.001 0.022 0.251 0.001 0.019 0.000 0.010 0.052 0.001 0.035 0.988 0.000 0.039 0.000 0.000 0.155 0.000 0.003 0.002 0.000 0.000 0.001 0.002 0.017 0.002 
26 screwdriver_vis 30 0.002 0.003 0.001 0.001 0.000 0.997 0.015 0.039 0.040 0.115 0.000 0.000 0.000 0.004 0.006 0.000 0.000 0.001 0.000 0.000 0.001 0.000 0.000 0.002 0.001 0.000 0.000 0.021 0.000 0.001 0.000 0.000 0.000 0.000 0.005 0.004 0.011 0.001 0.002 0.003 0.000 0.000 0.002 0.087 0.000 0.001 0.001 0.000 0.671 0.002 0.026 0.000 0.000 0.001 0.000 0.001 0.364 0.001 
27 chisel_vis 30 0.003 0.000 0.000 0.030 0.000 0.997 0.001 0.816 0.840 0.004 0.000 0.000 0.000 0.052 0.000 0.001 0.000 0.000 0.000 0.001 0.000 0.000 0.001 0.081 0.002 0.000 0.000 0.034 0.000 0.001 0.000 0.000 0.000 0.000 0.001 0.045 0.001 0.001 0.001 0.001 0.000 0.000 0.006 0.832 0.000 0.007 0.059 0.000 0.983 0.004 0.003 0.000 0.000 0.001 0.000 0.001 0.142 0.001 
28 saw_vis 30 0.010 0.000 0.000 0.078 0.006 0.996 0.953 0.007 0.183 0.005 0.000 0.000 0.000 0.001 0.003 0.000 0.000 0.001 0.000 0.003 0.003 0.000 0.001 0.004 0.015 0.001 0.135 0.004 0.107 0.001 0.004 0.002 0.000 0.000 0.005 0.957 0.236 0.303 0.010 0.010 0.028 0.000 0.006 0.005 0.046 0.083 0.000 0.000 0.014 0.000 0.009 0.058 0.000 0.000 0.019 0.000 0.014 0.001 
29 drill_vis 30 0.009 0.001 0.000 0.001 0.005 0.996 0.051 0.007 0.001 0.522 0.000 0.000 0.000 0.000 0.004 0.000 0.000 0.001 0.000 0.000 0.001 0.000 0.001 0.000 0.000 0.000 0.001 0.070 0.001 0.014 0.020 0.000 0.000 0.001 0.001 0.013 0.052 0.243 0.001 0.014 0.373 0.002 0.002 0.041 0.000 0.018 0.000 0.000 0.001 0.000 0.001 0.001 0.001 0.000 0.169 0.002 0.183 0.008 
30 clamp_vis 30 0.003 0.000 0.000 0.002 0.001 0.997 0.041 0.995 0.002 0.003 0.000 0.000 0.000 0.000 0.000 0.001 0.001 0.000 0.000 0.000 0.000 0.000 0.001 0.002 0.000 0.001 0.006 0.018 0.000 0.011 0.001 0.001 0.000 0.001 0.058 0.120 0.000 0.006 0.000 0.035 0.045 0.007 0.133 0.985 0.000 0.059 0.000 0.000 0.073 0.001 0.002 0.003 0.000 0.000 0.002 0.004 0.004 0.002 
31 hoe_vis 30 0.003 0.001 0.000 0.001 0.000 0.997 0.000 0.233 0.093 0.479 0.000 0.000 0.000 0.002 0.000 0.005 0.000 0.001 0.000 0.000 0.000 0.000 0.006 0.000 0.000 0.000 0.000 0.002 0.000 0.001 0.001 0.000 0.000 0.001 0.008 0.000 0.000 0.001 0.000 0.000 0.222 0.006 0.001 0.015 0.001 0.023 0.001 0.001 0.022 0.051 0.000 0.000 0.000 0.006 0.002 0.796 0.035 0.002 
32 rake_vis 30 0.003 0.012 0.000 0.002 0.001 0.997 0.001 0.141 0.617 0.404 0.059 0.000 0.000 0.009 0.000 0.018 0.002 0.008 0.000 0.000 0.001 0.000 0.003 0.000 0.000 0.001 0.000 0.007 0.000 0.001 0.002 0.000 0.000 0.001 0.001 0.001 0.004 0.004 0.004 0.000 0.006 0.003 0.005 0.009 0.000 0.257 0.001 0.337 0.001 0.008 0.005 0.009 0.001 0.001 0.004 0.011 0.041 0.029 
33 shovel_vis 30 0.003 0.000 0.000 0.003 0.001 0.997 0.022 0.995 0.002 0.003 0.000 0.000 0.000 0.000 0.000 0.005 0.000 0.001 0.000 0.000 0.000 0.000 0.002 0.003 0.000 0.001 0.001 0.017 0.000 0.005 0.001 0.000 0.000 0.001 0.051 0.042 0.000 0.002 0.000 0.015 0.020 0.013 0.144 0.966 0.000 0.126 0.000 0.000 0.041 0.002 0.001 0.002 0.000 0.000 0.002 0.005 0.002 0.001 
34 spade_vis 30 0.004 0.001 0.000 0.001 0.001 0.997 0.001 0.141 0.251 0.848 0.001 0.000 0.000 0.001 0.000 0.039 0.000 0.001 0.000 0.000 0.000 0.000 0.015 0.000 0.000 0.000 0.000 0.005 0.000 0.001 0.001 0.000 0.000 0.001 0.001 0.000 0.000 0.003 0.000 0.000 0.040 0.002 0.002 0.012 0.001 0.191 0.001 0.065 0.003 0.187 0.000 0.004 0.000 0.008 0.008 0.895 0.037 0.022 
35 wrench_vis 30 0.003 0.260 0.001 0.003 0.000 0.997 0.000 0.087 0.693 0.119 0.008 0.002 0.000 0.022 0.000 0.378 0.001 0.029 0.001 0.000 0.000 0.000 0.003 0.001 0.000 0.001 0.000 0.005 0.000 0.001 0.001 0.000 0.000 0.000 0.001 0.000 0.000 0.000 0.000 0.000 0.000 0.001 0.001 0.001 0.000 0.341 0.002 0.001 0.004 0.979 0.001 0.002 0.004 0.047 0.000 0.011 0.045 0.001 
36 accordion_vis 30 0.003 0.001 0.007 0.002 0.000 0.996 0.015 0.050 0.930 0.002 0.000 0.003 0.000 0.040 0.000 0.006 0.000 0.008 0.003 0.010 0.000 0.000 0.001 0.054 0.002 0.004 0.000 0.000 0.000 0.001 0.000 0.000 0.000 0.000 0.026 0.002 0.000 0.000 0.002 0.000 0.000 0.000 0.003 0.001 0.001 0.003 0.257 0.004 0.846 0.048 0.005 0.000 0.000 0.009 0.000 0.001 0.009 0.001 
37 cello_vis 30 0.004 0.001 0.150 0.003 0.001 0.996 0.619 0.002 0.995 0.219 0.000 0.008 0.000 0.127 0.000 0.002 0.000 0.401 0.006 0.077 0.000 0.000 0.008 0.000 0.070 0.001 0.000 0.000 0.000 0.001 0.000 0.001 0.000 0.000 0.005 0.016 0.345 0.000 0.019 0.000 0.001 0.000 0.005 0.000 0.008 0.018 0.981 0.840 0.079 0.004 0.029 0.001 0.000 0.045 0.011 0.001 0.003 0.025 
38 flute_vis 30 0.003 0.000 0.000 0.015 0.000 0.997 0.000 0.600 0.935 0.001 0.000 0.000 0.000 0.042 0.000 0.002 0.000 0.001 0.000 0.002 0.000 0.000 0.001 0.104 0.002 0.001 0.000 0.004 0.000 0.000 0.000 0.000 0.000 0.000 0.001 0.016 0.000 0.000 0.001 0.001 0.000 0.000 0.004 0.685 0.000 0.003 0.154 0.001 0.982 0.008 0.003 0.001 0.000 0.001 0.000 0.001 0.032 0.001 
39 guitar_vis 30 0.003 0.001 0.001 0.007 0.000 0.997 0.000 0.046 0.994 0.003 0.000 0.002 0.000 0.002 0.000 0.018 0.000 0.010 0.001 0.000 0.000 0.000 0.003 0.008 0.001 0.023 0.000 0.002 0.000 0.001 0.001 0.000 0.000 0.000 0.002 0.000 0.000 0.002 0.001 0.000 0.000 0.002 0.001 0.001 0.010 0.045 0.024 0.002 0.151 0.823 0.001 0.019 0.000 0.011 0.000 0.005 0.003 0.001 
40 piano_vis 30 0.004 0.003 0.071 0.001 0.001 0.996 0.483 0.001 0.994 0.013 0.000 0.000 0.001 0.015 0.001 0.000 0.022 0.004 0.000 0.004 0.130 0.000 0.001 0.001 0.001 0.001 0.001 0.000 0.001 0.001 0.000 0.001 0.000 0.000 0.036 0.195 0.081 0.000 0.007 0.000 0.000 0.000 0.007 0.000 0.000 0.001 0.223 0.003 0.126 0.002 0.985 0.000 0.000 0.006 0.000 0.000 0.054 0.089 
41 trumpet_vis 30 0.003 0.001 0.001 0.004 0.001 0.996 0.004 0.006 0.994 0.034 0.000 0.001 0.000 0.004 0.000 0.004 0.001 0.021 0.001 0.001 0.000 0.000 0.005 0.001 0.003 0.003 0.000 0.002 0.000 0.001 0.001 0.001 0.003 0.001 0.000 0.001 0.015 0.001 0.002 0.000 0.021 0.000 0.001 0.001 0.008 0.013 0.069 0.931 0.005 0.030 0.004 0.022 0.000 0.003 0.001 0.005 0.003 0.025 
42 fork_vis 30 0.004 0.087 0.003 0.001 0.001 0.997 0.001 0.001 0.443 0.993 0.051 0.001 0.000 0.618 0.000 0.114 0.000 0.338 0.000 0.000 0.000 0.001 0.011 0.000 0.000 0.000 0.000 0.001 0.000 0.003 0.002 0.000 0.000 0.001 0.001 0.000 0.010 0.000 0.015 0.000 0.000 0.000 0.001 0.000 0.000 0.130 0.142 0.850 0.001 0.106 0.002 0.000 0.021 0.891 0.017 0.080 0.548 0.026 
43 spoon_vis 30 0.003 0.003 0.001 0.001 0.000 0.997 0.001 0.005 0.003 0.740 0.000 0.000 0.000 0.106 0.000 0.001 0.000 0.001 0.000 0.000 0.000 0.001 0.001 0.000 0.000 0.000 0.000 0.004 0.000 0.001 0.001 0.000 0.000 0.000 0.004 0.000 0.006 0.000 0.002 0.018 0.000 0.000 0.000 0.223 0.000 0.001 0.003 0.000 0.490 0.003 0.002 0.000 0.001 0.048 0.001 0.012 0.730 0.002 
44 tongs_vis 30 0.003 0.005 0.000 0.001 0.002 0.997 0.001 0.008 0.004 0.989 0.004 0.000 0.000 0.000 0.000 0.001 0.005 0.001 0.000 0.000 0.000 0.000 0.002 0.000 0.000 0.000 0.000 0.002 0.000 0.010 0.003 0.000 0.000 0.001 0.016 0.001 0.000 0.013 0.000 0.001 0.386 0.001 0.003 0.032 0.000 0.005 0.000 0.003 0.001 0.003 0.001 0.003 0.004 0.002 0.004 0.848 0.314 0.233 
45 ladle_vis 30 0.003 0.001 0.000 0.001 0.000 0.997 0.001 0.156 0.011 0.432 0.000 0.000 0.000 0.009 0.000 0.001 0.000 0.001 0.000 0.000 0.000 0.000 0.001 0.000 0.000 0.000 0.000 0.010 0.000 0.001 0.001 0.000 0.000 0.000 0.004 0.000 0.001 0.000 0.001 0.001 0.005 0.001 0.002 0.266 0.000 0.004 0.002 0.000 0.451 0.011 0.001 0.000 0.000 0.014 0.001 0.164 0.177 0.002 
46 knife_vis 30 0.002 0.002 0.000 0.001 0.000 0.997 0.001 0.075 0.018 0.591 0.000 0.000 0.000 0.014 0.000 0.001 0.000 0.001 0.000 0.000 0.000 0.000 0.001 0.000 0.000 0.000 0.000 0.005 0.000 0.003 0.001 0.000 0.000 0.000 0.003 0.000 0.002 0.002 0.001 0.002 0.352 0.002 0.001 0.105 0.000 0.010 0.001 0.000 0.049 0.019 0.001 0.000 0.000 0.011 0.001 0.539 0.174 0.004 
47 chopsticks_vis 30 0.003 0.003 0.000 0.001 0.001 0.997 0.000 0.003 0.008 0.973 0.001 0.000 0.000 0.001 0.000 0.005 0.001 0.001 0.000 0.000 0.000 0.000 0.002 0.000 0.000 0.000 0.000 0.002 0.000 0.003 0.002 0.000 0.000 0.001 0.014 0.000 0.000 0.003 0.000 0.000 0.227 0.001 0.001 0.040 0.000 0.005 0.000 0.001 0.003 0.013 0.001 0.001 0.001 0.005 0.002 0.959 0.135 0.023 
