0 beaver_vis 30 0.996 0.971 0.016 0.001 0.019 0.002 0.001 0.001 0.001 0.003 0.198 0.005 0.922 0.005 0.037 0.000 0.001 0.001 0.001 0.000 0.001 0.120 0.001 0.001 0.017 0.000 0.000 0.002 0.010 0.001 0.018 0.030 0.001 0.005 0.000 0.001 0.000 0.000 0.001 0.001 0.001 0.000 0.000 0.000 0.001 0.004 0.001 0.001 0.000 0.001 0.002 0.002 0.008 0.000 0.001 0.000 0.035 0.015 
1 bear_vis 30 0.996 0.988 0.032 0.001 0.089 0.002 0.001 0.001 0.001 0.001 0.368 0.846 0.011 0.040 0.049 0.003 0.001 0.001 0.028 0.027 0.001 0.000 0.000 0.001 0.001 0.004 0.000 0.002 0.003 0.007 0.002 0.717 0.016 0.000 0.000 0.001 0.001 0.000 0.000 0.000 0.001 0.000 0.001 0.000 0.001 0.002 0.002 0.001 0.000 0.002 0.001 0.001 0.001 0.001 0.022 0.000 0.000 0.000 
2 sheep_vis 30 0.996 0.759 0.131 0.002 0.011 0.002 0.001 0.001 0.001 0.002 0.046 0.004 0.825 0.003 0.038 0.000 0.003 0.001 0.001 0.000 0.001 0.431 0.001 0.001 0.026 0.000 0.000 0.002 0.005 0.002 0.005 0.016 0.001 0.005 0.000 0.001 0.000 0.000 0.001 0.001 0.001 0.000 0.000 0.000 0.001 0.003 0.001 0.001 0.000 0.001 0.003 0.002 0.010 0.000 0.001 0.000 0.019 0.017 
3 buffalo_vis 30 0.996 0.983 0.012 0.001 0.020 0.002 0.001 0.001 0.001 0.001 0.922 0.017 0.073 0.090 0.023 0.001 0.001 0.001 0.002 0.000 0.002 0.011 0.001 0.001 0.015 0.000 0.000 0.001 0.019 0.002 0.029 0.054 0.001 0.000 0.001 0.001 0.001 0.000 0.001 0.001 0.002 0.000 0.001 0.000 0.001 0.001 0.001 0.001 0.000 0.001 0.001 0.003 0.001 0.000 0.009 0.000 0.013 0.002 
4 poodle_vis 30 0.996 0.989 0.021 0.001 0.038 0.002 0.001 0.001 0.001 0.003 0.963 0.028 0.159 0.043 0.031 0.001 0.001 0.001 0.004 0.000 0.004 0.024 0.001 0.001 0.061 0.000 0.000 0.002 0.034 0.002 0.072 0.116 0.002 0.000 0.000 0.001 0.000 0.000 0.000 0.001 0.002 0.000 0.001 0.000 0.001 0.003 0.001 0.002 0.000 0.002 0.001 0.014 0.002 0.001 0.006 0.000 0.016 0.004 
5 giraffe_vis 30 0.996 0.987 0.010 0.001 0.061 0.002 0.001 0.001 0.001 0.001 0.017 0.019 0.021 0.112 0.943 0.081 0.018 0.000 0.018 0.001 0.000 0.000 0.001 0.026 0.000 0.000 0.000 0.001 0.007 0.016 0.000 0.078 0.006 0.000 0.001 0.001 0.001 0.000 0.001 0.000 0.000 0.000 0.000 0.000 0.000 0.001 0.001 0.000 0.000 0.008 0.004 0.001 0.002 0.003 0.003 0.001 0.002 0.000 
6 robin_vis 30 0.996 0.012 0.975 0.023 0.001 0.002 0.001 0.001 0.002 0.001 0.001 0.002 0.007 0.001 0.014 0.000 0.526 0.001 0.085 0.055 0.000 0.079 0.001 0.001 0.002 0.053 0.000 0.002 0.000 0.001 0.000 0.001 0.001 0.001 0.000 0.003 0.000 0.001 0.000 0.001 0.000 0.000 0.000 0.000 0.001 0.001 0.001 0.001 0.000 0.002 0.016 0.001 0.002 0.001 0.001 0.001 0.000 0.001 
7 swan_vis 30 0.996 0.017 0.969 0.120 0.001 0.004 0.001 0.005 0.001 0.002 0.006 0.000 0.076 0.001 0.004 0.000 0.065 0.038 0.004 0.001 0.001 0.957 0.003 0.001 0.091 0.001 0.001 0.003 0.001 0.001 0.000 0.000 0.000 0.003 0.000 0.001 0.000 0.001 0.000 0.004 0.004 0.000 0.000 0.001 0.013 0.007 0.001 0.001 0.000 0.001 0.004 0.004 0.010 0.000 0.001 0.023 0.002 0.002 
8 woodpecker_vis 30 0.996 0.012 0.986 0.010 0.001 0.002 0.001 0.001 0.007 0.001 0.001 0.005 0.003 0.001 0.030 0.001 0.723 0.001 0.278 0.030 0.000 0.107 0.002 0.001 0.001 0.010 0.000 0.013 0.000 0.001 0.000 0.001 0.003 0.002 0.000 0.005 0.000 0.001 0.000 0.001 0.000 0.000 0.000 0.000 0.001 0.002 0.002 0.001 0.000 0.009 0.038 0.001 0.007 0.006 0.002 0.001 0.000 0.001 
9 peacock_vis 30 0.996 0.018 0.978 0.025 0.001 0.002 0.001 0.001 0.002 0.001 0.002 0.010 0.002 0.001 0.007 0.001 0.456 0.002 0.098 0.169 0.001 0.056 0.001 0.001 0.001 0.104 0.001 0.002 0.000 0.002 0.000 0.002 0.001 0.001 0.000 0.002 0.000 0.001 0.000 0.001 0.000 0.000 0.000 0.000 0.001 0.002 0.002 0.001 0.000 0.002 0.010 0.001 0.001 0.001 0.001 0.000 0.000 0.000 
10 crow_vis 30 0.644 0.004 0.862 0.004 0.001 0.989 0.001 0.968 0.001 0.134 0.336 0.002 0.000 0.000 0.000 0.088 0.004 0.774 0.001 0.681 0.908 0.004 0.017 0.001 0.002 0.002 0.416 0.001 0.001 0.010 0.000 0.000 0.000 0.004 0.000 0.001 0.001 0.077 0.000 0.001 0.901 0.001 0.001 0.099 0.464 0.470 0.003 0.001 0.000 0.000 0.000 0.229 0.124 0.000 0.087 0.395 0.000 0.001 
11 eagle_vis 30 0.996 0.020 0.972 0.117 0.001 0.003 0.001 0.001 0.002 0.003 0.007 0.000 0.078 0.001 0.005 0.000 0.062 0.027 0.007 0.001 0.001 0.968 0.002 0.001 0.092 0.001 0.000 0.005 0.000 0.001 0.000 0.000 0.000 0.001 0.000 0.002 0.000 0.002 0.000 0.003 0.001 0.000 0.000 0.000 0.002 0.003 0.001 0.001 0.000 0.001 0.004 0.006 0.006 0.000 0.001 0.012 0.002 0.004 
12 tuna_vis 30 0.991 0.001 0.047 0.983 0.011 0.016 0.004 0.006 0.165 0.001 0.001 0.000 0.407 0.002 0.005 0.001 0.002 0.020 0.004 0.001 0.000 0.265 0.066 0.028 0.291 0.003 0.012 0.941 0.010 0.001 0.002 0.005 0.004 0.082 0.005 0.008 0.009 0.002 0.071 0.050 0.001 0.010 0.004 0.013 0.060 0.017 0.005 0.155 0.004 0.006 0.679 0.024 0.001 0.000 0.001 0.002 0.130 0.002 
13 goldfish_vis 30 0.996 0.001 0.019 0.993 0.024 0.002 0.004 0.002 0.003 0.001 0.001 0.000 0.024 0.003 0.001 0.001 0.002 0.001 0.004 0.001 0.000 0.028 0.008 0.033 0.508 0.105 0.037 0.555 0.006 0.001 0.001 0.006 0.002 0.026 0.003 0.014 0.001 0.004 0.002 0.021 0.002 0.001 0.001 0.002 0.014 0.001 0.001 0.004 0.001 0.000 0.008 0.006 0.001 0.000 0.001 0.000 0.001 0.000 
14 salmon_vis 30 0.996 0.001 0.011 0.992 0.017 0.002 0.004 0.001 0.002 0.001 0.001 0.000 0.010 0.002 0.000 0.000 0.004 0.001 0.001 0.001 0.001 0.011 0.008 0.007 0.903 0.339 0.116 0.049 0.012 0.001 0.001 0.005 0.001 0.008 0.001 0.010 0.001 0.003 0.001 0.020 0.003 0.001 0.001 0.001 0.013 0.001 0.001 0.004 0.000 0.000 0.006 0.011 0.001 0.000 0.001 0.000 0.001 0.001 
15 sardine_vis 30 0.996 0.001 0.018 0.992 0.047 0.002 0.002 0.001 0.003 0.001 0.000 0.001 0.001 0.002 0.000 0.000 0.024 0.000 0.003 0.035 0.000 0.000 0.001 0.012 0.053 0.974 0.024 0.080 0.001 0.002 0.001 0.101 0.002 0.003 0.001 0.056 0.001 0.001 0.000 0.002 0.001 0.000 0.002 0.001 0.006 0.000 0.001 0.001 0.000 0.000 0.016 0.001 0.000 0.000 0.001 0.000 0.000 0.000 
16 catfish_vis 30 0.996 0.001 0.028 0.993 0.010 0.002 0.012 0.002 0.002 0.001 0.001 0.000 0.004 0.001 0.000 0.001 0.000 0.084 0.001 0.002 0.001 0.001 0.030 0.007 0.033 0.008 0.891 0.046 0.035 0.001 0.001 0.001 0.001 0.234 0.002 0.002 0.003 0.011 0.004 0.027 0.004 0.001 0.001 0.001 0.004 0.001 0.001 0.004 0.000 0.000 0.003 0.002 0.001 0.000 0.001 0.000 0.001 0.000 
17 cod_vis 30 0.996 0.001 0.014 0.993 0.014 0.002 0.004 0.002 0.003 0.001 0.001 0.000 0.022 0.001 0.000 0.000 0.004 0.001 0.001 0.000 0.000 0.021 0.009 0.007 0.846 0.154 0.038 0.069 0.007 0.001 0.001 0.004 0.001 0.019 0.001 0.011 0.001 0.003 0.001 0.026 0.002 0.001 0.001 0.001 0.009 0.001 0.001 0.003 0.000 0.000 0.011 0.008 0.001 0.000 0.001 0.000 0.001 0.001 
18 turtle_vis 30 0.996 0.025 0.001 0.174 0.991 0.002 0.003 0.001 0.001 0.001 0.008 0.034 0.009 0.006 0.001 0.001 0.000 0.000 0.001 0.000 0.001 0.000 0.001 0.005 0.023 0.209 0.001 0.011 0.326 0.003 0.174 0.911 0.023 0.006 0.000 0.218 0.003 0.000 0.000 0.002 0.001 0.001 0.043 0.000 0.001 0.001 0.001 0.014 0.000 0.000 0.004 0.001 0.001 0.000 0.002 0.000 0.001 0.000 
19 rattlesnake_vis 30 0.994 0.294 0.001 0.011 0.990 0.003 0.003 0.006 0.020 0.001 0.003 0.509 0.006 0.015 0.007 0.010 0.002 0.000 0.001 0.034 0.006 0.000 0.004 0.003 0.034 0.210 0.001 0.004 0.293 0.980 0.006 0.901 0.032 0.006 0.000 0.106 0.001 0.127 0.001 0.001 0.217 0.001 0.269 0.000 0.001 0.042 0.037 0.001 0.000 0.001 0.001 0.357 0.002 0.005 0.002 0.000 0.000 0.002 
20 crab_vis 30 0.995 0.282 0.001 0.008 0.991 0.002 0.005 0.001 0.003 0.001 0.003 0.476 0.194 0.015 0.031 0.001 0.004 0.000 0.001 0.008 0.003 0.000 0.001 0.003 0.139 0.118 0.000 0.007 0.436 0.216 0.194 0.947 0.135 0.019 0.001 0.156 0.002 0.000 0.001 0.004 0.001 0.001 0.069 0.000 0.005 0.001 0.001 0.029 0.000 0.000 0.040 0.001 0.002 0.001 0.007 0.000 0.001 0.001 
21 frog_vis 30 0.996 0.009 0.001 0.020 0.981 0.002 0.001 0.001 0.002 0.001 0.000 0.014 0.426 0.002 0.005 0.000 0.003 0.000 0.001 0.000 0.000 0.000 0.001 0.001 0.003 0.009 0.000 0.004 0.009 0.011 0.010 0.878 0.017 0.402 0.000 0.003 0.000 0.000 0.017 0.001 0.001 0.000 0.002 0.000 0.001 0.001 0.001 0.001 0.000 0.000 0.059 0.001 0.001 0.001 0.001 0.000 0.000 0.000 
22 gecko_vis 30 0.995 0.005 0.003 0.807 0.498 0.002 0.002 0.001 0.011 0.001 0.001 0.027 0.001 0.007 0.001 0.001 0.003 0.000 0.003 0.040 0.000 0.000 0.001 0.008 0.042 0.824 0.017 0.051 0.005 0.013 0.034 0.565 0.082 0.005 0.001 0.041 0.001 0.001 0.001 0.001 0.001 0.001 0.017 0.000 0.005 0.001 0.005 0.003 0.000 0.001 0.009 0.002 0.001 0.001 0.002 0.000 0.001 0.001 
23 crocodile_vis 30 0.995 0.002 0.001 0.021 0.990 0.002 0.003 0.001 0.002 0.001 0.001 0.007 0.001 0.001 0.000 0.001 0.001 0.000 0.000 0.000 0.009 0.000 0.002 0.001 0.003 0.004 0.000 0.002 0.008 0.038 0.585 0.118 0.124 0.088 0.001 0.013 0.001 0.001 0.001 0.003 0.004 0.001 0.019 0.000 0.001 0.001 0.002 0.002 0.000 0.000 0.003 0.002 0.003 0.000 0.002 0.000 0.001 0.001 
24 axe_vis 30 0.002 0.000 0.002 0.005 0.004 0.996 0.002 0.987 0.125 0.009 0.001 0.001 0.000 0.001 0.000 0.000 0.000 0.000 0.001 0.000 0.001 0.001 0.002 0.001 0.001 0.000 0.000 0.015 0.006 0.003 0.069 0.005 0.005 0.008 0.000 0.004 0.002 0.002 0.000 0.011 0.008 0.974 0.108 0.040 0.152 0.336 0.576 0.020 0.007 0.001 0.002 0.149 0.022 0.000 0.019 0.001 0.006 0.001 
25 hammer_vis 30 0.002 0.000 0.001 0.019 0.001 0.996 0.106 0.992 0.383 0.032 0.000 0.000 0.000 0.004 0.000 0.000 0.000 0.000 0.001 0.000 0.001 0.001 0.001 0.001 0.001 0.006 0.000 0.144 0.001 0.001 0.004 0.000 0.001 0.000 0.001 0.875 0.471 0.002 0.000 0.105 0.002 0.892 0.959 0.977 0.156 0.004 0.003 0.034 0.694 0.001 0.001 0.024 0.001 0.000 0.601 0.003 0.001 0.001 
26 screwdriver_vis 30 0.002 0.000 0.001 0.003 0.001 0.996 0.048 0.989 0.007 0.001 0.000 0.000 0.000 0.001 0.000 0.001 0.000 0.002 0.001 0.001 0.004 0.000 0.001 0.001 0.000 0.000 0.011 0.003 0.001 0.001 0.001 0.000 0.001 0.001 0.000 0.005 0.649 0.002 0.000 0.010 0.002 0.086 0.030 0.918 0.013 0.005 0.001 0.003 0.009 0.001 0.002 0.002 0.001 0.000 0.066 0.002 0.001 0.000 
27 chisel_vis 30 0.002 0.000 0.001 0.003 0.001 0.996 0.007 0.993 0.060 0.035 0.000 0.000 0.000 0.002 0.000 0.000 0.000 0.000 0.001 0.000 0.000 0.001 0.001 0.001 0.000 0.000 0.000 0.077 0.000 0.001 0.001 0.000 0.001 0.001 0.000 0.114 0.022 0.003 0.001 0.135 0.003 0.945 0.740 0.934 0.058 0.010 0.002 0.002 0.368 0.001 0.001 0.010 0.001 0.001 0.060 0.027 0.002 0.001 
28 saw_vis 30 0.003 0.000 0.001 0.003 0.002 0.996 0.917 0.033 0.005 0.001 0.000 0.000 0.000 0.001 0.000 0.002 0.000 0.003 0.000 0.002 0.008 0.000 0.001 0.001 0.000 0.000 0.017 0.002 0.014 0.001 0.002 0.000 0.001 0.001 0.007 0.003 0.962 0.001 0.001 0.008 0.000 0.002 0.002 0.015 0.003 0.002 0.001 0.076 0.005 0.001 0.006 0.001 0.001 0.000 0.008 0.000 0.012 0.000 
29 drill_vis 30 0.003 0.000 0.001 0.003 0.002 0.996 0.965 0.003 0.011 0.001 0.000 0.000 0.000 0.001 0.000 0.001 0.000 0.003 0.000 0.003 0.010 0.000 0.001 0.001 0.000 0.000 0.016 0.001 0.009 0.001 0.002 0.000 0.001 0.001 0.007 0.005 0.945 0.001 0.001 0.009 0.000 0.001 0.001 0.006 0.001 0.001 0.001 0.102 0.004 0.001 0.012 0.001 0.001 0.000 0.003 0.000 0.012 0.001 
30 clamp_vis 30 0.002 0.000 0.001 0.002 0.002 0.997 0.001 0.994 0.004 0.019 0.000 0.000 0.000 0.013 0.000 0.000 0.000 0.000 0.000 0.000 0.001 0.000 0.001 0.001 0.001 0.000 0.000 0.009 0.002 0.001 0.079 0.003 0.001 0.001 0.000 0.006 0.002 0.001 0.001 0.010 0.010 0.937 0.902 0.137 0.023 0.012 0.001 0.001 0.069 0.000 0.001 0.005 0.001 0.000 0.108 0.002 0.007 0.001 
31 hoe_vis 30 0.002 0.000 0.001 0.003 0.006 0.997 0.001 0.987 0.043 0.008 0.000 0.000 0.057 0.000 0.001 0.000 0.001 0.000 0.001 0.000 0.000 0.001 0.002 0.001 0.000 0.000 0.000 0.004 0.004 0.002 0.048 0.004 0.002 0.458 0.000 0.001 0.001 0.000 0.000 0.002 0.002 0.897 0.045 0.015 0.156 0.565 0.017 0.002 0.001 0.000 0.003 0.015 0.102 0.001 0.001 0.002 0.008 0.001 
32 rake_vis 30 0.002 0.000 0.001 0.003 0.017 0.997 0.001 0.992 0.021 0.010 0.000 0.001 0.076 0.000 0.001 0.000 0.000 0.000 0.001 0.000 0.001 0.000 0.001 0.001 0.001 0.000 0.000 0.009 0.007 0.002 0.077 0.004 0.002 0.461 0.000 0.002 0.001 0.000 0.000 0.001 0.004 0.629 0.458 0.008 0.095 0.878 0.002 0.003 0.001 0.000 0.002 0.010 0.048 0.001 0.001 0.001 0.002 0.006 
33 shovel_vis 30 0.002 0.000 0.001 0.004 0.001 0.997 0.001 0.993 0.034 0.025 0.000 0.000 0.000 0.002 0.000 0.000 0.000 0.000 0.001 0.000 0.000 0.001 0.001 0.001 0.000 0.000 0.000 0.021 0.001 0.001 0.004 0.000 0.001 0.002 0.000 0.003 0.001 0.001 0.002 0.065 0.004 0.969 0.425 0.362 0.054 0.026 0.008 0.001 0.051 0.000 0.001 0.016 0.003 0.001 0.006 0.018 0.008 0.000 
34 spade_vis 30 0.002 0.000 0.001 0.003 0.003 0.997 0.001 0.885 0.010 0.002 0.000 0.000 0.029 0.000 0.000 0.000 0.000 0.000 0.001 0.000 0.001 0.000 0.002 0.001 0.001 0.000 0.000 0.002 0.006 0.001 0.056 0.006 0.001 0.201 0.000 0.002 0.001 0.000 0.001 0.001 0.001 0.299 0.061 0.009 0.273 0.040 0.003 0.004 0.001 0.000 0.005 0.003 0.025 0.000 0.002 0.001 0.009 0.001 
35 wrench_vis 30 0.002 0.000 0.001 0.002 0.012 0.997 0.001 0.993 0.054 0.007 0.000 0.001 0.104 0.000 0.002 0.000 0.000 0.000 0.001 0.000 0.000 0.001 0.002 0.001 0.000 0.000 0.000 0.014 0.004 0.004 0.035 0.005 0.002 0.541 0.000 0.001 0.001 0.000 0.001 0.001 0.007 0.772 0.287 0.013 0.105 0.953 0.007 0.002 0.001 0.001 0.002 0.054 0.063 0.001 0.001 0.003 0.002 0.008 
36 accordion_vis 30 0.155 0.005 0.207 0.001 0.001 0.984 0.001 0.001 0.994 0.001 0.000 0.195 0.008 0.001 0.166 0.001 0.035 0.015 0.688 0.039 0.000 0.077 0.002 0.001 0.000 0.001 0.000 0.045 0.000 0.003 0.000 0.005 0.005 0.000 0.000 0.002 0.001 0.001 0.000 0.001 0.000 0.001 0.000 0.001 0.001 0.017 0.690 0.001 0.007 0.165 0.040 0.016 0.001 0.014 0.001 0.001 0.006 0.000 
37 cello_vis 30 0.003 0.000 0.002 0.005 0.007 0.995 0.001 0.006 0.990 0.002 0.001 0.001 0.009 0.001 0.001 0.000 0.001 0.000 0.001 0.000 0.000 0.001 0.005 0.001 0.001 0.000 0.000 0.018 0.010 0.032 0.012 0.013 0.015 0.001 0.000 0.003 0.001 0.002 0.000 0.003 0.000 0.528 0.002 0.002 0.001 0.033 0.550 0.029 0.027 0.002 0.002 0.801 0.001 0.002 0.001 0.000 0.213 0.004 
38 flute_vis 30 0.002 0.180 0.001 0.002 0.001 0.996 0.001 0.002 0.156 0.004 0.003 0.005 0.107 0.023 0.005 0.000 0.001 0.003 0.001 0.000 0.000 0.074 0.002 0.001 0.000 0.000 0.000 0.006 0.001 0.002 0.000 0.001 0.001 0.000 0.000 0.003 0.001 0.026 0.029 0.003 0.000 0.013 0.003 0.010 0.001 0.010 0.010 0.001 0.117 0.267 0.002 0.052 0.000 0.004 0.001 0.008 0.343 0.197 
39 guitar_vis 30 0.144 0.164 0.032 0.001 0.001 0.984 0.001 0.001 0.985 0.001 0.000 0.593 0.100 0.001 0.644 0.001 0.011 0.001 0.465 0.003 0.000 0.010 0.002 0.001 0.000 0.000 0.000 0.013 0.000 0.012 0.000 0.063 0.003 0.000 0.000 0.002 0.001 0.002 0.000 0.001 0.000 0.001 0.001 0.001 0.000 0.359 0.161 0.001 0.005 0.377 0.003 0.149 0.001 0.039 0.001 0.001 0.002 0.002 
40 piano_vis 30 0.003 0.000 0.010 0.004 0.001 0.995 0.001 0.002 0.995 0.001 0.000 0.008 0.000 0.000 0.002 0.000 0.035 0.001 0.098 0.015 0.000 0.002 0.003 0.002 0.000 0.007 0.000 0.131 0.000 0.005 0.000 0.003 0.011 0.000 0.000 0.003 0.001 0.001 0.000 0.004 0.000 0.003 0.001 0.003 0.001 0.003 0.956 0.004 0.008 0.003 0.030 0.060 0.001 0.025 0.001 0.000 0.002 0.000 
41 trumpet_vis 30 0.002 0.000 0.001 0.003 0.008 0.996 0.001 0.993 0.161 0.007 0.002 0.001 0.001 0.000 0.000 0.000 0.000 0.000 0.001 0.000 0.000 0.001 0.002 0.001 0.001 0.000 0.000 0.037 0.007 0.003 0.050 0.023 0.006 0.036 0.000 0.002 0.001 0.001 0.000 0.003 0.017 0.968 0.107 0.030 0.217 0.722 0.563 0.004 0.002 0.001 0.001 0.387 0.030 0.001 0.003 0.001 0.005 0.001 
42 fork_vis 30 0.002 0.009 0.002 0.001 0.001 0.996 0.001 0.013 0.052 0.822 0.000 0.000 0.001 0.019 0.007 0.001 0.001 0.000 0.001 0.000 0.000 0.003 0.001 0.001 0.000 0.000 0.000 0.001 0.000 0.001 0.000 0.000 0.001 0.000 0.000 0.001 0.000 0.000 0.003 0.001 0.001 0.011 0.001 0.000 0.001 0.011 0.001 0.001 0.006 0.133 0.006 0.001 0.009 0.007 0.007 0.249 0.847 0.004 
43 spoon_vis 30 0.002 0.022 0.002 0.001 0.001 0.996 0.001 0.006 0.595 0.142 0.000 0.001 0.000 0.007 0.403 0.001 0.002 0.000 0.012 0.000 0.000 0.001 0.001 0.001 0.000 0.000 0.000 0.000 0.000 0.006 0.000 0.000 0.002 0.000 0.000 0.001 0.001 0.000 0.009 0.001 0.000 0.003 0.002 0.001 0.001 0.027 0.005 0.001 0.019 0.886 0.004 0.001 0.003 0.158 0.004 0.220 0.043 0.023 
44 tongs_vis 30 0.002 0.000 0.001 0.002 0.022 0.996 0.001 0.981 0.009 0.009 0.000 0.001 0.081 0.000 0.001 0.000 0.000 0.000 0.001 0.000 0.001 0.001 0.002 0.001 0.001 0.000 0.000 0.004 0.012 0.002 0.139 0.005 0.003 0.534 0.000 0.003 0.001 0.001 0.001 0.001 0.003 0.300 0.321 0.002 0.177 0.697 0.001 0.011 0.001 0.000 0.003 0.003 0.063 0.001 0.002 0.001 0.003 0.004 
45 ladle_vis 30 0.002 0.012 0.002 0.001 0.001 0.997 0.001 0.102 0.010 0.963 0.000 0.000 0.000 0.022 0.015 0.001 0.001 0.000 0.001 0.000 0.000 0.004 0.001 0.001 0.000 0.000 0.000 0.000 0.000 0.001 0.000 0.000 0.001 0.000 0.000 0.001 0.001 0.000 0.004 0.001 0.001 0.213 0.002 0.003 0.001 0.058 0.003 0.001 0.028 0.045 0.002 0.001 0.012 0.017 0.014 0.984 0.283 0.005 
46 knife_vis 30 0.002 0.003 0.002 0.001 0.001 0.997 0.001 0.001 0.832 0.025 0.000 0.001 0.001 0.001 0.032 0.001 0.002 0.000 0.002 0.000 0.000 0.001 0.001 0.001 0.000 0.000 0.000 0.000 0.000 0.004 0.000 0.000 0.001 0.000 0.000 0.003 0.001 0.000 0.002 0.001 0.000 0.001 0.001 0.000 0.000 0.004 0.004 0.001 0.004 0.958 0.010 0.001 0.001 0.019 0.002 0.012 0.029 0.085 
47 chopsticks_vis 30 0.003 0.003 0.004 0.001 0.001 0.996 0.001 0.006 0.390 0.400 0.001 0.000 0.001 0.002 0.007 0.000 0.003 0.000 0.001 0.000 0.001 0.024 0.001 0.001 0.000 0.000 0.000 0.001 0.000 0.003 0.000 0.000 0.001 0.000 0.000 0.003 0.001 0.024 0.002 0.001 0.001 0.001 0.002 0.001 0.001 0.013 0.001 0.001 0.023 0.775 0.001 0.011 0.003 0.003 0.003 0.756 0.027 0.681 
0 beaver_vis 30 0.996 0.989 0.017 0.001 0.041 0.002 0.001 0.001 0.001 0.002 0.978 0.027 0.063 0.043 0.012 0.001 0.000 0.001 0.003 0.000 0.004 0.015 0.000 0.001 0.042 0.000 0.000 0.002 0.033 0.001 0.090 0.096 0.002 0.000 0.000 0.001 0.000 0.000 0.000 0.001 0.002 0.000 0.001 0.000 0.001 0.002 0.001 0.002 0.000 0.001 0.001 0.013 0.002 0.000 0.009 0.000 0.012 0.002 
1 bear_vis 30 0.996 0.990 0.057 0.001 0.075 0.002 0.001 0.001 0.001 0.001 0.097 0.969 0.043 0.014 0.075 0.012 0.001 0.003 0.051 0.033 0.001 0.000 0.000 0.001 0.000 0.000 0.000 0.002 0.003 0.009 0.001 0.435 0.032 0.001 0.000 0.001 0.001 0.000 0.001 0.000 0.000 0.000 0.000 0.000 0.000 0.006 0.003 0.000 0.000 0.002 0.001 0.001 0.001 0.001 0.007 0.000 0.001 0.000 
2 sheep_vis 30 0.996 0.989 0.035 0.001 0.040 0.002 0.001 0.001 0.001 0.032 0.206 0.068 0.980 0.009 0.596 0.000 0.012 0.003 0.003 0.000 0.003 0.235 0.001 0.001 0.068 0.000 0.000 0.002 0.038 0.006 0.016 0.172 0.003 0.013 0.000 0.001 0.000 0.000 0.006 0.002 0.001 0.000 0.000 0.000 0.001 0.022 0.001 0.001 0.000 0.004 0.010 0.001 0.078 0.002 0.001 0.001 0.093 0.263 
3 buffalo_vis 30 0.996 0.977 0.012 0.001 0.029 0.002 0.001 0.001 0.001 0.001 0.007 0.148 0.147 0.067 0.402 0.004 0.005 0.000 0.012 0.002 0.000 0.000 0.000 0.001 0.000 0.000 0.000 0.001 0.002 0.008 0.000 0.189 0.005 0.001 0.000 0.001 0.000 0.000 0.004 0.000 0.000 0.000 0.000 0.000 0.000 0.001 0.001 0.000 0.000 0.004 0.005 0.001 0.001 0.002 0.002 0.000 0.001 0.001 
4 poodle_vis 30 0.996 0.985 0.036 0.001 0.063 0.002 0.001 0.001 0.001 0.001 0.018 0.615 0.447 0.020 0.459 0.003 0.012 0.001 0.056 0.002 0.000 0.001 0.001 0.001 0.000 0.000 0.000 0.001 0.001 0.008 0.001 0.561 0.021 0.002 0.000 0.001 0.000 0.000 0.001 0.000 0.000 0.000 0.000 0.000 0.000 0.004 0.002 0.000 0.000 0.005 0.006 0.001 0.002 0.004 0.004 0.000 0.001 0.001 
5 giraffe_vis 30 0.996 0.989 0.067 0.001 0.065 0.002 0.001 0.001 0.001 0.001 0.119 0.969 0.015 0.009 0.027 0.083 0.001 0.005 0.014 0.146 0.002 0.000 0.001 0.002 0.000 0.000 0.000 0.001 0.007 0.029 0.000 0.232 0.010 0.001 0.000 0.001 0.001 0.000 0.001 0.000 0.001 0.000 0.000 0.000 0.000 0.007 0.003 0.000 0.000 0.002 0.001 0.001 0.001 0.001 0.006 0.000 0.001 0.000 
6 robin_vis 30 0.996 0.013 0.975 0.023 0.001 0.002 0.001 0.001 0.004 0.001 0.001 0.003 0.003 0.001 0.041 0.000 0.769 0.001 0.104 0.017 0.000 0.059 0.002 0.001 0.001 0.032 0.000 0.002 0.000 0.001 0.000 0.001 0.001 0.001 0.000 0.003 0.000 0.001 0.000 0.001 0.000 0.000 0.000 0.000 0.001 0.001 0.001 0.001 0.000 0.005 0.028 0.001 0.003 0.002 0.001 0.002 0.000 0.001 
7 swan_vis 30 0.996 0.021 0.985 0.110 0.001 0.002 0.001 0.001 0.001 0.001 0.017 0.002 0.004 0.001 0.000 0.002 0.001 0.944 0.002 0.019 0.009 0.074 0.005 0.001 0.001 0.000 0.129 0.003 0.001 0.001 0.000 0.000 0.000 0.005 0.000 0.001 0.001 0.007 0.001 0.003 0.001 0.000 0.000 0.001 0.001 0.007 0.001 0.001 0.000 0.001 0.001 0.002 0.004 0.000 0.001 0.007 0.001 0.001 
8 woodpecker_vis 30 0.996 0.119 0.989 0.039 0.001 0.002 0.001 0.001 0.003 0.001 0.001 0.212 0.002 0.003 0.040 0.002 0.021 0.061 0.983 0.123 0.000 0.090 0.001 0.003 0.000 0.004 0.001 0.750 0.000 0.001 0.000 0.001 0.034 0.002 0.000 0.002 0.001 0.002 0.001 0.001 0.000 0.000 0.000 0.001 0.001 0.007 0.008 0.001 0.000 0.016 0.004 0.001 0.001 0.010 0.004 0.001 0.000 0.001 
9 peacock_vis 30 0.996 0.036 0.987 0.112 0.001 0.002 0.001 0.001 0.002 0.001 0.004 0.155 0.000 0.001 0.002 0.022 0.002 0.168 0.127 0.948 0.001 0.000 0.001 0.001 0.000 0.080 0.222 0.006 0.000 0.003 0.000 0.001 0.001 0.000 0.000 0.001 0.002 0.004 0.000 0.000 0.000 0.000 0.000 0.001 0.001 0.003 0.005 0.000 0.000 0.002 0.001 0.001 0.001 0.001 0.002 0.000 0.000 0.000 
10 crow_vis 30 0.996 0.007 0.987 0.059 0.001 0.002 0.001 0.001 0.002 0.001 0.001 0.002 0.000 0.001 0.002 0.514 0.090 0.019 0.019 0.137 0.014 0.000 0.119 0.006 0.000 0.001 0.005 0.001 0.000 0.009 0.000 0.000 0.001 0.001 0.000 0.001 0.001 0.013 0.000 0.001 0.001 0.000 0.000 0.001 0.001 0.004 0.010 0.001 0.000 0.005 0.001 0.002 0.003 0.001 0.002 0.020 0.000 0.000 
11 eagle_vis 30 0.996 0.025 0.975 0.099 0.001 0.002 0.001 0.001 0.002 0.002 0.008 0.001 0.056 0.001 0.004 0.001 0.054 0.033 0.016 0.002 0.001 0.955 0.002 0.001 0.064 0.001 0.001 0.008 0.000 0.001 0.000 0.000 0.001 0.001 0.000 0.002 0.001 0.002 0.000 0.003 0.001 0.000 0.000 0.000 0.001 0.003 0.001 0.001 0.000 0.002 0.003 0.005 0.005 0.000 0.001 0.009 0.003 0.003 
12 tuna_vis 30 0.180 0.000 0.003 0.584 0.002 0.944 0.001 0.002 0.993 0.001 0.000 0.000 0.000 0.003 0.045 0.241 0.023 0.000 0.011 0.001 0.000 0.000 0.077 0.885 0.000 0.160 0.001 0.006 0.002 0.005 0.000 0.005 0.025 0.000 0.001 0.002 0.005 0.001 0.000 0.002 0.000 0.056 0.001 0.002 0.009 0.001 0.825 0.018 0.281 0.015 0.316 0.002 0.001 0.002 0.001 0.001 0.030 0.000 
13 goldfish_vis 30 0.996 0.001 0.016 0.992 0.048 0.002 0.001 0.001 0.018 0.001 0.000 0.000 0.001 0.043 0.274 0.017 0.038 0.000 0.253 0.001 0.000 0.001 0.075 0.984 0.000 0.117 0.001 0.265 0.002 0.003 0.000 0.004 0.038 0.006 0.002 0.006 0.002 0.002 0.007 0.003 0.000 0.008 0.001 0.001 0.003 0.001 0.006 0.001 0.007 0.001 0.082 0.001 0.001 0.022 0.001 0.002 0.001 0.000 
14 salmon_vis 30 0.996 0.001 0.012 0.991 0.017 0.002 0.003 0.001 0.002 0.000 0.001 0.001 0.008 0.002 0.000 0.001 0.003 0.001 0.001 0.001 0.000 0.013 0.006 0.007 0.864 0.281 0.057 0.063 0.008 0.001 0.001 0.006 0.001 0.009 0.001 0.010 0.001 0.002 0.001 0.018 0.002 0.001 0.001 0.001 0.010 0.001 0.001 0.003 0.000 0.000 0.007 0.007 0.001 0.000 0.001 0.000 0.000 0.000 
15 sardine_vis 30 0.996 0.001 0.018 0.992 0.060 0.002 0.002 0.001 0.003 0.001 0.000 0.001 0.000 0.003 0.000 0.001 0.010 0.000 0.009 0.084 0.000 0.000 0.001 0.026 0.070 0.981 0.065 0.157 0.001 0.001 0.000 0.143 0.004 0.001 0.001 0.074 0.001 0.001 0.000 0.001 0.001 0.000 0.003 0.001 0.008 0.000 0.001 0.001 0.000 0.000 0.007 0.001 0.000 0.000 0.001 0.000 0.000 0.000 
16 catfish_vis 30 0.996 0.001 0.054 0.986 0.041 0.002 0.010 0.003 0.002 0.001 0.003 0.007 0.002 0.004 0.000 0.004 0.000 0.154 0.009 0.006 0.000 0.004 0.007 0.193 0.009 0.009 0.677 0.984 0.018 0.002 0.001 0.003 0.006 0.047 0.006 0.002 0.064 0.018 0.009 0.018 0.008 0.002 0.000 0.017 0.009 0.002 0.002 0.005 0.001 0.000 0.002 0.004 0.001 0.000 0.001 0.000 0.002 0.000 
17 cod_vis 30 0.996 0.001 0.033 0.993 0.027 0.002 0.003 0.002 0.003 0.000 0.000 0.001 0.208 0.003 0.002 0.001 0.001 0.006 0.024 0.001 0.000 0.157 0.010 0.075 0.034 0.016 0.011 0.989 0.002 0.001 0.001 0.006 0.008 0.197 0.001 0.011 0.002 0.005 0.078 0.036 0.002 0.004 0.001 0.002 0.009 0.001 0.001 0.002 0.001 0.000 0.013 0.002 0.001 0.000 0.001 0.000 0.007 0.001 
18 turtle_vis 30 0.996 0.018 0.001 0.083 0.971 0.002 0.095 0.001 0.001 0.001 0.004 0.038 0.004 0.002 0.000 0.004 0.000 0.001 0.001 0.000 0.001 0.000 0.001 0.003 0.001 0.001 0.021 0.007 0.868 0.002 0.028 0.092 0.004 0.029 0.000 0.003 0.113 0.000 0.001 0.002 0.001 0.000 0.001 0.000 0.001 0.001 0.001 0.003 0.000 0.000 0.001 0.001 0.001 0.000 0.001 0.000 0.001 0.000 
19 rattlesnake_vis 30 0.981 0.072 0.001 0.005 0.975 0.004 0.001 0.002 0.973 0.001 0.001 0.002 0.001 0.069 0.240 0.553 0.006 0.000 0.001 0.000 0.001 0.000 0.021 0.326 0.001 0.028 0.000 0.001 0.543 0.533 0.001 0.634 0.109 0.001 0.000 0.003 0.007 0.000 0.001 0.001 0.000 0.010 0.032 0.000 0.002 0.007 0.305 0.029 0.038 0.043 0.958 0.005 0.001 0.001 0.001 0.000 0.036 0.000 
20 crab_vis 30 0.995 0.002 0.001 0.029 0.990 0.002 0.006 0.001 0.005 0.001 0.002 0.002 0.003 0.001 0.000 0.001 0.000 0.000 0.000 0.000 0.025 0.000 0.001 0.001 0.037 0.000 0.000 0.003 0.055 0.003 0.973 0.017 0.033 0.059 0.000 0.213 0.018 0.000 0.000 0.008 0.001 0.003 0.117 0.000 0.002 0.002 0.001 0.223 0.000 0.000 0.028 0.003 0.005 0.000 0.008 0.000 0.007 0.002 
21 frog_vis 30 0.996 0.039 0.001 0.028 0.934 0.002 0.001 0.001 0.001 0.000 0.000 0.034 0.281 0.004 0.006 0.001 0.001 0.000 0.001 0.000 0.000 0.000 0.000 0.001 0.001 0.021 0.000 0.009 0.010 0.005 0.005 0.908 0.024 0.069 0.000 0.003 0.001 0.000 0.002 0.001 0.000 0.000 0.002 0.000 0.001 0.001 0.001 0.001 0.000 0.000 0.018 0.001 0.001 0.000 0.001 0.000 0.000 0.000 
22 gecko_vis 30 0.954 0.001 0.001 0.002 0.977 0.022 0.001 0.001 0.914 0.001 0.000 0.018 0.021 0.001 0.001 0.001 0.002 0.000 0.001 0.000 0.000 0.000 0.001 0.001 0.000 0.001 0.000 0.004 0.002 0.012 0.265 0.124 0.303 0.203 0.000 0.031 0.011 0.000 0.001 0.001 0.000 0.001 0.202 0.000 0.001 0.008 0.019 0.017 0.000 0.004 0.980 0.001 0.001 0.000 0.001 0.000 0.006 0.000 
23 crocodile_vis 30 0.996 0.003 0.001 0.011 0.906 0.002 0.001 0.001 0.001 0.001 0.000 0.041 0.001 0.001 0.000 0.001 0.001 0.000 0.000 0.003 0.002 0.000 0.001 0.001 0.000 0.033 0.001 0.002 0.005 0.064 0.017 0.063 0.023 0.058 0.000 0.002 0.001 0.001 0.001 0.001 0.003 0.000 0.002 0.000 0.001 0.001 0.002 0.001 0.000 0.000 0.003 0.001 0.001 0.000 0.001 0.000 0.000 0.000 
24 axe_vis 30 0.263 0.003 0.002 0.002 0.004 0.996 0.070 0.003 0.100 0.001 0.000 0.278 0.004 0.053 0.000 0.001 0.000 0.001 0.001 0.002 0.000 0.000 0.001 0.001 0.000 0.001 0.000 0.069 0.005 0.010 0.000 0.091 0.005 0.000 0.000 0.010 0.386 0.016 0.072 0.003 0.000 0.001 0.034 0.039 0.000 0.002 0.016 0.001 0.076 0.002 0.065 0.002 0.000 0.001 0.001 0.000 0.004 0.000 
25 hammer_vis 30 0.002 0.000 0.001 0.002 0.001 0.996 0.069 0.942 0.019 0.001 0.000 0.000 0.000 0.001 0.000 0.000 0.000 0.000 0.000 0.000 0.001 0.000 0.001 0.001 0.000 0.000 0.001 0.003 0.001 0.001 0.001 0.000 0.001 0.000 0.000 0.030 0.163 0.005 0.001 0.003 0.002 0.023 0.193 0.631 0.006 0.004 0.001 0.003 0.015 0.001 0.001 0.004 0.001 0.000 0.016 0.002 0.001 0.001 
26 screwdriver_vis 30 0.348 0.001 0.001 0.002 0.006 0.996 0.207 0.004 0.048 0.001 0.000 0.331 0.000 0.012 0.000 0.003 0.000 0.001 0.000 0.001 0.000 0.000 0.001 0.001 0.000 0.000 0.001 0.007 0.046 0.005 0.000 0.021 0.002 0.000 0.000 0.005 0.872 0.003 0.007 0.004 0.000 0.002 0.003 0.011 0.000 0.001 0.003 0.002 0.036 0.001 0.020 0.001 0.000 0.000 0.001 0.000 0.004 0.000 
27 chisel_vis 30 0.002 0.003 0.002 0.002 0.001 0.996 0.020 0.016 0.109 0.009 0.001 0.000 0.005 0.007 0.001 0.000 0.000 0.023 0.002 0.000 0.000 0.345 0.001 0.001 0.000 0.000 0.000 0.013 0.000 0.001 0.000 0.000 0.001 0.000 0.000 0.008 0.019 0.032 0.002 0.006 0.000 0.018 0.006 0.052 0.001 0.006 0.002 0.001 0.135 0.177 0.001 0.022 0.000 0.001 0.001 0.045 0.119 0.055 
28 saw_vis 30 0.018 0.000 0.001 0.002 0.002 0.996 0.197 0.005 0.035 0.001 0.000 0.008 0.000 0.004 0.000 0.017 0.000 0.001 0.000 0.001 0.001 0.000 0.001 0.002 0.000 0.000 0.001 0.002 0.050 0.002 0.001 0.001 0.001 0.001 0.000 0.003 0.792 0.003 0.001 0.011 0.000 0.003 0.001 0.013 0.000 0.001 0.003 0.003 0.038 0.001 0.004 0.001 0.001 0.000 0.001 0.000 0.010 0.000 
29 drill_vis 30 0.003 0.000 0.001 0.002 0.002 0.996 0.924 0.002 0.015 0.001 0.000 0.000 0.000 0.001 0.000 0.001 0.000 0.004 0.000 0.002 0.004 0.000 0.001 0.001 0.000 0.000 0.009 0.001 0.005 0.001 0.001 0.000 0.001 0.000 0.002 0.003 0.904 0.001 0.001 0.030 0.000 0.001 0.001 0.006 0.001 0.001 0.001 0.046 0.006 0.001 0.012 0.001 0.001 0.000 0.002 0.000 0.023 0.000 
30 clamp_vis 30 0.002 0.000 0.001 0.002 0.002 0.997 0.002 0.982 0.002 0.003 0.000 0.000 0.002 0.001 0.000 0.000 0.000 0.000 0.000 0.000 0.001 0.000 0.001 0.001 0.000 0.000 0.000 0.004 0.004 0.001 0.027 0.001 0.001 0.004 0.000 0.013 0.006 0.001 0.026 0.001 0.010 0.080 0.949 0.035 0.008 0.109 0.001 0.001 0.002 0.001 0.001 0.002 0.001 0.000 0.014 0.002 0.001 0.008 
31 hoe_vis 30 0.002 0.001 0.002 0.001 0.001 0.996 0.001 0.738 0.058 0.566 0.000 0.001 0.006 0.001 0.004 0.000 0.001 0.000 0.001 0.000 0.000 0.001 0.002 0.001 0.000 0.000 0.000 0.001 0.001 0.003 0.001 0.001 0.002 0.016 0.000 0.001 0.001 0.000 0.000 0.002 0.001 0.865 0.003 0.002 0.008 0.286 0.057 0.001 0.003 0.001 0.003 0.004 0.093 0.019 0.003 0.198 0.174 0.001 
32 rake_vis 30 0.002 0.000 0.001 0.002 0.009 0.997 0.001 0.990 0.007 0.010 0.000 0.000 0.035 0.000 0.001 0.000 0.000 0.000 0.001 0.000 0.000 0.000 0.001 0.001 0.000 0.000 0.000 0.008 0.006 0.002 0.067 0.003 0.001 0.149 0.000 0.003 0.001 0.000 0.001 0.001 0.004 0.394 0.846 0.005 0.030 0.714 0.002 0.001 0.001 0.001 0.002 0.004 0.011 0.001 0.002 0.001 0.002 0.014 
33 shovel_vis 30 0.002 0.002 0.001 0.002 0.001 0.997 0.001 0.498 0.008 0.540 0.000 0.001 0.028 0.001 0.002 0.000 0.000 0.000 0.001 0.000 0.000 0.003 0.001 0.001 0.000 0.000 0.000 0.002 0.000 0.001 0.001 0.001 0.001 0.004 0.000 0.001 0.001 0.001 0.002 0.005 0.002 0.611 0.026 0.027 0.007 0.180 0.005 0.001 0.008 0.001 0.001 0.003 0.101 0.003 0.004 0.045 0.230 0.001 
34 spade_vis 30 0.002 0.000 0.001 0.003 0.012 0.996 0.001 0.963 0.017 0.005 0.000 0.001 0.136 0.000 0.001 0.000 0.000 0.000 0.001 0.000 0.001 0.000 0.002 0.001 0.001 0.000 0.000 0.007 0.021 0.001 0.110 0.015 0.010 0.622 0.000 0.001 0.001 0.000 0.000 0.002 0.001 0.760 0.023 0.008 0.456 0.149 0.005 0.024 0.001 0.000 0.011 0.005 0.096 0.000 0.002 0.001 0.043 0.000 
35 wrench_vis 30 0.002 0.014 0.004 0.001 0.001 0.997 0.001 0.127 0.025 0.851 0.001 0.000 0.004 0.002 0.028 0.000 0.001 0.000 0.002 0.000 0.000 0.014 0.001 0.001 0.000 0.000 0.000 0.001 0.000 0.001 0.000 0.000 0.001 0.001 0.000 0.001 0.001 0.000 0.005 0.000 0.001 0.003 0.046 0.002 0.002 0.491 0.007 0.001 0.002 0.239 0.001 0.009 0.010 0.003 0.023 0.889 0.029 0.162 
36 accordion_vis 30 0.478 0.023 0.554 0.001 0.001 0.913 0.001 0.001 0.994 0.002 0.000 0.256 0.013 0.001 0.314 0.001 0.041 0.012 0.809 0.064 0.000 0.078 0.002 0.001 0.000 0.001 0.000 0.019 0.000 0.003 0.000 0.004 0.015 0.000 0.000 0.001 0.001 0.001 0.000 0.001 0.000 0.001 0.000 0.001 0.001 0.022 0.360 0.009 0.009 0.568 0.378 0.014 0.001 0.009 0.001 0.001 0.012 0.000 
37 cello_vis 30 0.199 0.007 0.432 0.001 0.001 0.993 0.001 0.001 0.994 0.001 0.000 0.226 0.008 0.001 0.346 0.001 0.026 0.016 0.862 0.045 0.000 0.118 0.001 0.001 0.000 0.001 0.000 0.074 0.000 0.005 0.000 0.003 0.004 0.000 0.000 0.002 0.001 0.001 0.000 0.001 0.000 0.001 0.001 0.002 0.001 0.138 0.411 0.002 0.004 0.500 0.013 0.113 0.001 0.018 0.001 0.001 0.002 0.001 
38 flute_vis 30 0.081 0.023 0.100 0.001 0.001 0.994 0.001 0.001 0.994 0.001 0.000 0.337 0.016 0.001 0.340 0.001 0.021 0.003 0.643 0.009 0.000 0.029 0.001 0.001 0.000 0.000 0.000 0.026 0.000 0.010 0.000 0.013 0.003 0.000 0.000 0.002 0.001 0.003 0.000 0.001 0.000 0.001 0.001 0.003 0.000 0.192 0.489 0.001 0.011 0.180 0.003 0.273 0.001 0.051 0.001 0.001 0.002 0.001 
39 guitar_vis 30 0.489 0.089 0.289 0.001 0.001 0.981 0.001 0.001 0.993 0.001 0.000 0.480 0.060 0.001 0.718 0.001 0.013 0.012 0.890 0.024 0.000 0.080 0.001 0.001 0.000 0.001 0.000 0.054 0.000 0.005 0.000 0.015 0.006 0.000 0.000 0.001 0.001 0.001 0.000 0.000 0.000 0.000 0.001 0.001 0.000 0.244 0.097 0.001 0.003 0.851 0.040 0.023 0.001 0.011 0.001 0.001 0.003 0.001 
40 piano_vis 30 0.003 0.000 0.018 0.003 0.001 0.995 0.001 0.001 0.995 0.001 0.000 0.044 0.001 0.000 0.013 0.001 0.044 0.001 0.089 0.006 0.000 0.003 0.004 0.001 0.000 0.001 0.000 0.007 0.000 0.005 0.000 0.001 0.031 0.000 0.000 0.002 0.001 0.001 0.000 0.003 0.000 0.005 0.001 0.001 0.001 0.002 0.884 0.006 0.011 0.015 0.039 0.009 0.001 0.030 0.001 0.000 0.013 0.000 
41 trumpet_vis 30 0.013 0.300 0.004 0.002 0.001 0.996 0.001 0.002 0.914 0.007 0.016 0.050 0.579 0.000 0.312 0.000 0.001 0.005 0.004 0.000 0.000 0.156 0.002 0.001 0.000 0.000 0.000 0.012 0.002 0.004 0.001 0.005 0.001 0.000 0.000 0.002 0.001 0.003 0.000 0.001 0.000 0.002 0.001 0.003 0.001 0.719 0.065 0.008 0.004 0.117 0.002 0.849 0.001 0.003 0.001 0.001 0.195 0.322 
42 fork_vis 30 0.004 0.020 0.003 0.001 0.001 0.995 0.001 0.001 0.994 0.382 0.000 0.002 0.003 0.001 0.715 0.008 0.096 0.000 0.003 0.000 0.000 0.001 0.004 0.001 0.000 0.000 0.000 0.000 0.000 0.014 0.000 0.001 0.057 0.000 0.000 0.001 0.000 0.000 0.000 0.001 0.000 0.003 0.000 0.000 0.000 0.003 0.946 0.001 0.001 0.112 0.148 0.001 0.060 0.447 0.001 0.001 0.839 0.001 
43 spoon_vis 30 0.004 0.068 0.005 0.001 0.001 0.995 0.001 0.001 0.995 0.366 0.000 0.012 0.011 0.001 0.945 0.011 0.021 0.000 0.018 0.000 0.000 0.001 0.005 0.001 0.000 0.000 0.000 0.000 0.000 0.011 0.000 0.001 0.318 0.000 0.000 0.001 0.000 0.000 0.000 0.001 0.000 0.001 0.000 0.000 0.000 0.008 0.678 0.002 0.001 0.757 0.243 0.001 0.029 0.423 0.001 0.001 0.816 0.002 
44 tongs_vis 30 0.003 0.001 0.002 0.001 0.008 0.996 0.001 0.980 0.013 0.011 0.000 0.001 0.060 0.000 0.001 0.000 0.000 0.000 0.001 0.000 0.001 0.001 0.001 0.001 0.000 0.000 0.000 0.004 0.006 0.002 0.049 0.003 0.001 0.223 0.000 0.002 0.001 0.001 0.001 0.001 0.003 0.214 0.729 0.002 0.039 0.877 0.002 0.002 0.001 0.002 0.002 0.007 0.020 0.001 0.002 0.002 0.002 0.022 
45 ladle_vis 30 0.003 0.056 0.004 0.001 0.001 0.997 0.001 0.032 0.886 0.289 0.000 0.006 0.002 0.001 0.964 0.005 0.008 0.000 0.053 0.000 0.000 0.000 0.001 0.001 0.000 0.000 0.000 0.000 0.000 0.041 0.000 0.001 0.008 0.001 0.000 0.001 0.000 0.000 0.000 0.000 0.000 0.002 0.002 0.001 0.001 0.865 0.056 0.001 0.001 0.412 0.005 0.002 0.037 0.289 0.003 0.098 0.002 0.003 
46 knife_vis 30 0.011 0.164 0.004 0.001 0.001 0.995 0.001 0.001 0.992 0.055 0.000 0.058 0.026 0.001 0.975 0.011 0.004 0.000 0.073 0.000 0.000 0.001 0.002 0.001 0.000 0.000 0.000 0.000 0.000 0.008 0.000 0.002 0.178 0.000 0.000 0.001 0.000 0.000 0.000 0.000 0.000 0.001 0.000 0.000 0.000 0.019 0.039 0.003 0.001 0.931 0.073 0.001 0.004 0.076 0.001 0.001 0.240 0.011 
47 chopsticks_vis 30 0.004 0.073 0.004 0.001 0.001 0.995 0.001 0.001 0.985 0.049 0.000 0.026 0.013 0.001 0.939 0.005 0.002 0.000 0.027 0.000 0.000 0.001 0.001 0.001 0.000 0.000 0.000 0.000 0.000 0.005 0.000 0.001 0.106 0.000 0.000 0.001 0.001 0.000 0.000 0.000 0.000 0.000 0.000 0.000 0.000 0.007 0.007 0.002 0.001 0.951 0.054 0.001 0.002 0.056 0.001 0.002 0.284 0.015 
