0 beaver_vis 30 0.995 0.992 0.005 0.000 0.001 0.012 0.000 0.000 0.000 0.003 0.301 0.001 0.077 0.042 0.769 0.020 0.006 0.001 0.000 0.000 0.005 0.000 0.000 0.000 0.000 0.000 0.001 0.000 0.006 0.004 0.002 0.000 0.000 0.000 0.001 0.001 0.002 0.000 0.000 0.000 0.000 0.000 0.000 0.000 0.000 0.020 0.000 0.001 0.010 0.000 0.000 0.000 0.010 0.006 0.001 0.000 0.001 0.003 
1 bear_vis 30 0.994 0.991 0.005 0.000 0.007 0.008 0.031 0.000 0.000 0.001 0.002 0.976 0.006 0.012 0.001 0.057 0.000 0.000 0.001 0.022 0.001 0.000 0.000 0.000 0.000 0.000 0.000 0.000 0.036 0.000 0.005 0.000 0.000 0.000 0.006 0.004 0.001 0.000 0.005 0.012 0.000 0.000 0.000 0.000 0.000 0.004 0.000 0.001 0.001 0.000 0.000 0.000 0.001 0.009 0.001 0.000 0.000 0.003 
2 sheep_vis 30 0.994 0.911 0.017 0.000 0.215 0.002 0.022 0.000 0.000 0.000 0.002 0.002 0.908 0.000 0.002 0.055 0.021 0.001 0.105 0.000 0.000 0.001 0.000 0.001 0.000 0.000 0.000 0.000 0.228 0.014 0.033 0.001 0.000 0.000 0.749 0.001 0.153 0.003 0.000 0.009 0.000 0.000 0.000 0.001 0.000 0.001 0.000 0.001 0.091 0.000 0.000 0.000 0.000 0.000 0.000 0.000 0.005 0.000 
3 buffalo_vis 30 0.995 0.993 0.004 0.000 0.001 0.016 0.001 0.000 0.000 0.016 0.009 0.035 0.012 0.849 0.022 0.003 0.000 0.000 0.000 0.001 0.003 0.001 0.000 0.000 0.000 0.000 0.001 0.000 0.001 0.000 0.000 0.000 0.000 0.000 0.000 0.002 0.002 0.000 0.002 0.003 0.000 0.000 0.000 0.000 0.000 0.001 0.000 0.001 0.000 0.000 0.000 0.000 0.014 0.047 0.002 0.000 0.001 0.004 
4 poodle_vis 30 0.995 0.993 0.005 0.000 0.001 0.039 0.001 0.000 0.000 0.010 0.038 0.001 0.035 0.008 0.907 0.023 0.008 0.000 0.000 0.001 0.004 0.000 0.000 0.000 0.000 0.000 0.000 0.000 0.002 0.004 0.001 0.000 0.000 0.000 0.012 0.001 0.002 0.000 0.000 0.000 0.000 0.000 0.000 0.000 0.000 0.019 0.001 0.001 0.017 0.000 0.000 0.000 0.018 0.002 0.001 0.000 0.024 0.002 
5 giraffe_vis 30 0.994 0.993 0.012 0.000 0.005 0.002 0.001 0.000 0.000 0.001 0.063 0.092 0.009 0.001 0.024 0.943 0.001 0.000 0.001 0.008 0.001 0.000 0.000 0.000 0.000 0.000 0.000 0.000 0.033 0.002 0.008 0.001 0.000 0.001 0.008 0.002 0.032 0.000 0.000 0.001 0.000 0.000 0.000 0.000 0.000 0.036 0.001 0.000 0.003 0.000 0.000 0.000 0.001 0.001 0.000 0.000 0.000 0.001 
6 robin_vis 30 0.995 0.014 0.982 0.091 0.001 0.001 0.000 0.000 0.000 0.001 0.000 0.000 0.447 0.000 0.024 0.001 0.980 0.175 0.033 0.000 0.013 0.342 0.001 0.527 0.000 0.001 0.023 0.018 0.003 0.004 0.001 0.000 0.000 0.000 0.021 0.001 0.002 0.020 0.000 0.000 0.000 0.000 0.000 0.097 0.000 0.004 0.001 0.001 0.021 0.000 0.000 0.000 0.001 0.000 0.002 0.001 0.007 0.000 
7 swan_vis 30 0.995 0.033 0.984 0.009 0.000 0.001 0.000 0.000 0.000 0.001 0.052 0.000 0.003 0.002 0.001 0.000 0.047 0.955 0.003 0.004 0.039 0.186 0.001 0.001 0.001 0.000 0.088 0.012 0.001 0.000 0.000 0.000 0.000 0.000 0.000 0.009 0.000 0.000 0.000 0.000 0.000 0.000 0.002 0.000 0.000 0.010 0.000 0.007 0.000 0.000 0.000 0.000 0.002 0.000 0.001 0.002 0.000 0.001 
8 woodpecker_vis 30 0.993 0.000 0.988 0.003 0.001 0.001 0.049 0.010 0.000 0.000 0.000 0.003 0.046 0.000 0.000 0.000 0.002 0.001 0.974 0.083 0.002 0.043 0.004 0.000 0.012 0.123 0.001 0.000 0.012 0.000 0.006 0.000 0.002 0.000 0.052 0.001 0.000 0.063 0.001 0.028 0.052 0.001 0.001 0.116 0.000 0.001 0.000 0.002 0.000 0.000 0.000 0.000 0.000 0.000 0.001 0.000 0.000 0.000 
9 peacock_vis 30 0.993 0.019 0.853 0.000 0.000 0.003 0.009 0.003 0.000 0.001 0.000 0.022 0.000 0.005 0.000 0.002 0.000 0.000 0.019 0.314 0.007 0.001 0.000 0.000 0.002 0.003 0.002 0.000 0.001 0.000 0.000 0.000 0.000 0.000 0.001 0.015 0.000 0.002 0.006 0.001 0.005 0.001 0.001 0.000 0.000 0.056 0.000 0.006 0.000 0.000 0.000 0.000 0.002 0.001 0.026 0.000 0.000 0.001 
10 crow_vis 30 0.995 0.175 0.991 0.005 0.000 0.001 0.001 0.000 0.000 0.005 0.235 0.000 0.001 0.003 0.027 0.000 0.423 0.948 0.001 0.024 0.833 0.044 0.001 0.003 0.001 0.000 0.030 0.097 0.000 0.000 0.000 0.000 0.000 0.000 0.001 0.005 0.000 0.000 0.000 0.000 0.000 0.001 0.009 0.000 0.000 0.087 0.000 0.009 0.000 0.000 0.000 0.000 0.028 0.000 0.001 0.003 0.001 0.001 
11 eagle_vis 30 0.995 0.004 0.961 0.020 0.000 0.001 0.001 0.000 0.000 0.006 0.001 0.000 0.008 0.003 0.000 0.000 0.003 0.101 0.016 0.001 0.006 0.923 0.008 0.000 0.050 0.000 0.091 0.001 0.000 0.000 0.000 0.000 0.000 0.000 0.001 0.009 0.000 0.001 0.002 0.002 0.005 0.000 0.001 0.000 0.000 0.001 0.000 0.005 0.000 0.000 0.000 0.000 0.001 0.000 0.005 0.013 0.000 0.004 
12 tuna_vis 30 0.995 0.000 0.003 0.988 0.039 0.028 0.000 0.005 0.000 0.002 0.000 0.000 0.000 0.001 0.000 0.000 0.000 0.000 0.001 0.000 0.002 0.001 0.595 0.058 0.028 0.003 0.001 0.002 0.000 0.000 0.001 0.000 0.003 0.023 0.000 0.000 0.000 0.001 0.000 0.000 0.002 0.002 0.001 0.021 0.002 0.000 0.000 0.002 0.000 0.000 0.000 0.000 0.000 0.007 0.001 0.012 0.000 0.000 
13 goldfish_vis 30 0.995 0.001 0.001 0.680 0.716 0.037 0.000 0.002 0.001 0.000 0.000 0.001 0.003 0.000 0.000 0.000 0.001 0.000 0.005 0.000 0.000 0.000 0.294 0.504 0.000 0.009 0.013 0.001 0.022 0.003 0.330 0.001 0.001 0.003 0.000 0.001 0.000 0.001 0.000 0.001 0.001 0.001 0.000 0.039 0.000 0.003 0.000 0.002 0.000 0.001 0.000 0.001 0.000 0.003 0.001 0.000 0.000 0.000 
14 salmon_vis 30 0.995 0.000 0.003 0.992 0.009 0.001 0.000 0.003 0.000 0.001 0.000 0.000 0.000 0.209 0.000 0.000 0.000 0.000 0.003 0.001 0.001 0.018 0.029 0.001 0.961 0.074 0.059 0.147 0.000 0.000 0.000 0.010 0.009 0.006 0.000 0.001 0.000 0.001 0.001 0.000 0.002 0.002 0.001 0.001 0.033 0.000 0.001 0.001 0.000 0.000 0.006 0.000 0.000 0.000 0.001 0.024 0.000 0.000 
15 sardine_vis 30 0.994 0.000 0.001 0.969 0.069 0.001 0.000 0.009 0.001 0.000 0.000 0.000 0.000 0.001 0.000 0.001 0.001 0.000 0.009 0.002 0.000 0.000 0.000 0.001 0.006 0.959 0.001 0.004 0.005 0.001 0.000 0.013 0.003 0.001 0.000 0.001 0.000 0.081 0.001 0.000 0.000 0.002 0.000 0.025 0.144 0.000 0.097 0.001 0.000 0.000 0.002 0.000 0.000 0.000 0.000 0.000 0.000 0.000 
16 catfish_vis 30 0.996 0.000 0.006 0.993 0.006 0.001 0.000 0.001 0.000 0.001 0.000 0.000 0.001 0.004 0.000 0.000 0.003 0.002 0.002 0.000 0.001 0.020 0.043 0.077 0.011 0.036 0.907 0.007 0.034 0.000 0.000 0.000 0.000 0.001 0.000 0.001 0.000 0.082 0.000 0.000 0.001 0.001 0.000 0.031 0.001 0.001 0.001 0.003 0.002 0.000 0.000 0.000 0.000 0.000 0.029 0.003 0.000 0.000 
17 cod_vis 30 0.994 0.000 0.004 0.984 0.044 0.001 0.000 0.012 0.000 0.000 0.000 0.000 0.000 0.001 0.000 0.000 0.001 0.000 0.015 0.004 0.001 0.000 0.001 0.001 0.093 0.956 0.002 0.014 0.004 0.000 0.000 0.028 0.006 0.002 0.000 0.001 0.000 0.022 0.002 0.000 0.001 0.004 0.001 0.022 0.120 0.000 0.023 0.001 0.000 0.000 0.005 0.000 0.000 0.000 0.000 0.000 0.000 0.000 
18 turtle_vis 30 0.995 0.044 0.000 0.015 0.992 0.005 0.000 0.000 0.034 0.000 0.000 0.012 0.041 0.001 0.000 0.003 0.000 0.000 0.006 0.000 0.000 0.000 0.002 0.001 0.000 0.017 0.002 0.000 0.593 0.017 0.488 0.037 0.001 0.001 0.001 0.001 0.001 0.005 0.000 0.009 0.000 0.001 0.000 0.001 0.000 0.001 0.002 0.001 0.011 0.023 0.001 0.004 0.000 0.001 0.000 0.000 0.000 0.000 
19 rattlesnake_vis 30 0.992 0.028 0.000 0.007 0.992 0.012 0.000 0.000 0.024 0.000 0.000 0.000 0.004 0.001 0.000 0.023 0.000 0.000 0.001 0.000 0.000 0.000 0.001 0.006 0.000 0.003 0.000 0.001 0.001 0.933 0.020 0.019 0.165 0.015 0.000 0.001 0.002 0.001 0.000 0.000 0.000 0.001 0.000 0.001 0.001 0.000 0.032 0.001 0.000 0.012 0.003 0.016 0.000 0.001 0.000 0.000 0.000 0.000 
20 crab_vis 30 0.995 0.019 0.000 0.003 0.993 0.051 0.000 0.000 0.032 0.000 0.000 0.002 0.014 0.000 0.000 0.001 0.000 0.000 0.003 0.000 0.000 0.000 0.015 0.004 0.000 0.002 0.000 0.000 0.030 0.056 0.902 0.002 0.008 0.009 0.000 0.000 0.000 0.001 0.000 0.001 0.000 0.001 0.000 0.001 0.000 0.001 0.000 0.001 0.001 0.067 0.001 0.040 0.000 0.004 0.000 0.000 0.000 0.000 
21 frog_vis 30 0.993 0.015 0.000 0.054 0.988 0.001 0.000 0.000 0.002 0.000 0.000 0.027 0.005 0.034 0.000 0.002 0.000 0.000 0.002 0.000 0.000 0.000 0.000 0.000 0.004 0.056 0.000 0.001 0.074 0.005 0.000 0.935 0.044 0.001 0.000 0.001 0.002 0.006 0.011 0.027 0.000 0.001 0.000 0.000 0.001 0.000 0.021 0.001 0.000 0.001 0.006 0.001 0.000 0.001 0.000 0.000 0.000 0.000 
22 gecko_vis 30 0.993 0.003 0.000 0.015 0.992 0.008 0.000 0.001 0.001 0.000 0.000 0.010 0.001 0.001 0.000 0.001 0.000 0.000 0.002 0.000 0.000 0.000 0.014 0.000 0.002 0.003 0.000 0.001 0.000 0.020 0.007 0.025 0.910 0.014 0.000 0.000 0.000 0.001 0.007 0.001 0.000 0.001 0.001 0.000 0.007 0.000 0.001 0.001 0.000 0.004 0.002 0.003 0.000 0.004 0.000 0.000 0.000 0.000 
23 crocodile_vis 30 0.994 0.010 0.000 0.004 0.993 0.002 0.000 0.001 0.006 0.000 0.001 0.004 0.001 0.001 0.000 0.002 0.000 0.000 0.003 0.000 0.001 0.000 0.002 0.000 0.000 0.002 0.000 0.001 0.001 0.025 0.049 0.149 0.164 0.959 0.000 0.000 0.001 0.000 0.000 0.000 0.000 0.001 0.000 0.000 0.000 0.000 0.000 0.001 0.000 0.001 0.005 0.015 0.000 0.001 0.000 0.000 0.000 0.000 
24 axe_vis 30 0.001 0.000 0.001 0.000 0.000 0.995 0.992 0.003 0.006 0.001 0.000 0.000 0.012 0.000 0.000 0.000 0.025 0.000 0.001 0.000 0.000 0.000 0.000 0.000 0.000 0.000 0.000 0.000 0.000 0.000 0.000 0.000 0.000 0.000 0.919 0.001 0.080 0.035 0.129 0.007 0.000 0.000 0.001 0.011 0.004 0.001 0.199 0.000 0.017 0.002 0.000 0.000 0.003 0.000 0.001 0.002 0.018 0.001 
25 hammer_vis 30 0.001 0.000 0.001 0.000 0.000 0.994 0.987 0.016 0.001 0.001 0.000 0.000 0.000 0.000 0.000 0.000 0.000 0.000 0.001 0.001 0.000 0.000 0.000 0.000 0.004 0.001 0.000 0.000 0.000 0.000 0.000 0.000 0.000 0.000 0.000 0.263 0.005 0.542 0.014 0.009 0.005 0.003 0.001 0.013 0.013 0.000 0.001 0.000 0.000 0.000 0.001 0.000 0.009 0.000 0.004 0.000 0.000 0.000 
26 screwdriver_vis 30 0.001 0.000 0.000 0.000 0.000 0.995 0.993 0.003 0.002 0.001 0.000 0.000 0.001 0.000 0.000 0.000 0.000 0.000 0.000 0.000 0.000 0.000 0.000 0.000 0.000 0.000 0.000 0.000 0.000 0.000 0.000 0.000 0.000 0.000 0.012 0.034 0.018 0.960 0.082 0.094 0.001 0.001 0.000 0.011 0.044 0.000 0.010 0.000 0.001 0.000 0.001 0.000 0.003 0.000 0.024 0.000 0.001 0.000 
27 chisel_vis 30 0.001 0.000 0.000 0.000 0.000 0.995 0.993 0.008 0.001 0.001 0.000 0.000 0.000 0.000 0.000 0.000 0.000 0.000 0.001 0.000 0.000 0.000 0.000 0.000 0.001 0.000 0.000 0.000 0.000 0.000 0.000 0.000 0.001 0.000 0.008 0.034 0.006 0.985 0.079 0.056 0.001 0.001 0.000 0.020 0.097 0.000 0.007 0.000 0.001 0.000 0.000 0.000 0.004 0.000 0.024 0.000 0.000 0.000 
28 saw_vis 30 0.001 0.000 0.000 0.000 0.000 0.994 0.993 0.001 0.001 0.005 0.000 0.007 0.001 0.001 0.000 0.000 0.000 0.000 0.000 0.000 0.000 0.000 0.000 0.000 0.001 0.000 0.000 0.000 0.000 0.000 0.000 0.000 0.001 0.000 0.010 0.009 0.007 0.009 0.749 0.127 0.000 0.000 0.000 0.001 0.018 0.000 0.002 0.000 0.000 0.000 0.000 0.000 0.013 0.001 0.001 0.002 0.001 0.001 
29 drill_vis 30 0.001 0.000 0.000 0.000 0.000 0.995 0.993 0.000 0.000 0.008 0.000 0.001 0.001 0.000 0.000 0.000 0.000 0.000 0.000 0.001 0.000 0.000 0.000 0.000 0.000 0.000 0.000 0.000 0.000 0.000 0.000 0.000 0.000 0.000 0.003 0.203 0.018 0.094 0.022 0.307 0.000 0.003 0.000 0.000 0.000 0.000 0.000 0.000 0.000 0.000 0.000 0.000 0.046 0.000 0.004 0.000 0.001 0.001 
30 clamp_vis 30 0.002 0.000 0.004 0.001 0.000 0.974 0.686 0.184 0.001 0.001 0.000 0.000 0.000 0.000 0.000 0.000 0.000 0.000 0.004 0.001 0.000 0.000 0.000 0.000 0.003 0.001 0.000 0.000 0.000 0.000 0.000 0.000 0.006 0.000 0.000 0.044 0.008 0.490 0.001 0.003 0.020 0.015 0.006 0.035 0.010 0.001 0.001 0.000 0.000 0.000 0.001 0.001 0.001 0.000 0.003 0.000 0.000 0.000 
31 hoe_vis 30 0.002 0.000 0.000 0.005 0.000 0.994 0.001 0.982 0.005 0.050 0.000 0.000 0.000 0.000 0.000 0.000 0.000 0.000 0.000 0.003 0.000 0.000 0.001 0.001 0.000 0.003 0.000 0.000 0.000 0.000 0.000 0.000 0.015 0.000 0.000 0.001 0.000 0.003 0.011 0.000 0.002 0.087 0.006 0.002 0.884 0.012 0.034 0.001 0.000 0.106 0.002 0.004 0.000 0.376 0.071 0.016 0.000 0.000 
32 rake_vis 30 0.002 0.000 0.001 0.003 0.000 0.993 0.011 0.963 0.001 0.001 0.000 0.000 0.000 0.000 0.000 0.000 0.000 0.000 0.001 0.001 0.000 0.000 0.001 0.001 0.000 0.002 0.000 0.000 0.000 0.000 0.000 0.000 0.010 0.000 0.000 0.002 0.000 0.005 0.001 0.000 0.007 0.006 0.185 0.002 0.436 0.001 0.002 0.001 0.000 0.000 0.001 0.002 0.000 0.000 0.002 0.003 0.000 0.000 
33 shovel_vis 30 0.001 0.000 0.004 0.001 0.000 0.995 0.066 0.985 0.001 0.009 0.000 0.000 0.000 0.000 0.000 0.000 0.001 0.000 0.013 0.001 0.000 0.000 0.002 0.001 0.000 0.001 0.000 0.000 0.000 0.000 0.000 0.000 0.004 0.000 0.002 0.001 0.008 0.114 0.001 0.001 0.023 0.002 0.002 0.980 0.075 0.003 0.001 0.000 0.001 0.000 0.000 0.001 0.000 0.002 0.006 0.010 0.001 0.000 
34 spade_vis 30 0.001 0.000 0.000 0.011 0.000 0.994 0.001 0.983 0.003 0.003 0.000 0.000 0.000 0.000 0.000 0.000 0.000 0.000 0.000 0.001 0.000 0.000 0.003 0.000 0.002 0.005 0.000 0.000 0.000 0.000 0.000 0.000 0.095 0.000 0.000 0.001 0.000 0.015 0.028 0.000 0.005 0.004 0.006 0.020 0.981 0.002 0.012 0.001 0.000 0.001 0.003 0.002 0.000 0.012 0.096 0.021 0.000 0.000 
35 wrench_vis 30 0.002 0.000 0.000 0.016 0.000 0.995 0.001 0.990 0.004 0.002 0.000 0.000 0.000 0.000 0.000 0.000 0.000 0.000 0.000 0.001 0.000 0.000 0.002 0.005 0.001 0.011 0.000 0.000 0.000 0.000 0.000 0.000 0.045 0.000 0.000 0.001 0.000 0.007 0.009 0.000 0.002 0.006 0.011 0.057 0.973 0.006 0.060 0.001 0.000 0.002 0.001 0.002 0.000 0.003 0.030 0.026 0.000 0.000 
36 accordion_vis 30 0.001 0.000 0.000 0.002 0.002 0.990 0.077 0.001 0.990 0.001 0.000 0.000 0.002 0.000 0.000 0.003 0.002 0.000 0.000 0.000 0.000 0.000 0.000 0.001 0.000 0.003 0.000 0.003 0.000 0.127 0.000 0.001 0.002 0.000 0.002 0.001 0.037 0.005 0.104 0.001 0.000 0.001 0.001 0.002 0.156 0.000 0.979 0.001 0.100 0.012 0.056 0.001 0.000 0.000 0.001 0.001 0.001 0.000 
37 cello_vis 30 0.010 0.001 0.000 0.004 0.022 0.926 0.024 0.001 0.989 0.001 0.002 0.001 0.006 0.001 0.000 0.001 0.001 0.000 0.003 0.000 0.000 0.000 0.000 0.001 0.001 0.009 0.000 0.025 0.007 0.005 0.000 0.008 0.004 0.003 0.002 0.035 0.012 0.001 0.012 0.002 0.001 0.004 0.006 0.000 0.007 0.001 0.023 0.591 0.006 0.004 0.736 0.004 0.000 0.000 0.001 0.006 0.000 0.001 
38 flute_vis 30 0.005 0.001 0.000 0.001 0.001 0.995 0.019 0.048 0.528 0.149 0.000 0.002 0.000 0.000 0.004 0.002 0.002 0.000 0.001 0.000 0.000 0.000 0.001 0.001 0.000 0.001 0.000 0.000 0.000 0.001 0.004 0.000 0.004 0.000 0.035 0.002 0.001 0.066 0.001 0.001 0.013 0.001 0.002 0.012 0.003 0.519 0.005 0.000 0.022 0.091 0.001 0.694 0.001 0.178 0.839 0.000 0.001 0.009 
39 guitar_vis 30 0.002 0.000 0.000 0.002 0.001 0.993 0.103 0.001 0.990 0.001 0.000 0.000 0.002 0.000 0.001 0.002 0.002 0.000 0.000 0.000 0.000 0.000 0.000 0.002 0.000 0.002 0.000 0.002 0.000 0.098 0.000 0.001 0.001 0.000 0.008 0.001 0.029 0.010 0.074 0.001 0.000 0.001 0.001 0.002 0.103 0.001 0.953 0.001 0.176 0.019 0.034 0.001 0.000 0.000 0.001 0.001 0.002 0.000 
40 piano_vis 30 0.002 0.000 0.000 0.002 0.004 0.981 0.011 0.001 0.988 0.001 0.000 0.000 0.001 0.001 0.000 0.003 0.000 0.000 0.001 0.000 0.000 0.000 0.000 0.001 0.001 0.006 0.000 0.039 0.000 0.018 0.000 0.017 0.006 0.002 0.000 0.009 0.053 0.001 0.017 0.001 0.000 0.009 0.002 0.001 0.038 0.000 0.318 0.010 0.002 0.002 0.890 0.003 0.000 0.000 0.000 0.002 0.000 0.000 
41 trumpet_vis 30 0.003 0.000 0.000 0.001 0.008 0.994 0.001 0.015 0.970 0.008 0.000 0.000 0.000 0.000 0.000 0.000 0.000 0.000 0.000 0.000 0.000 0.000 0.006 0.004 0.000 0.000 0.000 0.000 0.000 0.004 0.012 0.000 0.003 0.001 0.000 0.003 0.001 0.020 0.000 0.001 0.035 0.006 0.011 0.001 0.001 0.016 0.001 0.002 0.017 0.019 0.005 0.948 0.000 0.008 0.161 0.000 0.000 0.001 
42 fork_vis 30 0.002 0.000 0.001 0.000 0.000 0.995 0.063 0.000 0.000 0.960 0.000 0.000 0.001 0.000 0.000 0.000 0.002 0.000 0.000 0.000 0.007 0.042 0.001 0.000 0.001 0.000 0.000 0.045 0.000 0.000 0.000 0.000 0.000 0.000 0.012 0.001 0.001 0.001 0.005 0.005 0.000 0.006 0.015 0.000 0.000 0.000 0.000 0.000 0.000 0.001 0.000 0.000 0.840 0.002 0.001 0.752 0.112 0.007 
43 spoon_vis 30 0.004 0.000 0.000 0.000 0.000 0.995 0.001 0.000 0.000 0.994 0.000 0.000 0.000 0.002 0.001 0.000 0.000 0.000 0.000 0.000 0.001 0.000 0.003 0.000 0.001 0.000 0.000 0.000 0.000 0.000 0.000 0.000 0.001 0.000 0.000 0.000 0.000 0.001 0.002 0.008 0.000 0.007 0.000 0.000 0.000 0.000 0.000 0.000 0.000 0.004 0.000 0.000 0.086 0.979 0.044 0.019 0.012 0.015 
44 tongs_vis 30 0.011 0.000 0.000 0.000 0.000 0.995 0.006 0.003 0.001 0.990 0.000 0.000 0.000 0.000 0.001 0.000 0.000 0.000 0.000 0.000 0.000 0.000 0.029 0.000 0.000 0.000 0.000 0.000 0.000 0.000 0.000 0.000 0.000 0.000 0.001 0.002 0.000 0.106 0.001 0.000 0.014 0.000 0.001 0.000 0.001 0.029 0.000 0.000 0.000 0.000 0.000 0.000 0.081 0.013 0.990 0.010 0.000 0.031 
45 ladle_vis 30 0.003 0.000 0.000 0.021 0.000 0.995 0.001 0.002 0.000 0.990 0.000 0.000 0.000 0.000 0.000 0.000 0.000 0.000 0.000 0.000 0.000 0.001 0.056 0.000 0.004 0.000 0.000 0.000 0.000 0.000 0.000 0.000 0.002 0.000 0.000 0.000 0.000 0.008 0.001 0.001 0.000 0.004 0.001 0.001 0.002 0.000 0.000 0.000 0.000 0.003 0.000 0.000 0.007 0.013 0.024 0.914 0.020 0.002 
46 knife_vis 30 0.010 0.000 0.000 0.000 0.000 0.995 0.005 0.001 0.001 0.993 0.000 0.000 0.000 0.000 0.000 0.000 0.000 0.000 0.000 0.000 0.000 0.000 0.004 0.000 0.000 0.000 0.000 0.000 0.000 0.000 0.000 0.000 0.000 0.000 0.001 0.001 0.000 0.034 0.001 0.002 0.001 0.001 0.000 0.000 0.000 0.001 0.000 0.000 0.000 0.004 0.000 0.000 0.040 0.023 0.386 0.077 0.198 0.013 
47 chopsticks_vis 30 0.032 0.000 0.000 0.000 0.000 0.995 0.007 0.004 0.001 0.992 0.000 0.000 0.000 0.000 0.001 0.000 0.000 0.000 0.000 0.000 0.000 0.000 0.026 0.000 0.000 0.000 0.000 0.000 0.000 0.000 0.000 0.000 0.000 0.000 0.001 0.002 0.000 0.060 0.002 0.001 0.023 0.000 0.001 0.000 0.000 0.068 0.000 0.001 0.000 0.001 0.000 0.000 0.026 0.008 0.987 0.017 0.001 0.086 
0 beaver_vis 30 0.995 0.993 0.009 0.000 0.001 0.012 0.000 0.000 0.000 0.008 0.684 0.003 0.039 0.073 0.502 0.006 0.001 0.009 0.000 0.000 0.018 0.001 0.000 0.000 0.000 0.000 0.002 0.001 0.003 0.001 0.002 0.000 0.000 0.000 0.001 0.004 0.001 0.000 0.000 0.000 0.000 0.000 0.000 0.000 0.000 0.014 0.000 0.003 0.001 0.000 0.000 0.000 0.008 0.005 0.001 0.000 0.001 0.039 
1 bear_vis 30 0.995 0.992 0.006 0.000 0.008 0.003 0.078 0.000 0.000 0.001 0.007 0.980 0.005 0.016 0.001 0.041 0.000 0.000 0.002 0.047 0.001 0.000 0.000 0.000 0.000 0.000 0.000 0.000 0.048 0.000 0.004 0.001 0.000 0.000 0.004 0.019 0.001 0.000 0.012 0.013 0.000 0.000 0.000 0.000 0.000 0.003 0.000 0.001 0.000 0.000 0.000 0.000 0.001 0.006 0.001 0.000 0.000 0.006 
2 sheep_vis 30 0.995 0.987 0.008 0.000 0.016 0.006 0.001 0.000 0.000 0.001 0.014 0.000 0.978 0.002 0.170 0.002 0.120 0.001 0.003 0.000 0.001 0.044 0.000 0.006 0.000 0.000 0.005 0.000 0.040 0.062 0.005 0.000 0.000 0.000 0.063 0.001 0.081 0.001 0.000 0.007 0.000 0.000 0.000 0.000 0.000 0.000 0.000 0.001 0.106 0.000 0.000 0.000 0.001 0.000 0.000 0.000 0.076 0.001 
3 buffalo_vis 30 0.995 0.993 0.006 0.000 0.000 0.012 0.001 0.000 0.000 0.030 0.026 0.065 0.010 0.936 0.013 0.001 0.000 0.000 0.000 0.001 0.006 0.002 0.000 0.000 0.001 0.000 0.001 0.000 0.001 0.000 0.000 0.001 0.000 0.000 0.000 0.003 0.001 0.000 0.006 0.003 0.000 0.000 0.000 0.000 0.000 0.001 0.000 0.001 0.000 0.000 0.000 0.000 0.018 0.055 0.002 0.000 0.000 0.014 
4 poodle_vis 30 0.995 0.993 0.005 0.000 0.001 0.034 0.000 0.000 0.000 0.006 0.050 0.001 0.037 0.012 0.923 0.019 0.007 0.000 0.000 0.000 0.006 0.000 0.000 0.000 0.000 0.000 0.001 0.000 0.002 0.004 0.001 0.000 0.000 0.000 0.002 0.001 0.002 0.000 0.000 0.000 0.000 0.000 0.000 0.000 0.000 0.019 0.000 0.001 0.021 0.000 0.000 0.000 0.024 0.003 0.001 0.000 0.006 0.002 
5 giraffe_vis 30 0.995 0.993 0.012 0.000 0.004 0.002 0.001 0.000 0.000 0.001 0.024 0.044 0.007 0.002 0.028 0.962 0.001 0.000 0.000 0.005 0.001 0.000 0.000 0.000 0.000 0.000 0.000 0.000 0.014 0.004 0.005 0.001 0.000 0.001 0.004 0.001 0.073 0.000 0.000 0.000 0.000 0.000 0.000 0.000 0.000 0.016 0.001 0.001 0.002 0.000 0.000 0.000 0.001 0.001 0.000 0.000 0.000 0.001 
6 robin_vis 30 0.995 0.019 0.964 0.008 0.000 0.003 0.001 0.000 0.000 0.006 0.001 0.000 0.007 0.000 0.047 0.000 0.868 0.058 0.001 0.000 0.010 0.008 0.000 0.022 0.000 0.000 0.005 0.004 0.001 0.000 0.000 0.000 0.000 0.000 0.029 0.001 0.000 0.006 0.000 0.000 0.000 0.000 0.000 0.001 0.000 0.021 0.002 0.001 0.005 0.000 0.000 0.000 0.006 0.000 0.004 0.001 0.131 0.000 
7 swan_vis 30 0.995 0.073 0.979 0.005 0.000 0.001 0.000 0.000 0.000 0.001 0.056 0.000 0.001 0.002 0.002 0.000 0.107 0.930 0.001 0.006 0.054 0.030 0.001 0.001 0.001 0.000 0.053 0.011 0.001 0.000 0.000 0.000 0.000 0.000 0.000 0.006 0.000 0.000 0.000 0.000 0.000 0.000 0.001 0.000 0.000 0.053 0.000 0.004 0.000 0.000 0.000 0.000 0.004 0.000 0.002 0.001 0.000 0.001 
8 woodpecker_vis 30 0.994 0.000 0.988 0.004 0.001 0.001 0.047 0.006 0.000 0.000 0.000 0.003 0.044 0.000 0.000 0.000 0.002 0.001 0.968 0.058 0.005 0.075 0.005 0.000 0.014 0.083 0.002 0.000 0.012 0.000 0.004 0.000 0.001 0.000 0.045 0.002 0.000 0.041 0.002 0.023 0.049 0.001 0.001 0.053 0.000 0.001 0.000 0.003 0.000 0.000 0.000 0.000 0.000 0.000 0.001 0.001 0.000 0.000 
9 peacock_vis 30 0.994 0.017 0.985 0.000 0.000 0.002 0.011 0.008 0.000 0.001 0.001 0.116 0.000 0.003 0.000 0.003 0.000 0.011 0.077 0.916 0.019 0.001 0.000 0.000 0.005 0.008 0.002 0.000 0.003 0.000 0.001 0.000 0.000 0.000 0.001 0.091 0.000 0.001 0.018 0.001 0.025 0.001 0.001 0.000 0.000 0.066 0.000 0.010 0.000 0.000 0.000 0.000 0.001 0.001 0.005 0.000 0.000 0.002 
10 crow_vis 30 0.995 0.156 0.989 0.007 0.000 0.002 0.000 0.000 0.000 0.098 0.002 0.000 0.001 0.494 0.013 0.000 0.021 0.008 0.001 0.101 0.471 0.105 0.004 0.000 0.081 0.000 0.021 0.002 0.000 0.000 0.000 0.000 0.000 0.000 0.000 0.007 0.000 0.001 0.005 0.000 0.000 0.000 0.000 0.000 0.000 0.017 0.000 0.004 0.000 0.000 0.000 0.000 0.095 0.008 0.131 0.008 0.001 0.005 
11 eagle_vis 30 0.995 0.008 0.958 0.012 0.000 0.001 0.001 0.000 0.000 0.008 0.001 0.000 0.003 0.006 0.000 0.000 0.002 0.122 0.007 0.002 0.006 0.768 0.005 0.000 0.032 0.000 0.075 0.002 0.000 0.000 0.000 0.000 0.000 0.000 0.000 0.011 0.000 0.001 0.002 0.001 0.003 0.000 0.001 0.000 0.000 0.001 0.000 0.005 0.000 0.000 0.000 0.000 0.002 0.000 0.007 0.009 0.000 0.004 
12 tuna_vis 30 0.996 0.000 0.024 0.422 0.021 0.186 0.000 0.005 0.000 0.015 0.000 0.000 0.001 0.000 0.000 0.000 0.001 0.001 0.003 0.000 0.003 0.102 0.888 0.024 0.014 0.001 0.048 0.002 0.000 0.000 0.062 0.000 0.001 0.012 0.000 0.000 0.000 0.001 0.000 0.001 0.048 0.001 0.001 0.027 0.000 0.001 0.000 0.009 0.000 0.000 0.000 0.000 0.000 0.008 0.004 0.075 0.002 0.001 
13 goldfish_vis 30 0.995 0.000 0.004 0.988 0.031 0.003 0.000 0.009 0.000 0.000 0.000 0.000 0.001 0.000 0.000 0.000 0.034 0.001 0.002 0.000 0.001 0.001 0.063 0.974 0.000 0.019 0.038 0.011 0.002 0.028 0.005 0.000 0.000 0.011 0.000 0.001 0.000 0.001 0.000 0.000 0.000 0.010 0.001 0.105 0.000 0.002 0.001 0.002 0.000 0.000 0.000 0.000 0.000 0.000 0.001 0.001 0.000 0.000 
14 salmon_vis 30 0.995 0.000 0.004 0.993 0.009 0.001 0.000 0.001 0.000 0.001 0.000 0.000 0.000 0.111 0.000 0.000 0.001 0.000 0.001 0.001 0.001 0.011 0.088 0.002 0.928 0.018 0.014 0.051 0.000 0.000 0.000 0.001 0.009 0.003 0.000 0.001 0.000 0.001 0.001 0.000 0.001 0.004 0.001 0.002 0.013 0.000 0.001 0.001 0.000 0.000 0.002 0.000 0.000 0.001 0.001 0.099 0.000 0.000 
15 sardine_vis 30 0.995 0.000 0.006 0.991 0.009 0.001 0.000 0.001 0.000 0.000 0.000 0.000 0.001 0.001 0.000 0.000 0.090 0.003 0.003 0.000 0.001 0.003 0.006 0.736 0.001 0.110 0.740 0.033 0.033 0.001 0.001 0.000 0.000 0.001 0.000 0.001 0.000 0.017 0.000 0.000 0.000 0.001 0.001 0.043 0.000 0.001 0.005 0.003 0.005 0.000 0.001 0.000 0.000 0.000 0.003 0.001 0.000 0.000 
16 catfish_vis 30 0.996 0.000 0.009 0.993 0.006 0.001 0.000 0.001 0.000 0.001 0.000 0.000 0.001 0.004 0.000 0.000 0.004 0.008 0.001 0.000 0.001 0.041 0.061 0.073 0.011 0.030 0.953 0.011 0.059 0.000 0.001 0.000 0.000 0.001 0.000 0.001 0.000 0.093 0.000 0.000 0.001 0.001 0.001 0.027 0.001 0.001 0.000 0.007 0.003 0.000 0.000 0.000 0.000 0.000 0.045 0.005 0.000 0.000 
17 cod_vis 30 0.995 0.000 0.008 0.993 0.006 0.001 0.000 0.001 0.000 0.001 0.000 0.000 0.000 0.028 0.000 0.000 0.004 0.018 0.001 0.000 0.001 0.013 0.004 0.019 0.303 0.044 0.175 0.615 0.002 0.000 0.000 0.003 0.000 0.008 0.000 0.001 0.000 0.001 0.000 0.000 0.000 0.007 0.001 0.001 0.010 0.000 0.003 0.004 0.000 0.000 0.015 0.000 0.000 0.000 0.001 0.013 0.000 0.000 
18 turtle_vis 30 0.995 0.086 0.000 0.038 0.992 0.001 0.001 0.000 0.046 0.000 0.000 0.078 0.094 0.001 0.000 0.002 0.000 0.000 0.014 0.000 0.000 0.000 0.001 0.001 0.000 0.042 0.050 0.000 0.970 0.005 0.076 0.071 0.001 0.001 0.001 0.001 0.001 0.035 0.000 0.119 0.000 0.000 0.000 0.001 0.000 0.001 0.001 0.002 0.178 0.007 0.001 0.001 0.000 0.000 0.001 0.000 0.000 0.000 
19 rattlesnake_vis 30 0.994 0.017 0.000 0.003 0.992 0.012 0.000 0.000 0.032 0.000 0.000 0.000 0.003 0.000 0.000 0.011 0.000 0.000 0.001 0.000 0.000 0.000 0.001 0.007 0.000 0.002 0.000 0.000 0.001 0.861 0.030 0.007 0.017 0.029 0.000 0.001 0.001 0.000 0.000 0.000 0.000 0.001 0.000 0.000 0.000 0.000 0.015 0.001 0.000 0.009 0.001 0.016 0.000 0.001 0.000 0.000 0.000 0.000 
20 crab_vis 30 0.995 0.026 0.000 0.003 0.993 0.051 0.000 0.000 0.062 0.000 0.000 0.002 0.022 0.000 0.000 0.001 0.000 0.000 0.008 0.000 0.000 0.000 0.017 0.018 0.000 0.002 0.000 0.000 0.095 0.075 0.976 0.001 0.002 0.025 0.000 0.001 0.000 0.001 0.000 0.001 0.001 0.001 0.000 0.002 0.000 0.003 0.000 0.003 0.001 0.053 0.000 0.066 0.000 0.004 0.000 0.000 0.000 0.000 
21 frog_vis 30 0.993 0.016 0.000 0.050 0.988 0.001 0.001 0.000 0.002 0.000 0.000 0.020 0.006 0.019 0.000 0.002 0.000 0.000 0.002 0.000 0.000 0.000 0.000 0.000 0.002 0.042 0.000 0.001 0.066 0.005 0.001 0.901 0.048 0.002 0.000 0.001 0.002 0.009 0.026 0.019 0.000 0.001 0.000 0.000 0.001 0.000 0.035 0.001 0.000 0.001 0.003 0.001 0.000 0.000 0.000 0.000 0.000 0.000 
22 gecko_vis 30 0.994 0.003 0.000 0.033 0.992 0.003 0.000 0.004 0.002 0.000 0.000 0.007 0.001 0.001 0.000 0.001 0.000 0.000 0.002 0.000 0.001 0.000 0.013 0.000 0.001 0.003 0.000 0.000 0.000 0.011 0.008 0.024 0.854 0.166 0.000 0.000 0.000 0.000 0.006 0.001 0.001 0.001 0.000 0.000 0.024 0.000 0.000 0.001 0.000 0.001 0.001 0.003 0.000 0.001 0.000 0.000 0.000 0.000 
23 crocodile_vis 30 0.995 0.002 0.000 0.037 0.991 0.002 0.000 0.007 0.003 0.000 0.000 0.001 0.001 0.000 0.000 0.001 0.000 0.000 0.004 0.000 0.001 0.000 0.003 0.001 0.000 0.006 0.000 0.001 0.001 0.019 0.034 0.016 0.028 0.962 0.000 0.000 0.000 0.000 0.000 0.000 0.001 0.004 0.001 0.000 0.001 0.000 0.000 0.003 0.000 0.001 0.003 0.007 0.000 0.001 0.000 0.000 0.000 0.000 
24 axe_vis 30 0.001 0.000 0.003 0.000 0.000 0.995 0.989 0.005 0.006 0.002 0.000 0.000 0.018 0.000 0.000 0.000 0.137 0.000 0.007 0.000 0.000 0.000 0.000 0.000 0.000 0.000 0.000 0.000 0.000 0.000 0.000 0.000 0.000 0.000 0.956 0.003 0.063 0.099 0.006 0.006 0.000 0.000 0.001 0.035 0.000 0.003 0.010 0.000 0.090 0.002 0.000 0.000 0.005 0.000 0.001 0.001 0.010 0.001 
25 hammer_vis 30 0.002 0.000 0.003 0.000 0.000 0.995 0.985 0.079 0.001 0.008 0.000 0.001 0.000 0.000 0.000 0.000 0.000 0.000 0.000 0.068 0.000 0.000 0.000 0.000 0.002 0.000 0.000 0.000 0.000 0.000 0.000 0.000 0.000 0.000 0.000 0.934 0.004 0.125 0.010 0.001 0.011 0.022 0.000 0.000 0.007 0.001 0.001 0.000 0.000 0.000 0.001 0.000 0.114 0.000 0.021 0.000 0.000 0.000 
26 screwdriver_vis 30 0.001 0.001 0.000 0.000 0.000 0.995 0.983 0.000 0.009 0.001 0.000 0.000 0.013 0.000 0.000 0.005 0.004 0.000 0.001 0.000 0.000 0.000 0.000 0.000 0.000 0.000 0.000 0.000 0.000 0.002 0.000 0.000 0.000 0.000 0.073 0.004 0.875 0.013 0.002 0.010 0.000 0.001 0.000 0.007 0.000 0.000 0.048 0.000 0.012 0.001 0.002 0.000 0.003 0.000 0.000 0.000 0.002 0.000 
27 chisel_vis 30 0.001 0.000 0.001 0.000 0.000 0.995 0.992 0.011 0.002 0.002 0.000 0.000 0.000 0.000 0.000 0.000 0.001 0.000 0.001 0.000 0.000 0.000 0.000 0.000 0.001 0.000 0.000 0.000 0.000 0.000 0.000 0.000 0.000 0.000 0.012 0.035 0.008 0.982 0.061 0.047 0.001 0.001 0.001 0.024 0.079 0.001 0.007 0.000 0.004 0.001 0.001 0.001 0.004 0.000 0.022 0.000 0.001 0.000 
28 saw_vis 30 0.001 0.002 0.000 0.000 0.000 0.995 0.992 0.000 0.001 0.055 0.000 0.055 0.001 0.002 0.000 0.001 0.000 0.000 0.000 0.001 0.000 0.000 0.000 0.000 0.000 0.000 0.000 0.000 0.000 0.000 0.000 0.000 0.001 0.000 0.007 0.010 0.004 0.002 0.893 0.141 0.000 0.000 0.000 0.000 0.000 0.000 0.002 0.000 0.001 0.003 0.000 0.000 0.106 0.066 0.001 0.000 0.001 0.002 
29 drill_vis 30 0.001 0.000 0.000 0.000 0.000 0.995 0.994 0.000 0.001 0.015 0.000 0.002 0.001 0.000 0.000 0.000 0.000 0.000 0.000 0.000 0.000 0.000 0.000 0.000 0.000 0.000 0.000 0.000 0.000 0.000 0.000 0.000 0.000 0.000 0.005 0.047 0.120 0.023 0.027 0.980 0.000 0.001 0.000 0.001 0.000 0.000 0.000 0.000 0.000 0.001 0.000 0.000 0.044 0.001 0.001 0.000 0.003 0.002 
30 clamp_vis 30 0.002 0.000 0.005 0.001 0.000 0.995 0.027 0.836 0.001 0.007 0.000 0.000 0.000 0.000 0.000 0.000 0.000 0.000 0.011 0.001 0.000 0.000 0.003 0.000 0.004 0.001 0.000 0.000 0.000 0.000 0.000 0.000 0.003 0.001 0.000 0.005 0.000 0.015 0.000 0.002 0.837 0.016 0.005 0.037 0.002 0.003 0.001 0.001 0.000 0.000 0.001 0.002 0.000 0.000 0.006 0.003 0.000 0.001 
31 hoe_vis 30 0.003 0.000 0.000 0.002 0.000 0.994 0.001 0.857 0.006 0.072 0.000 0.000 0.000 0.000 0.000 0.000 0.000 0.000 0.000 0.001 0.001 0.000 0.000 0.001 0.000 0.001 0.000 0.000 0.000 0.000 0.000 0.000 0.000 0.000 0.000 0.001 0.000 0.002 0.000 0.000 0.002 0.961 0.004 0.001 0.008 0.010 0.005 0.001 0.001 0.009 0.001 0.007 0.007 0.021 0.003 0.001 0.000 0.000 
32 rake_vis 30 0.002 0.000 0.001 0.002 0.000 0.994 0.006 0.991 0.002 0.003 0.000 0.000 0.000 0.000 0.000 0.000 0.000 0.000 0.001 0.001 0.001 0.000 0.000 0.001 0.000 0.001 0.000 0.000 0.000 0.000 0.000 0.000 0.003 0.002 0.000 0.001 0.000 0.002 0.001 0.000 0.008 0.085 0.958 0.001 0.142 0.008 0.002 0.001 0.000 0.000 0.001 0.006 0.000 0.000 0.003 0.003 0.000 0.000 
33 shovel_vis 30 0.002 0.000 0.023 0.002 0.000 0.995 0.017 0.993 0.001 0.007 0.000 0.000 0.000 0.000 0.000 0.001 0.004 0.000 0.032 0.001 0.001 0.000 0.001 0.010 0.000 0.001 0.000 0.000 0.000 0.000 0.000 0.000 0.001 0.000 0.005 0.001 0.045 0.051 0.000 0.000 0.011 0.006 0.006 0.987 0.041 0.012 0.002 0.000 0.002 0.001 0.000 0.001 0.000 0.001 0.004 0.009 0.001 0.000 
34 spade_vis 30 0.001 0.000 0.000 0.023 0.000 0.994 0.001 0.986 0.006 0.002 0.000 0.000 0.000 0.000 0.000 0.000 0.000 0.000 0.000 0.001 0.000 0.000 0.002 0.002 0.001 0.007 0.000 0.000 0.000 0.000 0.000 0.000 0.027 0.000 0.000 0.001 0.000 0.013 0.002 0.000 0.003 0.011 0.010 0.016 0.965 0.004 0.026 0.001 0.000 0.001 0.003 0.003 0.000 0.001 0.035 0.006 0.000 0.000 
35 wrench_vis 30 0.004 0.000 0.078 0.002 0.000 0.995 0.001 0.993 0.002 0.011 0.000 0.000 0.000 0.000 0.001 0.054 0.010 0.000 0.001 0.090 0.101 0.000 0.001 0.025 0.000 0.001 0.000 0.000 0.000 0.000 0.001 0.000 0.000 0.000 0.008 0.001 0.000 0.001 0.000 0.000 0.004 0.020 0.012 0.021 0.005 0.978 0.002 0.001 0.001 0.001 0.001 0.002 0.001 0.019 0.008 0.002 0.000 0.000 
36 accordion_vis 30 0.001 0.000 0.000 0.002 0.002 0.992 0.027 0.001 0.990 0.001 0.000 0.000 0.002 0.000 0.000 0.004 0.001 0.000 0.000 0.000 0.000 0.000 0.000 0.002 0.000 0.004 0.000 0.003 0.000 0.109 0.000 0.002 0.001 0.000 0.001 0.001 0.055 0.003 0.021 0.001 0.000 0.001 0.001 0.003 0.058 0.001 0.948 0.001 0.117 0.008 0.093 0.002 0.000 0.000 0.001 0.001 0.001 0.000 
37 cello_vis 30 0.006 0.000 0.000 0.001 0.026 0.992 0.002 0.004 0.991 0.002 0.001 0.000 0.006 0.000 0.000 0.001 0.000 0.000 0.005 0.000 0.000 0.000 0.002 0.005 0.000 0.004 0.000 0.001 0.003 0.006 0.015 0.000 0.002 0.018 0.002 0.006 0.003 0.000 0.001 0.002 0.009 0.004 0.008 0.001 0.001 0.009 0.001 0.769 0.013 0.020 0.068 0.031 0.000 0.003 0.001 0.007 0.000 0.024 
38 flute_vis 30 0.002 0.000 0.000 0.004 0.003 0.995 0.044 0.001 0.993 0.001 0.000 0.000 0.042 0.000 0.015 0.002 0.012 0.000 0.002 0.000 0.000 0.000 0.000 0.041 0.000 0.012 0.002 0.000 0.158 0.012 0.001 0.000 0.000 0.000 0.034 0.046 0.028 0.029 0.001 0.019 0.001 0.003 0.000 0.022 0.001 0.036 0.015 0.018 0.986 0.020 0.004 0.027 0.001 0.001 0.008 0.001 0.002 0.000 
39 guitar_vis 30 0.003 0.000 0.000 0.001 0.012 0.995 0.004 0.001 0.992 0.274 0.000 0.000 0.002 0.000 0.002 0.000 0.000 0.000 0.000 0.000 0.000 0.000 0.008 0.035 0.000 0.000 0.000 0.000 0.000 0.024 0.008 0.000 0.001 0.000 0.029 0.001 0.002 0.003 0.000 0.009 0.000 0.021 0.001 0.006 0.000 0.002 0.003 0.005 0.082 0.980 0.001 0.092 0.001 0.160 0.004 0.019 0.316 0.009 
40 piano_vis 30 0.002 0.000 0.000 0.002 0.009 0.988 0.003 0.002 0.980 0.001 0.001 0.000 0.001 0.001 0.000 0.003 0.000 0.000 0.001 0.000 0.000 0.000 0.000 0.001 0.001 0.004 0.000 0.029 0.000 0.015 0.000 0.012 0.010 0.086 0.000 0.007 0.033 0.000 0.002 0.001 0.001 0.048 0.003 0.001 0.009 0.001 0.022 0.038 0.001 0.002 0.945 0.005 0.000 0.001 0.000 0.003 0.000 0.000 
41 trumpet_vis 30 0.002 0.000 0.000 0.012 0.004 0.994 0.001 0.427 0.349 0.002 0.000 0.000 0.000 0.000 0.000 0.000 0.000 0.000 0.000 0.000 0.000 0.000 0.001 0.002 0.000 0.001 0.000 0.000 0.000 0.002 0.001 0.000 0.007 0.001 0.000 0.002 0.001 0.034 0.000 0.000 0.003 0.022 0.010 0.001 0.184 0.001 0.002 0.004 0.001 0.004 0.007 0.238 0.000 0.001 0.021 0.000 0.000 0.001 
42 fork_vis 30 0.003 0.148 0.000 0.000 0.000 0.995 0.030 0.000 0.000 0.992 0.001 0.000 0.000 0.031 0.008 0.000 0.000 0.000 0.000 0.000 0.024 0.001 0.001 0.000 0.001 0.000 0.000 0.002 0.000 0.000 0.000 0.000 0.000 0.000 0.001 0.115 0.008 0.001 0.007 0.013 0.000 0.015 0.000 0.000 0.000 0.000 0.000 0.000 0.000 0.001 0.001 0.000 0.984 0.042 0.002 0.009 0.009 0.014 
43 spoon_vis 30 0.005 0.000 0.000 0.003 0.000 0.995 0.001 0.000 0.001 0.993 0.000 0.000 0.000 0.001 0.001 0.000 0.000 0.000 0.000 0.000 0.002 0.000 0.003 0.001 0.000 0.000 0.000 0.001 0.000 0.000 0.000 0.000 0.001 0.000 0.000 0.000 0.000 0.001 0.002 0.003 0.000 0.123 0.001 0.000 0.000 0.000 0.001 0.000 0.000 0.007 0.000 0.000 0.027 0.733 0.026 0.191 0.015 0.007 
44 tongs_vis 30 0.010 0.000 0.000 0.000 0.000 0.995 0.005 0.004 0.001 0.990 0.000 0.000 0.000 0.000 0.001 0.000 0.000 0.000 0.000 0.000 0.000 0.000 0.012 0.000 0.000 0.000 0.000 0.000 0.000 0.000 0.000 0.000 0.000 0.000 0.001 0.001 0.000 0.070 0.001 0.000 0.006 0.001 0.001 0.000 0.000 0.041 0.000 0.001 0.000 0.001 0.000 0.001 0.095 0.010 0.988 0.007 0.001 0.019 
45 ladle_vis 30 0.003 0.000 0.000 0.008 0.000 0.995 0.001 0.001 0.000 0.992 0.000 0.000 0.000 0.000 0.000 0.000 0.000 0.000 0.000 0.000 0.001 0.000 0.058 0.001 0.002 0.000 0.000 0.000 0.000 0.000 0.000 0.000 0.001 0.000 0.000 0.000 0.000 0.012 0.002 0.001 0.000 0.003 0.000 0.001 0.001 0.000 0.000 0.000 0.000 0.003 0.000 0.000 0.014 0.067 0.089 0.900 0.040 0.002 
46 knife_vis 30 0.002 0.000 0.000 0.000 0.000 0.995 0.003 0.000 0.001 0.991 0.000 0.000 0.002 0.000 0.001 0.000 0.000 0.000 0.000 0.000 0.000 0.000 0.001 0.000 0.000 0.000 0.000 0.000 0.000 0.007 0.000 0.000 0.000 0.000 0.007 0.001 0.013 0.003 0.001 0.044 0.000 0.001 0.000 0.000 0.000 0.000 0.000 0.000 0.000 0.008 0.000 0.000 0.012 0.016 0.004 0.028 0.977 0.011 
47 chopsticks_vis 30 0.007 0.002 0.000 0.000 0.000 0.995 0.005 0.000 0.001 0.987 0.001 0.000 0.020 0.000 0.019 0.000 0.003 0.000 0.000 0.000 0.005 0.043 0.104 0.003 0.000 0.000 0.000 0.000 0.000 0.001 0.000 0.000 0.000 0.000 0.026 0.001 0.000 0.001 0.002 0.007 0.000 0.000 0.002 0.000 0.000 0.000 0.000 0.003 0.000 0.002 0.000 0.001 0.038 0.005 0.049 0.042 0.130 0.763 
