0 beaver_vis 30 0.995 0.148 0.084 0.000 0.001 0.005 0.000 0.000 0.000 0.000 0.281 0.001 0.002 0.001 0.030 0.000 0.000 0.000 0.000 0.010 0.000 0.157 0.005 0.000 0.000 0.000 0.001 0.000 0.000 0.001 0.000 0.000 0.004 0.004 0.000 0.000 0.000 0.000 0.000 0.000 0.000 0.001 0.000 0.000 0.001 0.000 0.000 0.000 0.000 0.001 0.000 0.000 0.000 0.001 0.000 0.000 0.000 0.000 
1 bear_vis 30 0.849 0.898 0.003 0.000 0.002 0.160 0.000 0.001 0.097 0.000 0.886 0.009 0.006 0.013 0.072 0.000 0.001 0.000 0.000 0.011 0.000 0.004 0.000 0.000 0.000 0.000 0.001 0.000 0.000 0.001 0.001 0.000 0.010 0.017 0.000 0.000 0.000 0.000 0.000 0.000 0.000 0.001 0.000 0.000 0.016 0.000 0.001 0.073 0.000 0.001 0.000 0.001 0.000 0.002 0.000 0.000 0.000 0.000 
2 sheep_vis 30 0.995 0.002 0.013 0.557 0.001 0.002 0.001 0.000 0.000 0.000 0.004 0.000 0.014 0.000 0.001 0.000 0.000 0.000 0.003 0.003 0.000 0.045 0.432 0.000 0.019 0.000 0.056 0.005 0.000 0.001 0.000 0.000 0.001 0.016 0.014 0.000 0.000 0.000 0.001 0.001 0.000 0.001 0.000 0.000 0.007 0.000 0.000 0.000 0.000 0.001 0.000 0.000 0.000 0.000 0.000 0.011 0.000 0.000 
3 buffalo_vis 30 0.905 0.911 0.004 0.000 0.006 0.290 0.000 0.000 0.196 0.000 0.188 0.001 0.001 0.166 0.050 0.001 0.002 0.000 0.000 0.001 0.002 0.001 0.000 0.000 0.000 0.000 0.000 0.000 0.000 0.001 0.006 0.000 0.022 0.001 0.000 0.000 0.000 0.000 0.000 0.000 0.000 0.001 0.000 0.000 0.001 0.000 0.001 0.253 0.000 0.001 0.000 0.004 0.000 0.000 0.000 0.000 0.000 0.000 
4 poodle_vis 30 0.995 0.986 0.210 0.000 0.177 0.002 0.000 0.000 0.002 0.000 0.942 0.024 0.406 0.098 0.936 0.000 0.007 0.000 0.000 0.001 0.001 0.653 0.098 0.000 0.001 0.000 0.000 0.000 0.000 0.371 0.000 0.000 0.200 0.097 0.003 0.000 0.000 0.000 0.000 0.000 0.000 0.047 0.000 0.000 0.000 0.000 0.005 0.000 0.000 0.041 0.000 0.000 0.000 0.210 0.000 0.001 0.000 0.000 
5 giraffe_vis 30 0.987 0.968 0.003 0.000 0.003 0.008 0.000 0.000 0.018 0.000 0.701 0.003 0.004 0.046 0.063 0.001 0.001 0.000 0.000 0.004 0.000 0.002 0.000 0.000 0.000 0.000 0.000 0.000 0.000 0.001 0.003 0.000 0.014 0.010 0.000 0.000 0.000 0.000 0.000 0.000 0.000 0.001 0.000 0.000 0.004 0.000 0.000 0.020 0.000 0.001 0.000 0.001 0.000 0.000 0.000 0.000 0.000 0.000 
6 robin_vis 30 0.994 0.015 0.952 0.384 0.000 0.001 0.005 0.000 0.000 0.012 0.059 0.000 0.344 0.000 0.253 0.000 0.071 0.000 0.112 0.003 0.002 0.921 0.355 0.000 0.590 0.000 0.000 0.005 0.000 0.003 0.000 0.000 0.001 0.001 0.506 0.000 0.000 0.000 0.000 0.025 0.000 0.021 0.000 0.000 0.001 0.000 0.000 0.000 0.000 0.001 0.000 0.000 0.000 0.290 0.000 0.055 0.001 0.000 
7 swan_vis 30 0.995 0.001 0.989 0.427 0.001 0.001 0.000 0.000 0.000 0.024 0.029 0.000 0.000 0.008 0.002 0.000 0.017 0.003 0.000 0.093 0.357 0.161 0.035 0.002 0.001 0.000 0.003 0.217 0.000 0.001 0.022 0.000 0.034 0.000 0.000 0.000 0.000 0.000 0.000 0.000 0.000 0.001 0.000 0.000 0.000 0.000 0.000 0.000 0.000 0.001 0.000 0.000 0.000 0.000 0.000 0.031 0.002 0.000 
8 woodpecker_vis 30 0.995 0.157 0.992 0.422 0.000 0.001 0.000 0.000 0.000 0.002 0.344 0.230 0.122 0.000 0.001 0.000 0.001 0.030 0.300 0.936 0.000 0.671 0.002 0.000 0.183 0.299 0.230 0.000 0.000 0.000 0.000 0.002 0.001 0.000 0.000 0.000 0.000 0.000 0.000 0.001 0.000 0.001 0.000 0.000 0.000 0.000 0.000 0.000 0.000 0.001 0.000 0.000 0.000 0.002 0.000 0.000 0.000 0.001 
9 peacock_vis 30 0.995 0.249 0.827 0.001 0.001 0.001 0.000 0.000 0.000 0.001 0.757 0.092 0.001 0.000 0.001 0.000 0.000 0.000 0.000 0.852 0.000 0.052 0.001 0.000 0.001 0.000 0.044 0.000 0.000 0.000 0.000 0.000 0.019 0.000 0.000 0.000 0.000 0.000 0.000 0.000 0.000 0.001 0.000 0.000 0.000 0.000 0.000 0.000 0.000 0.001 0.000 0.000 0.000 0.000 0.000 0.000 0.000 0.000 
10 crow_vis 30 0.995 0.584 0.276 0.002 0.001 0.017 0.000 0.000 0.001 0.010 0.001 0.000 0.000 0.273 0.021 0.002 0.023 0.001 0.000 0.000 0.057 0.009 0.001 0.001 0.000 0.000 0.000 0.014 0.000 0.001 0.004 0.000 0.014 0.000 0.000 0.000 0.000 0.000 0.000 0.000 0.000 0.001 0.000 0.000 0.000 0.000 0.000 0.006 0.000 0.001 0.000 0.001 0.000 0.001 0.000 0.002 0.018 0.000 
11 eagle_vis 30 0.995 0.001 0.986 0.001 0.000 0.001 0.000 0.000 0.000 0.006 0.585 0.000 0.000 0.000 0.003 0.000 0.002 0.000 0.000 0.616 0.001 0.499 0.010 0.000 0.000 0.000 0.027 0.000 0.000 0.000 0.000 0.000 0.003 0.000 0.001 0.000 0.000 0.000 0.000 0.000 0.000 0.001 0.000 0.000 0.000 0.000 0.000 0.000 0.000 0.001 0.000 0.000 0.000 0.002 0.000 0.002 0.000 0.000 
12 tuna_vis 30 0.995 0.000 0.003 0.984 0.014 0.020 0.002 0.000 0.000 0.000 0.000 0.000 0.000 0.000 0.001 0.000 0.000 0.000 0.000 0.001 0.001 0.015 0.893 0.000 0.055 0.000 0.182 0.055 0.000 0.001 0.000 0.000 0.004 0.097 0.019 0.000 0.000 0.001 0.062 0.000 0.020 0.001 0.000 0.000 0.001 0.000 0.000 0.000 0.000 0.001 0.000 0.000 0.000 0.000 0.000 0.080 0.000 0.000 
13 goldfish_vis 30 0.995 0.001 0.008 0.323 0.020 0.011 0.000 0.000 0.000 0.000 0.000 0.000 0.000 0.005 0.000 0.000 0.000 0.000 0.000 0.001 0.016 0.001 0.026 0.001 0.002 0.001 0.028 0.002 0.000 0.001 0.011 0.000 0.124 0.001 0.000 0.000 0.000 0.000 0.001 0.000 0.000 0.001 0.000 0.000 0.000 0.000 0.000 0.000 0.000 0.001 0.000 0.000 0.000 0.000 0.001 0.001 0.000 0.000 
14 salmon_vis 30 0.995 0.000 0.003 0.987 0.058 0.002 0.001 0.000 0.000 0.000 0.000 0.000 0.001 0.000 0.000 0.000 0.000 0.000 0.000 0.001 0.000 0.006 0.722 0.000 0.039 0.000 0.280 0.007 0.000 0.001 0.000 0.000 0.007 0.058 0.001 0.000 0.000 0.000 0.010 0.000 0.001 0.001 0.000 0.000 0.000 0.000 0.000 0.000 0.000 0.001 0.000 0.000 0.000 0.000 0.000 0.009 0.000 0.000 
15 sardine_vis 30 0.995 0.000 0.364 0.992 0.261 0.001 0.000 0.000 0.000 0.000 0.000 0.000 0.001 0.000 0.000 0.000 0.000 0.065 0.006 0.202 0.002 0.001 0.004 0.393 0.208 0.977 0.452 0.005 0.001 0.001 0.118 0.766 0.007 0.001 0.000 0.000 0.000 0.000 0.003 0.000 0.000 0.001 0.000 0.000 0.000 0.000 0.000 0.000 0.000 0.001 0.000 0.000 0.000 0.000 0.047 0.000 0.000 0.000 
16 catfish_vis 30 0.995 0.000 0.002 0.980 0.011 0.002 0.000 0.000 0.000 0.000 0.001 0.000 0.000 0.000 0.000 0.000 0.000 0.000 0.000 0.010 0.001 0.001 0.248 0.000 0.006 0.008 0.825 0.002 0.000 0.000 0.001 0.002 0.004 0.046 0.000 0.000 0.000 0.000 0.004 0.000 0.000 0.000 0.000 0.000 0.001 0.000 0.000 0.000 0.000 0.001 0.000 0.000 0.000 0.000 0.001 0.003 0.000 0.000 
17 cod_vis 30 0.995 0.000 0.004 0.975 0.029 0.027 0.001 0.000 0.000 0.000 0.000 0.000 0.000 0.000 0.001 0.000 0.000 0.000 0.000 0.001 0.001 0.007 0.574 0.000 0.010 0.000 0.166 0.014 0.000 0.001 0.000 0.000 0.011 0.015 0.002 0.000 0.000 0.000 0.011 0.000 0.001 0.001 0.000 0.000 0.000 0.000 0.000 0.000 0.000 0.001 0.000 0.000 0.000 0.000 0.001 0.027 0.000 0.000 
18 turtle_vis 30 0.992 0.011 0.000 0.009 0.989 0.005 0.000 0.053 0.000 0.000 0.003 0.000 0.005 0.001 0.001 0.000 0.000 0.000 0.000 0.000 0.001 0.000 0.024 0.000 0.000 0.000 0.034 0.001 0.001 0.038 0.363 0.055 0.060 0.851 0.000 0.000 0.000 0.000 0.000 0.000 0.035 0.001 0.000 0.000 0.089 0.000 0.000 0.000 0.000 0.001 0.000 0.002 0.000 0.000 0.000 0.000 0.000 0.000 
19 rattlesnake_vis 30 0.993 0.006 0.000 0.003 0.993 0.432 0.000 0.186 0.000 0.000 0.000 0.000 0.003 0.004 0.017 0.000 0.000 0.000 0.000 0.000 0.001 0.000 0.025 0.000 0.001 0.000 0.000 0.003 0.005 0.583 0.007 0.002 0.095 0.513 0.000 0.000 0.000 0.000 0.000 0.000 0.042 0.002 0.000 0.003 0.000 0.000 0.000 0.000 0.000 0.003 0.000 0.003 0.000 0.000 0.000 0.000 0.000 0.000 
20 crab_vis 30 0.965 0.011 0.000 0.001 0.874 0.441 0.000 0.310 0.000 0.000 0.000 0.000 0.000 0.085 0.001 0.003 0.000 0.000 0.000 0.000 0.001 0.000 0.001 0.000 0.000 0.000 0.000 0.028 0.014 0.055 0.963 0.001 0.015 0.006 0.000 0.000 0.000 0.006 0.000 0.000 0.003 0.001 0.000 0.478 0.001 0.001 0.000 0.000 0.000 0.001 0.000 0.215 0.000 0.000 0.000 0.000 0.000 0.000 
21 frog_vis 30 0.989 0.014 0.000 0.024 0.992 0.003 0.000 0.057 0.000 0.000 0.016 0.000 0.021 0.000 0.001 0.000 0.000 0.000 0.000 0.001 0.000 0.000 0.054 0.000 0.001 0.000 0.245 0.000 0.001 0.033 0.055 0.266 0.067 0.968 0.000 0.000 0.000 0.000 0.000 0.000 0.047 0.001 0.001 0.000 0.120 0.000 0.000 0.000 0.000 0.001 0.000 0.000 0.000 0.000 0.000 0.000 0.000 0.000 
22 gecko_vis 30 0.994 0.010 0.000 0.010 0.993 0.009 0.000 0.004 0.000 0.000 0.006 0.000 0.004 0.002 0.014 0.000 0.000 0.000 0.000 0.000 0.001 0.001 0.084 0.000 0.001 0.000 0.016 0.001 0.000 0.044 0.001 0.056 0.482 0.949 0.000 0.000 0.000 0.000 0.000 0.000 0.008 0.001 0.000 0.000 0.001 0.000 0.000 0.000 0.000 0.001 0.000 0.002 0.000 0.000 0.000 0.001 0.000 0.000 
23 crocodile_vis 30 0.993 0.010 0.000 0.003 0.992 0.320 0.000 0.001 0.044 0.000 0.043 0.000 0.001 0.009 0.422 0.000 0.000 0.000 0.000 0.001 0.018 0.002 0.272 0.000 0.000 0.000 0.002 0.001 0.000 0.100 0.001 0.002 0.952 0.631 0.000 0.000 0.000 0.000 0.000 0.000 0.004 0.001 0.000 0.000 0.000 0.000 0.000 0.000 0.001 0.176 0.000 0.051 0.000 0.000 0.000 0.024 0.000 0.000 
24 axe_vis 30 0.004 0.000 0.000 0.001 0.000 0.994 0.976 0.106 0.000 0.003 0.000 0.000 0.000 0.000 0.001 0.000 0.001 0.000 0.001 0.000 0.000 0.001 0.002 0.000 0.003 0.000 0.000 0.001 0.000 0.001 0.000 0.000 0.000 0.000 0.948 0.001 0.049 0.004 0.009 0.008 0.003 0.012 0.000 0.000 0.121 0.000 0.000 0.000 0.000 0.001 0.000 0.000 0.000 0.137 0.000 0.001 0.000 0.000 
25 hammer_vis 30 0.002 0.000 0.000 0.001 0.000 0.995 0.984 0.053 0.000 0.024 0.000 0.000 0.000 0.000 0.000 0.000 0.001 0.000 0.001 0.000 0.000 0.000 0.000 0.001 0.001 0.000 0.000 0.004 0.001 0.001 0.000 0.000 0.000 0.000 0.005 0.112 0.297 0.341 0.007 0.033 0.001 0.002 0.001 0.016 0.000 0.010 0.000 0.000 0.000 0.001 0.000 0.000 0.005 0.000 0.000 0.000 0.010 0.000 
26 screwdriver_vis 30 0.003 0.000 0.000 0.001 0.000 0.994 0.983 0.047 0.000 0.045 0.000 0.000 0.000 0.000 0.000 0.000 0.001 0.000 0.000 0.000 0.000 0.000 0.000 0.000 0.001 0.000 0.000 0.058 0.000 0.001 0.000 0.000 0.000 0.000 0.014 0.033 0.223 0.861 0.005 0.001 0.005 0.002 0.000 0.084 0.000 0.001 0.000 0.000 0.000 0.001 0.000 0.001 0.001 0.000 0.000 0.001 0.083 0.000 
27 chisel_vis 30 0.003 0.000 0.000 0.011 0.000 0.994 0.986 0.063 0.000 0.076 0.000 0.000 0.000 0.000 0.000 0.000 0.000 0.000 0.000 0.000 0.000 0.000 0.011 0.000 0.003 0.000 0.000 0.034 0.000 0.001 0.000 0.000 0.000 0.000 0.254 0.010 0.017 0.840 0.308 0.001 0.243 0.002 0.000 0.005 0.003 0.000 0.000 0.000 0.000 0.001 0.000 0.001 0.000 0.001 0.000 0.013 0.008 0.000 
28 saw_vis 30 0.025 0.000 0.000 0.006 0.000 0.993 0.984 0.046 0.000 0.007 0.000 0.000 0.000 0.000 0.000 0.000 0.044 0.000 0.001 0.000 0.000 0.000 0.001 0.000 0.004 0.000 0.000 0.004 0.000 0.001 0.000 0.000 0.000 0.000 0.164 0.003 0.778 0.158 0.023 0.003 0.005 0.002 0.000 0.007 0.001 0.003 0.000 0.000 0.000 0.001 0.000 0.000 0.002 0.004 0.000 0.001 0.006 0.000 
29 drill_vis 30 0.003 0.000 0.000 0.001 0.000 0.995 0.514 0.686 0.000 0.004 0.000 0.000 0.000 0.000 0.000 0.000 0.002 0.000 0.001 0.000 0.000 0.000 0.000 0.001 0.001 0.000 0.000 0.001 0.001 0.001 0.000 0.000 0.000 0.000 0.001 0.026 0.547 0.002 0.004 0.023 0.000 0.003 0.000 0.034 0.000 0.216 0.000 0.003 0.000 0.001 0.000 0.000 0.008 0.001 0.001 0.000 0.001 0.000 
30 clamp_vis 30 0.001 0.000 0.000 0.000 0.085 0.995 0.061 0.993 0.165 0.000 0.000 0.000 0.001 0.001 0.001 0.000 0.000 0.000 0.000 0.000 0.000 0.000 0.000 0.000 0.001 0.000 0.000 0.003 0.024 0.097 0.003 0.000 0.000 0.001 0.001 0.028 0.022 0.299 0.003 0.001 0.450 0.025 0.052 0.902 0.001 0.033 0.000 0.001 0.005 0.016 0.000 0.479 0.000 0.000 0.000 0.000 0.006 0.000 
31 hoe_vis 30 0.006 0.000 0.000 0.001 0.001 0.994 0.763 0.027 0.000 0.004 0.000 0.000 0.000 0.000 0.001 0.000 0.000 0.000 0.000 0.000 0.000 0.001 0.003 0.000 0.002 0.000 0.001 0.001 0.000 0.001 0.000 0.000 0.000 0.000 0.592 0.000 0.005 0.003 0.021 0.001 0.005 0.005 0.000 0.000 0.019 0.000 0.000 0.000 0.000 0.003 0.000 0.000 0.000 0.012 0.000 0.002 0.001 0.000 
32 rake_vis 30 0.001 0.000 0.000 0.000 0.202 0.994 0.024 0.990 0.054 0.000 0.000 0.000 0.013 0.000 0.000 0.000 0.000 0.000 0.000 0.000 0.000 0.000 0.000 0.000 0.007 0.000 0.002 0.000 0.007 0.001 0.000 0.013 0.000 0.003 0.000 0.054 0.000 0.000 0.050 0.077 0.012 0.885 0.959 0.001 0.001 0.034 0.000 0.000 0.002 0.035 0.581 0.000 0.000 0.000 0.001 0.000 0.000 0.000 
33 shovel_vis 30 0.002 0.000 0.000 0.000 0.001 0.995 0.976 0.108 0.000 0.011 0.000 0.000 0.000 0.000 0.000 0.000 0.000 0.000 0.000 0.000 0.000 0.000 0.000 0.000 0.001 0.000 0.000 0.001 0.001 0.001 0.000 0.000 0.000 0.000 0.073 0.013 0.065 0.037 0.010 0.002 0.002 0.003 0.001 0.003 0.000 0.001 0.000 0.000 0.000 0.002 0.000 0.000 0.001 0.001 0.000 0.000 0.001 0.000 
34 spade_vis 30 0.001 0.004 0.000 0.000 0.001 0.993 0.035 0.991 0.007 0.000 0.000 0.000 0.058 0.000 0.004 0.000 0.000 0.000 0.000 0.000 0.000 0.000 0.000 0.000 0.002 0.000 0.000 0.000 0.001 0.004 0.000 0.000 0.000 0.006 0.038 0.001 0.007 0.000 0.002 0.010 0.016 0.959 0.010 0.001 0.286 0.024 0.002 0.000 0.000 0.007 0.000 0.000 0.000 0.004 0.000 0.000 0.000 0.000 
35 wrench_vis 30 0.004 0.000 0.000 0.001 0.001 0.994 0.970 0.041 0.000 0.011 0.000 0.000 0.000 0.000 0.001 0.000 0.001 0.000 0.000 0.000 0.000 0.000 0.002 0.000 0.001 0.000 0.000 0.001 0.000 0.001 0.000 0.000 0.000 0.000 0.568 0.001 0.030 0.088 0.061 0.001 0.028 0.002 0.000 0.000 0.003 0.000 0.000 0.000 0.000 0.002 0.000 0.000 0.000 0.004 0.000 0.002 0.001 0.000 
36 accordion_vis 30 0.013 0.003 0.000 0.000 0.001 0.994 0.159 0.826 0.005 0.001 0.000 0.000 0.000 0.000 0.001 0.001 0.001 0.000 0.001 0.000 0.000 0.000 0.000 0.000 0.000 0.000 0.000 0.000 0.001 0.001 0.000 0.000 0.000 0.000 0.001 0.002 0.207 0.000 0.000 0.032 0.000 0.017 0.000 0.008 0.000 0.304 0.008 0.002 0.000 0.005 0.000 0.000 0.005 0.002 0.000 0.000 0.001 0.001 
37 cello_vis 30 0.001 0.026 0.000 0.000 0.001 0.994 0.000 0.056 0.989 0.002 0.017 0.001 0.001 0.001 0.007 0.005 0.001 0.000 0.000 0.001 0.000 0.000 0.000 0.000 0.000 0.000 0.000 0.000 0.002 0.001 0.000 0.000 0.000 0.000 0.000 0.001 0.001 0.000 0.000 0.000 0.000 0.004 0.000 0.001 0.002 0.007 0.233 0.316 0.008 0.006 0.016 0.002 0.005 0.019 0.000 0.000 0.001 0.003 
38 flute_vis 30 0.001 0.000 0.008 0.000 0.001 0.995 0.082 0.000 0.702 0.988 0.000 0.000 0.000 0.000 0.001 0.001 0.001 0.200 0.000 0.000 0.168 0.000 0.000 0.103 0.000 0.000 0.000 0.001 0.007 0.001 0.000 0.000 0.000 0.000 0.000 0.902 0.004 0.005 0.000 0.001 0.000 0.001 0.000 0.003 0.000 0.004 0.002 0.001 0.685 0.081 0.377 0.001 0.917 0.000 0.879 0.001 0.845 0.031 
39 guitar_vis 30 0.007 0.000 0.002 0.001 0.000 0.995 0.048 0.000 0.061 0.991 0.000 0.000 0.000 0.001 0.001 0.000 0.011 0.000 0.000 0.000 0.103 0.001 0.001 0.000 0.000 0.000 0.000 0.023 0.000 0.001 0.000 0.000 0.000 0.000 0.001 0.004 0.013 0.260 0.000 0.000 0.000 0.001 0.000 0.003 0.000 0.000 0.000 0.004 0.001 0.005 0.000 0.250 0.028 0.006 0.002 0.104 0.948 0.000 
40 piano_vis 30 0.347 0.008 0.000 0.000 0.001 0.994 0.109 0.024 0.290 0.007 0.000 0.000 0.000 0.000 0.001 0.002 0.001 0.000 0.000 0.000 0.001 0.000 0.000 0.000 0.000 0.000 0.000 0.000 0.001 0.001 0.000 0.000 0.000 0.000 0.000 0.007 0.104 0.000 0.000 0.004 0.000 0.001 0.000 0.001 0.000 0.043 0.014 0.001 0.000 0.003 0.001 0.000 0.020 0.001 0.000 0.000 0.002 0.000 
41 trumpet_vis 30 0.001 0.000 0.000 0.000 0.008 0.994 0.000 0.073 0.987 0.029 0.001 0.000 0.000 0.001 0.004 0.000 0.000 0.000 0.000 0.001 0.000 0.000 0.001 0.000 0.000 0.000 0.002 0.000 0.001 0.001 0.001 0.000 0.014 0.001 0.000 0.001 0.000 0.000 0.000 0.000 0.001 0.004 0.004 0.001 0.000 0.001 0.005 0.005 0.302 0.241 0.010 0.072 0.000 0.001 0.004 0.002 0.001 0.002 
42 fork_vis 30 0.100 0.000 0.100 0.000 0.000 0.995 0.080 0.000 0.008 0.993 0.000 0.000 0.000 0.002 0.002 0.000 0.546 0.000 0.000 0.000 0.031 0.001 0.000 0.000 0.000 0.000 0.000 0.012 0.000 0.000 0.000 0.000 0.000 0.000 0.004 0.001 0.410 0.047 0.000 0.000 0.000 0.001 0.000 0.002 0.000 0.000 0.001 0.084 0.000 0.003 0.000 0.021 0.257 0.425 0.000 0.019 0.972 0.000 
43 spoon_vis 30 0.005 0.000 0.003 0.001 0.000 0.995 0.046 0.000 0.129 0.992 0.000 0.000 0.000 0.001 0.002 0.000 0.002 0.000 0.000 0.000 0.384 0.006 0.007 0.000 0.000 0.000 0.000 0.074 0.000 0.001 0.000 0.000 0.001 0.000 0.010 0.006 0.001 0.544 0.002 0.000 0.000 0.001 0.000 0.002 0.000 0.000 0.000 0.001 0.010 0.020 0.000 0.559 0.007 0.036 0.038 0.835 0.852 0.002 
44 tongs_vis 30 0.001 0.000 0.022 0.002 0.000 0.995 0.074 0.000 0.131 0.993 0.000 0.000 0.000 0.000 0.000 0.002 0.001 0.726 0.000 0.000 0.364 0.000 0.000 0.486 0.000 0.011 0.000 0.003 0.006 0.000 0.004 0.000 0.000 0.000 0.000 0.847 0.002 0.032 0.001 0.001 0.000 0.001 0.000 0.004 0.000 0.001 0.000 0.004 0.903 0.004 0.141 0.002 0.831 0.000 0.981 0.002 0.796 0.006 
45 ladle_vis 30 0.566 0.000 0.221 0.001 0.001 0.915 0.011 0.000 0.003 0.913 0.002 0.000 0.000 0.000 0.014 0.000 0.001 0.000 0.000 0.006 0.002 0.331 0.026 0.000 0.000 0.000 0.000 0.003 0.000 0.001 0.000 0.000 0.001 0.000 0.023 0.000 0.000 0.006 0.002 0.000 0.001 0.001 0.000 0.000 0.000 0.000 0.000 0.000 0.000 0.012 0.000 0.002 0.000 0.269 0.002 0.281 0.013 0.014 
46 knife_vis 30 0.008 0.000 0.004 0.001 0.000 0.995 0.040 0.000 0.220 0.993 0.000 0.000 0.000 0.003 0.001 0.000 0.008 0.000 0.000 0.000 0.804 0.001 0.001 0.001 0.000 0.000 0.000 0.210 0.000 0.001 0.001 0.000 0.001 0.000 0.002 0.020 0.006 0.831 0.000 0.000 0.000 0.001 0.000 0.015 0.000 0.000 0.000 0.003 0.055 0.010 0.000 0.886 0.037 0.005 0.026 0.628 0.991 0.000 
47 chopsticks_vis 30 0.333 0.000 0.358 0.001 0.000 0.995 0.202 0.000 0.004 0.993 0.000 0.000 0.000 0.003 0.007 0.000 0.726 0.000 0.000 0.000 0.045 0.002 0.001 0.000 0.000 0.000 0.000 0.026 0.000 0.000 0.000 0.000 0.000 0.000 0.034 0.001 0.653 0.082 0.000 0.000 0.000 0.001 0.000 0.003 0.000 0.000 0.002 0.126 0.000 0.004 0.000 0.020 0.367 0.675 0.000 0.032 0.981 0.001 
0 beaver_vis 30 0.995 0.992 0.106 0.000 0.644 0.001 0.000 0.000 0.002 0.000 0.925 0.971 0.406 0.000 0.001 0.006 0.000 0.001 0.000 0.734 0.000 0.003 0.000 0.000 0.001 0.001 0.010 0.000 0.000 0.001 0.000 0.375 0.101 0.004 0.000 0.000 0.000 0.000 0.000 0.000 0.000 0.001 0.000 0.000 0.000 0.000 0.000 0.000 0.000 0.001 0.139 0.000 0.000 0.000 0.000 0.000 0.000 0.000 
1 bear_vis 30 0.993 0.992 0.032 0.000 0.026 0.001 0.000 0.000 0.017 0.000 0.472 0.972 0.145 0.001 0.001 0.092 0.000 0.002 0.000 0.399 0.000 0.001 0.000 0.000 0.000 0.000 0.001 0.000 0.001 0.001 0.001 0.008 0.009 0.000 0.000 0.000 0.000 0.000 0.000 0.000 0.000 0.001 0.000 0.000 0.000 0.001 0.016 0.000 0.000 0.001 0.127 0.000 0.000 0.000 0.000 0.000 0.000 0.000 
2 sheep_vis 30 0.994 0.992 0.018 0.001 0.911 0.001 0.000 0.000 0.000 0.000 0.853 0.972 0.960 0.000 0.001 0.006 0.000 0.000 0.022 0.071 0.000 0.003 0.000 0.000 0.106 0.001 0.012 0.000 0.000 0.001 0.001 0.846 0.003 0.246 0.000 0.000 0.000 0.000 0.000 0.000 0.000 0.004 0.000 0.000 0.002 0.001 0.000 0.000 0.000 0.001 0.002 0.000 0.000 0.000 0.000 0.000 0.000 0.000 
3 buffalo_vis 30 0.995 0.991 0.055 0.000 0.048 0.001 0.000 0.000 0.072 0.000 0.000 0.695 0.003 0.026 0.001 0.942 0.000 0.164 0.000 0.002 0.001 0.000 0.000 0.000 0.000 0.000 0.000 0.000 0.023 0.001 0.036 0.001 0.013 0.000 0.000 0.000 0.000 0.000 0.000 0.000 0.000 0.001 0.000 0.000 0.000 0.014 0.027 0.004 0.002 0.001 0.404 0.000 0.003 0.000 0.000 0.000 0.000 0.000 
4 poodle_vis 30 0.993 0.990 0.025 0.000 0.021 0.001 0.000 0.000 0.012 0.000 0.637 0.891 0.111 0.002 0.005 0.037 0.000 0.001 0.000 0.338 0.000 0.002 0.000 0.000 0.000 0.000 0.002 0.000 0.000 0.001 0.001 0.004 0.013 0.002 0.000 0.000 0.000 0.000 0.000 0.000 0.000 0.001 0.000 0.000 0.000 0.001 0.007 0.000 0.000 0.001 0.032 0.000 0.000 0.000 0.000 0.000 0.000 0.000 
5 giraffe_vis 30 0.995 0.991 0.564 0.000 0.493 0.001 0.000 0.000 0.015 0.000 0.000 0.911 0.006 0.164 0.000 0.965 0.000 0.528 0.000 0.001 0.007 0.000 0.000 0.000 0.000 0.000 0.000 0.000 0.017 0.001 0.183 0.004 0.162 0.000 0.000 0.000 0.000 0.000 0.000 0.000 0.000 0.001 0.000 0.000 0.000 0.002 0.006 0.001 0.001 0.001 0.382 0.000 0.001 0.000 0.000 0.000 0.000 0.000 
6 robin_vis 30 0.995 0.993 0.985 0.000 0.717 0.001 0.000 0.000 0.000 0.000 0.002 0.974 0.187 0.685 0.002 0.971 0.002 0.856 0.002 0.002 0.063 0.003 0.000 0.001 0.000 0.000 0.000 0.000 0.040 0.001 0.352 0.006 0.287 0.000 0.000 0.000 0.000 0.000 0.000 0.000 0.000 0.001 0.000 0.000 0.000 0.005 0.018 0.000 0.000 0.001 0.012 0.000 0.002 0.000 0.000 0.000 0.000 0.000 
7 swan_vis 30 0.995 0.990 0.717 0.001 0.310 0.001 0.000 0.000 0.000 0.000 0.929 0.978 0.893 0.001 0.007 0.029 0.000 0.003 0.015 0.442 0.000 0.166 0.001 0.000 0.029 0.001 0.004 0.000 0.001 0.001 0.000 0.153 0.011 0.023 0.000 0.000 0.000 0.000 0.000 0.001 0.000 0.004 0.000 0.000 0.001 0.001 0.009 0.000 0.000 0.001 0.002 0.000 0.000 0.000 0.000 0.000 0.000 0.000 
8 woodpecker_vis 30 0.995 0.992 0.973 0.001 0.826 0.001 0.000 0.000 0.000 0.000 0.973 0.987 0.944 0.003 0.004 0.085 0.000 0.018 0.002 0.847 0.001 0.363 0.000 0.000 0.004 0.001 0.004 0.000 0.000 0.001 0.001 0.441 0.489 0.012 0.000 0.000 0.000 0.000 0.000 0.000 0.000 0.001 0.000 0.000 0.000 0.000 0.002 0.000 0.000 0.001 0.006 0.000 0.000 0.000 0.000 0.000 0.000 0.000 
9 peacock_vis 30 0.995 0.992 0.922 0.000 0.797 0.001 0.000 0.000 0.000 0.000 0.974 0.989 0.891 0.002 0.002 0.066 0.000 0.014 0.001 0.879 0.001 0.258 0.000 0.000 0.002 0.001 0.005 0.000 0.000 0.001 0.001 0.420 0.475 0.009 0.000 0.000 0.000 0.000 0.000 0.000 0.000 0.001 0.000 0.000 0.000 0.000 0.001 0.000 0.000 0.001 0.010 0.000 0.000 0.000 0.000 0.000 0.000 0.000 
10 crow_vis 30 0.995 0.991 0.596 0.000 0.196 0.001 0.000 0.000 0.000 0.000 0.000 0.000 0.111 0.975 0.968 0.259 0.669 0.001 0.000 0.000 0.169 0.015 0.000 0.001 0.000 0.000 0.000 0.008 0.005 0.918 0.018 0.000 0.077 0.000 0.000 0.000 0.005 0.000 0.000 0.000 0.000 0.003 0.000 0.006 0.000 0.009 0.092 0.022 0.000 0.007 0.000 0.005 0.001 0.020 0.000 0.000 0.034 0.000 
11 eagle_vis 30 0.995 0.992 0.889 0.000 0.664 0.001 0.000 0.000 0.000 0.000 0.974 0.971 0.865 0.003 0.005 0.071 0.000 0.012 0.001 0.788 0.001 0.224 0.000 0.000 0.002 0.001 0.003 0.000 0.000 0.001 0.001 0.255 0.350 0.008 0.000 0.000 0.000 0.000 0.000 0.000 0.000 0.001 0.000 0.000 0.000 0.000 0.002 0.000 0.000 0.001 0.004 0.000 0.000 0.000 0.000 0.000 0.000 0.000 
12 tuna_vis 30 0.995 0.001 0.008 0.983 0.025 0.001 0.001 0.000 0.000 0.000 0.002 0.000 0.000 0.000 0.001 0.000 0.000 0.000 0.000 0.016 0.001 0.030 0.877 0.000 0.087 0.000 0.583 0.135 0.000 0.001 0.002 0.000 0.013 0.277 0.026 0.000 0.000 0.001 0.020 0.000 0.007 0.001 0.000 0.000 0.004 0.000 0.000 0.000 0.000 0.001 0.000 0.000 0.000 0.000 0.000 0.072 0.000 0.000 
13 goldfish_vis 30 0.988 0.118 0.001 0.085 0.989 0.001 0.000 0.000 0.001 0.000 0.005 0.023 0.052 0.001 0.000 0.003 0.000 0.004 0.000 0.056 0.003 0.000 0.001 0.001 0.004 0.310 0.714 0.000 0.012 0.001 0.052 0.958 0.178 0.371 0.000 0.000 0.000 0.000 0.000 0.000 0.000 0.001 0.022 0.000 0.000 0.000 0.000 0.000 0.034 0.001 0.016 0.000 0.000 0.000 0.002 0.000 0.000 0.000 
14 salmon_vis 30 0.995 0.001 0.004 0.985 0.121 0.001 0.000 0.000 0.000 0.000 0.000 0.000 0.001 0.000 0.000 0.000 0.000 0.001 0.000 0.825 0.000 0.001 0.002 0.002 0.059 0.977 0.974 0.000 0.000 0.001 0.001 0.856 0.004 0.002 0.000 0.000 0.000 0.000 0.002 0.000 0.000 0.001 0.000 0.000 0.000 0.000 0.000 0.000 0.000 0.001 0.000 0.000 0.000 0.000 0.277 0.000 0.000 0.000 
15 sardine_vis 30 0.995 0.000 0.951 0.762 0.022 0.001 0.000 0.000 0.000 0.003 0.000 0.000 0.001 0.000 0.000 0.003 0.000 0.930 0.000 0.449 0.877 0.001 0.001 0.541 0.001 0.890 0.029 0.000 0.001 0.001 0.466 0.014 0.816 0.000 0.000 0.000 0.000 0.000 0.000 0.000 0.000 0.001 0.000 0.000 0.000 0.000 0.000 0.000 0.111 0.001 0.055 0.000 0.000 0.000 0.934 0.000 0.000 0.000 
16 catfish_vis 30 0.985 0.095 0.001 0.131 0.981 0.001 0.000 0.001 0.000 0.000 0.006 0.013 0.084 0.000 0.000 0.000 0.000 0.000 0.000 0.055 0.000 0.000 0.001 0.000 0.007 0.391 0.864 0.000 0.005 0.001 0.032 0.974 0.087 0.521 0.000 0.000 0.000 0.000 0.000 0.000 0.000 0.001 0.043 0.000 0.000 0.000 0.000 0.000 0.000 0.001 0.009 0.000 0.000 0.000 0.001 0.000 0.000 0.000 
17 cod_vis 30 0.995 0.000 0.049 0.971 0.005 0.001 0.000 0.000 0.000 0.001 0.005 0.000 0.000 0.000 0.000 0.000 0.000 0.000 0.000 0.334 0.004 0.006 0.224 0.001 0.002 0.026 0.944 0.002 0.000 0.001 0.009 0.003 0.152 0.025 0.000 0.000 0.000 0.000 0.001 0.000 0.000 0.001 0.000 0.000 0.000 0.000 0.000 0.000 0.000 0.001 0.000 0.000 0.000 0.000 0.005 0.027 0.000 0.000 
18 turtle_vis 30 0.974 0.053 0.000 0.002 0.990 0.002 0.000 0.031 0.000 0.000 0.000 0.001 0.003 0.001 0.000 0.420 0.000 0.003 0.000 0.000 0.001 0.000 0.000 0.073 0.000 0.004 0.000 0.000 0.935 0.004 0.839 0.653 0.010 0.000 0.000 0.007 0.000 0.000 0.000 0.000 0.000 0.001 0.004 0.010 0.000 0.060 0.000 0.000 0.059 0.001 0.004 0.000 0.000 0.000 0.000 0.000 0.000 0.000 
19 rattlesnake_vis 30 0.991 0.006 0.000 0.007 0.992 0.145 0.000 0.134 0.000 0.000 0.002 0.000 0.006 0.001 0.017 0.000 0.000 0.000 0.000 0.000 0.001 0.000 0.097 0.000 0.001 0.000 0.003 0.001 0.000 0.312 0.005 0.008 0.164 0.925 0.000 0.000 0.000 0.000 0.000 0.000 0.096 0.002 0.000 0.000 0.002 0.000 0.000 0.000 0.000 0.002 0.000 0.002 0.000 0.000 0.000 0.000 0.000 0.000 
20 crab_vis 30 0.983 0.060 0.000 0.002 0.988 0.002 0.000 0.018 0.000 0.000 0.000 0.000 0.002 0.001 0.000 0.404 0.000 0.002 0.000 0.000 0.001 0.000 0.000 0.043 0.000 0.001 0.000 0.000 0.834 0.004 0.943 0.440 0.016 0.001 0.000 0.002 0.000 0.000 0.000 0.000 0.000 0.001 0.001 0.015 0.000 0.031 0.000 0.000 0.030 0.001 0.001 0.000 0.000 0.000 0.000 0.000 0.000 0.000 
21 frog_vis 30 0.989 0.224 0.000 0.245 0.994 0.001 0.000 0.002 0.000 0.000 0.008 0.018 0.172 0.000 0.000 0.000 0.000 0.000 0.000 0.040 0.000 0.000 0.001 0.000 0.014 0.418 0.886 0.000 0.006 0.001 0.046 0.990 0.106 0.699 0.000 0.000 0.000 0.000 0.000 0.000 0.000 0.001 0.041 0.000 0.000 0.000 0.000 0.000 0.000 0.001 0.005 0.000 0.000 0.000 0.000 0.000 0.000 0.000 
22 gecko_vis 30 0.994 0.070 0.001 0.001 0.958 0.042 0.000 0.000 0.030 0.000 0.004 0.000 0.000 0.960 0.004 0.037 0.000 0.001 0.000 0.001 0.620 0.000 0.002 0.000 0.000 0.000 0.001 0.003 0.005 0.003 0.969 0.001 0.978 0.011 0.000 0.000 0.000 0.000 0.000 0.000 0.000 0.001 0.000 0.003 0.000 0.000 0.000 0.005 0.217 0.001 0.000 0.936 0.000 0.000 0.000 0.000 0.001 0.000 
23 crocodile_vis 30 0.984 0.023 0.000 0.017 0.988 0.002 0.000 0.037 0.000 0.000 0.006 0.000 0.019 0.001 0.001 0.000 0.000 0.000 0.000 0.001 0.000 0.000 0.006 0.000 0.001 0.001 0.079 0.000 0.002 0.010 0.498 0.482 0.064 0.782 0.000 0.000 0.000 0.000 0.000 0.000 0.003 0.001 0.003 0.000 0.023 0.000 0.000 0.000 0.000 0.001 0.000 0.002 0.000 0.000 0.000 0.000 0.000 0.000 
24 axe_vis 30 0.005 0.000 0.000 0.000 0.001 0.993 0.974 0.110 0.000 0.002 0.000 0.000 0.000 0.000 0.001 0.000 0.001 0.000 0.001 0.000 0.000 0.001 0.001 0.000 0.002 0.000 0.000 0.001 0.000 0.001 0.000 0.000 0.000 0.000 0.948 0.000 0.057 0.003 0.005 0.007 0.002 0.012 0.000 0.000 0.125 0.000 0.000 0.000 0.000 0.001 0.000 0.000 0.000 0.144 0.000 0.000 0.000 0.000 
25 hammer_vis 30 0.002 0.000 0.000 0.001 0.001 0.995 0.978 0.078 0.000 0.008 0.000 0.000 0.000 0.000 0.000 0.000 0.002 0.000 0.001 0.000 0.000 0.000 0.000 0.001 0.001 0.000 0.000 0.000 0.001 0.001 0.000 0.000 0.000 0.000 0.136 0.118 0.375 0.007 0.014 0.026 0.000 0.002 0.004 0.002 0.001 0.013 0.000 0.000 0.000 0.001 0.000 0.000 0.006 0.005 0.003 0.000 0.001 0.000 
26 screwdriver_vis 30 0.004 0.000 0.000 0.000 0.001 0.994 0.974 0.117 0.000 0.004 0.000 0.000 0.000 0.000 0.001 0.000 0.001 0.000 0.000 0.000 0.000 0.001 0.001 0.000 0.001 0.000 0.000 0.001 0.001 0.002 0.000 0.000 0.000 0.000 0.902 0.001 0.041 0.004 0.016 0.004 0.006 0.009 0.000 0.001 0.063 0.001 0.000 0.000 0.000 0.001 0.000 0.000 0.000 0.040 0.000 0.000 0.000 0.000 
27 chisel_vis 30 0.006 0.000 0.000 0.000 0.001 0.994 0.983 0.114 0.000 0.003 0.000 0.000 0.000 0.000 0.001 0.000 0.002 0.000 0.001 0.000 0.000 0.001 0.001 0.000 0.002 0.000 0.000 0.001 0.000 0.001 0.000 0.000 0.000 0.000 0.910 0.001 0.160 0.008 0.007 0.009 0.004 0.015 0.000 0.001 0.146 0.001 0.000 0.000 0.000 0.001 0.000 0.000 0.000 0.227 0.000 0.000 0.000 0.000 
28 saw_vis 30 0.002 0.000 0.000 0.013 0.001 0.993 0.978 0.057 0.000 0.021 0.000 0.000 0.000 0.000 0.000 0.000 0.001 0.000 0.001 0.000 0.000 0.000 0.005 0.000 0.003 0.000 0.001 0.007 0.000 0.001 0.000 0.000 0.000 0.000 0.111 0.003 0.258 0.361 0.115 0.002 0.077 0.001 0.001 0.003 0.003 0.001 0.000 0.000 0.000 0.001 0.000 0.000 0.000 0.001 0.000 0.004 0.002 0.000 
29 drill_vis 30 0.006 0.000 0.000 0.001 0.000 0.991 0.990 0.082 0.000 0.004 0.000 0.000 0.001 0.000 0.000 0.000 0.001 0.000 0.025 0.000 0.000 0.002 0.001 0.000 0.036 0.000 0.000 0.001 0.000 0.000 0.000 0.000 0.000 0.000 0.786 0.003 0.177 0.001 0.053 0.450 0.001 0.156 0.000 0.000 0.091 0.002 0.000 0.000 0.000 0.001 0.000 0.000 0.001 0.241 0.000 0.000 0.000 0.054 
30 clamp_vis 30 0.001 0.000 0.000 0.000 0.053 0.994 0.055 0.993 0.057 0.000 0.000 0.000 0.001 0.000 0.001 0.000 0.000 0.000 0.000 0.000 0.000 0.000 0.000 0.000 0.001 0.000 0.001 0.002 0.014 0.037 0.010 0.001 0.000 0.004 0.001 0.015 0.016 0.219 0.006 0.001 0.423 0.008 0.119 0.830 0.020 0.029 0.000 0.002 0.003 0.003 0.000 0.366 0.000 0.000 0.000 0.000 0.002 0.000 
31 hoe_vis 30 0.683 0.362 0.000 0.000 0.060 0.617 0.002 0.860 0.009 0.000 0.006 0.000 0.304 0.000 0.060 0.000 0.000 0.000 0.000 0.000 0.000 0.001 0.001 0.000 0.001 0.000 0.000 0.000 0.000 0.035 0.000 0.000 0.000 0.156 0.008 0.000 0.001 0.000 0.000 0.001 0.004 0.583 0.000 0.000 0.088 0.002 0.002 0.000 0.000 0.017 0.000 0.000 0.000 0.003 0.000 0.000 0.000 0.000 
32 rake_vis 30 0.001 0.000 0.000 0.000 0.012 0.994 0.000 0.054 0.987 0.203 0.001 0.001 0.000 0.001 0.008 0.000 0.000 0.000 0.000 0.003 0.001 0.000 0.002 0.000 0.000 0.000 0.004 0.000 0.001 0.001 0.000 0.001 0.045 0.002 0.000 0.004 0.000 0.001 0.001 0.000 0.010 0.003 0.021 0.001 0.000 0.001 0.003 0.002 0.664 0.457 0.135 0.363 0.001 0.001 0.077 0.033 0.002 0.007 
33 shovel_vis 30 0.001 0.000 0.000 0.000 0.058 0.994 0.065 0.991 0.015 0.000 0.000 0.000 0.001 0.000 0.005 0.000 0.000 0.000 0.000 0.000 0.000 0.000 0.003 0.000 0.001 0.000 0.000 0.000 0.001 0.037 0.000 0.000 0.000 0.243 0.040 0.001 0.001 0.016 0.013 0.000 0.892 0.339 0.147 0.019 0.253 0.002 0.000 0.000 0.000 0.021 0.000 0.010 0.000 0.000 0.000 0.000 0.000 0.000 
34 spade_vis 30 0.001 0.003 0.000 0.000 0.046 0.992 0.133 0.989 0.131 0.000 0.000 0.000 0.038 0.000 0.001 0.000 0.000 0.000 0.000 0.000 0.000 0.000 0.000 0.000 0.002 0.000 0.000 0.000 0.043 0.007 0.000 0.000 0.000 0.001 0.000 0.213 0.003 0.001 0.010 0.157 0.024 0.766 0.808 0.092 0.010 0.408 0.004 0.000 0.005 0.113 0.066 0.000 0.000 0.000 0.000 0.000 0.000 0.000 
35 wrench_vis 30 0.004 0.099 0.000 0.000 0.001 0.994 0.000 0.042 0.981 0.001 0.003 0.000 0.000 0.049 0.019 0.001 0.039 0.000 0.000 0.000 0.000 0.000 0.000 0.000 0.000 0.000 0.000 0.000 0.000 0.001 0.001 0.000 0.000 0.000 0.000 0.000 0.006 0.000 0.000 0.000 0.000 0.001 0.000 0.002 0.015 0.002 0.087 0.965 0.000 0.004 0.000 0.103 0.001 0.033 0.000 0.000 0.001 0.000 
36 accordion_vis 30 0.004 0.114 0.000 0.000 0.001 0.993 0.000 0.049 0.969 0.001 0.190 0.000 0.001 0.006 0.037 0.002 0.016 0.000 0.000 0.000 0.000 0.001 0.000 0.000 0.000 0.000 0.000 0.000 0.001 0.001 0.000 0.000 0.000 0.001 0.001 0.000 0.004 0.000 0.000 0.000 0.000 0.002 0.000 0.001 0.191 0.006 0.068 0.935 0.000 0.003 0.000 0.022 0.004 0.108 0.000 0.000 0.001 0.000 
37 cello_vis 30 0.002 0.004 0.000 0.000 0.001 0.995 0.000 0.040 0.984 0.008 0.016 0.000 0.000 0.057 0.016 0.003 0.003 0.000 0.000 0.001 0.001 0.000 0.002 0.000 0.000 0.000 0.004 0.000 0.001 0.001 0.030 0.000 0.022 0.027 0.000 0.000 0.001 0.001 0.000 0.000 0.018 0.001 0.000 0.004 0.032 0.002 0.005 0.466 0.009 0.001 0.000 0.845 0.002 0.002 0.000 0.014 0.002 0.000 
38 flute_vis 30 0.002 0.004 0.000 0.000 0.001 0.995 0.000 0.040 0.984 0.008 0.017 0.000 0.000 0.052 0.018 0.002 0.002 0.000 0.000 0.001 0.001 0.000 0.002 0.000 0.000 0.000 0.004 0.000 0.001 0.001 0.025 0.000 0.019 0.025 0.000 0.001 0.001 0.001 0.000 0.000 0.015 0.001 0.000 0.004 0.031 0.002 0.008 0.465 0.008 0.002 0.000 0.835 0.002 0.003 0.000 0.012 0.002 0.000 
39 guitar_vis 30 0.003 0.030 0.000 0.000 0.001 0.994 0.000 0.161 0.990 0.004 0.012 0.000 0.001 0.001 0.458 0.000 0.002 0.000 0.000 0.000 0.001 0.001 0.000 0.000 0.000 0.000 0.000 0.000 0.001 0.001 0.000 0.000 0.000 0.000 0.001 0.000 0.001 0.000 0.000 0.000 0.000 0.067 0.000 0.001 0.001 0.001 0.592 0.153 0.000 0.202 0.000 0.005 0.001 0.614 0.000 0.000 0.002 0.002 
40 piano_vis 30 0.006 0.129 0.000 0.000 0.001 0.994 0.000 0.026 0.989 0.001 0.000 0.000 0.000 0.756 0.002 0.148 0.270 0.000 0.000 0.000 0.001 0.000 0.000 0.000 0.000 0.000 0.000 0.000 0.001 0.001 0.085 0.000 0.000 0.000 0.000 0.000 0.096 0.000 0.000 0.000 0.000 0.001 0.000 0.098 0.000 0.065 0.306 0.986 0.001 0.002 0.000 0.583 0.049 0.002 0.000 0.000 0.007 0.000 
41 trumpet_vis 30 0.001 0.001 0.000 0.000 0.004 0.994 0.000 0.048 0.984 0.018 0.010 0.000 0.000 0.056 0.019 0.000 0.001 0.000 0.000 0.001 0.001 0.000 0.006 0.000 0.000 0.000 0.010 0.001 0.001 0.001 0.040 0.000 0.079 0.058 0.000 0.000 0.000 0.004 0.000 0.000 0.080 0.001 0.000 0.002 0.017 0.000 0.000 0.140 0.045 0.002 0.000 0.960 0.000 0.001 0.000 0.064 0.001 0.000 
42 fork_vis 30 0.014 0.000 0.056 0.000 0.000 0.994 0.027 0.000 0.033 0.990 0.000 0.000 0.000 0.000 0.001 0.000 0.123 0.001 0.000 0.000 0.003 0.001 0.000 0.000 0.000 0.000 0.000 0.001 0.000 0.001 0.000 0.000 0.000 0.000 0.000 0.002 0.141 0.001 0.000 0.001 0.000 0.001 0.000 0.000 0.000 0.001 0.005 0.078 0.000 0.004 0.000 0.000 0.538 0.082 0.000 0.001 0.593 0.003 
43 spoon_vis 30 0.923 0.000 0.148 0.640 0.002 0.760 0.002 0.000 0.002 0.924 0.001 0.000 0.000 0.000 0.011 0.000 0.000 0.000 0.000 0.074 0.379 0.227 0.720 0.000 0.000 0.000 0.033 0.008 0.000 0.001 0.000 0.000 0.675 0.001 0.004 0.000 0.000 0.003 0.001 0.000 0.001 0.002 0.000 0.000 0.000 0.000 0.000 0.000 0.000 0.019 0.000 0.003 0.000 0.009 0.043 0.963 0.008 0.001 
44 tongs_vis 30 0.001 0.000 0.005 0.005 0.001 0.995 0.013 0.000 0.194 0.971 0.000 0.000 0.000 0.000 0.000 0.000 0.000 0.016 0.000 0.032 0.008 0.000 0.001 0.004 0.000 0.016 0.077 0.001 0.000 0.000 0.003 0.000 0.003 0.000 0.000 0.032 0.000 0.010 0.008 0.000 0.000 0.001 0.001 0.000 0.000 0.000 0.000 0.002 0.094 0.002 0.013 0.058 0.014 0.000 0.694 0.075 0.011 0.012 
45 ladle_vis 30 0.982 0.000 0.082 0.565 0.025 0.540 0.000 0.000 0.001 0.556 0.003 0.000 0.000 0.001 0.033 0.000 0.000 0.000 0.000 0.063 0.439 0.175 0.749 0.000 0.000 0.000 0.028 0.006 0.000 0.002 0.000 0.000 0.901 0.002 0.001 0.000 0.000 0.000 0.000 0.000 0.001 0.002 0.000 0.000 0.000 0.000 0.000 0.000 0.000 0.031 0.000 0.005 0.000 0.002 0.018 0.926 0.002 0.000 
46 knife_vis 30 0.868 0.000 0.123 0.001 0.002 0.598 0.003 0.000 0.001 0.360 0.017 0.000 0.000 0.000 0.064 0.000 0.001 0.000 0.000 0.008 0.003 0.235 0.029 0.000 0.000 0.000 0.000 0.003 0.000 0.001 0.000 0.000 0.090 0.001 0.006 0.000 0.000 0.003 0.001 0.000 0.000 0.001 0.000 0.000 0.000 0.000 0.000 0.000 0.000 0.013 0.000 0.001 0.000 0.043 0.001 0.122 0.011 0.002 
47 chopsticks_vis 30 0.002 0.000 0.003 0.001 0.001 0.994 0.035 0.000 0.114 0.992 0.000 0.000 0.000 0.001 0.000 0.000 0.002 0.001 0.000 0.001 0.378 0.001 0.000 0.001 0.001 0.000 0.000 0.054 0.000 0.000 0.000 0.000 0.001 0.000 0.000 0.012 0.001 0.472 0.001 0.002 0.000 0.001 0.000 0.002 0.000 0.000 0.000 0.001 0.022 0.011 0.002 0.509 0.017 0.003 0.144 0.487 0.849 0.037 
