0 beaver_vis 30 0.996 0.985 0.019 0.001 0.042 0.002 0.001 0.001 0.001 0.002 0.973 0.014 0.051 0.030 0.010 0.001 0.000 0.001 0.002 0.000 0.007 0.015 0.001 0.001 0.038 0.000 0.000 0.001 0.021 0.001 0.146 0.055 0.001 0.000 0.000 0.001 0.000 0.000 0.000 0.001 0.002 0.000 0.001 0.000 0.001 0.002 0.001 0.002 0.000 0.001 0.001 0.013 0.002 0.000 0.011 0.000 0.014 0.002 
1 bear_vis 30 0.996 0.959 0.034 0.001 0.037 0.002 0.001 0.001 0.001 0.001 0.039 0.542 0.001 0.006 0.010 0.252 0.000 0.002 0.004 0.012 0.002 0.000 0.001 0.003 0.000 0.000 0.000 0.001 0.006 0.006 0.000 0.009 0.003 0.001 0.000 0.001 0.001 0.000 0.001 0.000 0.000 0.000 0.000 0.000 0.000 0.001 0.001 0.000 0.000 0.001 0.001 0.000 0.001 0.001 0.002 0.000 0.000 0.000 
2 sheep_vis 30 0.996 0.964 0.012 0.001 0.019 0.002 0.001 0.001 0.001 0.001 0.080 0.004 0.942 0.004 0.054 0.000 0.001 0.000 0.001 0.000 0.000 0.108 0.001 0.001 0.008 0.000 0.000 0.001 0.007 0.002 0.011 0.028 0.001 0.008 0.000 0.001 0.000 0.000 0.002 0.001 0.001 0.000 0.000 0.000 0.001 0.003 0.001 0.001 0.000 0.001 0.002 0.001 0.009 0.001 0.001 0.000 0.034 0.012 
3 buffalo_vis 30 0.996 0.985 0.001 0.001 0.005 0.002 0.005 0.001 0.001 0.001 0.026 0.002 0.000 0.977 0.055 0.029 0.000 0.000 0.004 0.000 0.000 0.000 0.000 0.016 0.000 0.001 0.000 0.001 0.003 0.003 0.000 0.023 0.001 0.000 0.015 0.002 0.001 0.000 0.021 0.000 0.000 0.000 0.001 0.000 0.000 0.000 0.000 0.000 0.001 0.021 0.001 0.000 0.000 0.001 0.024 0.001 0.002 0.000 
4 poodle_vis 30 0.996 0.990 0.016 0.001 0.048 0.002 0.001 0.001 0.001 0.002 0.005 0.010 0.155 0.067 0.979 0.033 0.065 0.000 0.019 0.000 0.000 0.001 0.001 0.016 0.000 0.000 0.000 0.001 0.005 0.036 0.000 0.066 0.004 0.001 0.000 0.001 0.000 0.000 0.001 0.000 0.000 0.000 0.000 0.000 0.000 0.002 0.001 0.000 0.000 0.016 0.007 0.001 0.005 0.027 0.002 0.001 0.003 0.001 
5 giraffe_vis 30 0.996 0.989 0.008 0.001 0.033 0.002 0.002 0.001 0.001 0.001 0.079 0.038 0.000 0.147 0.150 0.903 0.001 0.001 0.003 0.001 0.001 0.000 0.001 0.039 0.000 0.000 0.000 0.001 0.029 0.018 0.000 0.010 0.002 0.000 0.001 0.001 0.001 0.000 0.003 0.000 0.000 0.000 0.000 0.000 0.000 0.001 0.001 0.000 0.000 0.003 0.001 0.000 0.001 0.001 0.003 0.000 0.001 0.000 
6 robin_vis 30 0.996 0.012 0.977 0.026 0.001 0.002 0.001 0.001 0.003 0.002 0.001 0.002 0.008 0.001 0.025 0.000 0.471 0.001 0.153 0.020 0.000 0.234 0.001 0.001 0.001 0.024 0.000 0.002 0.000 0.001 0.000 0.001 0.001 0.001 0.000 0.003 0.000 0.001 0.000 0.001 0.000 0.000 0.000 0.000 0.001 0.001 0.001 0.001 0.000 0.004 0.016 0.001 0.002 0.002 0.001 0.001 0.000 0.001 
7 swan_vis 30 0.996 0.098 0.986 0.072 0.001 0.002 0.001 0.001 0.001 0.001 0.009 0.002 0.169 0.001 0.006 0.001 0.002 0.921 0.137 0.002 0.001 0.886 0.005 0.001 0.001 0.000 0.003 0.474 0.001 0.001 0.000 0.000 0.001 0.018 0.000 0.001 0.001 0.005 0.007 0.005 0.001 0.000 0.000 0.001 0.002 0.035 0.001 0.001 0.000 0.002 0.001 0.001 0.006 0.000 0.001 0.048 0.032 0.003 
8 woodpecker_vis 30 0.996 0.018 0.988 0.012 0.001 0.002 0.001 0.001 0.017 0.001 0.001 0.006 0.001 0.002 0.030 0.001 0.582 0.001 0.497 0.052 0.001 0.053 0.004 0.001 0.000 0.009 0.000 0.020 0.000 0.001 0.000 0.000 0.008 0.001 0.001 0.005 0.001 0.001 0.000 0.001 0.000 0.000 0.000 0.000 0.002 0.002 0.007 0.001 0.000 0.022 0.015 0.001 0.006 0.007 0.006 0.002 0.000 0.001 
9 peacock_vis 30 0.996 0.022 0.980 0.053 0.001 0.002 0.001 0.001 0.002 0.001 0.001 0.024 0.000 0.001 0.003 0.004 0.156 0.011 0.182 0.448 0.000 0.011 0.001 0.001 0.000 0.258 0.003 0.003 0.000 0.002 0.000 0.001 0.001 0.000 0.000 0.001 0.001 0.001 0.000 0.000 0.000 0.000 0.000 0.000 0.001 0.001 0.002 0.000 0.000 0.002 0.003 0.001 0.001 0.001 0.002 0.000 0.000 0.000 
10 crow_vis 30 0.996 0.005 0.985 0.064 0.001 0.003 0.001 0.001 0.001 0.001 0.008 0.001 0.000 0.000 0.000 0.005 0.004 0.483 0.002 0.102 0.081 0.006 0.013 0.001 0.000 0.000 0.077 0.001 0.000 0.001 0.000 0.000 0.001 0.003 0.001 0.001 0.001 0.007 0.000 0.002 0.001 0.000 0.000 0.001 0.002 0.003 0.002 0.001 0.000 0.001 0.001 0.001 0.006 0.000 0.002 0.005 0.001 0.001 
11 eagle_vis 30 0.996 0.115 0.984 0.083 0.001 0.002 0.001 0.001 0.002 0.003 0.013 0.001 0.317 0.003 0.040 0.001 0.008 0.300 0.284 0.001 0.001 0.985 0.003 0.001 0.004 0.000 0.000 0.460 0.000 0.001 0.000 0.000 0.001 0.004 0.001 0.001 0.001 0.002 0.002 0.005 0.001 0.000 0.000 0.001 0.002 0.011 0.001 0.002 0.000 0.007 0.003 0.004 0.005 0.001 0.001 0.042 0.038 0.010 
12 tuna_vis 30 0.996 0.001 0.033 0.993 0.027 0.002 0.004 0.002 0.002 0.001 0.001 0.000 0.159 0.004 0.002 0.001 0.001 0.004 0.010 0.000 0.000 0.158 0.036 0.084 0.034 0.004 0.008 0.976 0.003 0.001 0.001 0.001 0.006 0.243 0.007 0.009 0.003 0.007 0.102 0.049 0.003 0.010 0.001 0.003 0.016 0.001 0.001 0.004 0.001 0.000 0.012 0.003 0.001 0.001 0.001 0.001 0.015 0.001 
13 goldfish_vis 30 0.996 0.001 0.009 0.993 0.043 0.002 0.003 0.001 0.004 0.001 0.000 0.000 0.000 0.024 0.015 0.025 0.059 0.000 0.010 0.001 0.000 0.000 0.025 0.922 0.001 0.871 0.008 0.011 0.002 0.002 0.000 0.005 0.003 0.001 0.003 0.008 0.002 0.002 0.001 0.001 0.001 0.001 0.000 0.001 0.003 0.000 0.001 0.001 0.002 0.000 0.030 0.001 0.000 0.001 0.001 0.000 0.000 0.000 
14 salmon_vis 30 0.996 0.001 0.022 0.992 0.029 0.002 0.010 0.001 0.002 0.001 0.001 0.000 0.001 0.001 0.000 0.000 0.006 0.000 0.001 0.001 0.004 0.005 0.034 0.002 0.900 0.138 0.027 0.016 0.003 0.001 0.016 0.001 0.001 0.012 0.003 0.024 0.001 0.005 0.001 0.040 0.005 0.001 0.001 0.002 0.041 0.000 0.001 0.011 0.000 0.000 0.006 0.028 0.002 0.000 0.001 0.000 0.001 0.001 
15 sardine_vis 30 0.996 0.000 0.015 0.993 0.031 0.002 0.002 0.001 0.003 0.001 0.000 0.000 0.001 0.001 0.001 0.001 0.056 0.000 0.003 0.011 0.000 0.000 0.002 0.014 0.029 0.967 0.009 0.037 0.001 0.001 0.000 0.058 0.002 0.006 0.001 0.032 0.001 0.001 0.000 0.002 0.000 0.000 0.001 0.000 0.004 0.000 0.001 0.001 0.000 0.000 0.034 0.001 0.000 0.000 0.001 0.000 0.000 0.000 
16 catfish_vis 30 0.996 0.001 0.026 0.993 0.012 0.002 0.014 0.001 0.001 0.001 0.001 0.001 0.000 0.001 0.000 0.003 0.000 0.102 0.001 0.007 0.001 0.000 0.011 0.013 0.019 0.031 0.972 0.069 0.051 0.001 0.000 0.001 0.001 0.033 0.001 0.001 0.007 0.015 0.001 0.011 0.007 0.000 0.000 0.004 0.003 0.001 0.001 0.001 0.000 0.000 0.001 0.002 0.001 0.000 0.001 0.000 0.000 0.000 
17 cod_vis 30 0.996 0.000 0.023 0.993 0.027 0.002 0.011 0.001 0.002 0.001 0.001 0.000 0.002 0.001 0.000 0.001 0.004 0.001 0.001 0.001 0.004 0.007 0.032 0.006 0.804 0.093 0.026 0.072 0.003 0.001 0.015 0.001 0.001 0.014 0.003 0.022 0.001 0.006 0.001 0.040 0.005 0.001 0.001 0.002 0.035 0.000 0.001 0.009 0.000 0.000 0.006 0.021 0.002 0.000 0.001 0.000 0.001 0.001 
18 turtle_vis 30 0.996 0.015 0.001 0.089 0.983 0.002 0.002 0.001 0.001 0.001 0.001 0.035 0.079 0.004 0.001 0.001 0.000 0.000 0.001 0.000 0.000 0.000 0.001 0.002 0.001 0.048 0.001 0.006 0.062 0.004 0.007 0.922 0.011 0.056 0.000 0.002 0.001 0.000 0.002 0.001 0.001 0.000 0.002 0.000 0.001 0.001 0.001 0.001 0.000 0.000 0.007 0.001 0.001 0.000 0.001 0.000 0.000 0.000 
19 rattlesnake_vis 30 0.995 0.537 0.001 0.380 0.990 0.002 0.002 0.001 0.003 0.001 0.001 0.008 0.002 0.414 0.498 0.231 0.001 0.000 0.005 0.000 0.000 0.000 0.004 0.887 0.000 0.019 0.000 0.004 0.360 0.064 0.001 0.847 0.357 0.004 0.003 0.002 0.001 0.000 0.006 0.001 0.001 0.002 0.001 0.000 0.001 0.001 0.005 0.001 0.001 0.001 0.004 0.001 0.001 0.002 0.001 0.000 0.001 0.001 
20 crab_vis 30 0.996 0.019 0.001 0.006 0.982 0.002 0.002 0.001 0.001 0.001 0.001 0.034 0.005 0.004 0.001 0.001 0.001 0.000 0.001 0.000 0.001 0.000 0.001 0.001 0.001 0.049 0.000 0.004 0.012 0.011 0.150 0.763 0.032 0.059 0.000 0.002 0.001 0.000 0.002 0.001 0.002 0.001 0.007 0.000 0.001 0.001 0.001 0.001 0.000 0.000 0.009 0.001 0.001 0.001 0.001 0.000 0.001 0.000 
21 frog_vis 30 0.996 0.004 0.001 0.011 0.988 0.002 0.001 0.001 0.001 0.001 0.000 0.010 0.094 0.002 0.002 0.000 0.008 0.000 0.001 0.000 0.000 0.000 0.001 0.001 0.001 0.006 0.000 0.005 0.003 0.018 0.102 0.390 0.100 0.679 0.000 0.004 0.000 0.000 0.027 0.002 0.001 0.000 0.002 0.000 0.001 0.001 0.001 0.001 0.000 0.000 0.107 0.001 0.006 0.004 0.001 0.000 0.000 0.001 
22 gecko_vis 30 0.995 0.003 0.001 0.009 0.992 0.002 0.002 0.001 0.003 0.001 0.000 0.055 0.010 0.002 0.003 0.000 0.001 0.000 0.002 0.000 0.000 0.000 0.001 0.001 0.000 0.001 0.000 0.038 0.001 0.021 0.456 0.368 0.956 0.520 0.001 0.008 0.001 0.000 0.045 0.002 0.001 0.001 0.017 0.000 0.001 0.001 0.006 0.001 0.000 0.000 0.021 0.001 0.003 0.015 0.002 0.000 0.001 0.001 
23 crocodile_vis 30 0.996 0.005 0.001 0.005 0.985 0.002 0.001 0.001 0.001 0.001 0.000 0.032 0.007 0.001 0.001 0.001 0.002 0.000 0.000 0.000 0.000 0.000 0.001 0.001 0.000 0.024 0.000 0.002 0.007 0.017 0.088 0.667 0.059 0.171 0.000 0.002 0.000 0.000 0.004 0.001 0.001 0.000 0.004 0.000 0.001 0.001 0.001 0.001 0.000 0.000 0.016 0.001 0.001 0.001 0.001 0.000 0.000 0.000 
24 axe_vis 30 0.204 0.000 0.001 0.003 0.002 0.996 0.158 0.003 0.033 0.001 0.000 0.122 0.000 0.024 0.000 0.003 0.000 0.001 0.001 0.000 0.000 0.000 0.001 0.004 0.000 0.000 0.000 0.009 0.023 0.002 0.000 0.010 0.004 0.000 0.001 0.003 0.699 0.002 0.002 0.023 0.000 0.004 0.001 0.005 0.001 0.000 0.002 0.001 0.027 0.001 0.071 0.001 0.000 0.000 0.001 0.000 0.020 0.000 
25 hammer_vis 30 0.002 0.000 0.001 0.004 0.002 0.996 0.986 0.003 0.028 0.008 0.000 0.000 0.000 0.001 0.000 0.000 0.000 0.000 0.000 0.000 0.002 0.001 0.001 0.001 0.013 0.003 0.000 0.002 0.002 0.001 0.025 0.000 0.001 0.000 0.027 0.962 0.029 0.007 0.001 0.033 0.001 0.001 0.018 0.001 0.002 0.001 0.001 0.056 0.005 0.001 0.001 0.003 0.001 0.000 0.008 0.000 0.002 0.045 
26 screwdriver_vis 30 0.742 0.001 0.001 0.002 0.054 0.985 0.557 0.003 0.010 0.001 0.000 0.109 0.001 0.023 0.000 0.004 0.000 0.001 0.000 0.001 0.000 0.000 0.001 0.001 0.000 0.000 0.001 0.002 0.171 0.003 0.001 0.053 0.001 0.000 0.002 0.004 0.852 0.002 0.012 0.011 0.000 0.002 0.002 0.006 0.001 0.001 0.001 0.002 0.018 0.001 0.512 0.001 0.000 0.000 0.001 0.000 0.015 0.000 
27 chisel_vis 30 0.002 0.000 0.001 0.003 0.001 0.996 0.242 0.013 0.925 0.002 0.000 0.000 0.000 0.003 0.000 0.000 0.000 0.000 0.000 0.000 0.000 0.000 0.001 0.002 0.000 0.000 0.000 0.002 0.001 0.002 0.000 0.000 0.001 0.000 0.001 0.178 0.130 0.016 0.001 0.065 0.001 0.250 0.005 0.031 0.001 0.001 0.001 0.003 0.796 0.002 0.009 0.004 0.000 0.001 0.001 0.002 0.077 0.001 
28 saw_vis 30 0.519 0.001 0.001 0.002 0.032 0.993 0.988 0.003 0.001 0.001 0.000 0.001 0.008 0.005 0.000 0.001 0.000 0.008 0.000 0.000 0.003 0.000 0.002 0.001 0.000 0.000 0.002 0.002 0.416 0.003 0.006 0.001 0.001 0.007 0.011 0.005 0.633 0.002 0.339 0.206 0.001 0.003 0.001 0.001 0.001 0.001 0.001 0.001 0.001 0.000 0.303 0.001 0.001 0.000 0.001 0.000 0.084 0.001 
29 drill_vis 30 0.003 0.000 0.001 0.001 0.005 0.996 0.980 0.002 0.001 0.002 0.000 0.000 0.002 0.001 0.000 0.000 0.000 0.001 0.000 0.000 0.003 0.000 0.001 0.000 0.000 0.000 0.001 0.001 0.031 0.001 0.015 0.000 0.001 0.009 0.001 0.002 0.090 0.001 0.013 0.932 0.000 0.025 0.000 0.000 0.001 0.000 0.001 0.001 0.001 0.000 0.170 0.001 0.006 0.000 0.001 0.000 0.327 0.001 
30 clamp_vis 30 0.002 0.000 0.001 0.002 0.002 0.997 0.006 0.944 0.001 0.002 0.000 0.000 0.000 0.001 0.000 0.000 0.000 0.000 0.000 0.000 0.002 0.000 0.001 0.001 0.000 0.000 0.000 0.002 0.016 0.003 0.004 0.001 0.000 0.003 0.001 0.002 0.002 0.001 0.019 0.001 0.200 0.007 0.580 0.013 0.010 0.013 0.001 0.001 0.001 0.000 0.000 0.001 0.001 0.000 0.012 0.003 0.000 0.001 
31 hoe_vis 30 0.002 0.000 0.001 0.001 0.001 0.997 0.001 0.697 0.006 0.156 0.000 0.000 0.005 0.004 0.000 0.000 0.000 0.000 0.001 0.000 0.000 0.000 0.001 0.001 0.000 0.000 0.000 0.001 0.001 0.001 0.003 0.001 0.001 0.004 0.000 0.001 0.001 0.000 0.027 0.006 0.001 0.898 0.031 0.004 0.006 0.005 0.001 0.001 0.008 0.001 0.003 0.001 0.012 0.002 0.003 0.039 0.299 0.001 
32 rake_vis 30 0.002 0.000 0.001 0.001 0.003 0.997 0.002 0.957 0.001 0.011 0.000 0.000 0.013 0.001 0.000 0.000 0.000 0.000 0.000 0.000 0.000 0.000 0.001 0.001 0.000 0.000 0.000 0.002 0.003 0.001 0.051 0.002 0.001 0.018 0.000 0.009 0.001 0.000 0.027 0.001 0.006 0.077 0.949 0.003 0.014 0.126 0.001 0.001 0.001 0.001 0.001 0.001 0.003 0.000 0.013 0.003 0.004 0.015 
33 shovel_vis 30 0.002 0.001 0.001 0.002 0.001 0.997 0.001 0.883 0.002 0.682 0.000 0.000 0.000 0.042 0.001 0.000 0.000 0.000 0.000 0.000 0.000 0.000 0.001 0.002 0.000 0.000 0.000 0.001 0.003 0.001 0.000 0.000 0.000 0.001 0.000 0.002 0.002 0.001 0.006 0.006 0.003 0.988 0.022 0.016 0.003 0.009 0.001 0.001 0.215 0.001 0.001 0.001 0.009 0.016 0.004 0.656 0.441 0.001 
34 spade_vis 30 0.002 0.000 0.001 0.002 0.013 0.996 0.001 0.906 0.002 0.002 0.000 0.000 0.187 0.001 0.001 0.000 0.000 0.000 0.001 0.000 0.001 0.000 0.002 0.001 0.001 0.000 0.000 0.001 0.019 0.001 0.062 0.014 0.001 0.409 0.001 0.002 0.001 0.000 0.003 0.001 0.003 0.108 0.331 0.002 0.274 0.282 0.001 0.002 0.001 0.000 0.034 0.001 0.028 0.000 0.003 0.002 0.009 0.001 
35 wrench_vis 30 0.002 0.004 0.002 0.001 0.001 0.997 0.001 0.048 0.004 0.794 0.000 0.000 0.000 0.002 0.007 0.000 0.000 0.000 0.001 0.000 0.001 0.005 0.001 0.001 0.000 0.000 0.000 0.001 0.000 0.001 0.000 0.000 0.000 0.000 0.000 0.001 0.001 0.000 0.001 0.001 0.001 0.003 0.048 0.002 0.001 0.099 0.001 0.001 0.002 0.127 0.001 0.001 0.004 0.001 0.042 0.952 0.013 0.051 
36 accordion_vis 30 0.323 0.036 0.030 0.001 0.001 0.770 0.001 0.001 0.960 0.003 0.000 0.299 0.038 0.001 0.241 0.002 0.024 0.001 0.094 0.007 0.000 0.003 0.003 0.001 0.000 0.000 0.000 0.001 0.000 0.002 0.000 0.028 0.017 0.000 0.000 0.001 0.001 0.000 0.000 0.001 0.000 0.001 0.000 0.000 0.001 0.003 0.208 0.009 0.009 0.167 0.133 0.001 0.001 0.006 0.002 0.001 0.017 0.000 
37 cello_vis 30 0.003 0.001 0.026 0.001 0.001 0.996 0.001 0.001 0.988 0.007 0.000 0.020 0.001 0.001 0.154 0.001 0.006 0.000 0.265 0.002 0.000 0.005 0.002 0.001 0.000 0.000 0.000 0.001 0.000 0.001 0.000 0.000 0.019 0.000 0.001 0.003 0.002 0.001 0.000 0.001 0.000 0.001 0.001 0.001 0.001 0.001 0.011 0.005 0.007 0.931 0.047 0.001 0.001 0.011 0.005 0.003 0.021 0.002 
38 flute_vis 30 0.015 0.183 0.002 0.001 0.001 0.996 0.004 0.001 0.193 0.003 0.000 0.358 0.035 0.009 0.059 0.001 0.001 0.000 0.027 0.000 0.000 0.001 0.001 0.001 0.000 0.000 0.000 0.004 0.000 0.002 0.000 0.037 0.001 0.000 0.001 0.014 0.003 0.010 0.006 0.001 0.000 0.001 0.014 0.006 0.000 0.004 0.003 0.001 0.070 0.558 0.002 0.003 0.000 0.005 0.001 0.005 0.007 0.009 
39 guitar_vis 30 0.003 0.001 0.006 0.001 0.001 0.996 0.001 0.001 0.897 0.020 0.000 0.002 0.000 0.002 0.024 0.001 0.002 0.000 0.019 0.000 0.000 0.001 0.001 0.001 0.000 0.000 0.000 0.000 0.000 0.002 0.000 0.000 0.003 0.000 0.000 0.007 0.002 0.001 0.002 0.001 0.000 0.001 0.001 0.000 0.000 0.001 0.004 0.001 0.010 0.982 0.032 0.001 0.001 0.024 0.009 0.010 0.030 0.029 
40 piano_vis 30 0.004 0.000 0.002 0.004 0.001 0.991 0.001 0.001 0.993 0.001 0.000 0.003 0.001 0.001 0.001 0.001 0.033 0.000 0.002 0.003 0.000 0.000 0.011 0.002 0.000 0.005 0.000 0.003 0.000 0.003 0.000 0.017 0.038 0.000 0.001 0.002 0.001 0.000 0.000 0.009 0.000 0.010 0.001 0.001 0.002 0.001 0.727 0.009 0.012 0.003 0.301 0.001 0.001 0.007 0.001 0.000 0.010 0.000 
41 trumpet_vis 30 0.003 0.002 0.007 0.001 0.001 0.996 0.001 0.061 0.161 0.345 0.001 0.001 0.024 0.000 0.007 0.000 0.001 0.000 0.001 0.000 0.002 0.038 0.002 0.000 0.000 0.000 0.000 0.001 0.000 0.002 0.003 0.000 0.001 0.001 0.000 0.002 0.001 0.001 0.000 0.001 0.001 0.001 0.102 0.001 0.002 0.868 0.003 0.006 0.001 0.040 0.001 0.100 0.037 0.001 0.007 0.011 0.009 0.248 
42 fork_vis 30 0.004 0.041 0.001 0.001 0.001 0.996 0.001 0.004 0.001 0.992 0.000 0.000 0.001 0.105 0.033 0.001 0.042 0.000 0.001 0.000 0.000 0.001 0.001 0.001 0.000 0.000 0.000 0.000 0.000 0.017 0.000 0.001 0.002 0.001 0.000 0.001 0.000 0.000 0.002 0.004 0.001 0.011 0.000 0.000 0.001 0.001 0.001 0.000 0.000 0.001 0.001 0.000 0.084 0.962 0.051 0.115 0.009 0.001 
43 spoon_vis 30 0.094 0.069 0.002 0.001 0.001 0.619 0.001 0.001 0.007 0.969 0.000 0.001 0.003 0.010 0.251 0.003 0.149 0.000 0.002 0.000 0.000 0.000 0.001 0.001 0.000 0.000 0.000 0.000 0.000 0.019 0.000 0.003 0.005 0.000 0.000 0.001 0.000 0.000 0.001 0.003 0.000 0.004 0.000 0.000 0.000 0.001 0.010 0.000 0.000 0.002 0.002 0.000 0.080 0.882 0.006 0.014 0.021 0.001 
44 tongs_vis 30 0.002 0.030 0.001 0.001 0.001 0.996 0.002 0.047 0.001 0.993 0.001 0.000 0.001 0.012 0.004 0.000 0.002 0.000 0.001 0.000 0.003 0.003 0.001 0.001 0.000 0.000 0.000 0.001 0.001 0.005 0.001 0.000 0.001 0.001 0.001 0.003 0.001 0.001 0.003 0.001 0.308 0.012 0.004 0.001 0.003 0.003 0.001 0.001 0.001 0.001 0.001 0.001 0.244 0.090 0.124 0.898 0.001 0.347 
45 ladle_vis 30 0.002 0.032 0.002 0.001 0.001 0.997 0.001 0.026 0.005 0.579 0.000 0.000 0.000 0.020 0.089 0.001 0.001 0.000 0.001 0.000 0.000 0.001 0.001 0.001 0.000 0.000 0.000 0.000 0.000 0.003 0.000 0.000 0.001 0.000 0.000 0.001 0.000 0.000 0.007 0.001 0.001 0.006 0.005 0.001 0.001 0.055 0.002 0.000 0.006 0.160 0.002 0.001 0.004 0.037 0.010 0.968 0.013 0.003 
46 knife_vis 30 0.003 0.021 0.002 0.001 0.001 0.995 0.001 0.001 0.005 0.970 0.000 0.001 0.001 0.047 0.012 0.001 0.028 0.000 0.001 0.000 0.000 0.000 0.001 0.001 0.000 0.000 0.000 0.000 0.000 0.011 0.000 0.001 0.002 0.000 0.001 0.001 0.000 0.000 0.002 0.004 0.000 0.002 0.000 0.000 0.000 0.001 0.002 0.000 0.001 0.006 0.002 0.000 0.011 0.861 0.007 0.008 0.057 0.003 
47 chopsticks_vis 30 0.003 0.046 0.002 0.001 0.001 0.996 0.001 0.001 0.004 0.994 0.000 0.000 0.001 0.122 0.040 0.001 0.034 0.000 0.001 0.000 0.000 0.001 0.001 0.001 0.000 0.000 0.000 0.000 0.000 0.116 0.000 0.000 0.001 0.000 0.001 0.001 0.000 0.009 0.005 0.006 0.001 0.008 0.000 0.000 0.001 0.001 0.001 0.001 0.001 0.005 0.001 0.001 0.029 0.980 0.009 0.096 0.044 0.081 
0 beaver_vis 30 0.996 0.984 0.016 0.001 0.038 0.002 0.001 0.001 0.001 0.001 0.971 0.015 0.081 0.035 0.007 0.001 0.000 0.001 0.001 0.000 0.004 0.018 0.001 0.001 0.050 0.000 0.000 0.002 0.036 0.001 0.080 0.075 0.001 0.001 0.001 0.001 0.001 0.000 0.001 0.001 0.002 0.000 0.001 0.000 0.001 0.002 0.001 0.002 0.000 0.001 0.001 0.012 0.002 0.000 0.007 0.000 0.012 0.003 
1 bear_vis 30 0.996 0.957 0.044 0.001 0.038 0.002 0.001 0.001 0.001 0.001 0.046 0.937 0.002 0.003 0.002 0.024 0.000 0.003 0.003 0.064 0.001 0.000 0.001 0.001 0.000 0.000 0.001 0.002 0.003 0.007 0.000 0.038 0.003 0.002 0.000 0.001 0.001 0.000 0.001 0.000 0.000 0.000 0.000 0.000 0.000 0.002 0.001 0.000 0.000 0.001 0.001 0.000 0.001 0.000 0.002 0.000 0.000 0.000 
2 sheep_vis 30 0.996 0.932 0.016 0.002 0.028 0.002 0.001 0.001 0.001 0.001 0.083 0.003 0.921 0.004 0.035 0.000 0.001 0.001 0.001 0.000 0.001 0.130 0.001 0.001 0.019 0.000 0.000 0.003 0.013 0.002 0.018 0.026 0.001 0.009 0.000 0.001 0.000 0.000 0.002 0.001 0.001 0.000 0.000 0.000 0.001 0.003 0.001 0.001 0.000 0.000 0.003 0.001 0.011 0.000 0.001 0.000 0.035 0.018 
3 buffalo_vis 30 0.996 0.979 0.001 0.001 0.026 0.002 0.017 0.001 0.001 0.001 0.022 0.003 0.001 0.967 0.038 0.050 0.000 0.000 0.002 0.000 0.000 0.000 0.000 0.034 0.000 0.002 0.000 0.001 0.012 0.006 0.000 0.071 0.001 0.000 0.021 0.002 0.001 0.001 0.040 0.000 0.001 0.000 0.001 0.000 0.000 0.000 0.000 0.000 0.001 0.007 0.001 0.000 0.000 0.001 0.014 0.000 0.001 0.000 
4 poodle_vis 30 0.996 0.986 0.048 0.001 0.063 0.002 0.001 0.001 0.001 0.001 0.006 0.766 0.781 0.014 0.664 0.002 0.008 0.001 0.115 0.002 0.000 0.002 0.001 0.001 0.000 0.000 0.000 0.003 0.002 0.012 0.001 0.476 0.036 0.008 0.000 0.001 0.001 0.000 0.004 0.001 0.000 0.000 0.000 0.000 0.000 0.011 0.001 0.000 0.000 0.006 0.007 0.001 0.003 0.021 0.002 0.000 0.001 0.002 
5 giraffe_vis 30 0.996 0.526 0.001 0.191 0.964 0.002 0.025 0.001 0.001 0.000 0.001 0.012 0.001 0.156 0.041 0.881 0.000 0.000 0.001 0.001 0.000 0.000 0.002 0.825 0.000 0.003 0.002 0.002 0.672 0.131 0.000 0.325 0.033 0.002 0.004 0.001 0.003 0.001 0.034 0.001 0.001 0.000 0.000 0.000 0.000 0.000 0.001 0.000 0.000 0.000 0.002 0.000 0.000 0.000 0.001 0.000 0.001 0.000 
6 robin_vis 30 0.996 0.007 0.980 0.014 0.001 0.002 0.001 0.001 0.007 0.001 0.000 0.001 0.003 0.001 0.048 0.000 0.786 0.001 0.117 0.009 0.001 0.148 0.013 0.001 0.001 0.006 0.000 0.002 0.000 0.002 0.000 0.001 0.001 0.001 0.000 0.003 0.000 0.001 0.000 0.001 0.000 0.000 0.000 0.000 0.001 0.001 0.001 0.001 0.000 0.013 0.037 0.001 0.011 0.006 0.001 0.010 0.001 0.001 
7 swan_vis 30 0.996 0.015 0.986 0.062 0.001 0.002 0.002 0.001 0.001 0.001 0.010 0.001 0.007 0.001 0.000 0.001 0.001 0.914 0.002 0.010 0.021 0.119 0.018 0.001 0.001 0.000 0.046 0.008 0.001 0.001 0.000 0.000 0.000 0.021 0.000 0.001 0.001 0.012 0.001 0.006 0.001 0.000 0.000 0.001 0.001 0.016 0.001 0.001 0.000 0.001 0.001 0.001 0.012 0.000 0.001 0.015 0.004 0.001 
8 woodpecker_vis 30 0.995 0.010 0.989 0.008 0.001 0.002 0.001 0.001 0.048 0.003 0.000 0.007 0.001 0.002 0.077 0.004 0.169 0.002 0.962 0.016 0.001 0.022 0.040 0.002 0.000 0.001 0.000 0.024 0.000 0.002 0.000 0.000 0.231 0.002 0.002 0.002 0.003 0.004 0.001 0.001 0.000 0.000 0.000 0.001 0.002 0.006 0.131 0.001 0.000 0.250 0.008 0.001 0.010 0.134 0.050 0.026 0.001 0.001 
9 peacock_vis 30 0.996 0.010 0.987 0.034 0.001 0.002 0.001 0.001 0.001 0.001 0.001 0.077 0.000 0.001 0.000 0.010 0.007 0.049 0.033 0.948 0.007 0.000 0.001 0.001 0.000 0.024 0.072 0.002 0.000 0.002 0.000 0.000 0.001 0.001 0.000 0.001 0.002 0.003 0.000 0.001 0.000 0.000 0.000 0.001 0.001 0.002 0.005 0.000 0.000 0.001 0.001 0.001 0.001 0.000 0.002 0.000 0.000 0.000 
10 crow_vis 30 0.996 0.003 0.985 0.067 0.001 0.003 0.004 0.001 0.001 0.001 0.078 0.001 0.000 0.001 0.000 0.004 0.002 0.172 0.001 0.219 0.748 0.002 0.016 0.001 0.001 0.001 0.145 0.001 0.001 0.003 0.000 0.000 0.000 0.001 0.001 0.001 0.003 0.473 0.000 0.002 0.026 0.000 0.000 0.022 0.001 0.026 0.004 0.001 0.000 0.001 0.001 0.194 0.006 0.000 0.003 0.004 0.000 0.001 
11 eagle_vis 30 0.996 0.032 0.978 0.156 0.001 0.002 0.001 0.001 0.001 0.001 0.012 0.001 0.077 0.001 0.004 0.001 0.037 0.079 0.016 0.002 0.001 0.963 0.003 0.001 0.053 0.001 0.001 0.021 0.001 0.001 0.000 0.000 0.001 0.001 0.001 0.002 0.001 0.002 0.001 0.004 0.001 0.000 0.000 0.000 0.001 0.003 0.001 0.002 0.000 0.002 0.003 0.005 0.005 0.000 0.001 0.010 0.004 0.003 
12 tuna_vis 30 0.995 0.000 0.053 0.992 0.015 0.003 0.167 0.002 0.001 0.001 0.001 0.000 0.000 0.001 0.000 0.002 0.000 0.016 0.001 0.006 0.077 0.000 0.113 0.002 0.012 0.010 0.897 0.023 0.009 0.001 0.001 0.000 0.001 0.067 0.006 0.001 0.041 0.048 0.003 0.037 0.012 0.001 0.000 0.010 0.006 0.001 0.001 0.002 0.000 0.000 0.001 0.003 0.002 0.000 0.001 0.000 0.001 0.000 
13 goldfish_vis 30 0.994 0.001 0.005 0.831 0.003 0.342 0.991 0.001 0.001 0.001 0.000 0.000 0.002 0.008 0.000 0.001 0.000 0.092 0.001 0.001 0.001 0.000 0.003 0.005 0.001 0.001 0.212 0.018 0.011 0.001 0.000 0.000 0.001 0.022 0.018 0.006 0.199 0.118 0.784 0.287 0.003 0.000 0.000 0.005 0.001 0.000 0.000 0.001 0.001 0.000 0.007 0.001 0.000 0.000 0.001 0.003 0.002 0.001 
14 salmon_vis 30 0.995 0.000 0.056 0.992 0.017 0.002 0.144 0.001 0.001 0.001 0.001 0.000 0.000 0.001 0.000 0.001 0.000 0.002 0.001 0.007 0.257 0.000 0.148 0.002 0.046 0.017 0.865 0.009 0.006 0.001 0.002 0.001 0.001 0.072 0.003 0.002 0.016 0.061 0.001 0.039 0.015 0.001 0.000 0.010 0.008 0.001 0.001 0.003 0.000 0.000 0.001 0.006 0.002 0.000 0.001 0.000 0.000 0.000 
15 sardine_vis 30 0.996 0.000 0.016 0.993 0.028 0.002 0.002 0.001 0.002 0.001 0.000 0.000 0.001 0.001 0.001 0.000 0.082 0.000 0.002 0.005 0.000 0.000 0.002 0.015 0.021 0.943 0.007 0.034 0.001 0.001 0.000 0.038 0.001 0.013 0.001 0.026 0.001 0.001 0.001 0.002 0.000 0.000 0.001 0.000 0.003 0.000 0.001 0.001 0.000 0.000 0.059 0.001 0.000 0.000 0.001 0.000 0.000 0.000 
16 catfish_vis 30 0.996 0.001 0.055 0.992 0.010 0.002 0.038 0.012 0.001 0.001 0.004 0.000 0.000 0.001 0.000 0.003 0.000 0.091 0.000 0.028 0.018 0.000 0.013 0.011 0.058 0.103 0.981 0.039 0.079 0.030 0.000 0.001 0.001 0.003 0.001 0.002 0.011 0.864 0.001 0.009 0.501 0.001 0.000 0.241 0.001 0.008 0.001 0.001 0.000 0.000 0.001 0.589 0.000 0.000 0.001 0.000 0.000 0.000 
17 cod_vis 30 0.996 0.001 0.190 0.994 0.021 0.002 0.025 0.096 0.001 0.001 0.003 0.001 0.001 0.001 0.000 0.002 0.000 0.638 0.003 0.001 0.000 0.001 0.009 0.190 0.002 0.003 0.951 0.985 0.020 0.003 0.000 0.001 0.001 0.051 0.001 0.003 0.133 0.856 0.011 0.011 0.539 0.003 0.000 0.597 0.002 0.133 0.001 0.001 0.002 0.000 0.001 0.469 0.000 0.000 0.001 0.000 0.001 0.000 
18 turtle_vis 30 0.989 0.003 0.001 0.003 0.763 0.038 0.929 0.001 0.001 0.001 0.001 0.001 0.035 0.001 0.000 0.001 0.000 0.000 0.000 0.000 0.002 0.000 0.001 0.001 0.000 0.000 0.001 0.001 0.178 0.002 0.099 0.003 0.001 0.498 0.000 0.002 0.031 0.001 0.800 0.077 0.001 0.001 0.000 0.000 0.000 0.001 0.000 0.001 0.000 0.000 0.005 0.000 0.001 0.000 0.001 0.000 0.007 0.007 
19 rattlesnake_vis 30 0.985 0.099 0.001 0.001 0.852 0.004 0.971 0.001 0.001 0.001 0.000 0.038 0.004 0.315 0.000 0.082 0.000 0.000 0.000 0.001 0.001 0.000 0.001 0.004 0.000 0.000 0.001 0.002 0.392 0.261 0.005 0.126 0.006 0.025 0.018 0.001 0.010 0.003 0.980 0.008 0.003 0.001 0.001 0.000 0.001 0.001 0.001 0.001 0.000 0.000 0.006 0.001 0.001 0.001 0.001 0.000 0.003 0.002 
20 crab_vis 30 0.966 0.001 0.001 0.003 0.232 0.800 0.973 0.001 0.001 0.001 0.000 0.001 0.005 0.001 0.000 0.000 0.000 0.000 0.000 0.000 0.001 0.000 0.001 0.000 0.000 0.000 0.000 0.001 0.008 0.005 0.027 0.001 0.001 0.183 0.000 0.123 0.039 0.055 0.474 0.044 0.003 0.001 0.001 0.000 0.000 0.001 0.000 0.001 0.000 0.000 0.003 0.001 0.002 0.000 0.001 0.000 0.002 0.004 
21 frog_vis 30 0.996 0.002 0.001 0.009 0.983 0.002 0.002 0.001 0.001 0.001 0.000 0.069 0.001 0.001 0.000 0.001 0.000 0.000 0.001 0.001 0.002 0.000 0.001 0.001 0.000 0.002 0.001 0.002 0.005 0.032 0.018 0.087 0.044 0.512 0.000 0.001 0.001 0.000 0.007 0.001 0.001 0.000 0.001 0.000 0.001 0.001 0.001 0.001 0.000 0.000 0.003 0.001 0.001 0.000 0.001 0.000 0.000 0.000 
22 gecko_vis 30 0.993 0.105 0.001 0.002 0.957 0.003 0.003 0.001 0.001 0.001 0.000 0.363 0.047 0.001 0.003 0.053 0.000 0.000 0.001 0.000 0.000 0.000 0.002 0.008 0.000 0.000 0.000 0.002 0.008 0.060 0.004 0.024 0.072 0.938 0.000 0.001 0.001 0.001 0.771 0.003 0.004 0.001 0.000 0.000 0.001 0.027 0.001 0.001 0.000 0.000 0.014 0.001 0.007 0.068 0.001 0.000 0.002 0.001 
23 crocodile_vis 30 0.991 0.004 0.001 0.002 0.926 0.002 0.005 0.001 0.001 0.001 0.000 0.071 0.213 0.000 0.000 0.001 0.000 0.000 0.000 0.000 0.001 0.000 0.003 0.000 0.000 0.000 0.000 0.001 0.007 0.014 0.010 0.008 0.005 0.980 0.000 0.001 0.001 0.000 0.903 0.008 0.001 0.001 0.000 0.000 0.000 0.003 0.001 0.001 0.000 0.000 0.031 0.001 0.011 0.009 0.000 0.000 0.002 0.001 
24 axe_vis 30 0.002 0.000 0.001 0.003 0.001 0.996 0.912 0.003 0.027 0.001 0.000 0.000 0.000 0.001 0.000 0.001 0.000 0.002 0.000 0.002 0.004 0.000 0.001 0.001 0.000 0.000 0.008 0.002 0.003 0.001 0.001 0.000 0.001 0.000 0.003 0.012 0.853 0.015 0.003 0.027 0.000 0.001 0.001 0.039 0.001 0.000 0.001 0.014 0.016 0.001 0.011 0.001 0.000 0.000 0.002 0.000 0.008 0.001 
25 hammer_vis 30 0.002 0.000 0.001 0.003 0.001 0.996 0.286 0.324 0.203 0.001 0.000 0.000 0.000 0.001 0.000 0.000 0.000 0.000 0.000 0.000 0.001 0.001 0.001 0.001 0.001 0.001 0.000 0.002 0.001 0.001 0.001 0.000 0.001 0.000 0.002 0.678 0.038 0.016 0.001 0.005 0.000 0.003 0.474 0.205 0.003 0.001 0.001 0.004 0.023 0.001 0.002 0.013 0.000 0.000 0.002 0.002 0.001 0.012 
26 screwdriver_vis 30 0.003 0.000 0.001 0.002 0.002 0.996 0.970 0.005 0.022 0.001 0.000 0.000 0.000 0.001 0.000 0.001 0.000 0.001 0.000 0.002 0.026 0.000 0.001 0.001 0.000 0.000 0.007 0.002 0.011 0.006 0.001 0.000 0.001 0.000 0.003 0.052 0.961 0.161 0.005 0.010 0.000 0.001 0.015 0.162 0.000 0.001 0.001 0.008 0.050 0.001 0.006 0.015 0.000 0.000 0.003 0.000 0.007 0.001 
27 chisel_vis 30 0.002 0.000 0.001 0.004 0.001 0.996 0.636 0.073 0.032 0.001 0.000 0.000 0.000 0.001 0.000 0.001 0.000 0.003 0.000 0.004 0.005 0.000 0.001 0.001 0.000 0.001 0.047 0.003 0.001 0.004 0.000 0.000 0.000 0.000 0.001 0.008 0.336 0.710 0.003 0.002 0.001 0.001 0.004 0.832 0.001 0.001 0.001 0.001 0.129 0.001 0.001 0.113 0.000 0.000 0.001 0.001 0.001 0.001 
28 saw_vis 30 0.004 0.000 0.001 0.001 0.005 0.994 0.991 0.001 0.001 0.002 0.000 0.000 0.001 0.001 0.000 0.001 0.000 0.006 0.000 0.001 0.009 0.000 0.001 0.000 0.000 0.000 0.003 0.001 0.023 0.002 0.006 0.000 0.001 0.010 0.005 0.004 0.316 0.004 0.102 0.686 0.001 0.008 0.000 0.001 0.000 0.000 0.001 0.001 0.000 0.000 0.179 0.000 0.003 0.000 0.001 0.001 0.159 0.002 
29 drill_vis 30 0.004 0.000 0.001 0.001 0.005 0.995 0.994 0.001 0.002 0.003 0.000 0.000 0.003 0.002 0.000 0.000 0.001 0.004 0.000 0.000 0.022 0.000 0.001 0.000 0.000 0.000 0.002 0.001 0.026 0.002 0.005 0.000 0.001 0.023 0.001 0.014 0.613 0.001 0.046 0.981 0.000 0.037 0.000 0.001 0.000 0.000 0.000 0.001 0.001 0.000 0.870 0.000 0.013 0.000 0.001 0.000 0.359 0.001 
30 clamp_vis 30 0.002 0.000 0.001 0.002 0.005 0.997 0.058 0.984 0.001 0.002 0.000 0.001 0.000 0.001 0.000 0.001 0.000 0.000 0.000 0.000 0.036 0.000 0.001 0.001 0.000 0.000 0.001 0.001 0.047 0.027 0.002 0.000 0.000 0.016 0.001 0.002 0.002 0.017 0.027 0.001 0.931 0.003 0.031 0.025 0.006 0.005 0.001 0.001 0.001 0.000 0.000 0.001 0.002 0.000 0.021 0.002 0.000 0.002 
31 hoe_vis 30 0.002 0.000 0.001 0.002 0.002 0.996 0.001 0.991 0.025 0.006 0.001 0.000 0.000 0.001 0.000 0.000 0.000 0.000 0.001 0.000 0.000 0.000 0.001 0.001 0.000 0.000 0.000 0.004 0.003 0.002 0.027 0.004 0.002 0.006 0.000 0.002 0.001 0.001 0.000 0.013 0.008 0.980 0.109 0.039 0.127 0.093 0.153 0.002 0.008 0.001 0.002 0.024 0.014 0.001 0.011 0.003 0.009 0.000 
32 rake_vis 30 0.002 0.000 0.001 0.002 0.002 0.997 0.006 0.989 0.001 0.002 0.001 0.000 0.000 0.001 0.000 0.000 0.000 0.000 0.000 0.000 0.001 0.000 0.001 0.001 0.000 0.000 0.000 0.004 0.020 0.001 0.022 0.001 0.000 0.001 0.001 0.022 0.021 0.001 0.001 0.002 0.033 0.084 0.936 0.070 0.014 0.013 0.001 0.001 0.007 0.000 0.001 0.002 0.001 0.000 0.145 0.002 0.000 0.001 
33 shovel_vis 30 0.002 0.000 0.001 0.003 0.001 0.997 0.010 0.994 0.002 0.001 0.000 0.000 0.000 0.001 0.000 0.001 0.000 0.011 0.000 0.000 0.001 0.000 0.001 0.001 0.000 0.000 0.020 0.030 0.000 0.001 0.000 0.000 0.000 0.001 0.001 0.002 0.140 0.046 0.001 0.014 0.031 0.535 0.027 0.990 0.034 0.022 0.004 0.001 0.181 0.000 0.001 0.003 0.001 0.000 0.015 0.081 0.000 0.000 
34 spade_vis 30 0.002 0.000 0.001 0.002 0.002 0.996 0.002 0.991 0.005 0.003 0.001 0.000 0.000 0.002 0.000 0.000 0.000 0.000 0.000 0.000 0.001 0.000 0.001 0.001 0.001 0.000 0.000 0.003 0.002 0.001 0.026 0.002 0.001 0.001 0.001 0.003 0.002 0.001 0.001 0.009 0.007 0.896 0.387 0.107 0.169 0.008 0.018 0.003 0.010 0.000 0.001 0.018 0.003 0.000 0.072 0.002 0.003 0.001 
35 wrench_vis 30 0.002 0.000 0.001 0.002 0.001 0.997 0.001 0.990 0.015 0.008 0.000 0.000 0.001 0.004 0.000 0.000 0.000 0.000 0.001 0.000 0.000 0.001 0.001 0.001 0.000 0.000 0.000 0.013 0.002 0.001 0.007 0.001 0.001 0.001 0.000 0.003 0.001 0.001 0.004 0.007 0.006 0.860 0.797 0.098 0.011 0.041 0.003 0.001 0.017 0.001 0.001 0.006 0.001 0.001 0.008 0.006 0.005 0.001 
36 accordion_vis 30 0.002 0.000 0.030 0.001 0.001 0.996 0.001 0.001 0.995 0.001 0.000 0.012 0.001 0.001 0.006 0.001 0.104 0.001 0.145 0.014 0.000 0.010 0.003 0.001 0.000 0.002 0.000 0.016 0.000 0.004 0.000 0.001 0.007 0.000 0.000 0.002 0.001 0.001 0.000 0.003 0.000 0.002 0.000 0.001 0.001 0.002 0.896 0.001 0.008 0.010 0.056 0.009 0.001 0.065 0.001 0.001 0.004 0.000 
37 cello_vis 30 0.004 0.000 0.002 0.007 0.002 0.993 0.002 0.003 0.926 0.001 0.000 0.035 0.002 0.001 0.002 0.000 0.001 0.000 0.001 0.000 0.000 0.001 0.005 0.001 0.001 0.001 0.000 0.031 0.001 0.004 0.001 0.101 0.048 0.000 0.001 0.005 0.002 0.001 0.000 0.003 0.000 0.010 0.002 0.001 0.002 0.002 0.190 0.037 0.005 0.002 0.012 0.022 0.001 0.002 0.001 0.000 0.015 0.001 
38 flute_vis 30 0.002 0.000 0.001 0.002 0.001 0.996 0.008 0.002 0.993 0.001 0.000 0.000 0.000 0.003 0.000 0.000 0.004 0.000 0.008 0.001 0.000 0.001 0.001 0.001 0.000 0.001 0.000 0.020 0.000 0.010 0.000 0.000 0.002 0.000 0.001 0.027 0.003 0.151 0.001 0.009 0.000 0.006 0.004 0.137 0.000 0.001 0.314 0.001 0.740 0.021 0.004 0.020 0.000 0.216 0.001 0.001 0.004 0.001 
39 guitar_vis 30 0.044 0.003 0.012 0.001 0.001 0.965 0.001 0.001 0.980 0.001 0.000 0.179 0.008 0.001 0.055 0.001 0.023 0.001 0.060 0.007 0.000 0.003 0.001 0.001 0.000 0.001 0.000 0.003 0.000 0.004 0.000 0.014 0.007 0.000 0.000 0.002 0.001 0.001 0.000 0.001 0.000 0.002 0.000 0.002 0.000 0.002 0.440 0.001 0.022 0.022 0.022 0.011 0.001 0.020 0.001 0.001 0.010 0.000 
40 piano_vis 30 0.003 0.000 0.008 0.004 0.002 0.995 0.002 0.002 0.994 0.001 0.000 0.007 0.001 0.000 0.003 0.000 0.102 0.001 0.050 0.008 0.000 0.002 0.004 0.001 0.000 0.005 0.000 0.027 0.000 0.007 0.001 0.003 0.019 0.001 0.000 0.005 0.002 0.001 0.000 0.004 0.000 0.003 0.001 0.002 0.001 0.005 0.891 0.004 0.005 0.007 0.158 0.022 0.001 0.093 0.001 0.000 0.002 0.000 
41 trumpet_vis 30 0.044 0.033 0.002 0.007 0.002 0.966 0.001 0.012 0.904 0.001 0.176 0.014 0.031 0.001 0.006 0.000 0.000 0.001 0.001 0.000 0.000 0.003 0.005 0.001 0.002 0.000 0.000 0.139 0.044 0.006 0.002 0.062 0.001 0.000 0.000 0.004 0.001 0.005 0.000 0.001 0.000 0.037 0.004 0.005 0.002 0.131 0.044 0.030 0.015 0.003 0.002 0.968 0.001 0.000 0.001 0.000 0.057 0.006 
42 fork_vis 30 0.004 0.009 0.001 0.001 0.001 0.995 0.003 0.001 0.003 0.968 0.000 0.000 0.001 0.078 0.015 0.002 0.273 0.000 0.001 0.000 0.000 0.001 0.001 0.001 0.000 0.000 0.000 0.000 0.000 0.007 0.000 0.000 0.002 0.000 0.004 0.001 0.000 0.001 0.004 0.012 0.000 0.003 0.000 0.000 0.000 0.000 0.001 0.001 0.001 0.004 0.001 0.001 0.021 0.872 0.011 0.044 0.049 0.003 
43 spoon_vis 30 0.006 0.010 0.001 0.001 0.001 0.993 0.001 0.001 0.021 0.945 0.000 0.000 0.000 0.068 0.028 0.002 0.172 0.000 0.001 0.000 0.000 0.000 0.001 0.001 0.000 0.000 0.000 0.000 0.000 0.008 0.000 0.000 0.004 0.000 0.002 0.001 0.000 0.000 0.002 0.005 0.000 0.001 0.000 0.000 0.000 0.000 0.004 0.000 0.001 0.013 0.004 0.000 0.010 0.836 0.005 0.013 0.095 0.001 
44 tongs_vis 30 0.002 0.001 0.001 0.002 0.004 0.996 0.018 0.936 0.001 0.225 0.002 0.001 0.000 0.006 0.000 0.000 0.000 0.000 0.001 0.000 0.001 0.000 0.001 0.001 0.001 0.000 0.000 0.002 0.009 0.001 0.197 0.003 0.001 0.001 0.003 0.098 0.004 0.001 0.001 0.003 0.027 0.043 0.941 0.002 0.027 0.002 0.001 0.001 0.001 0.000 0.001 0.001 0.002 0.000 0.646 0.001 0.001 0.004 
45 ladle_vis 30 0.002 0.002 0.001 0.001 0.001 0.997 0.001 0.019 0.493 0.382 0.000 0.000 0.000 0.023 0.034 0.001 0.002 0.000 0.002 0.000 0.000 0.001 0.001 0.001 0.000 0.000 0.000 0.000 0.000 0.002 0.000 0.000 0.001 0.000 0.000 0.001 0.001 0.000 0.003 0.002 0.000 0.049 0.001 0.002 0.001 0.003 0.003 0.000 0.065 0.625 0.005 0.001 0.003 0.090 0.008 0.480 0.184 0.002 
46 knife_vis 30 0.002 0.007 0.001 0.001 0.001 0.997 0.001 0.001 0.055 0.948 0.001 0.000 0.002 0.018 0.002 0.001 0.001 0.000 0.001 0.000 0.000 0.003 0.001 0.001 0.000 0.000 0.000 0.000 0.001 0.001 0.001 0.000 0.001 0.000 0.000 0.001 0.000 0.000 0.002 0.010 0.000 0.006 0.000 0.000 0.000 0.000 0.002 0.001 0.005 0.032 0.009 0.001 0.006 0.011 0.004 0.012 0.986 0.006 
47 chopsticks_vis 30 0.003 0.014 0.001 0.001 0.001 0.996 0.011 0.001 0.002 0.994 0.001 0.000 0.003 0.029 0.002 0.000 0.003 0.000 0.001 0.000 0.001 0.011 0.001 0.001 0.000 0.000 0.000 0.001 0.001 0.004 0.001 0.000 0.001 0.000 0.001 0.003 0.001 0.002 0.003 0.051 0.000 0.008 0.000 0.000 0.000 0.000 0.001 0.001 0.001 0.003 0.001 0.001 0.062 0.270 0.015 0.046 0.587 0.468 
