0 beaver_vis 30 0.996 0.987 0.020 0.001 0.044 0.002 0.001 0.001 0.001 0.003 0.982 0.016 0.046 0.033 0.006 0.001 0.000 0.001 0.001 0.000 0.007 0.017 0.001 0.001 0.043 0.000 0.000 0.001 0.041 0.001 0.125 0.067 0.001 0.000 0.001 0.001 0.000 0.000 0.000 0.001 0.001 0.000 0.001 0.000 0.001 0.002 0.001 0.004 0.000 0.001 0.001 0.010 0.002 0.000 0.014 0.000 0.010 0.003 
1 bear_vis 30 0.996 0.980 0.031 0.001 0.052 0.002 0.001 0.001 0.001 0.001 0.158 0.866 0.004 0.011 0.007 0.004 0.001 0.001 0.007 0.028 0.001 0.000 0.001 0.001 0.000 0.001 0.000 0.001 0.003 0.004 0.001 0.284 0.005 0.001 0.000 0.001 0.000 0.000 0.000 0.000 0.000 0.000 0.000 0.000 0.000 0.002 0.001 0.001 0.000 0.001 0.001 0.001 0.001 0.000 0.006 0.000 0.000 0.000 
2 sheep_vis 30 0.996 0.982 0.023 0.001 0.024 0.002 0.001 0.001 0.001 0.007 0.247 0.010 0.975 0.006 0.215 0.000 0.004 0.002 0.001 0.000 0.002 0.251 0.001 0.001 0.073 0.000 0.000 0.001 0.029 0.002 0.023 0.068 0.001 0.010 0.000 0.001 0.000 0.000 0.003 0.002 0.001 0.000 0.000 0.000 0.001 0.010 0.001 0.001 0.000 0.001 0.004 0.002 0.041 0.000 0.001 0.000 0.083 0.130 
3 buffalo_vis 30 0.996 0.935 0.003 0.001 0.004 0.002 0.022 0.001 0.001 0.001 0.511 0.002 0.001 0.901 0.004 0.004 0.000 0.000 0.001 0.000 0.001 0.001 0.000 0.002 0.000 0.000 0.000 0.001 0.011 0.002 0.001 0.005 0.001 0.000 0.076 0.002 0.001 0.001 0.012 0.001 0.001 0.000 0.001 0.000 0.000 0.000 0.000 0.001 0.003 0.012 0.001 0.001 0.001 0.000 0.062 0.008 0.050 0.001 
4 poodle_vis 30 0.996 0.991 0.022 0.001 0.045 0.002 0.001 0.001 0.001 0.003 0.984 0.054 0.128 0.063 0.022 0.001 0.001 0.001 0.002 0.001 0.016 0.023 0.001 0.001 0.141 0.000 0.000 0.001 0.076 0.002 0.107 0.170 0.001 0.000 0.001 0.001 0.000 0.000 0.000 0.001 0.003 0.000 0.001 0.000 0.001 0.003 0.001 0.004 0.000 0.001 0.001 0.022 0.003 0.000 0.023 0.000 0.019 0.004 
5 giraffe_vis 30 0.996 0.989 0.010 0.001 0.044 0.002 0.001 0.001 0.001 0.001 0.094 0.047 0.001 0.111 0.267 0.839 0.001 0.001 0.004 0.001 0.001 0.000 0.001 0.037 0.000 0.000 0.000 0.001 0.024 0.017 0.000 0.019 0.002 0.000 0.001 0.001 0.001 0.000 0.001 0.000 0.001 0.000 0.000 0.000 0.000 0.001 0.001 0.000 0.000 0.003 0.001 0.001 0.001 0.001 0.004 0.000 0.001 0.000 
6 robin_vis 30 0.994 0.003 0.986 0.007 0.001 0.002 0.001 0.001 0.006 0.006 0.001 0.001 0.006 0.001 0.009 0.000 0.677 0.001 0.016 0.005 0.007 0.675 0.038 0.000 0.005 0.001 0.000 0.001 0.000 0.002 0.001 0.000 0.001 0.005 0.000 0.003 0.000 0.002 0.001 0.006 0.000 0.000 0.000 0.000 0.002 0.002 0.001 0.001 0.000 0.012 0.025 0.002 0.074 0.003 0.002 0.024 0.003 0.024 
7 swan_vis 30 0.996 0.013 0.989 0.042 0.001 0.003 0.002 0.001 0.001 0.001 0.113 0.002 0.001 0.000 0.000 0.003 0.001 0.765 0.002 0.045 0.377 0.029 0.029 0.001 0.001 0.000 0.098 0.004 0.001 0.001 0.000 0.000 0.000 0.006 0.001 0.001 0.010 0.025 0.000 0.005 0.003 0.000 0.000 0.003 0.002 0.016 0.003 0.002 0.000 0.001 0.001 0.004 0.015 0.000 0.006 0.011 0.004 0.001 
8 woodpecker_vis 30 0.995 0.047 0.988 0.028 0.001 0.002 0.001 0.001 0.011 0.003 0.001 0.010 0.002 0.003 0.168 0.001 0.153 0.004 0.957 0.020 0.001 0.139 0.004 0.004 0.000 0.003 0.000 0.096 0.000 0.002 0.000 0.000 0.017 0.001 0.001 0.003 0.001 0.001 0.001 0.001 0.000 0.000 0.000 0.000 0.002 0.003 0.008 0.001 0.000 0.036 0.010 0.001 0.003 0.021 0.005 0.004 0.001 0.001 
9 peacock_vis 30 0.996 0.004 0.987 0.004 0.001 0.002 0.001 0.001 0.002 0.001 0.001 0.011 0.001 0.000 0.001 0.001 0.131 0.040 0.006 0.313 0.012 0.001 0.009 0.000 0.000 0.001 0.002 0.001 0.000 0.004 0.000 0.000 0.001 0.030 0.000 0.001 0.000 0.002 0.001 0.001 0.000 0.000 0.000 0.000 0.001 0.004 0.003 0.001 0.000 0.002 0.006 0.001 0.010 0.001 0.002 0.001 0.000 0.001 
10 crow_vis 30 0.958 0.001 0.985 0.004 0.001 0.390 0.001 0.556 0.001 0.010 0.064 0.000 0.000 0.000 0.000 0.005 0.008 0.163 0.001 0.136 0.980 0.002 0.037 0.000 0.001 0.000 0.077 0.001 0.000 0.003 0.000 0.000 0.000 0.041 0.000 0.001 0.001 0.019 0.000 0.002 0.840 0.000 0.000 0.258 0.342 0.516 0.003 0.001 0.000 0.000 0.000 0.010 0.355 0.000 0.241 0.491 0.000 0.001 
11 eagle_vis 30 0.995 0.015 0.986 0.028 0.001 0.002 0.001 0.001 0.002 0.005 0.023 0.000 0.017 0.001 0.002 0.001 0.136 0.021 0.008 0.002 0.010 0.949 0.015 0.001 0.042 0.000 0.001 0.004 0.000 0.001 0.001 0.000 0.000 0.004 0.001 0.002 0.000 0.003 0.000 0.010 0.001 0.000 0.000 0.001 0.003 0.004 0.001 0.003 0.000 0.005 0.005 0.010 0.045 0.000 0.002 0.022 0.010 0.035 
12 tuna_vis 30 0.991 0.000 0.105 0.987 0.019 0.003 0.110 0.012 0.006 0.001 0.001 0.000 0.019 0.001 0.000 0.006 0.004 0.382 0.001 0.028 0.031 0.001 0.477 0.006 0.283 0.006 0.886 0.018 0.165 0.033 0.001 0.001 0.001 0.244 0.005 0.004 0.005 0.130 0.009 0.121 0.021 0.002 0.001 0.005 0.020 0.004 0.004 0.008 0.001 0.001 0.009 0.035 0.007 0.000 0.001 0.001 0.001 0.002 
13 goldfish_vis 30 0.996 0.001 0.012 0.993 0.022 0.002 0.006 0.001 0.002 0.001 0.003 0.000 0.001 0.003 0.000 0.001 0.001 0.001 0.001 0.001 0.001 0.004 0.006 0.053 0.778 0.523 0.342 0.078 0.024 0.001 0.001 0.003 0.001 0.002 0.003 0.008 0.002 0.005 0.000 0.011 0.005 0.001 0.001 0.003 0.014 0.000 0.001 0.006 0.000 0.000 0.002 0.018 0.001 0.000 0.001 0.000 0.001 0.000 
14 salmon_vis 30 0.996 0.000 0.017 0.991 0.026 0.002 0.009 0.001 0.002 0.001 0.001 0.000 0.001 0.001 0.000 0.000 0.004 0.000 0.000 0.001 0.004 0.005 0.021 0.003 0.931 0.385 0.102 0.029 0.005 0.001 0.007 0.002 0.001 0.005 0.003 0.021 0.001 0.005 0.000 0.026 0.005 0.001 0.001 0.002 0.036 0.000 0.001 0.012 0.000 0.000 0.004 0.030 0.001 0.000 0.001 0.000 0.001 0.001 
15 sardine_vis 30 0.996 0.000 0.017 0.993 0.042 0.002 0.002 0.001 0.003 0.001 0.000 0.000 0.000 0.002 0.000 0.000 0.023 0.000 0.002 0.033 0.000 0.000 0.002 0.016 0.063 0.977 0.028 0.055 0.001 0.001 0.001 0.088 0.001 0.002 0.001 0.051 0.001 0.001 0.000 0.002 0.001 0.000 0.001 0.001 0.006 0.000 0.001 0.002 0.000 0.000 0.013 0.001 0.001 0.000 0.001 0.000 0.000 0.000 
16 catfish_vis 30 0.996 0.001 0.050 0.992 0.012 0.002 0.019 0.008 0.001 0.001 0.006 0.000 0.000 0.001 0.000 0.003 0.000 0.077 0.000 0.024 0.011 0.000 0.008 0.012 0.055 0.146 0.982 0.039 0.081 0.013 0.001 0.001 0.001 0.003 0.001 0.002 0.008 0.807 0.000 0.006 0.458 0.001 0.000 0.245 0.002 0.005 0.001 0.002 0.000 0.000 0.001 0.562 0.001 0.000 0.001 0.000 0.000 0.000 
17 cod_vis 30 0.996 0.000 0.013 0.993 0.014 0.002 0.005 0.001 0.002 0.001 0.001 0.000 0.012 0.001 0.000 0.000 0.004 0.001 0.001 0.001 0.001 0.017 0.008 0.007 0.874 0.217 0.053 0.055 0.008 0.001 0.001 0.004 0.001 0.012 0.001 0.011 0.001 0.004 0.001 0.023 0.003 0.001 0.001 0.001 0.009 0.001 0.001 0.003 0.000 0.000 0.007 0.012 0.001 0.000 0.001 0.000 0.001 0.001 
18 turtle_vis 30 0.996 0.038 0.001 0.060 0.971 0.002 0.128 0.001 0.001 0.001 0.047 0.013 0.007 0.002 0.000 0.008 0.000 0.002 0.000 0.000 0.022 0.000 0.001 0.002 0.003 0.000 0.075 0.002 0.972 0.018 0.049 0.034 0.001 0.023 0.000 0.006 0.139 0.005 0.001 0.005 0.039 0.001 0.001 0.000 0.001 0.003 0.001 0.004 0.000 0.000 0.001 0.002 0.001 0.000 0.001 0.000 0.001 0.001 
19 rattlesnake_vis 30 0.994 0.145 0.001 0.016 0.984 0.002 0.007 0.002 0.002 0.001 0.026 0.455 0.018 0.002 0.000 0.080 0.000 0.002 0.000 0.017 0.017 0.000 0.006 0.001 0.005 0.001 0.161 0.002 0.745 0.304 0.007 0.543 0.010 0.134 0.001 0.002 0.002 0.003 0.006 0.003 0.017 0.001 0.001 0.000 0.001 0.005 0.005 0.001 0.000 0.000 0.001 0.002 0.002 0.001 0.001 0.000 0.001 0.001 
20 crab_vis 30 0.995 0.001 0.001 0.025 0.983 0.002 0.043 0.001 0.001 0.001 0.002 0.001 0.002 0.001 0.000 0.001 0.000 0.000 0.000 0.000 0.112 0.000 0.003 0.000 0.003 0.000 0.001 0.001 0.112 0.009 0.557 0.002 0.005 0.500 0.001 0.005 0.022 0.001 0.001 0.015 0.007 0.002 0.001 0.000 0.001 0.002 0.001 0.010 0.000 0.000 0.001 0.002 0.009 0.000 0.002 0.000 0.002 0.002 
21 frog_vis 30 0.996 0.024 0.001 0.195 0.988 0.002 0.001 0.001 0.001 0.001 0.001 0.042 0.007 0.012 0.001 0.000 0.000 0.000 0.001 0.001 0.001 0.000 0.001 0.002 0.008 0.278 0.000 0.007 0.029 0.008 0.019 0.972 0.036 0.008 0.000 0.004 0.000 0.000 0.001 0.001 0.001 0.000 0.008 0.000 0.001 0.001 0.001 0.001 0.000 0.000 0.003 0.001 0.001 0.000 0.001 0.000 0.000 0.001 
22 gecko_vis 30 0.994 0.002 0.001 0.033 0.990 0.002 0.003 0.001 0.004 0.001 0.001 0.003 0.001 0.002 0.001 0.001 0.001 0.000 0.001 0.000 0.001 0.000 0.005 0.001 0.001 0.002 0.000 0.003 0.003 0.123 0.044 0.051 0.243 0.041 0.001 0.007 0.001 0.001 0.002 0.002 0.003 0.001 0.005 0.000 0.002 0.001 0.005 0.003 0.000 0.000 0.004 0.001 0.003 0.001 0.002 0.000 0.001 0.001 
23 crocodile_vis 30 0.994 0.001 0.001 0.009 0.964 0.002 0.006 0.001 0.001 0.001 0.001 0.001 0.061 0.000 0.000 0.000 0.000 0.000 0.000 0.000 0.032 0.000 0.018 0.000 0.001 0.000 0.001 0.001 0.049 0.008 0.169 0.001 0.002 0.961 0.000 0.001 0.001 0.001 0.163 0.036 0.007 0.002 0.000 0.000 0.001 0.002 0.001 0.001 0.000 0.000 0.003 0.001 0.045 0.000 0.001 0.000 0.007 0.002 
24 axe_vis 30 0.003 0.000 0.001 0.005 0.001 0.995 0.992 0.003 0.002 0.001 0.000 0.000 0.000 0.001 0.000 0.001 0.000 0.003 0.000 0.019 0.061 0.000 0.002 0.000 0.001 0.001 0.050 0.002 0.005 0.004 0.001 0.000 0.001 0.000 0.154 0.117 0.446 0.534 0.005 0.005 0.001 0.001 0.001 0.010 0.001 0.001 0.001 0.003 0.001 0.001 0.001 0.003 0.001 0.000 0.008 0.000 0.001 0.003 
25 hammer_vis 30 0.002 0.000 0.001 0.004 0.001 0.995 0.993 0.002 0.001 0.002 0.000 0.000 0.000 0.001 0.000 0.001 0.000 0.001 0.000 0.016 0.074 0.000 0.002 0.000 0.002 0.002 0.019 0.001 0.006 0.001 0.002 0.000 0.001 0.000 0.611 0.137 0.148 0.070 0.001 0.006 0.001 0.001 0.001 0.001 0.003 0.000 0.001 0.004 0.001 0.000 0.001 0.001 0.001 0.000 0.025 0.000 0.000 0.005 
26 screwdriver_vis 30 0.003 0.000 0.001 0.003 0.002 0.995 0.977 0.003 0.005 0.001 0.000 0.000 0.000 0.001 0.000 0.001 0.000 0.003 0.000 0.011 0.027 0.000 0.001 0.000 0.000 0.001 0.038 0.001 0.005 0.002 0.001 0.000 0.001 0.000 0.084 0.015 0.869 0.056 0.005 0.004 0.001 0.001 0.001 0.059 0.001 0.001 0.001 0.011 0.007 0.001 0.001 0.002 0.001 0.000 0.004 0.000 0.001 0.001 
27 chisel_vis 30 0.002 0.000 0.001 0.003 0.001 0.996 0.972 0.029 0.001 0.001 0.001 0.000 0.000 0.001 0.000 0.001 0.000 0.001 0.000 0.015 0.063 0.000 0.002 0.000 0.001 0.001 0.063 0.001 0.003 0.062 0.001 0.000 0.000 0.000 0.083 0.007 0.004 0.982 0.015 0.002 0.216 0.001 0.002 0.031 0.001 0.001 0.001 0.001 0.002 0.000 0.000 0.063 0.001 0.000 0.002 0.001 0.000 0.025 
28 saw_vis 30 0.005 0.000 0.001 0.001 0.004 0.986 0.990 0.001 0.001 0.003 0.000 0.000 0.000 0.001 0.000 0.003 0.000 0.010 0.000 0.008 0.022 0.000 0.001 0.000 0.000 0.001 0.031 0.001 0.016 0.003 0.002 0.000 0.001 0.002 0.049 0.005 0.103 0.033 0.065 0.270 0.001 0.001 0.000 0.001 0.001 0.000 0.001 0.001 0.000 0.000 0.001 0.001 0.002 0.000 0.002 0.001 0.002 0.002 
29 drill_vis 30 0.008 0.000 0.001 0.001 0.011 0.993 0.993 0.001 0.001 0.019 0.000 0.000 0.005 0.002 0.000 0.000 0.002 0.004 0.000 0.000 0.047 0.000 0.002 0.000 0.000 0.000 0.001 0.001 0.037 0.004 0.009 0.000 0.001 0.077 0.001 0.036 0.196 0.002 0.062 0.977 0.000 0.035 0.000 0.000 0.001 0.000 0.001 0.001 0.000 0.000 0.325 0.001 0.061 0.001 0.001 0.001 0.056 0.002 
30 clamp_vis 30 0.002 0.000 0.001 0.002 0.001 0.997 0.011 0.978 0.001 0.001 0.001 0.000 0.000 0.001 0.000 0.001 0.000 0.000 0.000 0.000 0.010 0.000 0.001 0.000 0.000 0.000 0.001 0.001 0.021 0.007 0.001 0.001 0.000 0.002 0.001 0.002 0.001 0.014 0.012 0.001 0.657 0.003 0.067 0.023 0.010 0.005 0.000 0.000 0.000 0.000 0.000 0.001 0.001 0.000 0.008 0.002 0.000 0.001 
31 hoe_vis 30 0.002 0.000 0.001 0.002 0.003 0.996 0.001 0.986 0.012 0.036 0.000 0.000 0.011 0.001 0.001 0.000 0.000 0.000 0.000 0.000 0.000 0.000 0.002 0.001 0.000 0.000 0.000 0.002 0.005 0.001 0.019 0.003 0.003 0.120 0.000 0.001 0.001 0.000 0.000 0.016 0.001 0.981 0.014 0.010 0.094 0.125 0.033 0.002 0.002 0.000 0.002 0.002 0.121 0.002 0.002 0.003 0.087 0.000 
32 rake_vis 30 0.002 0.000 0.001 0.002 0.001 0.997 0.007 0.975 0.001 0.002 0.001 0.000 0.000 0.001 0.000 0.000 0.000 0.000 0.000 0.000 0.007 0.000 0.001 0.000 0.001 0.000 0.001 0.001 0.013 0.003 0.001 0.001 0.000 0.001 0.001 0.002 0.001 0.004 0.002 0.001 0.190 0.004 0.281 0.063 0.012 0.005 0.001 0.001 0.001 0.000 0.000 0.002 0.001 0.000 0.009 0.002 0.000 0.001 
33 shovel_vis 30 0.002 0.000 0.001 0.002 0.001 0.997 0.005 0.994 0.001 0.002 0.000 0.000 0.000 0.001 0.000 0.000 0.000 0.014 0.000 0.000 0.001 0.000 0.001 0.000 0.000 0.000 0.003 0.012 0.000 0.001 0.000 0.000 0.000 0.001 0.000 0.002 0.031 0.018 0.003 0.015 0.022 0.413 0.012 0.974 0.016 0.048 0.002 0.001 0.037 0.000 0.000 0.002 0.001 0.000 0.006 0.263 0.001 0.000 
34 spade_vis 30 0.002 0.000 0.001 0.002 0.002 0.996 0.002 0.971 0.001 0.002 0.001 0.000 0.000 0.001 0.000 0.000 0.000 0.000 0.000 0.001 0.004 0.000 0.002 0.001 0.002 0.001 0.005 0.002 0.001 0.001 0.003 0.001 0.001 0.003 0.016 0.002 0.001 0.002 0.001 0.001 0.029 0.006 0.134 0.583 0.405 0.002 0.001 0.003 0.001 0.000 0.001 0.002 0.002 0.000 0.019 0.008 0.000 0.001 
35 wrench_vis 30 0.002 0.000 0.001 0.001 0.001 0.997 0.001 0.986 0.009 0.002 0.000 0.000 0.000 0.001 0.000 0.000 0.000 0.001 0.001 0.000 0.000 0.001 0.001 0.001 0.000 0.000 0.000 0.025 0.001 0.001 0.001 0.000 0.001 0.001 0.000 0.002 0.006 0.001 0.007 0.001 0.007 0.073 0.456 0.420 0.030 0.135 0.002 0.001 0.010 0.001 0.001 0.005 0.001 0.000 0.004 0.030 0.001 0.001 
36 accordion_vis 30 0.002 0.000 0.004 0.002 0.001 0.995 0.001 0.001 0.995 0.001 0.000 0.002 0.000 0.001 0.001 0.001 0.042 0.000 0.007 0.025 0.000 0.000 0.004 0.001 0.000 0.034 0.000 0.005 0.000 0.003 0.000 0.003 0.029 0.000 0.000 0.001 0.001 0.000 0.000 0.007 0.000 0.004 0.000 0.001 0.003 0.001 0.931 0.027 0.009 0.005 0.100 0.004 0.001 0.006 0.001 0.000 0.005 0.000 
37 cello_vis 30 0.004 0.000 0.002 0.013 0.003 0.988 0.009 0.002 0.974 0.003 0.000 0.000 0.000 0.000 0.000 0.000 0.002 0.000 0.001 0.001 0.004 0.001 0.016 0.001 0.033 0.003 0.000 0.003 0.002 0.001 0.011 0.001 0.017 0.001 0.004 0.035 0.006 0.001 0.000 0.005 0.000 0.002 0.002 0.000 0.028 0.001 0.010 0.751 0.001 0.002 0.166 0.006 0.002 0.000 0.002 0.000 0.009 0.003 
38 flute_vis 30 0.002 0.000 0.001 0.002 0.001 0.996 0.043 0.002 0.947 0.002 0.000 0.000 0.000 0.010 0.000 0.000 0.001 0.000 0.001 0.000 0.000 0.000 0.002 0.004 0.000 0.000 0.000 0.001 0.000 0.003 0.000 0.000 0.002 0.000 0.001 0.055 0.013 0.015 0.001 0.019 0.000 0.128 0.002 0.016 0.001 0.001 0.004 0.001 0.773 0.005 0.019 0.006 0.000 0.011 0.001 0.003 0.051 0.001 
39 guitar_vis 30 0.002 0.001 0.005 0.001 0.001 0.996 0.005 0.001 0.980 0.024 0.000 0.000 0.000 0.002 0.003 0.001 0.002 0.000 0.016 0.000 0.000 0.003 0.001 0.001 0.000 0.000 0.000 0.001 0.000 0.003 0.000 0.000 0.002 0.000 0.001 0.086 0.021 0.003 0.001 0.001 0.000 0.001 0.004 0.002 0.000 0.001 0.006 0.001 0.285 0.883 0.007 0.001 0.001 0.018 0.011 0.026 0.020 0.031 
40 piano_vis 30 0.003 0.000 0.006 0.004 0.003 0.994 0.002 0.002 0.994 0.001 0.000 0.007 0.001 0.000 0.004 0.000 0.042 0.000 0.031 0.007 0.000 0.001 0.004 0.001 0.001 0.007 0.000 0.022 0.000 0.003 0.001 0.003 0.031 0.002 0.001 0.011 0.004 0.000 0.000 0.002 0.000 0.001 0.002 0.001 0.003 0.002 0.274 0.013 0.002 0.022 0.492 0.002 0.001 0.018 0.001 0.000 0.003 0.001 
41 trumpet_vis 30 0.008 0.002 0.002 0.005 0.002 0.957 0.001 0.014 0.941 0.001 0.070 0.002 0.006 0.000 0.002 0.000 0.000 0.000 0.001 0.000 0.001 0.001 0.005 0.001 0.004 0.000 0.000 0.064 0.033 0.009 0.003 0.031 0.001 0.001 0.000 0.003 0.001 0.005 0.000 0.001 0.001 0.015 0.009 0.004 0.004 0.062 0.019 0.041 0.010 0.003 0.001 0.971 0.001 0.000 0.001 0.000 0.013 0.009 
42 fork_vis 30 0.003 0.006 0.001 0.001 0.002 0.996 0.001 0.005 0.001 0.994 0.001 0.000 0.010 0.002 0.001 0.000 0.003 0.000 0.000 0.000 0.006 0.012 0.001 0.000 0.000 0.000 0.000 0.000 0.000 0.001 0.112 0.000 0.001 0.005 0.000 0.001 0.000 0.000 0.001 0.193 0.002 0.006 0.000 0.000 0.005 0.001 0.001 0.001 0.000 0.000 0.001 0.001 0.774 0.009 0.741 0.011 0.007 0.008 
43 spoon_vis 30 0.003 0.024 0.001 0.001 0.001 0.996 0.001 0.001 0.003 0.993 0.000 0.000 0.001 0.080 0.034 0.001 0.062 0.000 0.001 0.000 0.000 0.001 0.001 0.000 0.000 0.000 0.000 0.000 0.000 0.017 0.000 0.000 0.003 0.000 0.001 0.001 0.000 0.000 0.002 0.005 0.000 0.005 0.000 0.000 0.001 0.001 0.002 0.000 0.000 0.003 0.002 0.000 0.044 0.972 0.019 0.034 0.031 0.002 
44 tongs_vis 30 0.002 0.000 0.001 0.001 0.014 0.996 0.078 0.811 0.001 0.349 0.001 0.000 0.000 0.007 0.000 0.000 0.000 0.000 0.000 0.000 0.006 0.000 0.001 0.000 0.005 0.001 0.000 0.001 0.028 0.001 0.555 0.009 0.001 0.001 0.084 0.111 0.001 0.001 0.001 0.005 0.234 0.019 0.585 0.001 0.289 0.001 0.001 0.001 0.000 0.000 0.001 0.001 0.005 0.000 0.899 0.001 0.000 0.002 
45 ladle_vis 30 0.002 0.006 0.001 0.001 0.001 0.997 0.001 0.008 0.517 0.203 0.000 0.000 0.000 0.017 0.079 0.001 0.001 0.000 0.003 0.000 0.000 0.001 0.001 0.001 0.000 0.000 0.000 0.000 0.000 0.002 0.000 0.000 0.001 0.000 0.000 0.001 0.000 0.000 0.004 0.001 0.000 0.013 0.001 0.001 0.001 0.004 0.002 0.000 0.017 0.750 0.008 0.001 0.003 0.060 0.005 0.170 0.233 0.002 
46 knife_vis 30 0.002 0.022 0.001 0.001 0.001 0.996 0.001 0.001 0.004 0.991 0.001 0.000 0.003 0.052 0.004 0.001 0.002 0.000 0.001 0.000 0.001 0.003 0.001 0.000 0.000 0.000 0.000 0.000 0.001 0.002 0.001 0.000 0.001 0.000 0.002 0.001 0.000 0.000 0.003 0.016 0.000 0.009 0.000 0.000 0.000 0.001 0.001 0.001 0.001 0.007 0.002 0.001 0.029 0.047 0.003 0.059 0.970 0.048 
47 chopsticks_vis 30 0.003 0.017 0.002 0.001 0.001 0.994 0.034 0.001 0.001 0.991 0.002 0.001 0.127 0.001 0.001 0.000 0.001 0.000 0.001 0.000 0.007 0.011 0.001 0.000 0.000 0.000 0.000 0.000 0.001 0.001 0.129 0.000 0.001 0.001 0.004 0.006 0.000 0.000 0.007 0.002 0.001 0.001 0.001 0.000 0.001 0.001 0.001 0.001 0.000 0.009 0.001 0.001 0.028 0.005 0.108 0.003 0.035 0.963 
0 beaver_vis 30 0.996 0.988 0.019 0.001 0.033 0.002 0.001 0.001 0.001 0.002 0.980 0.017 0.054 0.040 0.007 0.001 0.000 0.001 0.002 0.000 0.005 0.017 0.001 0.001 0.047 0.000 0.000 0.001 0.030 0.001 0.083 0.077 0.001 0.000 0.000 0.001 0.000 0.000 0.000 0.001 0.002 0.000 0.001 0.000 0.001 0.002 0.001 0.002 0.000 0.001 0.001 0.014 0.002 0.000 0.008 0.000 0.012 0.002 
1 bear_vis 30 0.996 0.973 0.046 0.001 0.033 0.002 0.001 0.001 0.001 0.001 0.029 0.887 0.020 0.003 0.006 0.013 0.001 0.003 0.006 0.035 0.001 0.000 0.001 0.001 0.000 0.000 0.000 0.001 0.002 0.005 0.000 0.092 0.003 0.002 0.000 0.001 0.001 0.000 0.001 0.000 0.000 0.000 0.000 0.000 0.000 0.003 0.001 0.000 0.000 0.001 0.001 0.001 0.001 0.000 0.002 0.000 0.000 0.000 
2 sheep_vis 30 0.996 0.975 0.017 0.001 0.019 0.002 0.001 0.001 0.001 0.002 0.153 0.005 0.960 0.005 0.079 0.000 0.001 0.001 0.001 0.000 0.001 0.167 0.001 0.001 0.021 0.000 0.000 0.001 0.012 0.001 0.017 0.036 0.001 0.008 0.000 0.001 0.000 0.000 0.002 0.001 0.001 0.000 0.000 0.000 0.001 0.005 0.001 0.001 0.000 0.001 0.002 0.002 0.015 0.000 0.001 0.000 0.051 0.033 
3 buffalo_vis 30 0.996 0.981 0.002 0.001 0.009 0.002 0.006 0.001 0.001 0.001 0.022 0.004 0.001 0.968 0.031 0.025 0.000 0.000 0.003 0.000 0.000 0.000 0.000 0.022 0.000 0.002 0.000 0.001 0.004 0.003 0.000 0.034 0.001 0.000 0.013 0.001 0.001 0.001 0.022 0.000 0.000 0.000 0.001 0.000 0.000 0.000 0.000 0.000 0.001 0.010 0.001 0.000 0.000 0.001 0.016 0.001 0.001 0.000 
4 poodle_vis 30 0.996 0.989 0.035 0.001 0.047 0.002 0.001 0.001 0.001 0.002 0.019 0.247 0.721 0.023 0.761 0.003 0.009 0.001 0.023 0.001 0.000 0.007 0.001 0.001 0.000 0.000 0.000 0.001 0.003 0.011 0.001 0.255 0.007 0.003 0.000 0.001 0.000 0.001 0.003 0.000 0.000 0.000 0.000 0.000 0.000 0.007 0.001 0.000 0.000 0.007 0.005 0.001 0.006 0.006 0.003 0.000 0.008 0.004 
5 giraffe_vis 30 0.996 0.988 0.022 0.001 0.038 0.002 0.001 0.001 0.001 0.001 0.070 0.240 0.000 0.020 0.048 0.932 0.000 0.004 0.003 0.005 0.001 0.000 0.001 0.016 0.000 0.000 0.000 0.001 0.029 0.020 0.000 0.006 0.002 0.000 0.001 0.001 0.001 0.001 0.001 0.000 0.001 0.000 0.000 0.000 0.000 0.001 0.001 0.000 0.000 0.001 0.001 0.000 0.001 0.000 0.002 0.000 0.001 0.000 
6 robin_vis 30 0.996 0.006 0.983 0.014 0.001 0.002 0.001 0.001 0.006 0.002 0.001 0.001 0.003 0.001 0.040 0.000 0.771 0.001 0.146 0.011 0.001 0.127 0.005 0.001 0.001 0.008 0.000 0.001 0.000 0.001 0.000 0.001 0.001 0.001 0.000 0.003 0.000 0.001 0.000 0.001 0.000 0.000 0.000 0.000 0.001 0.001 0.001 0.001 0.000 0.010 0.033 0.001 0.006 0.005 0.001 0.004 0.000 0.001 
7 swan_vis 30 0.996 0.032 0.984 0.305 0.001 0.003 0.001 0.001 0.001 0.001 0.472 0.001 0.001 0.001 0.000 0.007 0.001 0.924 0.002 0.131 0.064 0.016 0.003 0.001 0.001 0.001 0.640 0.003 0.001 0.001 0.000 0.000 0.000 0.001 0.000 0.001 0.003 0.016 0.000 0.001 0.004 0.000 0.000 0.003 0.001 0.007 0.001 0.001 0.000 0.000 0.000 0.005 0.002 0.000 0.001 0.004 0.001 0.001 
8 woodpecker_vis 30 0.996 0.042 0.989 0.025 0.001 0.002 0.001 0.001 0.005 0.001 0.000 0.019 0.002 0.002 0.089 0.001 0.103 0.012 0.955 0.025 0.000 0.077 0.003 0.004 0.000 0.002 0.000 0.120 0.000 0.001 0.000 0.000 0.017 0.003 0.000 0.002 0.001 0.002 0.001 0.001 0.000 0.000 0.000 0.000 0.001 0.005 0.006 0.001 0.000 0.028 0.009 0.001 0.002 0.027 0.002 0.004 0.001 0.001 
9 peacock_vis 30 0.996 0.015 0.990 0.038 0.001 0.002 0.001 0.001 0.001 0.001 0.002 0.100 0.000 0.001 0.001 0.010 0.013 0.089 0.067 0.929 0.007 0.000 0.001 0.001 0.000 0.019 0.077 0.003 0.000 0.002 0.000 0.000 0.001 0.001 0.000 0.001 0.002 0.004 0.000 0.001 0.000 0.000 0.000 0.001 0.001 0.002 0.006 0.000 0.000 0.001 0.001 0.001 0.001 0.000 0.002 0.000 0.000 0.000 
10 crow_vis 30 0.996 0.002 0.990 0.025 0.001 0.003 0.002 0.001 0.001 0.001 0.098 0.001 0.000 0.000 0.000 0.003 0.003 0.133 0.001 0.137 0.944 0.004 0.042 0.001 0.001 0.000 0.074 0.001 0.000 0.003 0.000 0.000 0.000 0.002 0.000 0.001 0.004 0.229 0.000 0.004 0.015 0.000 0.000 0.011 0.001 0.019 0.005 0.001 0.000 0.001 0.000 0.066 0.020 0.000 0.007 0.008 0.001 0.001 
11 eagle_vis 30 0.996 0.037 0.982 0.079 0.001 0.002 0.001 0.001 0.002 0.002 0.014 0.001 0.087 0.001 0.006 0.001 0.024 0.133 0.024 0.002 0.001 0.964 0.003 0.001 0.016 0.000 0.001 0.026 0.000 0.001 0.000 0.000 0.000 0.002 0.000 0.001 0.001 0.003 0.001 0.004 0.001 0.000 0.000 0.001 0.001 0.005 0.001 0.001 0.000 0.003 0.003 0.005 0.006 0.000 0.001 0.018 0.008 0.005 
12 tuna_vis 30 0.993 0.000 0.034 0.992 0.018 0.003 0.009 0.004 0.009 0.001 0.001 0.000 0.026 0.001 0.000 0.001 0.002 0.004 0.001 0.001 0.001 0.025 0.045 0.012 0.493 0.030 0.053 0.456 0.007 0.001 0.001 0.002 0.002 0.041 0.005 0.007 0.009 0.012 0.005 0.038 0.004 0.003 0.001 0.006 0.021 0.002 0.004 0.016 0.001 0.001 0.010 0.013 0.001 0.000 0.001 0.001 0.003 0.001 
13 goldfish_vis 30 0.996 0.001 0.012 0.994 0.030 0.002 0.004 0.002 0.002 0.001 0.001 0.000 0.005 0.044 0.041 0.011 0.001 0.005 0.005 0.001 0.000 0.044 0.247 0.971 0.010 0.010 0.033 0.423 0.046 0.001 0.000 0.001 0.002 0.007 0.015 0.003 0.005 0.007 0.018 0.011 0.003 0.119 0.000 0.003 0.010 0.001 0.001 0.005 0.017 0.000 0.007 0.003 0.001 0.000 0.001 0.017 0.059 0.000 
14 salmon_vis 30 0.995 0.000 0.070 0.992 0.025 0.002 0.076 0.001 0.001 0.001 0.001 0.000 0.000 0.001 0.000 0.001 0.001 0.001 0.001 0.006 0.263 0.001 0.172 0.001 0.182 0.037 0.698 0.008 0.003 0.001 0.004 0.001 0.001 0.067 0.004 0.004 0.008 0.035 0.001 0.047 0.013 0.001 0.001 0.008 0.022 0.001 0.001 0.008 0.000 0.000 0.001 0.014 0.003 0.000 0.001 0.000 0.000 0.000 
15 sardine_vis 30 0.996 0.000 0.017 0.993 0.043 0.002 0.002 0.001 0.003 0.001 0.000 0.000 0.000 0.002 0.000 0.000 0.018 0.000 0.003 0.040 0.000 0.000 0.002 0.020 0.060 0.981 0.034 0.070 0.001 0.001 0.000 0.097 0.001 0.001 0.001 0.054 0.001 0.001 0.000 0.002 0.001 0.000 0.002 0.001 0.006 0.000 0.001 0.001 0.000 0.000 0.011 0.001 0.000 0.000 0.001 0.000 0.000 0.000 
16 catfish_vis 30 0.996 0.001 0.030 0.993 0.012 0.002 0.019 0.002 0.001 0.001 0.005 0.000 0.000 0.001 0.000 0.005 0.000 0.135 0.001 0.017 0.003 0.000 0.009 0.017 0.029 0.078 0.984 0.083 0.084 0.001 0.000 0.001 0.001 0.011 0.001 0.001 0.017 0.028 0.001 0.009 0.013 0.000 0.000 0.009 0.003 0.001 0.001 0.002 0.000 0.000 0.001 0.004 0.001 0.000 0.001 0.000 0.000 0.000 
17 cod_vis 30 0.996 0.001 0.108 0.994 0.018 0.002 0.011 0.051 0.001 0.001 0.002 0.000 0.001 0.002 0.000 0.001 0.000 0.188 0.002 0.001 0.000 0.002 0.009 0.103 0.010 0.008 0.796 0.980 0.012 0.004 0.000 0.001 0.001 0.017 0.001 0.006 0.033 0.835 0.004 0.010 0.518 0.004 0.001 0.511 0.003 0.091 0.001 0.002 0.002 0.000 0.001 0.586 0.001 0.000 0.001 0.000 0.000 0.001 
18 turtle_vis 30 0.996 0.021 0.001 0.052 0.954 0.002 0.366 0.001 0.001 0.001 0.024 0.010 0.004 0.002 0.000 0.005 0.000 0.002 0.000 0.000 0.016 0.000 0.001 0.002 0.001 0.000 0.048 0.003 0.889 0.008 0.061 0.022 0.001 0.021 0.000 0.008 0.204 0.006 0.001 0.005 0.034 0.001 0.002 0.000 0.001 0.001 0.001 0.002 0.000 0.000 0.001 0.001 0.001 0.000 0.001 0.000 0.001 0.001 
19 rattlesnake_vis 30 0.993 0.007 0.001 0.002 0.952 0.012 0.925 0.002 0.002 0.001 0.000 0.012 0.000 0.029 0.000 0.097 0.000 0.000 0.001 0.001 0.007 0.000 0.002 0.002 0.000 0.001 0.001 0.002 0.080 0.922 0.001 0.006 0.004 0.004 0.001 0.057 0.111 0.151 0.234 0.002 0.029 0.001 0.006 0.000 0.001 0.002 0.002 0.001 0.001 0.000 0.001 0.001 0.001 0.002 0.003 0.000 0.000 0.001 
20 crab_vis 30 0.995 0.001 0.010 0.882 0.285 0.002 0.026 0.001 0.002 0.001 0.002 0.001 0.001 0.001 0.000 0.002 0.001 0.000 0.000 0.000 0.148 0.000 0.275 0.002 0.053 0.003 0.056 0.002 0.016 0.008 0.121 0.001 0.003 0.016 0.001 0.007 0.004 0.223 0.001 0.012 0.066 0.006 0.001 0.008 0.004 0.001 0.001 0.010 0.001 0.000 0.001 0.131 0.004 0.000 0.001 0.000 0.002 0.001 
21 frog_vis 30 0.996 0.008 0.001 0.049 0.988 0.002 0.001 0.001 0.001 0.001 0.001 0.043 0.001 0.003 0.000 0.001 0.001 0.000 0.001 0.001 0.000 0.000 0.001 0.001 0.002 0.086 0.001 0.003 0.017 0.012 0.133 0.834 0.107 0.026 0.000 0.004 0.001 0.000 0.001 0.001 0.001 0.000 0.011 0.000 0.001 0.001 0.001 0.001 0.000 0.000 0.004 0.001 0.001 0.000 0.001 0.000 0.000 0.000 
22 gecko_vis 30 0.995 0.001 0.001 0.043 0.985 0.002 0.002 0.001 0.005 0.001 0.000 0.004 0.001 0.002 0.001 0.001 0.001 0.000 0.001 0.000 0.001 0.000 0.005 0.001 0.001 0.002 0.000 0.009 0.001 0.042 0.044 0.061 0.550 0.093 0.001 0.004 0.002 0.001 0.005 0.002 0.001 0.001 0.003 0.000 0.002 0.001 0.008 0.002 0.000 0.001 0.012 0.001 0.003 0.002 0.002 0.000 0.001 0.001 
23 crocodile_vis 30 0.995 0.001 0.001 0.024 0.826 0.008 0.396 0.001 0.001 0.001 0.001 0.001 0.002 0.001 0.000 0.001 0.000 0.000 0.000 0.000 0.088 0.000 0.002 0.000 0.001 0.000 0.002 0.001 0.080 0.040 0.075 0.001 0.001 0.076 0.000 0.007 0.135 0.256 0.004 0.007 0.184 0.002 0.003 0.001 0.001 0.007 0.001 0.001 0.000 0.000 0.001 0.015 0.002 0.000 0.001 0.000 0.001 0.001 
24 axe_vis 30 0.002 0.000 0.002 0.004 0.001 0.996 0.936 0.004 0.058 0.001 0.000 0.000 0.000 0.001 0.000 0.001 0.000 0.001 0.000 0.007 0.015 0.000 0.001 0.001 0.000 0.001 0.021 0.002 0.002 0.002 0.001 0.000 0.001 0.000 0.001 0.032 0.886 0.236 0.001 0.002 0.000 0.001 0.003 0.286 0.001 0.001 0.001 0.006 0.041 0.001 0.001 0.017 0.000 0.000 0.001 0.000 0.001 0.001 
25 hammer_vis 30 0.021 0.000 0.001 0.021 0.001 0.996 0.943 0.084 0.002 0.001 0.001 0.000 0.000 0.001 0.000 0.001 0.000 0.010 0.000 0.016 0.017 0.000 0.001 0.001 0.001 0.009 0.294 0.002 0.020 0.008 0.001 0.000 0.001 0.000 0.004 0.035 0.028 0.858 0.001 0.002 0.025 0.001 0.006 0.054 0.001 0.001 0.001 0.001 0.002 0.000 0.001 0.028 0.001 0.000 0.007 0.001 0.000 0.002 
26 screwdriver_vis 30 0.003 0.000 0.001 0.003 0.001 0.996 0.938 0.007 0.048 0.001 0.000 0.000 0.000 0.001 0.000 0.001 0.000 0.001 0.000 0.002 0.019 0.000 0.001 0.001 0.000 0.000 0.009 0.002 0.007 0.005 0.001 0.000 0.001 0.000 0.001 0.049 0.906 0.267 0.001 0.003 0.000 0.001 0.009 0.225 0.001 0.001 0.001 0.004 0.059 0.001 0.001 0.034 0.000 0.000 0.001 0.000 0.001 0.001 
27 chisel_vis 30 0.002 0.000 0.001 0.003 0.001 0.996 0.621 0.111 0.061 0.001 0.000 0.000 0.000 0.001 0.000 0.001 0.000 0.001 0.000 0.004 0.006 0.000 0.001 0.000 0.000 0.001 0.033 0.001 0.001 0.004 0.000 0.000 0.000 0.000 0.001 0.005 0.474 0.446 0.001 0.015 0.002 0.004 0.002 0.768 0.001 0.001 0.001 0.001 0.205 0.000 0.001 0.031 0.000 0.000 0.001 0.001 0.001 0.001 
28 saw_vis 30 0.004 0.000 0.001 0.002 0.003 0.994 0.985 0.003 0.006 0.001 0.000 0.000 0.000 0.001 0.000 0.001 0.000 0.002 0.000 0.005 0.056 0.000 0.001 0.000 0.000 0.001 0.021 0.001 0.007 0.005 0.002 0.000 0.001 0.001 0.005 0.058 0.851 0.223 0.009 0.022 0.001 0.001 0.002 0.098 0.001 0.001 0.001 0.003 0.011 0.001 0.002 0.005 0.001 0.000 0.003 0.000 0.002 0.001 
29 drill_vis 30 0.003 0.000 0.001 0.002 0.003 0.996 0.989 0.001 0.011 0.001 0.000 0.000 0.000 0.001 0.000 0.000 0.000 0.003 0.000 0.000 0.007 0.000 0.001 0.000 0.000 0.000 0.002 0.001 0.007 0.001 0.002 0.000 0.001 0.003 0.001 0.007 0.558 0.001 0.005 0.943 0.000 0.016 0.000 0.001 0.001 0.000 0.001 0.002 0.001 0.000 0.878 0.001 0.002 0.000 0.001 0.000 0.209 0.001 
30 clamp_vis 30 0.002 0.000 0.001 0.002 0.001 0.997 0.121 0.989 0.001 0.002 0.000 0.000 0.000 0.001 0.000 0.001 0.000 0.000 0.000 0.001 0.041 0.000 0.001 0.000 0.000 0.000 0.007 0.001 0.017 0.010 0.001 0.000 0.000 0.003 0.001 0.002 0.001 0.099 0.005 0.001 0.962 0.002 0.016 0.047 0.023 0.003 0.001 0.000 0.000 0.000 0.000 0.001 0.001 0.000 0.036 0.004 0.000 0.001 
31 hoe_vis 30 0.002 0.001 0.001 0.002 0.002 0.996 0.001 0.621 0.023 0.005 0.000 0.036 0.024 0.001 0.008 0.000 0.001 0.000 0.001 0.000 0.000 0.000 0.002 0.001 0.000 0.000 0.000 0.002 0.001 0.001 0.002 0.127 0.032 0.136 0.000 0.001 0.001 0.001 0.000 0.008 0.001 0.608 0.002 0.009 0.102 0.036 0.110 0.001 0.004 0.001 0.010 0.002 0.053 0.003 0.001 0.005 0.021 0.000 
32 rake_vis 30 0.002 0.000 0.001 0.002 0.002 0.997 0.008 0.977 0.001 0.001 0.000 0.001 0.000 0.001 0.000 0.001 0.000 0.000 0.000 0.000 0.008 0.000 0.001 0.000 0.000 0.000 0.000 0.001 0.072 0.003 0.002 0.000 0.000 0.002 0.000 0.002 0.012 0.001 0.002 0.001 0.177 0.004 0.250 0.023 0.006 0.020 0.001 0.001 0.001 0.000 0.000 0.001 0.001 0.000 0.022 0.001 0.000 0.001 
33 shovel_vis 30 0.002 0.000 0.001 0.002 0.001 0.997 0.002 0.957 0.001 0.003 0.000 0.001 0.000 0.001 0.000 0.000 0.000 0.050 0.000 0.000 0.001 0.000 0.001 0.000 0.000 0.000 0.001 0.004 0.000 0.001 0.000 0.000 0.000 0.002 0.000 0.001 0.007 0.008 0.157 0.001 0.022 0.017 0.007 0.458 0.005 0.560 0.001 0.001 0.005 0.001 0.001 0.002 0.001 0.000 0.003 0.525 0.001 0.001 
34 spade_vis 30 0.002 0.000 0.001 0.003 0.001 0.996 0.001 0.990 0.010 0.001 0.001 0.000 0.000 0.001 0.000 0.000 0.000 0.000 0.001 0.000 0.001 0.000 0.002 0.001 0.002 0.000 0.000 0.002 0.002 0.001 0.009 0.002 0.001 0.003 0.001 0.002 0.001 0.001 0.000 0.002 0.009 0.769 0.130 0.089 0.398 0.015 0.026 0.005 0.002 0.000 0.001 0.079 0.005 0.000 0.013 0.001 0.001 0.000 
35 wrench_vis 30 0.002 0.003 0.002 0.001 0.001 0.997 0.001 0.820 0.009 0.176 0.001 0.001 0.002 0.007 0.000 0.000 0.000 0.000 0.001 0.000 0.000 0.001 0.001 0.001 0.000 0.000 0.000 0.002 0.000 0.001 0.001 0.000 0.001 0.001 0.000 0.001 0.001 0.001 0.004 0.003 0.004 0.404 0.098 0.032 0.005 0.166 0.002 0.001 0.004 0.001 0.001 0.004 0.003 0.002 0.011 0.107 0.028 0.001 
36 accordion_vis 30 0.209 0.008 0.332 0.001 0.001 0.983 0.001 0.001 0.994 0.001 0.000 0.229 0.010 0.001 0.240 0.001 0.038 0.016 0.777 0.044 0.000 0.093 0.002 0.001 0.000 0.001 0.000 0.050 0.000 0.004 0.000 0.004 0.007 0.000 0.000 0.001 0.001 0.001 0.000 0.001 0.000 0.001 0.000 0.001 0.001 0.039 0.626 0.002 0.007 0.314 0.057 0.030 0.001 0.018 0.001 0.001 0.006 0.000 
37 cello_vis 30 0.003 0.000 0.003 0.006 0.001 0.995 0.001 0.002 0.994 0.002 0.000 0.002 0.000 0.000 0.001 0.001 0.012 0.000 0.011 0.003 0.000 0.001 0.007 0.001 0.001 0.003 0.000 0.012 0.000 0.003 0.001 0.001 0.152 0.000 0.001 0.008 0.006 0.001 0.000 0.011 0.000 0.015 0.001 0.001 0.004 0.001 0.917 0.175 0.019 0.005 0.081 0.006 0.001 0.008 0.006 0.000 0.012 0.001 
38 flute_vis 30 0.002 0.000 0.003 0.001 0.001 0.996 0.003 0.001 0.994 0.001 0.000 0.001 0.000 0.002 0.000 0.000 0.014 0.000 0.014 0.002 0.000 0.001 0.001 0.001 0.000 0.001 0.000 0.009 0.000 0.018 0.000 0.000 0.003 0.000 0.000 0.015 0.002 0.103 0.001 0.006 0.000 0.005 0.002 0.081 0.001 0.001 0.594 0.001 0.604 0.030 0.005 0.041 0.000 0.299 0.001 0.002 0.003 0.001 
39 guitar_vis 30 0.003 0.001 0.078 0.001 0.001 0.996 0.001 0.001 0.995 0.003 0.000 0.007 0.000 0.001 0.004 0.001 0.057 0.000 0.204 0.057 0.000 0.002 0.003 0.001 0.000 0.005 0.000 0.010 0.000 0.007 0.000 0.001 0.036 0.000 0.000 0.002 0.001 0.001 0.000 0.002 0.000 0.001 0.000 0.003 0.001 0.004 0.987 0.023 0.028 0.052 0.010 0.090 0.001 0.028 0.003 0.001 0.004 0.000 
40 piano_vis 30 0.003 0.000 0.028 0.005 0.002 0.995 0.001 0.002 0.995 0.001 0.000 0.008 0.001 0.000 0.004 0.000 0.083 0.001 0.145 0.011 0.000 0.008 0.006 0.001 0.000 0.003 0.000 0.064 0.000 0.007 0.000 0.002 0.021 0.001 0.000 0.004 0.002 0.001 0.000 0.005 0.000 0.003 0.001 0.003 0.002 0.007 0.943 0.005 0.005 0.006 0.099 0.073 0.001 0.072 0.001 0.000 0.002 0.000 
41 trumpet_vis 30 0.002 0.000 0.002 0.009 0.001 0.996 0.001 0.023 0.993 0.001 0.000 0.000 0.007 0.000 0.001 0.000 0.001 0.001 0.001 0.000 0.001 0.006 0.007 0.001 0.002 0.000 0.000 0.176 0.001 0.008 0.001 0.001 0.001 0.001 0.000 0.004 0.001 0.015 0.000 0.015 0.000 0.539 0.003 0.010 0.002 0.048 0.456 0.049 0.044 0.002 0.002 0.951 0.002 0.003 0.001 0.000 0.086 0.004 
42 fork_vis 30 0.004 0.021 0.002 0.001 0.001 0.996 0.001 0.001 0.016 0.973 0.000 0.000 0.002 0.034 0.011 0.001 0.009 0.000 0.001 0.000 0.000 0.001 0.002 0.000 0.000 0.000 0.000 0.000 0.000 0.003 0.001 0.000 0.002 0.001 0.001 0.001 0.000 0.000 0.003 0.008 0.000 0.002 0.000 0.000 0.001 0.001 0.002 0.001 0.001 0.018 0.002 0.001 0.033 0.489 0.007 0.007 0.741 0.007 
43 spoon_vis 30 0.003 0.016 0.003 0.001 0.001 0.995 0.001 0.001 0.993 0.337 0.000 0.003 0.004 0.001 0.612 0.004 0.078 0.000 0.002 0.000 0.000 0.001 0.003 0.001 0.000 0.000 0.000 0.000 0.000 0.010 0.000 0.001 0.061 0.000 0.000 0.001 0.000 0.000 0.000 0.001 0.000 0.003 0.000 0.000 0.000 0.002 0.932 0.001 0.001 0.088 0.139 0.001 0.058 0.402 0.001 0.001 0.849 0.001 
44 tongs_vis 30 0.003 0.002 0.003 0.001 0.002 0.996 0.010 0.163 0.001 0.955 0.039 0.001 0.000 0.002 0.000 0.001 0.000 0.001 0.001 0.005 0.351 0.001 0.001 0.000 0.001 0.000 0.000 0.001 0.001 0.001 0.011 0.000 0.001 0.001 0.004 0.048 0.001 0.003 0.001 0.001 0.234 0.001 0.116 0.005 0.028 0.001 0.001 0.001 0.001 0.001 0.001 0.001 0.006 0.000 0.982 0.230 0.000 0.014 
45 ladle_vis 30 0.002 0.026 0.002 0.001 0.001 0.997 0.001 0.028 0.017 0.549 0.000 0.000 0.000 0.008 0.334 0.001 0.001 0.000 0.007 0.000 0.000 0.001 0.001 0.001 0.000 0.000 0.000 0.000 0.000 0.005 0.000 0.000 0.001 0.000 0.000 0.001 0.000 0.000 0.014 0.001 0.000 0.002 0.023 0.001 0.001 0.153 0.003 0.000 0.005 0.659 0.002 0.001 0.003 0.152 0.024 0.932 0.003 0.005 
46 knife_vis 30 0.003 0.014 0.002 0.001 0.001 0.996 0.001 0.001 0.959 0.043 0.000 0.035 0.006 0.001 0.569 0.001 0.002 0.000 0.018 0.000 0.000 0.001 0.001 0.000 0.000 0.000 0.000 0.000 0.000 0.003 0.000 0.001 0.070 0.000 0.000 0.001 0.000 0.000 0.001 0.001 0.000 0.001 0.000 0.000 0.000 0.002 0.004 0.001 0.001 0.947 0.060 0.001 0.002 0.040 0.003 0.002 0.190 0.015 
47 chopsticks_vis 30 0.003 0.013 0.002 0.001 0.001 0.996 0.002 0.001 0.007 0.984 0.001 0.000 0.004 0.025 0.004 0.000 0.002 0.000 0.001 0.000 0.001 0.008 0.001 0.000 0.000 0.000 0.000 0.000 0.001 0.002 0.001 0.000 0.001 0.000 0.002 0.001 0.000 0.001 0.006 0.010 0.000 0.003 0.000 0.000 0.001 0.001 0.001 0.001 0.001 0.027 0.001 0.001 0.015 0.032 0.004 0.040 0.918 0.145 
