0 beaver_vis 30 0.996 0.000 0.013 0.931 0.002 0.102 0.001 0.064 0.000 0.000 0.000 0.000 0.003 0.000 0.000 0.000 0.000 0.000 0.001 0.000 0.005 0.010 0.002 0.031 0.532 0.004 0.013 0.195 0.000 0.000 0.002 0.001 0.000 0.003 0.000 0.001 0.000 0.020 0.000 0.004 0.001 0.037 0.005 0.000 0.001 0.000 0.000 0.000 0.000 0.000 0.002 0.000 0.000 0.000 0.000 0.000 0.000 0.000 
1 bear_vis 30 0.003 0.001 0.002 0.000 0.001 0.988 0.001 0.000 0.990 0.074 0.001 0.273 0.000 0.000 0.000 0.005 0.051 0.006 0.001 0.007 0.000 0.000 0.000 0.000 0.000 0.000 0.000 0.000 0.005 0.001 0.000 0.000 0.000 0.000 0.037 0.001 0.000 0.054 0.000 0.000 0.000 0.001 0.000 0.000 0.000 0.057 0.675 0.291 0.001 0.478 0.029 0.001 0.085 0.005 0.000 0.113 0.000 0.003 
2 sheep_vis 30 0.992 0.002 0.400 0.912 0.001 0.015 0.001 0.256 0.000 0.001 0.000 0.000 0.788 0.000 0.000 0.000 0.061 0.001 0.782 0.000 0.006 0.015 0.000 0.029 0.899 0.001 0.004 0.800 0.000 0.000 0.000 0.000 0.000 0.000 0.000 0.001 0.000 0.005 0.000 0.000 0.000 0.417 0.131 0.000 0.004 0.001 0.000 0.000 0.000 0.000 0.015 0.000 0.000 0.001 0.001 0.003 0.001 0.000 
3 buffalo_vis 30 0.170 0.896 0.081 0.000 0.001 0.252 0.000 0.000 0.953 0.343 0.019 0.973 0.000 0.001 0.016 0.103 0.861 0.249 0.002 0.020 0.001 0.000 0.000 0.000 0.000 0.002 0.000 0.000 0.004 0.003 0.000 0.001 0.001 0.000 0.051 0.001 0.000 0.005 0.000 0.000 0.000 0.002 0.000 0.000 0.000 0.059 0.920 0.331 0.001 0.837 0.058 0.001 0.341 0.040 0.002 0.499 0.001 0.045 
4 poodle_vis 30 0.005 0.000 0.001 0.001 0.012 0.979 0.838 0.040 0.002 0.003 0.000 0.001 0.000 0.000 0.000 0.000 0.001 0.001 0.002 0.001 0.001 0.000 0.002 0.004 0.000 0.001 0.025 0.001 0.001 0.042 0.000 0.036 0.001 0.055 0.477 0.010 0.008 0.199 0.485 0.185 0.006 0.007 0.002 0.014 0.219 0.005 0.005 0.001 0.016 0.001 0.001 0.003 0.094 0.001 0.002 0.002 0.014 0.001 
5 giraffe_vis 30 0.003 0.039 0.006 0.000 0.001 0.966 0.001 0.000 0.989 0.329 0.002 0.487 0.000 0.000 0.000 0.015 0.219 0.038 0.001 0.007 0.000 0.000 0.000 0.000 0.000 0.000 0.000 0.000 0.002 0.003 0.000 0.000 0.000 0.000 0.121 0.001 0.000 0.043 0.000 0.000 0.000 0.001 0.000 0.000 0.000 0.038 0.809 0.127 0.001 0.627 0.019 0.001 0.339 0.024 0.000 0.228 0.000 0.014 
6 robin_vis 30 0.612 0.000 0.774 0.000 0.001 0.763 0.000 0.000 0.000 0.054 0.001 0.086 0.000 0.000 0.000 0.000 0.468 0.048 0.063 0.119 0.000 0.001 0.000 0.000 0.000 0.000 0.000 0.000 0.000 0.000 0.000 0.000 0.000 0.000 0.000 0.001 0.000 0.002 0.000 0.000 0.000 0.002 0.001 0.000 0.000 0.203 0.001 0.007 0.000 0.000 0.000 0.000 0.000 0.006 0.001 0.188 0.000 0.000 
7 swan_vis 30 0.995 0.002 0.986 0.000 0.001 0.034 0.000 0.000 0.000 0.057 0.000 0.006 0.000 0.000 0.000 0.002 0.002 0.799 0.000 0.273 0.817 0.303 0.000 0.000 0.000 0.910 0.001 0.000 0.000 0.000 0.000 0.103 0.021 0.000 0.000 0.000 0.000 0.001 0.000 0.000 0.000 0.000 0.003 0.000 0.000 0.001 0.000 0.000 0.000 0.000 0.000 0.017 0.000 0.005 0.795 0.000 0.042 0.559 
8 woodpecker_vis 30 0.967 0.065 0.988 0.000 0.001 0.026 0.000 0.000 0.000 0.017 0.119 0.248 0.000 0.000 0.000 0.000 0.593 0.217 0.359 0.682 0.000 0.040 0.000 0.002 0.000 0.000 0.000 0.000 0.001 0.000 0.000 0.000 0.000 0.000 0.000 0.001 0.000 0.001 0.000 0.000 0.000 0.001 0.001 0.000 0.000 0.265 0.001 0.062 0.000 0.000 0.000 0.000 0.000 0.004 0.000 0.117 0.000 0.000 
9 peacock_vis 30 0.990 0.017 0.928 0.000 0.001 0.016 0.000 0.000 0.000 0.001 0.002 0.028 0.000 0.000 0.000 0.000 0.316 0.022 0.113 0.031 0.000 0.004 0.000 0.002 0.000 0.000 0.000 0.000 0.000 0.000 0.000 0.000 0.000 0.000 0.000 0.001 0.000 0.001 0.000 0.000 0.000 0.002 0.001 0.000 0.000 0.023 0.000 0.001 0.000 0.000 0.001 0.000 0.000 0.001 0.000 0.023 0.000 0.000 
10 crow_vis 30 0.990 0.001 0.396 0.000 0.001 0.818 0.000 0.000 0.000 0.075 0.000 0.004 0.000 0.000 0.000 0.000 0.003 0.135 0.000 0.010 0.515 0.028 0.000 0.000 0.000 0.159 0.005 0.000 0.000 0.000 0.000 0.086 0.000 0.000 0.000 0.001 0.000 0.003 0.000 0.000 0.000 0.000 0.003 0.000 0.008 0.000 0.000 0.000 0.000 0.000 0.000 0.000 0.001 0.006 0.084 0.001 0.155 0.081 
11 eagle_vis 30 0.728 0.000 0.045 0.075 0.001 0.806 0.000 0.002 0.000 0.001 0.000 0.000 0.000 0.000 0.000 0.000 0.001 0.004 0.000 0.001 0.021 0.014 0.000 0.000 0.000 0.008 0.016 0.021 0.000 0.000 0.000 0.001 0.000 0.000 0.000 0.001 0.000 0.010 0.000 0.000 0.000 0.000 0.009 0.000 0.003 0.000 0.000 0.000 0.000 0.000 0.000 0.000 0.000 0.000 0.001 0.000 0.001 0.000 
12 tuna_vis 30 0.991 0.000 0.001 0.984 0.008 0.092 0.002 0.016 0.000 0.000 0.000 0.000 0.000 0.000 0.000 0.000 0.000 0.000 0.000 0.000 0.163 0.000 0.020 0.000 0.010 0.017 0.939 0.797 0.000 0.000 0.000 0.064 0.001 0.357 0.000 0.004 0.000 0.018 0.000 0.015 0.015 0.000 0.002 0.001 0.300 0.000 0.000 0.000 0.000 0.000 0.000 0.000 0.000 0.000 0.000 0.000 0.002 0.000 
13 goldfish_vis 30 0.996 0.000 0.001 0.968 0.097 0.067 0.003 0.063 0.000 0.000 0.001 0.000 0.000 0.000 0.000 0.000 0.000 0.000 0.000 0.003 0.000 0.008 0.809 0.452 0.025 0.065 0.006 0.030 0.013 0.001 0.232 0.000 0.013 0.004 0.000 0.010 0.000 0.017 0.000 0.001 0.070 0.001 0.000 0.148 0.000 0.000 0.000 0.000 0.000 0.000 0.001 0.003 0.000 0.000 0.000 0.000 0.000 0.000 
14 salmon_vis 30 0.992 0.000 0.000 0.958 0.002 0.193 0.001 0.117 0.000 0.000 0.000 0.000 0.002 0.000 0.000 0.000 0.000 0.000 0.002 0.000 0.000 0.000 0.013 0.368 0.407 0.000 0.000 0.026 0.001 0.000 0.019 0.000 0.000 0.000 0.000 0.002 0.000 0.021 0.000 0.001 0.003 0.040 0.000 0.003 0.000 0.001 0.000 0.000 0.000 0.000 0.005 0.000 0.000 0.000 0.000 0.000 0.000 0.000 
15 sardine_vis 30 0.994 0.000 0.000 0.962 0.012 0.128 0.001 0.119 0.000 0.000 0.002 0.000 0.001 0.000 0.000 0.000 0.000 0.000 0.002 0.006 0.000 0.002 0.471 0.832 0.089 0.004 0.000 0.008 0.019 0.000 0.213 0.000 0.002 0.000 0.000 0.001 0.000 0.017 0.000 0.000 0.018 0.008 0.000 0.249 0.000 0.002 0.000 0.000 0.000 0.000 0.004 0.001 0.000 0.000 0.000 0.000 0.000 0.000 
16 catfish_vis 30 0.964 0.000 0.000 0.928 0.069 0.177 0.032 0.046 0.000 0.000 0.000 0.000 0.000 0.000 0.000 0.000 0.000 0.000 0.000 0.000 0.000 0.001 0.256 0.170 0.045 0.004 0.004 0.054 0.004 0.000 0.091 0.000 0.003 0.007 0.000 0.012 0.000 0.028 0.000 0.006 0.026 0.002 0.000 0.029 0.000 0.001 0.000 0.000 0.000 0.000 0.001 0.002 0.000 0.000 0.000 0.000 0.000 0.000 
17 cod_vis 30 0.994 0.000 0.003 0.988 0.138 0.065 0.001 0.064 0.000 0.000 0.000 0.000 0.000 0.000 0.000 0.000 0.000 0.000 0.000 0.002 0.019 0.064 0.939 0.063 0.005 0.745 0.649 0.162 0.001 0.000 0.091 0.027 0.115 0.052 0.000 0.462 0.000 0.014 0.000 0.001 0.308 0.000 0.001 0.076 0.001 0.000 0.000 0.000 0.000 0.000 0.000 0.014 0.000 0.000 0.019 0.000 0.000 0.000 
18 turtle_vis 30 0.996 0.001 0.000 0.107 0.805 0.013 0.008 0.000 0.000 0.000 0.000 0.000 0.000 0.003 0.000 0.001 0.000 0.000 0.000 0.000 0.001 0.000 0.062 0.002 0.000 0.009 0.036 0.001 0.006 0.003 0.040 0.036 0.050 0.166 0.000 0.010 0.000 0.018 0.001 0.001 0.000 0.000 0.000 0.000 0.001 0.000 0.000 0.000 0.000 0.000 0.000 0.001 0.000 0.000 0.000 0.000 0.000 0.000 
19 rattlesnake_vis 30 0.093 0.002 0.000 0.000 0.017 0.933 0.551 0.001 0.743 0.000 0.005 0.000 0.000 0.000 0.001 0.000 0.000 0.000 0.000 0.003 0.000 0.000 0.001 0.259 0.000 0.000 0.000 0.000 0.327 0.050 0.016 0.000 0.001 0.000 0.004 0.002 0.596 0.151 0.000 0.001 0.000 0.065 0.000 0.162 0.000 0.041 0.002 0.159 0.000 0.000 0.696 0.012 0.000 0.000 0.000 0.003 0.000 0.000 
20 crab_vis 30 0.558 0.002 0.000 0.001 0.067 0.665 0.003 0.000 0.009 0.001 0.003 0.001 0.000 0.000 0.003 0.007 0.000 0.001 0.000 0.001 0.001 0.000 0.004 0.010 0.000 0.001 0.001 0.000 0.040 0.007 0.030 0.034 0.007 0.002 0.033 0.002 0.003 0.026 0.001 0.000 0.000 0.000 0.000 0.000 0.001 0.000 0.002 0.002 0.023 0.006 0.004 0.001 0.049 0.000 0.000 0.000 0.002 0.005 
21 frog_vis 30 0.498 0.065 0.221 0.000 0.006 0.815 0.002 0.000 0.006 0.347 0.018 0.027 0.000 0.000 0.000 0.004 0.016 0.031 0.002 0.061 0.011 0.001 0.001 0.000 0.000 0.001 0.000 0.000 0.003 0.000 0.000 0.004 0.003 0.000 0.000 0.002 0.000 0.005 0.000 0.000 0.000 0.000 0.000 0.000 0.003 0.006 0.001 0.018 0.000 0.001 0.000 0.001 0.007 0.014 0.002 0.009 0.018 0.006 
22 gecko_vis 30 0.997 0.022 0.000 0.023 0.994 0.002 0.280 0.000 0.000 0.000 0.000 0.000 0.002 0.056 0.026 0.000 0.000 0.000 0.000 0.000 0.000 0.000 0.029 0.003 0.005 0.001 0.041 0.008 0.022 0.692 0.339 0.041 0.031 0.880 0.105 0.004 0.006 0.053 0.029 0.166 0.000 0.000 0.000 0.000 0.001 0.000 0.000 0.000 0.000 0.000 0.001 0.001 0.000 0.000 0.000 0.000 0.000 0.000 
23 crocodile_vis 30 0.994 0.003 0.000 0.005 0.686 0.065 0.005 0.000 0.000 0.000 0.000 0.000 0.000 0.002 0.000 0.002 0.000 0.000 0.000 0.000 0.001 0.000 0.012 0.001 0.000 0.023 0.006 0.000 0.009 0.005 0.011 0.067 0.157 0.073 0.001 0.004 0.000 0.016 0.001 0.000 0.000 0.000 0.000 0.000 0.000 0.000 0.000 0.000 0.001 0.000 0.000 0.002 0.000 0.000 0.000 0.000 0.000 0.000 
24 axe_vis 30 0.003 0.000 0.000 0.000 0.070 0.994 0.995 0.007 0.031 0.000 0.000 0.000 0.000 0.000 0.000 0.000 0.000 0.000 0.000 0.000 0.000 0.000 0.002 0.050 0.008 0.000 0.001 0.000 0.038 0.500 0.076 0.001 0.001 0.009 0.386 0.005 0.922 0.356 0.020 0.821 0.009 0.261 0.000 0.012 0.002 0.003 0.007 0.001 0.000 0.000 0.639 0.001 0.002 0.000 0.000 0.002 0.000 0.000 
25 hammer_vis 30 0.004 0.000 0.000 0.006 0.113 0.995 0.972 0.073 0.024 0.000 0.000 0.000 0.000 0.000 0.000 0.000 0.000 0.000 0.000 0.000 0.000 0.000 0.030 0.095 0.004 0.001 0.003 0.000 0.055 0.169 0.162 0.000 0.001 0.011 0.071 0.029 0.815 0.317 0.011 0.727 0.101 0.110 0.001 0.126 0.004 0.005 0.001 0.002 0.000 0.000 0.337 0.003 0.001 0.000 0.001 0.001 0.000 0.000 
26 screwdriver_vis 30 0.003 0.000 0.000 0.000 0.080 0.995 0.989 0.031 0.057 0.000 0.000 0.000 0.000 0.000 0.000 0.000 0.000 0.000 0.000 0.000 0.000 0.000 0.007 0.171 0.014 0.000 0.001 0.000 0.096 0.366 0.183 0.000 0.001 0.003 0.139 0.004 0.908 0.351 0.002 0.749 0.021 0.379 0.000 0.083 0.001 0.009 0.004 0.004 0.000 0.000 0.804 0.001 0.000 0.000 0.000 0.003 0.000 0.000 
27 chisel_vis 30 0.003 0.000 0.000 0.001 0.131 0.995 0.974 0.065 0.000 0.000 0.000 0.000 0.000 0.000 0.000 0.000 0.000 0.000 0.000 0.000 0.000 0.000 0.007 0.001 0.002 0.000 0.066 0.003 0.001 0.195 0.012 0.012 0.001 0.280 0.572 0.014 0.382 0.319 0.692 0.926 0.105 0.014 0.001 0.001 0.238 0.000 0.002 0.000 0.001 0.000 0.005 0.001 0.017 0.000 0.000 0.001 0.003 0.000 
28 saw_vis 30 0.004 0.000 0.000 0.001 0.119 0.995 0.989 0.043 0.020 0.000 0.000 0.000 0.000 0.000 0.000 0.000 0.000 0.000 0.000 0.000 0.000 0.000 0.035 0.102 0.004 0.000 0.001 0.000 0.055 0.122 0.176 0.000 0.002 0.010 0.047 0.026 0.834 0.312 0.009 0.704 0.093 0.094 0.000 0.171 0.002 0.006 0.001 0.003 0.000 0.000 0.274 0.005 0.000 0.000 0.000 0.001 0.000 0.000 
29 drill_vis 30 0.004 0.000 0.000 0.001 0.127 0.995 0.988 0.034 0.048 0.000 0.000 0.000 0.000 0.000 0.000 0.000 0.000 0.000 0.000 0.000 0.000 0.000 0.025 0.154 0.005 0.000 0.001 0.000 0.092 0.190 0.224 0.000 0.001 0.007 0.061 0.014 0.886 0.324 0.005 0.701 0.061 0.144 0.000 0.183 0.001 0.008 0.001 0.005 0.000 0.000 0.480 0.004 0.000 0.000 0.000 0.001 0.000 0.000 
30 clamp_vis 30 0.003 0.000 0.000 0.079 0.001 0.995 0.009 0.993 0.000 0.001 0.000 0.000 0.000 0.000 0.000 0.000 0.001 0.000 0.002 0.000 0.000 0.000 0.003 0.003 0.059 0.000 0.008 0.083 0.000 0.000 0.000 0.000 0.000 0.001 0.001 0.003 0.000 0.162 0.000 0.494 0.681 0.553 0.577 0.006 0.274 0.004 0.000 0.000 0.000 0.000 0.001 0.000 0.000 0.001 0.001 0.004 0.003 0.000 
31 hoe_vis 30 0.003 0.000 0.000 0.080 0.001 0.995 0.011 0.988 0.000 0.003 0.000 0.000 0.000 0.000 0.000 0.000 0.001 0.000 0.002 0.000 0.001 0.000 0.001 0.001 0.030 0.000 0.038 0.098 0.000 0.000 0.000 0.000 0.000 0.001 0.001 0.001 0.000 0.146 0.000 0.468 0.650 0.415 0.652 0.002 0.493 0.004 0.000 0.000 0.000 0.000 0.002 0.000 0.000 0.001 0.000 0.010 0.015 0.000 
32 rake_vis 30 0.005 0.000 0.001 0.172 0.001 0.995 0.016 0.992 0.000 0.001 0.000 0.000 0.000 0.000 0.000 0.000 0.000 0.000 0.008 0.000 0.000 0.000 0.047 0.121 0.044 0.002 0.004 0.007 0.000 0.000 0.001 0.000 0.000 0.000 0.000 0.013 0.000 0.148 0.000 0.105 0.743 0.560 0.200 0.455 0.015 0.060 0.000 0.000 0.000 0.000 0.008 0.001 0.000 0.001 0.007 0.007 0.001 0.000 
33 shovel_vis 30 0.003 0.000 0.000 0.065 0.001 0.995 0.008 0.992 0.000 0.001 0.000 0.000 0.000 0.000 0.000 0.000 0.001 0.000 0.002 0.000 0.000 0.000 0.002 0.003 0.065 0.000 0.009 0.079 0.000 0.000 0.000 0.000 0.000 0.001 0.001 0.002 0.000 0.164 0.000 0.497 0.643 0.580 0.554 0.004 0.260 0.004 0.000 0.000 0.000 0.000 0.001 0.000 0.000 0.001 0.001 0.004 0.003 0.000 
34 spade_vis 30 0.004 0.000 0.001 0.008 0.002 0.994 0.644 0.738 0.000 0.002 0.000 0.000 0.000 0.000 0.000 0.000 0.000 0.000 0.000 0.000 0.000 0.000 0.006 0.005 0.007 0.001 0.004 0.005 0.000 0.007 0.001 0.000 0.000 0.008 0.041 0.002 0.006 0.218 0.008 0.564 0.322 0.128 0.009 0.016 0.053 0.003 0.000 0.000 0.000 0.000 0.003 0.001 0.001 0.001 0.004 0.002 0.001 0.000 
35 wrench_vis 30 0.003 0.000 0.000 0.001 0.006 0.995 0.741 0.406 0.000 0.010 0.000 0.000 0.000 0.000 0.000 0.000 0.000 0.000 0.000 0.000 0.000 0.000 0.001 0.001 0.005 0.000 0.007 0.006 0.000 0.044 0.001 0.001 0.000 0.045 0.330 0.001 0.020 0.260 0.088 0.747 0.062 0.101 0.011 0.000 0.194 0.001 0.001 0.000 0.000 0.000 0.003 0.000 0.009 0.001 0.001 0.002 0.002 0.000 
36 accordion_vis 30 0.003 0.000 0.000 0.000 0.002 0.995 0.297 0.006 0.509 0.001 0.000 0.001 0.000 0.000 0.000 0.000 0.001 0.000 0.000 0.001 0.000 0.000 0.000 0.003 0.000 0.000 0.000 0.000 0.005 0.028 0.000 0.000 0.001 0.000 0.106 0.001 0.018 0.180 0.000 0.006 0.000 0.039 0.000 0.001 0.000 0.005 0.051 0.010 0.000 0.003 0.099 0.005 0.008 0.000 0.000 0.006 0.000 0.000 
37 cello_vis 30 0.004 0.000 0.000 0.001 0.018 0.995 0.920 0.483 0.228 0.000 0.003 0.000 0.000 0.000 0.000 0.000 0.000 0.000 0.001 0.007 0.000 0.000 0.115 0.677 0.003 0.000 0.000 0.000 0.227 0.024 0.171 0.000 0.003 0.001 0.002 0.069 0.521 0.239 0.000 0.082 0.191 0.284 0.000 0.866 0.000 0.118 0.001 0.076 0.000 0.000 0.569 0.077 0.000 0.000 0.000 0.004 0.000 0.000 
38 flute_vis 30 0.003 0.000 0.000 0.000 0.053 0.995 0.994 0.006 0.017 0.000 0.000 0.000 0.000 0.000 0.000 0.000 0.000 0.000 0.000 0.000 0.000 0.000 0.001 0.026 0.010 0.000 0.000 0.000 0.020 0.560 0.043 0.001 0.001 0.010 0.543 0.004 0.896 0.363 0.026 0.859 0.006 0.273 0.000 0.004 0.002 0.002 0.010 0.001 0.001 0.000 0.597 0.001 0.003 0.000 0.000 0.002 0.000 0.000 
39 guitar_vis 30 0.003 0.000 0.000 0.000 0.015 0.995 0.916 0.001 0.039 0.003 0.000 0.000 0.000 0.000 0.000 0.001 0.000 0.000 0.000 0.000 0.000 0.000 0.000 0.000 0.000 0.000 0.002 0.000 0.000 0.268 0.000 0.010 0.001 0.038 0.860 0.002 0.087 0.263 0.507 0.403 0.001 0.008 0.000 0.000 0.117 0.000 0.030 0.000 0.019 0.004 0.004 0.001 0.182 0.000 0.000 0.001 0.004 0.001 
40 piano_vis 30 0.003 0.000 0.000 0.000 0.025 0.994 0.806 0.005 0.973 0.000 0.034 0.003 0.000 0.000 0.002 0.000 0.000 0.000 0.001 0.023 0.000 0.000 0.005 0.792 0.002 0.000 0.000 0.000 0.779 0.147 0.246 0.000 0.001 0.000 0.004 0.001 0.891 0.260 0.000 0.015 0.001 0.467 0.000 0.723 0.000 0.303 0.008 0.632 0.000 0.005 0.944 0.046 0.000 0.000 0.000 0.013 0.000 0.000 
41 trumpet_vis 30 0.004 0.000 0.000 0.068 0.001 0.995 0.051 0.974 0.001 0.008 0.000 0.000 0.000 0.000 0.000 0.000 0.000 0.000 0.000 0.000 0.005 0.000 0.009 0.002 0.002 0.002 0.234 0.044 0.000 0.000 0.000 0.002 0.001 0.003 0.001 0.013 0.000 0.139 0.000 0.240 0.681 0.041 0.444 0.033 0.591 0.004 0.000 0.000 0.000 0.000 0.000 0.005 0.001 0.002 0.008 0.001 0.068 0.000 
42 fork_vis 30 0.003 0.000 0.000 0.000 0.001 0.994 0.001 0.001 0.684 0.180 0.000 0.015 0.000 0.000 0.000 0.001 0.005 0.001 0.000 0.000 0.000 0.000 0.000 0.000 0.000 0.000 0.000 0.000 0.000 0.000 0.000 0.000 0.000 0.000 0.042 0.001 0.000 0.046 0.000 0.000 0.000 0.001 0.000 0.000 0.000 0.004 0.191 0.002 0.002 0.076 0.001 0.000 0.130 0.007 0.000 0.044 0.000 0.005 
43 spoon_vis 30 0.003 0.000 0.000 0.000 0.001 0.995 0.001 0.000 0.731 0.901 0.000 0.031 0.000 0.000 0.000 0.033 0.001 0.013 0.000 0.000 0.002 0.000 0.000 0.000 0.000 0.000 0.000 0.000 0.000 0.000 0.000 0.045 0.000 0.000 0.216 0.001 0.000 0.044 0.002 0.000 0.000 0.000 0.000 0.000 0.019 0.000 0.255 0.000 0.466 0.544 0.000 0.001 0.824 0.035 0.001 0.006 0.143 0.506 
44 tongs_vis 30 0.004 0.000 0.070 0.000 0.001 0.995 0.001 0.031 0.000 0.976 0.000 0.001 0.000 0.000 0.000 0.000 0.001 0.097 0.000 0.032 0.018 0.000 0.000 0.000 0.000 0.083 0.000 0.000 0.000 0.000 0.000 0.006 0.001 0.000 0.000 0.004 0.000 0.020 0.000 0.000 0.000 0.000 0.002 0.001 0.005 0.027 0.000 0.000 0.001 0.002 0.000 0.168 0.005 0.123 0.899 0.008 0.364 0.631 
45 ladle_vis 30 0.026 0.000 0.004 0.000 0.001 0.995 0.001 0.005 0.000 0.661 0.000 0.001 0.000 0.000 0.000 0.000 0.013 0.001 0.000 0.000 0.000 0.000 0.000 0.000 0.000 0.000 0.000 0.000 0.000 0.000 0.000 0.000 0.000 0.000 0.000 0.001 0.000 0.011 0.000 0.000 0.000 0.001 0.000 0.000 0.002 0.006 0.002 0.000 0.000 0.000 0.000 0.000 0.005 0.026 0.001 0.066 0.003 0.001 
46 knife_vis 30 0.007 0.000 0.001 0.000 0.001 0.995 0.001 0.000 0.082 0.759 0.000 0.011 0.000 0.000 0.000 0.023 0.001 0.022 0.000 0.000 0.019 0.000 0.000 0.000 0.000 0.001 0.000 0.000 0.000 0.000 0.000 0.269 0.000 0.000 0.151 0.001 0.000 0.029 0.001 0.000 0.000 0.000 0.000 0.000 0.051 0.000 0.055 0.000 0.431 0.253 0.000 0.000 0.810 0.019 0.003 0.001 0.466 0.592 
47 chopsticks_vis 30 0.003 0.000 0.000 0.000 0.001 0.995 0.002 0.000 0.857 0.483 0.000 0.024 0.000 0.000 0.000 0.039 0.001 0.022 0.000 0.002 0.001 0.000 0.000 0.000 0.000 0.003 0.000 0.000 0.000 0.001 0.000 0.019 0.003 0.000 0.043 0.002 0.000 0.064 0.000 0.000 0.000 0.000 0.000 0.000 0.001 0.002 0.064 0.005 0.280 0.385 0.000 0.038 0.200 0.008 0.048 0.003 0.039 0.392 
0 beaver_vis 30 0.996 0.909 0.015 0.001 0.011 0.001 0.001 0.000 0.000 0.000 0.199 0.029 0.345 0.008 0.469 0.000 0.027 0.000 0.022 0.001 0.000 0.000 0.000 0.004 0.005 0.000 0.000 0.001 0.028 0.023 0.001 0.000 0.001 0.000 0.001 0.001 0.000 0.003 0.000 0.000 0.000 0.003 0.000 0.000 0.000 0.001 0.004 0.007 0.000 0.000 0.167 0.000 0.000 0.000 0.000 0.004 0.000 0.000 
1 bear_vis 30 0.892 0.722 0.009 0.000 0.001 0.049 0.001 0.000 0.051 0.000 0.021 0.240 0.000 0.000 0.009 0.002 0.023 0.003 0.001 0.002 0.000 0.000 0.000 0.000 0.000 0.000 0.000 0.000 0.004 0.001 0.000 0.000 0.000 0.000 0.000 0.001 0.000 0.002 0.000 0.000 0.000 0.000 0.000 0.000 0.000 0.001 0.021 0.027 0.000 0.003 0.003 0.000 0.001 0.000 0.000 0.015 0.000 0.000 
2 sheep_vis 30 0.940 0.103 0.047 0.348 0.004 0.006 0.001 0.016 0.000 0.000 0.029 0.007 0.123 0.004 0.001 0.000 0.054 0.001 0.305 0.003 0.000 0.003 0.001 0.219 0.170 0.001 0.000 0.006 0.005 0.001 0.001 0.001 0.001 0.000 0.000 0.001 0.000 0.006 0.000 0.000 0.000 0.116 0.000 0.001 0.000 0.014 0.005 0.002 0.000 0.000 0.123 0.000 0.000 0.000 0.000 0.026 0.000 0.000 
3 buffalo_vis 30 0.989 0.990 0.021 0.000 0.008 0.001 0.000 0.000 0.001 0.000 0.034 0.112 0.276 0.178 0.775 0.052 0.049 0.013 0.003 0.003 0.001 0.001 0.000 0.000 0.004 0.002 0.000 0.001 0.007 0.162 0.000 0.001 0.003 0.000 0.072 0.001 0.000 0.003 0.000 0.000 0.000 0.003 0.000 0.000 0.000 0.000 0.055 0.004 0.000 0.005 0.069 0.001 0.004 0.000 0.000 0.004 0.000 0.002 
4 poodle_vis 30 0.853 0.332 0.001 0.106 0.368 0.132 0.001 0.083 0.000 0.000 0.006 0.000 0.185 0.046 0.042 0.000 0.003 0.000 0.025 0.000 0.001 0.001 0.001 0.007 0.098 0.001 0.004 0.047 0.008 0.033 0.016 0.001 0.001 0.069 0.004 0.001 0.000 0.022 0.000 0.021 0.000 0.090 0.000 0.000 0.003 0.002 0.000 0.000 0.000 0.000 0.038 0.000 0.000 0.000 0.000 0.005 0.000 0.000 
5 giraffe_vis 30 0.994 0.990 0.041 0.000 0.002 0.001 0.000 0.000 0.465 0.000 0.224 0.855 0.000 0.006 0.236 0.356 0.067 0.074 0.000 0.025 0.000 0.000 0.000 0.000 0.000 0.000 0.000 0.000 0.030 0.003 0.000 0.000 0.001 0.000 0.001 0.001 0.000 0.002 0.000 0.000 0.000 0.000 0.000 0.000 0.000 0.001 0.086 0.187 0.000 0.207 0.004 0.000 0.003 0.000 0.000 0.004 0.000 0.001 
6 robin_vis 30 0.338 0.001 0.456 0.000 0.001 0.554 0.000 0.000 0.000 0.647 0.000 0.033 0.000 0.000 0.000 0.000 0.113 0.257 0.001 0.002 0.300 0.001 0.000 0.000 0.000 0.002 0.002 0.000 0.000 0.000 0.000 0.034 0.000 0.000 0.004 0.001 0.000 0.005 0.000 0.000 0.000 0.000 0.027 0.000 0.114 0.001 0.008 0.000 0.000 0.002 0.000 0.000 0.280 0.315 0.009 0.025 0.418 0.140 
7 swan_vis 30 0.216 0.001 0.214 0.106 0.001 0.830 0.001 0.795 0.000 0.124 0.000 0.008 0.000 0.000 0.000 0.000 0.026 0.093 0.001 0.001 0.228 0.015 0.002 0.000 0.002 0.009 0.263 0.125 0.000 0.000 0.000 0.005 0.000 0.001 0.000 0.001 0.000 0.047 0.000 0.014 0.176 0.012 0.798 0.001 0.617 0.001 0.000 0.000 0.000 0.000 0.000 0.000 0.004 0.047 0.018 0.003 0.309 0.037 
8 woodpecker_vis 30 0.749 0.000 0.052 0.000 0.001 0.814 0.000 0.006 0.000 0.045 0.000 0.005 0.000 0.000 0.000 0.004 0.024 0.006 0.011 0.042 0.000 0.000 0.000 0.000 0.000 0.002 0.000 0.000 0.000 0.000 0.000 0.004 0.001 0.000 0.000 0.001 0.000 0.004 0.000 0.000 0.000 0.002 0.000 0.000 0.000 0.089 0.000 0.007 0.001 0.001 0.000 0.002 0.001 0.003 0.002 0.063 0.000 0.005 
9 peacock_vis 30 0.358 0.001 0.011 0.000 0.001 0.923 0.000 0.000 0.001 0.145 0.000 0.009 0.000 0.000 0.000 0.000 0.007 0.005 0.001 0.003 0.000 0.000 0.000 0.000 0.000 0.001 0.000 0.000 0.000 0.000 0.000 0.001 0.000 0.000 0.000 0.001 0.000 0.005 0.000 0.000 0.000 0.000 0.000 0.000 0.000 0.004 0.001 0.002 0.000 0.001 0.000 0.001 0.002 0.004 0.002 0.009 0.000 0.008 
10 crow_vis 30 0.524 0.024 0.263 0.000 0.001 0.567 0.000 0.000 0.000 0.566 0.000 0.025 0.000 0.001 0.000 0.012 0.013 0.251 0.000 0.010 0.266 0.021 0.000 0.000 0.000 0.020 0.001 0.000 0.000 0.000 0.000 0.113 0.000 0.000 0.004 0.001 0.000 0.005 0.000 0.000 0.000 0.000 0.004 0.000 0.026 0.001 0.002 0.000 0.004 0.013 0.000 0.000 0.232 0.066 0.048 0.003 0.316 0.296 
11 eagle_vis 30 0.693 0.004 0.869 0.000 0.001 0.146 0.000 0.000 0.001 0.678 0.000 0.156 0.000 0.000 0.000 0.000 0.568 0.344 0.008 0.002 0.005 0.001 0.000 0.000 0.000 0.000 0.000 0.000 0.000 0.000 0.000 0.000 0.000 0.000 0.000 0.001 0.000 0.001 0.000 0.000 0.000 0.000 0.007 0.000 0.000 0.006 0.014 0.000 0.000 0.002 0.000 0.000 0.017 0.205 0.001 0.171 0.002 0.005 
12 tuna_vis 30 0.944 0.000 0.000 0.752 0.019 0.653 0.002 0.606 0.000 0.000 0.001 0.000 0.000 0.000 0.000 0.000 0.000 0.000 0.021 0.010 0.000 0.001 0.139 0.839 0.062 0.004 0.006 0.003 0.014 0.000 0.052 0.001 0.002 0.004 0.000 0.003 0.000 0.027 0.000 0.001 0.013 0.181 0.000 0.513 0.000 0.074 0.000 0.001 0.000 0.000 0.062 0.001 0.000 0.000 0.000 0.001 0.000 0.000 
13 goldfish_vis 30 0.997 0.000 0.027 0.200 0.012 0.419 0.001 0.002 0.000 0.000 0.000 0.000 0.000 0.000 0.000 0.004 0.000 0.007 0.000 0.037 0.043 0.005 0.103 0.017 0.001 0.825 0.021 0.002 0.001 0.000 0.009 0.163 0.364 0.001 0.000 0.043 0.000 0.006 0.000 0.000 0.004 0.000 0.000 0.006 0.000 0.000 0.000 0.000 0.003 0.000 0.000 0.294 0.000 0.000 0.284 0.000 0.000 0.035 
14 salmon_vis 30 0.214 0.000 0.003 0.251 0.002 0.893 0.003 0.533 0.000 0.003 0.000 0.000 0.001 0.000 0.000 0.000 0.000 0.000 0.000 0.000 0.011 0.002 0.004 0.001 0.013 0.002 0.190 0.137 0.000 0.000 0.001 0.011 0.000 0.008 0.003 0.001 0.000 0.070 0.000 0.034 0.068 0.005 0.088 0.000 0.450 0.000 0.000 0.000 0.000 0.000 0.000 0.000 0.003 0.001 0.001 0.000 0.049 0.000 
15 sardine_vis 30 0.997 0.000 0.030 0.621 0.036 0.176 0.001 0.001 0.000 0.000 0.000 0.000 0.000 0.000 0.000 0.000 0.000 0.001 0.000 0.011 0.080 0.017 0.231 0.002 0.000 0.912 0.236 0.004 0.000 0.000 0.002 0.132 0.267 0.007 0.000 0.184 0.000 0.007 0.000 0.000 0.004 0.000 0.000 0.003 0.001 0.000 0.000 0.000 0.000 0.000 0.000 0.084 0.000 0.000 0.214 0.000 0.000 0.000 
16 catfish_vis 30 0.327 0.000 0.000 0.027 0.098 0.757 0.018 0.000 0.005 0.032 0.002 0.000 0.001 0.000 0.004 0.000 0.000 0.000 0.000 0.000 0.000 0.000 0.010 0.071 0.003 0.000 0.000 0.000 0.045 0.014 0.094 0.001 0.002 0.004 0.008 0.002 0.012 0.028 0.001 0.002 0.000 0.001 0.000 0.002 0.007 0.000 0.002 0.000 0.002 0.001 0.023 0.001 0.022 0.002 0.000 0.002 0.000 0.001 
17 cod_vis 30 0.997 0.000 0.102 0.284 0.013 0.341 0.001 0.002 0.000 0.000 0.000 0.000 0.000 0.000 0.000 0.000 0.000 0.006 0.000 0.034 0.123 0.018 0.147 0.002 0.001 0.923 0.154 0.018 0.000 0.000 0.003 0.136 0.232 0.008 0.000 0.079 0.000 0.005 0.000 0.000 0.010 0.000 0.000 0.002 0.001 0.000 0.000 0.000 0.000 0.000 0.000 0.158 0.000 0.000 0.449 0.000 0.001 0.005 
18 turtle_vis 30 0.997 0.041 0.000 0.004 0.992 0.002 0.024 0.000 0.000 0.000 0.051 0.000 0.008 0.000 0.399 0.000 0.000 0.000 0.000 0.000 0.000 0.000 0.017 0.372 0.008 0.000 0.000 0.000 0.753 0.535 0.841 0.001 0.009 0.022 0.002 0.001 0.177 0.046 0.000 0.004 0.000 0.001 0.000 0.001 0.000 0.000 0.000 0.004 0.000 0.000 0.385 0.000 0.000 0.000 0.000 0.000 0.000 0.000 
19 rattlesnake_vis 30 0.087 0.001 0.000 0.000 0.058 0.879 0.724 0.000 0.012 0.000 0.000 0.000 0.000 0.000 0.003 0.000 0.000 0.000 0.000 0.000 0.000 0.000 0.001 0.000 0.001 0.000 0.000 0.000 0.001 0.230 0.006 0.000 0.000 0.006 0.709 0.001 0.028 0.148 0.003 0.035 0.000 0.023 0.000 0.000 0.003 0.000 0.069 0.000 0.000 0.000 0.059 0.000 0.021 0.000 0.000 0.004 0.000 0.000 
20 crab_vis 30 0.150 0.001 0.000 0.001 0.035 0.893 0.004 0.365 0.000 0.001 0.000 0.000 0.000 0.000 0.002 0.000 0.002 0.000 0.002 0.003 0.000 0.000 0.001 0.012 0.000 0.000 0.000 0.000 0.005 0.006 0.013 0.000 0.001 0.002 0.000 0.001 0.001 0.027 0.000 0.000 0.000 0.100 0.000 0.005 0.000 0.235 0.000 0.002 0.000 0.000 0.011 0.000 0.000 0.000 0.000 0.055 0.000 0.000 
21 frog_vis 30 0.099 0.002 0.000 0.000 0.047 0.918 0.008 0.000 0.686 0.354 0.000 0.016 0.000 0.001 0.000 0.075 0.000 0.007 0.000 0.000 0.002 0.000 0.001 0.000 0.000 0.000 0.003 0.000 0.000 0.010 0.001 0.143 0.001 0.017 0.380 0.001 0.000 0.050 0.015 0.001 0.000 0.000 0.000 0.000 0.015 0.000 0.140 0.000 0.612 0.450 0.000 0.000 0.719 0.002 0.000 0.001 0.092 0.347 
22 gecko_vis 30 0.110 0.001 0.000 0.000 0.030 0.904 0.005 0.287 0.000 0.001 0.000 0.000 0.000 0.000 0.001 0.000 0.003 0.000 0.002 0.001 0.000 0.000 0.001 0.006 0.000 0.000 0.000 0.000 0.002 0.007 0.009 0.000 0.001 0.003 0.000 0.001 0.001 0.030 0.000 0.001 0.000 0.131 0.000 0.002 0.000 0.162 0.001 0.001 0.000 0.000 0.018 0.000 0.000 0.000 0.000 0.088 0.000 0.000 
23 crocodile_vis 30 0.071 0.001 0.000 0.000 0.036 0.916 0.031 0.000 0.672 0.003 0.000 0.003 0.000 0.000 0.001 0.000 0.000 0.000 0.000 0.000 0.000 0.000 0.001 0.000 0.000 0.000 0.000 0.000 0.001 0.027 0.004 0.001 0.001 0.005 0.235 0.001 0.001 0.077 0.001 0.002 0.000 0.000 0.000 0.000 0.001 0.001 0.122 0.001 0.001 0.008 0.002 0.000 0.094 0.000 0.000 0.003 0.000 0.000 
24 axe_vis 30 0.003 0.000 0.000 0.000 0.006 0.995 0.609 0.000 0.138 0.004 0.000 0.001 0.000 0.000 0.000 0.001 0.000 0.000 0.000 0.000 0.000 0.000 0.001 0.000 0.000 0.000 0.001 0.000 0.001 0.036 0.000 0.009 0.001 0.002 0.670 0.004 0.005 0.169 0.105 0.001 0.000 0.000 0.000 0.000 0.028 0.000 0.062 0.000 0.019 0.005 0.001 0.001 0.302 0.000 0.000 0.001 0.005 0.001 
25 hammer_vis 30 0.008 0.000 0.129 0.001 0.001 0.994 0.002 0.168 0.000 0.937 0.000 0.001 0.000 0.000 0.000 0.000 0.001 0.116 0.000 0.297 0.017 0.000 0.002 0.000 0.000 0.422 0.001 0.000 0.000 0.000 0.000 0.007 0.008 0.000 0.000 0.135 0.000 0.021 0.000 0.000 0.002 0.000 0.006 0.020 0.002 0.104 0.000 0.002 0.002 0.001 0.000 0.869 0.001 0.100 0.960 0.007 0.165 0.678 
26 screwdriver_vis 30 0.003 0.000 0.000 0.000 0.003 0.995 0.084 0.393 0.000 0.434 0.000 0.000 0.000 0.000 0.000 0.000 0.025 0.000 0.001 0.000 0.000 0.000 0.001 0.000 0.000 0.000 0.001 0.000 0.000 0.005 0.000 0.000 0.000 0.003 0.047 0.002 0.007 0.045 0.019 0.055 0.001 0.123 0.000 0.000 0.013 0.073 0.017 0.000 0.000 0.000 0.002 0.000 0.004 0.021 0.000 0.535 0.000 0.000 
27 chisel_vis 30 0.003 0.000 0.000 0.000 0.116 0.994 0.995 0.010 0.115 0.000 0.000 0.000 0.000 0.000 0.001 0.000 0.000 0.000 0.000 0.000 0.000 0.000 0.007 0.197 0.007 0.000 0.001 0.000 0.133 0.392 0.222 0.001 0.001 0.006 0.148 0.008 0.957 0.346 0.012 0.711 0.017 0.266 0.000 0.111 0.001 0.009 0.003 0.006 0.001 0.000 0.744 0.002 0.001 0.000 0.000 0.002 0.000 0.000 
28 saw_vis 30 0.003 0.000 0.000 0.000 0.004 0.995 0.048 0.604 0.001 0.311 0.000 0.000 0.000 0.000 0.000 0.000 0.004 0.000 0.001 0.000 0.000 0.000 0.002 0.000 0.000 0.000 0.002 0.000 0.000 0.001 0.000 0.003 0.001 0.002 0.014 0.014 0.001 0.054 0.018 0.004 0.001 0.359 0.000 0.001 0.027 0.009 0.008 0.000 0.002 0.000 0.007 0.001 0.037 0.048 0.000 0.259 0.004 0.001 
29 drill_vis 30 0.010 0.000 0.000 0.001 0.247 0.994 0.989 0.020 0.156 0.001 0.000 0.000 0.000 0.000 0.000 0.005 0.000 0.000 0.000 0.002 0.001 0.000 0.182 0.005 0.000 0.023 0.059 0.000 0.013 0.011 0.020 0.110 0.265 0.059 0.015 0.937 0.329 0.206 0.382 0.167 0.141 0.001 0.000 0.153 0.027 0.001 0.000 0.004 0.388 0.003 0.001 0.508 0.003 0.000 0.015 0.000 0.002 0.005 
30 clamp_vis 30 0.749 0.000 0.000 0.543 0.062 0.332 0.046 0.152 0.000 0.001 0.000 0.000 0.000 0.000 0.000 0.000 0.000 0.000 0.000 0.000 0.001 0.000 0.025 0.003 0.022 0.003 0.036 0.069 0.000 0.004 0.009 0.001 0.000 0.055 0.004 0.014 0.000 0.060 0.000 0.165 0.093 0.021 0.047 0.014 0.036 0.001 0.000 0.000 0.000 0.000 0.001 0.001 0.000 0.000 0.006 0.000 0.002 0.000 
31 hoe_vis 30 0.003 0.000 0.000 0.029 0.001 0.995 0.008 0.992 0.000 0.002 0.000 0.000 0.000 0.000 0.000 0.000 0.001 0.000 0.005 0.000 0.000 0.000 0.001 0.002 0.071 0.000 0.003 0.074 0.000 0.000 0.000 0.000 0.000 0.000 0.001 0.001 0.000 0.144 0.000 0.581 0.517 0.701 0.561 0.001 0.398 0.005 0.000 0.000 0.000 0.000 0.007 0.000 0.000 0.001 0.000 0.015 0.002 0.000 
32 rake_vis 30 0.966 0.000 0.034 0.765 0.001 0.149 0.001 0.271 0.000 0.010 0.000 0.000 0.006 0.000 0.000 0.000 0.005 0.000 0.027 0.000 0.003 0.003 0.001 0.021 0.726 0.001 0.001 0.194 0.000 0.000 0.001 0.000 0.000 0.000 0.000 0.001 0.000 0.018 0.000 0.004 0.001 0.167 0.049 0.000 0.006 0.001 0.000 0.000 0.000 0.000 0.004 0.000 0.000 0.005 0.002 0.003 0.004 0.000 
33 shovel_vis 30 0.006 0.000 0.001 0.477 0.001 0.995 0.007 0.992 0.000 0.001 0.000 0.000 0.000 0.000 0.000 0.000 0.000 0.000 0.010 0.003 0.000 0.000 0.207 0.291 0.016 0.003 0.002 0.004 0.000 0.000 0.001 0.000 0.000 0.000 0.000 0.094 0.000 0.124 0.000 0.031 0.909 0.429 0.458 0.884 0.006 0.151 0.000 0.000 0.000 0.000 0.006 0.012 0.000 0.001 0.042 0.005 0.000 0.000 
34 spade_vis 30 0.004 0.000 0.001 0.100 0.001 0.993 0.160 0.983 0.000 0.021 0.000 0.000 0.000 0.000 0.000 0.000 0.000 0.000 0.000 0.000 0.012 0.000 0.002 0.000 0.007 0.001 0.462 0.169 0.000 0.000 0.000 0.002 0.000 0.007 0.008 0.001 0.000 0.136 0.002 0.724 0.730 0.073 0.673 0.001 0.931 0.001 0.000 0.000 0.000 0.000 0.000 0.000 0.004 0.005 0.001 0.002 0.141 0.000 
35 wrench_vis 30 0.002 0.000 0.000 0.002 0.001 0.995 0.003 0.984 0.000 0.007 0.000 0.000 0.000 0.000 0.000 0.000 0.002 0.000 0.006 0.000 0.000 0.000 0.000 0.001 0.032 0.000 0.000 0.007 0.000 0.000 0.000 0.000 0.000 0.000 0.001 0.001 0.000 0.100 0.000 0.200 0.137 0.798 0.274 0.001 0.125 0.008 0.000 0.000 0.000 0.000 0.002 0.000 0.000 0.003 0.000 0.062 0.000 0.000 
36 accordion_vis 30 0.003 0.000 0.000 0.000 0.003 0.995 0.550 0.000 0.160 0.025 0.000 0.001 0.000 0.000 0.000 0.002 0.000 0.000 0.000 0.000 0.001 0.000 0.000 0.000 0.000 0.000 0.003 0.000 0.000 0.023 0.000 0.067 0.001 0.004 0.730 0.001 0.000 0.150 0.374 0.000 0.000 0.000 0.000 0.000 0.110 0.000 0.069 0.000 0.158 0.019 0.000 0.000 0.547 0.001 0.000 0.001 0.034 0.006 
37 cello_vis 30 0.003 0.000 0.000 0.000 0.005 0.995 0.282 0.000 0.595 0.078 0.000 0.004 0.000 0.000 0.000 0.007 0.000 0.001 0.000 0.000 0.000 0.000 0.000 0.000 0.000 0.001 0.001 0.000 0.001 0.012 0.000 0.020 0.004 0.002 0.420 0.010 0.003 0.125 0.068 0.001 0.000 0.000 0.000 0.000 0.015 0.000 0.101 0.001 0.173 0.094 0.000 0.016 0.394 0.001 0.001 0.001 0.011 0.025 
38 flute_vis 30 0.003 0.000 0.000 0.000 0.040 0.995 0.989 0.001 0.073 0.000 0.000 0.000 0.000 0.000 0.000 0.000 0.000 0.000 0.000 0.000 0.000 0.000 0.001 0.003 0.001 0.000 0.001 0.000 0.008 0.236 0.004 0.001 0.001 0.010 0.388 0.004 0.583 0.286 0.050 0.307 0.002 0.027 0.000 0.002 0.004 0.001 0.008 0.001 0.001 0.000 0.078 0.001 0.006 0.000 0.000 0.001 0.000 0.000 
39 guitar_vis 30 0.003 0.000 0.000 0.000 0.002 0.995 0.024 0.000 0.931 0.486 0.000 0.021 0.000 0.000 0.000 0.149 0.000 0.010 0.000 0.000 0.001 0.000 0.000 0.000 0.000 0.001 0.000 0.000 0.000 0.002 0.000 0.156 0.004 0.000 0.174 0.003 0.000 0.078 0.022 0.000 0.000 0.000 0.000 0.000 0.009 0.000 0.092 0.002 0.836 0.608 0.000 0.010 0.597 0.003 0.002 0.001 0.075 0.555 
40 piano_vis 30 0.005 0.000 0.000 0.000 0.457 0.993 0.993 0.009 0.088 0.000 0.000 0.000 0.000 0.000 0.000 0.000 0.000 0.000 0.000 0.001 0.000 0.000 0.219 0.113 0.004 0.001 0.003 0.000 0.099 0.202 0.350 0.004 0.049 0.051 0.064 0.494 0.975 0.310 0.179 0.688 0.185 0.133 0.000 0.347 0.002 0.006 0.002 0.006 0.009 0.000 0.303 0.114 0.001 0.000 0.000 0.002 0.000 0.000 
41 trumpet_vis 30 0.003 0.000 0.000 0.003 0.001 0.995 0.329 0.927 0.000 0.001 0.000 0.000 0.000 0.000 0.000 0.000 0.001 0.000 0.002 0.000 0.001 0.000 0.003 0.006 0.040 0.001 0.047 0.010 0.000 0.000 0.000 0.003 0.001 0.006 0.013 0.010 0.000 0.189 0.009 0.564 0.199 0.460 0.011 0.004 0.245 0.005 0.000 0.000 0.000 0.000 0.012 0.001 0.002 0.001 0.001 0.007 0.009 0.000 
42 fork_vis 30 0.003 0.000 0.000 0.000 0.002 0.993 0.953 0.001 0.020 0.003 0.000 0.000 0.000 0.000 0.000 0.000 0.000 0.000 0.000 0.000 0.000 0.000 0.000 0.000 0.000 0.000 0.001 0.000 0.000 0.123 0.000 0.001 0.000 0.002 0.894 0.001 0.144 0.182 0.098 0.437 0.000 0.066 0.000 0.000 0.090 0.000 0.140 0.000 0.000 0.000 0.037 0.000 0.144 0.001 0.000 0.011 0.000 0.000 
43 spoon_vis 30 0.002 0.000 0.001 0.000 0.001 0.995 0.001 0.000 0.704 0.987 0.000 0.030 0.000 0.000 0.000 0.004 0.002 0.010 0.000 0.000 0.002 0.000 0.000 0.000 0.000 0.000 0.000 0.000 0.000 0.000 0.000 0.007 0.000 0.000 0.336 0.001 0.000 0.022 0.002 0.000 0.000 0.000 0.000 0.000 0.149 0.000 0.543 0.000 0.344 0.391 0.000 0.000 0.894 0.429 0.002 0.032 0.076 0.445 
44 tongs_vis 30 0.005 0.000 0.000 0.000 0.002 0.994 0.015 0.000 0.966 0.449 0.000 0.041 0.000 0.000 0.000 0.635 0.000 0.044 0.000 0.026 0.002 0.000 0.001 0.000 0.000 0.050 0.001 0.000 0.002 0.000 0.000 0.284 0.344 0.000 0.006 0.332 0.000 0.063 0.006 0.000 0.000 0.000 0.000 0.001 0.001 0.002 0.010 0.065 0.963 0.795 0.000 0.857 0.106 0.003 0.211 0.001 0.022 0.852 
45 ladle_vis 30 0.003 0.000 0.000 0.000 0.001 0.995 0.587 0.345 0.000 0.037 0.000 0.000 0.000 0.000 0.000 0.000 0.003 0.000 0.001 0.000 0.000 0.000 0.000 0.000 0.000 0.000 0.007 0.001 0.000 0.006 0.000 0.001 0.000 0.012 0.337 0.001 0.001 0.134 0.125 0.423 0.005 0.096 0.001 0.000 0.419 0.006 0.003 0.000 0.000 0.000 0.001 0.000 0.038 0.003 0.000 0.056 0.001 0.000 
46 knife_vis 30 0.002 0.000 0.000 0.000 0.001 0.995 0.004 0.000 0.669 0.893 0.000 0.024 0.000 0.000 0.000 0.003 0.002 0.006 0.000 0.000 0.001 0.000 0.000 0.000 0.000 0.000 0.000 0.000 0.000 0.001 0.000 0.005 0.000 0.000 0.509 0.001 0.000 0.037 0.006 0.000 0.000 0.000 0.000 0.000 0.113 0.000 0.586 0.000 0.201 0.288 0.000 0.000 0.894 0.221 0.001 0.023 0.055 0.266 
47 chopsticks_vis 30 0.007 0.000 0.000 0.000 0.127 0.994 0.971 0.000 0.441 0.002 0.000 0.000 0.000 0.000 0.000 0.017 0.000 0.000 0.000 0.001 0.001 0.000 0.016 0.001 0.000 0.017 0.013 0.000 0.009 0.011 0.001 0.175 0.237 0.013 0.029 0.896 0.111 0.170 0.366 0.002 0.002 0.000 0.000 0.018 0.010 0.001 0.001 0.004 0.745 0.012 0.000 0.491 0.011 0.000 0.012 0.000 0.003 0.019 
