0 beaver_vis 30 0.996 0.993 0.001 0.049 0.001 0.001 0.003 0.000 0.002 0.001 0.953 0.083 0.272 0.001 0.002 0.014 0.002 0.001 0.108 0.001 0.000 0.001 0.266 0.014 0.006 0.011 0.002 0.001 0.001 0.010 0.001 0.004 0.001 0.001 0.000 0.001 0.001 0.001 0.015 0.125 0.000 0.000 0.000 0.000 0.001 0.001 0.001 0.000 0.000 0.000 0.002 0.000 0.000 0.000 0.000 0.000 0.000 0.000 
1 bear_vis 30 0.996 0.129 0.002 0.917 0.003 0.001 0.001 0.000 0.000 0.001 0.141 0.136 0.002 0.000 0.001 0.001 0.001 0.001 0.090 0.020 0.001 0.001 0.964 0.014 0.066 0.008 0.011 0.000 0.000 0.001 0.001 0.001 0.044 0.001 0.000 0.000 0.001 0.001 0.013 0.005 0.000 0.000 0.000 0.000 0.000 0.000 0.000 0.000 0.000 0.000 0.000 0.000 0.000 0.001 0.001 0.000 0.002 0.000 
2 sheep_vis 30 0.996 0.990 0.002 0.015 0.001 0.001 0.000 0.000 0.048 0.001 0.939 0.002 0.040 0.001 0.002 0.063 0.006 0.001 0.005 0.001 0.001 0.001 0.010 0.007 0.001 0.049 0.002 0.001 0.001 0.003 0.001 0.001 0.001 0.001 0.000 0.000 0.001 0.001 0.001 0.004 0.000 0.000 0.000 0.000 0.001 0.003 0.001 0.000 0.000 0.000 0.003 0.000 0.000 0.000 0.001 0.000 0.000 0.000 
3 buffalo_vis 30 0.996 0.988 0.002 0.004 0.002 0.001 0.001 0.002 0.000 0.001 0.412 0.003 0.630 0.003 0.344 0.001 0.019 0.001 0.003 0.001 0.001 0.002 0.001 0.001 0.001 0.001 0.007 0.002 0.007 0.045 0.001 0.001 0.001 0.001 0.000 0.000 0.001 0.001 0.001 0.001 0.000 0.000 0.000 0.000 0.001 0.028 0.001 0.000 0.000 0.000 0.000 0.000 0.000 0.000 0.001 0.000 0.001 0.000 
4 poodle_vis 30 0.996 0.991 0.001 0.012 0.001 0.001 0.001 0.000 0.083 0.001 0.959 0.003 0.029 0.001 0.003 0.098 0.006 0.002 0.004 0.001 0.001 0.001 0.010 0.008 0.001 0.064 0.001 0.000 0.001 0.003 0.001 0.001 0.001 0.001 0.000 0.000 0.001 0.001 0.002 0.002 0.000 0.000 0.000 0.000 0.001 0.003 0.002 0.000 0.000 0.000 0.004 0.000 0.000 0.000 0.001 0.000 0.000 0.000 
5 giraffe_vis 30 0.996 0.988 0.001 0.005 0.003 0.001 0.001 0.000 0.099 0.001 0.938 0.003 0.018 0.001 0.003 0.128 0.006 0.002 0.002 0.001 0.001 0.001 0.004 0.007 0.001 0.068 0.001 0.000 0.001 0.003 0.001 0.001 0.001 0.002 0.000 0.000 0.001 0.001 0.001 0.001 0.000 0.000 0.000 0.000 0.000 0.003 0.001 0.001 0.000 0.000 0.004 0.000 0.000 0.000 0.001 0.000 0.000 0.000 
6 robin_vis 30 0.996 0.013 0.990 0.005 0.001 0.003 0.000 0.000 0.000 0.002 0.001 0.001 0.013 0.001 0.002 0.000 0.722 0.007 0.364 0.002 0.029 0.064 0.002 0.001 0.003 0.001 0.029 0.001 0.002 0.001 0.000 0.001 0.001 0.000 0.000 0.001 0.001 0.001 0.000 0.001 0.000 0.000 0.000 0.000 0.000 0.007 0.001 0.000 0.000 0.000 0.000 0.000 0.000 0.001 0.001 0.009 0.001 0.000 
7 swan_vis 30 0.996 0.010 0.991 0.002 0.001 0.001 0.000 0.002 0.000 0.002 0.000 0.001 0.006 0.003 0.005 0.000 0.920 0.057 0.074 0.003 0.033 0.095 0.001 0.001 0.001 0.002 0.072 0.001 0.018 0.001 0.001 0.001 0.001 0.000 0.000 0.000 0.001 0.001 0.000 0.000 0.001 0.000 0.000 0.001 0.000 0.052 0.001 0.000 0.000 0.000 0.000 0.000 0.000 0.001 0.001 0.022 0.001 0.000 
8 woodpecker_vis 30 0.992 0.007 0.903 0.047 0.001 0.338 0.001 0.000 0.000 0.023 0.003 0.004 0.002 0.000 0.000 0.000 0.006 0.001 0.906 0.270 0.075 0.002 0.247 0.016 0.012 0.001 0.001 0.000 0.000 0.001 0.000 0.002 0.007 0.000 0.001 0.003 0.001 0.001 0.001 0.001 0.000 0.000 0.000 0.000 0.000 0.001 0.001 0.000 0.000 0.000 0.000 0.000 0.000 0.037 0.001 0.001 0.041 0.001 
9 peacock_vis 30 0.996 0.040 0.990 0.003 0.001 0.001 0.001 0.000 0.000 0.003 0.000 0.011 0.001 0.053 0.001 0.000 0.002 0.006 0.087 0.242 0.104 0.739 0.005 0.001 0.003 0.001 0.002 0.000 0.001 0.001 0.001 0.001 0.006 0.000 0.003 0.000 0.001 0.001 0.001 0.001 0.000 0.002 0.000 0.001 0.000 0.000 0.001 0.000 0.000 0.000 0.000 0.000 0.001 0.004 0.001 0.001 0.002 0.000 
10 crow_vis 30 0.977 0.002 0.981 0.001 0.014 0.110 0.001 0.000 0.000 0.002 0.000 0.002 0.001 0.001 0.000 0.000 0.001 0.002 0.016 0.477 0.977 0.003 0.001 0.012 0.001 0.000 0.000 0.000 0.002 0.001 0.000 0.255 0.068 0.001 0.221 0.000 0.001 0.001 0.000 0.000 0.000 0.000 0.000 0.002 0.000 0.001 0.000 0.000 0.000 0.000 0.000 0.001 0.014 0.001 0.003 0.001 0.025 0.000 
11 eagle_vis 30 0.995 0.017 0.984 0.011 0.001 0.321 0.000 0.000 0.000 0.004 0.000 0.001 0.025 0.001 0.001 0.000 0.063 0.001 0.821 0.011 0.545 0.043 0.004 0.033 0.034 0.001 0.005 0.000 0.001 0.001 0.001 0.004 0.001 0.000 0.000 0.002 0.001 0.002 0.000 0.001 0.000 0.000 0.000 0.000 0.000 0.001 0.001 0.000 0.000 0.000 0.000 0.000 0.000 0.002 0.002 0.002 0.019 0.001 
12 tuna_vis 30 0.996 0.049 0.003 0.971 0.002 0.001 0.000 0.000 0.000 0.001 0.107 0.067 0.002 0.000 0.000 0.000 0.001 0.001 0.083 0.016 0.001 0.001 0.969 0.034 0.083 0.013 0.011 0.001 0.001 0.001 0.000 0.002 0.040 0.001 0.000 0.000 0.001 0.001 0.009 0.009 0.000 0.000 0.000 0.000 0.000 0.000 0.000 0.000 0.000 0.000 0.001 0.000 0.000 0.001 0.001 0.000 0.003 0.000 
13 goldfish_vis 30 0.996 0.036 0.003 0.971 0.003 0.001 0.000 0.000 0.000 0.001 0.036 0.015 0.004 0.000 0.000 0.000 0.002 0.001 0.061 0.002 0.001 0.001 0.824 0.012 0.173 0.006 0.056 0.004 0.001 0.001 0.001 0.001 0.020 0.001 0.000 0.000 0.001 0.001 0.002 0.005 0.000 0.000 0.000 0.000 0.000 0.001 0.000 0.000 0.000 0.000 0.001 0.000 0.000 0.000 0.001 0.000 0.001 0.001 
14 salmon_vis 30 0.996 0.009 0.004 0.965 0.002 0.001 0.000 0.000 0.000 0.002 0.009 0.001 0.012 0.000 0.119 0.000 0.002 0.001 0.007 0.001 0.001 0.008 0.016 0.002 0.064 0.018 0.874 0.022 0.001 0.001 0.033 0.001 0.002 0.000 0.000 0.000 0.001 0.001 0.001 0.002 0.000 0.000 0.000 0.000 0.002 0.001 0.000 0.000 0.000 0.000 0.000 0.000 0.000 0.000 0.001 0.007 0.001 0.000 
15 sardine_vis 30 0.996 0.003 0.003 0.975 0.003 0.001 0.000 0.000 0.000 0.001 0.018 0.002 0.001 0.000 0.000 0.001 0.002 0.001 0.013 0.001 0.001 0.001 0.494 0.701 0.087 0.025 0.004 0.005 0.001 0.001 0.001 0.004 0.047 0.004 0.000 0.000 0.001 0.001 0.009 0.010 0.000 0.000 0.000 0.000 0.000 0.001 0.000 0.000 0.000 0.000 0.001 0.000 0.000 0.000 0.001 0.000 0.008 0.001 
16 catfish_vis 30 0.996 0.023 0.004 0.972 0.002 0.001 0.000 0.000 0.000 0.001 0.012 0.001 0.021 0.000 0.032 0.001 0.003 0.001 0.009 0.001 0.001 0.008 0.063 0.002 0.061 0.018 0.847 0.015 0.001 0.001 0.033 0.001 0.001 0.001 0.000 0.000 0.001 0.001 0.001 0.002 0.000 0.000 0.000 0.000 0.001 0.001 0.000 0.000 0.000 0.000 0.001 0.000 0.000 0.000 0.001 0.001 0.001 0.000 
17 cod_vis 30 0.995 0.001 0.004 0.977 0.026 0.001 0.000 0.001 0.000 0.002 0.001 0.000 0.002 0.000 0.002 0.000 0.005 0.001 0.002 0.001 0.001 0.001 0.002 0.021 0.046 0.013 0.060 0.922 0.012 0.003 0.104 0.001 0.001 0.002 0.000 0.000 0.001 0.001 0.001 0.003 0.000 0.000 0.000 0.000 0.002 0.001 0.000 0.000 0.000 0.000 0.001 0.000 0.000 0.000 0.001 0.002 0.001 0.001 
18 turtle_vis 30 0.994 0.001 0.004 0.016 0.990 0.001 0.000 0.019 0.000 0.001 0.000 0.001 0.001 0.000 0.003 0.001 0.001 0.008 0.001 0.001 0.007 0.003 0.001 0.001 0.001 0.001 0.083 0.211 0.468 0.020 0.912 0.004 0.006 0.173 0.000 0.000 0.001 0.001 0.000 0.001 0.042 0.000 0.011 0.001 0.000 0.001 0.000 0.002 0.000 0.000 0.000 0.000 0.002 0.000 0.001 0.001 0.001 0.001 
19 rattlesnake_vis 30 0.995 0.002 0.034 0.002 0.992 0.001 0.001 0.001 0.001 0.001 0.000 0.001 0.001 0.001 0.000 0.001 0.001 0.001 0.001 0.001 0.107 0.002 0.001 0.001 0.039 0.000 0.001 0.001 0.210 0.291 0.002 0.195 0.024 0.001 0.000 0.000 0.002 0.001 0.001 0.001 0.001 0.000 0.001 0.001 0.000 0.001 0.000 0.000 0.000 0.000 0.000 0.000 0.000 0.000 0.003 0.000 0.001 0.000 
20 crab_vis 30 0.995 0.001 0.002 0.030 0.992 0.001 0.000 0.000 0.000 0.003 0.000 0.001 0.001 0.000 0.008 0.001 0.001 0.001 0.001 0.001 0.004 0.002 0.001 0.002 0.016 0.001 0.005 0.010 0.009 0.045 0.830 0.002 0.242 0.028 0.000 0.000 0.001 0.001 0.001 0.001 0.000 0.001 0.000 0.000 0.001 0.000 0.000 0.000 0.000 0.000 0.000 0.000 0.002 0.000 0.008 0.000 0.001 0.000 
21 frog_vis 30 0.995 0.001 0.010 0.006 0.987 0.001 0.000 0.000 0.001 0.001 0.000 0.001 0.001 0.000 0.000 0.027 0.001 0.034 0.001 0.001 0.027 0.001 0.001 0.108 0.001 0.004 0.000 0.001 0.153 0.003 0.002 0.137 0.005 0.873 0.000 0.000 0.001 0.001 0.002 0.001 0.000 0.000 0.000 0.000 0.000 0.001 0.000 0.001 0.000 0.000 0.000 0.006 0.020 0.000 0.001 0.000 0.001 0.003 
22 gecko_vis 30 0.994 0.001 0.002 0.032 0.990 0.001 0.001 0.000 0.000 0.002 0.000 0.042 0.001 0.000 0.000 0.001 0.001 0.001 0.001 0.013 0.005 0.001 0.023 0.021 0.046 0.001 0.001 0.001 0.001 0.016 0.030 0.032 0.954 0.055 0.000 0.000 0.001 0.001 0.028 0.001 0.000 0.000 0.000 0.000 0.000 0.001 0.000 0.000 0.000 0.000 0.000 0.000 0.002 0.000 0.005 0.000 0.003 0.000 
23 crocodile_vis 30 0.995 0.001 0.002 0.041 0.991 0.001 0.001 0.000 0.000 0.003 0.000 0.005 0.001 0.000 0.001 0.001 0.001 0.001 0.001 0.001 0.004 0.004 0.003 0.003 0.296 0.001 0.005 0.002 0.001 0.076 0.634 0.005 0.919 0.011 0.000 0.000 0.001 0.001 0.002 0.001 0.000 0.000 0.000 0.000 0.000 0.000 0.000 0.000 0.000 0.000 0.000 0.000 0.001 0.000 0.029 0.000 0.001 0.000 
24 axe_vis 30 0.002 0.002 0.001 0.001 0.004 0.993 0.991 0.000 0.001 0.004 0.001 0.045 0.001 0.001 0.000 0.000 0.001 0.000 0.002 0.042 0.002 0.001 0.004 0.001 0.005 0.000 0.000 0.000 0.000 0.012 0.000 0.001 0.048 0.000 0.968 0.004 0.002 0.003 0.381 0.001 0.000 0.028 0.000 0.001 0.001 0.001 0.001 0.000 0.001 0.001 0.000 0.044 0.005 0.005 0.024 0.001 0.004 0.000 
25 hammer_vis 30 0.002 0.001 0.001 0.002 0.001 0.994 0.984 0.000 0.002 0.006 0.017 0.001 0.005 0.000 0.000 0.000 0.001 0.000 0.182 0.003 0.003 0.001 0.017 0.051 0.057 0.000 0.000 0.000 0.000 0.002 0.000 0.001 0.002 0.000 0.734 0.904 0.003 0.004 0.029 0.011 0.000 0.000 0.000 0.001 0.000 0.001 0.001 0.000 0.001 0.243 0.001 0.001 0.000 0.003 0.005 0.000 0.065 0.001 
26 screwdriver_vis 30 0.005 0.004 0.001 0.001 0.020 0.982 0.992 0.000 0.001 0.002 0.001 0.109 0.001 0.001 0.000 0.000 0.001 0.000 0.001 0.023 0.001 0.001 0.008 0.002 0.007 0.000 0.000 0.000 0.000 0.027 0.000 0.002 0.073 0.000 0.847 0.002 0.003 0.002 0.693 0.004 0.000 0.010 0.000 0.001 0.001 0.001 0.001 0.000 0.000 0.001 0.001 0.041 0.003 0.002 0.015 0.000 0.003 0.000 
27 chisel_vis 30 0.002 0.001 0.001 0.001 0.001 0.994 0.992 0.000 0.009 0.003 0.001 0.003 0.031 0.001 0.000 0.000 0.001 0.000 0.062 0.006 0.002 0.001 0.011 0.011 0.016 0.000 0.000 0.000 0.000 0.003 0.000 0.002 0.009 0.000 0.196 0.886 0.007 0.072 0.001 0.050 0.000 0.000 0.000 0.002 0.001 0.001 0.002 0.000 0.062 0.017 0.001 0.001 0.001 0.001 0.003 0.001 0.042 0.000 
28 saw_vis 30 0.889 0.001 0.002 0.010 0.388 0.105 0.026 0.000 0.001 0.006 0.001 0.001 0.001 0.000 0.000 0.000 0.001 0.000 0.001 0.002 0.003 0.001 0.007 0.006 0.020 0.000 0.000 0.000 0.001 0.001 0.000 0.073 0.008 0.001 0.001 0.002 0.002 0.002 0.060 0.006 0.000 0.000 0.000 0.001 0.000 0.001 0.000 0.000 0.000 0.001 0.001 0.001 0.002 0.001 0.020 0.000 0.013 0.000 
29 drill_vis 30 0.656 0.001 0.001 0.308 0.001 0.495 0.051 0.000 0.001 0.019 0.003 0.001 0.001 0.000 0.000 0.000 0.001 0.000 0.002 0.001 0.001 0.000 0.030 0.166 0.068 0.000 0.000 0.001 0.001 0.001 0.000 0.030 0.002 0.000 0.001 0.003 0.002 0.001 0.087 0.040 0.000 0.000 0.000 0.000 0.000 0.001 0.000 0.000 0.000 0.001 0.001 0.001 0.000 0.001 0.003 0.000 0.086 0.016 
30 clamp_vis 30 0.002 0.001 0.002 0.001 0.001 0.991 0.001 0.081 0.055 0.178 0.000 0.000 0.001 0.001 0.001 0.001 0.001 0.046 0.001 0.001 0.019 0.001 0.000 0.001 0.001 0.001 0.001 0.000 0.002 0.001 0.001 0.001 0.000 0.026 0.002 0.001 0.002 0.001 0.000 0.000 0.122 0.037 0.002 0.004 0.001 0.003 0.001 0.086 0.052 0.001 0.000 0.017 0.640 0.001 0.002 0.002 0.001 0.104 
31 hoe_vis 30 0.018 0.003 0.001 0.001 0.001 0.678 0.004 0.936 0.002 0.001 0.000 0.000 0.001 0.001 0.029 0.000 0.001 0.001 0.001 0.001 0.014 0.002 0.000 0.000 0.001 0.000 0.000 0.000 0.015 0.058 0.001 0.000 0.000 0.000 0.005 0.001 0.001 0.001 0.001 0.000 0.002 0.885 0.002 0.010 0.011 0.097 0.002 0.000 0.001 0.001 0.000 0.005 0.001 0.001 0.004 0.002 0.001 0.000 
32 rake_vis 30 0.069 0.002 0.001 0.001 0.184 0.091 0.001 0.944 0.001 0.001 0.000 0.000 0.001 0.001 0.207 0.000 0.001 0.001 0.001 0.001 0.002 0.001 0.000 0.001 0.001 0.000 0.001 0.001 0.010 0.083 0.042 0.001 0.000 0.000 0.000 0.001 0.002 0.001 0.001 0.001 0.002 0.647 0.015 0.002 0.209 0.006 0.001 0.001 0.000 0.000 0.001 0.005 0.002 0.000 0.004 0.001 0.001 0.001 
33 shovel_vis 30 0.011 0.002 0.002 0.001 0.001 0.920 0.002 0.979 0.001 0.001 0.000 0.000 0.002 0.002 0.012 0.000 0.001 0.000 0.001 0.001 0.033 0.002 0.000 0.001 0.001 0.000 0.000 0.000 0.009 0.067 0.001 0.001 0.000 0.000 0.002 0.001 0.002 0.002 0.000 0.000 0.004 0.820 0.002 0.051 0.007 0.096 0.001 0.000 0.001 0.001 0.000 0.003 0.001 0.000 0.005 0.001 0.001 0.000 
34 spade_vis 30 0.037 0.004 0.001 0.001 0.003 0.948 0.009 0.635 0.001 0.001 0.000 0.000 0.004 0.001 0.006 0.000 0.001 0.000 0.001 0.001 0.006 0.001 0.000 0.000 0.003 0.000 0.000 0.001 0.001 0.060 0.001 0.000 0.000 0.000 0.004 0.001 0.001 0.002 0.001 0.000 0.001 0.277 0.001 0.001 0.018 0.015 0.001 0.000 0.000 0.002 0.001 0.001 0.000 0.000 0.011 0.003 0.001 0.000 
35 wrench_vis 30 0.024 0.002 0.001 0.001 0.002 0.750 0.002 0.880 0.001 0.001 0.000 0.000 0.002 0.001 0.022 0.000 0.001 0.000 0.001 0.001 0.007 0.001 0.000 0.001 0.001 0.000 0.000 0.001 0.004 0.104 0.001 0.001 0.000 0.000 0.001 0.001 0.002 0.002 0.001 0.000 0.002 0.352 0.002 0.016 0.037 0.021 0.001 0.000 0.001 0.001 0.000 0.002 0.001 0.000 0.005 0.001 0.001 0.001 
36 accordion_vis 30 0.641 0.700 0.002 0.001 0.001 0.322 0.006 0.001 0.469 0.002 0.515 0.001 0.018 0.030 0.002 0.005 0.053 0.007 0.013 0.002 0.001 0.001 0.001 0.001 0.001 0.008 0.001 0.000 0.000 0.001 0.000 0.000 0.000 0.000 0.012 0.003 0.002 0.001 0.001 0.001 0.001 0.002 0.001 0.001 0.001 0.044 0.302 0.004 0.002 0.005 0.001 0.002 0.001 0.021 0.001 0.001 0.001 0.001 
37 cello_vis 30 0.919 0.004 0.001 0.621 0.004 0.090 0.001 0.001 0.088 0.001 0.009 0.000 0.002 0.001 0.000 0.001 0.001 0.001 0.001 0.001 0.002 0.001 0.009 0.795 0.005 0.058 0.000 0.089 0.008 0.007 0.000 0.036 0.002 0.028 0.000 0.001 0.003 0.001 0.001 0.023 0.001 0.000 0.002 0.001 0.001 0.002 0.002 0.015 0.005 0.001 0.151 0.001 0.001 0.000 0.001 0.001 0.001 0.027 
38 flute_vis 30 0.004 0.002 0.001 0.001 0.002 0.994 0.984 0.002 0.005 0.003 0.000 0.005 0.114 0.046 0.000 0.000 0.001 0.001 0.010 0.005 0.020 0.012 0.001 0.001 0.041 0.000 0.001 0.000 0.000 0.229 0.006 0.001 0.115 0.000 0.250 0.045 0.012 0.799 0.001 0.001 0.006 0.009 0.001 0.039 0.001 0.001 0.002 0.001 0.021 0.001 0.001 0.002 0.001 0.001 0.010 0.001 0.002 0.001 
39 guitar_vis 30 0.003 0.038 0.001 0.001 0.001 0.930 0.006 0.001 0.482 0.003 0.061 0.001 0.001 0.004 0.011 0.001 0.003 0.004 0.002 0.001 0.001 0.001 0.001 0.001 0.001 0.001 0.001 0.000 0.000 0.001 0.000 0.001 0.000 0.000 0.024 0.006 0.002 0.002 0.001 0.001 0.001 0.016 0.001 0.001 0.003 0.012 0.332 0.001 0.005 0.025 0.001 0.003 0.002 0.019 0.001 0.001 0.001 0.001 
40 piano_vis 30 0.935 0.149 0.049 0.001 0.211 0.015 0.001 0.001 0.010 0.001 0.001 0.001 0.001 0.001 0.185 0.004 0.001 0.075 0.001 0.001 0.001 0.033 0.001 0.001 0.001 0.001 0.042 0.000 0.146 0.001 0.005 0.001 0.000 0.002 0.000 0.001 0.002 0.001 0.001 0.001 0.000 0.001 0.001 0.001 0.001 0.001 0.001 0.006 0.001 0.001 0.001 0.003 0.001 0.001 0.001 0.001 0.001 0.001 
41 trumpet_vis 30 0.547 0.004 0.001 0.001 0.532 0.067 0.001 0.939 0.005 0.001 0.000 0.000 0.001 0.001 0.068 0.000 0.001 0.001 0.001 0.001 0.001 0.001 0.000 0.001 0.001 0.000 0.001 0.001 0.061 0.244 0.005 0.001 0.000 0.001 0.000 0.001 0.003 0.001 0.001 0.001 0.001 0.110 0.161 0.009 0.042 0.007 0.001 0.001 0.002 0.001 0.001 0.005 0.001 0.000 0.001 0.001 0.001 0.001 
42 fork_vis 30 0.002 0.001 0.051 0.001 0.001 0.863 0.001 0.000 0.002 0.946 0.000 0.000 0.000 0.000 0.000 0.000 0.001 0.109 0.001 0.008 0.071 0.001 0.000 0.001 0.001 0.001 0.000 0.000 0.001 0.000 0.001 0.001 0.001 0.033 0.042 0.000 0.001 0.001 0.001 0.000 0.005 0.020 0.000 0.001 0.000 0.001 0.001 0.001 0.001 0.000 0.000 0.156 0.966 0.029 0.014 0.008 0.007 0.285 
43 spoon_vis 30 0.064 0.001 0.090 0.001 0.001 0.929 0.003 0.000 0.001 0.935 0.000 0.082 0.001 0.001 0.000 0.000 0.001 0.005 0.016 0.850 0.001 0.070 0.234 0.000 0.002 0.000 0.008 0.000 0.000 0.000 0.000 0.000 0.015 0.000 0.757 0.001 0.001 0.001 0.001 0.000 0.000 0.000 0.000 0.000 0.000 0.001 0.005 0.000 0.000 0.000 0.000 0.001 0.115 0.985 0.008 0.001 0.056 0.001 
44 tongs_vis 30 0.017 0.001 0.048 0.001 0.005 0.990 0.004 0.001 0.001 0.973 0.000 0.000 0.001 0.000 0.000 0.000 0.001 0.000 0.001 0.005 0.072 0.080 0.000 0.001 0.107 0.000 0.001 0.000 0.000 0.001 0.019 0.001 0.066 0.000 0.072 0.001 0.001 0.004 0.001 0.000 0.002 0.043 0.000 0.001 0.000 0.001 0.001 0.000 0.000 0.000 0.000 0.001 0.091 0.008 0.941 0.008 0.033 0.001 
45 ladle_vis 30 0.017 0.028 0.002 0.006 0.001 0.993 0.745 0.001 0.002 0.026 0.227 0.007 0.013 0.001 0.001 0.000 0.001 0.001 0.089 0.005 0.001 0.002 0.185 0.001 0.024 0.000 0.001 0.000 0.000 0.001 0.000 0.000 0.001 0.000 0.202 0.088 0.001 0.001 0.127 0.012 0.001 0.000 0.000 0.001 0.001 0.001 0.009 0.000 0.001 0.003 0.000 0.001 0.001 0.075 0.002 0.003 0.002 0.001 
46 knife_vis 30 0.003 0.001 0.020 0.115 0.001 0.995 0.022 0.000 0.001 0.992 0.000 0.000 0.001 0.000 0.000 0.000 0.001 0.000 0.104 0.034 0.046 0.001 0.019 0.150 0.146 0.000 0.000 0.000 0.000 0.000 0.000 0.002 0.005 0.000 0.337 0.053 0.001 0.001 0.005 0.001 0.000 0.000 0.000 0.000 0.000 0.001 0.001 0.000 0.000 0.020 0.000 0.001 0.010 0.281 0.415 0.005 0.984 0.162 
47 chopsticks_vis 30 0.005 0.001 0.012 0.071 0.001 0.994 0.003 0.000 0.001 0.977 0.000 0.000 0.001 0.000 0.000 0.000 0.001 0.000 0.082 0.016 0.027 0.001 0.022 0.086 0.107 0.000 0.000 0.000 0.000 0.000 0.000 0.001 0.006 0.000 0.072 0.008 0.001 0.001 0.001 0.001 0.001 0.000 0.000 0.000 0.000 0.001 0.001 0.000 0.000 0.002 0.000 0.001 0.004 0.067 0.072 0.001 0.950 0.022 
0 beaver_vis 30 0.996 0.994 0.754 0.986 0.314 0.001 0.215 0.000 0.000 0.001 0.976 0.782 0.992 0.037 0.871 0.001 0.361 0.001 0.989 0.005 0.001 0.653 0.894 0.009 0.985 0.002 0.118 0.012 0.020 0.968 0.001 0.026 0.006 0.001 0.000 0.189 0.005 0.589 0.953 0.985 0.000 0.000 0.000 0.001 0.120 0.316 0.004 0.000 0.000 0.000 0.001 0.000 0.000 0.001 0.149 0.002 0.003 0.000 
1 bear_vis 30 0.996 0.454 0.300 0.002 0.158 0.001 0.002 0.000 0.000 0.003 0.000 0.586 0.001 0.002 0.001 0.004 0.001 0.008 0.005 0.452 0.002 0.012 0.107 0.001 0.002 0.000 0.001 0.000 0.001 0.001 0.001 0.128 0.038 0.003 0.002 0.000 0.001 0.002 0.002 0.001 0.000 0.000 0.000 0.001 0.000 0.000 0.001 0.000 0.000 0.000 0.000 0.000 0.001 0.005 0.002 0.000 0.002 0.000 
2 sheep_vis 30 0.996 0.987 0.994 0.991 0.457 0.001 0.000 0.001 0.000 0.005 0.089 0.066 0.979 0.002 0.098 0.001 0.840 0.003 0.986 0.015 0.009 0.907 0.810 0.010 0.976 0.007 0.779 0.085 0.299 0.044 0.001 0.270 0.012 0.001 0.000 0.001 0.001 0.027 0.119 0.945 0.001 0.000 0.000 0.001 0.001 0.039 0.001 0.000 0.000 0.000 0.000 0.000 0.000 0.003 0.530 0.093 0.407 0.001 
3 buffalo_vis 30 0.907 0.891 0.199 0.001 0.002 0.041 0.002 0.212 0.019 0.001 0.000 0.008 0.082 0.988 0.104 0.048 0.078 0.230 0.009 0.024 0.009 0.330 0.001 0.001 0.001 0.001 0.006 0.000 0.007 0.003 0.001 0.001 0.003 0.001 0.006 0.001 0.002 0.004 0.001 0.001 0.008 0.108 0.001 0.516 0.000 0.053 0.122 0.007 0.004 0.000 0.000 0.000 0.001 0.001 0.001 0.001 0.001 0.000 
4 poodle_vis 30 0.930 0.931 0.108 0.001 0.002 0.154 0.028 0.053 0.007 0.001 0.001 0.062 0.144 0.991 0.033 0.045 0.027 0.087 0.016 0.077 0.005 0.258 0.003 0.001 0.001 0.001 0.006 0.000 0.004 0.004 0.001 0.001 0.002 0.001 0.022 0.002 0.006 0.006 0.001 0.001 0.003 0.020 0.001 0.664 0.001 0.013 0.097 0.008 0.005 0.000 0.000 0.000 0.000 0.002 0.001 0.001 0.001 0.000 
5 giraffe_vis 30 0.928 0.948 0.034 0.001 0.003 0.003 0.002 0.000 0.237 0.001 0.002 0.024 0.005 0.967 0.011 0.623 0.008 0.374 0.003 0.017 0.002 0.013 0.002 0.001 0.001 0.001 0.001 0.000 0.002 0.002 0.001 0.001 0.002 0.004 0.001 0.000 0.002 0.002 0.001 0.001 0.000 0.010 0.000 0.031 0.000 0.003 0.142 0.037 0.001 0.000 0.000 0.000 0.001 0.001 0.001 0.000 0.001 0.000 
6 robin_vis 30 0.996 0.102 0.995 0.003 0.007 0.024 0.001 0.000 0.000 0.105 0.000 0.010 0.012 0.246 0.010 0.000 0.037 0.025 0.126 0.302 0.333 0.981 0.003 0.001 0.020 0.001 0.014 0.000 0.004 0.001 0.002 0.003 0.010 0.000 0.009 0.001 0.001 0.033 0.000 0.001 0.002 0.067 0.000 0.061 0.000 0.001 0.001 0.000 0.000 0.000 0.000 0.000 0.004 0.032 0.122 0.011 0.010 0.000 
7 swan_vis 30 0.995 0.194 0.981 0.002 0.008 0.539 0.001 0.001 0.000 0.046 0.000 0.014 0.082 0.860 0.002 0.000 0.039 0.013 0.143 0.216 0.190 0.976 0.002 0.001 0.018 0.000 0.043 0.000 0.005 0.001 0.003 0.008 0.014 0.000 0.001 0.001 0.004 0.237 0.000 0.001 0.018 0.002 0.000 0.625 0.000 0.001 0.001 0.000 0.000 0.000 0.000 0.000 0.001 0.014 0.033 0.007 0.011 0.000 
8 woodpecker_vis 30 0.996 0.051 0.993 0.005 0.001 0.018 0.001 0.000 0.000 0.017 0.000 0.008 0.002 0.004 0.000 0.000 0.012 0.005 0.792 0.426 0.093 0.025 0.022 0.001 0.008 0.000 0.001 0.000 0.001 0.001 0.001 0.005 0.007 0.000 0.014 0.001 0.001 0.003 0.001 0.001 0.000 0.000 0.000 0.001 0.000 0.001 0.001 0.000 0.000 0.000 0.000 0.000 0.001 0.023 0.006 0.001 0.020 0.000 
9 peacock_vis 30 0.996 0.115 0.994 0.003 0.007 0.001 0.001 0.000 0.000 0.019 0.000 0.067 0.002 0.079 0.001 0.000 0.007 0.025 0.191 0.798 0.160 0.455 0.008 0.001 0.017 0.000 0.003 0.000 0.001 0.001 0.001 0.006 0.026 0.001 0.027 0.001 0.001 0.004 0.001 0.001 0.000 0.001 0.000 0.003 0.000 0.001 0.001 0.000 0.000 0.000 0.000 0.000 0.002 0.025 0.025 0.001 0.015 0.000 
10 crow_vis 30 0.995 0.036 0.993 0.001 0.004 0.003 0.001 0.000 0.000 0.006 0.000 0.058 0.001 0.032 0.000 0.000 0.003 0.035 0.080 0.913 0.216 0.078 0.004 0.001 0.003 0.000 0.001 0.000 0.001 0.001 0.001 0.015 0.013 0.001 0.115 0.001 0.002 0.003 0.000 0.001 0.001 0.000 0.000 0.006 0.000 0.001 0.000 0.000 0.000 0.000 0.000 0.000 0.004 0.012 0.005 0.001 0.006 0.000 
11 eagle_vis 30 0.996 0.942 0.995 0.107 0.572 0.001 0.001 0.001 0.000 0.661 0.000 0.614 0.936 0.959 0.055 0.000 0.926 0.094 0.989 0.973 0.872 0.994 0.105 0.001 0.956 0.001 0.921 0.000 0.503 0.007 0.060 0.582 0.633 0.001 0.001 0.009 0.331 0.983 0.000 0.008 0.047 0.002 0.000 0.978 0.000 0.025 0.002 0.000 0.000 0.000 0.000 0.000 0.001 0.482 0.936 0.426 0.780 0.000 
12 tuna_vis 30 0.995 0.002 0.003 0.976 0.013 0.009 0.001 0.000 0.000 0.002 0.005 0.002 0.001 0.000 0.000 0.000 0.001 0.001 0.022 0.002 0.002 0.001 0.515 0.946 0.421 0.002 0.001 0.003 0.001 0.002 0.001 0.018 0.310 0.002 0.000 0.000 0.001 0.001 0.049 0.044 0.000 0.000 0.000 0.000 0.000 0.000 0.000 0.000 0.000 0.000 0.001 0.000 0.000 0.000 0.001 0.000 0.085 0.001 
13 goldfish_vis 30 0.993 0.002 0.003 0.931 0.022 0.004 0.000 0.000 0.000 0.001 0.040 0.001 0.001 0.000 0.000 0.001 0.001 0.001 0.004 0.001 0.002 0.001 0.086 0.947 0.048 0.010 0.001 0.018 0.002 0.004 0.001 0.006 0.026 0.019 0.000 0.000 0.001 0.001 0.035 0.010 0.000 0.000 0.000 0.000 0.000 0.001 0.000 0.000 0.000 0.000 0.004 0.000 0.000 0.000 0.001 0.000 0.005 0.003 
14 salmon_vis 30 0.996 0.025 0.993 0.002 0.006 0.001 0.001 0.000 0.000 0.006 0.000 0.004 0.002 0.048 0.001 0.000 0.003 0.003 0.077 0.083 0.215 0.860 0.001 0.001 0.008 0.000 0.003 0.000 0.002 0.001 0.001 0.002 0.010 0.000 0.001 0.000 0.001 0.003 0.000 0.001 0.001 0.003 0.000 0.002 0.000 0.001 0.000 0.000 0.000 0.000 0.000 0.000 0.001 0.001 0.011 0.001 0.004 0.000 
15 sardine_vis 30 0.995 0.002 0.006 0.976 0.005 0.001 0.000 0.000 0.000 0.001 0.014 0.001 0.001 0.000 0.001 0.001 0.004 0.003 0.003 0.001 0.001 0.001 0.018 0.142 0.007 0.486 0.025 0.120 0.003 0.001 0.002 0.002 0.002 0.025 0.000 0.000 0.001 0.001 0.001 0.004 0.000 0.000 0.000 0.000 0.000 0.001 0.000 0.000 0.000 0.000 0.004 0.000 0.000 0.000 0.001 0.001 0.001 0.006 
16 catfish_vis 30 0.996 0.034 0.007 0.970 0.005 0.001 0.000 0.000 0.000 0.001 0.086 0.011 0.002 0.000 0.001 0.001 0.002 0.001 0.031 0.003 0.001 0.001 0.828 0.015 0.047 0.035 0.034 0.002 0.001 0.001 0.001 0.001 0.011 0.001 0.000 0.000 0.001 0.001 0.002 0.003 0.000 0.000 0.000 0.000 0.000 0.001 0.000 0.000 0.000 0.000 0.000 0.000 0.000 0.001 0.001 0.001 0.001 0.001 
17 cod_vis 30 0.995 0.017 0.010 0.875 0.029 0.001 0.000 0.001 0.000 0.001 0.027 0.001 0.037 0.000 0.062 0.001 0.007 0.001 0.002 0.001 0.003 0.001 0.001 0.033 0.019 0.019 0.204 0.617 0.026 0.006 0.061 0.006 0.002 0.004 0.000 0.000 0.001 0.001 0.001 0.002 0.001 0.000 0.000 0.000 0.006 0.001 0.000 0.000 0.000 0.000 0.002 0.000 0.000 0.000 0.001 0.001 0.001 0.003 
18 turtle_vis 30 0.995 0.001 0.025 0.003 0.991 0.001 0.000 0.097 0.000 0.001 0.000 0.001 0.001 0.001 0.001 0.001 0.002 0.007 0.001 0.001 0.059 0.002 0.001 0.001 0.001 0.001 0.004 0.105 0.978 0.038 0.077 0.068 0.002 0.039 0.000 0.000 0.001 0.001 0.000 0.001 0.007 0.000 0.045 0.002 0.000 0.001 0.000 0.001 0.000 0.000 0.000 0.000 0.001 0.000 0.001 0.000 0.001 0.001 
19 rattlesnake_vis 30 0.995 0.075 0.982 0.941 0.994 0.001 0.001 0.229 0.000 0.001 0.000 0.002 0.044 0.001 0.025 0.001 0.256 0.021 0.005 0.001 0.575 0.287 0.001 0.017 0.719 0.008 0.609 0.958 0.988 0.841 0.679 0.972 0.052 0.056 0.000 0.001 0.004 0.003 0.001 0.113 0.004 0.000 0.456 0.070 0.000 0.009 0.000 0.000 0.000 0.000 0.000 0.000 0.000 0.000 0.013 0.002 0.002 0.001 
20 crab_vis 30 0.992 0.001 0.004 0.040 0.990 0.001 0.000 0.000 0.000 0.003 0.000 0.001 0.001 0.000 0.003 0.007 0.001 0.022 0.001 0.001 0.005 0.001 0.001 0.013 0.003 0.004 0.003 0.010 0.022 0.007 0.539 0.003 0.052 0.769 0.000 0.000 0.001 0.001 0.002 0.001 0.001 0.000 0.000 0.000 0.001 0.000 0.000 0.001 0.000 0.000 0.000 0.001 0.039 0.000 0.001 0.000 0.001 0.001 
21 frog_vis 30 0.996 0.061 0.970 0.887 0.994 0.001 0.000 0.732 0.000 0.002 0.000 0.001 0.014 0.000 0.041 0.001 0.449 0.049 0.002 0.001 0.720 0.329 0.001 0.037 0.506 0.011 0.261 0.937 0.990 0.788 0.679 0.969 0.018 0.201 0.000 0.000 0.091 0.002 0.001 0.090 0.064 0.000 0.792 0.400 0.002 0.193 0.000 0.001 0.000 0.000 0.001 0.001 0.001 0.000 0.254 0.032 0.004 0.022 
22 gecko_vis 30 0.994 0.001 0.005 0.042 0.992 0.001 0.000 0.000 0.000 0.004 0.000 0.001 0.001 0.000 0.005 0.001 0.001 0.004 0.001 0.001 0.005 0.002 0.001 0.004 0.007 0.001 0.004 0.013 0.021 0.013 0.744 0.004 0.126 0.338 0.000 0.000 0.001 0.001 0.001 0.001 0.001 0.000 0.000 0.001 0.001 0.001 0.000 0.000 0.000 0.000 0.000 0.000 0.011 0.000 0.003 0.000 0.001 0.000 
23 crocodile_vis 30 0.995 0.002 0.005 0.060 0.978 0.001 0.001 0.000 0.000 0.004 0.000 0.234 0.001 0.000 0.000 0.001 0.001 0.002 0.001 0.094 0.004 0.001 0.155 0.028 0.018 0.001 0.001 0.001 0.003 0.005 0.031 0.033 0.933 0.169 0.000 0.000 0.001 0.001 0.112 0.001 0.000 0.000 0.000 0.000 0.000 0.001 0.000 0.000 0.000 0.000 0.000 0.000 0.003 0.000 0.003 0.000 0.003 0.001 
24 axe_vis 30 0.002 0.001 0.001 0.001 0.002 0.995 0.986 0.073 0.001 0.015 0.000 0.002 0.071 0.020 0.001 0.000 0.001 0.000 0.003 0.004 0.008 0.041 0.001 0.001 0.032 0.000 0.001 0.000 0.000 0.084 0.013 0.001 0.026 0.000 0.203 0.013 0.006 0.967 0.002 0.001 0.031 0.177 0.001 0.045 0.001 0.001 0.001 0.000 0.001 0.001 0.000 0.001 0.001 0.001 0.134 0.001 0.003 0.000 
25 hammer_vis 30 0.003 0.001 0.010 0.002 0.002 0.994 0.069 0.000 0.001 0.884 0.000 0.002 0.001 0.001 0.000 0.000 0.001 0.001 0.003 0.068 0.061 0.003 0.002 0.002 0.005 0.000 0.001 0.000 0.000 0.002 0.001 0.017 0.131 0.001 0.053 0.004 0.007 0.022 0.001 0.001 0.009 0.001 0.000 0.003 0.001 0.001 0.001 0.001 0.007 0.001 0.000 0.001 0.177 0.011 0.028 0.001 0.331 0.048 
26 screwdriver_vis 30 0.002 0.001 0.001 0.001 0.002 0.995 0.995 0.000 0.668 0.454 0.000 0.026 0.002 0.031 0.000 0.000 0.001 0.000 0.004 0.366 0.025 0.001 0.002 0.001 0.003 0.000 0.000 0.000 0.000 0.012 0.000 0.006 0.138 0.001 0.992 0.754 0.930 0.808 0.009 0.002 0.005 0.033 0.001 0.339 0.001 0.001 0.103 0.016 0.915 0.007 0.000 0.410 0.099 0.076 0.181 0.001 0.174 0.001 
27 chisel_vis 30 0.002 0.001 0.001 0.001 0.002 0.994 0.989 0.078 0.001 0.011 0.000 0.002 0.108 0.025 0.000 0.000 0.001 0.000 0.003 0.003 0.006 0.049 0.001 0.001 0.032 0.000 0.002 0.000 0.000 0.071 0.022 0.001 0.035 0.000 0.101 0.020 0.012 0.987 0.001 0.001 0.074 0.071 0.002 0.046 0.001 0.001 0.001 0.000 0.002 0.000 0.000 0.001 0.001 0.001 0.075 0.001 0.003 0.000 
28 saw_vis 30 0.637 0.001 0.747 0.001 0.058 0.450 0.023 0.000 0.001 0.504 0.000 0.004 0.001 0.001 0.000 0.000 0.001 0.001 0.041 0.309 0.859 0.019 0.002 0.003 0.055 0.000 0.000 0.000 0.001 0.004 0.007 0.003 0.811 0.001 0.119 0.004 0.004 0.006 0.003 0.002 0.001 0.002 0.000 0.001 0.000 0.001 0.001 0.000 0.001 0.001 0.000 0.001 0.060 0.004 0.262 0.001 0.117 0.001 
29 drill_vis 30 0.005 0.001 0.022 0.004 0.001 0.995 0.037 0.000 0.001 0.976 0.000 0.002 0.001 0.000 0.000 0.000 0.001 0.000 0.014 0.220 0.065 0.001 0.008 0.013 0.025 0.000 0.000 0.000 0.000 0.001 0.000 0.003 0.151 0.000 0.645 0.006 0.004 0.004 0.005 0.003 0.000 0.001 0.000 0.001 0.000 0.001 0.001 0.000 0.000 0.001 0.001 0.002 0.227 0.118 0.270 0.001 0.798 0.003 
30 clamp_vis 30 0.003 0.001 0.002 0.001 0.002 0.994 0.895 0.241 0.001 0.006 0.000 0.001 0.070 0.041 0.000 0.000 0.001 0.000 0.002 0.001 0.028 0.022 0.000 0.001 0.009 0.000 0.001 0.000 0.001 0.091 0.001 0.001 0.002 0.000 0.035 0.012 0.011 0.849 0.001 0.001 0.029 0.027 0.005 0.771 0.001 0.001 0.001 0.000 0.004 0.000 0.000 0.001 0.001 0.001 0.030 0.001 0.002 0.000 
31 hoe_vis 30 0.003 0.002 0.001 0.001 0.003 0.995 0.984 0.013 0.001 0.009 0.000 0.006 0.168 0.307 0.001 0.000 0.001 0.000 0.021 0.005 0.126 0.066 0.001 0.001 0.033 0.000 0.001 0.000 0.000 0.713 0.133 0.001 0.578 0.000 0.067 0.024 0.009 0.989 0.001 0.001 0.093 0.105 0.001 0.020 0.001 0.001 0.002 0.000 0.003 0.001 0.000 0.001 0.001 0.001 0.035 0.001 0.002 0.000 
32 rake_vis 30 0.008 0.002 0.003 0.001 0.002 0.994 0.710 0.423 0.001 0.003 0.000 0.001 0.071 0.085 0.000 0.000 0.001 0.000 0.002 0.001 0.087 0.011 0.000 0.001 0.005 0.000 0.000 0.000 0.001 0.160 0.001 0.004 0.001 0.000 0.026 0.014 0.016 0.480 0.001 0.001 0.009 0.015 0.006 0.983 0.001 0.002 0.001 0.000 0.009 0.001 0.000 0.001 0.000 0.001 0.013 0.001 0.002 0.001 
33 shovel_vis 30 0.003 0.001 0.002 0.001 0.002 0.994 0.945 0.264 0.001 0.002 0.000 0.001 0.093 0.055 0.000 0.000 0.001 0.000 0.002 0.001 0.026 0.020 0.000 0.001 0.010 0.000 0.000 0.000 0.001 0.124 0.001 0.001 0.002 0.000 0.055 0.020 0.019 0.899 0.001 0.001 0.021 0.037 0.006 0.798 0.001 0.002 0.001 0.000 0.006 0.000 0.000 0.001 0.001 0.000 0.026 0.001 0.001 0.000 
34 spade_vis 30 0.002 0.001 0.002 0.001 0.002 0.994 0.972 0.019 0.001 0.048 0.000 0.002 0.006 0.003 0.006 0.000 0.001 0.000 0.003 0.002 0.008 0.034 0.000 0.001 0.081 0.000 0.000 0.000 0.000 0.129 0.010 0.001 0.026 0.000 0.930 0.002 0.003 0.576 0.003 0.001 0.002 0.947 0.001 0.003 0.004 0.001 0.001 0.000 0.000 0.001 0.000 0.001 0.002 0.002 0.809 0.002 0.001 0.000 
35 wrench_vis 30 0.005 0.002 0.002 0.001 0.002 0.994 0.827 0.387 0.001 0.002 0.000 0.001 0.080 0.083 0.000 0.000 0.001 0.000 0.002 0.001 0.063 0.012 0.000 0.001 0.005 0.000 0.000 0.000 0.001 0.161 0.000 0.003 0.001 0.000 0.039 0.019 0.022 0.643 0.001 0.001 0.009 0.022 0.007 0.975 0.001 0.002 0.001 0.000 0.009 0.001 0.000 0.001 0.000 0.000 0.014 0.001 0.001 0.000 
36 accordion_vis 30 0.020 0.161 0.002 0.001 0.001 0.994 0.951 0.001 0.009 0.008 0.000 0.250 0.450 0.801 0.004 0.000 0.001 0.001 0.077 0.091 0.007 0.469 0.003 0.001 0.003 0.000 0.030 0.000 0.000 0.030 0.047 0.001 0.341 0.001 0.180 0.048 0.040 0.893 0.001 0.001 0.003 0.013 0.001 0.016 0.001 0.001 0.023 0.001 0.038 0.001 0.000 0.004 0.002 0.004 0.005 0.001 0.005 0.001 
37 cello_vis 30 0.930 0.047 0.006 0.001 0.841 0.080 0.123 0.007 0.001 0.006 0.000 0.017 0.059 0.004 0.002 0.000 0.001 0.001 0.002 0.003 0.023 0.008 0.001 0.001 0.082 0.000 0.002 0.001 0.005 0.850 0.115 0.004 0.280 0.001 0.003 0.002 0.006 0.132 0.001 0.002 0.006 0.001 0.003 0.025 0.001 0.001 0.001 0.001 0.006 0.001 0.000 0.001 0.002 0.001 0.004 0.001 0.003 0.001 
38 flute_vis 30 0.070 0.010 0.003 0.001 0.021 0.989 0.981 0.013 0.002 0.007 0.000 0.020 0.391 0.243 0.001 0.000 0.001 0.000 0.087 0.008 0.114 0.146 0.001 0.001 0.231 0.000 0.002 0.001 0.001 0.632 0.103 0.002 0.474 0.001 0.078 0.046 0.027 0.977 0.001 0.002 0.036 0.033 0.001 0.071 0.001 0.001 0.002 0.001 0.013 0.001 0.000 0.003 0.001 0.001 0.039 0.001 0.005 0.001 
39 guitar_vis 30 0.005 0.003 0.002 0.001 0.005 0.994 0.987 0.003 0.007 0.010 0.000 0.011 0.164 0.251 0.001 0.000 0.001 0.000 0.020 0.015 0.093 0.038 0.001 0.001 0.035 0.000 0.001 0.000 0.000 0.664 0.106 0.001 0.622 0.001 0.113 0.047 0.039 0.963 0.001 0.001 0.043 0.029 0.001 0.030 0.001 0.001 0.004 0.001 0.030 0.001 0.000 0.004 0.002 0.003 0.013 0.001 0.006 0.001 
40 piano_vis 30 0.961 0.001 0.958 0.001 0.004 0.515 0.006 0.001 0.001 0.008 0.000 0.001 0.002 0.024 0.000 0.000 0.005 0.005 0.007 0.014 0.793 0.252 0.001 0.001 0.002 0.000 0.003 0.000 0.034 0.002 0.001 0.034 0.007 0.001 0.004 0.002 0.007 0.007 0.001 0.001 0.053 0.000 0.000 0.292 0.001 0.001 0.001 0.000 0.003 0.001 0.000 0.001 0.002 0.001 0.005 0.001 0.009 0.001 
41 trumpet_vis 30 0.018 0.002 0.012 0.001 0.003 0.993 0.576 0.260 0.001 0.008 0.000 0.001 0.051 0.092 0.000 0.000 0.001 0.001 0.003 0.002 0.171 0.012 0.001 0.001 0.005 0.000 0.000 0.000 0.002 0.195 0.001 0.007 0.002 0.000 0.023 0.012 0.018 0.385 0.001 0.001 0.011 0.013 0.003 0.980 0.001 0.002 0.001 0.000 0.008 0.001 0.000 0.001 0.001 0.001 0.021 0.001 0.005 0.001 
42 fork_vis 30 0.004 0.001 0.037 0.001 0.003 0.993 0.022 0.000 0.000 0.987 0.000 0.003 0.001 0.000 0.000 0.000 0.001 0.001 0.002 0.541 0.083 0.002 0.003 0.001 0.006 0.000 0.000 0.000 0.000 0.001 0.001 0.003 0.377 0.001 0.963 0.001 0.002 0.002 0.004 0.000 0.001 0.002 0.000 0.001 0.000 0.001 0.001 0.000 0.000 0.000 0.000 0.004 0.712 0.250 0.491 0.001 0.674 0.001 
43 spoon_vis 30 0.447 0.001 0.711 0.016 0.104 0.799 0.156 0.000 0.001 0.945 0.000 0.099 0.001 0.001 0.000 0.000 0.001 0.013 0.271 0.948 0.804 0.046 0.138 0.062 0.109 0.001 0.002 0.000 0.001 0.001 0.009 0.293 0.954 0.049 0.176 0.002 0.003 0.046 0.001 0.001 0.010 0.001 0.000 0.002 0.000 0.001 0.002 0.000 0.005 0.000 0.000 0.001 0.251 0.058 0.122 0.001 0.902 0.003 
44 tongs_vis 30 0.012 0.001 0.040 0.001 0.006 0.991 0.005 0.001 0.000 0.986 0.000 0.001 0.001 0.000 0.000 0.000 0.001 0.000 0.002 0.007 0.062 0.106 0.001 0.001 0.134 0.000 0.002 0.000 0.000 0.001 0.042 0.001 0.121 0.000 0.065 0.001 0.002 0.010 0.001 0.001 0.004 0.042 0.000 0.001 0.000 0.001 0.001 0.000 0.000 0.000 0.000 0.001 0.115 0.012 0.959 0.011 0.048 0.001 
45 ladle_vis 30 0.015 0.001 0.200 0.001 0.001 0.994 0.202 0.000 0.001 0.991 0.000 0.053 0.001 0.001 0.000 0.000 0.001 0.011 0.006 0.926 0.022 0.074 0.027 0.001 0.003 0.000 0.001 0.000 0.000 0.001 0.001 0.003 0.297 0.001 0.927 0.001 0.002 0.003 0.006 0.000 0.001 0.004 0.000 0.001 0.001 0.001 0.008 0.001 0.001 0.001 0.000 0.036 0.751 0.952 0.429 0.004 0.621 0.002 
46 knife_vis 30 0.005 0.001 0.165 0.001 0.001 0.994 0.631 0.000 0.001 0.995 0.000 0.109 0.001 0.007 0.000 0.000 0.001 0.048 0.005 0.978 0.002 0.552 0.073 0.001 0.002 0.000 0.033 0.000 0.000 0.001 0.001 0.006 0.075 0.001 0.963 0.002 0.135 0.053 0.001 0.001 0.007 0.001 0.000 0.004 0.000 0.001 0.572 0.545 0.004 0.000 0.000 0.001 0.850 0.992 0.163 0.016 0.817 0.002 
47 chopsticks_vis 30 0.003 0.001 0.030 0.001 0.002 0.994 0.040 0.000 0.000 0.991 0.000 0.002 0.001 0.000 0.000 0.000 0.001 0.001 0.002 0.462 0.069 0.002 0.004 0.001 0.006 0.000 0.000 0.000 0.000 0.001 0.001 0.005 0.246 0.001 0.951 0.001 0.002 0.002 0.003 0.000 0.001 0.001 0.000 0.001 0.000 0.001 0.001 0.000 0.000 0.000 0.000 0.005 0.679 0.333 0.520 0.001 0.817 0.002 
