0 beaver_vis 30 0.995 0.993 0.008 0.001 0.001 0.003 0.000 0.001 0.001 0.006 0.680 0.001 0.010 0.032 0.279 0.010 0.015 0.002 0.000 0.000 0.037 0.003 0.001 0.001 0.000 0.000 0.001 0.013 0.000 0.021 0.012 0.000 0.001 0.000 0.000 0.000 0.000 0.000 0.000 0.005 0.000 0.000 0.000 0.002 0.000 0.001 0.000 0.000 0.000 0.001 0.001 0.000 0.002 0.001 0.001 0.001 0.011 0.000 
1 bear_vis 30 0.995 0.991 0.086 0.032 0.000 0.003 0.000 0.001 0.001 0.006 0.017 0.068 0.001 0.207 0.003 0.630 0.000 0.014 0.008 0.000 0.001 0.011 0.004 0.004 0.001 0.000 0.000 0.004 0.000 0.001 0.001 0.000 0.000 0.000 0.000 0.000 0.000 0.000 0.000 0.001 0.000 0.000 0.000 0.000 0.000 0.001 0.001 0.000 0.001 0.002 0.000 0.000 0.000 0.013 0.007 0.001 0.003 0.000 
2 sheep_vis 30 0.995 0.988 0.009 0.048 0.000 0.005 0.000 0.001 0.001 0.012 0.006 0.045 0.001 0.938 0.098 0.070 0.000 0.003 0.001 0.001 0.001 0.011 0.001 0.050 0.003 0.000 0.000 0.072 0.000 0.011 0.001 0.000 0.001 0.000 0.000 0.000 0.000 0.000 0.000 0.041 0.000 0.000 0.000 0.003 0.000 0.001 0.001 0.000 0.002 0.001 0.001 0.000 0.000 0.013 0.008 0.001 0.022 0.000 
3 buffalo_vis 30 0.995 0.989 0.012 0.100 0.000 0.010 0.000 0.001 0.001 0.016 0.003 0.065 0.001 0.965 0.092 0.112 0.000 0.005 0.001 0.001 0.001 0.012 0.002 0.097 0.006 0.000 0.000 0.100 0.000 0.014 0.001 0.000 0.000 0.000 0.000 0.000 0.001 0.000 0.001 0.040 0.000 0.000 0.000 0.004 0.000 0.001 0.001 0.000 0.003 0.001 0.001 0.000 0.000 0.019 0.010 0.001 0.030 0.000 
4 poodle_vis 30 0.995 0.992 0.005 0.001 0.001 0.003 0.000 0.001 0.001 0.006 0.146 0.001 0.002 0.144 0.942 0.001 0.002 0.002 0.000 0.000 0.159 0.001 0.001 0.001 0.000 0.000 0.005 0.059 0.000 0.015 0.016 0.000 0.000 0.000 0.000 0.000 0.001 0.000 0.000 0.025 0.000 0.000 0.000 0.006 0.000 0.001 0.000 0.000 0.000 0.001 0.001 0.000 0.001 0.001 0.001 0.000 0.043 0.000 
5 giraffe_vis 30 0.995 0.991 0.024 0.091 0.000 0.004 0.000 0.001 0.001 0.009 0.008 0.038 0.001 0.732 0.017 0.294 0.000 0.008 0.001 0.000 0.001 0.006 0.002 0.022 0.002 0.000 0.000 0.029 0.000 0.004 0.001 0.000 0.000 0.000 0.000 0.000 0.000 0.000 0.000 0.006 0.000 0.000 0.000 0.002 0.000 0.001 0.001 0.000 0.001 0.002 0.000 0.000 0.000 0.012 0.007 0.001 0.008 0.000 
6 robin_vis 30 0.995 0.003 0.990 0.001 0.034 0.002 0.001 0.001 0.001 0.001 0.005 0.000 0.002 0.000 0.000 0.002 0.950 0.007 0.016 0.024 0.093 0.012 0.000 0.000 0.000 0.000 0.000 0.000 0.000 0.063 0.000 0.052 0.001 0.001 0.006 0.000 0.001 0.000 0.001 0.005 0.001 0.000 0.000 0.002 0.000 0.000 0.001 0.001 0.000 0.000 0.041 0.000 0.004 0.001 0.000 0.000 0.000 0.001 
7 swan_vis 30 0.995 0.192 0.994 0.003 0.001 0.002 0.009 0.001 0.001 0.020 0.001 0.190 0.001 0.765 0.002 0.001 0.001 0.983 0.000 0.074 0.568 0.169 0.002 0.001 0.021 0.000 0.000 0.000 0.034 0.000 0.002 0.000 0.000 0.000 0.000 0.000 0.279 0.000 0.716 0.001 0.000 0.000 0.000 0.000 0.000 0.001 0.010 0.000 0.001 0.000 0.001 0.000 0.014 0.148 0.018 0.000 0.004 0.000 
8 woodpecker_vis 30 0.995 0.966 0.316 0.004 0.000 0.002 0.000 0.001 0.001 0.003 0.001 0.889 0.343 0.001 0.000 0.132 0.002 0.022 0.379 0.001 0.001 0.246 0.120 0.000 0.001 0.001 0.000 0.000 0.000 0.000 0.000 0.000 0.001 0.006 0.000 0.000 0.000 0.000 0.000 0.001 0.000 0.007 0.000 0.000 0.000 0.000 0.001 0.000 0.000 0.001 0.001 0.000 0.002 0.029 0.092 0.004 0.000 0.000 
9 peacock_vis 30 0.995 0.003 0.987 0.003 0.000 0.002 0.002 0.001 0.001 0.001 0.000 0.011 0.001 0.018 0.000 0.001 0.002 0.014 0.035 0.889 0.002 0.005 0.001 0.001 0.114 0.000 0.000 0.000 0.001 0.000 0.000 0.001 0.000 0.000 0.000 0.000 0.004 0.000 0.003 0.066 0.000 0.000 0.000 0.000 0.001 0.000 0.035 0.000 0.001 0.000 0.001 0.000 0.000 0.001 0.001 0.000 0.000 0.000 
10 crow_vis 30 0.995 0.009 0.994 0.042 0.001 0.002 0.097 0.001 0.001 0.001 0.000 0.024 0.000 0.814 0.000 0.001 0.002 0.980 0.001 0.866 0.523 0.003 0.001 0.007 0.308 0.000 0.000 0.000 0.117 0.000 0.000 0.000 0.000 0.000 0.001 0.000 0.584 0.000 0.897 0.001 0.000 0.000 0.000 0.000 0.000 0.000 0.123 0.001 0.001 0.000 0.001 0.000 0.001 0.006 0.002 0.000 0.001 0.000 
11 eagle_vis 30 0.995 0.072 0.981 0.001 0.004 0.002 0.001 0.001 0.001 0.009 0.001 0.029 0.027 0.001 0.000 0.004 0.016 0.055 0.077 0.001 0.005 0.936 0.004 0.000 0.000 0.000 0.000 0.000 0.001 0.001 0.000 0.000 0.000 0.023 0.001 0.000 0.001 0.000 0.001 0.001 0.000 0.001 0.000 0.000 0.000 0.000 0.000 0.000 0.000 0.000 0.001 0.000 0.063 0.068 0.063 0.001 0.000 0.001 
12 tuna_vis 30 0.996 0.402 0.038 0.050 0.004 0.002 0.000 0.001 0.001 0.002 0.009 0.003 0.009 0.003 0.003 0.102 0.042 0.003 0.035 0.008 0.001 0.001 0.010 0.002 0.008 0.004 0.005 0.004 0.000 0.022 0.006 0.006 0.016 0.001 0.000 0.000 0.000 0.000 0.000 0.006 0.002 0.001 0.000 0.011 0.000 0.001 0.001 0.000 0.001 0.001 0.001 0.000 0.000 0.001 0.001 0.001 0.001 0.000 
13 goldfish_vis 30 0.996 0.017 0.001 0.989 0.006 0.002 0.000 0.001 0.001 0.002 0.001 0.010 0.001 0.004 0.004 0.001 0.000 0.002 0.000 0.013 0.000 0.000 0.060 0.043 0.812 0.003 0.028 0.043 0.001 0.000 0.014 0.002 0.001 0.001 0.000 0.001 0.000 0.001 0.000 0.014 0.000 0.001 0.000 0.000 0.013 0.001 0.006 0.000 0.011 0.002 0.000 0.000 0.000 0.001 0.002 0.001 0.001 0.000 
14 salmon_vis 30 0.996 0.609 0.002 0.078 0.018 0.002 0.000 0.001 0.001 0.001 0.006 0.001 0.001 0.016 0.470 0.001 0.000 0.002 0.000 0.000 0.003 0.000 0.001 0.002 0.002 0.000 0.091 0.386 0.001 0.062 0.053 0.000 0.001 0.000 0.000 0.000 0.001 0.001 0.000 0.015 0.000 0.000 0.000 0.062 0.000 0.001 0.000 0.000 0.001 0.001 0.001 0.000 0.000 0.000 0.001 0.000 0.009 0.000 
15 sardine_vis 30 0.996 0.006 0.001 0.988 0.010 0.002 0.000 0.001 0.001 0.001 0.001 0.005 0.001 0.001 0.002 0.005 0.000 0.002 0.002 0.002 0.000 0.000 0.109 0.019 0.562 0.137 0.010 0.012 0.002 0.001 0.009 0.016 0.005 0.001 0.000 0.001 0.000 0.001 0.000 0.002 0.000 0.001 0.001 0.000 0.029 0.001 0.013 0.001 0.002 0.001 0.001 0.000 0.000 0.000 0.001 0.001 0.001 0.000 
16 catfish_vis 30 0.996 0.041 0.001 0.971 0.258 0.002 0.000 0.001 0.001 0.002 0.001 0.001 0.004 0.001 0.092 0.001 0.000 0.002 0.000 0.001 0.002 0.000 0.021 0.001 0.300 0.005 0.410 0.120 0.025 0.002 0.144 0.008 0.171 0.001 0.000 0.006 0.001 0.044 0.000 0.006 0.001 0.000 0.001 0.004 0.000 0.002 0.000 0.000 0.003 0.001 0.001 0.000 0.000 0.000 0.001 0.001 0.002 0.000 
17 cod_vis 30 0.996 0.008 0.001 0.991 0.005 0.002 0.000 0.001 0.001 0.001 0.000 0.001 0.000 0.106 0.002 0.014 0.000 0.002 0.000 0.014 0.000 0.000 0.027 0.090 0.798 0.001 0.006 0.179 0.002 0.022 0.009 0.001 0.001 0.001 0.000 0.002 0.000 0.001 0.000 0.011 0.000 0.000 0.000 0.213 0.001 0.002 0.026 0.000 0.053 0.002 0.001 0.000 0.000 0.000 0.001 0.001 0.001 0.000 
18 turtle_vis 30 0.996 0.001 0.014 0.017 0.991 0.002 0.001 0.001 0.001 0.005 0.001 0.000 0.001 0.001 0.038 0.000 0.001 0.189 0.000 0.000 0.230 0.001 0.007 0.000 0.006 0.000 0.029 0.015 0.917 0.001 0.897 0.000 0.072 0.008 0.000 0.011 0.034 0.147 0.001 0.001 0.000 0.000 0.001 0.000 0.000 0.004 0.000 0.001 0.001 0.001 0.009 0.001 0.021 0.001 0.002 0.001 0.013 0.004 
19 rattlesnake_vis 30 0.995 0.001 0.002 0.001 0.993 0.002 0.001 0.001 0.001 0.002 0.005 0.000 0.026 0.000 0.000 0.000 0.009 0.002 0.000 0.000 0.001 0.050 0.020 0.000 0.000 0.002 0.000 0.001 0.001 0.068 0.107 0.003 0.099 0.850 0.001 0.001 0.000 0.001 0.000 0.001 0.004 0.003 0.035 0.001 0.000 0.003 0.000 0.001 0.000 0.001 0.004 0.001 0.076 0.001 0.006 0.006 0.000 0.039 
20 crab_vis 30 0.996 0.040 0.001 0.829 0.471 0.002 0.000 0.001 0.001 0.003 0.001 0.001 0.009 0.001 0.119 0.000 0.000 0.002 0.000 0.000 0.002 0.000 0.009 0.001 0.092 0.001 0.812 0.117 0.010 0.001 0.169 0.003 0.076 0.001 0.000 0.002 0.001 0.029 0.000 0.030 0.001 0.000 0.000 0.001 0.000 0.001 0.000 0.000 0.002 0.001 0.001 0.000 0.001 0.000 0.001 0.000 0.002 0.000 
21 frog_vis 30 0.995 0.001 0.012 0.001 0.979 0.002 0.001 0.001 0.002 0.001 0.001 0.000 0.001 0.000 0.000 0.000 0.010 0.001 0.000 0.002 0.002 0.000 0.002 0.000 0.006 0.002 0.008 0.000 0.042 0.026 0.003 0.463 0.012 0.013 0.002 0.001 0.001 0.001 0.000 0.017 0.002 0.000 0.005 0.001 0.000 0.001 0.000 0.002 0.000 0.001 0.030 0.001 0.001 0.000 0.000 0.001 0.000 0.003 
22 gecko_vis 30 0.996 0.004 0.001 0.003 0.985 0.002 0.000 0.001 0.001 0.002 0.001 0.000 0.006 0.000 0.003 0.000 0.001 0.001 0.000 0.000 0.002 0.002 0.005 0.000 0.001 0.000 0.004 0.004 0.005 0.016 0.062 0.000 0.005 0.029 0.000 0.001 0.000 0.003 0.000 0.009 0.000 0.001 0.001 0.000 0.000 0.001 0.000 0.000 0.000 0.001 0.003 0.000 0.013 0.000 0.002 0.001 0.001 0.001 
23 crocodile_vis 30 0.996 0.002 0.002 0.001 0.992 0.002 0.000 0.001 0.001 0.005 0.003 0.000 0.072 0.000 0.001 0.000 0.006 0.003 0.000 0.000 0.002 0.092 0.051 0.000 0.000 0.002 0.001 0.001 0.002 0.025 0.323 0.001 0.268 0.935 0.001 0.001 0.000 0.002 0.000 0.001 0.002 0.004 0.046 0.000 0.000 0.002 0.000 0.001 0.000 0.001 0.002 0.001 0.136 0.001 0.011 0.008 0.001 0.102 
24 axe_vis 30 0.003 0.003 0.012 0.001 0.001 0.996 0.883 0.001 0.948 0.004 0.000 0.000 0.000 0.013 0.085 0.000 0.003 0.001 0.000 0.015 0.147 0.000 0.000 0.008 0.001 0.000 0.013 0.000 0.005 0.001 0.000 0.000 0.000 0.000 0.071 0.197 0.092 0.002 0.010 0.003 0.000 0.000 0.001 0.002 0.000 0.000 0.001 0.000 0.469 0.000 0.935 0.000 0.000 0.001 0.000 0.000 0.244 0.002 
25 hammer_vis 30 0.004 0.001 0.000 0.001 0.004 0.996 0.989 0.010 0.013 0.006 0.000 0.000 0.000 0.002 0.014 0.000 0.000 0.001 0.000 0.003 0.014 0.000 0.001 0.001 0.005 0.000 0.005 0.001 0.016 0.001 0.001 0.000 0.000 0.000 0.002 0.375 0.840 0.030 0.008 0.005 0.013 0.000 0.004 0.018 0.002 0.028 0.000 0.000 0.005 0.000 0.002 0.001 0.000 0.000 0.034 0.001 0.023 0.002 
26 screwdriver_vis 30 0.003 0.001 0.001 0.001 0.001 0.997 0.950 0.001 0.032 0.174 0.000 0.000 0.000 0.002 0.014 0.000 0.000 0.001 0.000 0.005 0.015 0.000 0.000 0.000 0.011 0.000 0.002 0.000 0.005 0.001 0.001 0.000 0.000 0.000 0.002 0.091 0.922 0.012 0.003 0.023 0.052 0.000 0.000 0.001 0.002 0.001 0.000 0.000 0.009 0.000 0.093 0.000 0.001 0.001 0.039 0.000 0.096 0.002 
27 chisel_vis 30 0.003 0.004 0.000 0.001 0.001 0.997 0.035 0.001 0.002 0.965 0.000 0.000 0.000 0.001 0.036 0.000 0.000 0.000 0.000 0.000 0.002 0.000 0.000 0.000 0.001 0.000 0.000 0.002 0.000 0.002 0.002 0.000 0.000 0.000 0.002 0.003 0.201 0.003 0.001 0.020 0.008 0.000 0.001 0.010 0.000 0.001 0.000 0.000 0.011 0.000 0.011 0.000 0.002 0.000 0.054 0.001 0.460 0.003 
28 saw_vis 30 0.007 0.001 0.010 0.001 0.003 0.995 0.993 0.001 0.010 0.023 0.000 0.000 0.000 0.008 0.034 0.000 0.001 0.003 0.000 0.066 0.181 0.000 0.000 0.000 0.033 0.000 0.003 0.000 0.072 0.001 0.001 0.001 0.000 0.000 0.003 0.202 0.987 0.046 0.021 0.018 0.021 0.000 0.001 0.002 0.002 0.021 0.000 0.001 0.005 0.000 0.004 0.000 0.001 0.000 0.142 0.000 0.037 0.001 
29 drill_vis 30 0.004 0.001 0.000 0.001 0.002 0.996 0.991 0.001 0.008 0.142 0.000 0.000 0.000 0.001 0.008 0.000 0.000 0.001 0.000 0.004 0.005 0.001 0.000 0.000 0.016 0.000 0.002 0.000 0.013 0.001 0.001 0.001 0.000 0.001 0.002 0.177 0.947 0.053 0.002 0.061 0.126 0.001 0.001 0.001 0.006 0.006 0.000 0.001 0.001 0.000 0.001 0.000 0.004 0.000 0.340 0.000 0.023 0.004 
30 clamp_vis 30 0.003 0.000 0.000 0.002 0.002 0.997 0.050 0.994 0.002 0.002 0.000 0.000 0.000 0.000 0.000 0.000 0.001 0.000 0.000 0.000 0.000 0.000 0.001 0.001 0.000 0.000 0.007 0.010 0.000 0.016 0.001 0.001 0.000 0.001 0.041 0.094 0.000 0.004 0.000 0.087 0.046 0.003 0.075 0.987 0.000 0.019 0.000 0.000 0.066 0.001 0.003 0.003 0.000 0.000 0.002 0.002 0.004 0.002 
31 hoe_vis 30 0.003 0.002 0.000 0.001 0.001 0.997 0.001 0.005 0.010 0.977 0.000 0.001 0.000 0.001 0.000 0.017 0.000 0.001 0.001 0.000 0.000 0.000 0.004 0.000 0.000 0.000 0.000 0.001 0.000 0.001 0.001 0.000 0.000 0.001 0.011 0.000 0.000 0.002 0.000 0.000 0.033 0.014 0.001 0.003 0.001 0.005 0.000 0.004 0.002 0.038 0.000 0.001 0.001 0.021 0.009 0.975 0.018 0.003 
32 rake_vis 30 0.003 0.005 0.000 0.002 0.002 0.997 0.002 0.110 0.658 0.178 0.100 0.000 0.000 0.002 0.000 0.003 0.005 0.004 0.000 0.000 0.001 0.000 0.002 0.000 0.000 0.001 0.000 0.004 0.000 0.003 0.003 0.000 0.001 0.001 0.001 0.001 0.010 0.004 0.003 0.000 0.042 0.002 0.009 0.014 0.000 0.233 0.001 0.435 0.001 0.002 0.031 0.028 0.001 0.000 0.005 0.006 0.041 0.063 
33 shovel_vis 30 0.003 0.000 0.000 0.002 0.001 0.997 0.020 0.995 0.002 0.005 0.000 0.000 0.000 0.000 0.000 0.001 0.000 0.001 0.000 0.000 0.000 0.000 0.002 0.001 0.000 0.000 0.004 0.018 0.000 0.018 0.001 0.001 0.000 0.001 0.044 0.064 0.000 0.005 0.000 0.073 0.044 0.008 0.092 0.980 0.000 0.033 0.000 0.000 0.056 0.001 0.002 0.002 0.000 0.000 0.002 0.005 0.004 0.002 
34 spade_vis 30 0.005 0.001 0.000 0.001 0.001 0.996 0.007 0.136 0.001 0.896 0.000 0.010 0.001 0.000 0.000 0.000 0.000 0.001 0.002 0.000 0.000 0.007 0.022 0.000 0.000 0.000 0.000 0.000 0.000 0.001 0.001 0.000 0.000 0.007 0.001 0.000 0.001 0.001 0.001 0.002 0.002 0.053 0.041 0.000 0.376 0.004 0.000 0.003 0.000 0.001 0.000 0.001 0.011 0.001 0.966 0.007 0.000 0.004 
35 wrench_vis 30 0.003 0.001 0.001 0.003 0.000 0.996 0.000 0.009 0.994 0.005 0.000 0.002 0.000 0.006 0.000 0.008 0.000 0.018 0.003 0.000 0.000 0.000 0.003 0.003 0.001 0.016 0.000 0.002 0.000 0.001 0.001 0.000 0.000 0.000 0.001 0.000 0.000 0.000 0.003 0.000 0.000 0.000 0.001 0.001 0.029 0.012 0.059 0.126 0.004 0.059 0.001 0.008 0.000 0.006 0.000 0.005 0.003 0.001 
36 accordion_vis 30 0.003 0.001 0.007 0.002 0.000 0.996 0.161 0.002 0.835 0.002 0.000 0.002 0.000 0.075 0.000 0.001 0.000 0.007 0.001 0.104 0.000 0.000 0.001 0.023 0.006 0.001 0.000 0.000 0.000 0.001 0.000 0.000 0.000 0.000 0.025 0.004 0.002 0.000 0.007 0.005 0.000 0.000 0.001 0.002 0.001 0.001 0.301 0.005 0.933 0.004 0.015 0.000 0.000 0.010 0.000 0.000 0.014 0.001 
37 cello_vis 30 0.004 0.002 0.007 0.001 0.001 0.996 0.097 0.001 0.994 0.062 0.001 0.000 0.001 0.002 0.000 0.000 0.009 0.006 0.000 0.001 0.012 0.000 0.001 0.000 0.001 0.001 0.000 0.000 0.000 0.001 0.001 0.001 0.005 0.000 0.002 0.004 0.088 0.001 0.001 0.000 0.076 0.000 0.001 0.000 0.001 0.003 0.043 0.701 0.006 0.002 0.253 0.004 0.001 0.003 0.001 0.001 0.007 0.138 
38 flute_vis 30 0.003 0.001 0.001 0.003 0.000 0.996 0.161 0.001 0.580 0.002 0.000 0.001 0.000 0.072 0.000 0.000 0.000 0.001 0.000 0.012 0.000 0.000 0.001 0.014 0.005 0.000 0.000 0.000 0.000 0.000 0.000 0.000 0.000 0.000 0.001 0.066 0.003 0.000 0.009 0.025 0.000 0.000 0.002 0.001 0.001 0.001 0.194 0.002 0.762 0.002 0.167 0.000 0.000 0.002 0.000 0.001 0.019 0.001 
39 guitar_vis 30 0.003 0.001 0.001 0.003 0.000 0.996 0.013 0.007 0.886 0.002 0.000 0.001 0.000 0.027 0.000 0.003 0.000 0.004 0.000 0.010 0.000 0.000 0.002 0.030 0.003 0.001 0.000 0.001 0.000 0.001 0.000 0.000 0.000 0.000 0.006 0.006 0.000 0.000 0.002 0.002 0.000 0.000 0.003 0.002 0.001 0.002 0.166 0.003 0.930 0.015 0.002 0.001 0.000 0.006 0.000 0.001 0.007 0.001 
40 piano_vis 30 0.004 0.001 0.010 0.001 0.001 0.995 0.472 0.001 0.958 0.003 0.000 0.000 0.000 0.007 0.026 0.000 0.003 0.001 0.000 0.001 0.066 0.000 0.000 0.005 0.001 0.000 0.010 0.000 0.002 0.001 0.000 0.001 0.000 0.000 0.007 0.469 0.012 0.000 0.004 0.001 0.000 0.000 0.003 0.000 0.000 0.000 0.026 0.003 0.371 0.001 0.972 0.000 0.000 0.002 0.000 0.000 0.114 0.007 
41 trumpet_vis 30 0.005 0.001 0.001 0.005 0.001 0.996 0.007 0.003 0.994 0.025 0.000 0.000 0.000 0.001 0.000 0.001 0.000 0.008 0.000 0.000 0.000 0.000 0.007 0.000 0.008 0.003 0.000 0.001 0.000 0.001 0.001 0.005 0.022 0.001 0.001 0.008 0.024 0.002 0.001 0.000 0.384 0.000 0.002 0.001 0.009 0.056 0.026 0.982 0.008 0.013 0.015 0.205 0.000 0.002 0.001 0.006 0.003 0.058 
42 fork_vis 30 0.004 0.003 0.002 0.001 0.001 0.996 0.001 0.001 0.132 0.984 0.000 0.010 0.000 0.001 0.000 0.001 0.000 0.002 0.010 0.000 0.000 0.006 0.009 0.000 0.000 0.000 0.000 0.000 0.000 0.004 0.001 0.000 0.000 0.003 0.002 0.000 0.001 0.000 0.001 0.000 0.000 0.000 0.000 0.000 0.004 0.001 0.026 0.458 0.000 0.131 0.001 0.000 0.156 0.890 0.008 0.033 0.015 0.011 
43 spoon_vis 30 0.003 0.005 0.001 0.001 0.000 0.997 0.001 0.001 0.002 0.982 0.000 0.000 0.000 0.095 0.000 0.000 0.000 0.001 0.000 0.000 0.001 0.001 0.001 0.000 0.000 0.000 0.000 0.002 0.000 0.002 0.001 0.000 0.000 0.001 0.011 0.000 0.014 0.000 0.002 0.050 0.000 0.000 0.000 0.319 0.000 0.001 0.001 0.000 0.294 0.002 0.004 0.000 0.001 0.039 0.001 0.021 0.925 0.002 
44 tongs_vis 30 0.004 0.002 0.000 0.001 0.005 0.996 0.030 0.007 0.001 0.993 0.000 0.001 0.010 0.000 0.000 0.000 0.001 0.001 0.000 0.000 0.000 0.020 0.004 0.000 0.000 0.000 0.000 0.001 0.000 0.002 0.002 0.000 0.000 0.026 0.005 0.001 0.003 0.003 0.000 0.023 0.026 0.010 0.011 0.001 0.007 0.003 0.000 0.002 0.000 0.001 0.000 0.001 0.125 0.001 0.963 0.023 0.002 0.149 
45 ladle_vis 30 0.002 0.005 0.001 0.001 0.000 0.997 0.001 0.001 0.005 0.978 0.000 0.002 0.000 0.001 0.000 0.003 0.000 0.001 0.001 0.000 0.000 0.001 0.002 0.000 0.000 0.000 0.000 0.001 0.000 0.001 0.001 0.000 0.000 0.001 0.018 0.000 0.001 0.002 0.001 0.000 0.046 0.042 0.000 0.001 0.001 0.002 0.000 0.001 0.002 0.018 0.001 0.000 0.001 0.028 0.010 0.934 0.019 0.004 
46 knife_vis 30 0.002 0.005 0.000 0.001 0.000 0.997 0.001 0.001 0.002 0.958 0.001 0.000 0.000 0.008 0.000 0.000 0.001 0.001 0.000 0.000 0.000 0.000 0.001 0.000 0.000 0.000 0.000 0.001 0.000 0.004 0.001 0.000 0.000 0.000 0.004 0.000 0.003 0.004 0.001 0.001 0.327 0.000 0.000 0.040 0.000 0.001 0.000 0.000 0.010 0.002 0.002 0.000 0.001 0.008 0.001 0.482 0.547 0.011 
47 chopsticks_vis 30 0.004 0.004 0.000 0.001 0.004 0.996 0.002 0.001 0.002 0.992 0.001 0.000 0.003 0.000 0.000 0.000 0.005 0.001 0.000 0.000 0.000 0.001 0.001 0.000 0.000 0.000 0.000 0.001 0.000 0.005 0.003 0.000 0.000 0.006 0.010 0.000 0.001 0.011 0.000 0.021 0.434 0.003 0.004 0.002 0.001 0.002 0.000 0.002 0.001 0.001 0.002 0.002 0.060 0.006 0.116 0.401 0.052 0.379 
0 beaver_vis 30 0.995 0.993 0.013 0.001 0.003 0.002 0.000 0.001 0.001 0.005 0.897 0.001 0.041 0.008 0.051 0.047 0.049 0.002 0.001 0.000 0.019 0.010 0.001 0.000 0.000 0.000 0.001 0.004 0.000 0.019 0.013 0.000 0.006 0.001 0.000 0.000 0.000 0.000 0.000 0.001 0.001 0.000 0.000 0.001 0.000 0.001 0.000 0.000 0.000 0.001 0.001 0.000 0.005 0.001 0.001 0.001 0.002 0.001 
1 bear_vis 30 0.996 0.129 0.004 0.948 0.003 0.003 0.000 0.001 0.001 0.006 0.003 0.096 0.002 0.021 0.001 0.018 0.000 0.011 0.001 0.001 0.000 0.001 0.249 0.017 0.427 0.002 0.005 0.014 0.000 0.000 0.003 0.000 0.002 0.001 0.000 0.000 0.000 0.000 0.000 0.005 0.000 0.002 0.000 0.000 0.005 0.001 0.002 0.000 0.002 0.004 0.000 0.000 0.000 0.009 0.014 0.002 0.001 0.000 
2 sheep_vis 30 0.995 0.966 0.082 0.024 0.001 0.002 0.000 0.001 0.001 0.006 0.014 0.100 0.003 0.228 0.062 0.047 0.001 0.003 0.023 0.001 0.001 0.004 0.002 0.003 0.002 0.000 0.000 0.010 0.000 0.004 0.002 0.000 0.001 0.000 0.000 0.000 0.000 0.000 0.000 0.009 0.000 0.000 0.000 0.001 0.000 0.001 0.001 0.000 0.001 0.001 0.001 0.000 0.000 0.004 0.004 0.001 0.005 0.000 
3 buffalo_vis 30 0.995 0.984 0.007 0.120 0.000 0.006 0.000 0.001 0.001 0.011 0.002 0.052 0.000 0.944 0.064 0.099 0.000 0.005 0.001 0.001 0.000 0.011 0.002 0.075 0.006 0.000 0.000 0.120 0.000 0.014 0.001 0.000 0.000 0.000 0.000 0.000 0.001 0.000 0.001 0.039 0.000 0.000 0.000 0.004 0.000 0.001 0.001 0.000 0.002 0.001 0.000 0.000 0.000 0.015 0.011 0.001 0.021 0.000 
4 poodle_vis 30 0.995 0.992 0.009 0.002 0.002 0.002 0.000 0.001 0.001 0.005 0.645 0.001 0.008 0.028 0.270 0.012 0.019 0.002 0.000 0.000 0.035 0.003 0.001 0.001 0.000 0.000 0.001 0.018 0.000 0.022 0.012 0.000 0.001 0.000 0.000 0.000 0.000 0.000 0.000 0.006 0.000 0.000 0.000 0.003 0.000 0.001 0.000 0.000 0.000 0.001 0.001 0.000 0.002 0.001 0.001 0.001 0.011 0.000 
5 giraffe_vis 30 0.995 0.154 0.002 0.959 0.001 0.003 0.000 0.001 0.001 0.005 0.003 0.007 0.000 0.056 0.002 0.029 0.000 0.006 0.000 0.000 0.000 0.001 0.051 0.057 0.070 0.001 0.003 0.201 0.000 0.003 0.003 0.000 0.001 0.000 0.000 0.000 0.000 0.000 0.000 0.003 0.000 0.000 0.000 0.002 0.001 0.001 0.001 0.000 0.002 0.003 0.000 0.000 0.000 0.006 0.004 0.001 0.003 0.000 
6 robin_vis 30 0.995 0.003 0.990 0.001 0.035 0.002 0.001 0.001 0.001 0.001 0.004 0.000 0.002 0.000 0.000 0.002 0.957 0.003 0.016 0.020 0.087 0.011 0.000 0.000 0.000 0.000 0.000 0.000 0.000 0.059 0.000 0.057 0.001 0.001 0.006 0.000 0.001 0.000 0.001 0.005 0.002 0.000 0.000 0.002 0.000 0.000 0.001 0.001 0.000 0.000 0.038 0.000 0.003 0.001 0.000 0.000 0.000 0.001 
7 swan_vis 30 0.995 0.250 0.994 0.005 0.001 0.002 0.013 0.001 0.001 0.012 0.002 0.065 0.001 0.819 0.001 0.002 0.002 0.985 0.001 0.116 0.524 0.159 0.001 0.002 0.034 0.000 0.000 0.000 0.033 0.000 0.002 0.000 0.000 0.000 0.000 0.000 0.226 0.000 0.663 0.001 0.000 0.000 0.000 0.000 0.000 0.002 0.019 0.000 0.001 0.000 0.001 0.000 0.012 0.127 0.013 0.000 0.004 0.000 
8 woodpecker_vis 30 0.995 0.978 0.270 0.005 0.000 0.002 0.000 0.001 0.001 0.003 0.002 0.917 0.369 0.001 0.000 0.162 0.002 0.022 0.397 0.001 0.001 0.239 0.141 0.000 0.001 0.001 0.000 0.000 0.000 0.000 0.000 0.000 0.002 0.006 0.000 0.000 0.000 0.000 0.000 0.001 0.000 0.008 0.000 0.000 0.000 0.000 0.001 0.000 0.000 0.001 0.001 0.000 0.001 0.030 0.100 0.004 0.000 0.000 
9 peacock_vis 30 0.995 0.004 0.981 0.008 0.000 0.002 0.002 0.001 0.001 0.001 0.000 0.021 0.001 0.019 0.000 0.001 0.002 0.017 0.063 0.844 0.002 0.005 0.001 0.001 0.143 0.000 0.000 0.000 0.001 0.000 0.000 0.001 0.000 0.000 0.000 0.000 0.002 0.000 0.002 0.045 0.000 0.000 0.000 0.000 0.001 0.000 0.039 0.000 0.001 0.000 0.001 0.000 0.000 0.001 0.002 0.000 0.000 0.000 
10 crow_vis 30 0.995 0.004 0.994 0.037 0.001 0.002 0.059 0.001 0.001 0.001 0.000 0.014 0.001 0.816 0.000 0.001 0.004 0.981 0.001 0.925 0.451 0.003 0.001 0.009 0.430 0.000 0.000 0.000 0.177 0.000 0.000 0.000 0.000 0.000 0.001 0.000 0.561 0.000 0.869 0.001 0.000 0.000 0.000 0.000 0.000 0.000 0.211 0.001 0.001 0.000 0.001 0.000 0.001 0.004 0.001 0.000 0.001 0.000 
11 eagle_vis 30 0.995 0.122 0.966 0.001 0.003 0.002 0.001 0.001 0.001 0.002 0.001 0.028 0.020 0.001 0.000 0.047 0.054 0.035 0.446 0.011 0.004 0.690 0.006 0.000 0.001 0.000 0.000 0.000 0.001 0.001 0.000 0.001 0.000 0.007 0.001 0.000 0.001 0.000 0.001 0.002 0.000 0.001 0.000 0.000 0.000 0.000 0.003 0.000 0.000 0.000 0.001 0.000 0.008 0.027 0.037 0.002 0.000 0.000 
12 tuna_vis 30 0.996 0.089 0.001 0.818 0.223 0.002 0.000 0.002 0.001 0.002 0.001 0.123 0.030 0.001 0.001 0.072 0.000 0.005 0.001 0.000 0.000 0.008 0.969 0.000 0.005 0.027 0.001 0.022 0.001 0.001 0.043 0.000 0.251 0.240 0.000 0.001 0.000 0.001 0.000 0.000 0.000 0.064 0.014 0.000 0.002 0.003 0.000 0.001 0.000 0.021 0.000 0.000 0.000 0.005 0.171 0.048 0.000 0.001 
13 goldfish_vis 30 0.996 0.013 0.001 0.992 0.008 0.002 0.000 0.001 0.001 0.002 0.001 0.015 0.001 0.006 0.003 0.001 0.000 0.003 0.000 0.031 0.000 0.000 0.126 0.044 0.917 0.003 0.029 0.044 0.003 0.000 0.019 0.003 0.003 0.001 0.000 0.001 0.000 0.002 0.000 0.012 0.000 0.001 0.000 0.001 0.013 0.002 0.014 0.000 0.020 0.002 0.000 0.000 0.000 0.000 0.003 0.001 0.001 0.000 
14 salmon_vis 30 0.996 0.012 0.001 0.893 0.088 0.002 0.000 0.001 0.001 0.001 0.001 0.001 0.001 0.002 0.033 0.000 0.000 0.001 0.000 0.001 0.000 0.000 0.003 0.002 0.183 0.001 0.356 0.314 0.003 0.112 0.011 0.001 0.002 0.000 0.000 0.002 0.001 0.002 0.000 0.045 0.000 0.000 0.000 0.085 0.000 0.001 0.000 0.000 0.008 0.001 0.001 0.000 0.000 0.000 0.001 0.000 0.002 0.000 
15 sardine_vis 30 0.996 0.006 0.000 0.930 0.133 0.002 0.000 0.001 0.001 0.001 0.001 0.000 0.002 0.000 0.014 0.000 0.000 0.001 0.000 0.001 0.000 0.000 0.008 0.001 0.162 0.001 0.882 0.029 0.004 0.003 0.019 0.007 0.019 0.002 0.000 0.002 0.000 0.006 0.000 0.055 0.001 0.000 0.001 0.005 0.000 0.001 0.000 0.000 0.004 0.001 0.001 0.001 0.000 0.000 0.001 0.001 0.001 0.001 
16 catfish_vis 30 0.996 0.032 0.001 0.968 0.448 0.002 0.000 0.001 0.001 0.002 0.001 0.001 0.004 0.001 0.123 0.000 0.000 0.004 0.000 0.001 0.003 0.000 0.017 0.001 0.327 0.002 0.929 0.139 0.080 0.002 0.168 0.003 0.282 0.001 0.000 0.014 0.001 0.073 0.000 0.026 0.001 0.000 0.001 0.004 0.000 0.002 0.000 0.000 0.008 0.001 0.002 0.001 0.000 0.000 0.001 0.001 0.002 0.001 
17 cod_vis 30 0.996 0.005 0.000 0.991 0.010 0.002 0.000 0.001 0.001 0.001 0.000 0.001 0.001 0.055 0.003 0.005 0.000 0.001 0.000 0.019 0.000 0.000 0.019 0.083 0.827 0.001 0.013 0.081 0.002 0.010 0.013 0.002 0.002 0.001 0.000 0.002 0.000 0.003 0.000 0.012 0.000 0.001 0.000 0.109 0.001 0.002 0.027 0.000 0.043 0.002 0.001 0.000 0.000 0.000 0.001 0.001 0.001 0.000 
18 turtle_vis 30 0.996 0.001 0.008 0.011 0.992 0.002 0.001 0.001 0.001 0.005 0.001 0.000 0.002 0.000 0.047 0.000 0.001 0.209 0.000 0.000 0.255 0.001 0.010 0.000 0.002 0.001 0.020 0.019 0.892 0.002 0.966 0.000 0.073 0.014 0.000 0.010 0.026 0.173 0.001 0.001 0.000 0.000 0.001 0.000 0.000 0.005 0.000 0.000 0.001 0.001 0.007 0.001 0.031 0.001 0.002 0.001 0.014 0.006 
19 rattlesnake_vis 30 0.995 0.001 0.002 0.001 0.993 0.002 0.001 0.001 0.001 0.002 0.003 0.000 0.042 0.000 0.000 0.000 0.008 0.003 0.000 0.000 0.001 0.063 0.029 0.000 0.000 0.002 0.001 0.001 0.002 0.041 0.143 0.003 0.162 0.896 0.001 0.001 0.000 0.001 0.000 0.001 0.003 0.003 0.044 0.000 0.000 0.003 0.000 0.001 0.000 0.001 0.003 0.002 0.089 0.001 0.007 0.006 0.000 0.055 
20 crab_vis 30 0.996 0.152 0.001 0.701 0.785 0.002 0.000 0.001 0.001 0.004 0.001 0.001 0.025 0.001 0.443 0.000 0.000 0.002 0.000 0.000 0.002 0.000 0.045 0.000 0.009 0.000 0.665 0.574 0.012 0.001 0.748 0.000 0.127 0.004 0.000 0.003 0.000 0.126 0.000 0.010 0.000 0.001 0.001 0.000 0.000 0.001 0.000 0.000 0.001 0.002 0.001 0.000 0.001 0.000 0.003 0.001 0.003 0.001 
21 frog_vis 30 0.996 0.001 0.004 0.001 0.983 0.002 0.001 0.001 0.002 0.001 0.001 0.000 0.001 0.000 0.000 0.000 0.009 0.001 0.000 0.001 0.001 0.001 0.002 0.000 0.003 0.002 0.008 0.000 0.036 0.040 0.003 0.265 0.009 0.015 0.002 0.001 0.001 0.001 0.000 0.021 0.002 0.000 0.005 0.001 0.000 0.001 0.000 0.002 0.000 0.001 0.022 0.001 0.001 0.000 0.001 0.001 0.000 0.002 
22 gecko_vis 30 0.996 0.003 0.001 0.003 0.991 0.002 0.000 0.001 0.001 0.002 0.001 0.000 0.055 0.000 0.001 0.000 0.003 0.001 0.000 0.000 0.001 0.046 0.029 0.000 0.001 0.001 0.002 0.003 0.001 0.027 0.122 0.001 0.075 0.835 0.001 0.001 0.000 0.002 0.000 0.001 0.002 0.004 0.022 0.000 0.000 0.001 0.000 0.001 0.000 0.001 0.002 0.001 0.080 0.001 0.007 0.005 0.000 0.022 
23 crocodile_vis 30 0.996 0.002 0.004 0.001 0.993 0.002 0.000 0.001 0.001 0.006 0.006 0.000 0.084 0.000 0.000 0.000 0.007 0.010 0.000 0.000 0.004 0.102 0.091 0.000 0.000 0.004 0.001 0.001 0.003 0.015 0.644 0.001 0.583 0.955 0.001 0.001 0.000 0.003 0.000 0.000 0.002 0.003 0.056 0.000 0.000 0.003 0.000 0.002 0.000 0.002 0.002 0.002 0.192 0.001 0.013 0.010 0.000 0.231 
24 axe_vis 30 0.004 0.001 0.016 0.001 0.001 0.996 0.994 0.012 0.018 0.004 0.000 0.000 0.000 0.002 0.036 0.000 0.003 0.001 0.000 0.060 0.094 0.000 0.000 0.001 0.004 0.000 0.005 0.001 0.008 0.001 0.001 0.000 0.000 0.000 0.359 0.098 0.890 0.414 0.006 0.021 0.007 0.002 0.001 0.047 0.000 0.017 0.000 0.000 0.119 0.000 0.007 0.000 0.000 0.000 0.003 0.000 0.061 0.001 
25 hammer_vis 30 0.005 0.000 0.000 0.010 0.004 0.997 0.990 0.008 0.080 0.006 0.000 0.000 0.000 0.001 0.007 0.000 0.000 0.001 0.000 0.001 0.004 0.000 0.001 0.001 0.014 0.000 0.031 0.002 0.067 0.001 0.003 0.001 0.000 0.000 0.001 0.874 0.743 0.147 0.007 0.007 0.033 0.000 0.005 0.016 0.010 0.078 0.000 0.000 0.008 0.000 0.003 0.003 0.000 0.000 0.038 0.001 0.017 0.002 
26 screwdriver_vis 30 0.004 0.001 0.001 0.001 0.001 0.997 0.993 0.001 0.038 0.094 0.000 0.000 0.000 0.002 0.015 0.000 0.000 0.001 0.000 0.008 0.022 0.000 0.000 0.000 0.040 0.000 0.005 0.001 0.046 0.001 0.001 0.001 0.000 0.000 0.002 0.375 0.981 0.082 0.003 0.014 0.081 0.000 0.001 0.002 0.003 0.026 0.000 0.001 0.007 0.000 0.010 0.000 0.001 0.000 0.149 0.000 0.059 0.001 
27 chisel_vis 30 0.003 0.007 0.000 0.001 0.001 0.997 0.011 0.003 0.001 0.969 0.000 0.000 0.000 0.002 0.046 0.000 0.000 0.000 0.000 0.000 0.002 0.000 0.000 0.000 0.001 0.000 0.000 0.004 0.000 0.005 0.001 0.000 0.000 0.000 0.002 0.004 0.057 0.002 0.000 0.027 0.002 0.000 0.001 0.023 0.000 0.002 0.000 0.000 0.017 0.000 0.190 0.000 0.000 0.000 0.003 0.001 0.758 0.004 
28 saw_vis 30 0.017 0.000 0.001 0.004 0.014 0.995 0.994 0.001 0.071 0.016 0.000 0.000 0.000 0.002 0.009 0.000 0.000 0.001 0.000 0.017 0.020 0.000 0.001 0.000 0.070 0.000 0.009 0.001 0.171 0.001 0.002 0.002 0.000 0.000 0.002 0.746 0.983 0.195 0.014 0.025 0.095 0.000 0.005 0.008 0.008 0.072 0.000 0.001 0.019 0.000 0.005 0.002 0.001 0.000 0.196 0.000 0.037 0.002 
29 drill_vis 30 0.006 0.001 0.000 0.001 0.003 0.996 0.993 0.001 0.043 0.088 0.000 0.000 0.000 0.001 0.008 0.000 0.000 0.001 0.000 0.006 0.008 0.000 0.000 0.000 0.046 0.000 0.005 0.001 0.065 0.001 0.002 0.001 0.000 0.001 0.001 0.528 0.976 0.149 0.003 0.031 0.134 0.000 0.002 0.002 0.007 0.041 0.000 0.001 0.004 0.000 0.002 0.001 0.001 0.000 0.295 0.000 0.031 0.004 
30 clamp_vis 30 0.003 0.000 0.000 0.002 0.002 0.997 0.070 0.994 0.002 0.001 0.000 0.000 0.000 0.000 0.000 0.000 0.001 0.000 0.000 0.000 0.000 0.000 0.001 0.002 0.000 0.000 0.008 0.011 0.000 0.014 0.001 0.001 0.000 0.001 0.027 0.126 0.000 0.005 0.000 0.075 0.038 0.002 0.061 0.988 0.000 0.018 0.000 0.000 0.071 0.000 0.004 0.003 0.000 0.000 0.001 0.002 0.006 0.002 
31 hoe_vis 30 0.003 0.001 0.000 0.001 0.001 0.997 0.001 0.034 0.009 0.918 0.000 0.000 0.000 0.000 0.000 0.009 0.000 0.001 0.000 0.000 0.000 0.000 0.002 0.000 0.000 0.000 0.000 0.002 0.000 0.002 0.001 0.000 0.000 0.001 0.008 0.000 0.000 0.003 0.000 0.000 0.429 0.007 0.001 0.040 0.000 0.015 0.000 0.002 0.002 0.021 0.000 0.001 0.000 0.002 0.006 0.958 0.043 0.006 
32 rake_vis 30 0.003 0.002 0.000 0.001 0.002 0.997 0.013 0.994 0.001 0.024 0.003 0.000 0.000 0.000 0.000 0.001 0.002 0.000 0.000 0.000 0.000 0.001 0.001 0.000 0.000 0.000 0.001 0.010 0.000 0.024 0.003 0.000 0.000 0.001 0.039 0.025 0.000 0.006 0.000 0.050 0.044 0.006 0.096 0.921 0.000 0.053 0.000 0.000 0.011 0.001 0.001 0.003 0.000 0.000 0.003 0.005 0.005 0.010 
33 shovel_vis 30 0.003 0.000 0.000 0.002 0.001 0.997 0.024 0.995 0.001 0.004 0.000 0.000 0.000 0.000 0.000 0.001 0.000 0.000 0.000 0.000 0.000 0.000 0.001 0.001 0.000 0.000 0.005 0.022 0.000 0.016 0.001 0.001 0.000 0.001 0.045 0.072 0.000 0.006 0.000 0.068 0.039 0.008 0.093 0.982 0.000 0.037 0.000 0.000 0.062 0.001 0.002 0.002 0.000 0.000 0.002 0.004 0.005 0.002 
34 spade_vis 30 0.005 0.001 0.000 0.001 0.001 0.997 0.002 0.477 0.001 0.892 0.000 0.007 0.000 0.000 0.000 0.000 0.000 0.001 0.001 0.000 0.000 0.004 0.070 0.000 0.000 0.000 0.000 0.001 0.000 0.001 0.001 0.000 0.000 0.015 0.001 0.001 0.000 0.002 0.001 0.001 0.005 0.099 0.085 0.001 0.412 0.010 0.000 0.002 0.000 0.001 0.000 0.001 0.004 0.000 0.971 0.005 0.000 0.002 
35 wrench_vis 30 0.003 0.000 0.000 0.027 0.000 0.997 0.000 0.832 0.927 0.004 0.000 0.000 0.000 0.018 0.000 0.003 0.000 0.001 0.000 0.001 0.000 0.000 0.002 0.048 0.001 0.000 0.000 0.012 0.000 0.001 0.001 0.000 0.000 0.000 0.001 0.015 0.000 0.001 0.000 0.000 0.000 0.000 0.007 0.756 0.000 0.013 0.049 0.000 0.957 0.009 0.002 0.001 0.000 0.001 0.000 0.004 0.032 0.001 
36 accordion_vis 30 0.003 0.001 0.001 0.003 0.001 0.996 0.037 0.002 0.723 0.002 0.000 0.002 0.000 0.062 0.000 0.001 0.000 0.003 0.000 0.028 0.000 0.000 0.001 0.060 0.003 0.000 0.000 0.000 0.000 0.001 0.000 0.000 0.000 0.000 0.005 0.006 0.001 0.000 0.004 0.002 0.000 0.000 0.001 0.001 0.001 0.001 0.168 0.004 0.946 0.004 0.007 0.000 0.000 0.004 0.000 0.001 0.012 0.001 
37 cello_vis 30 0.004 0.001 0.005 0.002 0.001 0.996 0.511 0.001 0.980 0.016 0.000 0.000 0.000 0.008 0.003 0.000 0.004 0.005 0.000 0.001 0.031 0.000 0.001 0.001 0.002 0.001 0.001 0.000 0.001 0.001 0.001 0.001 0.000 0.000 0.003 0.471 0.026 0.000 0.003 0.001 0.001 0.000 0.019 0.001 0.000 0.001 0.136 0.017 0.218 0.002 0.857 0.001 0.000 0.004 0.000 0.001 0.052 0.120 
38 flute_vis 30 0.003 0.000 0.000 0.004 0.000 0.997 0.047 0.002 0.488 0.001 0.000 0.000 0.000 0.022 0.000 0.000 0.000 0.001 0.000 0.006 0.000 0.000 0.001 0.016 0.003 0.000 0.001 0.001 0.000 0.000 0.000 0.000 0.000 0.000 0.002 0.033 0.001 0.000 0.002 0.028 0.000 0.000 0.003 0.004 0.001 0.001 0.066 0.001 0.840 0.001 0.089 0.000 0.000 0.001 0.000 0.001 0.013 0.001 
39 guitar_vis 30 0.003 0.001 0.000 0.003 0.000 0.996 0.005 0.016 0.699 0.002 0.000 0.001 0.000 0.015 0.000 0.002 0.000 0.001 0.000 0.010 0.000 0.000 0.002 0.024 0.002 0.000 0.000 0.001 0.000 0.001 0.000 0.000 0.000 0.000 0.004 0.003 0.000 0.000 0.001 0.004 0.000 0.000 0.002 0.005 0.001 0.004 0.062 0.001 0.957 0.009 0.001 0.001 0.000 0.002 0.000 0.002 0.008 0.001 
40 piano_vis 30 0.005 0.001 0.009 0.001 0.001 0.995 0.103 0.001 0.989 0.002 0.000 0.000 0.000 0.002 0.004 0.000 0.004 0.001 0.000 0.001 0.026 0.000 0.000 0.002 0.001 0.001 0.020 0.000 0.002 0.001 0.001 0.001 0.000 0.000 0.009 0.586 0.007 0.001 0.002 0.001 0.000 0.000 0.018 0.001 0.000 0.001 0.028 0.005 0.420 0.001 0.964 0.001 0.001 0.002 0.000 0.000 0.050 0.015 
41 trumpet_vis 30 0.004 0.001 0.000 0.004 0.001 0.996 0.004 0.007 0.994 0.015 0.000 0.000 0.000 0.001 0.000 0.001 0.001 0.003 0.000 0.000 0.000 0.000 0.003 0.000 0.002 0.003 0.001 0.001 0.000 0.001 0.001 0.003 0.023 0.001 0.001 0.008 0.009 0.003 0.001 0.000 0.377 0.000 0.003 0.001 0.003 0.023 0.006 0.893 0.007 0.007 0.037 0.276 0.000 0.001 0.001 0.004 0.003 0.114 
42 fork_vis 30 0.004 0.002 0.000 0.001 0.002 0.996 0.002 0.002 0.001 0.985 0.000 0.000 0.000 0.003 0.000 0.001 0.000 0.001 0.000 0.000 0.000 0.001 0.002 0.000 0.000 0.000 0.000 0.001 0.000 0.002 0.001 0.000 0.000 0.003 0.003 0.000 0.001 0.001 0.001 0.004 0.002 0.001 0.003 0.041 0.000 0.001 0.000 0.002 0.017 0.001 0.001 0.000 0.002 0.016 0.024 0.251 0.393 0.044 
43 spoon_vis 30 0.002 0.008 0.000 0.001 0.001 0.997 0.001 0.001 0.001 0.967 0.000 0.000 0.000 0.007 0.002 0.000 0.000 0.001 0.000 0.000 0.000 0.000 0.001 0.000 0.000 0.000 0.000 0.002 0.000 0.001 0.001 0.000 0.000 0.001 0.002 0.000 0.011 0.002 0.001 0.006 0.005 0.000 0.001 0.040 0.000 0.001 0.000 0.000 0.020 0.001 0.001 0.000 0.001 0.004 0.001 0.072 0.927 0.003 
44 tongs_vis 30 0.004 0.001 0.000 0.001 0.006 0.997 0.001 0.083 0.001 0.703 0.000 0.000 0.000 0.000 0.000 0.000 0.000 0.000 0.000 0.000 0.000 0.002 0.003 0.000 0.000 0.000 0.000 0.001 0.000 0.014 0.002 0.000 0.000 0.007 0.002 0.001 0.000 0.002 0.000 0.006 0.011 0.011 0.144 0.010 0.086 0.005 0.000 0.000 0.000 0.001 0.000 0.002 0.004 0.000 0.610 0.005 0.001 0.029 
45 ladle_vis 30 0.002 0.003 0.000 0.001 0.001 0.997 0.001 0.052 0.003 0.848 0.000 0.000 0.000 0.000 0.000 0.003 0.001 0.001 0.000 0.000 0.000 0.001 0.001 0.000 0.000 0.000 0.000 0.001 0.000 0.001 0.001 0.000 0.000 0.001 0.027 0.000 0.001 0.003 0.000 0.000 0.643 0.055 0.001 0.008 0.000 0.018 0.000 0.000 0.003 0.007 0.000 0.000 0.002 0.003 0.026 0.788 0.017 0.003 
46 knife_vis 30 0.002 0.004 0.000 0.001 0.000 0.997 0.001 0.001 0.001 0.900 0.000 0.000 0.000 0.011 0.000 0.000 0.000 0.001 0.000 0.000 0.000 0.000 0.001 0.000 0.000 0.000 0.000 0.004 0.000 0.001 0.001 0.000 0.000 0.000 0.001 0.000 0.008 0.001 0.000 0.003 0.002 0.000 0.001 0.045 0.000 0.001 0.000 0.000 0.050 0.001 0.001 0.000 0.000 0.003 0.001 0.068 0.849 0.002 
47 chopsticks_vis 30 0.004 0.002 0.000 0.001 0.005 0.997 0.001 0.013 0.002 0.894 0.001 0.000 0.000 0.000 0.000 0.000 0.002 0.000 0.000 0.000 0.000 0.000 0.001 0.000 0.000 0.000 0.000 0.003 0.000 0.015 0.004 0.000 0.000 0.002 0.031 0.001 0.001 0.021 0.000 0.002 0.643 0.002 0.006 0.160 0.000 0.006 0.000 0.000 0.001 0.003 0.001 0.002 0.001 0.001 0.003 0.696 0.228 0.045 
