0 beaver_vis 30 0.996 0.896 0.007 0.005 0.001 0.026 0.001 0.001 0.001 0.004 0.929 0.057 0.008 0.001 0.028 0.001 0.025 0.006 0.005 0.000 0.001 0.000 0.001 0.001 0.000 0.001 0.001 0.001 0.000 0.002 0.001 0.001 0.001 0.001 0.001 0.008 0.000 0.001 0.006 0.000 0.001 0.001 0.002 0.001 0.001 0.000 0.000 0.000 0.001 0.001 0.001 0.002 0.030 0.000 0.011 0.000 0.001 0.078 
1 bear_vis 30 0.996 0.990 0.006 0.003 0.001 0.003 0.001 0.001 0.001 0.003 0.005 0.917 0.076 0.009 0.047 0.005 0.002 0.002 0.002 0.001 0.004 0.000 0.029 0.024 0.001 0.002 0.001 0.001 0.000 0.002 0.001 0.001 0.001 0.001 0.000 0.001 0.001 0.003 0.001 0.001 0.000 0.001 0.001 0.001 0.000 0.000 0.001 0.000 0.020 0.009 0.001 0.001 0.000 0.007 0.001 0.001 0.007 0.454 
2 sheep_vis 30 0.996 0.978 0.007 0.001 0.001 0.012 0.001 0.001 0.001 0.001 0.305 0.003 0.968 0.007 0.017 0.001 0.142 0.005 0.001 0.000 0.003 0.001 0.001 0.001 0.001 0.001 0.002 0.067 0.001 0.001 0.651 0.001 0.001 0.006 0.001 0.003 0.001 0.209 0.001 0.000 0.003 0.001 0.001 0.001 0.000 0.000 0.000 0.000 0.002 0.000 0.001 0.001 0.278 0.000 0.001 0.001 0.004 0.002 
3 buffalo_vis 30 0.996 0.991 0.012 0.020 0.001 0.001 0.001 0.001 0.001 0.002 0.037 0.071 0.079 0.935 0.058 0.057 0.061 0.004 0.018 0.001 0.031 0.015 0.001 0.076 0.005 0.002 0.049 0.003 0.000 0.011 0.003 0.001 0.001 0.001 0.000 0.001 0.015 0.001 0.001 0.000 0.000 0.000 0.001 0.001 0.000 0.000 0.001 0.000 0.001 0.000 0.001 0.001 0.001 0.002 0.001 0.018 0.038 0.002 
4 poodle_vis 30 0.996 0.993 0.007 0.003 0.001 0.002 0.001 0.001 0.001 0.007 0.819 0.779 0.095 0.001 0.977 0.028 0.007 0.019 0.001 0.001 0.001 0.001 0.001 0.116 0.000 0.002 0.001 0.000 0.000 0.003 0.001 0.260 0.001 0.003 0.000 0.005 0.001 0.001 0.001 0.131 0.002 0.001 0.001 0.001 0.002 0.000 0.001 0.001 0.018 0.001 0.001 0.001 0.007 0.001 0.045 0.000 0.001 0.807 
5 giraffe_vis 30 0.996 0.991 0.013 0.005 0.001 0.001 0.001 0.001 0.001 0.001 0.048 0.096 0.021 0.124 0.316 0.666 0.040 0.002 0.002 0.023 0.002 0.003 0.001 0.107 0.001 0.017 0.002 0.001 0.000 0.002 0.001 0.004 0.001 0.001 0.000 0.001 0.001 0.001 0.001 0.001 0.000 0.001 0.001 0.001 0.000 0.000 0.001 0.000 0.001 0.000 0.001 0.001 0.001 0.014 0.001 0.001 0.010 0.003 
6 robin_vis 30 0.995 0.927 0.024 0.001 0.001 0.040 0.001 0.001 0.001 0.002 0.546 0.001 0.938 0.009 0.004 0.001 0.283 0.005 0.001 0.000 0.003 0.001 0.000 0.000 0.001 0.001 0.001 0.121 0.001 0.001 0.882 0.001 0.001 0.002 0.001 0.004 0.001 0.291 0.001 0.000 0.003 0.001 0.001 0.002 0.000 0.000 0.001 0.001 0.002 0.000 0.002 0.001 0.454 0.000 0.001 0.001 0.023 0.001 
7 swan_vis 30 0.995 0.037 0.991 0.001 0.119 0.761 0.001 0.001 0.001 0.001 0.002 0.000 0.094 0.001 0.006 0.002 0.034 0.987 0.001 0.007 0.006 0.005 0.000 0.000 0.001 0.001 0.001 0.000 0.004 0.001 0.547 0.001 0.001 0.930 0.001 0.000 0.001 0.003 0.001 0.000 0.248 0.001 0.001 0.007 0.000 0.000 0.007 0.001 0.007 0.000 0.010 0.579 0.769 0.000 0.002 0.001 0.001 0.000 
8 woodpecker_vis 30 0.995 0.853 0.807 0.002 0.001 0.003 0.001 0.001 0.002 0.007 0.008 0.660 0.865 0.003 0.001 0.219 0.207 0.004 0.122 0.013 0.011 0.001 0.119 0.000 0.002 0.001 0.001 0.037 0.001 0.001 0.001 0.001 0.006 0.008 0.001 0.001 0.001 0.001 0.001 0.001 0.001 0.004 0.008 0.001 0.001 0.001 0.002 0.001 0.007 0.008 0.001 0.003 0.000 0.060 0.001 0.001 0.030 0.003 
9 peacock_vis 30 0.995 0.009 0.991 0.001 0.017 0.019 0.001 0.001 0.040 0.001 0.001 0.001 0.002 0.001 0.001 0.905 0.007 0.576 0.003 0.981 0.013 0.001 0.001 0.000 0.001 0.031 0.001 0.000 0.001 0.001 0.002 0.005 0.037 0.799 0.001 0.001 0.001 0.000 0.001 0.001 0.001 0.002 0.001 0.001 0.001 0.001 0.920 0.007 0.007 0.000 0.002 0.032 0.000 0.002 0.001 0.001 0.005 0.000 
10 crow_vis 30 0.995 0.156 0.993 0.001 0.206 0.057 0.001 0.001 0.002 0.001 0.001 0.000 0.388 0.006 0.005 0.041 0.019 0.978 0.003 0.228 0.072 0.010 0.000 0.000 0.006 0.002 0.001 0.000 0.006 0.001 0.131 0.002 0.003 0.875 0.000 0.000 0.002 0.001 0.001 0.000 0.004 0.001 0.001 0.001 0.000 0.000 0.063 0.002 0.010 0.000 0.008 0.261 0.076 0.000 0.004 0.005 0.002 0.000 
11 eagle_vis 30 0.995 0.779 0.054 0.001 0.002 0.076 0.001 0.001 0.001 0.002 0.212 0.000 0.803 0.001 0.005 0.001 0.141 0.025 0.001 0.001 0.003 0.006 0.000 0.000 0.001 0.001 0.001 0.004 0.001 0.001 0.419 0.002 0.001 0.007 0.001 0.001 0.001 0.233 0.001 0.000 0.016 0.001 0.001 0.004 0.000 0.000 0.001 0.001 0.001 0.000 0.001 0.001 0.562 0.000 0.002 0.001 0.002 0.001 
12 tuna_vis 30 0.995 0.001 0.006 0.987 0.010 0.002 0.001 0.058 0.018 0.001 0.001 0.022 0.001 0.001 0.000 0.000 0.000 0.001 0.009 0.001 0.008 0.000 0.954 0.001 0.034 0.033 0.004 0.024 0.001 0.001 0.007 0.001 0.079 0.006 0.002 0.001 0.001 0.001 0.001 0.001 0.001 0.200 0.002 0.001 0.004 0.291 0.001 0.001 0.301 0.051 0.001 0.001 0.000 0.000 0.001 0.001 0.001 0.000 
13 goldfish_vis 30 0.996 0.015 0.002 0.959 0.016 0.001 0.001 0.001 0.001 0.001 0.002 0.004 0.005 0.005 0.002 0.003 0.001 0.001 0.001 0.019 0.005 0.000 0.010 0.220 0.003 0.569 0.030 0.003 0.001 0.001 0.017 0.031 0.002 0.001 0.001 0.002 0.001 0.001 0.001 0.001 0.001 0.003 0.001 0.001 0.002 0.001 0.001 0.005 0.002 0.001 0.001 0.001 0.000 0.000 0.002 0.001 0.001 0.000 
14 salmon_vis 30 0.995 0.001 0.054 0.991 0.006 0.001 0.001 0.006 0.002 0.001 0.003 0.001 0.002 0.003 0.000 0.000 0.000 0.001 0.076 0.001 0.007 0.003 0.556 0.001 0.354 0.043 0.007 0.012 0.004 0.000 0.014 0.001 0.002 0.001 0.001 0.001 0.001 0.001 0.001 0.000 0.001 0.011 0.017 0.004 0.001 0.007 0.001 0.001 0.002 0.001 0.002 0.010 0.000 0.000 0.002 0.001 0.000 0.000 
15 sardine_vis 30 0.995 0.004 0.005 0.988 0.327 0.001 0.001 0.310 0.002 0.001 0.014 0.003 0.002 0.005 0.001 0.003 0.001 0.001 0.002 0.014 0.008 0.001 0.020 0.019 0.017 0.547 0.011 0.005 0.001 0.001 0.023 0.369 0.010 0.011 0.002 0.001 0.002 0.001 0.001 0.005 0.005 0.297 0.001 0.002 0.468 0.002 0.001 0.003 0.078 0.001 0.001 0.009 0.000 0.000 0.199 0.001 0.001 0.000 
16 catfish_vis 30 0.996 0.025 0.002 0.970 0.020 0.001 0.001 0.001 0.001 0.001 0.102 0.001 0.001 0.004 0.002 0.000 0.000 0.030 0.002 0.000 0.017 0.001 0.005 0.015 0.010 0.003 0.966 0.001 0.053 0.003 0.026 0.014 0.001 0.001 0.014 0.006 0.002 0.002 0.001 0.000 0.018 0.001 0.001 0.002 0.001 0.001 0.000 0.006 0.001 0.000 0.001 0.001 0.000 0.000 0.005 0.001 0.000 0.000 
17 cod_vis 30 0.995 0.002 0.006 0.987 0.015 0.001 0.001 0.008 0.002 0.001 0.003 0.002 0.003 0.004 0.000 0.006 0.000 0.001 0.003 0.035 0.005 0.001 0.049 0.008 0.037 0.632 0.005 0.016 0.001 0.001 0.020 0.012 0.006 0.002 0.001 0.001 0.002 0.001 0.001 0.001 0.001 0.096 0.002 0.002 0.011 0.002 0.001 0.003 0.005 0.001 0.001 0.004 0.000 0.000 0.006 0.001 0.000 0.000 
18 turtle_vis 30 0.996 0.001 0.021 0.014 0.976 0.001 0.001 0.001 0.001 0.001 0.001 0.000 0.006 0.001 0.001 0.000 0.001 0.050 0.016 0.000 0.006 0.091 0.001 0.001 0.124 0.001 0.018 0.009 0.961 0.020 0.068 0.011 0.002 0.059 0.029 0.003 0.001 0.002 0.001 0.001 0.005 0.000 0.002 0.088 0.001 0.000 0.001 0.000 0.001 0.000 0.007 0.001 0.001 0.000 0.001 0.000 0.000 0.000 
19 rattlesnake_vis 30 0.994 0.001 0.001 0.003 0.991 0.003 0.005 0.002 0.003 0.001 0.001 0.001 0.002 0.000 0.003 0.000 0.001 0.001 0.008 0.002 0.002 0.000 0.001 0.008 0.001 0.001 0.008 0.003 0.027 0.901 0.001 0.142 0.049 0.052 0.005 0.004 0.002 0.002 0.002 0.044 0.001 0.002 0.003 0.001 0.003 0.001 0.010 0.001 0.003 0.011 0.001 0.001 0.001 0.000 0.001 0.001 0.001 0.007 
20 crab_vis 30 0.996 0.002 0.001 0.758 0.480 0.001 0.001 0.001 0.001 0.000 0.001 0.001 0.012 0.002 0.003 0.000 0.000 0.001 0.001 0.001 0.003 0.001 0.001 0.231 0.030 0.025 0.043 0.016 0.007 0.004 0.299 0.009 0.001 0.010 0.004 0.002 0.001 0.002 0.001 0.001 0.003 0.001 0.001 0.002 0.001 0.000 0.001 0.000 0.001 0.000 0.001 0.001 0.000 0.000 0.001 0.000 0.000 0.000 
21 frog_vis 30 0.995 0.001 0.021 0.003 0.993 0.001 0.001 0.042 0.001 0.001 0.001 0.000 0.002 0.001 0.018 0.000 0.001 0.006 0.001 0.049 0.005 0.003 0.001 0.002 0.001 0.046 0.005 0.001 0.023 0.025 0.519 0.948 0.061 0.034 0.003 0.002 0.001 0.001 0.006 0.019 0.052 0.003 0.003 0.005 0.012 0.000 0.001 0.001 0.001 0.000 0.002 0.001 0.026 0.000 0.001 0.000 0.000 0.001 
22 gecko_vis 30 0.991 0.001 0.051 0.009 0.960 0.002 0.001 0.197 0.011 0.001 0.000 0.001 0.003 0.001 0.000 0.000 0.001 0.001 0.012 0.003 0.007 0.000 0.013 0.001 0.001 0.004 0.001 0.037 0.001 0.002 0.002 0.002 0.966 0.015 0.002 0.001 0.006 0.002 0.001 0.003 0.001 0.296 0.001 0.001 0.009 0.002 0.003 0.001 0.010 0.005 0.001 0.001 0.000 0.000 0.001 0.001 0.001 0.000 
23 crocodile_vis 30 0.995 0.001 0.003 0.002 0.993 0.002 0.001 0.032 0.001 0.001 0.001 0.001 0.004 0.000 0.004 0.000 0.000 0.002 0.001 0.034 0.003 0.000 0.001 0.001 0.001 0.002 0.002 0.003 0.020 0.026 0.027 0.444 0.018 0.969 0.010 0.001 0.001 0.002 0.001 0.011 0.015 0.052 0.001 0.001 0.023 0.001 0.001 0.001 0.018 0.001 0.001 0.001 0.003 0.000 0.001 0.000 0.000 0.001 
24 axe_vis 30 0.008 0.011 0.001 0.002 0.043 0.992 0.989 0.003 0.008 0.002 0.001 0.001 0.104 0.001 0.045 0.000 0.000 0.001 0.001 0.000 0.026 0.000 0.001 0.017 0.001 0.001 0.005 0.030 0.007 0.007 0.005 0.012 0.004 0.189 0.988 0.013 0.008 0.494 0.001 0.002 0.062 0.001 0.001 0.002 0.008 0.004 0.001 0.001 0.311 0.001 0.003 0.001 0.002 0.000 0.001 0.003 0.001 0.071 
25 hammer_vis 30 0.003 0.001 0.001 0.003 0.003 0.995 0.991 0.004 0.003 0.014 0.077 0.001 0.002 0.000 0.007 0.000 0.001 0.003 0.000 0.000 0.001 0.000 0.001 0.063 0.000 0.001 0.023 0.002 0.004 0.004 0.016 0.001 0.001 0.002 0.032 0.958 0.001 0.084 0.028 0.001 0.101 0.001 0.003 0.002 0.002 0.001 0.000 0.001 0.003 0.002 0.004 0.001 0.026 0.000 0.001 0.001 0.002 0.014 
26 screwdriver_vis 30 0.003 0.002 0.001 0.014 0.005 0.977 0.988 0.003 0.018 0.002 0.001 0.001 0.002 0.053 0.001 0.000 0.001 0.001 0.002 0.000 0.024 0.000 0.002 0.005 0.001 0.001 0.015 0.049 0.005 0.033 0.001 0.003 0.005 0.001 0.438 0.002 0.935 0.022 0.003 0.005 0.001 0.002 0.001 0.006 0.027 0.004 0.001 0.001 0.005 0.003 0.039 0.001 0.001 0.000 0.001 0.097 0.009 0.001 
27 chisel_vis 30 0.006 0.006 0.001 0.002 0.017 0.995 0.993 0.028 0.002 0.003 0.003 0.001 0.046 0.000 0.001 0.000 0.000 0.003 0.000 0.000 0.004 0.000 0.001 0.004 0.001 0.001 0.002 0.009 0.002 0.003 0.066 0.001 0.002 0.020 0.018 0.008 0.034 0.985 0.002 0.009 0.064 0.001 0.001 0.023 0.010 0.002 0.001 0.001 0.066 0.001 0.002 0.001 0.097 0.000 0.001 0.001 0.063 0.001 
28 saw_vis 30 0.002 0.001 0.001 0.003 0.003 0.995 0.994 0.003 0.002 0.014 0.012 0.001 0.001 0.000 0.004 0.000 0.001 0.001 0.000 0.000 0.001 0.000 0.001 0.026 0.000 0.001 0.006 0.001 0.002 0.006 0.001 0.001 0.001 0.001 0.009 0.220 0.001 0.037 0.974 0.003 0.092 0.001 0.001 0.011 0.003 0.000 0.001 0.001 0.001 0.001 0.003 0.001 0.133 0.000 0.001 0.001 0.001 0.008 
29 drill_vis 30 0.003 0.001 0.001 0.003 0.008 0.992 0.993 0.002 0.002 0.002 0.001 0.000 0.001 0.000 0.003 0.000 0.001 0.001 0.000 0.000 0.001 0.000 0.000 0.026 0.000 0.001 0.002 0.003 0.001 0.016 0.000 0.004 0.001 0.001 0.003 0.004 0.161 0.017 0.032 0.712 0.001 0.001 0.001 0.005 0.039 0.000 0.001 0.001 0.001 0.001 0.002 0.001 0.004 0.000 0.001 0.001 0.001 0.002 
30 clamp_vis 30 0.012 0.001 0.002 0.002 0.004 0.996 0.004 0.956 0.002 0.017 0.003 0.000 0.001 0.000 0.000 0.000 0.000 0.009 0.000 0.000 0.001 0.000 0.001 0.000 0.001 0.001 0.004 0.000 0.003 0.001 0.004 0.001 0.001 0.003 0.008 0.034 0.001 0.013 0.002 0.001 0.687 0.002 0.008 0.008 0.023 0.098 0.000 0.001 0.013 0.002 0.002 0.015 0.009 0.000 0.012 0.001 0.001 0.001 
31 hoe_vis 30 0.005 0.001 0.002 0.003 0.003 0.995 0.003 0.993 0.003 0.002 0.001 0.001 0.001 0.000 0.000 0.000 0.000 0.001 0.001 0.000 0.001 0.000 0.002 0.000 0.001 0.001 0.001 0.001 0.001 0.001 0.000 0.000 0.002 0.001 0.001 0.001 0.003 0.002 0.055 0.001 0.004 0.951 0.004 0.070 0.061 0.002 0.001 0.001 0.001 0.000 0.001 0.008 0.034 0.000 0.001 0.002 0.002 0.000 
32 rake_vis 30 0.009 0.001 0.004 0.018 0.002 0.995 0.001 0.992 0.013 0.005 0.001 0.000 0.001 0.000 0.000 0.000 0.000 0.004 0.026 0.003 0.001 0.000 0.004 0.000 0.001 0.001 0.001 0.001 0.002 0.000 0.001 0.000 0.001 0.001 0.002 0.003 0.001 0.001 0.001 0.001 0.010 0.324 0.908 0.004 0.009 0.477 0.001 0.001 0.001 0.008 0.001 0.013 0.001 0.000 0.010 0.001 0.063 0.000 
33 shovel_vis 30 0.008 0.001 0.004 0.005 0.004 0.995 0.026 0.991 0.003 0.002 0.001 0.000 0.001 0.000 0.000 0.000 0.000 0.006 0.001 0.001 0.003 0.000 0.003 0.000 0.002 0.001 0.001 0.001 0.002 0.000 0.003 0.000 0.001 0.001 0.002 0.001 0.002 0.060 0.001 0.001 0.036 0.182 0.015 0.487 0.019 0.024 0.001 0.001 0.003 0.000 0.002 0.010 0.015 0.000 0.002 0.002 0.006 0.000 
34 spade_vis 30 0.019 0.001 0.002 0.002 0.009 0.995 0.011 0.969 0.005 0.001 0.001 0.000 0.001 0.000 0.000 0.000 0.000 0.002 0.001 0.000 0.001 0.000 0.001 0.000 0.001 0.001 0.001 0.000 0.001 0.000 0.000 0.000 0.001 0.000 0.003 0.001 0.002 0.001 0.002 0.012 0.004 0.033 0.016 0.003 0.971 0.001 0.001 0.001 0.001 0.000 0.001 0.011 0.001 0.000 0.036 0.001 0.000 0.000 
35 wrench_vis 30 0.009 0.001 0.005 0.004 0.004 0.995 0.007 0.992 0.003 0.003 0.001 0.001 0.001 0.000 0.000 0.000 0.000 0.003 0.001 0.000 0.005 0.000 0.008 0.000 0.002 0.001 0.001 0.001 0.001 0.000 0.003 0.001 0.002 0.001 0.003 0.001 0.001 0.021 0.001 0.001 0.036 0.135 0.008 0.007 0.350 0.070 0.001 0.001 0.014 0.001 0.001 0.004 0.019 0.000 0.002 0.004 0.005 0.000 
36 accordion_vis 30 0.004 0.002 0.001 0.006 0.004 0.995 0.003 0.001 0.995 0.001 0.001 0.002 0.001 0.003 0.001 0.004 0.001 0.002 0.002 0.000 0.003 0.000 0.002 0.018 0.001 0.001 0.001 0.006 0.001 0.026 0.001 0.000 0.020 0.095 0.003 0.003 0.003 0.002 0.002 0.009 0.001 0.001 0.002 0.001 0.001 0.001 0.944 0.004 0.140 0.227 0.018 0.005 0.000 0.001 0.001 0.001 0.004 0.002 
37 cello_vis 30 0.004 0.001 0.002 0.026 0.002 0.992 0.003 0.001 0.995 0.001 0.001 0.006 0.001 0.001 0.001 0.002 0.000 0.026 0.038 0.002 0.003 0.000 0.018 0.001 0.001 0.003 0.008 0.001 0.001 0.008 0.001 0.000 0.005 0.002 0.002 0.009 0.002 0.001 0.003 0.004 0.001 0.001 0.086 0.001 0.004 0.003 0.394 0.906 0.038 0.123 0.010 0.029 0.000 0.001 0.004 0.002 0.001 0.003 
38 flute_vis 30 0.004 0.002 0.002 0.006 0.003 0.995 0.003 0.001 0.995 0.001 0.001 0.001 0.001 0.001 0.000 0.001 0.000 0.013 0.001 0.000 0.010 0.000 0.014 0.001 0.001 0.001 0.003 0.001 0.001 0.001 0.002 0.000 0.014 0.046 0.006 0.003 0.002 0.008 0.001 0.001 0.004 0.004 0.002 0.001 0.004 0.092 0.006 0.032 0.985 0.026 0.008 0.007 0.000 0.000 0.001 0.003 0.022 0.001 
39 guitar_vis 30 0.003 0.002 0.001 0.012 0.002 0.995 0.005 0.002 0.994 0.001 0.001 0.005 0.001 0.001 0.001 0.001 0.001 0.003 0.003 0.000 0.002 0.000 0.026 0.001 0.001 0.001 0.002 0.001 0.001 0.013 0.001 0.001 0.015 0.015 0.030 0.006 0.002 0.002 0.001 0.002 0.001 0.006 0.003 0.001 0.020 0.009 0.036 0.030 0.929 0.633 0.002 0.004 0.000 0.000 0.001 0.002 0.007 0.010 
40 piano_vis 30 0.002 0.001 0.001 0.018 0.002 0.996 0.061 0.001 0.989 0.001 0.010 0.000 0.001 0.119 0.001 0.009 0.003 0.023 0.001 0.000 0.007 0.000 0.001 0.012 0.001 0.003 0.008 0.003 0.001 0.001 0.026 0.000 0.002 0.007 0.001 0.109 0.003 0.004 0.003 0.001 0.001 0.001 0.006 0.005 0.001 0.001 0.019 0.003 0.054 0.000 0.976 0.008 0.001 0.000 0.001 0.001 0.262 0.000 
41 trumpet_vis 30 0.004 0.001 0.010 0.017 0.002 0.995 0.001 0.003 0.993 0.001 0.001 0.000 0.001 0.000 0.000 0.000 0.000 0.008 0.001 0.000 0.001 0.000 0.002 0.000 0.001 0.001 0.001 0.000 0.001 0.001 0.000 0.000 0.001 0.001 0.001 0.001 0.001 0.001 0.031 0.001 0.004 0.010 0.019 0.002 0.008 0.001 0.001 0.385 0.002 0.000 0.006 0.775 0.000 0.000 0.026 0.001 0.000 0.000 
42 fork_vis 30 0.004 0.003 0.001 0.001 0.001 0.996 0.020 0.002 0.001 0.986 0.103 0.001 0.003 0.000 0.001 0.000 0.109 0.003 0.000 0.000 0.001 0.000 0.000 0.000 0.000 0.001 0.001 0.000 0.000 0.001 0.001 0.001 0.001 0.000 0.002 0.036 0.001 0.003 0.015 0.001 0.016 0.001 0.005 0.001 0.001 0.000 0.001 0.001 0.001 0.000 0.001 0.001 0.971 0.000 0.004 0.002 0.042 0.033 
43 spoon_vis 30 0.002 0.005 0.001 0.001 0.001 0.996 0.002 0.004 0.008 0.985 0.001 0.002 0.001 0.001 0.001 0.000 0.008 0.001 0.001 0.002 0.001 0.000 0.000 0.000 0.000 0.001 0.001 0.000 0.000 0.002 0.000 0.001 0.001 0.000 0.001 0.001 0.001 0.002 0.005 0.001 0.001 0.010 0.002 0.001 0.001 0.001 0.001 0.001 0.001 0.009 0.001 0.001 0.045 0.019 0.001 0.011 0.978 0.005 
44 tongs_vis 30 0.009 0.001 0.002 0.001 0.001 0.992 0.002 0.009 0.001 0.981 0.007 0.001 0.001 0.000 0.001 0.000 0.000 0.018 0.001 0.001 0.001 0.000 0.001 0.000 0.000 0.001 0.001 0.000 0.001 0.001 0.000 0.001 0.000 0.000 0.005 0.003 0.001 0.001 0.005 0.001 0.046 0.001 0.005 0.001 0.001 0.001 0.000 0.001 0.001 0.001 0.001 0.002 0.067 0.005 0.492 0.004 0.001 0.231 
45 ladle_vis 30 0.003 0.002 0.012 0.001 0.001 0.995 0.002 0.036 0.001 0.985 0.001 0.001 0.001 0.001 0.001 0.000 0.002 0.004 0.001 0.011 0.019 0.011 0.000 0.000 0.000 0.001 0.001 0.000 0.000 0.001 0.000 0.001 0.001 0.000 0.001 0.001 0.003 0.002 0.008 0.001 0.003 0.033 0.001 0.012 0.001 0.010 0.001 0.001 0.001 0.000 0.002 0.001 0.122 0.003 0.003 0.894 0.819 0.001 
46 knife_vis 30 0.003 0.009 0.001 0.001 0.001 0.996 0.001 0.004 0.006 0.982 0.002 0.002 0.001 0.000 0.001 0.000 0.003 0.002 0.001 0.001 0.001 0.000 0.001 0.000 0.000 0.001 0.001 0.000 0.000 0.003 0.000 0.001 0.001 0.001 0.001 0.003 0.000 0.002 0.001 0.001 0.001 0.003 0.002 0.001 0.001 0.001 0.001 0.001 0.003 0.014 0.001 0.001 0.051 0.005 0.002 0.004 0.986 0.012 
47 chopsticks_vis 30 0.003 0.007 0.001 0.001 0.001 0.996 0.036 0.001 0.002 0.989 0.005 0.002 0.001 0.000 0.071 0.000 0.004 0.003 0.001 0.000 0.001 0.000 0.001 0.000 0.000 0.001 0.001 0.000 0.000 0.005 0.000 0.001 0.000 0.000 0.017 0.008 0.001 0.001 0.073 0.001 0.008 0.001 0.001 0.001 0.001 0.000 0.001 0.001 0.001 0.001 0.001 0.001 0.189 0.027 0.016 0.005 0.001 0.936 
0 beaver_vis 30 0.996 0.984 0.017 0.002 0.001 0.003 0.001 0.001 0.001 0.002 0.938 0.034 0.025 0.001 0.083 0.002 0.014 0.019 0.001 0.000 0.001 0.000 0.001 0.001 0.000 0.001 0.001 0.000 0.000 0.001 0.001 0.003 0.001 0.001 0.000 0.002 0.000 0.001 0.001 0.001 0.001 0.001 0.001 0.001 0.001 0.000 0.000 0.001 0.002 0.000 0.001 0.002 0.014 0.000 0.052 0.000 0.001 0.083 
1 bear_vis 30 0.996 0.977 0.011 0.004 0.001 0.001 0.001 0.001 0.001 0.002 0.001 0.950 0.044 0.048 0.001 0.023 0.002 0.001 0.004 0.001 0.008 0.000 0.187 0.010 0.001 0.003 0.001 0.001 0.000 0.001 0.001 0.001 0.003 0.001 0.000 0.001 0.001 0.001 0.001 0.001 0.000 0.001 0.001 0.001 0.000 0.000 0.002 0.000 0.009 0.013 0.001 0.001 0.000 0.050 0.001 0.001 0.035 0.016 
2 sheep_vis 30 0.996 0.992 0.005 0.002 0.001 0.001 0.001 0.001 0.001 0.001 0.009 0.081 0.901 0.007 0.886 0.007 0.014 0.003 0.001 0.001 0.003 0.000 0.001 0.055 0.001 0.001 0.001 0.003 0.000 0.001 0.053 0.004 0.001 0.136 0.001 0.001 0.001 0.004 0.001 0.007 0.001 0.001 0.001 0.001 0.000 0.000 0.001 0.001 0.003 0.000 0.001 0.001 0.007 0.000 0.001 0.001 0.002 0.055 
3 buffalo_vis 30 0.996 0.991 0.054 0.044 0.001 0.001 0.001 0.001 0.001 0.002 0.038 0.096 0.064 0.961 0.017 0.337 0.106 0.003 0.040 0.003 0.066 0.054 0.003 0.057 0.022 0.015 0.056 0.004 0.000 0.006 0.002 0.001 0.001 0.000 0.000 0.001 0.034 0.001 0.001 0.000 0.000 0.001 0.001 0.001 0.000 0.000 0.001 0.000 0.001 0.000 0.001 0.001 0.001 0.006 0.001 0.040 0.100 0.001 
4 poodle_vis 30 0.996 0.993 0.004 0.002 0.001 0.001 0.001 0.001 0.001 0.002 0.045 0.131 0.056 0.001 0.982 0.366 0.018 0.002 0.001 0.011 0.001 0.001 0.001 0.541 0.000 0.009 0.001 0.000 0.000 0.016 0.001 0.209 0.001 0.042 0.000 0.001 0.001 0.001 0.001 0.166 0.000 0.001 0.001 0.001 0.000 0.000 0.002 0.001 0.002 0.001 0.001 0.001 0.014 0.003 0.003 0.000 0.002 0.143 
5 giraffe_vis 30 0.996 0.991 0.076 0.008 0.001 0.001 0.001 0.001 0.001 0.001 0.027 0.142 0.017 0.172 0.085 0.975 0.086 0.001 0.003 0.144 0.002 0.010 0.001 0.071 0.001 0.123 0.001 0.001 0.000 0.001 0.001 0.003 0.001 0.001 0.000 0.000 0.001 0.001 0.001 0.001 0.000 0.001 0.001 0.001 0.000 0.000 0.001 0.000 0.001 0.000 0.001 0.001 0.001 0.051 0.001 0.001 0.033 0.001 
6 robin_vis 30 0.995 0.921 0.052 0.001 0.001 0.006 0.001 0.001 0.001 0.001 0.219 0.001 0.869 0.017 0.005 0.003 0.356 0.003 0.004 0.001 0.004 0.004 0.001 0.000 0.003 0.001 0.001 0.062 0.001 0.001 0.364 0.001 0.001 0.001 0.001 0.001 0.001 0.096 0.001 0.000 0.003 0.001 0.001 0.002 0.000 0.000 0.002 0.001 0.001 0.000 0.002 0.001 0.352 0.000 0.001 0.001 0.005 0.001 
7 swan_vis 30 0.995 0.151 0.993 0.001 0.382 0.118 0.001 0.001 0.002 0.001 0.001 0.000 0.336 0.002 0.017 0.011 0.026 0.988 0.002 0.068 0.013 0.012 0.000 0.000 0.002 0.002 0.001 0.000 0.007 0.001 0.152 0.003 0.001 0.938 0.000 0.000 0.001 0.001 0.001 0.000 0.018 0.001 0.001 0.002 0.000 0.000 0.021 0.002 0.010 0.000 0.010 0.488 0.332 0.000 0.009 0.002 0.001 0.000 
8 woodpecker_vis 30 0.995 0.250 0.966 0.001 0.002 0.003 0.001 0.001 0.002 0.009 0.006 0.275 0.550 0.003 0.001 0.115 0.541 0.004 0.409 0.049 0.014 0.002 0.038 0.000 0.003 0.002 0.001 0.028 0.001 0.001 0.001 0.001 0.014 0.003 0.001 0.001 0.001 0.001 0.001 0.001 0.000 0.016 0.022 0.001 0.001 0.001 0.005 0.001 0.002 0.008 0.001 0.006 0.001 0.148 0.002 0.002 0.047 0.003 
9 peacock_vis 30 0.995 0.015 0.992 0.001 0.016 0.030 0.001 0.001 0.075 0.001 0.000 0.001 0.002 0.000 0.001 0.949 0.010 0.663 0.003 0.984 0.009 0.001 0.001 0.000 0.001 0.031 0.001 0.000 0.001 0.001 0.002 0.004 0.033 0.869 0.001 0.000 0.001 0.000 0.001 0.001 0.001 0.003 0.001 0.001 0.001 0.001 0.953 0.009 0.010 0.000 0.002 0.053 0.000 0.001 0.001 0.001 0.007 0.000 
10 crow_vis 30 0.995 0.127 0.993 0.001 0.167 0.037 0.001 0.001 0.001 0.001 0.001 0.001 0.349 0.008 0.003 0.045 0.020 0.965 0.004 0.299 0.112 0.013 0.000 0.000 0.007 0.002 0.001 0.000 0.005 0.001 0.128 0.002 0.004 0.825 0.000 0.000 0.002 0.001 0.001 0.000 0.003 0.001 0.001 0.001 0.000 0.001 0.062 0.002 0.009 0.000 0.005 0.210 0.051 0.000 0.004 0.007 0.003 0.000 
11 eagle_vis 30 0.995 0.786 0.080 0.001 0.002 0.001 0.001 0.001 0.001 0.001 0.016 0.001 0.625 0.002 0.010 0.003 0.044 0.015 0.002 0.007 0.004 0.048 0.000 0.000 0.006 0.004 0.001 0.008 0.001 0.001 0.014 0.003 0.001 0.001 0.002 0.000 0.001 0.008 0.001 0.000 0.002 0.001 0.001 0.002 0.000 0.000 0.001 0.002 0.001 0.000 0.001 0.001 0.059 0.000 0.003 0.001 0.001 0.001 
12 tuna_vis 30 0.995 0.002 0.002 0.989 0.013 0.001 0.001 0.006 0.024 0.001 0.001 0.176 0.001 0.003 0.000 0.000 0.000 0.001 0.005 0.001 0.036 0.000 0.963 0.032 0.004 0.381 0.056 0.003 0.001 0.001 0.022 0.001 0.409 0.002 0.001 0.001 0.001 0.001 0.001 0.001 0.001 0.046 0.001 0.001 0.002 0.346 0.001 0.007 0.290 0.152 0.001 0.001 0.000 0.000 0.001 0.001 0.001 0.000 
13 goldfish_vis 30 0.996 0.004 0.001 0.953 0.054 0.001 0.001 0.001 0.001 0.001 0.001 0.003 0.001 0.006 0.004 0.005 0.001 0.001 0.001 0.045 0.003 0.000 0.004 0.538 0.003 0.634 0.017 0.004 0.001 0.004 0.017 0.022 0.003 0.005 0.001 0.001 0.001 0.001 0.001 0.002 0.001 0.003 0.001 0.001 0.001 0.001 0.001 0.001 0.001 0.001 0.001 0.001 0.000 0.000 0.001 0.000 0.001 0.000 
14 salmon_vis 30 0.995 0.002 0.028 0.992 0.005 0.001 0.001 0.003 0.002 0.001 0.004 0.004 0.001 0.004 0.000 0.001 0.000 0.001 0.020 0.008 0.010 0.001 0.504 0.003 0.094 0.378 0.044 0.002 0.002 0.001 0.010 0.002 0.004 0.001 0.001 0.001 0.002 0.001 0.001 0.000 0.001 0.009 0.005 0.002 0.002 0.009 0.001 0.008 0.003 0.001 0.001 0.003 0.000 0.000 0.003 0.001 0.000 0.000 
15 sardine_vis 30 0.995 0.004 0.003 0.989 0.076 0.001 0.001 0.012 0.003 0.001 0.004 0.007 0.001 0.003 0.002 0.017 0.000 0.001 0.002 0.060 0.004 0.000 0.040 0.109 0.005 0.906 0.044 0.002 0.001 0.001 0.008 0.384 0.013 0.002 0.001 0.001 0.001 0.001 0.002 0.003 0.004 0.065 0.001 0.001 0.089 0.002 0.001 0.035 0.019 0.002 0.001 0.001 0.000 0.000 0.032 0.001 0.001 0.000 
16 catfish_vis 30 0.996 0.023 0.002 0.985 0.032 0.001 0.001 0.001 0.001 0.001 0.070 0.001 0.001 0.005 0.003 0.000 0.000 0.017 0.002 0.000 0.030 0.001 0.008 0.103 0.008 0.033 0.981 0.001 0.025 0.003 0.046 0.064 0.001 0.001 0.006 0.004 0.002 0.001 0.001 0.000 0.027 0.001 0.001 0.002 0.001 0.001 0.000 0.040 0.001 0.000 0.001 0.001 0.000 0.000 0.004 0.001 0.000 0.000 
17 cod_vis 30 0.995 0.002 0.004 0.991 0.009 0.001 0.001 0.002 0.003 0.001 0.002 0.013 0.001 0.004 0.001 0.044 0.000 0.001 0.003 0.105 0.004 0.000 0.131 0.113 0.005 0.945 0.022 0.005 0.001 0.001 0.008 0.029 0.016 0.001 0.001 0.001 0.001 0.001 0.002 0.001 0.001 0.040 0.002 0.001 0.004 0.002 0.001 0.046 0.004 0.003 0.001 0.001 0.000 0.000 0.003 0.001 0.001 0.000 
18 turtle_vis 30 0.996 0.001 0.019 0.014 0.978 0.001 0.001 0.001 0.001 0.001 0.001 0.000 0.004 0.001 0.001 0.000 0.001 0.047 0.017 0.000 0.007 0.089 0.001 0.001 0.105 0.001 0.024 0.007 0.956 0.026 0.068 0.015 0.002 0.046 0.029 0.003 0.001 0.001 0.001 0.001 0.005 0.000 0.002 0.085 0.001 0.000 0.001 0.000 0.001 0.000 0.008 0.001 0.001 0.000 0.001 0.000 0.000 0.000 
19 rattlesnake_vis 30 0.994 0.001 0.001 0.003 0.989 0.002 0.003 0.002 0.004 0.001 0.001 0.001 0.001 0.001 0.002 0.000 0.001 0.001 0.013 0.002 0.002 0.000 0.001 0.007 0.001 0.001 0.009 0.003 0.022 0.916 0.001 0.100 0.043 0.030 0.004 0.003 0.002 0.001 0.002 0.059 0.001 0.001 0.004 0.001 0.002 0.001 0.015 0.001 0.003 0.014 0.001 0.001 0.001 0.000 0.001 0.001 0.001 0.007 
20 crab_vis 30 0.996 0.002 0.001 0.217 0.805 0.001 0.001 0.001 0.001 0.000 0.000 0.001 0.027 0.002 0.001 0.000 0.000 0.001 0.001 0.000 0.004 0.000 0.001 0.003 0.056 0.002 0.004 0.071 0.008 0.001 0.926 0.001 0.002 0.039 0.005 0.001 0.001 0.002 0.001 0.001 0.005 0.001 0.001 0.002 0.001 0.000 0.001 0.000 0.001 0.000 0.001 0.001 0.000 0.000 0.000 0.000 0.000 0.000 
21 frog_vis 30 0.995 0.001 0.025 0.003 0.994 0.001 0.001 0.010 0.001 0.001 0.001 0.001 0.002 0.001 0.039 0.000 0.001 0.006 0.002 0.048 0.005 0.004 0.001 0.003 0.001 0.048 0.006 0.001 0.018 0.048 0.194 0.970 0.083 0.025 0.003 0.001 0.001 0.001 0.005 0.049 0.031 0.003 0.001 0.004 0.039 0.000 0.001 0.001 0.001 0.000 0.002 0.001 0.010 0.000 0.002 0.000 0.000 0.001 
22 gecko_vis 30 0.987 0.001 0.009 0.007 0.921 0.002 0.001 0.012 0.013 0.001 0.000 0.002 0.002 0.001 0.000 0.000 0.001 0.001 0.004 0.002 0.010 0.000 0.009 0.001 0.001 0.006 0.001 0.010 0.001 0.003 0.002 0.005 0.953 0.010 0.002 0.001 0.002 0.001 0.001 0.001 0.001 0.026 0.001 0.001 0.001 0.002 0.004 0.001 0.009 0.009 0.001 0.001 0.000 0.000 0.001 0.001 0.001 0.000 
23 crocodile_vis 30 0.995 0.001 0.003 0.002 0.993 0.002 0.001 0.052 0.002 0.001 0.000 0.001 0.005 0.000 0.001 0.000 0.000 0.001 0.001 0.002 0.003 0.000 0.001 0.001 0.001 0.001 0.002 0.004 0.010 0.012 0.051 0.014 0.036 0.981 0.005 0.001 0.001 0.001 0.001 0.005 0.011 0.040 0.001 0.001 0.018 0.001 0.001 0.001 0.038 0.001 0.001 0.001 0.001 0.000 0.001 0.001 0.000 0.001 
24 axe_vis 30 0.007 0.006 0.001 0.003 0.025 0.987 0.988 0.003 0.011 0.002 0.001 0.001 0.016 0.002 0.036 0.000 0.001 0.001 0.001 0.000 0.014 0.000 0.001 0.017 0.001 0.001 0.009 0.026 0.010 0.023 0.001 0.019 0.003 0.044 0.989 0.010 0.017 0.096 0.001 0.002 0.015 0.001 0.001 0.001 0.012 0.003 0.001 0.001 0.117 0.002 0.005 0.001 0.002 0.000 0.001 0.005 0.001 0.053 
25 hammer_vis 30 0.003 0.001 0.001 0.002 0.003 0.995 0.862 0.003 0.009 0.011 0.010 0.001 0.001 0.000 0.002 0.000 0.000 0.001 0.000 0.000 0.001 0.000 0.001 0.098 0.000 0.001 0.004 0.002 0.002 0.010 0.001 0.001 0.001 0.006 0.007 0.972 0.001 0.007 0.005 0.031 0.012 0.001 0.024 0.001 0.002 0.001 0.001 0.001 0.002 0.071 0.001 0.001 0.005 0.000 0.001 0.001 0.004 0.026 
26 screwdriver_vis 30 0.003 0.002 0.001 0.024 0.004 0.971 0.989 0.003 0.016 0.002 0.001 0.001 0.001 0.081 0.001 0.000 0.001 0.001 0.004 0.000 0.029 0.000 0.003 0.004 0.001 0.001 0.013 0.057 0.003 0.031 0.000 0.002 0.009 0.001 0.116 0.002 0.980 0.023 0.004 0.006 0.001 0.005 0.001 0.016 0.043 0.004 0.001 0.001 0.003 0.003 0.050 0.001 0.001 0.000 0.001 0.142 0.018 0.001 
27 chisel_vis 30 0.005 0.002 0.001 0.003 0.006 0.994 0.732 0.017 0.021 0.004 0.002 0.001 0.003 0.001 0.001 0.000 0.000 0.001 0.001 0.000 0.003 0.000 0.001 0.013 0.001 0.001 0.003 0.005 0.002 0.012 0.003 0.001 0.002 0.030 0.036 0.160 0.001 0.050 0.001 0.003 0.009 0.001 0.001 0.001 0.002 0.002 0.001 0.001 0.031 0.026 0.001 0.001 0.008 0.000 0.001 0.001 0.058 0.004 
28 saw_vis 30 0.003 0.001 0.001 0.002 0.005 0.995 0.992 0.002 0.002 0.005 0.019 0.001 0.001 0.000 0.007 0.000 0.001 0.002 0.000 0.000 0.001 0.000 0.001 0.051 0.000 0.001 0.017 0.003 0.004 0.011 0.002 0.003 0.001 0.002 0.046 0.631 0.002 0.053 0.012 0.006 0.014 0.001 0.002 0.004 0.002 0.000 0.001 0.001 0.001 0.001 0.005 0.001 0.015 0.000 0.001 0.001 0.002 0.006 
29 drill_vis 30 0.004 0.001 0.001 0.002 0.012 0.992 0.993 0.002 0.002 0.002 0.001 0.001 0.001 0.000 0.004 0.000 0.000 0.001 0.000 0.000 0.001 0.000 0.001 0.058 0.000 0.001 0.002 0.002 0.001 0.024 0.000 0.004 0.001 0.001 0.003 0.007 0.027 0.006 0.043 0.971 0.001 0.001 0.002 0.003 0.041 0.000 0.001 0.001 0.001 0.002 0.002 0.001 0.004 0.000 0.001 0.001 0.001 0.007 
30 clamp_vis 30 0.029 0.001 0.002 0.002 0.011 0.995 0.002 0.879 0.065 0.012 0.002 0.000 0.001 0.000 0.000 0.000 0.000 0.012 0.001 0.000 0.001 0.000 0.001 0.000 0.001 0.001 0.002 0.000 0.003 0.001 0.016 0.000 0.001 0.030 0.004 0.045 0.001 0.018 0.001 0.001 0.549 0.003 0.057 0.005 0.017 0.457 0.000 0.003 0.132 0.003 0.001 0.010 0.008 0.000 0.010 0.001 0.010 0.001 
31 hoe_vis 30 0.006 0.001 0.002 0.007 0.003 0.994 0.002 0.992 0.004 0.002 0.000 0.001 0.001 0.000 0.000 0.000 0.000 0.001 0.001 0.001 0.002 0.000 0.002 0.000 0.002 0.001 0.001 0.002 0.001 0.001 0.001 0.000 0.004 0.001 0.001 0.001 0.007 0.005 0.052 0.001 0.002 0.971 0.005 0.280 0.018 0.008 0.001 0.001 0.002 0.001 0.002 0.010 0.007 0.000 0.001 0.005 0.010 0.000 
32 rake_vis 30 0.011 0.001 0.009 0.017 0.002 0.991 0.001 0.993 0.018 0.004 0.001 0.000 0.001 0.000 0.000 0.000 0.000 0.003 0.073 0.022 0.001 0.000 0.004 0.000 0.002 0.001 0.001 0.001 0.002 0.000 0.002 0.000 0.001 0.001 0.001 0.003 0.001 0.001 0.001 0.001 0.002 0.103 0.984 0.005 0.005 0.099 0.001 0.001 0.001 0.005 0.001 0.015 0.001 0.001 0.006 0.001 0.056 0.000 
33 shovel_vis 30 0.006 0.001 0.004 0.010 0.003 0.995 0.002 0.993 0.006 0.002 0.001 0.001 0.001 0.000 0.000 0.000 0.000 0.003 0.003 0.008 0.003 0.000 0.004 0.000 0.003 0.001 0.001 0.001 0.002 0.000 0.002 0.000 0.002 0.001 0.002 0.001 0.002 0.009 0.001 0.001 0.003 0.404 0.117 0.028 0.006 0.206 0.001 0.001 0.003 0.001 0.002 0.004 0.001 0.000 0.001 0.003 0.097 0.000 
34 spade_vis 30 0.011 0.001 0.003 0.003 0.004 0.995 0.002 0.973 0.009 0.001 0.000 0.000 0.001 0.000 0.000 0.000 0.000 0.002 0.003 0.000 0.001 0.000 0.001 0.000 0.001 0.001 0.001 0.001 0.001 0.000 0.000 0.000 0.001 0.001 0.001 0.001 0.002 0.001 0.001 0.004 0.001 0.107 0.045 0.003 0.886 0.003 0.001 0.001 0.001 0.001 0.001 0.011 0.001 0.000 0.017 0.001 0.001 0.000 
35 wrench_vis 30 0.007 0.001 0.031 0.006 0.002 0.995 0.002 0.992 0.005 0.004 0.001 0.001 0.001 0.000 0.000 0.000 0.000 0.035 0.001 0.001 0.063 0.000 0.045 0.000 0.003 0.001 0.004 0.001 0.001 0.001 0.026 0.001 0.005 0.002 0.004 0.001 0.001 0.459 0.001 0.001 0.109 0.020 0.005 0.028 0.029 0.988 0.001 0.002 0.201 0.001 0.001 0.007 0.001 0.000 0.002 0.012 0.056 0.000 
36 accordion_vis 30 0.036 0.002 0.003 0.005 0.007 0.867 0.003 0.001 0.994 0.001 0.001 0.002 0.001 0.002 0.001 0.475 0.010 0.002 0.001 0.005 0.003 0.000 0.002 0.072 0.001 0.011 0.002 0.002 0.001 0.006 0.001 0.001 0.018 0.187 0.002 0.002 0.004 0.001 0.002 0.018 0.001 0.001 0.002 0.001 0.001 0.001 0.784 0.004 0.041 0.018 0.019 0.009 0.000 0.001 0.001 0.001 0.001 0.001 
37 cello_vis 30 0.003 0.001 0.002 0.028 0.002 0.990 0.002 0.001 0.995 0.001 0.001 0.002 0.001 0.001 0.001 0.001 0.000 0.014 0.006 0.001 0.003 0.000 0.012 0.001 0.001 0.004 0.013 0.001 0.001 0.002 0.000 0.000 0.003 0.001 0.002 0.006 0.002 0.001 0.008 0.001 0.001 0.001 0.012 0.001 0.002 0.003 0.035 0.961 0.017 0.013 0.009 0.023 0.000 0.000 0.005 0.003 0.001 0.001 
38 flute_vis 30 0.004 0.002 0.002 0.007 0.003 0.995 0.004 0.001 0.995 0.001 0.001 0.003 0.001 0.001 0.001 0.001 0.000 0.004 0.001 0.000 0.004 0.000 0.028 0.001 0.001 0.001 0.002 0.001 0.001 0.004 0.001 0.000 0.019 0.026 0.015 0.003 0.002 0.003 0.001 0.002 0.001 0.004 0.001 0.001 0.018 0.014 0.027 0.033 0.982 0.321 0.004 0.005 0.000 0.000 0.001 0.002 0.005 0.007 
39 guitar_vis 30 0.003 0.002 0.001 0.013 0.002 0.995 0.004 0.002 0.994 0.001 0.001 0.004 0.001 0.001 0.001 0.001 0.001 0.002 0.004 0.000 0.002 0.000 0.015 0.001 0.000 0.001 0.001 0.001 0.001 0.019 0.000 0.001 0.011 0.012 0.030 0.003 0.002 0.001 0.001 0.003 0.001 0.009 0.003 0.001 0.018 0.005 0.046 0.026 0.895 0.647 0.001 0.003 0.000 0.000 0.001 0.001 0.005 0.008 
40 piano_vis 30 0.003 0.002 0.002 0.012 0.002 0.993 0.125 0.001 0.994 0.001 0.001 0.001 0.001 0.209 0.001 0.004 0.003 0.017 0.002 0.000 0.016 0.000 0.001 0.012 0.002 0.002 0.013 0.006 0.005 0.003 0.001 0.000 0.002 0.003 0.021 0.004 0.120 0.001 0.002 0.001 0.001 0.001 0.001 0.002 0.001 0.001 0.106 0.011 0.019 0.000 0.988 0.007 0.000 0.000 0.001 0.003 0.002 0.000 
41 trumpet_vis 30 0.004 0.001 0.018 0.015 0.002 0.995 0.001 0.003 0.993 0.001 0.001 0.000 0.001 0.000 0.000 0.000 0.000 0.008 0.002 0.000 0.001 0.000 0.002 0.000 0.001 0.001 0.001 0.000 0.001 0.001 0.000 0.000 0.001 0.001 0.001 0.001 0.001 0.001 0.011 0.001 0.002 0.015 0.029 0.002 0.012 0.001 0.002 0.109 0.002 0.000 0.005 0.948 0.000 0.000 0.043 0.001 0.000 0.000 
42 fork_vis 30 0.003 0.003 0.001 0.001 0.001 0.996 0.013 0.002 0.001 0.988 0.033 0.001 0.001 0.000 0.001 0.000 0.065 0.002 0.000 0.000 0.001 0.000 0.000 0.000 0.000 0.001 0.001 0.000 0.000 0.001 0.000 0.001 0.001 0.000 0.001 0.021 0.001 0.002 0.020 0.001 0.009 0.001 0.003 0.001 0.001 0.000 0.001 0.001 0.001 0.001 0.001 0.001 0.937 0.001 0.003 0.003 0.064 0.042 
43 spoon_vis 30 0.003 0.009 0.004 0.001 0.001 0.990 0.001 0.001 0.017 0.947 0.001 0.017 0.001 0.001 0.001 0.002 0.009 0.001 0.013 0.122 0.001 0.000 0.001 0.000 0.000 0.001 0.001 0.000 0.000 0.002 0.000 0.001 0.001 0.000 0.001 0.001 0.001 0.001 0.002 0.002 0.001 0.002 0.002 0.001 0.001 0.000 0.028 0.001 0.001 0.038 0.001 0.001 0.002 0.910 0.005 0.010 0.138 0.040 
44 tongs_vis 30 0.006 0.002 0.002 0.001 0.001 0.993 0.004 0.002 0.001 0.985 0.003 0.001 0.001 0.000 0.010 0.000 0.001 0.008 0.001 0.000 0.001 0.000 0.001 0.000 0.000 0.001 0.001 0.000 0.001 0.002 0.000 0.001 0.000 0.000 0.019 0.003 0.001 0.001 0.012 0.001 0.013 0.001 0.002 0.001 0.002 0.001 0.001 0.001 0.001 0.001 0.001 0.001 0.029 0.029 0.245 0.006 0.001 0.812 
45 ladle_vis 30 0.003 0.002 0.007 0.001 0.001 0.994 0.001 0.034 0.002 0.986 0.001 0.001 0.001 0.001 0.001 0.000 0.002 0.002 0.001 0.054 0.011 0.004 0.001 0.000 0.000 0.001 0.001 0.000 0.000 0.001 0.000 0.001 0.001 0.000 0.001 0.001 0.004 0.001 0.010 0.001 0.002 0.071 0.001 0.001 0.001 0.007 0.002 0.001 0.001 0.001 0.001 0.001 0.031 0.028 0.007 0.903 0.487 0.002 
46 knife_vis 30 0.003 0.007 0.001 0.001 0.000 0.996 0.001 0.006 0.009 0.978 0.002 0.003 0.001 0.001 0.001 0.000 0.004 0.001 0.001 0.007 0.001 0.000 0.001 0.000 0.000 0.001 0.001 0.000 0.000 0.002 0.000 0.001 0.001 0.001 0.001 0.002 0.000 0.001 0.001 0.001 0.001 0.007 0.003 0.001 0.001 0.001 0.001 0.001 0.003 0.021 0.001 0.001 0.020 0.014 0.002 0.004 0.990 0.005 
47 chopsticks_vis 30 0.004 0.012 0.001 0.001 0.001 0.995 0.019 0.001 0.003 0.989 0.002 0.006 0.001 0.000 0.110 0.000 0.003 0.002 0.001 0.000 0.001 0.000 0.001 0.000 0.000 0.001 0.001 0.000 0.000 0.018 0.000 0.001 0.000 0.000 0.033 0.005 0.001 0.001 0.026 0.002 0.003 0.001 0.001 0.001 0.001 0.000 0.002 0.001 0.001 0.007 0.001 0.001 0.082 0.102 0.032 0.006 0.001 0.977 
