0 beaver_vis 30 0.995 0.982 0.017 0.043 0.001 0.001 0.000 0.002 0.000 0.000 0.907 0.098 0.070 0.001 0.010 0.021 0.000 0.065 0.002 0.003 0.000 0.002 0.001 0.001 0.000 0.038 0.024 0.002 0.001 0.000 0.000 0.000 0.000 0.001 0.000 0.003 0.000 0.000 0.000 0.000 0.000 0.001 0.001 0.000 0.063 0.008 0.000 0.001 0.000 0.000 0.000 0.001 0.001 0.000 0.000 0.000 0.000 0.000 
1 bear_vis 30 0.995 0.982 0.005 0.044 0.002 0.001 0.000 0.001 0.001 0.000 0.458 0.629 0.029 0.005 0.004 0.026 0.001 0.023 0.019 0.012 0.001 0.001 0.001 0.032 0.000 0.166 0.002 0.001 0.001 0.001 0.001 0.018 0.001 0.002 0.000 0.005 0.000 0.000 0.000 0.000 0.000 0.001 0.001 0.000 0.133 0.000 0.000 0.000 0.000 0.001 0.001 0.007 0.000 0.001 0.000 0.000 0.000 0.001 
2 sheep_vis 30 0.993 0.988 0.004 0.120 0.001 0.002 0.001 0.001 0.000 0.001 0.013 0.007 0.953 0.152 0.002 0.001 0.001 0.003 0.203 0.001 0.000 0.031 0.002 0.041 0.003 0.003 0.001 0.000 0.001 0.000 0.000 0.000 0.000 0.000 0.001 0.001 0.000 0.000 0.001 0.001 0.000 0.000 0.000 0.000 0.089 0.000 0.000 0.001 0.000 0.004 0.000 0.000 0.001 0.001 0.000 0.000 0.000 0.000 
3 buffalo_vis 30 0.995 0.978 0.020 0.001 0.014 0.001 0.001 0.001 0.050 0.000 0.047 0.095 0.001 0.008 0.126 0.922 0.001 0.002 0.054 0.157 0.001 0.000 0.001 0.001 0.000 0.167 0.000 0.001 0.001 0.002 0.001 0.039 0.002 0.228 0.000 0.102 0.000 0.001 0.000 0.001 0.000 0.002 0.003 0.000 0.006 0.000 0.001 0.001 0.000 0.108 0.010 0.454 0.000 0.002 0.000 0.000 0.001 0.005 
4 poodle_vis 30 0.995 0.977 0.185 0.001 0.019 0.002 0.001 0.001 0.017 0.000 0.162 0.002 0.004 0.002 0.970 0.166 0.003 0.001 0.007 0.198 0.000 0.000 0.000 0.000 0.000 0.002 0.000 0.036 0.009 0.029 0.001 0.001 0.000 0.022 0.001 0.005 0.001 0.130 0.000 0.000 0.001 0.000 0.045 0.000 0.003 0.003 0.012 0.087 0.001 0.004 0.001 0.056 0.000 0.001 0.042 0.000 0.001 0.001 
5 giraffe_vis 30 0.995 0.982 0.012 0.033 0.002 0.001 0.000 0.001 0.002 0.000 0.292 0.167 0.011 0.004 0.014 0.262 0.001 0.009 0.025 0.029 0.001 0.001 0.001 0.006 0.000 0.299 0.001 0.001 0.001 0.001 0.001 0.011 0.001 0.019 0.000 0.031 0.000 0.000 0.000 0.001 0.000 0.001 0.001 0.000 0.061 0.000 0.000 0.000 0.000 0.005 0.002 0.043 0.000 0.001 0.000 0.000 0.000 0.001 
6 robin_vis 30 0.990 0.001 0.991 0.002 0.001 0.026 0.001 0.329 0.000 0.012 0.005 0.000 0.000 0.000 0.000 0.003 0.172 0.647 0.000 0.020 0.951 0.169 0.002 0.000 0.001 0.007 0.044 0.001 0.000 0.004 0.026 0.000 0.000 0.013 0.000 0.001 0.000 0.000 0.000 0.001 0.000 0.752 0.014 0.001 0.004 0.119 0.000 0.000 0.000 0.000 0.000 0.001 0.338 0.001 0.020 0.017 0.000 0.000 
7 swan_vis 30 0.992 0.001 0.992 0.003 0.001 0.049 0.001 0.218 0.000 0.003 0.012 0.000 0.000 0.000 0.000 0.002 0.069 0.510 0.001 0.017 0.760 0.177 0.004 0.000 0.000 0.004 0.003 0.001 0.000 0.001 0.004 0.000 0.000 0.003 0.000 0.001 0.000 0.000 0.000 0.002 0.000 0.395 0.005 0.000 0.007 0.216 0.000 0.000 0.000 0.000 0.000 0.001 0.103 0.000 0.011 0.015 0.000 0.000 
8 woodpecker_vis 30 0.991 0.013 0.900 0.001 0.002 0.002 0.001 0.001 0.000 0.005 0.001 0.001 0.004 0.012 0.001 0.000 0.016 0.002 0.655 0.011 0.002 0.275 0.030 0.000 0.000 0.000 0.001 0.001 0.004 0.000 0.001 0.000 0.003 0.000 0.001 0.000 0.000 0.000 0.001 0.001 0.000 0.000 0.000 0.000 0.066 0.000 0.000 0.001 0.000 0.000 0.000 0.000 0.001 0.009 0.001 0.000 0.001 0.002 
9 peacock_vis 30 0.994 0.002 0.992 0.001 0.002 0.037 0.001 0.001 0.000 0.007 0.001 0.000 0.000 0.000 0.005 0.047 0.010 0.131 0.005 0.189 0.280 0.023 0.002 0.000 0.000 0.022 0.000 0.006 0.000 0.001 0.001 0.000 0.002 0.015 0.000 0.010 0.001 0.006 0.001 0.001 0.000 0.009 0.029 0.000 0.005 0.001 0.000 0.000 0.000 0.000 0.000 0.004 0.003 0.003 0.006 0.001 0.001 0.003 
10 crow_vis 30 0.993 0.001 0.910 0.208 0.004 0.006 0.001 0.011 0.000 0.004 0.000 0.000 0.000 0.000 0.000 0.001 0.000 0.008 0.000 0.003 0.973 0.001 0.061 0.001 0.000 0.042 0.001 0.016 0.000 0.001 0.011 0.000 0.016 0.101 0.000 0.001 0.000 0.000 0.000 0.004 0.001 0.002 0.018 0.000 0.001 0.000 0.000 0.000 0.000 0.000 0.000 0.000 0.022 0.000 0.004 0.000 0.000 0.000 
11 eagle_vis 30 0.984 0.050 0.877 0.003 0.001 0.002 0.001 0.050 0.000 0.001 0.027 0.004 0.001 0.000 0.000 0.002 0.001 0.072 0.002 0.006 0.071 0.049 0.001 0.000 0.000 0.237 0.002 0.001 0.000 0.000 0.003 0.000 0.000 0.003 0.001 0.001 0.000 0.000 0.000 0.001 0.000 0.018 0.001 0.000 0.290 0.001 0.000 0.000 0.000 0.000 0.000 0.002 0.007 0.001 0.000 0.000 0.000 0.000 
12 tuna_vis 30 0.993 0.001 0.030 0.972 0.007 0.001 0.001 0.001 0.000 0.001 0.000 0.000 0.001 0.001 0.000 0.000 0.000 0.001 0.043 0.001 0.025 0.021 0.710 0.014 0.064 0.026 0.001 0.008 0.001 0.000 0.002 0.000 0.046 0.002 0.000 0.001 0.000 0.000 0.011 0.006 0.004 0.000 0.001 0.000 0.001 0.000 0.000 0.000 0.000 0.001 0.000 0.000 0.004 0.000 0.001 0.000 0.001 0.001 
13 goldfish_vis 30 0.992 0.036 0.001 0.990 0.015 0.001 0.002 0.001 0.000 0.000 0.001 0.000 0.017 0.014 0.000 0.000 0.000 0.001 0.003 0.001 0.003 0.001 0.092 0.957 0.202 0.011 0.002 0.027 0.001 0.001 0.002 0.004 0.038 0.001 0.001 0.001 0.000 0.000 0.022 0.052 0.001 0.000 0.001 0.000 0.001 0.000 0.000 0.000 0.000 0.000 0.000 0.000 0.003 0.000 0.000 0.000 0.000 0.000 
14 salmon_vis 30 0.992 0.004 0.004 0.976 0.006 0.001 0.001 0.002 0.000 0.000 0.001 0.000 0.010 0.001 0.000 0.000 0.000 0.001 0.003 0.001 0.005 0.020 0.215 0.040 0.797 0.002 0.021 0.004 0.020 0.001 0.001 0.000 0.001 0.000 0.005 0.000 0.000 0.000 0.001 0.003 0.000 0.000 0.000 0.000 0.001 0.000 0.000 0.000 0.000 0.000 0.000 0.000 0.013 0.000 0.001 0.000 0.000 0.000 
15 sardine_vis 30 0.995 0.015 0.004 0.990 0.008 0.001 0.001 0.002 0.000 0.000 0.014 0.000 0.000 0.000 0.000 0.012 0.000 0.011 0.000 0.002 0.011 0.001 0.005 0.028 0.008 0.549 0.339 0.071 0.001 0.001 0.001 0.025 0.001 0.024 0.000 0.018 0.000 0.001 0.001 0.001 0.004 0.000 0.001 0.000 0.001 0.013 0.000 0.000 0.000 0.000 0.000 0.000 0.001 0.000 0.001 0.000 0.001 0.000 
16 catfish_vis 30 0.985 0.018 0.001 0.980 0.008 0.001 0.001 0.003 0.000 0.000 0.004 0.001 0.007 0.000 0.000 0.000 0.000 0.003 0.001 0.001 0.003 0.001 0.019 0.131 0.329 0.061 0.127 0.014 0.007 0.001 0.003 0.007 0.001 0.001 0.002 0.001 0.000 0.000 0.001 0.001 0.001 0.000 0.001 0.001 0.004 0.000 0.000 0.000 0.000 0.000 0.000 0.000 0.002 0.000 0.000 0.000 0.000 0.000 
17 cod_vis 30 0.995 0.008 0.015 0.991 0.019 0.001 0.051 0.018 0.000 0.000 0.010 0.000 0.000 0.000 0.002 0.001 0.000 0.002 0.000 0.003 0.030 0.001 0.033 0.012 0.008 0.020 0.037 0.980 0.001 0.005 0.003 0.003 0.002 0.012 0.002 0.012 0.001 0.123 0.003 0.003 0.026 0.000 0.028 0.077 0.001 0.005 0.000 0.000 0.000 0.000 0.000 0.000 0.001 0.000 0.030 0.000 0.000 0.000 
18 turtle_vis 30 0.990 0.009 0.002 0.010 0.976 0.002 0.001 0.001 0.000 0.000 0.000 0.115 0.000 0.001 0.001 0.002 0.001 0.002 0.000 0.012 0.007 0.000 0.001 0.061 0.000 0.025 0.015 0.005 0.009 0.013 0.168 0.902 0.017 0.099 0.001 0.001 0.001 0.003 0.001 0.001 0.001 0.014 0.001 0.001 0.001 0.000 0.000 0.000 0.001 0.000 0.000 0.009 0.000 0.000 0.001 0.000 0.001 0.000 
19 rattlesnake_vis 30 0.993 0.003 0.002 0.011 0.991 0.009 0.001 0.002 0.005 0.001 0.000 0.000 0.000 0.000 0.001 0.021 0.001 0.000 0.000 0.006 0.099 0.000 0.001 0.001 0.000 0.009 0.000 0.078 0.001 0.153 0.514 0.017 0.341 0.975 0.000 0.002 0.004 0.003 0.002 0.001 0.018 0.000 0.858 0.001 0.001 0.000 0.000 0.000 0.001 0.000 0.004 0.054 0.000 0.000 0.012 0.000 0.001 0.000 
20 crab_vis 30 0.993 0.004 0.002 0.018 0.992 0.009 0.001 0.003 0.003 0.000 0.000 0.000 0.000 0.000 0.001 0.013 0.001 0.000 0.000 0.007 0.134 0.000 0.001 0.007 0.000 0.006 0.000 0.183 0.001 0.178 0.790 0.038 0.614 0.939 0.000 0.001 0.004 0.004 0.001 0.001 0.008 0.000 0.871 0.001 0.001 0.000 0.000 0.000 0.000 0.000 0.003 0.039 0.000 0.000 0.005 0.000 0.001 0.000 
21 frog_vis 30 0.995 0.003 0.387 0.047 0.892 0.002 0.001 0.001 0.000 0.003 0.000 0.003 0.000 0.000 0.001 0.026 0.000 0.002 0.015 0.667 0.062 0.000 0.003 0.002 0.000 0.511 0.002 0.003 0.008 0.001 0.004 0.899 0.202 0.402 0.000 0.017 0.000 0.006 0.001 0.001 0.001 0.001 0.001 0.000 0.001 0.000 0.000 0.000 0.001 0.000 0.001 0.033 0.000 0.001 0.005 0.000 0.007 0.198 
22 gecko_vis 30 0.993 0.001 0.200 0.006 0.981 0.003 0.001 0.001 0.000 0.003 0.000 0.000 0.000 0.000 0.000 0.001 0.001 0.001 0.000 0.094 0.608 0.000 0.002 0.002 0.000 0.013 0.000 0.017 0.001 0.003 0.599 0.032 0.501 0.629 0.000 0.001 0.001 0.001 0.001 0.001 0.001 0.001 0.063 0.000 0.001 0.000 0.000 0.000 0.000 0.000 0.000 0.020 0.000 0.002 0.008 0.000 0.000 0.000 
23 crocodile_vis 30 0.991 0.002 0.003 0.010 0.986 0.005 0.001 0.002 0.029 0.000 0.000 0.000 0.000 0.000 0.001 0.039 0.000 0.000 0.001 0.007 0.026 0.000 0.002 0.000 0.000 0.102 0.000 0.015 0.001 0.018 0.085 0.022 0.049 0.974 0.000 0.005 0.001 0.002 0.003 0.001 0.065 0.001 0.053 0.001 0.001 0.000 0.000 0.000 0.012 0.000 0.029 0.151 0.000 0.000 0.012 0.000 0.001 0.000 
24 axe_vis 30 0.003 0.002 0.001 0.004 0.002 0.994 0.975 0.011 0.005 0.007 0.001 0.000 0.016 0.001 0.002 0.000 0.000 0.001 0.000 0.001 0.000 0.007 0.001 0.001 0.042 0.000 0.033 0.001 0.004 0.002 0.001 0.000 0.000 0.000 0.976 0.001 0.012 0.020 0.008 0.001 0.001 0.000 0.001 0.008 0.001 0.035 0.006 0.005 0.014 0.003 0.000 0.000 0.029 0.000 0.003 0.001 0.009 0.003 
25 hammer_vis 30 0.004 0.040 0.001 0.003 0.001 0.996 0.989 0.004 0.004 0.001 0.003 0.000 0.009 0.002 0.001 0.002 0.000 0.002 0.003 0.003 0.000 0.002 0.002 0.003 0.000 0.002 0.000 0.004 0.000 0.000 0.000 0.000 0.000 0.001 0.001 0.232 0.001 0.009 0.223 0.047 0.012 0.000 0.001 0.001 0.012 0.001 0.000 0.001 0.001 0.014 0.003 0.006 0.001 0.000 0.001 0.000 0.001 0.005 
26 screwdriver_vis 30 0.004 0.001 0.001 0.001 0.004 0.996 0.990 0.037 0.004 0.007 0.000 0.001 0.000 0.000 0.001 0.000 0.000 0.036 0.000 0.002 0.001 0.000 0.001 0.008 0.000 0.000 0.001 0.003 0.000 0.003 0.001 0.002 0.002 0.001 0.002 0.103 0.571 0.012 0.006 0.013 0.001 0.013 0.004 0.001 0.001 0.000 0.004 0.000 0.001 0.000 0.001 0.001 0.001 0.000 0.001 0.000 0.026 0.001 
27 chisel_vis 30 0.004 0.011 0.001 0.001 0.003 0.996 0.934 0.007 0.021 0.002 0.010 0.003 0.000 0.000 0.001 0.001 0.000 0.002 0.000 0.016 0.000 0.000 0.001 0.004 0.000 0.001 0.001 0.009 0.000 0.001 0.001 0.007 0.001 0.002 0.002 0.057 0.002 0.308 0.076 0.001 0.009 0.001 0.004 0.001 0.007 0.001 0.000 0.001 0.003 0.008 0.001 0.058 0.000 0.000 0.002 0.000 0.002 0.007 
28 saw_vis 30 0.003 0.004 0.001 0.010 0.001 0.993 0.991 0.003 0.002 0.003 0.000 0.000 0.005 0.005 0.000 0.000 0.000 0.000 0.008 0.001 0.001 0.001 0.019 0.034 0.000 0.000 0.000 0.003 0.000 0.000 0.001 0.000 0.002 0.001 0.004 0.015 0.001 0.004 0.938 0.024 0.004 0.000 0.001 0.001 0.005 0.000 0.000 0.001 0.000 0.051 0.002 0.000 0.001 0.000 0.002 0.000 0.001 0.018 
29 drill_vis 30 0.003 0.001 0.001 0.372 0.001 0.365 0.018 0.132 0.000 0.002 0.000 0.000 0.005 0.000 0.000 0.000 0.000 0.001 0.001 0.001 0.003 0.008 0.300 0.040 0.019 0.004 0.000 0.004 0.000 0.000 0.054 0.000 0.001 0.001 0.001 0.003 0.001 0.001 0.095 0.009 0.034 0.000 0.001 0.003 0.033 0.000 0.000 0.000 0.000 0.000 0.000 0.000 0.001 0.000 0.001 0.000 0.000 0.000 
30 clamp_vis 30 0.001 0.001 0.001 0.008 0.001 0.996 0.002 0.980 0.002 0.001 0.000 0.000 0.000 0.000 0.000 0.001 0.000 0.000 0.000 0.001 0.001 0.000 0.001 0.000 0.000 0.028 0.000 0.003 0.000 0.000 0.001 0.000 0.000 0.024 0.000 0.054 0.001 0.002 0.001 0.000 0.964 0.001 0.075 0.022 0.003 0.020 0.000 0.000 0.001 0.002 0.000 0.044 0.000 0.000 0.002 0.000 0.001 0.000 
31 hoe_vis 30 0.002 0.002 0.001 0.001 0.001 0.996 0.001 0.994 0.001 0.001 0.007 0.001 0.000 0.000 0.000 0.000 0.000 0.004 0.000 0.001 0.001 0.000 0.000 0.000 0.000 0.001 0.056 0.001 0.000 0.000 0.011 0.000 0.000 0.000 0.001 0.000 0.001 0.000 0.000 0.000 0.001 0.745 0.007 0.195 0.009 0.265 0.014 0.001 0.001 0.000 0.000 0.005 0.006 0.000 0.001 0.002 0.000 0.000 
32 rake_vis 30 0.002 0.001 0.001 0.001 0.001 0.996 0.001 0.973 0.003 0.001 0.000 0.000 0.000 0.000 0.000 0.001 0.000 0.000 0.000 0.001 0.002 0.000 0.001 0.000 0.000 0.001 0.000 0.002 0.000 0.000 0.001 0.000 0.000 0.010 0.000 0.057 0.003 0.001 0.000 0.001 0.074 0.005 0.375 0.004 0.002 0.007 0.000 0.000 0.001 0.000 0.001 0.009 0.001 0.000 0.002 0.000 0.002 0.000 
33 shovel_vis 30 0.001 0.001 0.001 0.001 0.001 0.996 0.003 0.995 0.001 0.001 0.008 0.000 0.000 0.000 0.000 0.000 0.000 0.001 0.000 0.001 0.001 0.001 0.001 0.000 0.000 0.001 0.006 0.003 0.000 0.000 0.033 0.000 0.000 0.001 0.000 0.001 0.001 0.004 0.000 0.000 0.045 0.002 0.021 0.914 0.024 0.053 0.000 0.001 0.001 0.000 0.000 0.011 0.001 0.000 0.002 0.001 0.000 0.000 
34 spade_vis 30 0.001 0.020 0.001 0.001 0.001 0.995 0.002 0.266 0.186 0.001 0.001 0.000 0.014 0.001 0.000 0.000 0.000 0.000 0.001 0.001 0.001 0.007 0.001 0.000 0.000 0.003 0.000 0.001 0.000 0.000 0.001 0.000 0.000 0.001 0.000 0.001 0.000 0.000 0.005 0.001 0.016 0.001 0.007 0.007 0.514 0.002 0.000 0.115 0.000 0.086 0.004 0.005 0.002 0.000 0.002 0.000 0.000 0.000 
35 wrench_vis 30 0.001 0.015 0.001 0.000 0.001 0.996 0.000 0.985 0.011 0.001 0.036 0.001 0.000 0.000 0.001 0.001 0.000 0.001 0.000 0.001 0.000 0.002 0.000 0.000 0.000 0.009 0.006 0.000 0.000 0.000 0.001 0.000 0.000 0.001 0.000 0.001 0.000 0.000 0.000 0.000 0.004 0.083 0.001 0.002 0.054 0.471 0.002 0.003 0.002 0.001 0.000 0.063 0.001 0.000 0.001 0.001 0.000 0.000 
36 accordion_vis 30 0.002 0.010 0.001 0.000 0.001 0.995 0.001 0.009 0.991 0.004 0.000 0.000 0.001 0.013 0.005 0.001 0.004 0.000 0.000 0.001 0.000 0.000 0.000 0.000 0.000 0.000 0.000 0.000 0.000 0.006 0.004 0.000 0.000 0.000 0.001 0.001 0.028 0.000 0.000 0.000 0.000 0.035 0.002 0.000 0.001 0.002 0.933 0.007 0.014 0.007 0.029 0.001 0.001 0.001 0.001 0.026 0.005 0.001 
37 cello_vis 30 0.002 0.022 0.001 0.000 0.001 0.996 0.001 0.005 0.988 0.001 0.001 0.120 0.000 0.000 0.001 0.005 0.000 0.000 0.001 0.020 0.000 0.000 0.000 0.000 0.000 0.033 0.000 0.000 0.000 0.000 0.001 0.001 0.000 0.017 0.000 0.002 0.000 0.001 0.000 0.000 0.004 0.024 0.001 0.000 0.088 0.004 0.002 0.040 0.002 0.030 0.014 0.985 0.000 0.001 0.001 0.000 0.000 0.001 
38 flute_vis 30 0.002 0.001 0.001 0.002 0.001 0.996 0.002 0.963 0.024 0.001 0.001 0.000 0.000 0.000 0.001 0.001 0.000 0.000 0.000 0.001 0.001 0.000 0.001 0.000 0.000 0.007 0.014 0.001 0.000 0.000 0.015 0.000 0.000 0.002 0.001 0.001 0.001 0.002 0.000 0.000 0.097 0.004 0.003 0.468 0.010 0.014 0.001 0.002 0.010 0.001 0.001 0.043 0.000 0.000 0.001 0.001 0.001 0.000 
39 guitar_vis 30 0.002 0.018 0.001 0.000 0.001 0.995 0.001 0.001 0.993 0.074 0.000 0.000 0.001 0.006 0.002 0.002 0.000 0.000 0.010 0.001 0.000 0.001 0.000 0.000 0.000 0.000 0.000 0.000 0.000 0.001 0.000 0.000 0.000 0.003 0.001 0.001 0.001 0.000 0.001 0.000 0.018 0.000 0.001 0.000 0.003 0.003 0.033 0.039 0.013 0.975 0.026 0.091 0.000 0.001 0.001 0.001 0.005 0.001 
40 piano_vis 30 0.002 0.015 0.001 0.000 0.001 0.996 0.001 0.003 0.992 0.002 0.000 0.000 0.001 0.084 0.001 0.001 0.001 0.000 0.000 0.001 0.000 0.000 0.000 0.000 0.000 0.000 0.000 0.000 0.000 0.001 0.001 0.000 0.000 0.001 0.001 0.001 0.002 0.000 0.000 0.001 0.000 0.009 0.001 0.000 0.002 0.001 0.429 0.003 0.001 0.085 0.450 0.006 0.001 0.004 0.001 0.001 0.002 0.000 
41 trumpet_vis 30 0.001 0.019 0.001 0.000 0.001 0.996 0.000 0.009 0.990 0.001 0.001 0.057 0.000 0.000 0.001 0.006 0.000 0.000 0.000 0.024 0.000 0.000 0.000 0.000 0.000 0.027 0.000 0.000 0.000 0.000 0.001 0.001 0.000 0.022 0.000 0.002 0.000 0.001 0.000 0.000 0.005 0.029 0.002 0.000 0.041 0.006 0.002 0.014 0.003 0.042 0.011 0.987 0.000 0.000 0.001 0.001 0.000 0.000 
42 fork_vis 30 0.002 0.001 0.134 0.000 0.001 0.994 0.001 0.699 0.000 0.970 0.000 0.000 0.000 0.000 0.000 0.000 0.009 0.012 0.000 0.001 0.029 0.757 0.004 0.000 0.001 0.000 0.001 0.000 0.000 0.000 0.001 0.000 0.000 0.000 0.001 0.000 0.001 0.000 0.000 0.005 0.000 0.087 0.001 0.001 0.235 0.025 0.000 0.059 0.000 0.000 0.000 0.000 0.958 0.057 0.039 0.080 0.001 0.001 
43 spoon_vis 30 0.003 0.001 0.080 0.000 0.001 0.991 0.001 0.263 0.001 0.972 0.000 0.000 0.001 0.001 0.000 0.000 0.002 0.006 0.002 0.001 0.012 0.670 0.006 0.000 0.000 0.000 0.000 0.000 0.000 0.001 0.001 0.000 0.001 0.000 0.001 0.001 0.001 0.000 0.000 0.005 0.000 0.027 0.001 0.000 0.534 0.003 0.001 0.022 0.000 0.000 0.001 0.000 0.875 0.312 0.006 0.007 0.003 0.001 
44 tongs_vis 30 0.002 0.001 0.001 0.004 0.001 0.996 0.002 0.973 0.001 0.002 0.000 0.000 0.000 0.000 0.000 0.001 0.000 0.000 0.000 0.001 0.007 0.000 0.001 0.001 0.000 0.002 0.000 0.003 0.000 0.001 0.001 0.000 0.000 0.025 0.001 0.024 0.001 0.001 0.001 0.001 0.189 0.005 0.640 0.007 0.004 0.005 0.000 0.001 0.001 0.001 0.001 0.009 0.001 0.000 0.003 0.001 0.003 0.000 
45 ladle_vis 30 0.002 0.002 0.001 0.000 0.001 0.996 0.001 0.987 0.001 0.014 0.007 0.005 0.000 0.000 0.000 0.000 0.000 0.034 0.000 0.001 0.008 0.001 0.001 0.000 0.000 0.001 0.054 0.000 0.000 0.001 0.007 0.000 0.000 0.000 0.001 0.001 0.001 0.000 0.000 0.001 0.000 0.982 0.006 0.031 0.062 0.065 0.004 0.001 0.000 0.000 0.001 0.008 0.261 0.001 0.002 0.014 0.001 0.000 
46 knife_vis 30 0.003 0.001 0.007 0.000 0.001 0.995 0.001 0.066 0.005 0.975 0.000 0.000 0.000 0.001 0.000 0.000 0.001 0.006 0.000 0.004 0.055 0.058 0.004 0.000 0.000 0.000 0.000 0.000 0.000 0.001 0.001 0.000 0.001 0.001 0.001 0.001 0.001 0.000 0.000 0.008 0.000 0.047 0.001 0.000 0.016 0.001 0.001 0.000 0.001 0.001 0.001 0.002 0.772 0.416 0.001 0.011 0.013 0.002 
47 chopsticks_vis 30 0.003 0.005 0.002 0.001 0.001 0.732 0.001 0.184 0.002 0.026 0.000 0.000 0.016 0.001 0.000 0.000 0.000 0.001 0.001 0.002 0.002 0.013 0.002 0.001 0.001 0.007 0.001 0.000 0.000 0.000 0.001 0.000 0.000 0.001 0.001 0.001 0.001 0.001 0.002 0.001 0.004 0.012 0.003 0.001 0.289 0.004 0.000 0.014 0.000 0.003 0.001 0.002 0.031 0.001 0.006 0.002 0.001 0.001 
0 beaver_vis 30 0.995 0.982 0.016 0.021 0.001 0.001 0.000 0.003 0.000 0.000 0.933 0.129 0.101 0.002 0.024 0.003 0.001 0.097 0.002 0.002 0.000 0.003 0.000 0.001 0.000 0.005 0.100 0.002 0.001 0.000 0.000 0.000 0.000 0.000 0.000 0.001 0.000 0.000 0.000 0.001 0.000 0.001 0.000 0.000 0.057 0.006 0.001 0.001 0.000 0.000 0.000 0.000 0.001 0.000 0.000 0.000 0.000 0.000 
1 bear_vis 30 0.994 0.983 0.001 0.003 0.002 0.001 0.001 0.001 0.001 0.000 0.001 0.040 0.479 0.760 0.003 0.004 0.002 0.013 0.008 0.001 0.000 0.000 0.001 0.257 0.000 0.000 0.000 0.000 0.001 0.002 0.001 0.001 0.002 0.000 0.000 0.001 0.000 0.000 0.000 0.016 0.000 0.001 0.001 0.000 0.002 0.000 0.003 0.000 0.000 0.001 0.003 0.000 0.002 0.005 0.000 0.000 0.001 0.000 
2 sheep_vis 30 0.993 0.988 0.003 0.045 0.001 0.001 0.001 0.001 0.000 0.000 0.026 0.004 0.956 0.067 0.006 0.001 0.001 0.002 0.057 0.001 0.000 0.033 0.001 0.005 0.013 0.001 0.001 0.000 0.001 0.001 0.000 0.000 0.000 0.000 0.001 0.000 0.000 0.000 0.000 0.001 0.000 0.000 0.000 0.000 0.050 0.000 0.001 0.001 0.000 0.001 0.000 0.000 0.001 0.001 0.000 0.000 0.000 0.000 
3 buffalo_vis 30 0.995 0.976 0.002 0.001 0.048 0.001 0.001 0.001 0.005 0.000 0.000 0.043 0.063 0.926 0.045 0.012 0.020 0.002 0.019 0.001 0.001 0.000 0.001 0.011 0.000 0.000 0.000 0.001 0.001 0.052 0.001 0.001 0.009 0.001 0.000 0.001 0.001 0.000 0.000 0.002 0.000 0.001 0.001 0.000 0.001 0.000 0.069 0.000 0.000 0.002 0.014 0.000 0.000 0.021 0.000 0.000 0.001 0.000 
4 poodle_vis 30 0.994 0.971 0.008 0.000 0.036 0.001 0.001 0.001 0.025 0.000 0.001 0.005 0.022 0.181 0.812 0.023 0.104 0.003 0.002 0.001 0.000 0.000 0.000 0.000 0.000 0.000 0.000 0.000 0.002 0.453 0.001 0.000 0.001 0.001 0.001 0.001 0.014 0.000 0.000 0.002 0.000 0.001 0.001 0.000 0.001 0.000 0.517 0.003 0.000 0.001 0.007 0.000 0.000 0.001 0.000 0.000 0.001 0.000 
5 giraffe_vis 30 0.995 0.959 0.017 0.001 0.017 0.001 0.001 0.001 0.013 0.000 0.013 0.025 0.002 0.025 0.422 0.473 0.004 0.023 0.001 0.013 0.001 0.000 0.001 0.001 0.000 0.000 0.000 0.001 0.000 0.097 0.001 0.003 0.001 0.006 0.000 0.007 0.001 0.000 0.000 0.001 0.000 0.041 0.004 0.000 0.001 0.001 0.182 0.001 0.000 0.001 0.012 0.008 0.000 0.002 0.000 0.000 0.001 0.000 
6 robin_vis 30 0.978 0.004 0.936 0.001 0.005 0.002 0.001 0.001 0.000 0.011 0.000 0.000 0.001 0.029 0.001 0.000 0.517 0.003 0.064 0.003 0.014 0.027 0.002 0.000 0.000 0.000 0.000 0.001 0.001 0.001 0.008 0.000 0.005 0.000 0.001 0.000 0.001 0.000 0.000 0.001 0.000 0.000 0.001 0.000 0.003 0.000 0.000 0.000 0.000 0.000 0.000 0.000 0.011 0.058 0.001 0.001 0.001 0.000 
7 swan_vis 30 0.995 0.004 0.981 0.005 0.001 0.053 0.001 0.001 0.000 0.005 0.004 0.000 0.000 0.000 0.000 0.085 0.001 0.954 0.001 0.019 0.016 0.012 0.005 0.001 0.000 0.001 0.000 0.001 0.000 0.001 0.000 0.000 0.002 0.000 0.000 0.316 0.001 0.000 0.000 0.123 0.000 0.020 0.001 0.000 0.001 0.001 0.000 0.000 0.000 0.000 0.000 0.000 0.032 0.002 0.000 0.000 0.004 0.000 
8 woodpecker_vis 30 0.994 0.047 0.857 0.001 0.002 0.002 0.001 0.001 0.000 0.007 0.000 0.004 0.006 0.068 0.001 0.001 0.015 0.002 0.966 0.028 0.001 0.064 0.011 0.000 0.000 0.000 0.000 0.001 0.005 0.001 0.001 0.000 0.011 0.000 0.001 0.000 0.000 0.000 0.001 0.001 0.000 0.000 0.000 0.000 0.010 0.000 0.000 0.000 0.000 0.002 0.000 0.000 0.001 0.034 0.001 0.000 0.001 0.021 
9 peacock_vis 30 0.994 0.003 0.990 0.001 0.009 0.073 0.001 0.001 0.000 0.005 0.000 0.000 0.000 0.001 0.009 0.095 0.010 0.091 0.013 0.871 0.006 0.001 0.002 0.000 0.000 0.000 0.000 0.003 0.000 0.002 0.001 0.000 0.014 0.004 0.001 0.144 0.011 0.002 0.001 0.006 0.000 0.001 0.004 0.000 0.001 0.000 0.000 0.000 0.000 0.000 0.000 0.005 0.000 0.005 0.003 0.001 0.003 0.002 
10 crow_vis 30 0.993 0.001 0.882 0.133 0.006 0.131 0.001 0.004 0.000 0.002 0.000 0.000 0.000 0.000 0.000 0.000 0.000 0.004 0.000 0.002 0.896 0.000 0.141 0.001 0.000 0.003 0.000 0.020 0.000 0.001 0.008 0.000 0.039 0.037 0.000 0.007 0.001 0.000 0.001 0.350 0.001 0.000 0.005 0.000 0.001 0.000 0.000 0.000 0.000 0.000 0.000 0.000 0.002 0.000 0.002 0.000 0.001 0.000 
11 eagle_vis 30 0.994 0.464 0.152 0.004 0.001 0.002 0.001 0.001 0.000 0.001 0.029 0.001 0.002 0.002 0.000 0.266 0.001 0.745 0.001 0.001 0.001 0.003 0.001 0.001 0.000 0.002 0.001 0.001 0.000 0.001 0.000 0.000 0.001 0.001 0.001 0.306 0.000 0.000 0.000 0.105 0.000 0.026 0.001 0.000 0.001 0.002 0.001 0.000 0.000 0.000 0.002 0.000 0.007 0.001 0.000 0.000 0.001 0.000 
12 tuna_vis 30 0.993 0.001 0.019 0.973 0.007 0.001 0.001 0.001 0.000 0.001 0.000 0.000 0.002 0.001 0.000 0.000 0.000 0.002 0.027 0.001 0.020 0.032 0.724 0.115 0.176 0.004 0.001 0.009 0.002 0.001 0.001 0.000 0.049 0.000 0.001 0.000 0.000 0.000 0.011 0.011 0.000 0.000 0.001 0.000 0.001 0.000 0.000 0.000 0.000 0.000 0.000 0.000 0.013 0.000 0.000 0.000 0.001 0.001 
13 goldfish_vis 30 0.993 0.033 0.001 0.990 0.020 0.001 0.003 0.001 0.000 0.000 0.000 0.000 0.010 0.005 0.001 0.000 0.000 0.001 0.004 0.001 0.002 0.001 0.193 0.956 0.102 0.006 0.002 0.037 0.003 0.001 0.002 0.004 0.060 0.001 0.001 0.001 0.000 0.000 0.047 0.077 0.000 0.000 0.001 0.000 0.001 0.000 0.000 0.000 0.000 0.000 0.000 0.000 0.001 0.000 0.000 0.000 0.000 0.000 
14 salmon_vis 30 0.992 0.005 0.003 0.973 0.008 0.001 0.001 0.001 0.000 0.000 0.000 0.000 0.017 0.001 0.001 0.000 0.001 0.001 0.002 0.001 0.004 0.017 0.133 0.029 0.890 0.001 0.036 0.003 0.041 0.001 0.002 0.000 0.001 0.000 0.015 0.000 0.000 0.000 0.001 0.003 0.000 0.000 0.000 0.000 0.001 0.000 0.000 0.000 0.000 0.000 0.000 0.000 0.015 0.000 0.001 0.000 0.000 0.000 
15 sardine_vis 30 0.995 0.034 0.003 0.988 0.010 0.001 0.001 0.001 0.000 0.000 0.010 0.001 0.001 0.001 0.000 0.088 0.000 0.006 0.001 0.001 0.007 0.000 0.003 0.023 0.002 0.874 0.054 0.028 0.001 0.001 0.001 0.035 0.002 0.099 0.000 0.066 0.000 0.000 0.001 0.001 0.008 0.000 0.001 0.000 0.001 0.015 0.000 0.000 0.001 0.001 0.000 0.001 0.001 0.000 0.000 0.000 0.001 0.001 
16 catfish_vis 30 0.993 0.039 0.001 0.981 0.011 0.001 0.002 0.002 0.000 0.000 0.002 0.001 0.064 0.001 0.001 0.000 0.000 0.002 0.001 0.001 0.002 0.004 0.020 0.073 0.924 0.003 0.163 0.008 0.061 0.001 0.002 0.002 0.001 0.000 0.064 0.000 0.000 0.000 0.001 0.002 0.000 0.000 0.000 0.001 0.001 0.001 0.000 0.000 0.000 0.000 0.000 0.000 0.009 0.000 0.000 0.000 0.000 0.000 
17 cod_vis 30 0.993 0.050 0.001 0.989 0.019 0.001 0.003 0.001 0.000 0.000 0.000 0.000 0.043 0.005 0.000 0.000 0.000 0.001 0.003 0.001 0.003 0.001 0.062 0.756 0.517 0.018 0.006 0.026 0.002 0.002 0.002 0.002 0.009 0.001 0.001 0.001 0.001 0.000 0.004 0.014 0.000 0.000 0.001 0.000 0.001 0.000 0.000 0.000 0.000 0.000 0.000 0.000 0.002 0.000 0.000 0.000 0.000 0.000 
18 turtle_vis 30 0.991 0.042 0.001 0.022 0.978 0.002 0.001 0.001 0.001 0.000 0.000 0.001 0.003 0.013 0.075 0.000 0.008 0.001 0.005 0.001 0.001 0.000 0.002 0.002 0.114 0.000 0.005 0.002 0.938 0.069 0.037 0.035 0.007 0.002 0.029 0.000 0.001 0.001 0.004 0.001 0.000 0.000 0.001 0.001 0.001 0.000 0.000 0.000 0.008 0.000 0.000 0.000 0.000 0.000 0.010 0.000 0.001 0.001 
19 rattlesnake_vis 30 0.987 0.003 0.001 0.002 0.986 0.002 0.001 0.001 0.003 0.001 0.000 0.000 0.000 0.002 0.008 0.001 0.077 0.000 0.000 0.001 0.019 0.000 0.001 0.001 0.003 0.000 0.000 0.005 0.003 0.960 0.252 0.001 0.022 0.107 0.001 0.001 0.029 0.000 0.001 0.005 0.000 0.001 0.027 0.001 0.000 0.000 0.008 0.000 0.023 0.000 0.003 0.000 0.001 0.000 0.035 0.000 0.001 0.000 
20 crab_vis 30 0.950 0.002 0.002 0.003 0.984 0.001 0.001 0.001 0.000 0.001 0.000 0.000 0.000 0.004 0.001 0.000 0.027 0.001 0.001 0.001 0.030 0.000 0.001 0.007 0.001 0.000 0.000 0.002 0.002 0.091 0.852 0.008 0.245 0.028 0.001 0.000 0.001 0.000 0.001 0.002 0.000 0.000 0.003 0.000 0.001 0.000 0.000 0.000 0.000 0.000 0.001 0.000 0.000 0.001 0.003 0.000 0.001 0.000 
21 frog_vis 30 0.994 0.035 0.001 0.005 0.978 0.001 0.001 0.001 0.001 0.000 0.000 0.003 0.001 0.363 0.001 0.003 0.007 0.001 0.001 0.001 0.002 0.000 0.001 0.237 0.004 0.001 0.001 0.001 0.010 0.391 0.010 0.200 0.320 0.004 0.001 0.001 0.002 0.000 0.001 0.004 0.000 0.001 0.001 0.000 0.000 0.000 0.002 0.000 0.000 0.000 0.003 0.000 0.001 0.002 0.000 0.000 0.004 0.000 
22 gecko_vis 30 0.965 0.003 0.001 0.004 0.990 0.001 0.001 0.001 0.000 0.000 0.000 0.000 0.000 0.007 0.001 0.001 0.002 0.000 0.001 0.001 0.020 0.000 0.002 0.038 0.000 0.000 0.000 0.007 0.001 0.075 0.923 0.004 0.740 0.088 0.000 0.001 0.002 0.000 0.003 0.006 0.000 0.000 0.056 0.000 0.001 0.000 0.000 0.000 0.000 0.000 0.001 0.000 0.000 0.001 0.001 0.000 0.001 0.000 
23 crocodile_vis 30 0.994 0.009 0.002 0.005 0.978 0.002 0.001 0.001 0.004 0.001 0.000 0.000 0.000 0.033 0.002 0.012 0.007 0.000 0.001 0.001 0.009 0.000 0.001 0.002 0.001 0.001 0.000 0.002 0.001 0.782 0.006 0.008 0.220 0.178 0.000 0.001 0.001 0.001 0.001 0.001 0.001 0.000 0.004 0.000 0.000 0.000 0.003 0.000 0.006 0.004 0.015 0.001 0.000 0.001 0.003 0.000 0.011 0.000 
24 axe_vis 30 0.003 0.002 0.001 0.000 0.006 0.995 0.986 0.002 0.176 0.005 0.000 0.000 0.000 0.006 0.007 0.000 0.001 0.001 0.000 0.001 0.000 0.000 0.001 0.001 0.000 0.000 0.000 0.001 0.001 0.141 0.002 0.000 0.000 0.000 0.225 0.001 0.975 0.006 0.001 0.004 0.000 0.002 0.002 0.002 0.001 0.001 0.605 0.000 0.033 0.001 0.001 0.000 0.001 0.001 0.001 0.015 0.265 0.001 
25 hammer_vis 30 0.010 0.011 0.001 0.001 0.002 0.996 0.944 0.009 0.008 0.002 0.001 0.000 0.000 0.000 0.000 0.015 0.000 0.049 0.000 0.005 0.000 0.000 0.001 0.001 0.000 0.000 0.000 0.003 0.000 0.001 0.000 0.001 0.001 0.001 0.001 0.874 0.053 0.010 0.004 0.021 0.004 0.004 0.012 0.000 0.001 0.001 0.006 0.000 0.001 0.005 0.009 0.005 0.001 0.000 0.001 0.000 0.033 0.004 
26 screwdriver_vis 30 0.003 0.009 0.001 0.001 0.004 0.995 0.993 0.003 0.167 0.004 0.000 0.000 0.000 0.002 0.029 0.000 0.000 0.002 0.000 0.001 0.000 0.000 0.001 0.000 0.000 0.000 0.000 0.002 0.000 0.020 0.002 0.000 0.001 0.000 0.009 0.003 0.986 0.008 0.003 0.009 0.000 0.001 0.007 0.001 0.001 0.000 0.418 0.000 0.001 0.000 0.001 0.000 0.001 0.000 0.001 0.005 0.038 0.001 
27 chisel_vis 30 0.003 0.001 0.001 0.001 0.116 0.996 0.991 0.001 0.504 0.005 0.000 0.000 0.000 0.011 0.001 0.000 0.000 0.000 0.000 0.001 0.000 0.000 0.001 0.009 0.000 0.000 0.000 0.001 0.000 0.056 0.002 0.010 0.011 0.001 0.007 0.008 0.951 0.014 0.068 0.018 0.002 0.000 0.002 0.001 0.001 0.000 0.026 0.000 0.019 0.019 0.027 0.001 0.000 0.000 0.001 0.000 0.362 0.002 
28 saw_vis 30 0.003 0.030 0.001 0.001 0.001 0.995 0.992 0.002 0.001 0.002 0.000 0.000 0.010 0.039 0.000 0.000 0.000 0.007 0.000 0.001 0.001 0.001 0.002 0.057 0.000 0.000 0.000 0.001 0.000 0.001 0.000 0.000 0.002 0.000 0.001 0.031 0.017 0.001 0.012 0.953 0.000 0.000 0.001 0.000 0.001 0.000 0.001 0.000 0.000 0.001 0.075 0.000 0.007 0.001 0.001 0.000 0.001 0.001 
29 drill_vis 30 0.002 0.003 0.001 0.003 0.001 0.995 0.993 0.003 0.000 0.003 0.000 0.000 0.002 0.010 0.000 0.000 0.000 0.012 0.000 0.001 0.001 0.001 0.004 0.100 0.000 0.000 0.000 0.002 0.000 0.001 0.000 0.000 0.002 0.000 0.001 0.030 0.016 0.000 0.009 0.977 0.000 0.000 0.001 0.000 0.001 0.000 0.000 0.000 0.000 0.000 0.022 0.000 0.030 0.001 0.001 0.000 0.001 0.000 
30 clamp_vis 30 0.001 0.001 0.001 0.002 0.001 0.996 0.004 0.994 0.001 0.001 0.001 0.000 0.000 0.000 0.000 0.000 0.000 0.000 0.000 0.001 0.001 0.001 0.001 0.000 0.000 0.003 0.003 0.003 0.000 0.000 0.016 0.000 0.000 0.001 0.000 0.002 0.001 0.003 0.001 0.000 0.156 0.001 0.014 0.643 0.015 0.009 0.000 0.000 0.001 0.000 0.000 0.014 0.000 0.000 0.002 0.000 0.000 0.000 
31 hoe_vis 30 0.002 0.001 0.001 0.001 0.001 0.996 0.001 0.994 0.001 0.001 0.007 0.000 0.000 0.000 0.000 0.000 0.000 0.001 0.000 0.001 0.001 0.001 0.001 0.000 0.000 0.001 0.073 0.001 0.000 0.000 0.035 0.000 0.000 0.000 0.001 0.000 0.001 0.002 0.000 0.001 0.013 0.023 0.004 0.915 0.010 0.286 0.001 0.001 0.001 0.000 0.000 0.007 0.001 0.000 0.001 0.001 0.000 0.000 
32 rake_vis 30 0.002 0.021 0.001 0.000 0.001 0.996 0.001 0.937 0.012 0.001 0.011 0.001 0.000 0.000 0.000 0.001 0.000 0.001 0.000 0.001 0.000 0.001 0.001 0.000 0.000 0.078 0.001 0.001 0.000 0.000 0.001 0.000 0.000 0.001 0.000 0.002 0.001 0.001 0.000 0.000 0.028 0.019 0.004 0.003 0.061 0.142 0.001 0.001 0.001 0.003 0.000 0.160 0.001 0.000 0.002 0.000 0.000 0.000 
33 shovel_vis 30 0.001 0.001 0.001 0.001 0.001 0.996 0.006 0.994 0.001 0.001 0.001 0.000 0.000 0.000 0.000 0.000 0.000 0.000 0.000 0.001 0.001 0.001 0.001 0.000 0.000 0.001 0.004 0.003 0.000 0.000 0.021 0.000 0.000 0.001 0.001 0.001 0.001 0.004 0.000 0.000 0.041 0.001 0.020 0.768 0.011 0.014 0.000 0.000 0.001 0.000 0.000 0.008 0.001 0.000 0.002 0.000 0.000 0.000 
34 spade_vis 30 0.001 0.014 0.001 0.001 0.001 0.996 0.001 0.317 0.526 0.001 0.001 0.000 0.000 0.000 0.000 0.004 0.000 0.000 0.000 0.001 0.000 0.001 0.001 0.000 0.000 0.019 0.000 0.001 0.000 0.000 0.001 0.000 0.000 0.004 0.001 0.003 0.001 0.000 0.000 0.001 0.039 0.005 0.003 0.002 0.053 0.037 0.001 0.002 0.001 0.054 0.001 0.537 0.001 0.000 0.001 0.000 0.000 0.000 
35 wrench_vis 30 0.002 0.021 0.001 0.000 0.001 0.996 0.000 0.917 0.038 0.001 0.014 0.002 0.000 0.000 0.001 0.001 0.000 0.001 0.000 0.001 0.000 0.001 0.000 0.000 0.000 0.042 0.002 0.000 0.000 0.000 0.001 0.000 0.000 0.001 0.000 0.001 0.000 0.000 0.000 0.000 0.004 0.039 0.001 0.001 0.070 0.133 0.002 0.005 0.002 0.002 0.001 0.222 0.001 0.000 0.001 0.001 0.000 0.000 
36 accordion_vis 30 0.002 0.009 0.001 0.000 0.001 0.995 0.001 0.007 0.992 0.003 0.000 0.000 0.001 0.009 0.006 0.001 0.003 0.001 0.000 0.001 0.000 0.000 0.000 0.000 0.000 0.000 0.000 0.000 0.000 0.007 0.004 0.000 0.000 0.000 0.001 0.001 0.121 0.000 0.000 0.001 0.000 0.030 0.001 0.000 0.001 0.002 0.849 0.006 0.021 0.005 0.072 0.001 0.001 0.001 0.000 0.017 0.005 0.001 
37 cello_vis 30 0.002 0.015 0.001 0.000 0.001 0.995 0.001 0.002 0.993 0.002 0.001 0.000 0.001 0.047 0.003 0.001 0.001 0.000 0.000 0.001 0.000 0.000 0.000 0.000 0.000 0.000 0.000 0.000 0.000 0.001 0.001 0.000 0.000 0.000 0.001 0.001 0.006 0.000 0.000 0.000 0.000 0.008 0.001 0.000 0.001 0.002 0.524 0.004 0.003 0.060 0.476 0.004 0.000 0.002 0.001 0.001 0.003 0.001 
38 flute_vis 30 0.002 0.009 0.001 0.000 0.001 0.995 0.001 0.004 0.987 0.002 0.000 0.005 0.000 0.001 0.002 0.001 0.000 0.000 0.001 0.003 0.000 0.000 0.000 0.000 0.000 0.004 0.000 0.000 0.000 0.001 0.001 0.000 0.000 0.007 0.001 0.001 0.001 0.001 0.001 0.000 0.009 0.002 0.001 0.000 0.014 0.003 0.005 0.015 0.042 0.126 0.006 0.790 0.000 0.000 0.001 0.001 0.001 0.001 
39 guitar_vis 30 0.002 0.013 0.001 0.000 0.001 0.995 0.001 0.001 0.994 0.003 0.000 0.000 0.001 0.031 0.002 0.002 0.001 0.000 0.001 0.001 0.000 0.000 0.000 0.000 0.000 0.000 0.000 0.000 0.000 0.001 0.001 0.000 0.000 0.001 0.001 0.001 0.008 0.000 0.000 0.000 0.001 0.003 0.001 0.000 0.001 0.002 0.373 0.004 0.009 0.332 0.745 0.007 0.000 0.001 0.001 0.001 0.007 0.001 
40 piano_vis 30 0.002 0.013 0.001 0.000 0.001 0.995 0.002 0.003 0.991 0.002 0.000 0.001 0.001 0.031 0.002 0.001 0.002 0.001 0.000 0.001 0.000 0.000 0.000 0.000 0.000 0.000 0.000 0.000 0.000 0.002 0.002 0.000 0.000 0.000 0.001 0.001 0.043 0.000 0.000 0.002 0.000 0.019 0.001 0.000 0.001 0.001 0.607 0.004 0.004 0.011 0.383 0.002 0.001 0.006 0.000 0.002 0.002 0.001 
41 trumpet_vis 30 0.001 0.022 0.001 0.000 0.001 0.996 0.000 0.009 0.987 0.001 0.001 0.149 0.000 0.000 0.002 0.003 0.000 0.000 0.000 0.025 0.000 0.000 0.000 0.000 0.000 0.031 0.000 0.000 0.000 0.000 0.001 0.001 0.000 0.014 0.000 0.001 0.000 0.001 0.000 0.000 0.003 0.034 0.001 0.000 0.077 0.005 0.003 0.031 0.003 0.019 0.007 0.983 0.000 0.000 0.001 0.001 0.000 0.000 
42 fork_vis 30 0.003 0.001 0.001 0.008 0.001 0.995 0.933 0.003 0.000 0.853 0.000 0.000 0.000 0.001 0.000 0.000 0.000 0.075 0.000 0.001 0.019 0.009 0.091 0.030 0.001 0.000 0.000 0.001 0.000 0.001 0.000 0.000 0.027 0.000 0.003 0.003 0.005 0.000 0.003 0.572 0.000 0.001 0.001 0.000 0.001 0.000 0.000 0.000 0.000 0.000 0.000 0.000 0.729 0.007 0.001 0.000 0.027 0.003 
43 spoon_vis 30 0.003 0.001 0.001 0.001 0.004 0.995 0.012 0.098 0.002 0.386 0.000 0.000 0.000 0.002 0.000 0.000 0.001 0.002 0.000 0.001 0.003 0.001 0.002 0.001 0.000 0.000 0.000 0.000 0.000 0.001 0.001 0.001 0.004 0.000 0.003 0.001 0.017 0.000 0.001 0.001 0.000 0.002 0.001 0.000 0.000 0.000 0.001 0.000 0.002 0.002 0.001 0.000 0.021 0.003 0.001 0.002 0.175 0.001 
44 tongs_vis 30 0.003 0.006 0.001 0.005 0.001 0.994 0.972 0.026 0.001 0.002 0.003 0.000 0.038 0.001 0.001 0.000 0.000 0.002 0.000 0.001 0.001 0.016 0.002 0.001 0.024 0.000 0.018 0.003 0.001 0.001 0.001 0.000 0.000 0.000 0.933 0.001 0.002 0.022 0.007 0.001 0.002 0.000 0.001 0.022 0.001 0.035 0.003 0.017 0.002 0.002 0.000 0.000 0.035 0.000 0.004 0.001 0.001 0.002 
45 ladle_vis 30 0.003 0.002 0.001 0.005 0.001 0.993 0.945 0.014 0.003 0.005 0.001 0.000 0.018 0.001 0.001 0.000 0.000 0.001 0.000 0.001 0.000 0.007 0.001 0.001 0.080 0.000 0.049 0.001 0.004 0.002 0.000 0.000 0.000 0.000 0.980 0.001 0.005 0.003 0.002 0.001 0.000 0.001 0.001 0.004 0.001 0.049 0.017 0.002 0.022 0.004 0.000 0.000 0.035 0.001 0.001 0.002 0.018 0.002 
46 knife_vis 30 0.003 0.001 0.001 0.000 0.020 0.995 0.006 0.001 0.020 0.626 0.000 0.000 0.000 0.002 0.000 0.000 0.001 0.001 0.000 0.002 0.002 0.000 0.001 0.000 0.000 0.000 0.000 0.000 0.000 0.001 0.001 0.001 0.015 0.001 0.003 0.001 0.035 0.000 0.001 0.001 0.000 0.004 0.001 0.000 0.000 0.000 0.001 0.000 0.010 0.006 0.005 0.001 0.001 0.007 0.001 0.004 0.279 0.007 
47 chopsticks_vis 30 0.003 0.001 0.003 0.001 0.003 0.996 0.018 0.001 0.083 0.942 0.000 0.000 0.000 0.039 0.000 0.001 0.001 0.008 0.005 0.005 0.001 0.001 0.001 0.000 0.000 0.000 0.000 0.001 0.000 0.001 0.000 0.001 0.006 0.000 0.003 0.004 0.023 0.001 0.002 0.001 0.000 0.001 0.001 0.000 0.001 0.000 0.014 0.000 0.002 0.169 0.013 0.000 0.001 0.097 0.001 0.011 0.946 0.016 
