0 beaver_vis 30 0.995 0.369 0.084 0.001 0.001 0.001 0.001 0.000 0.002 0.000 0.501 0.001 0.001 0.001 0.020 0.025 0.146 0.000 0.096 0.005 0.001 0.008 0.000 0.000 0.001 0.000 0.000 0.000 0.001 0.001 0.002 0.001 0.000 0.000 0.000 0.001 0.000 0.000 0.000 0.001 0.001 0.000 0.000 0.001 0.000 0.000 0.000 0.001 0.000 0.000 0.001 0.000 0.001 0.000 0.000 0.000 0.000 0.001 
1 bear_vis 30 0.995 0.989 0.005 0.019 0.001 0.001 0.001 0.000 0.002 0.000 0.002 0.948 0.003 0.001 0.004 0.129 0.001 0.000 0.042 0.001 0.002 0.001 0.001 0.000 0.033 0.006 0.015 0.001 0.001 0.001 0.003 0.001 0.000 0.000 0.004 0.001 0.002 0.000 0.001 0.001 0.001 0.000 0.000 0.001 0.002 0.000 0.004 0.001 0.001 0.000 0.030 0.000 0.000 0.002 0.000 0.000 0.000 0.001 
2 sheep_vis 30 0.995 0.097 0.882 0.001 0.001 0.001 0.001 0.001 0.003 0.000 0.096 0.001 0.001 0.002 0.007 0.063 0.598 0.000 0.075 0.015 0.003 0.008 0.000 0.000 0.001 0.000 0.000 0.001 0.001 0.001 0.002 0.002 0.000 0.000 0.001 0.001 0.000 0.000 0.001 0.001 0.001 0.000 0.000 0.001 0.000 0.000 0.000 0.002 0.001 0.000 0.001 0.000 0.001 0.000 0.000 0.000 0.000 0.000 
3 buffalo_vis 30 0.995 0.025 0.004 0.003 0.977 0.001 0.001 0.000 0.001 0.000 0.006 0.001 0.001 0.018 0.000 0.026 0.043 0.000 0.000 0.001 0.005 0.001 0.000 0.010 0.001 0.000 0.001 0.042 0.949 0.001 0.064 0.149 0.004 0.003 0.001 0.001 0.000 0.001 0.002 0.004 0.002 0.000 0.000 0.001 0.000 0.000 0.000 0.004 0.069 0.000 0.000 0.000 0.000 0.000 0.000 0.000 0.000 0.000 
4 poodle_vis 30 0.996 0.430 0.239 0.001 0.008 0.001 0.001 0.000 0.001 0.000 0.075 0.003 0.000 0.002 0.151 0.056 0.136 0.000 0.009 0.003 0.002 0.011 0.000 0.001 0.001 0.000 0.000 0.001 0.001 0.009 0.002 0.022 0.001 0.001 0.002 0.001 0.000 0.000 0.000 0.001 0.001 0.001 0.000 0.000 0.000 0.000 0.000 0.000 0.000 0.000 0.000 0.000 0.000 0.000 0.000 0.000 0.000 0.001 
5 giraffe_vis 30 0.995 0.686 0.016 0.001 0.738 0.001 0.002 0.000 0.001 0.000 0.002 0.025 0.001 0.008 0.001 0.732 0.021 0.000 0.106 0.001 0.007 0.001 0.000 0.003 0.001 0.000 0.000 0.001 0.005 0.006 0.629 0.016 0.001 0.010 0.020 0.001 0.000 0.001 0.005 0.013 0.001 0.000 0.000 0.001 0.000 0.000 0.000 0.001 0.008 0.000 0.000 0.000 0.000 0.000 0.000 0.000 0.001 0.000 
6 robin_vis 30 0.994 0.004 0.993 0.000 0.001 0.002 0.001 0.001 0.002 0.001 0.003 0.000 0.002 0.001 0.000 0.007 0.227 0.001 0.112 0.002 0.044 0.627 0.000 0.000 0.002 0.000 0.000 0.002 0.001 0.002 0.000 0.001 0.000 0.000 0.001 0.001 0.000 0.000 0.001 0.001 0.002 0.000 0.001 0.000 0.000 0.000 0.001 0.001 0.001 0.000 0.001 0.000 0.001 0.000 0.000 0.000 0.001 0.001 
7 swan_vis 30 0.995 0.006 0.934 0.004 0.002 0.001 0.001 0.001 0.001 0.000 0.002 0.000 0.028 0.002 0.002 0.003 0.011 0.015 0.022 0.001 0.018 0.429 0.003 0.000 0.008 0.000 0.000 0.001 0.001 0.013 0.001 0.000 0.001 0.004 0.000 0.001 0.000 0.000 0.000 0.000 0.001 0.001 0.001 0.000 0.000 0.001 0.001 0.001 0.000 0.000 0.000 0.000 0.001 0.000 0.000 0.008 0.000 0.001 
8 woodpecker_vis 30 0.994 0.003 0.993 0.001 0.001 0.001 0.001 0.001 0.001 0.001 0.002 0.000 0.001 0.001 0.001 0.005 0.037 0.001 0.607 0.046 0.004 0.577 0.000 0.000 0.012 0.000 0.000 0.000 0.000 0.002 0.001 0.000 0.000 0.000 0.001 0.002 0.000 0.000 0.001 0.002 0.001 0.000 0.001 0.001 0.001 0.000 0.000 0.001 0.000 0.000 0.001 0.000 0.001 0.000 0.000 0.000 0.000 0.001 
9 peacock_vis 30 0.995 0.005 0.993 0.002 0.001 0.001 0.001 0.000 0.008 0.000 0.017 0.001 0.001 0.001 0.003 0.005 0.142 0.005 0.059 0.787 0.005 0.010 0.001 0.000 0.002 0.005 0.000 0.001 0.000 0.001 0.002 0.000 0.000 0.000 0.003 0.001 0.000 0.000 0.001 0.002 0.001 0.001 0.000 0.001 0.000 0.000 0.016 0.001 0.001 0.000 0.002 0.000 0.001 0.000 0.000 0.000 0.000 0.001 
10 crow_vis 30 0.994 0.003 0.584 0.120 0.956 0.001 0.001 0.001 0.001 0.001 0.001 0.001 0.001 0.001 0.000 0.007 0.011 0.000 0.002 0.001 0.513 0.001 0.001 0.000 0.002 0.000 0.000 0.244 0.018 0.879 0.001 0.178 0.070 0.004 0.221 0.001 0.000 0.000 0.001 0.001 0.001 0.000 0.000 0.000 0.000 0.000 0.000 0.001 0.144 0.035 0.000 0.000 0.001 0.000 0.000 0.000 0.001 0.001 
11 eagle_vis 30 0.995 0.009 0.992 0.002 0.001 0.001 0.001 0.001 0.001 0.001 0.003 0.001 0.003 0.002 0.003 0.003 0.082 0.003 0.039 0.007 0.019 0.828 0.001 0.001 0.005 0.000 0.000 0.002 0.001 0.002 0.001 0.000 0.001 0.001 0.000 0.001 0.000 0.000 0.000 0.000 0.001 0.002 0.001 0.000 0.000 0.000 0.000 0.000 0.000 0.000 0.000 0.000 0.001 0.000 0.000 0.003 0.000 0.001 
12 tuna_vis 30 0.995 0.001 0.005 0.929 0.282 0.001 0.001 0.001 0.001 0.000 0.001 0.001 0.001 0.001 0.001 0.000 0.000 0.001 0.001 0.001 0.005 0.001 0.362 0.002 0.017 0.001 0.003 0.003 0.000 0.756 0.001 0.002 0.006 0.069 0.003 0.001 0.001 0.000 0.000 0.000 0.001 0.001 0.001 0.001 0.001 0.001 0.000 0.001 0.001 0.000 0.001 0.000 0.000 0.000 0.001 0.001 0.000 0.001 
13 goldfish_vis 30 0.995 0.004 0.001 0.035 0.281 0.001 0.001 0.001 0.001 0.000 0.001 0.001 0.001 0.004 0.000 0.001 0.001 0.000 0.000 0.001 0.002 0.001 0.001 0.033 0.001 0.000 0.002 0.036 0.058 0.001 0.007 0.009 0.002 0.001 0.000 0.001 0.000 0.003 0.000 0.000 0.004 0.001 0.000 0.002 0.000 0.000 0.000 0.001 0.002 0.000 0.000 0.000 0.000 0.000 0.000 0.001 0.000 0.000 
14 salmon_vis 30 0.995 0.017 0.984 0.023 0.067 0.001 0.010 0.001 0.001 0.000 0.000 0.036 0.001 0.001 0.000 0.857 0.115 0.004 0.790 0.004 0.889 0.006 0.001 0.000 0.788 0.002 0.000 0.002 0.000 0.762 0.004 0.002 0.000 0.001 0.882 0.001 0.001 0.000 0.010 0.002 0.001 0.000 0.000 0.001 0.001 0.000 0.000 0.001 0.052 0.000 0.001 0.000 0.001 0.001 0.000 0.000 0.001 0.000 
15 sardine_vis 30 0.993 0.002 0.006 0.991 0.004 0.001 0.003 0.001 0.002 0.000 0.002 0.003 0.002 0.002 0.000 0.000 0.001 0.010 0.001 0.004 0.011 0.001 0.003 0.004 0.008 0.482 0.004 0.861 0.007 0.000 0.001 0.001 0.001 0.000 0.000 0.001 0.000 0.000 0.009 0.001 0.002 0.001 0.000 0.006 0.001 0.000 0.001 0.005 0.010 0.000 0.001 0.000 0.001 0.000 0.000 0.000 0.000 0.000 
16 catfish_vis 30 0.995 0.005 0.002 0.013 0.898 0.001 0.005 0.001 0.001 0.000 0.001 0.002 0.001 0.001 0.001 0.006 0.002 0.000 0.003 0.001 0.001 0.001 0.001 0.004 0.001 0.000 0.002 0.002 0.002 0.005 0.222 0.187 0.005 0.002 0.104 0.001 0.002 0.001 0.007 0.017 0.001 0.000 0.000 0.001 0.000 0.000 0.000 0.001 0.005 0.000 0.000 0.000 0.000 0.000 0.000 0.000 0.001 0.001 
17 cod_vis 30 0.995 0.001 0.023 0.992 0.012 0.001 0.013 0.001 0.001 0.000 0.001 0.001 0.001 0.004 0.000 0.000 0.001 0.004 0.000 0.001 0.249 0.003 0.001 0.310 0.029 0.002 0.000 0.987 0.042 0.001 0.002 0.002 0.014 0.000 0.000 0.001 0.000 0.070 0.001 0.000 0.081 0.002 0.000 0.016 0.000 0.001 0.000 0.000 0.027 0.000 0.000 0.000 0.000 0.000 0.000 0.001 0.000 0.000 
18 turtle_vis 30 0.994 0.002 0.002 0.001 0.987 0.001 0.001 0.001 0.001 0.001 0.000 0.000 0.000 0.003 0.001 0.002 0.012 0.000 0.000 0.000 0.004 0.001 0.001 0.004 0.000 0.000 0.000 0.008 0.053 0.004 0.005 0.879 0.398 0.001 0.757 0.001 0.000 0.002 0.000 0.001 0.001 0.000 0.000 0.000 0.000 0.000 0.000 0.000 0.005 0.001 0.000 0.000 0.000 0.002 0.001 0.001 0.013 0.001 
19 rattlesnake_vis 30 0.993 0.001 0.002 0.002 0.959 0.005 0.001 0.001 0.001 0.004 0.000 0.000 0.000 0.001 0.001 0.001 0.001 0.000 0.000 0.000 0.003 0.000 0.002 0.001 0.000 0.000 0.000 0.001 0.007 0.013 0.001 0.029 0.838 0.001 0.030 0.001 0.001 0.001 0.000 0.000 0.001 0.001 0.000 0.000 0.000 0.000 0.000 0.000 0.001 0.022 0.000 0.000 0.000 0.003 0.002 0.001 0.024 0.003 
20 crab_vis 30 0.995 0.006 0.002 0.003 0.989 0.001 0.001 0.001 0.001 0.001 0.001 0.001 0.000 0.003 0.001 0.010 0.006 0.000 0.000 0.000 0.003 0.001 0.000 0.009 0.000 0.000 0.001 0.005 0.072 0.034 0.065 0.866 0.024 0.004 0.194 0.001 0.000 0.002 0.001 0.003 0.001 0.000 0.000 0.001 0.000 0.000 0.000 0.000 0.061 0.005 0.000 0.000 0.000 0.000 0.001 0.001 0.002 0.001 
21 frog_vis 30 0.995 0.002 0.001 0.001 0.989 0.001 0.001 0.000 0.001 0.001 0.000 0.001 0.000 0.001 0.001 0.001 0.008 0.000 0.000 0.000 0.005 0.000 0.001 0.002 0.000 0.000 0.000 0.005 0.081 0.014 0.001 0.920 0.307 0.000 0.597 0.001 0.000 0.001 0.000 0.000 0.001 0.001 0.000 0.000 0.000 0.000 0.000 0.000 0.008 0.009 0.000 0.000 0.000 0.001 0.000 0.001 0.007 0.001 
22 gecko_vis 30 0.994 0.002 0.001 0.002 0.986 0.001 0.001 0.001 0.001 0.001 0.000 0.000 0.000 0.001 0.001 0.002 0.004 0.000 0.000 0.000 0.004 0.001 0.001 0.005 0.000 0.000 0.000 0.005 0.046 0.021 0.002 0.907 0.120 0.003 0.353 0.001 0.000 0.001 0.000 0.000 0.001 0.001 0.000 0.000 0.000 0.000 0.000 0.000 0.015 0.007 0.000 0.000 0.000 0.001 0.001 0.001 0.006 0.001 
23 crocodile_vis 30 0.995 0.004 0.002 0.001 0.990 0.001 0.001 0.000 0.000 0.001 0.000 0.001 0.000 0.002 0.001 0.004 0.009 0.000 0.000 0.000 0.004 0.001 0.001 0.005 0.000 0.000 0.001 0.006 0.046 0.030 0.007 0.920 0.226 0.002 0.680 0.001 0.000 0.001 0.000 0.001 0.001 0.000 0.000 0.000 0.000 0.000 0.000 0.000 0.015 0.003 0.000 0.000 0.000 0.001 0.001 0.000 0.009 0.001 
24 axe_vis 30 0.025 0.001 0.012 0.000 0.000 0.992 0.992 0.001 0.002 0.001 0.000 0.000 0.000 0.000 0.000 0.001 0.004 0.001 0.001 0.001 0.002 0.000 0.000 0.000 0.001 0.000 0.000 0.000 0.000 0.000 0.000 0.000 0.000 0.000 0.987 0.001 0.003 0.002 0.233 0.007 0.001 0.000 0.000 0.000 0.001 0.000 0.001 0.000 0.008 0.000 0.001 0.000 0.001 0.005 0.000 0.000 0.016 0.001 
25 hammer_vis 30 0.004 0.001 0.007 0.000 0.000 0.995 0.959 0.002 0.000 0.010 0.000 0.000 0.001 0.000 0.000 0.000 0.004 0.001 0.000 0.000 0.001 0.001 0.000 0.000 0.000 0.000 0.000 0.000 0.000 0.000 0.000 0.000 0.003 0.000 0.001 0.941 0.001 0.085 0.072 0.003 0.171 0.000 0.004 0.001 0.001 0.001 0.000 0.001 0.000 0.000 0.000 0.000 0.003 0.000 0.005 0.005 0.000 0.004 
26 screwdriver_vis 30 0.004 0.001 0.002 0.000 0.001 0.994 0.991 0.001 0.003 0.002 0.000 0.000 0.000 0.000 0.000 0.000 0.001 0.001 0.000 0.000 0.001 0.000 0.000 0.000 0.000 0.000 0.000 0.000 0.000 0.000 0.001 0.000 0.000 0.000 0.912 0.002 0.219 0.015 0.001 0.021 0.001 0.000 0.000 0.001 0.001 0.000 0.000 0.000 0.103 0.000 0.001 0.001 0.001 0.018 0.001 0.001 0.408 0.002 
27 chisel_vis 30 0.001 0.001 0.002 0.000 0.001 0.995 0.923 0.001 0.001 0.030 0.000 0.000 0.000 0.000 0.000 0.000 0.002 0.001 0.000 0.000 0.001 0.000 0.000 0.000 0.000 0.000 0.000 0.000 0.000 0.000 0.001 0.000 0.001 0.000 0.001 0.406 0.023 0.271 0.000 0.042 0.001 0.000 0.001 0.003 0.000 0.000 0.000 0.000 0.001 0.000 0.001 0.001 0.004 0.000 0.057 0.001 0.025 0.005 
28 saw_vis 30 0.070 0.001 0.059 0.000 0.000 0.992 0.984 0.001 0.001 0.001 0.000 0.000 0.001 0.000 0.000 0.004 0.021 0.005 0.028 0.000 0.009 0.000 0.000 0.000 0.001 0.000 0.000 0.000 0.000 0.000 0.001 0.000 0.000 0.000 0.944 0.004 0.001 0.001 0.694 0.006 0.001 0.000 0.001 0.001 0.000 0.000 0.001 0.000 0.001 0.000 0.001 0.000 0.001 0.001 0.000 0.000 0.003 0.001 
29 drill_vis 30 0.002 0.001 0.004 0.000 0.000 0.993 0.992 0.001 0.003 0.001 0.000 0.000 0.000 0.000 0.000 0.001 0.019 0.029 0.001 0.001 0.001 0.000 0.000 0.000 0.000 0.001 0.000 0.000 0.000 0.000 0.002 0.000 0.000 0.000 0.004 0.008 0.276 0.044 0.003 0.837 0.001 0.000 0.001 0.008 0.001 0.000 0.000 0.000 0.003 0.000 0.002 0.002 0.053 0.000 0.001 0.000 0.012 0.002 
30 clamp_vis 30 0.001 0.001 0.001 0.001 0.001 0.996 0.002 0.992 0.002 0.003 0.020 0.000 0.002 0.000 0.000 0.000 0.002 0.000 0.000 0.001 0.002 0.003 0.000 0.000 0.000 0.000 0.001 0.060 0.000 0.000 0.007 0.000 0.000 0.000 0.000 0.001 0.001 0.033 0.000 0.004 0.089 0.016 0.004 0.952 0.002 0.007 0.000 0.000 0.006 0.000 0.000 0.011 0.006 0.000 0.009 0.002 0.005 0.000 
31 hoe_vis 30 0.002 0.001 0.001 0.012 0.000 0.995 0.001 0.993 0.005 0.002 0.001 0.001 0.001 0.000 0.002 0.000 0.000 0.000 0.000 0.001 0.005 0.000 0.012 0.000 0.000 0.000 0.001 0.211 0.000 0.000 0.000 0.009 0.000 0.000 0.000 0.001 0.003 0.018 0.000 0.000 0.005 0.938 0.001 0.083 0.042 0.200 0.147 0.000 0.044 0.001 0.001 0.001 0.001 0.001 0.004 0.022 0.011 0.000 
32 rake_vis 30 0.001 0.001 0.000 0.001 0.002 0.995 0.001 0.844 0.003 0.006 0.001 0.000 0.008 0.000 0.000 0.000 0.000 0.000 0.000 0.000 0.002 0.001 0.001 0.000 0.000 0.000 0.002 0.001 0.001 0.000 0.000 0.000 0.000 0.002 0.000 0.001 0.001 0.001 0.000 0.000 0.001 0.002 0.023 0.014 0.003 0.909 0.000 0.000 0.002 0.001 0.001 0.024 0.001 0.000 0.069 0.002 0.047 0.001 
33 shovel_vis 30 0.001 0.001 0.001 0.001 0.001 0.995 0.001 0.981 0.002 0.003 0.005 0.000 0.002 0.000 0.000 0.000 0.001 0.000 0.000 0.000 0.001 0.002 0.001 0.000 0.000 0.000 0.001 0.013 0.000 0.000 0.001 0.000 0.000 0.000 0.000 0.001 0.001 0.010 0.000 0.001 0.007 0.010 0.006 0.707 0.003 0.056 0.000 0.000 0.003 0.001 0.001 0.023 0.002 0.000 0.027 0.003 0.026 0.001 
34 spade_vis 30 0.001 0.001 0.000 0.003 0.001 0.995 0.001 0.940 0.003 0.005 0.000 0.001 0.002 0.000 0.000 0.000 0.000 0.000 0.000 0.001 0.011 0.001 0.003 0.000 0.001 0.000 0.003 0.004 0.000 0.001 0.000 0.005 0.000 0.000 0.000 0.001 0.004 0.005 0.000 0.000 0.001 0.025 0.004 0.014 0.014 0.751 0.003 0.000 0.020 0.001 0.001 0.003 0.001 0.000 0.028 0.003 0.109 0.001 
35 wrench_vis 30 0.001 0.001 0.000 0.001 0.002 0.995 0.001 0.801 0.024 0.005 0.001 0.000 0.006 0.000 0.000 0.000 0.000 0.000 0.000 0.001 0.005 0.000 0.001 0.000 0.000 0.001 0.002 0.001 0.001 0.001 0.000 0.001 0.000 0.001 0.000 0.001 0.001 0.001 0.000 0.000 0.001 0.004 0.004 0.011 0.001 0.943 0.001 0.001 0.004 0.006 0.001 0.038 0.003 0.000 0.026 0.002 0.086 0.001 
36 accordion_vis 30 0.122 0.562 0.014 0.001 0.000 0.995 0.003 0.016 0.981 0.002 0.026 0.031 0.316 0.001 0.020 0.140 0.016 0.002 0.021 0.003 0.058 0.000 0.001 0.000 0.001 0.004 0.000 0.003 0.000 0.001 0.000 0.006 0.000 0.000 0.025 0.001 0.000 0.000 0.000 0.001 0.020 0.003 0.000 0.001 0.001 0.003 0.990 0.011 0.012 0.003 0.024 0.001 0.042 0.028 0.000 0.001 0.000 0.000 
37 cello_vis 30 0.001 0.001 0.001 0.000 0.020 0.995 0.001 0.003 0.991 0.005 0.061 0.000 0.003 0.000 0.001 0.001 0.011 0.000 0.004 0.003 0.001 0.000 0.001 0.000 0.000 0.027 0.002 0.001 0.024 0.000 0.000 0.000 0.000 0.001 0.000 0.004 0.000 0.000 0.000 0.006 0.002 0.001 0.006 0.086 0.001 0.017 0.002 0.041 0.008 0.053 0.014 0.976 0.035 0.000 0.015 0.001 0.003 0.001 
38 flute_vis 30 0.001 0.001 0.001 0.001 0.012 0.995 0.001 0.003 0.992 0.004 0.014 0.000 0.002 0.000 0.001 0.001 0.004 0.000 0.001 0.002 0.001 0.000 0.001 0.000 0.000 0.013 0.002 0.001 0.006 0.001 0.000 0.001 0.000 0.001 0.000 0.002 0.001 0.000 0.000 0.001 0.001 0.002 0.001 0.010 0.001 0.038 0.003 0.010 0.019 0.156 0.006 0.790 0.010 0.001 0.006 0.001 0.011 0.001 
39 guitar_vis 30 0.004 0.001 0.012 0.000 0.001 0.995 0.001 0.001 0.993 0.021 0.037 0.000 0.001 0.000 0.071 0.001 0.085 0.000 0.000 0.005 0.001 0.000 0.004 0.000 0.000 0.001 0.000 0.000 0.001 0.005 0.000 0.007 0.000 0.000 0.001 0.001 0.000 0.000 0.000 0.000 0.001 0.022 0.000 0.000 0.001 0.014 0.041 0.003 0.010 0.970 0.003 0.032 0.004 0.003 0.001 0.001 0.035 0.001 
40 piano_vis 30 0.011 0.004 0.002 0.004 0.006 0.922 0.002 0.006 0.895 0.026 0.001 0.228 0.002 0.000 0.064 0.022 0.001 0.000 0.049 0.011 0.003 0.000 0.277 0.000 0.002 0.033 0.037 0.000 0.000 0.082 0.000 0.019 0.000 0.001 0.283 0.002 0.008 0.000 0.001 0.002 0.001 0.002 0.004 0.001 0.412 0.003 0.486 0.012 0.010 0.007 0.966 0.002 0.001 0.119 0.001 0.001 0.001 0.041 
41 trumpet_vis 30 0.001 0.001 0.001 0.001 0.008 0.995 0.001 0.004 0.992 0.007 0.171 0.000 0.001 0.000 0.001 0.001 0.022 0.000 0.002 0.005 0.001 0.000 0.001 0.000 0.000 0.016 0.002 0.001 0.022 0.000 0.000 0.000 0.000 0.001 0.000 0.002 0.001 0.000 0.000 0.011 0.001 0.002 0.003 0.071 0.001 0.010 0.001 0.025 0.006 0.081 0.011 0.977 0.065 0.000 0.008 0.001 0.004 0.001 
42 fork_vis 30 0.001 0.001 0.001 0.000 0.001 0.995 0.001 0.002 0.902 0.041 0.304 0.000 0.001 0.001 0.003 0.000 0.010 0.000 0.001 0.002 0.001 0.000 0.001 0.000 0.000 0.007 0.002 0.001 0.006 0.000 0.000 0.000 0.001 0.000 0.000 0.001 0.003 0.001 0.000 0.003 0.001 0.002 0.001 0.071 0.000 0.011 0.001 0.003 0.001 0.035 0.002 0.920 0.117 0.001 0.006 0.001 0.006 0.004 
43 spoon_vis 30 0.002 0.001 0.001 0.000 0.009 0.995 0.005 0.000 0.017 0.925 0.000 0.000 0.000 0.001 0.001 0.000 0.002 0.000 0.000 0.000 0.001 0.000 0.001 0.000 0.000 0.000 0.000 0.000 0.000 0.001 0.000 0.008 0.010 0.000 0.036 0.001 0.003 0.002 0.000 0.001 0.000 0.001 0.000 0.000 0.000 0.001 0.000 0.000 0.001 0.008 0.000 0.000 0.002 0.188 0.001 0.002 0.697 0.005 
44 tongs_vis 30 0.001 0.001 0.001 0.000 0.001 0.995 0.003 0.007 0.001 0.993 0.000 0.000 0.001 0.000 0.000 0.000 0.018 0.001 0.000 0.000 0.001 0.006 0.000 0.000 0.000 0.000 0.000 0.000 0.001 0.000 0.000 0.000 0.014 0.000 0.000 0.067 0.003 0.017 0.000 0.001 0.003 0.001 0.013 0.017 0.001 0.001 0.000 0.000 0.001 0.001 0.000 0.006 0.104 0.000 0.938 0.005 0.076 0.030 
45 ladle_vis 30 0.001 0.001 0.001 0.001 0.000 0.995 0.079 0.083 0.001 0.933 0.000 0.000 0.001 0.001 0.001 0.000 0.001 0.004 0.000 0.000 0.001 0.002 0.003 0.000 0.000 0.000 0.000 0.040 0.000 0.000 0.000 0.001 0.005 0.000 0.000 0.001 0.014 0.536 0.000 0.000 0.002 0.016 0.000 0.095 0.001 0.017 0.000 0.000 0.001 0.003 0.000 0.001 0.410 0.012 0.011 0.336 0.051 0.001 
46 knife_vis 30 0.001 0.001 0.001 0.000 0.002 0.995 0.002 0.000 0.028 0.981 0.003 0.000 0.000 0.001 0.005 0.000 0.061 0.001 0.000 0.000 0.001 0.000 0.001 0.000 0.000 0.000 0.000 0.000 0.001 0.001 0.000 0.001 0.005 0.000 0.001 0.001 0.002 0.002 0.000 0.006 0.000 0.001 0.000 0.001 0.000 0.000 0.000 0.000 0.001 0.030 0.000 0.007 0.276 0.008 0.005 0.002 0.256 0.054 
47 chopsticks_vis 30 0.001 0.001 0.001 0.000 0.001 0.995 0.002 0.001 0.007 0.987 0.007 0.000 0.001 0.002 0.001 0.000 0.025 0.003 0.000 0.000 0.001 0.000 0.001 0.000 0.000 0.000 0.001 0.000 0.002 0.000 0.000 0.000 0.004 0.000 0.000 0.002 0.002 0.002 0.000 0.005 0.001 0.001 0.000 0.017 0.000 0.002 0.000 0.000 0.001 0.003 0.001 0.206 0.830 0.002 0.019 0.004 0.024 0.015 
0 beaver_vis 30 0.995 0.866 0.050 0.001 0.001 0.001 0.001 0.000 0.001 0.001 0.658 0.017 0.001 0.002 0.112 0.005 0.019 0.002 0.011 0.040 0.001 0.012 0.001 0.000 0.001 0.001 0.001 0.001 0.001 0.001 0.001 0.002 0.000 0.000 0.000 0.001 0.000 0.000 0.000 0.001 0.001 0.001 0.001 0.001 0.000 0.000 0.002 0.001 0.000 0.000 0.001 0.000 0.001 0.000 0.000 0.000 0.000 0.001 
1 bear_vis 30 0.995 0.991 0.006 0.055 0.001 0.001 0.001 0.001 0.002 0.000 0.010 0.971 0.016 0.003 0.004 0.031 0.001 0.001 0.015 0.005 0.001 0.002 0.001 0.001 0.058 0.022 0.049 0.001 0.000 0.000 0.001 0.001 0.000 0.000 0.001 0.001 0.002 0.000 0.001 0.001 0.001 0.000 0.001 0.001 0.004 0.000 0.004 0.001 0.001 0.000 0.034 0.000 0.001 0.001 0.000 0.000 0.000 0.001 
2 sheep_vis 30 0.995 0.873 0.040 0.002 0.000 0.001 0.001 0.001 0.002 0.001 0.768 0.019 0.003 0.003 0.054 0.002 0.010 0.003 0.011 0.064 0.002 0.006 0.001 0.000 0.003 0.004 0.001 0.001 0.000 0.000 0.001 0.001 0.000 0.000 0.000 0.001 0.000 0.000 0.000 0.000 0.001 0.001 0.000 0.001 0.001 0.000 0.003 0.001 0.001 0.000 0.002 0.000 0.003 0.001 0.000 0.000 0.000 0.000 
3 buffalo_vis 30 0.995 0.990 0.016 0.004 0.009 0.001 0.002 0.000 0.001 0.000 0.003 0.440 0.002 0.058 0.001 0.912 0.008 0.001 0.131 0.001 0.025 0.003 0.001 0.004 0.023 0.001 0.000 0.002 0.001 0.003 0.025 0.019 0.000 0.001 0.051 0.001 0.000 0.000 0.002 0.001 0.001 0.000 0.000 0.002 0.000 0.000 0.000 0.001 0.007 0.000 0.001 0.000 0.001 0.001 0.000 0.000 0.000 0.000 
4 poodle_vis 30 0.996 0.598 0.060 0.001 0.004 0.001 0.001 0.000 0.001 0.001 0.008 0.003 0.001 0.002 0.618 0.025 0.019 0.001 0.246 0.001 0.002 0.006 0.001 0.000 0.001 0.000 0.000 0.001 0.001 0.015 0.001 0.003 0.001 0.003 0.000 0.001 0.000 0.000 0.000 0.000 0.001 0.001 0.000 0.000 0.000 0.000 0.000 0.000 0.000 0.001 0.001 0.000 0.000 0.000 0.000 0.000 0.000 0.001 
5 giraffe_vis 30 0.995 0.990 0.014 0.018 0.003 0.001 0.001 0.000 0.001 0.000 0.002 0.921 0.009 0.005 0.004 0.127 0.005 0.000 0.024 0.001 0.004 0.002 0.001 0.001 0.028 0.005 0.015 0.001 0.001 0.001 0.006 0.002 0.000 0.000 0.002 0.001 0.001 0.000 0.001 0.001 0.001 0.000 0.000 0.001 0.001 0.000 0.002 0.001 0.001 0.000 0.006 0.000 0.001 0.001 0.000 0.000 0.000 0.001 
6 robin_vis 30 0.994 0.004 0.977 0.000 0.000 0.002 0.001 0.001 0.002 0.001 0.001 0.000 0.002 0.001 0.001 0.005 0.065 0.013 0.451 0.001 0.009 0.114 0.000 0.000 0.002 0.000 0.000 0.000 0.000 0.002 0.000 0.000 0.000 0.001 0.001 0.001 0.000 0.000 0.001 0.001 0.001 0.001 0.001 0.000 0.000 0.000 0.002 0.001 0.001 0.000 0.001 0.000 0.001 0.000 0.000 0.000 0.001 0.001 
7 swan_vis 30 0.995 0.007 0.987 0.008 0.001 0.001 0.088 0.000 0.001 0.001 0.003 0.001 0.002 0.002 0.025 0.001 0.010 0.982 0.057 0.032 0.002 0.029 0.014 0.000 0.012 0.001 0.000 0.001 0.001 0.003 0.000 0.000 0.000 0.001 0.021 0.001 0.049 0.000 0.000 0.000 0.001 0.002 0.000 0.000 0.001 0.000 0.001 0.000 0.000 0.001 0.001 0.000 0.001 0.040 0.000 0.001 0.000 0.002 
8 woodpecker_vis 30 0.994 0.004 0.979 0.000 0.000 0.002 0.001 0.001 0.001 0.001 0.001 0.000 0.003 0.001 0.002 0.001 0.003 0.014 0.737 0.003 0.002 0.565 0.001 0.000 0.014 0.000 0.000 0.000 0.000 0.012 0.000 0.000 0.000 0.007 0.000 0.001 0.000 0.000 0.000 0.000 0.001 0.000 0.003 0.001 0.001 0.000 0.001 0.001 0.000 0.000 0.001 0.000 0.001 0.000 0.001 0.001 0.000 0.001 
9 peacock_vis 30 0.995 0.005 0.993 0.013 0.001 0.001 0.001 0.000 0.001 0.000 0.012 0.002 0.001 0.001 0.007 0.002 0.067 0.091 0.091 0.878 0.003 0.020 0.003 0.000 0.006 0.011 0.000 0.001 0.000 0.001 0.001 0.000 0.000 0.000 0.004 0.001 0.001 0.000 0.000 0.001 0.001 0.001 0.001 0.001 0.001 0.000 0.005 0.001 0.000 0.000 0.006 0.000 0.001 0.001 0.000 0.000 0.000 0.001 
10 crow_vis 30 0.994 0.004 0.971 0.001 0.012 0.002 0.001 0.001 0.001 0.001 0.001 0.001 0.004 0.001 0.000 0.019 0.020 0.001 0.002 0.001 0.977 0.008 0.000 0.000 0.039 0.000 0.000 0.037 0.001 0.024 0.001 0.003 0.002 0.000 0.001 0.001 0.000 0.001 0.000 0.001 0.001 0.001 0.000 0.000 0.000 0.001 0.001 0.001 0.012 0.000 0.000 0.000 0.001 0.000 0.001 0.000 0.001 0.001 
11 eagle_vis 30 0.995 0.006 0.993 0.004 0.001 0.001 0.001 0.001 0.001 0.001 0.002 0.000 0.005 0.003 0.005 0.001 0.018 0.075 0.033 0.002 0.021 0.970 0.004 0.001 0.035 0.000 0.000 0.001 0.001 0.024 0.000 0.000 0.001 0.015 0.000 0.001 0.001 0.000 0.000 0.000 0.001 0.006 0.001 0.000 0.001 0.000 0.000 0.000 0.000 0.000 0.000 0.000 0.001 0.000 0.002 0.078 0.000 0.003 
12 tuna_vis 30 0.995 0.001 0.001 0.993 0.003 0.001 0.001 0.001 0.001 0.001 0.001 0.001 0.002 0.001 0.001 0.000 0.000 0.001 0.000 0.001 0.002 0.001 0.943 0.003 0.100 0.002 0.006 0.004 0.000 0.092 0.000 0.001 0.001 0.003 0.001 0.001 0.006 0.000 0.000 0.000 0.001 0.001 0.001 0.001 0.041 0.019 0.000 0.001 0.000 0.000 0.001 0.000 0.001 0.000 0.001 0.003 0.000 0.001 
13 goldfish_vis 30 0.995 0.010 0.002 0.985 0.017 0.001 0.006 0.004 0.001 0.000 0.001 0.004 0.001 0.007 0.001 0.000 0.000 0.001 0.000 0.001 0.007 0.046 0.002 0.603 0.080 0.000 0.021 0.105 0.001 0.001 0.093 0.004 0.004 0.005 0.000 0.002 0.006 0.296 0.001 0.000 0.002 0.002 0.001 0.023 0.001 0.000 0.000 0.000 0.002 0.000 0.000 0.000 0.000 0.000 0.001 0.001 0.000 0.000 
14 salmon_vis 30 0.995 0.010 0.012 0.976 0.001 0.001 0.001 0.001 0.001 0.001 0.000 0.013 0.010 0.001 0.001 0.001 0.000 0.019 0.006 0.001 0.017 0.001 0.855 0.001 0.579 0.006 0.003 0.002 0.000 0.021 0.000 0.001 0.000 0.001 0.002 0.001 0.006 0.000 0.000 0.000 0.001 0.001 0.001 0.000 0.157 0.067 0.005 0.001 0.001 0.000 0.002 0.000 0.001 0.001 0.001 0.006 0.000 0.000 
15 sardine_vis 30 0.993 0.003 0.002 0.993 0.001 0.001 0.001 0.001 0.002 0.000 0.002 0.008 0.043 0.001 0.001 0.000 0.000 0.017 0.022 0.026 0.002 0.001 0.521 0.001 0.262 0.969 0.305 0.006 0.000 0.001 0.001 0.000 0.000 0.005 0.000 0.002 0.011 0.000 0.006 0.000 0.001 0.001 0.011 0.001 0.005 0.004 0.001 0.012 0.001 0.000 0.022 0.002 0.001 0.000 0.000 0.001 0.000 0.000 
16 catfish_vis 30 0.994 0.002 0.002 0.994 0.002 0.001 0.001 0.001 0.001 0.000 0.001 0.005 0.006 0.001 0.001 0.000 0.000 0.002 0.003 0.005 0.002 0.002 0.070 0.008 0.394 0.541 0.153 0.042 0.001 0.001 0.002 0.000 0.001 0.001 0.000 0.001 0.010 0.001 0.003 0.000 0.001 0.001 0.007 0.011 0.011 0.001 0.000 0.001 0.001 0.000 0.001 0.001 0.001 0.000 0.000 0.001 0.000 0.001 
17 cod_vis 30 0.995 0.001 0.019 0.636 0.803 0.001 0.001 0.001 0.001 0.000 0.000 0.001 0.001 0.001 0.001 0.001 0.000 0.002 0.007 0.001 0.007 0.001 0.218 0.004 0.014 0.001 0.001 0.007 0.000 0.945 0.001 0.004 0.014 0.159 0.024 0.001 0.001 0.000 0.000 0.000 0.001 0.001 0.000 0.001 0.001 0.000 0.000 0.000 0.001 0.001 0.001 0.000 0.000 0.001 0.001 0.001 0.000 0.001 
18 turtle_vis 30 0.994 0.045 0.002 0.007 0.982 0.001 0.001 0.001 0.001 0.001 0.002 0.003 0.001 0.005 0.001 0.089 0.005 0.000 0.016 0.000 0.001 0.002 0.001 0.038 0.001 0.000 0.006 0.002 0.033 0.009 0.943 0.028 0.005 0.069 0.004 0.002 0.001 0.002 0.003 0.092 0.001 0.001 0.001 0.003 0.000 0.000 0.000 0.001 0.011 0.000 0.000 0.000 0.000 0.000 0.001 0.001 0.001 0.001 
19 rattlesnake_vis 30 0.978 0.001 0.002 0.001 0.945 0.059 0.001 0.001 0.001 0.084 0.000 0.000 0.001 0.002 0.002 0.001 0.001 0.001 0.000 0.000 0.002 0.001 0.010 0.001 0.000 0.000 0.000 0.001 0.002 0.014 0.001 0.039 0.782 0.001 0.012 0.002 0.001 0.002 0.000 0.001 0.001 0.001 0.001 0.000 0.001 0.000 0.000 0.000 0.001 0.002 0.000 0.000 0.001 0.005 0.003 0.001 0.026 0.038 
20 crab_vis 30 0.994 0.035 0.002 0.011 0.978 0.001 0.001 0.001 0.000 0.001 0.001 0.003 0.001 0.004 0.001 0.075 0.003 0.000 0.015 0.000 0.002 0.014 0.000 0.059 0.001 0.000 0.005 0.002 0.011 0.007 0.961 0.020 0.006 0.105 0.003 0.002 0.001 0.015 0.002 0.057 0.001 0.000 0.001 0.004 0.000 0.000 0.000 0.000 0.007 0.000 0.000 0.000 0.000 0.000 0.001 0.001 0.001 0.001 
21 frog_vis 30 0.994 0.003 0.001 0.001 0.989 0.001 0.001 0.001 0.001 0.001 0.000 0.000 0.000 0.001 0.001 0.001 0.001 0.000 0.000 0.000 0.003 0.000 0.001 0.001 0.000 0.000 0.000 0.002 0.136 0.065 0.001 0.945 0.049 0.002 0.020 0.001 0.000 0.001 0.000 0.000 0.001 0.001 0.000 0.000 0.000 0.000 0.000 0.001 0.016 0.407 0.000 0.000 0.000 0.000 0.001 0.001 0.002 0.001 
22 gecko_vis 30 0.985 0.002 0.003 0.031 0.336 0.065 0.001 0.001 0.001 0.002 0.000 0.000 0.002 0.004 0.001 0.001 0.001 0.002 0.000 0.000 0.006 0.019 0.001 0.008 0.001 0.000 0.001 0.005 0.004 0.002 0.012 0.001 0.306 0.150 0.000 0.508 0.000 0.017 0.010 0.000 0.002 0.001 0.004 0.000 0.000 0.000 0.000 0.000 0.001 0.000 0.000 0.000 0.000 0.000 0.096 0.002 0.001 0.004 
23 crocodile_vis 30 0.995 0.016 0.001 0.003 0.978 0.001 0.001 0.001 0.000 0.001 0.001 0.000 0.001 0.003 0.001 0.003 0.001 0.000 0.002 0.000 0.001 0.004 0.001 0.009 0.001 0.000 0.003 0.001 0.076 0.032 0.006 0.087 0.019 0.498 0.000 0.001 0.000 0.001 0.000 0.000 0.001 0.000 0.001 0.000 0.000 0.000 0.000 0.000 0.001 0.005 0.000 0.000 0.000 0.000 0.001 0.001 0.001 0.001 
24 axe_vis 30 0.027 0.001 0.014 0.000 0.000 0.991 0.991 0.001 0.002 0.001 0.000 0.001 0.001 0.001 0.000 0.002 0.005 0.001 0.002 0.001 0.003 0.000 0.000 0.000 0.001 0.000 0.000 0.000 0.000 0.000 0.000 0.000 0.000 0.000 0.986 0.002 0.001 0.002 0.161 0.006 0.001 0.000 0.000 0.000 0.001 0.000 0.001 0.000 0.008 0.000 0.001 0.000 0.001 0.005 0.000 0.001 0.017 0.001 
25 hammer_vis 30 0.002 0.001 0.026 0.000 0.002 0.995 0.051 0.010 0.000 0.986 0.000 0.000 0.001 0.000 0.000 0.000 0.090 0.004 0.002 0.000 0.001 0.075 0.000 0.000 0.000 0.000 0.000 0.000 0.000 0.000 0.000 0.000 0.024 0.001 0.000 0.355 0.001 0.011 0.005 0.003 0.196 0.000 0.318 0.001 0.001 0.000 0.000 0.001 0.000 0.000 0.001 0.000 0.021 0.000 0.104 0.004 0.002 0.335 
26 screwdriver_vis 30 0.003 0.001 0.002 0.001 0.001 0.994 0.991 0.001 0.004 0.004 0.000 0.000 0.001 0.001 0.000 0.000 0.001 0.001 0.000 0.001 0.001 0.000 0.000 0.000 0.000 0.000 0.000 0.000 0.000 0.000 0.001 0.000 0.000 0.000 0.800 0.002 0.632 0.036 0.001 0.091 0.001 0.001 0.001 0.001 0.001 0.000 0.000 0.000 0.121 0.000 0.002 0.001 0.001 0.017 0.001 0.001 0.588 0.003 
27 chisel_vis 30 0.001 0.001 0.004 0.000 0.001 0.995 0.039 0.010 0.001 0.993 0.000 0.000 0.001 0.001 0.000 0.000 0.017 0.002 0.000 0.000 0.001 0.007 0.000 0.000 0.000 0.000 0.000 0.000 0.001 0.000 0.001 0.000 0.014 0.000 0.000 0.138 0.006 0.031 0.001 0.006 0.003 0.000 0.018 0.016 0.001 0.001 0.000 0.000 0.001 0.000 0.001 0.004 0.095 0.000 0.923 0.003 0.093 0.039 
28 saw_vis 30 0.090 0.001 0.162 0.000 0.000 0.966 0.680 0.001 0.001 0.015 0.000 0.000 0.001 0.001 0.000 0.001 0.050 0.025 0.034 0.001 0.001 0.012 0.000 0.000 0.001 0.000 0.000 0.000 0.000 0.000 0.000 0.000 0.001 0.000 0.001 0.071 0.001 0.012 0.043 0.001 0.001 0.000 0.004 0.000 0.001 0.000 0.000 0.000 0.001 0.000 0.001 0.000 0.002 0.000 0.001 0.001 0.002 0.008 
29 drill_vis 30 0.002 0.001 0.006 0.000 0.000 0.989 0.988 0.001 0.002 0.021 0.001 0.000 0.001 0.001 0.000 0.001 0.005 0.186 0.001 0.001 0.001 0.000 0.000 0.000 0.000 0.002 0.000 0.000 0.000 0.000 0.001 0.000 0.000 0.000 0.001 0.024 0.895 0.043 0.002 0.383 0.001 0.000 0.001 0.006 0.001 0.000 0.000 0.000 0.001 0.000 0.003 0.016 0.195 0.001 0.001 0.001 0.004 0.011 
30 clamp_vis 30 0.001 0.001 0.002 0.001 0.002 0.995 0.016 0.037 0.001 0.975 0.000 0.000 0.003 0.000 0.000 0.000 0.007 0.001 0.001 0.000 0.001 0.053 0.001 0.000 0.001 0.000 0.001 0.001 0.000 0.000 0.001 0.000 0.024 0.001 0.000 0.010 0.001 0.078 0.029 0.001 0.026 0.001 0.291 0.002 0.003 0.003 0.000 0.001 0.001 0.000 0.000 0.001 0.013 0.000 0.030 0.017 0.004 0.528 
31 hoe_vis 30 0.002 0.001 0.001 0.004 0.000 0.995 0.001 0.993 0.003 0.002 0.002 0.000 0.001 0.000 0.008 0.000 0.000 0.000 0.000 0.002 0.002 0.001 0.009 0.000 0.000 0.000 0.001 0.165 0.000 0.000 0.000 0.005 0.000 0.000 0.000 0.001 0.003 0.014 0.000 0.000 0.006 0.962 0.001 0.093 0.043 0.079 0.114 0.000 0.012 0.001 0.000 0.001 0.002 0.001 0.003 0.024 0.009 0.001 
32 rake_vis 30 0.001 0.001 0.001 0.001 0.022 0.995 0.008 0.036 0.001 0.980 0.000 0.000 0.003 0.000 0.000 0.000 0.010 0.000 0.001 0.000 0.001 0.004 0.001 0.000 0.001 0.000 0.001 0.001 0.001 0.000 0.001 0.000 0.059 0.001 0.000 0.394 0.001 0.010 0.019 0.000 0.352 0.001 0.253 0.001 0.004 0.002 0.000 0.002 0.001 0.000 0.001 0.001 0.008 0.000 0.200 0.005 0.002 0.072 
33 shovel_vis 30 0.001 0.001 0.001 0.001 0.000 0.995 0.004 0.043 0.001 0.946 0.000 0.000 0.002 0.001 0.000 0.000 0.001 0.001 0.000 0.000 0.001 0.003 0.001 0.000 0.000 0.000 0.001 0.002 0.000 0.000 0.000 0.000 0.004 0.000 0.000 0.001 0.002 0.183 0.000 0.000 0.001 0.002 0.004 0.029 0.003 0.021 0.000 0.000 0.001 0.000 0.000 0.003 0.090 0.000 0.093 0.073 0.072 0.001 
34 spade_vis 30 0.001 0.001 0.001 0.004 0.000 0.995 0.001 0.975 0.003 0.004 0.001 0.001 0.004 0.000 0.000 0.000 0.000 0.000 0.000 0.000 0.014 0.001 0.004 0.000 0.001 0.000 0.003 0.009 0.000 0.001 0.000 0.005 0.000 0.000 0.000 0.001 0.002 0.005 0.000 0.000 0.001 0.060 0.012 0.013 0.010 0.897 0.009 0.000 0.023 0.002 0.001 0.003 0.001 0.000 0.020 0.006 0.037 0.001 
35 wrench_vis 30 0.001 0.001 0.001 0.001 0.001 0.995 0.001 0.950 0.009 0.005 0.001 0.000 0.008 0.000 0.000 0.000 0.000 0.000 0.000 0.001 0.004 0.000 0.004 0.000 0.000 0.001 0.002 0.004 0.000 0.001 0.000 0.001 0.000 0.000 0.000 0.001 0.001 0.001 0.000 0.000 0.001 0.061 0.006 0.014 0.002 0.953 0.006 0.001 0.003 0.007 0.001 0.026 0.003 0.000 0.020 0.011 0.023 0.001 
36 accordion_vis 30 0.414 0.550 0.026 0.001 0.000 0.990 0.003 0.015 0.903 0.001 0.041 0.021 0.029 0.001 0.034 0.577 0.101 0.001 0.093 0.005 0.028 0.000 0.001 0.000 0.001 0.003 0.000 0.004 0.000 0.001 0.000 0.007 0.000 0.000 0.014 0.001 0.000 0.001 0.000 0.001 0.017 0.003 0.000 0.001 0.001 0.001 0.912 0.004 0.009 0.001 0.023 0.001 0.013 0.022 0.000 0.001 0.001 0.000 
37 cello_vis 30 0.001 0.002 0.001 0.000 0.018 0.995 0.001 0.649 0.222 0.030 0.012 0.000 0.004 0.001 0.001 0.002 0.003 0.000 0.004 0.003 0.001 0.001 0.001 0.000 0.000 0.008 0.003 0.001 0.004 0.000 0.000 0.000 0.000 0.004 0.000 0.028 0.000 0.000 0.001 0.004 0.010 0.002 0.185 0.230 0.001 0.088 0.001 0.031 0.004 0.006 0.034 0.783 0.014 0.000 0.666 0.001 0.003 0.002 
38 flute_vis 30 0.001 0.001 0.001 0.001 0.005 0.995 0.001 0.012 0.990 0.005 0.174 0.000 0.005 0.001 0.001 0.000 0.014 0.000 0.002 0.007 0.001 0.000 0.002 0.000 0.000 0.048 0.004 0.001 0.022 0.000 0.000 0.000 0.000 0.001 0.000 0.002 0.001 0.000 0.000 0.004 0.002 0.008 0.002 0.153 0.001 0.053 0.007 0.029 0.010 0.103 0.009 0.982 0.139 0.001 0.009 0.001 0.002 0.001 
39 guitar_vis 30 0.018 0.002 0.038 0.001 0.001 0.994 0.001 0.002 0.988 0.015 0.114 0.000 0.002 0.001 0.081 0.003 0.203 0.000 0.001 0.008 0.001 0.000 0.003 0.000 0.000 0.003 0.001 0.001 0.001 0.001 0.000 0.002 0.000 0.000 0.000 0.001 0.001 0.000 0.000 0.001 0.001 0.016 0.000 0.001 0.001 0.012 0.185 0.006 0.004 0.527 0.004 0.054 0.025 0.002 0.001 0.002 0.006 0.001 
40 piano_vis 30 0.001 0.003 0.001 0.001 0.034 0.992 0.002 0.005 0.958 0.121 0.003 0.005 0.002 0.001 0.004 0.030 0.001 0.000 0.052 0.005 0.001 0.000 0.006 0.000 0.001 0.047 0.040 0.000 0.000 0.087 0.006 0.000 0.000 0.011 0.001 0.001 0.084 0.001 0.001 0.011 0.001 0.001 0.051 0.021 0.007 0.032 0.003 0.003 0.022 0.014 0.955 0.591 0.006 0.001 0.190 0.001 0.053 0.078 
41 trumpet_vis 30 0.001 0.001 0.001 0.001 0.012 0.995 0.001 0.010 0.940 0.011 0.070 0.000 0.002 0.000 0.001 0.001 0.010 0.000 0.003 0.003 0.001 0.000 0.001 0.000 0.000 0.016 0.003 0.001 0.013 0.001 0.000 0.000 0.000 0.002 0.000 0.003 0.001 0.000 0.000 0.007 0.001 0.002 0.009 0.115 0.001 0.019 0.001 0.012 0.007 0.035 0.027 0.970 0.035 0.000 0.036 0.001 0.004 0.002 
42 fork_vis 30 0.001 0.001 0.001 0.001 0.003 0.995 0.002 0.002 0.981 0.011 0.007 0.000 0.002 0.001 0.004 0.001 0.002 0.000 0.001 0.002 0.001 0.000 0.004 0.000 0.000 0.019 0.003 0.001 0.001 0.003 0.000 0.002 0.001 0.000 0.000 0.001 0.001 0.001 0.000 0.001 0.001 0.002 0.001 0.009 0.001 0.039 0.081 0.005 0.004 0.092 0.014 0.195 0.021 0.001 0.002 0.002 0.008 0.001 
43 spoon_vis 30 0.008 0.001 0.001 0.000 0.001 0.995 0.003 0.000 0.023 0.980 0.001 0.000 0.000 0.001 0.077 0.000 0.001 0.005 0.000 0.000 0.001 0.000 0.043 0.000 0.000 0.000 0.003 0.001 0.000 0.001 0.000 0.021 0.011 0.000 0.003 0.001 0.005 0.002 0.000 0.000 0.001 0.002 0.000 0.000 0.000 0.001 0.040 0.001 0.001 0.057 0.000 0.001 0.148 0.935 0.001 0.091 0.022 0.005 
44 tongs_vis 30 0.001 0.001 0.003 0.000 0.011 0.995 0.009 0.012 0.001 0.989 0.000 0.000 0.001 0.001 0.000 0.000 0.031 0.001 0.001 0.000 0.001 0.006 0.000 0.000 0.000 0.000 0.000 0.001 0.001 0.000 0.000 0.000 0.062 0.001 0.000 0.528 0.001 0.009 0.004 0.001 0.474 0.001 0.164 0.001 0.001 0.001 0.000 0.002 0.001 0.001 0.000 0.001 0.017 0.000 0.270 0.004 0.004 0.080 
45 ladle_vis 30 0.003 0.001 0.001 0.000 0.000 0.995 0.006 0.001 0.002 0.953 0.046 0.000 0.001 0.005 0.031 0.000 0.008 0.034 0.000 0.000 0.001 0.000 0.006 0.000 0.000 0.001 0.010 0.004 0.001 0.000 0.000 0.001 0.005 0.000 0.000 0.001 0.005 0.010 0.000 0.000 0.006 0.007 0.000 0.001 0.000 0.003 0.002 0.003 0.001 0.004 0.000 0.001 0.874 0.102 0.002 0.161 0.016 0.003 
46 knife_vis 30 0.002 0.001 0.001 0.000 0.001 0.995 0.003 0.000 0.030 0.893 0.063 0.000 0.000 0.006 0.004 0.000 0.068 0.003 0.000 0.000 0.001 0.000 0.002 0.000 0.000 0.001 0.007 0.001 0.007 0.000 0.000 0.001 0.006 0.000 0.001 0.001 0.002 0.001 0.001 0.002 0.006 0.001 0.000 0.000 0.000 0.001 0.000 0.041 0.001 0.016 0.000 0.013 0.820 0.013 0.002 0.008 0.018 0.019 
47 chopsticks_vis 30 0.001 0.001 0.002 0.000 0.012 0.995 0.006 0.003 0.004 0.990 0.000 0.000 0.001 0.001 0.000 0.000 0.036 0.001 0.000 0.000 0.001 0.003 0.001 0.000 0.000 0.000 0.000 0.001 0.001 0.000 0.000 0.000 0.045 0.001 0.000 0.387 0.001 0.003 0.003 0.002 0.280 0.001 0.084 0.001 0.000 0.001 0.000 0.002 0.001 0.002 0.001 0.006 0.030 0.001 0.152 0.002 0.007 0.081 
