0 beaver_vis 30 0.995 0.969 0.062 0.010 0.001 0.004 0.000 0.001 0.000 0.006 0.007 0.489 0.335 0.001 0.008 0.001 0.001 0.018 0.015 0.003 0.001 0.006 0.000 0.011 0.003 0.017 0.001 0.001 0.000 0.001 0.001 0.000 0.001 0.000 0.000 0.000 0.003 0.000 0.000 0.001 0.000 0.000 0.000 0.000 0.009 0.018 0.002 0.000 0.000 0.001 0.000 0.001 0.001 0.002 0.001 0.002 0.000 0.063 
1 bear_vis 30 0.995 0.978 0.010 0.017 0.001 0.001 0.000 0.009 0.000 0.000 0.085 0.933 0.014 0.006 0.003 0.044 0.001 0.001 0.089 0.001 0.004 0.000 0.000 0.012 0.000 0.048 0.023 0.000 0.002 0.001 0.001 0.000 0.000 0.002 0.000 0.000 0.001 0.000 0.000 0.001 0.000 0.000 0.000 0.000 0.080 0.001 0.000 0.000 0.000 0.002 0.000 0.000 0.000 0.001 0.000 0.000 0.000 0.005 
2 sheep_vis 30 0.995 0.989 0.010 0.020 0.000 0.002 0.000 0.004 0.000 0.001 0.014 0.093 0.912 0.001 0.019 0.001 0.001 0.013 0.000 0.001 0.001 0.001 0.001 0.004 0.002 0.005 0.001 0.023 0.000 0.001 0.002 0.000 0.000 0.000 0.001 0.000 0.002 0.001 0.000 0.001 0.000 0.000 0.000 0.001 0.018 0.016 0.002 0.000 0.000 0.000 0.000 0.000 0.000 0.001 0.000 0.004 0.000 0.010 
3 buffalo_vis 30 0.996 0.834 0.622 0.001 0.154 0.001 0.000 0.001 0.000 0.000 0.002 0.002 0.000 0.961 0.019 0.003 0.019 0.001 0.000 0.138 0.533 0.001 0.001 0.001 0.000 0.001 0.001 0.000 0.027 0.004 0.355 0.000 0.002 0.016 0.000 0.000 0.001 0.002 0.000 0.025 0.022 0.000 0.000 0.001 0.010 0.001 0.000 0.005 0.001 0.001 0.000 0.000 0.000 0.009 0.000 0.000 0.001 0.001 
4 poodle_vis 30 0.995 0.627 0.212 0.000 0.150 0.001 0.000 0.001 0.000 0.001 0.002 0.000 0.000 0.686 0.049 0.001 0.004 0.001 0.000 0.020 0.462 0.001 0.001 0.001 0.000 0.000 0.000 0.000 0.005 0.012 0.475 0.000 0.002 0.002 0.000 0.000 0.001 0.002 0.000 0.032 0.005 0.000 0.000 0.001 0.016 0.001 0.001 0.001 0.000 0.000 0.000 0.000 0.001 0.004 0.000 0.000 0.001 0.001 
5 giraffe_vis 30 0.995 0.993 0.025 0.006 0.001 0.001 0.000 0.003 0.000 0.001 0.028 0.103 0.001 0.953 0.039 0.396 0.001 0.001 0.002 0.099 0.007 0.000 0.005 0.080 0.000 0.002 0.003 0.000 0.001 0.001 0.002 0.000 0.000 0.002 0.000 0.000 0.001 0.005 0.000 0.035 0.130 0.000 0.000 0.000 0.008 0.009 0.000 0.003 0.001 0.010 0.000 0.000 0.000 0.009 0.000 0.000 0.032 0.012 
6 robin_vis 30 0.994 0.001 0.992 0.000 0.013 0.001 0.000 0.001 0.001 0.011 0.002 0.000 0.000 0.000 0.001 0.000 0.050 0.010 0.814 0.022 0.006 0.011 0.000 0.000 0.000 0.000 0.000 0.000 0.010 0.001 0.000 0.003 0.003 0.000 0.000 0.000 0.001 0.000 0.000 0.001 0.000 0.000 0.000 0.000 0.001 0.000 0.001 0.002 0.000 0.001 0.000 0.001 0.001 0.002 0.000 0.000 0.000 0.004 
7 swan_vis 30 0.995 0.009 0.986 0.000 0.077 0.001 0.001 0.001 0.001 0.001 0.002 0.000 0.498 0.001 0.009 0.000 0.015 0.960 0.001 0.007 0.035 0.472 0.000 0.000 0.029 0.002 0.000 0.013 0.003 0.023 0.010 0.001 0.013 0.000 0.030 0.000 0.195 0.000 0.000 0.001 0.000 0.000 0.000 0.000 0.000 0.000 0.005 0.001 0.001 0.000 0.000 0.000 0.002 0.004 0.000 0.014 0.000 0.008 
8 woodpecker_vis 30 0.995 0.002 0.993 0.000 0.010 0.001 0.000 0.000 0.000 0.002 0.001 0.001 0.000 0.000 0.001 0.000 0.013 0.009 0.893 0.023 0.007 0.001 0.000 0.000 0.000 0.004 0.000 0.000 0.035 0.001 0.000 0.002 0.001 0.000 0.000 0.000 0.001 0.000 0.000 0.001 0.000 0.000 0.000 0.000 0.001 0.000 0.001 0.002 0.000 0.001 0.000 0.001 0.000 0.001 0.000 0.000 0.000 0.010 
9 peacock_vis 30 0.995 0.027 0.994 0.000 0.050 0.001 0.000 0.000 0.000 0.002 0.001 0.001 0.000 0.037 0.004 0.000 0.068 0.003 0.333 0.931 0.061 0.046 0.000 0.000 0.000 0.001 0.000 0.000 0.013 0.003 0.002 0.002 0.041 0.000 0.000 0.001 0.001 0.000 0.000 0.037 0.000 0.000 0.000 0.000 0.000 0.000 0.001 0.005 0.001 0.004 0.000 0.003 0.001 0.004 0.000 0.000 0.027 0.008 
10 crow_vis 30 0.995 0.018 0.970 0.000 0.037 0.001 0.000 0.001 0.001 0.001 0.001 0.026 0.025 0.006 0.004 0.000 0.008 0.068 0.000 0.019 0.920 0.002 0.000 0.000 0.000 0.002 0.000 0.000 0.013 0.002 0.107 0.000 0.011 0.001 0.000 0.000 0.001 0.000 0.003 0.014 0.000 0.000 0.000 0.000 0.004 0.001 0.001 0.005 0.001 0.001 0.000 0.000 0.001 0.005 0.000 0.000 0.001 0.020 
11 eagle_vis 30 0.995 0.159 0.539 0.000 0.042 0.007 0.001 0.005 0.000 0.023 0.190 0.002 0.001 0.001 0.005 0.000 0.088 0.016 0.013 0.014 0.003 0.093 0.000 0.000 0.000 0.000 0.000 0.000 0.001 0.019 0.001 0.001 0.001 0.013 0.001 0.000 0.003 0.000 0.000 0.002 0.000 0.000 0.001 0.000 0.001 0.000 0.041 0.001 0.001 0.000 0.000 0.012 0.033 0.003 0.000 0.001 0.001 0.004 
12 tuna_vis 30 0.991 0.010 0.001 0.987 0.038 0.051 0.002 0.015 0.000 0.001 0.000 0.000 0.010 0.002 0.007 0.000 0.001 0.000 0.000 0.001 0.001 0.001 0.854 0.007 0.092 0.001 0.101 0.073 0.000 0.009 0.002 0.000 0.008 0.001 0.006 0.000 0.004 0.006 0.000 0.001 0.000 0.129 0.001 0.038 0.013 0.000 0.001 0.000 0.001 0.000 0.001 0.000 0.001 0.003 0.005 0.002 0.000 0.000 
13 goldfish_vis 30 0.994 0.008 0.001 0.984 0.018 0.002 0.001 0.004 0.000 0.000 0.000 0.030 0.004 0.001 0.001 0.002 0.001 0.001 0.000 0.000 0.001 0.000 0.003 0.825 0.001 0.083 0.016 0.056 0.001 0.001 0.023 0.000 0.001 0.001 0.001 0.000 0.001 0.001 0.019 0.000 0.001 0.000 0.001 0.001 0.155 0.004 0.000 0.000 0.001 0.000 0.000 0.001 0.000 0.001 0.008 0.000 0.000 0.000 
14 salmon_vis 30 0.979 0.002 0.003 0.982 0.016 0.031 0.004 0.000 0.001 0.031 0.000 0.000 0.026 0.001 0.002 0.000 0.001 0.006 0.002 0.001 0.001 0.001 0.033 0.000 0.964 0.056 0.001 0.004 0.001 0.002 0.001 0.002 0.050 0.000 0.004 0.002 0.006 0.000 0.000 0.000 0.000 0.000 0.000 0.000 0.000 0.000 0.001 0.000 0.001 0.000 0.010 0.001 0.001 0.001 0.005 0.008 0.000 0.000 
15 sardine_vis 30 0.994 0.006 0.020 0.838 0.004 0.001 0.001 0.000 0.001 0.000 0.001 0.052 0.019 0.001 0.001 0.007 0.001 0.015 0.021 0.001 0.003 0.000 0.000 0.064 0.015 0.909 0.030 0.001 0.028 0.001 0.001 0.001 0.002 0.000 0.000 0.001 0.001 0.000 0.005 0.000 0.000 0.000 0.000 0.000 0.002 0.000 0.000 0.000 0.000 0.001 0.000 0.000 0.000 0.001 0.000 0.000 0.000 0.015 
16 catfish_vis 30 0.995 0.024 0.000 0.992 0.043 0.001 0.000 0.077 0.000 0.000 0.043 0.008 0.002 0.001 0.001 0.005 0.001 0.002 0.000 0.000 0.001 0.000 0.146 0.009 0.036 0.012 0.971 0.037 0.025 0.001 0.002 0.000 0.001 0.051 0.000 0.000 0.001 0.000 0.000 0.000 0.000 0.011 0.001 0.008 0.042 0.000 0.000 0.000 0.000 0.000 0.003 0.000 0.000 0.001 0.000 0.000 0.000 0.000 
17 cod_vis 30 0.994 0.011 0.001 0.985 0.044 0.001 0.003 0.014 0.000 0.000 0.001 0.000 0.018 0.001 0.003 0.001 0.001 0.004 0.000 0.001 0.001 0.000 0.008 0.011 0.009 0.014 0.056 0.913 0.001 0.003 0.008 0.000 0.002 0.001 0.008 0.000 0.003 0.000 0.000 0.001 0.000 0.000 0.089 0.025 0.067 0.000 0.000 0.000 0.001 0.000 0.000 0.000 0.000 0.001 0.000 0.000 0.000 0.000 
18 turtle_vis 30 0.995 0.000 0.082 0.033 0.988 0.001 0.000 0.001 0.001 0.000 0.000 0.002 0.000 0.000 0.000 0.001 0.087 0.045 0.008 0.001 0.015 0.000 0.000 0.001 0.002 0.334 0.018 0.002 0.974 0.001 0.025 0.389 0.046 0.013 0.000 0.008 0.001 0.000 0.002 0.000 0.000 0.000 0.000 0.000 0.002 0.000 0.000 0.001 0.001 0.000 0.000 0.000 0.000 0.000 0.000 0.000 0.000 0.000 
19 rattlesnake_vis 30 0.995 0.000 0.001 0.035 0.994 0.133 0.001 0.001 0.001 0.000 0.000 0.000 0.000 0.005 0.001 0.000 0.003 0.001 0.000 0.002 0.001 0.000 0.034 0.002 0.002 0.000 0.000 0.001 0.001 0.825 0.046 0.018 0.215 0.023 0.001 0.001 0.002 0.063 0.000 0.000 0.030 0.002 0.006 0.000 0.000 0.006 0.002 0.000 0.016 0.000 0.020 0.015 0.000 0.001 0.001 0.000 0.000 0.000 
20 crab_vis 30 0.995 0.000 0.002 0.021 0.991 0.001 0.004 0.001 0.001 0.000 0.000 0.003 0.001 0.002 0.001 0.000 0.002 0.004 0.000 0.001 0.069 0.000 0.001 0.168 0.001 0.002 0.002 0.162 0.058 0.009 0.985 0.001 0.064 0.036 0.004 0.001 0.001 0.042 0.282 0.001 0.001 0.000 0.000 0.010 0.101 0.010 0.000 0.000 0.001 0.000 0.000 0.001 0.000 0.001 0.004 0.000 0.000 0.000 
21 frog_vis 30 0.995 0.000 0.220 0.029 0.986 0.001 0.000 0.001 0.001 0.000 0.000 0.001 0.000 0.000 0.000 0.000 0.137 0.063 0.021 0.002 0.013 0.000 0.000 0.000 0.005 0.494 0.006 0.001 0.968 0.001 0.006 0.646 0.076 0.004 0.000 0.017 0.001 0.000 0.004 0.000 0.000 0.000 0.000 0.000 0.001 0.000 0.000 0.002 0.001 0.000 0.000 0.000 0.000 0.000 0.000 0.000 0.000 0.000 
22 gecko_vis 30 0.995 0.000 0.033 0.048 0.986 0.002 0.017 0.001 0.001 0.001 0.000 0.000 0.000 0.001 0.001 0.000 0.003 0.002 0.000 0.002 0.009 0.001 0.003 0.001 0.113 0.003 0.000 0.001 0.006 0.011 0.023 0.080 0.971 0.001 0.001 0.005 0.002 0.001 0.016 0.001 0.000 0.000 0.000 0.000 0.000 0.000 0.000 0.000 0.001 0.001 0.000 0.002 0.001 0.001 0.094 0.000 0.000 0.000 
23 crocodile_vis 30 0.995 0.000 0.001 0.030 0.991 0.001 0.001 0.004 0.001 0.000 0.000 0.003 0.000 0.001 0.001 0.000 0.002 0.001 0.000 0.002 0.001 0.000 0.001 0.002 0.001 0.000 0.045 0.001 0.062 0.015 0.009 0.031 0.030 0.870 0.000 0.001 0.001 0.000 0.000 0.000 0.001 0.002 0.000 0.000 0.001 0.002 0.001 0.000 0.002 0.002 0.001 0.000 0.000 0.001 0.000 0.000 0.000 0.000 
24 axe_vis 30 0.006 0.001 0.001 0.052 0.009 0.953 0.989 0.002 0.002 0.037 0.000 0.000 0.016 0.001 0.005 0.000 0.001 0.004 0.000 0.000 0.001 0.001 0.002 0.003 0.029 0.015 0.000 0.027 0.000 0.007 0.001 0.000 0.005 0.000 0.976 0.002 0.014 0.002 0.369 0.004 0.001 0.000 0.011 0.001 0.046 0.002 0.001 0.001 0.001 0.001 0.004 0.076 0.025 0.002 0.043 0.019 0.002 0.022 
25 hammer_vis 30 0.030 0.001 0.002 0.001 0.001 0.995 0.994 0.001 0.010 0.004 0.000 0.000 0.001 0.007 0.022 0.000 0.000 0.000 0.000 0.001 0.110 0.000 0.000 0.001 0.000 0.001 0.000 0.000 0.000 0.001 0.001 0.000 0.002 0.000 0.001 0.058 0.090 0.076 0.026 0.980 0.008 0.000 0.000 0.001 0.000 0.000 0.000 0.024 0.019 0.000 0.000 0.011 0.010 0.002 0.000 0.000 0.215 0.134 
26 screwdriver_vis 30 0.006 0.001 0.000 0.014 0.002 0.993 0.993 0.001 0.005 0.001 0.000 0.000 0.015 0.001 0.006 0.000 0.001 0.000 0.000 0.000 0.017 0.000 0.001 0.032 0.003 0.008 0.000 0.001 0.000 0.003 0.004 0.000 0.005 0.000 0.006 0.054 0.171 0.368 0.901 0.100 0.001 0.000 0.000 0.002 0.000 0.001 0.000 0.001 0.003 0.000 0.000 0.015 0.005 0.001 0.001 0.001 0.001 0.001 
27 chisel_vis 30 0.031 0.001 0.002 0.001 0.001 0.995 0.994 0.001 0.011 0.013 0.000 0.000 0.001 0.008 0.024 0.000 0.000 0.000 0.000 0.000 0.108 0.000 0.001 0.001 0.000 0.001 0.000 0.000 0.000 0.001 0.001 0.000 0.002 0.000 0.002 0.055 0.077 0.094 0.019 0.978 0.006 0.000 0.000 0.000 0.000 0.001 0.000 0.023 0.020 0.000 0.000 0.012 0.012 0.002 0.001 0.000 0.267 0.152 
28 saw_vis 30 0.008 0.000 0.000 0.005 0.001 0.995 0.994 0.001 0.005 0.001 0.000 0.000 0.026 0.001 0.001 0.000 0.000 0.000 0.000 0.000 0.035 0.000 0.001 0.027 0.001 0.009 0.000 0.000 0.000 0.001 0.004 0.000 0.004 0.000 0.002 0.030 0.067 0.290 0.963 0.177 0.004 0.000 0.000 0.001 0.000 0.002 0.000 0.001 0.003 0.000 0.000 0.014 0.001 0.001 0.001 0.001 0.001 0.001 
29 drill_vis 30 0.031 0.001 0.002 0.001 0.001 0.995 0.994 0.001 0.008 0.004 0.000 0.000 0.001 0.007 0.028 0.000 0.001 0.000 0.000 0.001 0.111 0.000 0.001 0.001 0.000 0.001 0.000 0.000 0.000 0.002 0.001 0.000 0.001 0.000 0.001 0.049 0.112 0.075 0.018 0.979 0.006 0.000 0.000 0.001 0.000 0.000 0.000 0.025 0.017 0.000 0.000 0.010 0.013 0.002 0.000 0.000 0.196 0.131 
30 clamp_vis 30 0.027 0.002 0.000 0.001 0.001 0.996 0.990 0.024 0.003 0.001 0.000 0.000 0.000 0.018 0.014 0.000 0.000 0.000 0.000 0.000 0.042 0.000 0.002 0.006 0.000 0.001 0.000 0.000 0.000 0.002 0.004 0.000 0.001 0.000 0.001 0.106 0.035 0.554 0.021 0.924 0.098 0.000 0.001 0.020 0.001 0.002 0.000 0.008 0.015 0.000 0.000 0.009 0.003 0.001 0.001 0.000 0.043 0.005 
31 hoe_vis 30 0.014 0.011 0.000 0.001 0.001 0.995 0.001 0.983 0.001 0.004 0.000 0.000 0.002 0.000 0.001 0.000 0.000 0.000 0.000 0.000 0.000 0.000 0.007 0.000 0.000 0.000 0.000 0.000 0.000 0.004 0.000 0.000 0.000 0.001 0.003 0.000 0.030 0.007 0.000 0.000 0.001 0.320 0.017 0.015 0.004 0.006 0.016 0.000 0.001 0.000 0.000 0.000 0.001 0.001 0.003 0.025 0.000 0.000 
32 rake_vis 30 0.141 0.104 0.000 0.001 0.001 0.996 0.702 0.318 0.001 0.001 0.000 0.000 0.000 0.218 0.087 0.000 0.000 0.000 0.000 0.000 0.032 0.000 0.003 0.007 0.000 0.000 0.000 0.000 0.000 0.002 0.015 0.000 0.000 0.000 0.001 0.001 0.005 0.957 0.000 0.714 0.663 0.000 0.001 0.196 0.003 0.012 0.000 0.001 0.001 0.000 0.000 0.001 0.001 0.001 0.001 0.000 0.006 0.001 
33 shovel_vis 30 0.023 0.002 0.000 0.002 0.001 0.996 0.970 0.035 0.001 0.001 0.000 0.001 0.016 0.001 0.001 0.000 0.000 0.000 0.000 0.000 0.029 0.000 0.002 0.017 0.000 0.002 0.000 0.000 0.000 0.001 0.008 0.000 0.001 0.000 0.001 0.004 0.027 0.504 0.522 0.114 0.017 0.001 0.000 0.024 0.002 0.008 0.000 0.000 0.001 0.000 0.000 0.003 0.001 0.000 0.001 0.001 0.001 0.001 
34 spade_vis 30 0.112 0.002 0.000 0.001 0.001 0.995 0.005 0.657 0.001 0.001 0.000 0.002 0.001 0.000 0.001 0.000 0.000 0.000 0.000 0.000 0.001 0.000 0.001 0.001 0.000 0.000 0.000 0.001 0.000 0.001 0.006 0.000 0.000 0.000 0.002 0.000 0.001 0.097 0.000 0.000 0.014 0.001 0.001 0.043 0.010 0.004 0.000 0.000 0.001 0.000 0.000 0.001 0.001 0.000 0.001 0.000 0.000 0.000 
35 wrench_vis 30 0.011 0.002 0.003 0.000 0.001 0.996 0.001 0.014 0.880 0.013 0.000 0.004 0.007 0.000 0.000 0.000 0.000 0.000 0.001 0.000 0.001 0.000 0.000 0.002 0.000 0.006 0.000 0.000 0.000 0.001 0.000 0.000 0.000 0.000 0.006 0.000 0.000 0.004 0.003 0.001 0.001 0.001 0.001 0.001 0.002 0.693 0.003 0.177 0.001 0.140 0.000 0.832 0.001 0.000 0.010 0.001 0.001 0.913 
36 accordion_vis 30 0.015 0.003 0.072 0.000 0.000 0.995 0.000 0.003 0.992 0.004 0.002 0.004 0.002 0.001 0.001 0.000 0.001 0.000 0.014 0.001 0.001 0.002 0.000 0.000 0.005 0.000 0.000 0.000 0.000 0.001 0.000 0.002 0.000 0.001 0.000 0.000 0.003 0.000 0.000 0.001 0.000 0.009 0.000 0.000 0.000 0.003 0.860 0.004 0.022 0.106 0.015 0.001 0.001 0.028 0.000 0.060 0.002 0.001 
37 cello_vis 30 0.006 0.000 0.001 0.002 0.002 0.993 0.001 0.002 0.994 0.001 0.000 0.007 0.000 0.000 0.000 0.006 0.002 0.000 0.002 0.003 0.001 0.000 0.000 0.001 0.000 0.059 0.000 0.000 0.000 0.001 0.000 0.020 0.000 0.001 0.000 0.007 0.000 0.000 0.000 0.001 0.004 0.000 0.001 0.000 0.000 0.001 0.001 0.901 0.010 0.002 0.015 0.022 0.000 0.001 0.000 0.000 0.000 0.001 
38 flute_vis 30 0.011 0.001 0.020 0.002 0.002 0.994 0.051 0.002 0.995 0.002 0.000 0.418 0.007 0.069 0.001 0.001 0.000 0.001 0.000 0.221 0.550 0.000 0.000 0.085 0.001 0.075 0.000 0.000 0.000 0.001 0.000 0.008 0.001 0.008 0.000 0.002 0.030 0.002 0.140 0.224 0.011 0.000 0.000 0.000 0.000 0.051 0.004 0.940 0.848 0.016 0.001 0.010 0.001 0.002 0.000 0.000 0.005 0.003 
39 guitar_vis 30 0.016 0.001 0.039 0.000 0.000 0.993 0.001 0.001 0.994 0.005 0.000 0.054 0.000 0.001 0.001 0.001 0.000 0.000 0.070 0.003 0.005 0.000 0.000 0.000 0.000 0.009 0.000 0.000 0.000 0.001 0.000 0.005 0.000 0.001 0.000 0.000 0.001 0.000 0.000 0.002 0.001 0.000 0.000 0.000 0.000 0.062 0.049 0.288 0.007 0.934 0.001 0.006 0.001 0.002 0.000 0.001 0.008 0.021 
40 piano_vis 30 0.013 0.000 0.003 0.001 0.001 0.992 0.001 0.002 0.993 0.001 0.000 0.014 0.000 0.001 0.000 0.001 0.001 0.000 0.006 0.003 0.002 0.000 0.000 0.000 0.000 0.027 0.000 0.000 0.000 0.001 0.000 0.007 0.000 0.001 0.000 0.001 0.001 0.000 0.000 0.001 0.001 0.000 0.001 0.000 0.000 0.001 0.002 0.876 0.006 0.004 0.005 0.008 0.001 0.001 0.000 0.000 0.000 0.001 
41 trumpet_vis 30 0.010 0.000 0.003 0.001 0.001 0.996 0.004 0.001 0.867 0.001 0.000 0.000 0.000 0.000 0.000 0.001 0.001 0.000 0.001 0.002 0.001 0.000 0.000 0.000 0.000 0.003 0.000 0.000 0.000 0.001 0.000 0.000 0.000 0.000 0.000 0.004 0.001 0.000 0.000 0.004 0.003 0.000 0.001 0.000 0.000 0.005 0.000 0.348 0.004 0.000 0.001 0.320 0.001 0.000 0.000 0.000 0.000 0.018 
42 fork_vis 30 0.027 0.004 0.015 0.000 0.000 0.993 0.002 0.001 0.017 0.992 0.001 0.000 0.000 0.000 0.010 0.000 0.002 0.000 0.018 0.001 0.001 0.007 0.002 0.000 0.001 0.000 0.000 0.000 0.000 0.003 0.000 0.000 0.001 0.000 0.004 0.003 0.003 0.000 0.000 0.002 0.000 0.000 0.000 0.000 0.005 0.000 0.002 0.001 0.001 0.075 0.000 0.002 0.101 0.066 0.001 0.005 0.777 0.071 
43 spoon_vis 30 0.078 0.015 0.113 0.000 0.000 0.923 0.001 0.002 0.024 0.988 0.143 0.000 0.000 0.001 0.006 0.000 0.176 0.000 0.064 0.001 0.001 0.022 0.019 0.000 0.014 0.000 0.000 0.000 0.000 0.002 0.000 0.000 0.001 0.000 0.000 0.001 0.003 0.000 0.000 0.001 0.000 0.008 0.000 0.000 0.002 0.000 0.100 0.001 0.002 0.012 0.010 0.000 0.016 0.991 0.000 0.018 0.049 0.003 
44 tongs_vis 30 0.024 0.001 0.003 0.000 0.001 0.994 0.023 0.002 0.001 0.950 0.000 0.000 0.001 0.000 0.002 0.001 0.000 0.000 0.004 0.000 0.006 0.001 0.001 0.001 0.000 0.035 0.000 0.000 0.000 0.002 0.000 0.000 0.001 0.000 0.015 0.001 0.001 0.001 0.121 0.009 0.001 0.000 0.000 0.001 0.084 0.002 0.000 0.012 0.001 0.005 0.000 0.115 0.010 0.001 0.020 0.001 0.023 0.948 
45 ladle_vis 30 0.114 0.013 0.103 0.000 0.000 0.879 0.001 0.002 0.012 0.984 0.116 0.000 0.001 0.000 0.004 0.000 0.098 0.000 0.064 0.000 0.001 0.019 0.017 0.000 0.021 0.000 0.000 0.000 0.000 0.002 0.000 0.000 0.001 0.000 0.001 0.001 0.003 0.000 0.000 0.000 0.000 0.007 0.000 0.000 0.002 0.000 0.084 0.001 0.001 0.009 0.006 0.000 0.015 0.984 0.000 0.031 0.034 0.002 
46 knife_vis 30 0.019 0.002 0.009 0.000 0.000 0.995 0.002 0.001 0.063 0.994 0.000 0.000 0.000 0.001 0.003 0.000 0.000 0.000 0.005 0.001 0.002 0.001 0.002 0.000 0.000 0.000 0.000 0.000 0.000 0.001 0.000 0.000 0.002 0.000 0.002 0.001 0.001 0.001 0.000 0.004 0.000 0.000 0.000 0.000 0.003 0.001 0.001 0.001 0.001 0.175 0.000 0.004 0.021 0.027 0.006 0.003 0.947 0.071 
47 chopsticks_vis 30 0.039 0.002 0.008 0.000 0.000 0.993 0.009 0.001 0.002 0.990 0.000 0.000 0.000 0.000 0.005 0.001 0.001 0.000 0.002 0.000 0.005 0.001 0.000 0.000 0.000 0.004 0.000 0.000 0.000 0.002 0.000 0.000 0.001 0.000 0.009 0.001 0.001 0.000 0.001 0.016 0.000 0.000 0.000 0.000 0.026 0.001 0.001 0.028 0.001 0.005 0.000 0.067 0.032 0.002 0.001 0.001 0.150 0.976 
0 beaver_vis 30 0.995 0.990 0.010 0.038 0.001 0.001 0.000 0.048 0.000 0.000 0.968 0.091 0.065 0.001 0.006 0.014 0.004 0.009 0.029 0.001 0.001 0.001 0.001 0.000 0.001 0.004 0.136 0.002 0.002 0.001 0.000 0.000 0.000 0.001 0.000 0.000 0.001 0.000 0.000 0.000 0.000 0.001 0.001 0.001 0.029 0.000 0.005 0.000 0.000 0.000 0.000 0.000 0.000 0.002 0.000 0.000 0.000 0.001 
1 bear_vis 30 0.995 0.977 0.008 0.019 0.001 0.001 0.000 0.009 0.000 0.000 0.085 0.933 0.013 0.006 0.002 0.044 0.001 0.001 0.090 0.001 0.003 0.000 0.001 0.013 0.000 0.048 0.024 0.000 0.002 0.001 0.001 0.000 0.000 0.002 0.000 0.000 0.001 0.000 0.000 0.001 0.000 0.000 0.000 0.000 0.081 0.001 0.000 0.000 0.000 0.002 0.000 0.000 0.000 0.001 0.000 0.000 0.000 0.004 
2 sheep_vis 30 0.995 0.991 0.006 0.023 0.001 0.002 0.000 0.004 0.000 0.001 0.053 0.019 0.961 0.001 0.131 0.001 0.001 0.014 0.000 0.001 0.001 0.023 0.005 0.001 0.002 0.003 0.001 0.176 0.000 0.004 0.003 0.000 0.000 0.000 0.006 0.000 0.015 0.001 0.000 0.000 0.000 0.001 0.001 0.011 0.007 0.008 0.007 0.000 0.000 0.000 0.000 0.000 0.002 0.001 0.000 0.047 0.000 0.005 
3 buffalo_vis 30 0.996 0.992 0.020 0.003 0.001 0.001 0.000 0.002 0.000 0.001 0.004 0.025 0.001 0.954 0.066 0.035 0.001 0.001 0.000 0.067 0.008 0.000 0.006 0.067 0.000 0.001 0.001 0.000 0.001 0.001 0.007 0.000 0.001 0.001 0.000 0.000 0.001 0.041 0.000 0.095 0.080 0.000 0.000 0.001 0.005 0.035 0.000 0.001 0.001 0.004 0.000 0.000 0.000 0.005 0.000 0.000 0.074 0.008 
4 poodle_vis 30 0.995 0.991 0.003 0.015 0.001 0.002 0.000 0.013 0.000 0.073 0.117 0.000 0.010 0.012 0.378 0.047 0.012 0.001 0.001 0.001 0.001 0.006 0.017 0.000 0.000 0.001 0.001 0.015 0.000 0.019 0.002 0.000 0.000 0.000 0.001 0.000 0.003 0.001 0.000 0.001 0.002 0.000 0.010 0.015 0.005 0.001 0.001 0.000 0.000 0.000 0.000 0.000 0.046 0.004 0.000 0.000 0.000 0.003 
5 giraffe_vis 30 0.996 0.991 0.009 0.023 0.001 0.001 0.000 0.018 0.000 0.003 0.097 0.049 0.001 0.086 0.008 0.920 0.006 0.001 0.073 0.012 0.003 0.000 0.001 0.010 0.000 0.012 0.009 0.000 0.002 0.001 0.001 0.000 0.000 0.001 0.000 0.000 0.001 0.000 0.000 0.001 0.048 0.000 0.000 0.000 0.036 0.000 0.000 0.002 0.000 0.002 0.000 0.000 0.000 0.002 0.000 0.000 0.001 0.010 
6 robin_vis 30 0.994 0.001 0.989 0.000 0.062 0.008 0.000 0.001 0.001 0.484 0.032 0.000 0.000 0.000 0.001 0.000 0.985 0.004 0.472 0.011 0.002 0.313 0.000 0.000 0.000 0.000 0.000 0.000 0.026 0.013 0.000 0.002 0.001 0.000 0.000 0.059 0.001 0.000 0.000 0.000 0.001 0.000 0.001 0.000 0.003 0.000 0.003 0.081 0.000 0.000 0.001 0.003 0.033 0.045 0.000 0.000 0.000 0.013 
7 swan_vis 30 0.995 0.005 0.968 0.000 0.051 0.001 0.000 0.000 0.000 0.000 0.002 0.000 0.041 0.001 0.004 0.000 0.019 0.860 0.002 0.006 0.011 0.056 0.000 0.000 0.008 0.004 0.000 0.001 0.006 0.004 0.002 0.001 0.004 0.000 0.001 0.000 0.009 0.000 0.000 0.001 0.000 0.000 0.000 0.000 0.000 0.000 0.002 0.000 0.001 0.000 0.000 0.000 0.001 0.003 0.000 0.001 0.000 0.004 
8 woodpecker_vis 30 0.995 0.003 0.993 0.000 0.014 0.001 0.000 0.000 0.000 0.002 0.002 0.003 0.000 0.000 0.001 0.000 0.076 0.007 0.980 0.147 0.002 0.002 0.000 0.000 0.000 0.004 0.000 0.000 0.121 0.001 0.000 0.007 0.001 0.000 0.000 0.001 0.001 0.000 0.000 0.000 0.000 0.000 0.000 0.000 0.000 0.000 0.001 0.001 0.000 0.001 0.000 0.001 0.000 0.001 0.000 0.000 0.000 0.006 
9 peacock_vis 30 0.995 0.037 0.994 0.000 0.033 0.001 0.000 0.000 0.000 0.001 0.001 0.019 0.002 0.017 0.003 0.000 0.017 0.011 0.333 0.923 0.135 0.066 0.000 0.000 0.000 0.002 0.000 0.000 0.016 0.002 0.003 0.002 0.037 0.001 0.000 0.000 0.001 0.000 0.000 0.006 0.000 0.000 0.000 0.000 0.000 0.000 0.001 0.002 0.001 0.008 0.000 0.001 0.001 0.004 0.000 0.000 0.008 0.007 
10 crow_vis 30 0.995 0.120 0.988 0.000 0.047 0.001 0.000 0.000 0.001 0.000 0.002 0.236 0.013 0.067 0.003 0.000 0.010 0.108 0.001 0.065 0.951 0.002 0.000 0.000 0.000 0.006 0.000 0.000 0.126 0.002 0.092 0.000 0.011 0.012 0.000 0.000 0.001 0.000 0.000 0.007 0.000 0.000 0.000 0.000 0.003 0.000 0.001 0.005 0.001 0.002 0.000 0.000 0.000 0.005 0.000 0.000 0.000 0.007 
11 eagle_vis 30 0.995 0.004 0.993 0.000 0.048 0.001 0.000 0.000 0.000 0.004 0.091 0.000 0.001 0.001 0.004 0.000 0.744 0.801 0.441 0.013 0.003 0.099 0.000 0.000 0.006 0.006 0.000 0.000 0.181 0.008 0.001 0.006 0.002 0.000 0.000 0.000 0.003 0.000 0.000 0.001 0.000 0.000 0.000 0.000 0.000 0.000 0.003 0.001 0.001 0.000 0.000 0.001 0.012 0.002 0.000 0.001 0.000 0.003 
12 tuna_vis 30 0.991 0.007 0.001 0.990 0.045 0.049 0.001 0.016 0.000 0.001 0.000 0.000 0.007 0.002 0.004 0.000 0.001 0.000 0.000 0.001 0.000 0.000 0.856 0.006 0.084 0.001 0.112 0.070 0.000 0.010 0.002 0.000 0.007 0.002 0.003 0.000 0.003 0.007 0.000 0.000 0.001 0.133 0.001 0.042 0.013 0.000 0.000 0.000 0.001 0.000 0.001 0.000 0.000 0.002 0.004 0.001 0.000 0.000 
13 goldfish_vis 30 0.995 0.012 0.000 0.983 0.022 0.002 0.002 0.003 0.000 0.000 0.000 0.050 0.013 0.001 0.001 0.001 0.000 0.001 0.000 0.000 0.001 0.000 0.005 0.914 0.001 0.059 0.016 0.106 0.001 0.001 0.056 0.000 0.001 0.002 0.001 0.000 0.001 0.005 0.086 0.000 0.001 0.000 0.001 0.002 0.111 0.017 0.000 0.000 0.000 0.000 0.000 0.001 0.000 0.000 0.019 0.000 0.000 0.000 
14 salmon_vis 30 0.977 0.001 0.001 0.991 0.020 0.037 0.003 0.000 0.001 0.032 0.000 0.000 0.016 0.001 0.001 0.000 0.001 0.002 0.001 0.001 0.000 0.000 0.059 0.001 0.969 0.044 0.003 0.005 0.000 0.002 0.000 0.002 0.047 0.001 0.003 0.002 0.005 0.000 0.000 0.000 0.000 0.001 0.000 0.000 0.000 0.000 0.001 0.000 0.001 0.000 0.013 0.000 0.001 0.001 0.005 0.007 0.000 0.000 
15 sardine_vis 30 0.993 0.001 0.001 0.989 0.014 0.001 0.001 0.000 0.001 0.000 0.000 0.016 0.002 0.000 0.001 0.001 0.001 0.004 0.067 0.001 0.001 0.000 0.001 0.024 0.403 0.836 0.137 0.002 0.034 0.001 0.001 0.011 0.013 0.001 0.000 0.003 0.001 0.000 0.001 0.000 0.000 0.000 0.000 0.000 0.001 0.000 0.000 0.000 0.000 0.003 0.001 0.000 0.000 0.001 0.000 0.000 0.000 0.000 
16 catfish_vis 30 0.995 0.021 0.000 0.992 0.042 0.001 0.000 0.081 0.000 0.000 0.030 0.008 0.001 0.001 0.001 0.002 0.001 0.001 0.000 0.000 0.000 0.000 0.272 0.008 0.047 0.007 0.974 0.018 0.018 0.001 0.002 0.000 0.001 0.073 0.000 0.000 0.001 0.000 0.000 0.000 0.000 0.030 0.001 0.008 0.033 0.000 0.000 0.000 0.000 0.000 0.004 0.000 0.000 0.001 0.000 0.000 0.000 0.000 
17 cod_vis 30 0.991 0.004 0.001 0.991 0.055 0.065 0.001 0.016 0.000 0.002 0.000 0.000 0.005 0.001 0.001 0.000 0.001 0.001 0.000 0.000 0.000 0.000 0.854 0.004 0.042 0.001 0.071 0.062 0.001 0.007 0.002 0.000 0.003 0.001 0.002 0.001 0.002 0.001 0.000 0.000 0.000 0.052 0.001 0.040 0.011 0.000 0.000 0.000 0.001 0.000 0.001 0.000 0.000 0.001 0.002 0.001 0.000 0.000 
18 turtle_vis 30 0.995 0.000 0.002 0.030 0.989 0.001 0.000 0.002 0.000 0.000 0.000 0.005 0.000 0.000 0.000 0.001 0.012 0.003 0.000 0.001 0.004 0.000 0.000 0.001 0.001 0.015 0.146 0.002 0.936 0.002 0.123 0.015 0.006 0.217 0.000 0.001 0.001 0.000 0.000 0.000 0.001 0.000 0.000 0.000 0.033 0.000 0.000 0.000 0.000 0.000 0.000 0.000 0.000 0.000 0.000 0.000 0.000 0.000 
19 rattlesnake_vis 30 0.995 0.000 0.001 0.048 0.994 0.121 0.001 0.007 0.001 0.000 0.000 0.000 0.000 0.013 0.003 0.000 0.001 0.000 0.000 0.001 0.000 0.001 0.126 0.000 0.001 0.000 0.001 0.013 0.000 0.989 0.033 0.003 0.102 0.135 0.062 0.000 0.020 0.025 0.000 0.000 0.016 0.078 0.027 0.005 0.000 0.010 0.010 0.000 0.124 0.000 0.018 0.008 0.002 0.001 0.000 0.000 0.000 0.000 
20 crab_vis 30 0.995 0.001 0.001 0.024 0.990 0.001 0.001 0.002 0.001 0.000 0.000 0.002 0.001 0.001 0.001 0.000 0.001 0.001 0.000 0.001 0.017 0.000 0.002 0.084 0.001 0.001 0.003 0.048 0.031 0.007 0.968 0.001 0.056 0.054 0.001 0.000 0.001 0.032 0.050 0.000 0.001 0.000 0.000 0.006 0.075 0.007 0.000 0.000 0.001 0.000 0.000 0.001 0.000 0.000 0.005 0.000 0.000 0.000 
21 frog_vis 30 0.995 0.000 0.010 0.016 0.992 0.001 0.000 0.000 0.060 0.000 0.000 0.001 0.000 0.000 0.000 0.000 0.004 0.002 0.001 0.007 0.001 0.000 0.000 0.000 0.002 0.016 0.002 0.000 0.019 0.001 0.001 0.915 0.024 0.235 0.000 0.001 0.001 0.000 0.000 0.000 0.000 0.000 0.000 0.000 0.000 0.000 0.000 0.001 0.001 0.009 0.001 0.002 0.000 0.000 0.000 0.000 0.000 0.000 
22 gecko_vis 30 0.995 0.000 0.002 0.037 0.989 0.006 0.001 0.001 0.001 0.000 0.000 0.000 0.000 0.001 0.001 0.000 0.001 0.001 0.000 0.001 0.002 0.001 0.024 0.007 0.004 0.000 0.000 0.001 0.001 0.033 0.320 0.004 0.711 0.030 0.001 0.001 0.002 0.156 0.001 0.000 0.001 0.001 0.000 0.001 0.001 0.005 0.001 0.000 0.002 0.000 0.000 0.001 0.000 0.001 0.141 0.000 0.000 0.000 
23 crocodile_vis 30 0.995 0.000 0.001 0.033 0.993 0.010 0.000 0.013 0.001 0.000 0.000 0.000 0.000 0.013 0.000 0.000 0.001 0.001 0.000 0.001 0.001 0.000 0.011 0.010 0.001 0.000 0.004 0.001 0.001 0.454 0.076 0.007 0.099 0.614 0.000 0.000 0.001 0.039 0.000 0.000 0.022 0.046 0.001 0.001 0.000 0.032 0.004 0.000 0.010 0.001 0.002 0.001 0.000 0.001 0.001 0.000 0.000 0.000 
24 axe_vis 30 0.006 0.001 0.000 0.063 0.008 0.978 0.859 0.006 0.008 0.176 0.000 0.000 0.010 0.001 0.007 0.000 0.001 0.002 0.000 0.000 0.001 0.001 0.007 0.002 0.059 0.004 0.000 0.023 0.000 0.012 0.001 0.001 0.010 0.000 0.839 0.001 0.025 0.006 0.017 0.001 0.001 0.001 0.014 0.005 0.021 0.006 0.001 0.000 0.001 0.002 0.008 0.036 0.026 0.001 0.237 0.087 0.001 0.002 
25 hammer_vis 30 0.004 0.000 0.000 0.019 0.003 0.995 0.993 0.001 0.003 0.001 0.000 0.000 0.001 0.000 0.001 0.000 0.001 0.000 0.000 0.000 0.002 0.000 0.000 0.004 0.001 0.018 0.000 0.000 0.000 0.001 0.001 0.000 0.002 0.000 0.001 0.446 0.003 0.005 0.755 0.019 0.009 0.000 0.000 0.001 0.000 0.000 0.000 0.001 0.003 0.000 0.000 0.036 0.001 0.000 0.001 0.000 0.001 0.001 
26 screwdriver_vis 30 0.007 0.001 0.000 0.043 0.005 0.988 0.992 0.001 0.001 0.001 0.000 0.000 0.082 0.001 0.005 0.000 0.001 0.008 0.000 0.000 0.001 0.001 0.002 0.001 0.071 0.002 0.000 0.077 0.000 0.009 0.003 0.000 0.002 0.000 0.072 0.024 0.986 0.017 0.022 0.004 0.001 0.000 0.001 0.026 0.000 0.000 0.000 0.000 0.001 0.000 0.002 0.002 0.008 0.001 0.000 0.042 0.000 0.000 
27 chisel_vis 30 0.017 0.001 0.004 0.001 0.001 0.995 0.444 0.001 0.003 0.522 0.000 0.000 0.084 0.001 0.002 0.000 0.000 0.000 0.001 0.000 0.020 0.001 0.001 0.001 0.004 0.001 0.000 0.000 0.000 0.001 0.001 0.000 0.002 0.000 0.003 0.008 0.011 0.051 0.030 0.108 0.003 0.000 0.000 0.001 0.001 0.002 0.000 0.001 0.004 0.001 0.000 0.003 0.004 0.001 0.003 0.515 0.049 0.010 
28 saw_vis 30 0.005 0.000 0.000 0.017 0.002 0.993 0.993 0.001 0.002 0.001 0.000 0.000 0.004 0.001 0.001 0.000 0.000 0.000 0.000 0.000 0.010 0.000 0.000 0.017 0.001 0.020 0.000 0.000 0.000 0.001 0.003 0.000 0.003 0.000 0.001 0.155 0.013 0.041 0.950 0.032 0.002 0.000 0.000 0.001 0.000 0.001 0.000 0.001 0.001 0.000 0.000 0.022 0.001 0.001 0.002 0.000 0.000 0.001 
29 drill_vis 30 0.046 0.003 0.002 0.001 0.001 0.994 0.993 0.001 0.007 0.004 0.000 0.000 0.001 0.012 0.034 0.000 0.001 0.000 0.000 0.001 0.100 0.000 0.001 0.001 0.000 0.001 0.000 0.000 0.000 0.002 0.001 0.000 0.001 0.000 0.001 0.039 0.121 0.175 0.020 0.972 0.010 0.000 0.000 0.001 0.000 0.001 0.000 0.021 0.013 0.000 0.000 0.006 0.009 0.002 0.000 0.000 0.108 0.138 
30 clamp_vis 30 0.089 0.048 0.000 0.001 0.002 0.996 0.004 0.960 0.001 0.001 0.000 0.000 0.000 0.006 0.003 0.001 0.000 0.000 0.000 0.000 0.007 0.000 0.001 0.001 0.000 0.000 0.000 0.001 0.000 0.003 0.002 0.000 0.000 0.000 0.001 0.002 0.001 0.046 0.000 0.069 0.564 0.001 0.005 0.021 0.002 0.149 0.000 0.009 0.001 0.000 0.000 0.004 0.001 0.000 0.001 0.000 0.000 0.001 
31 hoe_vis 30 0.008 0.007 0.000 0.002 0.001 0.995 0.001 0.987 0.001 0.004 0.000 0.000 0.002 0.000 0.000 0.000 0.000 0.000 0.000 0.000 0.000 0.000 0.007 0.000 0.000 0.000 0.000 0.000 0.000 0.003 0.000 0.000 0.000 0.001 0.003 0.000 0.008 0.007 0.000 0.000 0.001 0.752 0.003 0.016 0.006 0.019 0.011 0.000 0.001 0.000 0.000 0.000 0.001 0.000 0.004 0.049 0.000 0.000 
32 rake_vis 30 0.038 0.044 0.000 0.001 0.001 0.996 0.001 0.989 0.001 0.001 0.000 0.005 0.001 0.000 0.000 0.002 0.000 0.000 0.000 0.000 0.000 0.000 0.000 0.001 0.000 0.000 0.000 0.001 0.000 0.003 0.001 0.000 0.000 0.001 0.002 0.000 0.000 0.001 0.000 0.000 0.005 0.003 0.349 0.002 0.058 0.871 0.002 0.002 0.000 0.001 0.000 0.025 0.001 0.000 0.001 0.000 0.000 0.014 
33 shovel_vis 30 0.040 0.003 0.000 0.002 0.001 0.995 0.008 0.954 0.000 0.001 0.001 0.000 0.002 0.000 0.001 0.000 0.000 0.000 0.000 0.000 0.000 0.000 0.002 0.001 0.000 0.000 0.001 0.007 0.000 0.002 0.003 0.000 0.000 0.000 0.004 0.000 0.074 0.011 0.000 0.000 0.003 0.004 0.013 0.782 0.009 0.002 0.000 0.000 0.000 0.000 0.000 0.000 0.001 0.000 0.001 0.001 0.000 0.000 
34 spade_vis 30 0.086 0.005 0.000 0.001 0.001 0.995 0.001 0.927 0.001 0.008 0.000 0.005 0.001 0.000 0.000 0.000 0.000 0.000 0.000 0.000 0.000 0.000 0.001 0.002 0.000 0.000 0.000 0.001 0.000 0.001 0.001 0.000 0.000 0.000 0.003 0.000 0.001 0.005 0.000 0.000 0.002 0.003 0.004 0.008 0.896 0.041 0.000 0.000 0.000 0.000 0.000 0.001 0.001 0.000 0.003 0.000 0.000 0.005 
35 wrench_vis 30 0.035 0.119 0.000 0.001 0.001 0.996 0.001 0.991 0.001 0.001 0.002 0.001 0.005 0.000 0.001 0.000 0.000 0.000 0.000 0.000 0.000 0.000 0.001 0.001 0.000 0.000 0.000 0.000 0.000 0.005 0.000 0.000 0.000 0.001 0.007 0.000 0.001 0.002 0.000 0.000 0.001 0.015 0.763 0.002 0.025 0.420 0.064 0.000 0.000 0.000 0.000 0.004 0.001 0.000 0.002 0.002 0.000 0.002 
36 accordion_vis 30 0.013 0.003 0.051 0.000 0.000 0.995 0.000 0.004 0.981 0.002 0.009 0.001 0.001 0.001 0.001 0.000 0.001 0.000 0.019 0.001 0.000 0.004 0.000 0.000 0.008 0.000 0.000 0.000 0.000 0.002 0.000 0.001 0.000 0.001 0.000 0.000 0.026 0.000 0.000 0.000 0.000 0.021 0.000 0.000 0.000 0.001 0.919 0.001 0.010 0.007 0.028 0.000 0.001 0.037 0.000 0.059 0.001 0.000 
37 cello_vis 30 0.035 0.006 0.001 0.000 0.001 0.995 0.000 0.772 0.115 0.005 0.000 0.008 0.001 0.000 0.000 0.001 0.001 0.000 0.000 0.001 0.000 0.000 0.000 0.001 0.000 0.000 0.000 0.000 0.000 0.002 0.000 0.001 0.000 0.000 0.000 0.001 0.000 0.000 0.000 0.000 0.001 0.001 0.008 0.000 0.091 0.858 0.002 0.010 0.003 0.016 0.006 0.041 0.001 0.001 0.002 0.000 0.000 0.015 
38 flute_vis 30 0.003 0.000 0.000 0.001 0.001 0.996 0.003 0.004 0.947 0.406 0.000 0.001 0.000 0.001 0.000 0.000 0.000 0.000 0.001 0.001 0.000 0.000 0.000 0.001 0.001 0.000 0.000 0.000 0.000 0.002 0.000 0.001 0.001 0.000 0.001 0.001 0.001 0.001 0.000 0.001 0.001 0.002 0.000 0.000 0.000 0.748 0.004 0.001 0.024 0.266 0.001 0.236 0.001 0.001 0.156 0.009 0.008 0.000 
39 guitar_vis 30 0.008 0.001 0.004 0.001 0.001 0.995 0.000 0.046 0.994 0.003 0.000 0.037 0.000 0.000 0.000 0.000 0.000 0.000 0.005 0.002 0.001 0.000 0.000 0.002 0.001 0.001 0.000 0.000 0.000 0.001 0.000 0.018 0.001 0.009 0.000 0.000 0.001 0.000 0.000 0.000 0.001 0.005 0.000 0.000 0.000 0.272 0.030 0.012 0.026 0.941 0.012 0.003 0.001 0.002 0.001 0.001 0.002 0.000 
40 piano_vis 30 0.012 0.001 0.035 0.000 0.001 0.995 0.000 0.005 0.983 0.001 0.003 0.001 0.001 0.000 0.000 0.000 0.001 0.000 0.009 0.001 0.000 0.002 0.000 0.000 0.007 0.000 0.000 0.000 0.000 0.002 0.000 0.003 0.000 0.001 0.000 0.000 0.016 0.000 0.000 0.000 0.001 0.014 0.001 0.000 0.000 0.001 0.834 0.003 0.018 0.009 0.114 0.001 0.001 0.019 0.000 0.043 0.000 0.000 
41 trumpet_vis 30 0.010 0.002 0.000 0.001 0.002 0.996 0.001 0.383 0.380 0.247 0.000 0.003 0.000 0.000 0.000 0.002 0.000 0.000 0.000 0.000 0.000 0.000 0.000 0.000 0.000 0.000 0.000 0.000 0.000 0.003 0.000 0.000 0.000 0.000 0.001 0.001 0.000 0.000 0.000 0.000 0.005 0.001 0.014 0.000 0.004 0.815 0.002 0.005 0.001 0.098 0.003 0.173 0.002 0.000 0.020 0.001 0.004 0.004 
42 fork_vis 30 0.026 0.006 0.016 0.000 0.000 0.985 0.001 0.002 0.002 0.989 0.004 0.000 0.001 0.000 0.008 0.000 0.009 0.000 0.003 0.001 0.001 0.019 0.020 0.000 0.008 0.000 0.000 0.000 0.000 0.007 0.000 0.000 0.001 0.000 0.004 0.001 0.005 0.000 0.000 0.001 0.000 0.004 0.000 0.000 0.002 0.000 0.013 0.001 0.001 0.001 0.002 0.001 0.693 0.488 0.000 0.126 0.068 0.006 
43 spoon_vis 30 0.099 0.016 0.116 0.000 0.000 0.891 0.000 0.002 0.022 0.986 0.151 0.000 0.000 0.001 0.006 0.001 0.190 0.000 0.060 0.001 0.001 0.021 0.020 0.000 0.015 0.000 0.000 0.000 0.000 0.002 0.000 0.000 0.001 0.000 0.000 0.001 0.003 0.000 0.000 0.000 0.000 0.007 0.000 0.000 0.002 0.000 0.098 0.001 0.002 0.011 0.010 0.000 0.012 0.991 0.000 0.015 0.043 0.002 
44 tongs_vis 30 0.051 0.059 0.000 0.000 0.001 0.995 0.002 0.985 0.000 0.978 0.000 0.004 0.010 0.000 0.002 0.000 0.000 0.000 0.000 0.000 0.000 0.001 0.045 0.000 0.000 0.000 0.000 0.000 0.000 0.003 0.001 0.000 0.000 0.001 0.009 0.000 0.001 0.031 0.000 0.000 0.001 0.748 0.001 0.028 0.939 0.049 0.001 0.000 0.001 0.003 0.000 0.000 0.004 0.001 0.051 0.338 0.001 0.000 
45 ladle_vis 30 0.167 0.018 0.010 0.001 0.000 0.987 0.001 0.132 0.001 0.968 0.003 0.000 0.037 0.000 0.001 0.000 0.000 0.000 0.029 0.000 0.000 0.013 0.018 0.000 0.050 0.000 0.000 0.000 0.000 0.001 0.000 0.000 0.000 0.000 0.002 0.000 0.002 0.001 0.000 0.000 0.000 0.231 0.000 0.002 0.064 0.001 0.035 0.000 0.001 0.001 0.000 0.000 0.006 0.019 0.002 0.859 0.001 0.000 
46 knife_vis 30 0.774 0.011 0.652 0.001 0.001 0.287 0.002 0.001 0.001 0.584 0.038 0.000 0.001 0.000 0.010 0.000 0.328 0.001 0.157 0.001 0.001 0.077 0.008 0.000 0.036 0.000 0.000 0.000 0.001 0.004 0.000 0.001 0.006 0.000 0.004 0.001 0.003 0.000 0.000 0.001 0.000 0.002 0.000 0.000 0.001 0.000 0.021 0.000 0.001 0.001 0.001 0.001 0.082 0.901 0.000 0.013 0.057 0.007 
47 chopsticks_vis 30 0.041 0.004 0.006 0.000 0.001 0.993 0.006 0.002 0.001 0.986 0.000 0.000 0.002 0.000 0.005 0.000 0.001 0.001 0.036 0.000 0.001 0.043 0.006 0.000 0.001 0.000 0.000 0.000 0.000 0.004 0.000 0.000 0.001 0.000 0.026 0.001 0.004 0.001 0.000 0.001 0.000 0.003 0.001 0.001 0.003 0.001 0.002 0.000 0.000 0.001 0.000 0.011 0.814 0.008 0.005 0.204 0.358 0.044 
