0 beaver_vis 30 0.996 0.988 0.017 0.001 0.040 0.002 0.001 0.001 0.001 0.002 0.976 0.019 0.059 0.036 0.010 0.001 0.000 0.001 0.002 0.000 0.005 0.015 0.000 0.001 0.038 0.000 0.000 0.001 0.031 0.001 0.104 0.072 0.001 0.000 0.000 0.001 0.000 0.000 0.000 0.001 0.002 0.000 0.001 0.000 0.001 0.002 0.001 0.002 0.000 0.001 0.001 0.011 0.002 0.000 0.010 0.000 0.012 0.002 
1 bear_vis 30 0.996 0.978 0.035 0.001 0.041 0.002 0.001 0.001 0.001 0.001 0.037 0.842 0.008 0.005 0.009 0.017 0.001 0.002 0.006 0.025 0.001 0.000 0.000 0.001 0.000 0.000 0.000 0.001 0.002 0.005 0.000 0.156 0.004 0.001 0.000 0.001 0.001 0.000 0.001 0.000 0.000 0.000 0.000 0.000 0.000 0.002 0.001 0.000 0.000 0.001 0.001 0.000 0.001 0.001 0.002 0.000 0.000 0.000 
2 sheep_vis 30 0.996 0.969 0.015 0.001 0.025 0.002 0.001 0.001 0.001 0.001 0.320 0.006 0.780 0.005 0.031 0.000 0.001 0.001 0.001 0.000 0.001 0.075 0.001 0.001 0.010 0.000 0.000 0.001 0.013 0.001 0.028 0.029 0.001 0.003 0.000 0.001 0.000 0.000 0.001 0.001 0.001 0.000 0.000 0.000 0.001 0.003 0.001 0.001 0.000 0.001 0.002 0.001 0.006 0.000 0.001 0.000 0.024 0.009 
3 buffalo_vis 30 0.996 0.981 0.001 0.001 0.007 0.002 0.006 0.001 0.001 0.001 0.019 0.003 0.001 0.975 0.030 0.021 0.000 0.000 0.003 0.000 0.000 0.000 0.000 0.018 0.000 0.002 0.000 0.001 0.003 0.003 0.000 0.024 0.001 0.000 0.016 0.002 0.001 0.000 0.022 0.000 0.000 0.000 0.001 0.000 0.000 0.000 0.000 0.000 0.001 0.012 0.001 0.000 0.000 0.001 0.020 0.001 0.001 0.000 
4 poodle_vis 30 0.996 0.985 0.014 0.001 0.044 0.002 0.001 0.001 0.001 0.002 0.005 0.022 0.132 0.041 0.952 0.010 0.033 0.000 0.016 0.000 0.000 0.001 0.001 0.006 0.000 0.000 0.000 0.001 0.003 0.013 0.000 0.075 0.004 0.001 0.000 0.001 0.000 0.000 0.001 0.000 0.000 0.000 0.000 0.000 0.000 0.001 0.001 0.000 0.000 0.009 0.008 0.001 0.003 0.008 0.002 0.001 0.002 0.001 
5 giraffe_vis 30 0.996 0.990 0.017 0.001 0.042 0.002 0.002 0.001 0.001 0.001 0.069 0.118 0.001 0.039 0.153 0.962 0.001 0.003 0.003 0.003 0.001 0.000 0.001 0.037 0.000 0.000 0.000 0.001 0.047 0.034 0.000 0.007 0.002 0.000 0.001 0.001 0.001 0.000 0.001 0.000 0.000 0.000 0.000 0.000 0.000 0.001 0.001 0.000 0.000 0.002 0.001 0.000 0.001 0.001 0.002 0.000 0.001 0.000 
6 robin_vis 30 0.996 0.012 0.983 0.014 0.001 0.002 0.001 0.001 0.003 0.003 0.001 0.001 0.019 0.001 0.018 0.000 0.348 0.002 0.069 0.004 0.001 0.772 0.011 0.001 0.003 0.002 0.000 0.003 0.000 0.001 0.000 0.001 0.001 0.005 0.000 0.002 0.000 0.001 0.001 0.004 0.000 0.000 0.000 0.000 0.002 0.002 0.001 0.001 0.000 0.007 0.015 0.002 0.030 0.002 0.001 0.013 0.003 0.013 
7 swan_vis 30 0.996 0.155 0.985 0.083 0.001 0.002 0.001 0.001 0.001 0.002 0.015 0.001 0.354 0.003 0.046 0.001 0.005 0.521 0.446 0.002 0.001 0.974 0.003 0.001 0.002 0.000 0.001 0.703 0.001 0.001 0.000 0.000 0.001 0.005 0.000 0.001 0.001 0.003 0.004 0.005 0.001 0.000 0.000 0.001 0.002 0.019 0.001 0.001 0.000 0.007 0.003 0.003 0.006 0.001 0.001 0.052 0.058 0.012 
8 woodpecker_vis 30 0.996 0.077 0.989 0.037 0.001 0.002 0.001 0.001 0.007 0.001 0.001 0.023 0.001 0.005 0.108 0.002 0.044 0.013 0.978 0.029 0.000 0.043 0.003 0.010 0.000 0.002 0.000 0.169 0.000 0.001 0.000 0.000 0.055 0.001 0.001 0.002 0.001 0.002 0.001 0.001 0.000 0.000 0.000 0.001 0.001 0.004 0.018 0.001 0.000 0.053 0.004 0.001 0.002 0.017 0.008 0.005 0.001 0.001 
9 peacock_vis 30 0.996 0.180 0.990 0.096 0.001 0.002 0.001 0.001 0.001 0.001 0.005 0.772 0.000 0.002 0.003 0.027 0.001 0.719 0.958 0.811 0.000 0.001 0.001 0.005 0.000 0.004 0.068 0.738 0.000 0.002 0.000 0.001 0.014 0.001 0.000 0.001 0.029 0.006 0.000 0.000 0.000 0.000 0.000 0.003 0.001 0.009 0.019 0.001 0.000 0.004 0.001 0.001 0.001 0.001 0.006 0.001 0.000 0.000 
10 crow_vis 30 0.996 0.012 0.988 0.031 0.001 0.002 0.002 0.001 0.001 0.001 0.014 0.004 0.000 0.001 0.000 0.007 0.002 0.678 0.012 0.085 0.061 0.011 0.027 0.001 0.000 0.000 0.037 0.005 0.000 0.001 0.000 0.000 0.001 0.010 0.001 0.001 0.009 0.019 0.001 0.003 0.001 0.000 0.000 0.002 0.001 0.016 0.004 0.001 0.000 0.002 0.001 0.001 0.012 0.000 0.004 0.010 0.003 0.001 
11 eagle_vis 30 0.996 0.166 0.985 0.087 0.001 0.002 0.001 0.001 0.002 0.003 0.019 0.001 0.371 0.004 0.058 0.001 0.005 0.424 0.506 0.001 0.001 0.985 0.003 0.001 0.003 0.000 0.000 0.737 0.000 0.001 0.000 0.000 0.001 0.004 0.001 0.002 0.001 0.003 0.004 0.005 0.001 0.000 0.000 0.001 0.002 0.017 0.001 0.002 0.000 0.009 0.003 0.004 0.005 0.001 0.001 0.052 0.062 0.013 
12 tuna_vis 30 0.994 0.001 0.030 0.992 0.045 0.002 0.015 0.002 0.006 0.001 0.001 0.000 0.000 0.002 0.000 0.001 0.004 0.001 0.002 0.001 0.004 0.003 0.259 0.022 0.576 0.092 0.033 0.037 0.003 0.001 0.006 0.001 0.005 0.007 0.045 0.017 0.006 0.012 0.001 0.031 0.006 0.014 0.001 0.005 0.072 0.001 0.002 0.036 0.004 0.001 0.005 0.029 0.003 0.000 0.001 0.001 0.007 0.001 
13 goldfish_vis 30 0.996 0.001 0.010 0.992 0.045 0.002 0.005 0.001 0.004 0.001 0.000 0.000 0.000 0.046 0.045 0.030 0.040 0.001 0.030 0.000 0.000 0.000 0.043 0.978 0.001 0.539 0.008 0.039 0.003 0.002 0.000 0.003 0.005 0.001 0.004 0.006 0.004 0.002 0.001 0.003 0.001 0.004 0.000 0.001 0.003 0.000 0.002 0.001 0.005 0.000 0.031 0.001 0.001 0.001 0.001 0.001 0.001 0.000 
14 salmon_vis 30 0.996 0.001 0.010 0.992 0.021 0.002 0.004 0.001 0.001 0.001 0.003 0.000 0.001 0.003 0.000 0.000 0.001 0.001 0.001 0.001 0.001 0.004 0.004 0.013 0.933 0.703 0.277 0.081 0.016 0.001 0.002 0.007 0.001 0.002 0.002 0.014 0.001 0.004 0.000 0.010 0.005 0.001 0.001 0.003 0.021 0.000 0.001 0.007 0.000 0.000 0.002 0.030 0.001 0.000 0.001 0.000 0.000 0.000 
15 sardine_vis 30 0.996 0.000 0.016 0.993 0.031 0.002 0.002 0.001 0.002 0.001 0.000 0.000 0.001 0.001 0.001 0.000 0.067 0.000 0.002 0.008 0.000 0.000 0.002 0.013 0.027 0.960 0.007 0.040 0.001 0.001 0.000 0.053 0.001 0.009 0.001 0.032 0.001 0.001 0.001 0.002 0.000 0.000 0.001 0.000 0.003 0.000 0.001 0.001 0.000 0.000 0.044 0.001 0.000 0.000 0.001 0.000 0.000 0.000 
16 catfish_vis 30 0.996 0.001 0.048 0.991 0.021 0.002 0.020 0.003 0.001 0.001 0.004 0.001 0.001 0.001 0.000 0.007 0.000 0.639 0.001 0.004 0.001 0.000 0.011 0.099 0.003 0.006 0.972 0.886 0.050 0.001 0.000 0.001 0.001 0.083 0.003 0.001 0.151 0.037 0.008 0.013 0.014 0.001 0.000 0.023 0.004 0.002 0.001 0.002 0.000 0.000 0.001 0.002 0.001 0.000 0.001 0.000 0.001 0.000 
17 cod_vis 30 0.988 0.001 0.058 0.991 0.035 0.002 0.011 0.002 0.002 0.001 0.001 0.000 0.055 0.002 0.001 0.001 0.003 0.002 0.003 0.001 0.000 0.097 0.177 0.014 0.054 0.003 0.007 0.919 0.002 0.001 0.011 0.001 0.011 0.496 0.003 0.015 0.002 0.010 0.121 0.141 0.004 0.014 0.001 0.002 0.027 0.002 0.001 0.006 0.000 0.000 0.025 0.003 0.009 0.001 0.001 0.001 0.023 0.011 
18 turtle_vis 30 0.996 0.043 0.001 0.114 0.985 0.002 0.021 0.001 0.001 0.001 0.061 0.026 0.015 0.001 0.000 0.022 0.000 0.004 0.000 0.000 0.021 0.000 0.001 0.004 0.004 0.000 0.116 0.004 0.981 0.003 0.110 0.074 0.002 0.073 0.000 0.002 0.118 0.000 0.001 0.006 0.002 0.001 0.000 0.000 0.001 0.001 0.001 0.015 0.000 0.000 0.001 0.001 0.001 0.000 0.001 0.000 0.001 0.000 
19 rattlesnake_vis 30 0.995 0.015 0.001 0.054 0.989 0.002 0.003 0.001 0.002 0.001 0.001 0.049 0.001 0.004 0.001 0.006 0.000 0.000 0.001 0.001 0.001 0.000 0.001 0.002 0.001 0.034 0.001 0.003 0.040 0.047 0.039 0.664 0.122 0.022 0.001 0.003 0.002 0.001 0.002 0.001 0.002 0.001 0.004 0.000 0.001 0.001 0.002 0.001 0.000 0.000 0.003 0.001 0.001 0.001 0.001 0.000 0.001 0.001 
20 crab_vis 30 0.996 0.002 0.001 0.057 0.990 0.002 0.007 0.001 0.001 0.001 0.004 0.001 0.006 0.001 0.000 0.001 0.000 0.000 0.000 0.000 0.028 0.000 0.001 0.001 0.089 0.000 0.000 0.003 0.071 0.003 0.968 0.016 0.011 0.079 0.000 0.117 0.002 0.000 0.001 0.011 0.005 0.004 0.055 0.000 0.001 0.001 0.001 0.031 0.000 0.000 0.002 0.008 0.007 0.000 0.004 0.000 0.003 0.004 
21 frog_vis 30 0.996 0.024 0.001 0.022 0.976 0.002 0.001 0.001 0.001 0.001 0.000 0.033 0.196 0.004 0.004 0.001 0.002 0.000 0.001 0.000 0.000 0.000 0.000 0.001 0.001 0.045 0.000 0.005 0.013 0.006 0.007 0.956 0.014 0.184 0.000 0.002 0.000 0.000 0.008 0.001 0.001 0.000 0.002 0.000 0.001 0.001 0.001 0.001 0.000 0.000 0.040 0.001 0.001 0.001 0.001 0.000 0.000 0.000 
22 gecko_vis 30 0.995 0.003 0.001 0.012 0.992 0.002 0.002 0.001 0.003 0.001 0.000 0.016 0.003 0.002 0.002 0.001 0.001 0.000 0.001 0.000 0.000 0.000 0.002 0.001 0.001 0.002 0.000 0.011 0.002 0.026 0.318 0.288 0.846 0.212 0.001 0.007 0.001 0.000 0.011 0.002 0.001 0.001 0.012 0.000 0.001 0.001 0.005 0.001 0.000 0.000 0.016 0.001 0.003 0.005 0.002 0.000 0.001 0.001 
23 crocodile_vis 30 0.996 0.003 0.001 0.005 0.952 0.002 0.001 0.001 0.001 0.001 0.000 0.020 0.042 0.001 0.000 0.001 0.001 0.000 0.000 0.000 0.001 0.000 0.001 0.001 0.000 0.001 0.000 0.001 0.023 0.013 0.008 0.122 0.004 0.769 0.000 0.001 0.001 0.000 0.019 0.002 0.001 0.000 0.000 0.000 0.000 0.001 0.001 0.001 0.000 0.000 0.025 0.001 0.003 0.001 0.000 0.000 0.001 0.001 
24 axe_vis 30 0.003 0.000 0.001 0.002 0.001 0.996 0.301 0.002 0.024 0.001 0.000 0.000 0.000 0.001 0.000 0.001 0.000 0.002 0.000 0.000 0.000 0.000 0.001 0.001 0.000 0.000 0.001 0.002 0.017 0.001 0.000 0.000 0.001 0.000 0.001 0.006 0.304 0.002 0.002 0.031 0.000 0.002 0.001 0.005 0.001 0.000 0.001 0.002 0.015 0.001 0.007 0.001 0.000 0.000 0.001 0.000 0.018 0.001 
25 hammer_vis 30 0.003 0.000 0.001 0.007 0.002 0.996 0.993 0.002 0.003 0.049 0.000 0.000 0.000 0.002 0.000 0.000 0.000 0.000 0.000 0.001 0.013 0.000 0.001 0.001 0.079 0.023 0.000 0.003 0.005 0.001 0.131 0.000 0.001 0.000 0.686 0.981 0.040 0.006 0.001 0.032 0.000 0.001 0.012 0.001 0.006 0.000 0.001 0.196 0.002 0.001 0.001 0.001 0.001 0.000 0.161 0.000 0.001 0.032 
26 screwdriver_vis 30 0.003 0.000 0.001 0.002 0.001 0.996 0.960 0.003 0.013 0.001 0.000 0.000 0.000 0.001 0.000 0.001 0.000 0.001 0.000 0.002 0.016 0.000 0.001 0.001 0.000 0.000 0.011 0.002 0.009 0.002 0.001 0.000 0.001 0.000 0.002 0.028 0.877 0.128 0.002 0.009 0.000 0.001 0.002 0.055 0.000 0.001 0.001 0.009 0.019 0.001 0.004 0.006 0.000 0.000 0.002 0.000 0.007 0.001 
27 chisel_vis 30 0.002 0.000 0.001 0.003 0.001 0.996 0.438 0.004 0.947 0.001 0.000 0.000 0.000 0.001 0.000 0.000 0.001 0.000 0.000 0.000 0.001 0.000 0.001 0.001 0.001 0.001 0.000 0.002 0.001 0.002 0.001 0.000 0.001 0.000 0.001 0.617 0.047 0.045 0.001 0.030 0.000 0.070 0.012 0.038 0.001 0.001 0.001 0.005 0.705 0.002 0.003 0.045 0.000 0.000 0.001 0.001 0.011 0.002 
28 saw_vis 30 0.003 0.000 0.001 0.001 0.008 0.996 0.974 0.002 0.002 0.002 0.000 0.000 0.001 0.001 0.000 0.001 0.000 0.001 0.000 0.000 0.007 0.000 0.001 0.000 0.000 0.000 0.001 0.001 0.055 0.009 0.012 0.000 0.001 0.002 0.001 0.005 0.298 0.003 0.009 0.558 0.000 0.012 0.000 0.001 0.000 0.000 0.001 0.003 0.001 0.000 0.047 0.001 0.002 0.000 0.001 0.000 0.074 0.002 
29 drill_vis 30 0.003 0.000 0.001 0.001 0.003 0.996 0.983 0.001 0.002 0.002 0.000 0.000 0.001 0.001 0.000 0.000 0.000 0.001 0.000 0.000 0.003 0.000 0.001 0.000 0.000 0.000 0.001 0.001 0.011 0.001 0.004 0.000 0.001 0.004 0.001 0.003 0.180 0.001 0.007 0.940 0.000 0.016 0.000 0.000 0.000 0.000 0.001 0.002 0.001 0.000 0.570 0.000 0.003 0.000 0.001 0.000 0.301 0.001 
30 clamp_vis 30 0.002 0.000 0.001 0.002 0.001 0.997 0.025 0.991 0.001 0.001 0.000 0.000 0.000 0.001 0.000 0.001 0.000 0.000 0.000 0.001 0.014 0.000 0.001 0.001 0.000 0.000 0.009 0.002 0.002 0.001 0.001 0.000 0.000 0.001 0.001 0.004 0.159 0.003 0.001 0.001 0.013 0.005 0.121 0.883 0.017 0.006 0.001 0.001 0.002 0.000 0.001 0.001 0.001 0.000 0.020 0.003 0.000 0.001 
31 hoe_vis 30 0.002 0.001 0.001 0.001 0.001 0.996 0.001 0.533 0.034 0.330 0.000 0.000 0.000 0.040 0.002 0.001 0.001 0.000 0.001 0.000 0.000 0.000 0.002 0.001 0.000 0.000 0.000 0.001 0.000 0.003 0.000 0.000 0.001 0.000 0.000 0.002 0.001 0.002 0.021 0.003 0.001 0.932 0.004 0.019 0.001 0.003 0.004 0.001 0.137 0.003 0.003 0.002 0.005 0.102 0.002 0.540 0.141 0.001 
32 rake_vis 30 0.002 0.000 0.001 0.001 0.003 0.996 0.007 0.984 0.001 0.002 0.001 0.001 0.000 0.001 0.000 0.000 0.000 0.000 0.000 0.000 0.001 0.000 0.001 0.000 0.000 0.000 0.000 0.002 0.032 0.002 0.025 0.001 0.001 0.001 0.001 0.014 0.016 0.001 0.003 0.001 0.054 0.024 0.905 0.014 0.010 0.017 0.001 0.001 0.002 0.000 0.001 0.001 0.001 0.000 0.119 0.001 0.001 0.001 
33 shovel_vis 30 0.002 0.000 0.001 0.002 0.001 0.997 0.003 0.948 0.006 0.388 0.000 0.000 0.001 0.005 0.000 0.000 0.000 0.000 0.000 0.000 0.000 0.002 0.001 0.001 0.000 0.000 0.000 0.004 0.000 0.001 0.001 0.000 0.000 0.001 0.000 0.003 0.003 0.002 0.007 0.036 0.004 0.911 0.077 0.263 0.007 0.050 0.001 0.001 0.089 0.001 0.001 0.002 0.005 0.010 0.005 0.318 0.052 0.001 
34 spade_vis 30 0.002 0.000 0.001 0.002 0.002 0.996 0.001 0.964 0.003 0.001 0.001 0.000 0.000 0.001 0.000 0.000 0.000 0.000 0.001 0.000 0.001 0.000 0.002 0.001 0.003 0.001 0.000 0.003 0.001 0.001 0.004 0.002 0.001 0.004 0.002 0.002 0.001 0.001 0.001 0.001 0.021 0.019 0.758 0.257 0.402 0.005 0.001 0.005 0.004 0.001 0.002 0.015 0.002 0.000 0.011 0.003 0.001 0.001 
35 wrench_vis 30 0.002 0.001 0.083 0.001 0.001 0.996 0.003 0.011 0.523 0.446 0.000 0.000 0.001 0.001 0.001 0.000 0.001 0.005 0.011 0.000 0.000 0.851 0.001 0.000 0.000 0.000 0.000 0.003 0.000 0.001 0.000 0.000 0.001 0.000 0.000 0.027 0.003 0.061 0.007 0.001 0.000 0.001 0.056 0.242 0.001 0.126 0.002 0.001 0.051 0.918 0.002 0.056 0.001 0.003 0.010 0.768 0.046 0.826 
36 accordion_vis 30 0.003 0.000 0.009 0.001 0.001 0.996 0.001 0.001 0.995 0.002 0.000 0.003 0.000 0.001 0.002 0.001 0.058 0.000 0.030 0.017 0.000 0.001 0.004 0.001 0.000 0.005 0.000 0.006 0.000 0.004 0.000 0.001 0.055 0.000 0.000 0.002 0.001 0.000 0.000 0.006 0.000 0.004 0.000 0.001 0.002 0.001 0.977 0.021 0.014 0.012 0.059 0.005 0.001 0.020 0.001 0.001 0.008 0.000 
37 cello_vis 30 0.003 0.000 0.002 0.003 0.001 0.995 0.002 0.001 0.994 0.001 0.000 0.001 0.000 0.001 0.001 0.001 0.017 0.000 0.004 0.005 0.000 0.000 0.006 0.002 0.000 0.011 0.000 0.006 0.000 0.003 0.001 0.001 0.089 0.000 0.001 0.005 0.003 0.001 0.000 0.011 0.000 0.012 0.001 0.001 0.003 0.001 0.870 0.049 0.024 0.005 0.140 0.002 0.001 0.006 0.001 0.000 0.007 0.001 
38 flute_vis 30 0.002 0.000 0.002 0.001 0.001 0.996 0.026 0.001 0.992 0.001 0.000 0.000 0.000 0.003 0.000 0.001 0.004 0.000 0.002 0.000 0.000 0.000 0.002 0.002 0.000 0.002 0.000 0.001 0.000 0.027 0.000 0.000 0.001 0.000 0.001 0.069 0.003 0.100 0.003 0.001 0.000 0.003 0.004 0.027 0.000 0.001 0.004 0.001 0.925 0.108 0.010 0.003 0.000 0.030 0.001 0.009 0.003 0.001 
39 guitar_vis 30 0.003 0.001 0.028 0.001 0.001 0.996 0.001 0.001 0.981 0.015 0.000 0.001 0.000 0.001 0.029 0.001 0.009 0.000 0.108 0.001 0.000 0.003 0.001 0.001 0.000 0.000 0.000 0.000 0.000 0.003 0.000 0.000 0.004 0.000 0.000 0.007 0.002 0.001 0.001 0.001 0.000 0.000 0.001 0.001 0.000 0.001 0.016 0.001 0.014 0.980 0.029 0.001 0.001 0.042 0.006 0.016 0.016 0.017 
40 piano_vis 30 0.003 0.000 0.002 0.003 0.002 0.995 0.002 0.001 0.992 0.001 0.000 0.001 0.000 0.001 0.001 0.000 0.019 0.000 0.003 0.001 0.000 0.000 0.003 0.001 0.000 0.003 0.000 0.002 0.000 0.002 0.000 0.001 0.019 0.001 0.000 0.006 0.003 0.000 0.001 0.009 0.000 0.003 0.001 0.001 0.001 0.001 0.046 0.003 0.017 0.011 0.689 0.001 0.001 0.032 0.001 0.000 0.013 0.000 
41 trumpet_vis 30 0.004 0.000 0.003 0.005 0.001 0.995 0.001 0.007 0.986 0.001 0.001 0.001 0.013 0.000 0.002 0.000 0.001 0.001 0.001 0.000 0.001 0.005 0.008 0.001 0.002 0.000 0.000 0.209 0.006 0.006 0.001 0.005 0.001 0.001 0.000 0.005 0.001 0.009 0.000 0.001 0.000 0.022 0.005 0.004 0.002 0.066 0.030 0.056 0.014 0.005 0.002 0.934 0.001 0.001 0.001 0.000 0.018 0.024 
42 fork_vis 30 0.004 0.027 0.002 0.001 0.001 0.995 0.001 0.001 0.018 0.973 0.000 0.001 0.002 0.041 0.018 0.001 0.014 0.000 0.001 0.000 0.000 0.001 0.001 0.000 0.000 0.000 0.000 0.000 0.000 0.006 0.000 0.000 0.007 0.000 0.001 0.001 0.000 0.000 0.004 0.007 0.000 0.001 0.000 0.000 0.000 0.001 0.003 0.001 0.001 0.019 0.002 0.001 0.019 0.846 0.007 0.003 0.488 0.006 
43 spoon_vis 30 0.003 0.013 0.002 0.001 0.001 0.995 0.001 0.001 0.990 0.258 0.000 0.003 0.003 0.001 0.417 0.002 0.061 0.000 0.001 0.000 0.000 0.000 0.002 0.000 0.000 0.000 0.000 0.000 0.000 0.007 0.000 0.001 0.044 0.000 0.000 0.001 0.000 0.000 0.001 0.001 0.000 0.002 0.000 0.000 0.000 0.001 0.846 0.001 0.001 0.073 0.124 0.001 0.041 0.305 0.001 0.001 0.835 0.001 
44 tongs_vis 30 0.004 0.005 0.012 0.001 0.001 0.992 0.767 0.001 0.002 0.976 0.084 0.001 0.001 0.004 0.000 0.000 0.001 0.000 0.001 0.007 0.210 0.043 0.001 0.000 0.004 0.000 0.000 0.001 0.001 0.001 0.073 0.000 0.001 0.000 0.692 0.567 0.005 0.001 0.001 0.002 0.000 0.001 0.002 0.000 0.002 0.001 0.001 0.129 0.001 0.027 0.001 0.001 0.002 0.001 0.957 0.001 0.007 0.414 
45 ladle_vis 30 0.002 0.016 0.002 0.001 0.001 0.996 0.001 0.001 0.969 0.057 0.000 0.026 0.005 0.002 0.674 0.001 0.002 0.000 0.023 0.000 0.000 0.001 0.001 0.001 0.000 0.000 0.000 0.000 0.000 0.004 0.000 0.000 0.079 0.000 0.000 0.001 0.001 0.000 0.002 0.001 0.000 0.001 0.000 0.000 0.000 0.002 0.003 0.001 0.003 0.964 0.046 0.001 0.001 0.085 0.003 0.006 0.206 0.022 
46 knife_vis 30 0.003 0.016 0.002 0.001 0.001 0.996 0.001 0.001 0.064 0.882 0.001 0.000 0.002 0.037 0.005 0.001 0.002 0.000 0.001 0.000 0.000 0.002 0.001 0.000 0.000 0.000 0.000 0.000 0.001 0.002 0.000 0.000 0.001 0.000 0.001 0.001 0.000 0.000 0.003 0.005 0.000 0.005 0.000 0.000 0.000 0.001 0.002 0.001 0.004 0.061 0.011 0.000 0.009 0.016 0.002 0.041 0.983 0.016 
47 chopsticks_vis 30 0.003 0.047 0.002 0.001 0.001 0.996 0.005 0.001 0.002 0.994 0.001 0.000 0.004 0.077 0.006 0.001 0.005 0.000 0.001 0.000 0.001 0.007 0.001 0.000 0.000 0.000 0.000 0.000 0.001 0.015 0.001 0.000 0.001 0.000 0.002 0.001 0.000 0.012 0.006 0.027 0.000 0.017 0.000 0.000 0.000 0.001 0.001 0.001 0.001 0.004 0.001 0.001 0.069 0.632 0.004 0.160 0.655 0.640 
0 beaver_vis 30 0.996 0.945 0.026 0.001 0.039 0.002 0.001 0.001 0.001 0.004 0.741 0.009 0.218 0.007 0.010 0.000 0.001 0.001 0.002 0.000 0.012 0.027 0.001 0.000 0.018 0.000 0.000 0.001 0.010 0.001 0.212 0.019 0.001 0.001 0.000 0.001 0.000 0.000 0.000 0.001 0.001 0.000 0.000 0.000 0.001 0.003 0.001 0.002 0.000 0.001 0.001 0.005 0.009 0.000 0.005 0.000 0.027 0.011 
1 bear_vis 30 0.996 0.816 0.078 0.001 0.064 0.002 0.001 0.001 0.001 0.001 0.029 0.838 0.002 0.003 0.005 0.005 0.001 0.001 0.005 0.028 0.009 0.000 0.000 0.001 0.000 0.000 0.000 0.001 0.001 0.006 0.001 0.035 0.012 0.003 0.000 0.001 0.001 0.000 0.000 0.000 0.000 0.000 0.000 0.000 0.000 0.003 0.002 0.000 0.000 0.001 0.001 0.001 0.002 0.001 0.008 0.000 0.000 0.000 
2 sheep_vis 30 0.996 0.966 0.012 0.001 0.019 0.002 0.001 0.001 0.001 0.001 0.093 0.004 0.948 0.004 0.047 0.000 0.001 0.001 0.001 0.000 0.001 0.118 0.001 0.001 0.010 0.000 0.000 0.001 0.007 0.001 0.013 0.028 0.001 0.008 0.000 0.001 0.000 0.000 0.002 0.001 0.001 0.000 0.000 0.000 0.001 0.004 0.001 0.001 0.000 0.001 0.002 0.001 0.009 0.000 0.001 0.000 0.036 0.015 
3 buffalo_vis 30 0.996 0.960 0.001 0.001 0.010 0.002 0.011 0.001 0.001 0.001 0.013 0.002 0.001 0.963 0.022 0.012 0.000 0.000 0.002 0.000 0.000 0.000 0.000 0.006 0.000 0.001 0.000 0.001 0.002 0.003 0.000 0.012 0.002 0.000 0.021 0.002 0.001 0.000 0.027 0.000 0.000 0.000 0.001 0.000 0.000 0.000 0.000 0.000 0.001 0.017 0.001 0.000 0.000 0.001 0.050 0.001 0.002 0.001 
4 poodle_vis 30 0.996 0.978 0.034 0.001 0.068 0.002 0.001 0.001 0.001 0.002 0.015 0.530 0.104 0.015 0.172 0.002 0.006 0.000 0.021 0.002 0.000 0.001 0.001 0.001 0.000 0.001 0.000 0.001 0.001 0.006 0.001 0.527 0.009 0.001 0.000 0.001 0.000 0.000 0.000 0.000 0.000 0.000 0.001 0.000 0.000 0.002 0.001 0.001 0.000 0.004 0.003 0.001 0.002 0.002 0.004 0.000 0.001 0.001 
5 giraffe_vis 30 0.996 0.986 0.006 0.001 0.019 0.002 0.002 0.001 0.001 0.001 0.037 0.021 0.000 0.149 0.026 0.836 0.000 0.001 0.003 0.001 0.000 0.000 0.001 0.028 0.000 0.000 0.000 0.001 0.016 0.006 0.000 0.004 0.002 0.000 0.001 0.001 0.001 0.000 0.002 0.000 0.000 0.000 0.000 0.000 0.000 0.001 0.001 0.000 0.000 0.003 0.001 0.000 0.000 0.001 0.003 0.000 0.001 0.000 
6 robin_vis 30 0.995 0.003 0.985 0.009 0.001 0.002 0.001 0.001 0.017 0.006 0.001 0.001 0.001 0.001 0.049 0.000 0.903 0.000 0.072 0.007 0.001 0.088 0.021 0.001 0.001 0.002 0.000 0.001 0.000 0.002 0.000 0.000 0.002 0.002 0.000 0.004 0.000 0.001 0.000 0.001 0.000 0.000 0.000 0.000 0.002 0.001 0.003 0.001 0.000 0.022 0.052 0.001 0.018 0.012 0.002 0.010 0.001 0.003 
7 swan_vis 30 0.996 0.148 0.985 0.082 0.001 0.002 0.001 0.001 0.001 0.003 0.018 0.001 0.311 0.003 0.038 0.001 0.004 0.527 0.412 0.001 0.001 0.978 0.003 0.001 0.002 0.000 0.001 0.677 0.000 0.001 0.000 0.000 0.001 0.005 0.001 0.001 0.001 0.003 0.004 0.005 0.001 0.000 0.000 0.001 0.002 0.018 0.001 0.002 0.000 0.007 0.002 0.003 0.005 0.001 0.001 0.050 0.053 0.010 
8 woodpecker_vis 30 0.995 0.039 0.991 0.028 0.001 0.002 0.001 0.001 0.043 0.005 0.001 0.007 0.000 0.006 0.142 0.015 0.081 0.003 0.979 0.021 0.001 0.022 0.020 0.012 0.000 0.001 0.000 0.030 0.000 0.002 0.000 0.000 0.189 0.001 0.004 0.003 0.004 0.004 0.001 0.001 0.000 0.000 0.000 0.001 0.003 0.004 0.111 0.001 0.001 0.213 0.005 0.001 0.005 0.045 0.065 0.020 0.001 0.002 
9 peacock_vis 30 0.996 0.140 0.989 0.049 0.001 0.002 0.001 0.001 0.004 0.001 0.004 0.209 0.000 0.007 0.020 0.004 0.007 0.034 0.981 0.246 0.000 0.015 0.001 0.006 0.000 0.008 0.001 0.598 0.000 0.002 0.000 0.001 0.076 0.001 0.001 0.002 0.005 0.003 0.000 0.001 0.000 0.000 0.000 0.002 0.002 0.004 0.030 0.001 0.000 0.025 0.001 0.001 0.001 0.003 0.027 0.001 0.000 0.001 
10 crow_vis 30 0.995 0.002 0.989 0.042 0.001 0.003 0.003 0.001 0.002 0.004 0.070 0.001 0.000 0.000 0.000 0.040 0.007 0.127 0.002 0.033 0.940 0.003 0.326 0.001 0.000 0.000 0.036 0.001 0.000 0.003 0.000 0.000 0.001 0.001 0.002 0.001 0.005 0.029 0.000 0.004 0.002 0.000 0.000 0.002 0.002 0.003 0.006 0.002 0.000 0.003 0.001 0.005 0.042 0.001 0.011 0.046 0.003 0.002 
11 eagle_vis 30 0.994 0.020 0.990 0.014 0.001 0.003 0.001 0.001 0.003 0.036 0.009 0.001 0.112 0.001 0.015 0.000 0.053 0.041 0.137 0.001 0.002 0.983 0.026 0.001 0.005 0.000 0.000 0.089 0.000 0.001 0.001 0.000 0.001 0.019 0.001 0.002 0.001 0.004 0.004 0.017 0.001 0.000 0.000 0.001 0.004 0.020 0.001 0.005 0.000 0.027 0.008 0.006 0.071 0.004 0.003 0.085 0.086 0.166 
12 tuna_vis 30 0.853 0.000 0.016 0.860 0.006 0.346 0.002 0.003 0.992 0.001 0.000 0.000 0.002 0.003 0.539 0.070 0.312 0.000 0.017 0.002 0.001 0.001 0.493 0.761 0.002 0.227 0.001 0.011 0.005 0.036 0.001 0.009 0.031 0.001 0.008 0.004 0.013 0.001 0.004 0.002 0.000 0.002 0.002 0.005 0.053 0.003 0.111 0.057 0.086 0.436 0.979 0.004 0.001 0.001 0.001 0.005 0.027 0.001 
13 goldfish_vis 30 0.995 0.001 0.014 0.991 0.055 0.002 0.002 0.001 0.012 0.001 0.000 0.000 0.001 0.031 0.276 0.013 0.038 0.000 0.165 0.000 0.000 0.000 0.081 0.978 0.001 0.144 0.001 0.166 0.002 0.003 0.000 0.004 0.026 0.006 0.002 0.007 0.002 0.002 0.009 0.002 0.000 0.004 0.001 0.001 0.004 0.001 0.004 0.002 0.004 0.001 0.081 0.001 0.001 0.012 0.001 0.001 0.001 0.000 
14 salmon_vis 30 0.995 0.000 0.029 0.989 0.037 0.002 0.016 0.001 0.004 0.001 0.001 0.000 0.001 0.001 0.000 0.000 0.011 0.000 0.001 0.001 0.009 0.004 0.088 0.001 0.894 0.102 0.019 0.008 0.001 0.002 0.022 0.001 0.001 0.016 0.004 0.031 0.001 0.006 0.001 0.054 0.005 0.002 0.002 0.002 0.057 0.001 0.001 0.019 0.000 0.000 0.008 0.031 0.004 0.000 0.001 0.000 0.001 0.001 
15 sardine_vis 30 0.995 0.000 0.016 0.991 0.048 0.002 0.002 0.001 0.004 0.001 0.000 0.001 0.000 0.002 0.001 0.000 0.018 0.000 0.004 0.047 0.000 0.000 0.002 0.018 0.054 0.974 0.033 0.076 0.001 0.002 0.001 0.104 0.003 0.002 0.001 0.056 0.001 0.001 0.000 0.002 0.001 0.000 0.002 0.001 0.007 0.000 0.001 0.001 0.000 0.000 0.011 0.001 0.001 0.000 0.001 0.000 0.000 0.000 
16 catfish_vis 30 0.996 0.103 0.001 0.025 0.926 0.016 0.777 0.003 0.001 0.001 0.037 0.016 0.007 0.139 0.000 0.029 0.000 0.005 0.001 0.000 0.022 0.000 0.001 0.007 0.002 0.000 0.025 0.024 0.964 0.256 0.016 0.022 0.002 0.013 0.002 0.094 0.289 0.118 0.046 0.012 0.155 0.004 0.014 0.000 0.001 0.003 0.001 0.004 0.001 0.000 0.001 0.002 0.001 0.000 0.003 0.000 0.003 0.011 
17 cod_vis 30 0.995 0.001 0.029 0.992 0.025 0.002 0.005 0.002 0.003 0.001 0.001 0.000 0.170 0.004 0.002 0.000 0.001 0.006 0.007 0.000 0.000 0.166 0.015 0.079 0.072 0.005 0.010 0.982 0.004 0.001 0.001 0.003 0.003 0.148 0.002 0.011 0.002 0.005 0.051 0.045 0.003 0.006 0.001 0.002 0.012 0.001 0.001 0.005 0.001 0.000 0.012 0.003 0.001 0.000 0.001 0.001 0.008 0.001 
18 turtle_vis 30 0.995 0.027 0.001 0.037 0.943 0.002 0.523 0.001 0.001 0.001 0.023 0.015 0.010 0.004 0.000 0.007 0.000 0.002 0.000 0.000 0.007 0.000 0.001 0.002 0.002 0.000 0.038 0.004 0.935 0.003 0.085 0.031 0.003 0.040 0.001 0.003 0.248 0.000 0.019 0.010 0.002 0.001 0.001 0.000 0.001 0.001 0.001 0.008 0.000 0.000 0.001 0.001 0.001 0.000 0.001 0.000 0.002 0.001 
19 rattlesnake_vis 30 0.993 0.340 0.001 0.393 0.991 0.003 0.002 0.002 0.007 0.001 0.002 0.012 0.001 0.228 0.227 0.449 0.001 0.000 0.001 0.001 0.001 0.000 0.007 0.784 0.002 0.174 0.000 0.002 0.675 0.291 0.002 0.859 0.073 0.003 0.002 0.004 0.002 0.001 0.002 0.001 0.001 0.001 0.002 0.000 0.002 0.002 0.010 0.001 0.001 0.001 0.008 0.001 0.001 0.002 0.002 0.000 0.001 0.001 
20 crab_vis 30 0.993 0.003 0.001 0.008 0.989 0.002 0.003 0.001 0.002 0.001 0.001 0.008 0.004 0.002 0.001 0.000 0.001 0.000 0.000 0.000 0.002 0.000 0.002 0.000 0.002 0.007 0.000 0.002 0.004 0.014 0.559 0.377 0.232 0.112 0.001 0.006 0.001 0.000 0.003 0.003 0.002 0.001 0.013 0.000 0.001 0.001 0.002 0.004 0.000 0.000 0.013 0.001 0.004 0.001 0.002 0.000 0.003 0.002 
21 frog_vis 30 0.996 0.020 0.001 0.016 0.982 0.002 0.001 0.001 0.002 0.001 0.000 0.045 0.039 0.005 0.002 0.000 0.002 0.000 0.001 0.000 0.000 0.000 0.001 0.001 0.001 0.050 0.000 0.006 0.008 0.010 0.023 0.928 0.032 0.140 0.000 0.003 0.000 0.000 0.005 0.001 0.001 0.000 0.004 0.000 0.001 0.001 0.001 0.001 0.000 0.000 0.030 0.001 0.001 0.001 0.001 0.000 0.000 0.000 
22 gecko_vis 30 0.987 0.027 0.001 0.003 0.990 0.002 0.002 0.001 0.010 0.001 0.000 0.194 0.011 0.008 0.015 0.001 0.001 0.000 0.006 0.000 0.000 0.000 0.002 0.001 0.000 0.001 0.000 0.021 0.001 0.026 0.174 0.496 0.970 0.343 0.001 0.004 0.001 0.000 0.094 0.002 0.001 0.001 0.016 0.000 0.001 0.003 0.013 0.002 0.000 0.001 0.031 0.001 0.003 0.043 0.002 0.000 0.003 0.001 
23 crocodile_vis 30 0.993 0.001 0.001 0.002 0.971 0.002 0.003 0.001 0.001 0.001 0.000 0.021 0.031 0.000 0.000 0.001 0.001 0.000 0.000 0.000 0.002 0.000 0.015 0.000 0.000 0.000 0.000 0.001 0.005 0.046 0.012 0.009 0.008 0.973 0.000 0.001 0.001 0.000 0.215 0.012 0.001 0.002 0.000 0.000 0.001 0.002 0.001 0.001 0.000 0.000 0.028 0.001 0.025 0.001 0.001 0.000 0.004 0.002 
24 axe_vis 30 0.002 0.000 0.001 0.002 0.001 0.996 0.291 0.002 0.631 0.001 0.000 0.000 0.000 0.001 0.000 0.001 0.000 0.000 0.001 0.000 0.000 0.000 0.001 0.001 0.000 0.001 0.000 0.002 0.000 0.001 0.001 0.000 0.001 0.000 0.006 0.022 0.220 0.001 0.001 0.017 0.000 0.002 0.003 0.003 0.001 0.001 0.001 0.013 0.079 0.004 0.058 0.001 0.000 0.001 0.002 0.000 0.020 0.001 
25 hammer_vis 30 0.002 0.000 0.001 0.009 0.002 0.996 0.956 0.019 0.012 0.011 0.000 0.000 0.000 0.001 0.000 0.000 0.000 0.000 0.000 0.001 0.005 0.001 0.001 0.001 0.025 0.017 0.000 0.003 0.002 0.001 0.017 0.000 0.001 0.000 0.119 0.980 0.025 0.033 0.001 0.015 0.001 0.001 0.101 0.004 0.003 0.000 0.001 0.047 0.004 0.001 0.001 0.008 0.001 0.000 0.025 0.000 0.001 0.050 
26 screwdriver_vis 30 0.002 0.000 0.001 0.002 0.001 0.996 0.953 0.002 0.008 0.001 0.000 0.000 0.000 0.001 0.000 0.001 0.000 0.003 0.000 0.002 0.005 0.000 0.001 0.001 0.000 0.000 0.010 0.002 0.012 0.001 0.001 0.000 0.001 0.000 0.017 0.004 0.932 0.001 0.002 0.003 0.000 0.001 0.001 0.006 0.001 0.001 0.001 0.064 0.005 0.002 0.008 0.001 0.000 0.000 0.002 0.000 0.013 0.001 
27 chisel_vis 30 0.002 0.000 0.001 0.004 0.001 0.996 0.432 0.005 0.983 0.004 0.000 0.000 0.000 0.002 0.000 0.000 0.001 0.000 0.001 0.000 0.000 0.001 0.002 0.002 0.000 0.000 0.000 0.004 0.001 0.003 0.001 0.000 0.001 0.000 0.001 0.657 0.046 0.046 0.001 0.108 0.000 0.497 0.013 0.042 0.001 0.001 0.001 0.005 0.922 0.003 0.008 0.026 0.000 0.001 0.001 0.005 0.063 0.004 
28 saw_vis 30 0.003 0.000 0.001 0.002 0.003 0.993 0.968 0.002 0.002 0.001 0.000 0.000 0.000 0.001 0.000 0.002 0.000 0.007 0.000 0.003 0.008 0.000 0.001 0.000 0.000 0.000 0.015 0.001 0.010 0.001 0.002 0.000 0.001 0.001 0.019 0.003 0.764 0.003 0.033 0.057 0.000 0.001 0.001 0.004 0.001 0.001 0.001 0.010 0.002 0.001 0.034 0.001 0.001 0.000 0.002 0.000 0.045 0.001 
29 drill_vis 30 0.003 0.000 0.001 0.002 0.002 0.995 0.963 0.001 0.003 0.001 0.000 0.000 0.000 0.001 0.000 0.001 0.000 0.002 0.000 0.001 0.007 0.000 0.001 0.000 0.000 0.000 0.005 0.001 0.010 0.001 0.002 0.000 0.001 0.001 0.002 0.004 0.692 0.001 0.003 0.187 0.000 0.001 0.001 0.002 0.001 0.000 0.001 0.015 0.001 0.001 0.112 0.001 0.001 0.000 0.001 0.000 0.090 0.001 
30 clamp_vis 30 0.002 0.000 0.001 0.002 0.002 0.997 0.005 0.988 0.001 0.001 0.000 0.001 0.000 0.001 0.000 0.000 0.000 0.000 0.000 0.000 0.001 0.000 0.001 0.000 0.000 0.000 0.000 0.003 0.026 0.001 0.005 0.001 0.000 0.001 0.001 0.003 0.028 0.001 0.005 0.001 0.038 0.012 0.825 0.060 0.012 0.039 0.001 0.001 0.002 0.000 0.001 0.001 0.001 0.000 0.042 0.002 0.000 0.001 
31 hoe_vis 30 0.002 0.000 0.001 0.001 0.002 0.997 0.001 0.593 0.016 0.002 0.000 0.000 0.079 0.000 0.001 0.000 0.001 0.000 0.001 0.000 0.000 0.000 0.002 0.001 0.000 0.000 0.000 0.001 0.008 0.001 0.010 0.013 0.001 0.131 0.000 0.001 0.001 0.000 0.000 0.002 0.001 0.314 0.007 0.007 0.171 0.049 0.004 0.001 0.003 0.001 0.003 0.003 0.034 0.001 0.001 0.004 0.009 0.000 
32 rake_vis 30 0.002 0.000 0.001 0.001 0.004 0.997 0.001 0.976 0.002 0.007 0.000 0.000 0.019 0.001 0.000 0.000 0.000 0.000 0.000 0.000 0.001 0.000 0.001 0.000 0.000 0.000 0.000 0.004 0.004 0.001 0.053 0.002 0.001 0.045 0.000 0.005 0.001 0.000 0.010 0.001 0.004 0.138 0.924 0.003 0.024 0.243 0.001 0.001 0.001 0.001 0.001 0.001 0.004 0.000 0.004 0.001 0.003 0.015 
33 shovel_vis 30 0.002 0.000 0.001 0.002 0.001 0.997 0.001 0.965 0.006 0.297 0.000 0.000 0.001 0.025 0.000 0.000 0.000 0.000 0.000 0.000 0.000 0.000 0.001 0.001 0.000 0.000 0.000 0.003 0.001 0.001 0.000 0.000 0.000 0.001 0.000 0.002 0.001 0.001 0.033 0.014 0.005 0.984 0.041 0.105 0.009 0.010 0.001 0.001 0.225 0.001 0.001 0.002 0.006 0.014 0.002 0.517 0.252 0.001 
34 spade_vis 30 0.027 0.005 0.001 0.002 0.005 0.996 0.001 0.490 0.005 0.001 0.001 0.001 0.366 0.000 0.007 0.000 0.000 0.000 0.001 0.000 0.001 0.001 0.003 0.001 0.002 0.000 0.000 0.002 0.028 0.001 0.024 0.037 0.001 0.332 0.000 0.001 0.001 0.000 0.001 0.001 0.001 0.029 0.022 0.003 0.511 0.249 0.002 0.007 0.000 0.001 0.056 0.001 0.044 0.000 0.002 0.001 0.009 0.001 
35 wrench_vis 30 0.002 0.001 0.003 0.001 0.002 0.997 0.001 0.976 0.021 0.014 0.000 0.001 0.079 0.000 0.004 0.000 0.001 0.000 0.001 0.000 0.000 0.003 0.001 0.000 0.000 0.000 0.000 0.002 0.002 0.002 0.015 0.002 0.001 0.162 0.000 0.001 0.000 0.000 0.001 0.001 0.004 0.153 0.466 0.003 0.037 0.929 0.003 0.001 0.001 0.002 0.001 0.021 0.029 0.001 0.001 0.011 0.002 0.025 
36 accordion_vis 30 0.036 0.000 0.053 0.001 0.001 0.979 0.001 0.001 0.995 0.001 0.000 0.020 0.000 0.001 0.004 0.001 0.040 0.002 0.168 0.163 0.000 0.005 0.002 0.001 0.000 0.029 0.000 0.009 0.000 0.003 0.000 0.004 0.006 0.000 0.000 0.001 0.001 0.001 0.000 0.001 0.000 0.001 0.000 0.001 0.001 0.001 0.882 0.007 0.006 0.016 0.022 0.013 0.001 0.011 0.001 0.001 0.004 0.000 
37 cello_vis 30 0.002 0.000 0.002 0.003 0.001 0.995 0.001 0.002 0.993 0.002 0.000 0.001 0.000 0.003 0.000 0.001 0.004 0.000 0.004 0.001 0.000 0.001 0.005 0.001 0.001 0.001 0.000 0.003 0.000 0.002 0.001 0.000 0.019 0.000 0.001 0.009 0.008 0.001 0.000 0.004 0.000 0.004 0.001 0.001 0.002 0.001 0.291 0.037 0.151 0.017 0.035 0.007 0.001 0.004 0.015 0.000 0.015 0.001 
38 flute_vis 30 0.002 0.000 0.002 0.001 0.001 0.996 0.018 0.001 0.994 0.001 0.000 0.000 0.000 0.009 0.000 0.001 0.004 0.000 0.001 0.000 0.000 0.000 0.002 0.005 0.000 0.002 0.000 0.001 0.000 0.013 0.000 0.000 0.002 0.000 0.001 0.020 0.003 0.027 0.002 0.003 0.000 0.018 0.001 0.023 0.000 0.001 0.030 0.001 0.965 0.050 0.016 0.003 0.000 0.066 0.001 0.005 0.009 0.001 
39 guitar_vis 30 0.002 0.001 0.005 0.001 0.001 0.996 0.012 0.001 0.994 0.002 0.000 0.000 0.000 0.004 0.002 0.001 0.006 0.000 0.005 0.000 0.000 0.001 0.002 0.002 0.000 0.002 0.000 0.001 0.000 0.010 0.000 0.000 0.002 0.000 0.001 0.029 0.004 0.010 0.001 0.001 0.000 0.003 0.001 0.010 0.000 0.001 0.024 0.001 0.864 0.125 0.017 0.002 0.001 0.036 0.001 0.005 0.006 0.001 
40 piano_vis 30 0.002 0.000 0.004 0.004 0.002 0.995 0.001 0.001 0.995 0.001 0.000 0.002 0.000 0.000 0.001 0.000 0.082 0.000 0.014 0.006 0.000 0.001 0.007 0.001 0.000 0.004 0.000 0.030 0.000 0.006 0.000 0.001 0.046 0.001 0.000 0.003 0.001 0.001 0.000 0.012 0.000 0.009 0.001 0.001 0.002 0.001 0.953 0.006 0.006 0.005 0.180 0.007 0.001 0.056 0.001 0.000 0.004 0.000 
41 trumpet_vis 30 0.043 0.027 0.002 0.004 0.001 0.989 0.001 0.006 0.930 0.001 0.079 0.010 0.033 0.001 0.010 0.000 0.000 0.002 0.001 0.000 0.001 0.007 0.006 0.001 0.002 0.000 0.000 0.112 0.022 0.005 0.001 0.025 0.001 0.000 0.000 0.003 0.001 0.007 0.000 0.001 0.000 0.010 0.004 0.003 0.002 0.158 0.021 0.033 0.010 0.005 0.002 0.965 0.001 0.000 0.001 0.000 0.043 0.016 
42 fork_vis 30 0.003 0.022 0.002 0.001 0.001 0.996 0.001 0.001 0.029 0.962 0.000 0.000 0.002 0.048 0.013 0.001 0.006 0.000 0.001 0.000 0.000 0.001 0.001 0.000 0.000 0.000 0.000 0.000 0.000 0.003 0.000 0.000 0.003 0.000 0.001 0.001 0.000 0.000 0.005 0.005 0.000 0.002 0.000 0.000 0.000 0.001 0.002 0.001 0.001 0.033 0.003 0.001 0.011 0.469 0.004 0.008 0.835 0.007 
43 spoon_vis 30 0.003 0.012 0.002 0.001 0.001 0.996 0.001 0.001 0.376 0.612 0.000 0.001 0.001 0.011 0.040 0.001 0.015 0.000 0.001 0.000 0.000 0.000 0.001 0.000 0.000 0.000 0.000 0.000 0.000 0.005 0.000 0.000 0.006 0.000 0.000 0.001 0.000 0.000 0.001 0.001 0.000 0.001 0.000 0.000 0.000 0.001 0.017 0.000 0.001 0.056 0.013 0.001 0.007 0.483 0.002 0.003 0.643 0.001 
44 tongs_vis 30 0.003 0.002 0.013 0.001 0.001 0.996 0.223 0.002 0.002 0.989 0.001 0.000 0.001 0.001 0.000 0.000 0.005 0.000 0.001 0.000 0.020 0.161 0.001 0.000 0.001 0.000 0.000 0.001 0.000 0.002 0.003 0.000 0.001 0.000 0.001 0.665 0.001 0.057 0.001 0.001 0.001 0.001 0.004 0.000 0.001 0.001 0.001 0.001 0.000 0.017 0.001 0.004 0.009 0.009 0.103 0.034 0.001 0.972 
45 ladle_vis 30 0.002 0.023 0.002 0.001 0.001 0.997 0.001 0.004 0.049 0.845 0.000 0.000 0.001 0.051 0.059 0.001 0.003 0.000 0.001 0.000 0.000 0.001 0.001 0.001 0.000 0.000 0.000 0.000 0.000 0.006 0.000 0.000 0.002 0.000 0.000 0.001 0.000 0.000 0.008 0.001 0.000 0.003 0.001 0.001 0.000 0.008 0.003 0.000 0.006 0.184 0.002 0.001 0.004 0.664 0.005 0.158 0.373 0.003 
46 knife_vis 30 0.002 0.012 0.002 0.001 0.001 0.996 0.001 0.001 0.081 0.782 0.001 0.000 0.002 0.023 0.004 0.001 0.001 0.000 0.001 0.000 0.000 0.002 0.001 0.000 0.000 0.000 0.000 0.000 0.001 0.001 0.000 0.000 0.001 0.000 0.001 0.001 0.000 0.000 0.002 0.003 0.000 0.003 0.000 0.000 0.000 0.001 0.002 0.001 0.005 0.095 0.010 0.001 0.004 0.007 0.001 0.029 0.984 0.010 
47 chopsticks_vis 30 0.003 0.027 0.002 0.001 0.001 0.996 0.003 0.001 0.004 0.993 0.001 0.000 0.004 0.045 0.006 0.001 0.003 0.000 0.001 0.000 0.001 0.007 0.001 0.000 0.000 0.000 0.000 0.000 0.001 0.003 0.001 0.000 0.001 0.000 0.003 0.001 0.000 0.001 0.006 0.014 0.000 0.004 0.000 0.000 0.000 0.001 0.001 0.001 0.001 0.015 0.001 0.001 0.042 0.192 0.004 0.092 0.808 0.415 
