0 beaver_vis 30 0.996 0.908 0.033 0.001 0.062 0.002 0.001 0.001 0.001 0.005 0.937 0.009 0.028 0.007 0.005 0.001 0.001 0.001 0.001 0.000 0.197 0.010 0.001 0.001 0.022 0.000 0.000 0.001 0.008 0.001 0.655 0.012 0.002 0.001 0.001 0.001 0.000 0.000 0.000 0.001 0.002 0.000 0.001 0.000 0.001 0.003 0.001 0.005 0.000 0.001 0.001 0.016 0.017 0.000 0.062 0.000 0.032 0.016 
1 bear_vis 30 0.996 0.853 0.044 0.001 0.108 0.002 0.001 0.001 0.001 0.001 0.078 0.402 0.004 0.010 0.017 0.002 0.003 0.001 0.011 0.007 0.005 0.000 0.000 0.001 0.000 0.001 0.000 0.001 0.001 0.005 0.038 0.183 0.042 0.001 0.000 0.001 0.001 0.000 0.000 0.000 0.000 0.000 0.001 0.000 0.000 0.001 0.002 0.000 0.000 0.002 0.001 0.001 0.003 0.001 0.043 0.000 0.001 0.001 
2 sheep_vis 30 0.996 0.619 0.030 0.001 0.027 0.002 0.001 0.001 0.001 0.008 0.034 0.003 0.769 0.002 0.019 0.000 0.003 0.000 0.001 0.000 0.015 0.059 0.001 0.001 0.008 0.000 0.000 0.001 0.003 0.001 0.281 0.009 0.001 0.045 0.000 0.001 0.000 0.000 0.003 0.002 0.001 0.000 0.000 0.000 0.001 0.006 0.001 0.001 0.000 0.001 0.004 0.002 0.134 0.001 0.001 0.000 0.094 0.227 
3 buffalo_vis 30 0.996 0.822 0.003 0.001 0.013 0.002 0.019 0.001 0.001 0.002 0.048 0.004 0.001 0.576 0.007 0.002 0.001 0.000 0.002 0.000 0.002 0.000 0.000 0.001 0.000 0.000 0.000 0.001 0.002 0.003 0.004 0.006 0.004 0.000 0.014 0.005 0.001 0.000 0.010 0.000 0.001 0.000 0.002 0.000 0.000 0.000 0.000 0.000 0.000 0.024 0.001 0.000 0.001 0.001 0.361 0.000 0.005 0.002 
4 poodle_vis 30 0.996 0.990 0.020 0.001 0.041 0.002 0.001 0.001 0.001 0.002 0.967 0.043 0.066 0.049 0.025 0.002 0.001 0.001 0.004 0.001 0.005 0.013 0.001 0.001 0.046 0.000 0.000 0.001 0.034 0.003 0.076 0.121 0.002 0.000 0.000 0.001 0.000 0.000 0.000 0.001 0.002 0.000 0.001 0.000 0.001 0.002 0.001 0.002 0.000 0.002 0.001 0.013 0.002 0.001 0.012 0.000 0.011 0.002 
5 giraffe_vis 30 0.996 0.793 0.003 0.001 0.020 0.002 0.028 0.001 0.001 0.002 0.010 0.004 0.000 0.687 0.022 0.024 0.001 0.000 0.003 0.000 0.001 0.000 0.000 0.003 0.000 0.000 0.000 0.001 0.002 0.004 0.001 0.005 0.005 0.000 0.006 0.034 0.003 0.000 0.002 0.000 0.000 0.000 0.003 0.000 0.000 0.000 0.000 0.000 0.000 0.032 0.001 0.000 0.000 0.001 0.550 0.000 0.002 0.001 
6 robin_vis 30 0.995 0.005 0.986 0.003 0.001 0.002 0.001 0.001 0.015 0.002 0.001 0.001 0.002 0.001 0.012 0.000 0.925 0.000 0.054 0.022 0.001 0.050 0.010 0.000 0.001 0.004 0.000 0.001 0.000 0.002 0.000 0.000 0.001 0.003 0.000 0.005 0.000 0.001 0.000 0.001 0.000 0.000 0.000 0.000 0.002 0.001 0.002 0.001 0.000 0.013 0.067 0.001 0.023 0.011 0.002 0.002 0.000 0.002 
7 swan_vis 30 0.996 0.005 0.987 0.030 0.001 0.003 0.002 0.005 0.001 0.001 0.123 0.001 0.001 0.000 0.000 0.003 0.002 0.316 0.001 0.122 0.837 0.007 0.031 0.001 0.001 0.000 0.125 0.002 0.001 0.001 0.000 0.000 0.000 0.004 0.000 0.001 0.003 0.031 0.000 0.004 0.007 0.000 0.000 0.003 0.007 0.012 0.002 0.001 0.000 0.001 0.001 0.009 0.020 0.000 0.007 0.011 0.001 0.001 
8 woodpecker_vis 30 0.995 0.003 0.990 0.004 0.001 0.002 0.001 0.001 0.066 0.003 0.000 0.003 0.000 0.001 0.028 0.001 0.795 0.000 0.526 0.019 0.001 0.039 0.021 0.001 0.000 0.002 0.000 0.002 0.000 0.002 0.000 0.000 0.016 0.001 0.001 0.006 0.000 0.001 0.000 0.001 0.000 0.000 0.000 0.000 0.003 0.002 0.017 0.001 0.000 0.077 0.025 0.001 0.018 0.041 0.010 0.006 0.001 0.002 
9 peacock_vis 30 0.996 0.011 0.982 0.021 0.001 0.002 0.001 0.001 0.002 0.001 0.001 0.015 0.001 0.001 0.003 0.003 0.425 0.006 0.076 0.246 0.001 0.020 0.001 0.001 0.000 0.067 0.003 0.001 0.000 0.002 0.000 0.001 0.001 0.001 0.000 0.002 0.001 0.001 0.000 0.001 0.000 0.000 0.000 0.000 0.001 0.001 0.002 0.000 0.000 0.002 0.009 0.001 0.001 0.001 0.001 0.000 0.000 0.000 
10 crow_vis 30 0.916 0.005 0.844 0.001 0.001 0.241 0.001 0.311 0.001 0.030 0.034 0.004 0.000 0.000 0.000 0.011 0.006 0.075 0.001 0.134 0.946 0.001 0.022 0.000 0.001 0.000 0.015 0.001 0.000 0.002 0.000 0.000 0.000 0.395 0.000 0.001 0.001 0.001 0.000 0.002 0.331 0.000 0.000 0.005 0.547 0.197 0.002 0.001 0.000 0.000 0.000 0.001 0.636 0.000 0.423 0.102 0.000 0.001 
11 eagle_vis 30 0.994 0.015 0.986 0.020 0.001 0.002 0.001 0.001 0.002 0.012 0.009 0.001 0.020 0.001 0.003 0.000 0.136 0.022 0.014 0.001 0.016 0.954 0.025 0.001 0.029 0.000 0.000 0.008 0.000 0.001 0.002 0.000 0.001 0.005 0.001 0.002 0.000 0.003 0.001 0.013 0.001 0.000 0.000 0.001 0.004 0.005 0.001 0.003 0.000 0.009 0.005 0.009 0.069 0.001 0.003 0.030 0.017 0.068 
12 tuna_vis 30 0.986 0.000 0.080 0.987 0.031 0.002 0.127 0.003 0.005 0.001 0.002 0.000 0.000 0.001 0.000 0.002 0.001 0.005 0.001 0.021 0.245 0.001 0.359 0.002 0.256 0.010 0.590 0.041 0.007 0.003 0.009 0.000 0.003 0.055 0.032 0.005 0.015 0.045 0.001 0.078 0.013 0.002 0.001 0.008 0.084 0.001 0.004 0.037 0.001 0.001 0.002 0.019 0.006 0.000 0.002 0.000 0.001 0.001 
13 goldfish_vis 30 0.996 0.001 0.013 0.993 0.021 0.002 0.006 0.001 0.002 0.001 0.006 0.000 0.000 0.003 0.000 0.001 0.000 0.002 0.001 0.003 0.001 0.001 0.004 0.036 0.596 0.595 0.817 0.098 0.030 0.001 0.001 0.003 0.001 0.001 0.003 0.005 0.003 0.007 0.000 0.007 0.007 0.001 0.001 0.005 0.012 0.000 0.001 0.004 0.001 0.000 0.001 0.015 0.000 0.000 0.001 0.000 0.000 0.000 
14 salmon_vis 30 0.994 0.001 0.053 0.990 0.040 0.002 0.049 0.001 0.002 0.001 0.001 0.000 0.000 0.001 0.000 0.000 0.003 0.000 0.001 0.002 0.177 0.001 0.139 0.001 0.629 0.050 0.159 0.006 0.002 0.001 0.043 0.001 0.001 0.021 0.011 0.019 0.003 0.018 0.000 0.058 0.010 0.001 0.001 0.006 0.077 0.001 0.001 0.035 0.000 0.000 0.003 0.044 0.004 0.000 0.001 0.000 0.001 0.001 
15 sardine_vis 30 0.995 0.000 0.004 0.475 0.685 0.002 0.003 0.001 0.006 0.001 0.000 0.001 0.000 0.001 0.000 0.000 0.031 0.000 0.001 0.004 0.001 0.000 0.003 0.001 0.011 0.437 0.001 0.004 0.001 0.008 0.013 0.049 0.033 0.030 0.001 0.040 0.001 0.001 0.001 0.002 0.001 0.000 0.007 0.000 0.005 0.000 0.002 0.001 0.000 0.000 0.026 0.001 0.001 0.001 0.001 0.000 0.000 0.000 
16 catfish_vis 30 0.996 0.001 0.029 0.991 0.014 0.002 0.018 0.002 0.001 0.001 0.005 0.001 0.000 0.001 0.000 0.004 0.000 0.079 0.001 0.019 0.007 0.000 0.009 0.010 0.041 0.087 0.980 0.039 0.076 0.001 0.001 0.001 0.001 0.007 0.001 0.001 0.011 0.135 0.001 0.008 0.041 0.001 0.000 0.021 0.003 0.001 0.001 0.002 0.000 0.000 0.001 0.019 0.001 0.000 0.001 0.000 0.000 0.000 
17 cod_vis 30 0.996 0.001 0.012 0.993 0.018 0.002 0.009 0.001 0.002 0.001 0.007 0.000 0.001 0.003 0.000 0.001 0.001 0.001 0.001 0.002 0.001 0.002 0.004 0.013 0.776 0.623 0.689 0.083 0.023 0.001 0.001 0.004 0.001 0.001 0.003 0.008 0.002 0.008 0.000 0.009 0.008 0.001 0.001 0.006 0.017 0.001 0.001 0.006 0.000 0.000 0.001 0.024 0.001 0.000 0.001 0.000 0.000 0.000 
18 turtle_vis 30 0.996 0.018 0.001 0.024 0.946 0.002 0.013 0.001 0.001 0.001 0.012 0.008 0.004 0.001 0.000 0.005 0.000 0.001 0.000 0.000 0.017 0.000 0.001 0.001 0.001 0.000 0.031 0.003 0.536 0.004 0.050 0.019 0.002 0.160 0.000 0.001 0.008 0.001 0.024 0.002 0.014 0.001 0.000 0.000 0.001 0.001 0.001 0.002 0.000 0.000 0.001 0.001 0.001 0.000 0.001 0.000 0.001 0.000 
19 rattlesnake_vis 30 0.994 0.298 0.001 0.076 0.989 0.002 0.003 0.002 0.003 0.001 0.001 0.029 0.001 0.108 0.108 0.586 0.001 0.000 0.001 0.001 0.002 0.000 0.010 0.455 0.001 0.058 0.001 0.002 0.651 0.437 0.002 0.781 0.070 0.014 0.002 0.002 0.001 0.001 0.003 0.001 0.002 0.001 0.001 0.000 0.002 0.002 0.010 0.001 0.000 0.001 0.004 0.001 0.002 0.002 0.001 0.000 0.001 0.001 
20 crab_vis 30 0.995 0.019 0.001 0.008 0.980 0.002 0.004 0.001 0.001 0.001 0.009 0.003 0.008 0.003 0.000 0.001 0.000 0.000 0.000 0.000 0.015 0.000 0.002 0.001 0.020 0.001 0.000 0.002 0.068 0.004 0.830 0.244 0.011 0.079 0.001 0.002 0.001 0.000 0.002 0.004 0.012 0.002 0.005 0.000 0.001 0.001 0.001 0.006 0.000 0.000 0.002 0.003 0.004 0.000 0.002 0.000 0.003 0.001 
21 frog_vis 30 0.996 0.002 0.001 0.011 0.992 0.002 0.001 0.001 0.002 0.001 0.000 0.016 0.001 0.001 0.001 0.000 0.001 0.000 0.001 0.001 0.001 0.000 0.001 0.001 0.004 0.018 0.000 0.002 0.001 0.029 0.596 0.534 0.509 0.065 0.001 0.011 0.000 0.000 0.001 0.001 0.001 0.000 0.030 0.000 0.002 0.001 0.003 0.001 0.000 0.000 0.007 0.001 0.002 0.001 0.002 0.000 0.000 0.000 
22 gecko_vis 30 0.995 0.002 0.001 0.008 0.991 0.002 0.002 0.001 0.003 0.001 0.000 0.030 0.001 0.002 0.001 0.000 0.001 0.000 0.001 0.000 0.001 0.000 0.001 0.001 0.001 0.018 0.000 0.005 0.001 0.027 0.480 0.556 0.520 0.074 0.001 0.008 0.001 0.000 0.002 0.001 0.001 0.001 0.026 0.000 0.002 0.001 0.006 0.002 0.000 0.000 0.008 0.001 0.002 0.001 0.003 0.000 0.001 0.001 
23 crocodile_vis 30 0.996 0.003 0.001 0.005 0.851 0.002 0.002 0.001 0.001 0.001 0.001 0.090 0.001 0.001 0.000 0.003 0.000 0.000 0.000 0.006 0.005 0.000 0.001 0.001 0.000 0.017 0.006 0.001 0.011 0.018 0.012 0.060 0.007 0.234 0.000 0.001 0.001 0.000 0.003 0.001 0.002 0.000 0.000 0.000 0.001 0.001 0.001 0.001 0.000 0.000 0.003 0.001 0.001 0.000 0.001 0.000 0.000 0.001 
24 axe_vis 30 0.002 0.000 0.001 0.003 0.001 0.996 0.581 0.005 0.359 0.001 0.000 0.000 0.000 0.001 0.000 0.002 0.000 0.001 0.001 0.000 0.000 0.000 0.001 0.001 0.000 0.000 0.000 0.003 0.001 0.002 0.001 0.000 0.001 0.000 0.001 0.018 0.725 0.008 0.001 0.039 0.000 0.009 0.004 0.021 0.001 0.001 0.002 0.003 0.148 0.002 0.006 0.003 0.000 0.000 0.001 0.001 0.012 0.001 
25 hammer_vis 30 0.002 0.000 0.001 0.002 0.001 0.996 0.031 0.986 0.002 0.001 0.000 0.000 0.000 0.001 0.000 0.000 0.000 0.000 0.000 0.000 0.012 0.000 0.001 0.001 0.001 0.001 0.002 0.002 0.003 0.001 0.001 0.000 0.001 0.000 0.002 0.017 0.056 0.002 0.001 0.002 0.016 0.004 0.246 0.580 0.025 0.002 0.001 0.001 0.001 0.000 0.001 0.001 0.001 0.000 0.058 0.001 0.000 0.001 
26 screwdriver_vis 30 0.002 0.000 0.001 0.002 0.001 0.996 0.965 0.007 0.008 0.001 0.000 0.000 0.000 0.001 0.000 0.001 0.000 0.004 0.000 0.003 0.007 0.000 0.001 0.001 0.000 0.000 0.014 0.002 0.006 0.001 0.001 0.000 0.001 0.000 0.007 0.005 0.951 0.003 0.004 0.004 0.000 0.001 0.002 0.029 0.001 0.001 0.001 0.038 0.010 0.002 0.005 0.001 0.000 0.000 0.002 0.000 0.007 0.001 
27 chisel_vis 30 0.002 0.001 0.001 0.002 0.001 0.997 0.011 0.862 0.002 0.001 0.003 0.004 0.000 0.001 0.000 0.001 0.000 0.021 0.000 0.000 0.001 0.000 0.001 0.001 0.000 0.000 0.000 0.004 0.001 0.001 0.000 0.000 0.000 0.001 0.001 0.004 0.095 0.003 0.002 0.001 0.008 0.008 0.050 0.276 0.004 0.244 0.001 0.001 0.006 0.001 0.001 0.002 0.001 0.000 0.045 0.033 0.001 0.001 
28 saw_vis 30 0.003 0.000 0.001 0.002 0.002 0.994 0.684 0.102 0.001 0.001 0.000 0.001 0.000 0.001 0.000 0.003 0.000 0.044 0.000 0.005 0.005 0.000 0.003 0.001 0.000 0.000 0.057 0.006 0.002 0.001 0.001 0.000 0.001 0.002 0.772 0.001 0.217 0.015 0.363 0.003 0.003 0.001 0.001 0.089 0.020 0.001 0.001 0.001 0.003 0.001 0.001 0.001 0.001 0.000 0.005 0.004 0.004 0.001 
29 drill_vis 30 0.003 0.000 0.001 0.003 0.002 0.995 0.969 0.003 0.008 0.001 0.000 0.000 0.000 0.001 0.000 0.001 0.000 0.003 0.000 0.005 0.019 0.000 0.001 0.000 0.000 0.001 0.021 0.001 0.007 0.001 0.002 0.000 0.001 0.001 0.006 0.010 0.942 0.014 0.002 0.008 0.000 0.001 0.001 0.043 0.001 0.001 0.001 0.040 0.007 0.001 0.009 0.001 0.001 0.000 0.003 0.000 0.008 0.001 
30 clamp_vis 30 0.002 0.000 0.001 0.002 0.004 0.997 0.036 0.985 0.001 0.001 0.001 0.001 0.000 0.001 0.000 0.001 0.000 0.000 0.000 0.000 0.032 0.000 0.001 0.000 0.000 0.000 0.001 0.001 0.074 0.013 0.003 0.000 0.000 0.006 0.001 0.002 0.002 0.008 0.015 0.001 0.858 0.003 0.122 0.013 0.009 0.008 0.001 0.001 0.000 0.000 0.000 0.001 0.001 0.000 0.042 0.002 0.000 0.001 
31 hoe_vis 30 0.002 0.005 0.001 0.001 0.001 0.997 0.001 0.366 0.007 0.853 0.000 0.000 0.001 0.040 0.003 0.000 0.000 0.000 0.001 0.000 0.000 0.001 0.001 0.001 0.000 0.000 0.000 0.001 0.001 0.001 0.000 0.000 0.001 0.001 0.000 0.001 0.001 0.000 0.009 0.002 0.001 0.924 0.008 0.003 0.002 0.023 0.002 0.001 0.033 0.003 0.002 0.001 0.019 0.025 0.008 0.838 0.628 0.001 
32 rake_vis 30 0.002 0.000 0.001 0.001 0.002 0.997 0.001 0.916 0.001 0.038 0.000 0.000 0.010 0.001 0.000 0.000 0.000 0.000 0.000 0.000 0.001 0.000 0.001 0.000 0.000 0.000 0.000 0.003 0.002 0.001 0.029 0.001 0.001 0.008 0.000 0.007 0.001 0.000 0.031 0.001 0.005 0.078 0.919 0.004 0.011 0.127 0.001 0.001 0.001 0.001 0.001 0.001 0.002 0.001 0.014 0.005 0.006 0.020 
33 shovel_vis 30 0.002 0.000 0.001 0.002 0.001 0.997 0.001 0.984 0.003 0.113 0.000 0.000 0.000 0.013 0.000 0.000 0.000 0.000 0.000 0.000 0.000 0.000 0.001 0.001 0.000 0.000 0.000 0.001 0.003 0.001 0.002 0.000 0.000 0.001 0.000 0.002 0.002 0.001 0.001 0.009 0.004 0.983 0.332 0.025 0.004 0.009 0.001 0.001 0.086 0.000 0.001 0.001 0.002 0.001 0.014 0.029 0.042 0.000 
34 spade_vis 30 0.002 0.000 0.001 0.002 0.023 0.996 0.001 0.966 0.003 0.002 0.000 0.001 0.230 0.000 0.002 0.000 0.000 0.000 0.001 0.000 0.001 0.000 0.002 0.001 0.001 0.000 0.000 0.003 0.020 0.001 0.084 0.012 0.002 0.585 0.000 0.002 0.001 0.000 0.001 0.001 0.002 0.202 0.368 0.002 0.281 0.572 0.001 0.005 0.000 0.000 0.015 0.001 0.039 0.000 0.002 0.001 0.008 0.002 
35 wrench_vis 30 0.002 0.005 0.002 0.001 0.001 0.997 0.001 0.095 0.005 0.896 0.000 0.000 0.001 0.002 0.009 0.000 0.000 0.000 0.001 0.000 0.000 0.006 0.001 0.000 0.000 0.000 0.000 0.001 0.000 0.001 0.000 0.000 0.000 0.000 0.000 0.001 0.001 0.000 0.001 0.001 0.001 0.004 0.053 0.003 0.002 0.186 0.001 0.001 0.002 0.144 0.001 0.002 0.005 0.001 0.068 0.946 0.021 0.055 
36 accordion_vis 30 0.361 0.075 0.044 0.001 0.001 0.807 0.001 0.001 0.961 0.002 0.000 0.397 0.071 0.001 0.491 0.001 0.017 0.001 0.203 0.005 0.000 0.005 0.003 0.001 0.000 0.000 0.000 0.001 0.000 0.002 0.000 0.025 0.024 0.000 0.000 0.001 0.001 0.000 0.000 0.001 0.000 0.001 0.000 0.000 0.001 0.006 0.131 0.009 0.006 0.474 0.170 0.001 0.001 0.006 0.002 0.001 0.018 0.000 
37 cello_vis 30 0.003 0.001 0.015 0.001 0.001 0.996 0.001 0.001 0.981 0.012 0.000 0.023 0.001 0.001 0.098 0.001 0.003 0.000 0.119 0.001 0.000 0.005 0.002 0.001 0.000 0.000 0.000 0.001 0.000 0.001 0.000 0.000 0.023 0.000 0.001 0.003 0.002 0.001 0.000 0.001 0.000 0.001 0.001 0.001 0.001 0.002 0.003 0.005 0.002 0.954 0.053 0.002 0.001 0.012 0.006 0.002 0.033 0.009 
38 flute_vis 30 0.003 0.044 0.003 0.001 0.001 0.996 0.002 0.001 0.231 0.007 0.001 0.007 0.019 0.007 0.006 0.000 0.000 0.003 0.009 0.000 0.000 0.118 0.001 0.001 0.000 0.000 0.000 0.008 0.000 0.001 0.000 0.001 0.001 0.000 0.000 0.007 0.002 0.030 0.008 0.001 0.000 0.001 0.012 0.007 0.000 0.009 0.002 0.001 0.085 0.765 0.002 0.020 0.000 0.003 0.001 0.031 0.048 0.289 
39 guitar_vis 30 0.003 0.001 0.007 0.001 0.001 0.996 0.001 0.001 0.924 0.014 0.000 0.001 0.000 0.001 0.017 0.001 0.003 0.000 0.013 0.000 0.000 0.001 0.001 0.001 0.000 0.000 0.000 0.000 0.000 0.003 0.000 0.000 0.001 0.000 0.000 0.010 0.001 0.001 0.001 0.000 0.000 0.000 0.002 0.001 0.000 0.001 0.004 0.001 0.014 0.978 0.013 0.001 0.001 0.025 0.004 0.016 0.012 0.053 
40 piano_vis 30 0.003 0.000 0.002 0.003 0.001 0.996 0.001 0.001 0.995 0.001 0.000 0.001 0.000 0.001 0.001 0.001 0.060 0.000 0.006 0.004 0.000 0.000 0.008 0.002 0.000 0.007 0.000 0.006 0.000 0.004 0.000 0.001 0.074 0.000 0.000 0.003 0.002 0.000 0.000 0.015 0.000 0.018 0.001 0.001 0.002 0.001 0.938 0.012 0.014 0.005 0.262 0.002 0.001 0.028 0.001 0.000 0.008 0.000 
41 trumpet_vis 30 0.002 0.004 0.002 0.001 0.001 0.996 0.001 0.382 0.019 0.260 0.001 0.002 0.049 0.000 0.009 0.000 0.000 0.000 0.001 0.000 0.001 0.004 0.001 0.000 0.000 0.000 0.000 0.002 0.001 0.001 0.007 0.001 0.001 0.019 0.000 0.001 0.001 0.000 0.000 0.001 0.001 0.007 0.053 0.002 0.037 0.781 0.002 0.003 0.001 0.003 0.001 0.011 0.062 0.000 0.015 0.006 0.003 0.029 
42 fork_vis 30 0.003 0.036 0.001 0.001 0.001 0.996 0.001 0.006 0.002 0.993 0.000 0.000 0.001 0.098 0.034 0.001 0.030 0.000 0.001 0.000 0.000 0.001 0.001 0.001 0.000 0.000 0.000 0.000 0.000 0.040 0.000 0.000 0.001 0.000 0.000 0.001 0.000 0.001 0.002 0.002 0.001 0.016 0.000 0.000 0.001 0.002 0.001 0.001 0.001 0.002 0.001 0.001 0.069 0.969 0.042 0.203 0.007 0.003 
43 spoon_vis 30 0.003 0.029 0.002 0.001 0.001 0.996 0.001 0.002 0.212 0.720 0.000 0.001 0.000 0.048 0.066 0.001 0.004 0.000 0.002 0.000 0.000 0.000 0.001 0.001 0.000 0.000 0.000 0.000 0.000 0.015 0.000 0.000 0.002 0.000 0.000 0.001 0.000 0.000 0.003 0.001 0.000 0.002 0.001 0.000 0.000 0.005 0.005 0.000 0.008 0.127 0.003 0.001 0.004 0.803 0.005 0.091 0.173 0.002 
44 tongs_vis 30 0.002 0.005 0.001 0.001 0.002 0.996 0.001 0.130 0.001 0.429 0.001 0.001 0.013 0.001 0.001 0.000 0.000 0.000 0.001 0.000 0.001 0.003 0.001 0.001 0.000 0.000 0.000 0.001 0.001 0.001 0.004 0.000 0.001 0.002 0.000 0.003 0.001 0.000 0.001 0.001 0.005 0.003 0.382 0.001 0.005 0.448 0.001 0.001 0.000 0.004 0.001 0.001 0.015 0.001 0.036 0.040 0.001 0.141 
45 ladle_vis 30 0.002 0.013 0.002 0.001 0.001 0.997 0.001 0.042 0.007 0.707 0.000 0.000 0.000 0.011 0.111 0.001 0.001 0.000 0.002 0.000 0.000 0.001 0.001 0.001 0.000 0.000 0.000 0.000 0.000 0.002 0.000 0.000 0.001 0.000 0.000 0.001 0.000 0.000 0.014 0.001 0.001 0.004 0.010 0.002 0.001 0.094 0.002 0.000 0.010 0.500 0.002 0.001 0.003 0.041 0.018 0.980 0.010 0.008 
46 knife_vis 30 0.002 0.006 0.002 0.001 0.001 0.997 0.001 0.001 0.836 0.052 0.000 0.001 0.000 0.003 0.089 0.001 0.001 0.000 0.008 0.000 0.000 0.001 0.001 0.001 0.000 0.000 0.000 0.000 0.000 0.004 0.000 0.000 0.003 0.000 0.000 0.002 0.001 0.000 0.005 0.001 0.000 0.001 0.001 0.000 0.000 0.003 0.002 0.000 0.007 0.963 0.014 0.001 0.001 0.040 0.004 0.048 0.057 0.054 
47 chopsticks_vis 30 0.003 0.026 0.002 0.001 0.001 0.996 0.002 0.002 0.003 0.991 0.001 0.000 0.002 0.024 0.013 0.001 0.003 0.000 0.001 0.000 0.001 0.007 0.001 0.001 0.000 0.000 0.000 0.000 0.001 0.016 0.000 0.000 0.001 0.000 0.001 0.001 0.000 0.019 0.007 0.001 0.001 0.002 0.001 0.000 0.001 0.003 0.001 0.001 0.001 0.040 0.001 0.002 0.017 0.235 0.004 0.399 0.203 0.867 
0 beaver_vis 30 0.996 0.987 0.018 0.001 0.042 0.002 0.001 0.001 0.001 0.002 0.977 0.018 0.058 0.035 0.010 0.001 0.000 0.001 0.002 0.000 0.006 0.016 0.000 0.001 0.043 0.000 0.000 0.002 0.026 0.001 0.123 0.070 0.001 0.000 0.000 0.001 0.000 0.000 0.000 0.001 0.002 0.000 0.001 0.000 0.001 0.002 0.001 0.002 0.000 0.001 0.001 0.014 0.002 0.000 0.010 0.000 0.013 0.002 
1 bear_vis 30 0.996 0.989 0.055 0.001 0.081 0.002 0.001 0.001 0.001 0.001 0.126 0.962 0.051 0.018 0.117 0.013 0.002 0.002 0.036 0.059 0.001 0.000 0.000 0.001 0.000 0.001 0.000 0.002 0.003 0.016 0.001 0.560 0.022 0.001 0.000 0.001 0.001 0.000 0.001 0.000 0.000 0.000 0.000 0.000 0.000 0.005 0.002 0.000 0.000 0.002 0.001 0.001 0.001 0.001 0.010 0.000 0.001 0.000 
2 sheep_vis 30 0.996 0.848 0.078 0.001 0.011 0.002 0.001 0.001 0.001 0.001 0.051 0.006 0.869 0.003 0.042 0.000 0.002 0.001 0.001 0.000 0.001 0.345 0.001 0.001 0.018 0.000 0.000 0.002 0.004 0.001 0.005 0.018 0.001 0.005 0.000 0.001 0.000 0.000 0.001 0.001 0.001 0.000 0.000 0.000 0.001 0.003 0.001 0.001 0.000 0.001 0.003 0.001 0.009 0.001 0.001 0.000 0.021 0.013 
3 buffalo_vis 30 0.996 0.985 0.013 0.001 0.045 0.002 0.001 0.001 0.001 0.001 0.005 0.026 0.155 0.046 0.932 0.015 0.037 0.000 0.010 0.001 0.000 0.000 0.001 0.004 0.000 0.000 0.000 0.001 0.004 0.020 0.000 0.104 0.003 0.001 0.001 0.001 0.001 0.000 0.001 0.000 0.000 0.000 0.000 0.000 0.000 0.001 0.001 0.000 0.000 0.008 0.008 0.000 0.003 0.007 0.002 0.000 0.002 0.001 
4 poodle_vis 30 0.996 0.989 0.048 0.001 0.079 0.002 0.001 0.001 0.001 0.002 0.036 0.791 0.480 0.022 0.508 0.003 0.019 0.001 0.044 0.007 0.000 0.001 0.001 0.001 0.001 0.001 0.000 0.001 0.002 0.017 0.001 0.704 0.017 0.002 0.000 0.001 0.000 0.000 0.001 0.000 0.000 0.000 0.001 0.000 0.000 0.004 0.001 0.000 0.000 0.006 0.006 0.001 0.003 0.005 0.006 0.000 0.001 0.001 
5 giraffe_vis 30 0.996 0.990 0.030 0.001 0.079 0.002 0.001 0.001 0.001 0.001 0.176 0.654 0.005 0.046 0.231 0.315 0.002 0.002 0.017 0.015 0.001 0.000 0.001 0.006 0.000 0.001 0.000 0.001 0.014 0.029 0.000 0.233 0.008 0.000 0.001 0.001 0.001 0.000 0.001 0.000 0.000 0.000 0.000 0.000 0.000 0.002 0.002 0.000 0.000 0.003 0.001 0.001 0.001 0.001 0.009 0.000 0.001 0.000 
6 robin_vis 30 0.996 0.009 0.985 0.004 0.001 0.002 0.001 0.001 0.010 0.001 0.001 0.002 0.004 0.001 0.012 0.000 0.869 0.001 0.075 0.023 0.001 0.088 0.006 0.001 0.001 0.006 0.000 0.002 0.000 0.001 0.000 0.001 0.001 0.004 0.000 0.005 0.000 0.001 0.000 0.002 0.000 0.000 0.000 0.000 0.001 0.001 0.001 0.001 0.000 0.009 0.063 0.001 0.022 0.009 0.001 0.001 0.000 0.002 
7 swan_vis 30 0.996 0.045 0.980 0.081 0.001 0.002 0.001 0.001 0.001 0.001 0.008 0.001 0.137 0.001 0.007 0.001 0.009 0.359 0.030 0.001 0.001 0.936 0.003 0.001 0.004 0.000 0.001 0.051 0.001 0.001 0.000 0.000 0.000 0.005 0.000 0.001 0.001 0.002 0.001 0.004 0.001 0.000 0.000 0.001 0.002 0.010 0.001 0.001 0.000 0.002 0.002 0.002 0.006 0.000 0.001 0.027 0.011 0.003 
8 woodpecker_vis 30 0.994 0.010 0.990 0.003 0.001 0.002 0.001 0.001 0.049 0.003 0.000 0.006 0.002 0.001 0.070 0.001 0.696 0.001 0.857 0.010 0.000 0.136 0.017 0.001 0.000 0.001 0.000 0.017 0.000 0.001 0.000 0.001 0.079 0.008 0.000 0.005 0.000 0.002 0.001 0.001 0.000 0.000 0.000 0.000 0.002 0.005 0.018 0.001 0.000 0.140 0.045 0.001 0.025 0.251 0.006 0.009 0.001 0.003 
9 peacock_vis 30 0.996 0.025 0.978 0.026 0.001 0.002 0.001 0.001 0.002 0.001 0.001 0.016 0.003 0.001 0.011 0.002 0.460 0.004 0.176 0.113 0.000 0.053 0.001 0.001 0.001 0.093 0.000 0.005 0.000 0.002 0.000 0.001 0.002 0.001 0.000 0.002 0.001 0.001 0.000 0.001 0.000 0.000 0.000 0.000 0.001 0.001 0.002 0.001 0.000 0.003 0.012 0.001 0.001 0.001 0.001 0.001 0.000 0.000 
10 crow_vis 30 0.996 0.029 0.985 0.144 0.001 0.003 0.001 0.001 0.001 0.001 0.119 0.002 0.001 0.001 0.000 0.004 0.001 0.940 0.004 0.031 0.015 0.039 0.004 0.001 0.000 0.000 0.229 0.006 0.001 0.001 0.000 0.000 0.000 0.002 0.000 0.001 0.003 0.011 0.000 0.002 0.002 0.000 0.000 0.002 0.001 0.009 0.001 0.001 0.000 0.001 0.001 0.002 0.002 0.000 0.001 0.007 0.001 0.001 
11 eagle_vis 30 0.996 0.026 0.976 0.091 0.001 0.002 0.001 0.001 0.002 0.002 0.009 0.001 0.079 0.001 0.006 0.001 0.050 0.037 0.013 0.001 0.001 0.970 0.002 0.001 0.055 0.001 0.000 0.010 0.000 0.001 0.000 0.000 0.001 0.001 0.000 0.002 0.001 0.002 0.000 0.004 0.001 0.000 0.000 0.000 0.001 0.003 0.001 0.002 0.000 0.002 0.004 0.005 0.006 0.000 0.001 0.012 0.004 0.004 
12 tuna_vis 30 0.986 0.001 0.037 0.990 0.033 0.003 0.007 0.001 0.010 0.001 0.000 0.000 0.002 0.002 0.002 0.001 0.057 0.000 0.008 0.001 0.001 0.007 0.601 0.036 0.060 0.004 0.001 0.075 0.001 0.002 0.001 0.001 0.008 0.175 0.002 0.011 0.002 0.006 0.018 0.061 0.002 0.011 0.001 0.001 0.018 0.001 0.002 0.003 0.001 0.001 0.072 0.002 0.020 0.002 0.001 0.003 0.007 0.003 
13 goldfish_vis 30 0.996 0.001 0.013 0.993 0.051 0.002 0.002 0.001 0.007 0.001 0.000 0.000 0.001 0.025 0.250 0.013 0.048 0.000 0.116 0.001 0.000 0.000 0.083 0.981 0.000 0.203 0.001 0.101 0.002 0.003 0.000 0.004 0.015 0.006 0.002 0.007 0.001 0.002 0.007 0.002 0.000 0.002 0.000 0.001 0.003 0.000 0.002 0.001 0.003 0.001 0.083 0.001 0.001 0.009 0.001 0.001 0.001 0.000 
14 salmon_vis 30 0.995 0.001 0.028 0.989 0.021 0.002 0.008 0.001 0.002 0.001 0.001 0.000 0.011 0.001 0.000 0.001 0.040 0.001 0.001 0.001 0.002 0.013 0.127 0.002 0.779 0.020 0.006 0.019 0.003 0.001 0.009 0.002 0.001 0.170 0.001 0.015 0.001 0.004 0.002 0.107 0.002 0.001 0.001 0.001 0.018 0.001 0.001 0.003 0.000 0.000 0.037 0.006 0.009 0.000 0.001 0.000 0.001 0.002 
15 sardine_vis 30 0.996 0.001 0.013 0.991 0.023 0.002 0.002 0.001 0.002 0.001 0.000 0.000 0.002 0.001 0.001 0.000 0.090 0.000 0.003 0.004 0.000 0.000 0.001 0.008 0.016 0.932 0.005 0.032 0.001 0.001 0.000 0.043 0.002 0.016 0.001 0.021 0.001 0.001 0.001 0.002 0.000 0.000 0.001 0.000 0.002 0.000 0.001 0.001 0.000 0.000 0.063 0.001 0.000 0.000 0.001 0.000 0.000 0.000 
16 catfish_vis 30 0.996 0.001 0.058 0.991 0.023 0.002 0.022 0.003 0.001 0.001 0.004 0.002 0.001 0.001 0.000 0.007 0.000 0.586 0.001 0.005 0.001 0.000 0.010 0.098 0.002 0.007 0.972 0.897 0.048 0.001 0.000 0.001 0.001 0.074 0.003 0.001 0.139 0.036 0.006 0.013 0.012 0.001 0.000 0.021 0.004 0.001 0.001 0.002 0.000 0.000 0.001 0.002 0.000 0.000 0.001 0.000 0.001 0.000 
17 cod_vis 30 0.996 0.001 0.030 0.993 0.023 0.002 0.004 0.002 0.002 0.001 0.000 0.000 0.290 0.003 0.002 0.001 0.001 0.006 0.008 0.001 0.000 0.218 0.013 0.057 0.059 0.006 0.010 0.986 0.003 0.001 0.001 0.003 0.003 0.239 0.001 0.009 0.001 0.005 0.093 0.045 0.003 0.005 0.001 0.002 0.009 0.001 0.001 0.002 0.000 0.000 0.014 0.002 0.001 0.000 0.001 0.001 0.008 0.001 
18 turtle_vis 30 0.996 0.012 0.001 0.151 0.990 0.002 0.002 0.001 0.001 0.001 0.001 0.052 0.003 0.003 0.000 0.001 0.000 0.000 0.001 0.000 0.000 0.000 0.000 0.005 0.001 0.192 0.001 0.009 0.180 0.002 0.036 0.875 0.016 0.009 0.000 0.133 0.004 0.000 0.000 0.001 0.000 0.000 0.017 0.000 0.001 0.001 0.001 0.001 0.000 0.000 0.003 0.001 0.000 0.000 0.001 0.000 0.000 0.000 
19 rattlesnake_vis 30 0.995 0.243 0.001 0.604 0.990 0.003 0.001 0.001 0.017 0.001 0.001 0.004 0.002 0.187 0.367 0.140 0.000 0.000 0.003 0.000 0.000 0.000 0.002 0.905 0.000 0.019 0.000 0.003 0.347 0.039 0.001 0.715 0.205 0.002 0.001 0.004 0.003 0.000 0.002 0.001 0.001 0.002 0.002 0.000 0.001 0.001 0.006 0.002 0.001 0.001 0.019 0.001 0.001 0.001 0.001 0.000 0.002 0.000 
20 crab_vis 30 0.996 0.004 0.001 0.032 0.990 0.002 0.003 0.001 0.001 0.001 0.001 0.003 0.007 0.001 0.000 0.001 0.000 0.000 0.001 0.000 0.006 0.000 0.001 0.001 0.021 0.001 0.000 0.006 0.027 0.005 0.912 0.083 0.038 0.096 0.000 0.054 0.002 0.000 0.001 0.004 0.002 0.001 0.039 0.000 0.001 0.001 0.001 0.004 0.000 0.000 0.005 0.002 0.004 0.000 0.002 0.000 0.001 0.001 
21 frog_vis 30 0.996 0.010 0.001 0.075 0.983 0.002 0.001 0.001 0.001 0.000 0.000 0.017 0.307 0.003 0.003 0.001 0.001 0.000 0.001 0.000 0.000 0.000 0.000 0.001 0.002 0.023 0.000 0.008 0.012 0.004 0.005 0.947 0.018 0.170 0.000 0.003 0.001 0.000 0.004 0.001 0.000 0.000 0.002 0.000 0.001 0.001 0.001 0.001 0.000 0.000 0.026 0.001 0.001 0.000 0.001 0.000 0.000 0.000 
22 gecko_vis 30 0.995 0.046 0.001 0.007 0.991 0.002 0.001 0.001 0.005 0.001 0.000 0.169 0.003 0.015 0.015 0.001 0.000 0.000 0.009 0.000 0.000 0.000 0.001 0.003 0.000 0.001 0.000 0.041 0.002 0.022 0.214 0.480 0.972 0.183 0.001 0.008 0.002 0.000 0.043 0.001 0.002 0.001 0.027 0.000 0.001 0.002 0.013 0.001 0.000 0.001 0.013 0.001 0.002 0.028 0.004 0.000 0.002 0.001 
23 crocodile_vis 30 0.996 0.019 0.001 0.008 0.984 0.002 0.001 0.001 0.001 0.001 0.001 0.080 0.004 0.003 0.001 0.001 0.001 0.000 0.001 0.001 0.000 0.000 0.001 0.001 0.000 0.117 0.000 0.004 0.018 0.013 0.065 0.874 0.038 0.045 0.000 0.003 0.001 0.000 0.001 0.001 0.001 0.000 0.008 0.000 0.001 0.001 0.001 0.001 0.000 0.000 0.010 0.001 0.001 0.000 0.001 0.000 0.000 0.000 
24 axe_vis 30 0.017 0.000 0.001 0.002 0.001 0.996 0.060 0.003 0.074 0.001 0.000 0.046 0.000 0.008 0.000 0.001 0.000 0.002 0.001 0.001 0.000 0.000 0.001 0.002 0.000 0.000 0.000 0.090 0.001 0.004 0.000 0.003 0.001 0.000 0.000 0.007 0.250 0.013 0.002 0.008 0.000 0.002 0.001 0.021 0.000 0.001 0.005 0.001 0.061 0.001 0.004 0.001 0.000 0.001 0.001 0.000 0.002 0.000 
25 hammer_vis 30 0.002 0.000 0.001 0.003 0.001 0.996 0.044 0.990 0.090 0.028 0.000 0.000 0.000 0.004 0.000 0.000 0.000 0.000 0.001 0.000 0.001 0.000 0.001 0.001 0.000 0.001 0.000 0.057 0.001 0.001 0.009 0.000 0.001 0.000 0.001 0.646 0.293 0.001 0.001 0.064 0.002 0.885 0.952 0.918 0.056 0.004 0.002 0.013 0.451 0.001 0.001 0.009 0.001 0.000 0.513 0.002 0.001 0.001 
26 screwdriver_vis 30 0.005 0.000 0.001 0.002 0.002 0.996 0.826 0.008 0.017 0.001 0.001 0.001 0.000 0.001 0.000 0.001 0.000 0.001 0.000 0.000 0.002 0.000 0.001 0.001 0.000 0.000 0.002 0.002 0.182 0.004 0.002 0.000 0.001 0.000 0.001 0.010 0.893 0.019 0.002 0.009 0.000 0.004 0.008 0.023 0.000 0.001 0.001 0.003 0.037 0.001 0.003 0.004 0.000 0.000 0.001 0.000 0.013 0.001 
27 chisel_vis 30 0.002 0.001 0.001 0.002 0.001 0.996 0.007 0.788 0.007 0.002 0.000 0.001 0.015 0.042 0.000 0.000 0.000 0.000 0.001 0.000 0.000 0.000 0.001 0.001 0.000 0.000 0.000 0.021 0.009 0.001 0.001 0.013 0.001 0.001 0.000 0.006 0.010 0.002 0.002 0.013 0.001 0.780 0.141 0.070 0.002 0.007 0.001 0.001 0.019 0.001 0.001 0.002 0.001 0.000 0.002 0.005 0.023 0.001 
28 saw_vis 30 0.003 0.000 0.001 0.002 0.002 0.996 0.940 0.014 0.023 0.001 0.000 0.000 0.000 0.001 0.000 0.001 0.000 0.001 0.000 0.001 0.016 0.000 0.001 0.001 0.000 0.000 0.007 0.002 0.007 0.003 0.001 0.000 0.001 0.001 0.001 0.024 0.910 0.140 0.002 0.024 0.000 0.005 0.004 0.143 0.001 0.001 0.001 0.004 0.036 0.001 0.004 0.013 0.001 0.000 0.002 0.000 0.008 0.001 
29 drill_vis 30 0.002 0.000 0.001 0.002 0.002 0.996 0.959 0.002 0.011 0.001 0.000 0.000 0.000 0.001 0.000 0.001 0.000 0.003 0.000 0.002 0.004 0.000 0.001 0.001 0.000 0.000 0.012 0.001 0.005 0.001 0.001 0.000 0.001 0.000 0.001 0.004 0.889 0.001 0.001 0.051 0.000 0.002 0.001 0.007 0.001 0.001 0.001 0.034 0.006 0.001 0.018 0.001 0.001 0.000 0.002 0.000 0.021 0.000 
30 clamp_vis 30 0.002 0.000 0.001 0.002 0.002 0.997 0.005 0.988 0.002 0.001 0.000 0.001 0.000 0.001 0.000 0.000 0.000 0.000 0.000 0.000 0.001 0.000 0.001 0.001 0.000 0.000 0.000 0.003 0.031 0.002 0.003 0.000 0.000 0.002 0.000 0.003 0.046 0.001 0.003 0.001 0.028 0.015 0.695 0.050 0.006 0.059 0.001 0.001 0.002 0.000 0.001 0.001 0.001 0.000 0.026 0.002 0.000 0.001 
31 hoe_vis 30 0.002 0.004 0.002 0.001 0.001 0.997 0.001 0.404 0.018 0.366 0.000 0.001 0.016 0.001 0.004 0.000 0.001 0.000 0.001 0.000 0.000 0.002 0.001 0.001 0.000 0.000 0.000 0.001 0.000 0.002 0.001 0.000 0.001 0.002 0.000 0.001 0.001 0.000 0.006 0.001 0.002 0.018 0.272 0.002 0.004 0.659 0.005 0.001 0.002 0.017 0.002 0.003 0.009 0.002 0.012 0.188 0.011 0.111 
32 rake_vis 30 0.002 0.000 0.001 0.002 0.007 0.997 0.001 0.988 0.004 0.008 0.000 0.000 0.037 0.000 0.001 0.000 0.000 0.000 0.001 0.000 0.000 0.000 0.001 0.001 0.000 0.000 0.000 0.006 0.006 0.001 0.059 0.003 0.001 0.138 0.000 0.004 0.001 0.000 0.003 0.001 0.004 0.248 0.873 0.005 0.030 0.667 0.001 0.001 0.001 0.001 0.002 0.002 0.009 0.000 0.002 0.002 0.002 0.017 
33 shovel_vis 30 0.002 0.000 0.001 0.002 0.001 0.997 0.001 0.778 0.005 0.474 0.000 0.000 0.002 0.006 0.000 0.000 0.000 0.000 0.001 0.000 0.000 0.001 0.001 0.001 0.000 0.000 0.000 0.002 0.001 0.001 0.002 0.000 0.001 0.001 0.000 0.002 0.001 0.001 0.002 0.010 0.001 0.911 0.111 0.022 0.004 0.016 0.001 0.001 0.007 0.000 0.001 0.002 0.006 0.002 0.021 0.036 0.170 0.001 
34 spade_vis 30 0.002 0.000 0.001 0.003 0.007 0.997 0.001 0.925 0.008 0.002 0.000 0.000 0.109 0.000 0.001 0.000 0.000 0.000 0.001 0.000 0.001 0.000 0.002 0.001 0.001 0.000 0.000 0.002 0.012 0.001 0.056 0.009 0.001 0.402 0.000 0.002 0.001 0.000 0.001 0.001 0.001 0.165 0.127 0.007 0.291 0.231 0.002 0.004 0.001 0.000 0.007 0.002 0.033 0.000 0.002 0.001 0.006 0.001 
35 wrench_vis 30 0.002 0.010 0.004 0.001 0.001 0.997 0.001 0.109 0.010 0.868 0.001 0.000 0.003 0.002 0.014 0.000 0.001 0.000 0.001 0.000 0.000 0.013 0.001 0.001 0.000 0.000 0.000 0.001 0.000 0.001 0.000 0.000 0.000 0.000 0.000 0.001 0.001 0.000 0.002 0.000 0.001 0.003 0.097 0.003 0.002 0.366 0.003 0.001 0.002 0.216 0.001 0.004 0.005 0.002 0.047 0.897 0.020 0.143 
36 accordion_vis 30 0.721 0.027 0.804 0.001 0.001 0.811 0.001 0.001 0.991 0.003 0.000 0.073 0.007 0.001 0.551 0.002 0.030 0.009 0.859 0.025 0.000 0.108 0.002 0.003 0.000 0.001 0.000 0.013 0.000 0.002 0.000 0.001 0.012 0.000 0.000 0.002 0.003 0.000 0.000 0.001 0.000 0.001 0.000 0.001 0.001 0.022 0.082 0.013 0.003 0.855 0.681 0.002 0.001 0.006 0.001 0.002 0.015 0.000 
37 cello_vis 30 0.190 0.002 0.519 0.001 0.001 0.995 0.001 0.001 0.994 0.002 0.000 0.024 0.001 0.001 0.645 0.004 0.022 0.016 0.901 0.021 0.000 0.097 0.002 0.008 0.000 0.001 0.000 0.009 0.000 0.002 0.000 0.001 0.004 0.000 0.000 0.002 0.001 0.001 0.000 0.001 0.000 0.001 0.001 0.001 0.001 0.019 0.087 0.007 0.002 0.887 0.026 0.014 0.001 0.008 0.001 0.003 0.003 0.001 
38 flute_vis 30 0.003 0.001 0.116 0.001 0.001 0.996 0.008 0.001 0.956 0.134 0.000 0.000 0.001 0.001 0.001 0.001 0.001 0.005 0.025 0.000 0.000 0.731 0.001 0.001 0.000 0.000 0.000 0.004 0.000 0.002 0.000 0.000 0.001 0.000 0.000 0.189 0.014 0.113 0.002 0.001 0.000 0.001 0.018 0.032 0.000 0.014 0.006 0.002 0.125 0.970 0.002 0.056 0.000 0.006 0.004 0.221 0.049 0.839 
39 guitar_vis 30 0.004 0.013 0.042 0.001 0.001 0.996 0.001 0.001 0.995 0.030 0.000 0.015 0.002 0.001 0.807 0.001 0.011 0.000 0.179 0.000 0.000 0.003 0.002 0.001 0.000 0.000 0.000 0.001 0.000 0.024 0.000 0.000 0.014 0.000 0.000 0.002 0.001 0.001 0.000 0.000 0.000 0.000 0.001 0.000 0.000 0.106 0.067 0.001 0.003 0.962 0.011 0.017 0.001 0.195 0.001 0.003 0.016 0.078 
40 piano_vis 30 0.003 0.000 0.003 0.003 0.001 0.995 0.001 0.001 0.995 0.001 0.000 0.001 0.000 0.001 0.001 0.001 0.063 0.000 0.005 0.010 0.000 0.000 0.007 0.001 0.000 0.017 0.000 0.005 0.000 0.004 0.000 0.003 0.031 0.000 0.000 0.002 0.001 0.000 0.000 0.010 0.000 0.005 0.001 0.001 0.002 0.001 0.849 0.014 0.007 0.004 0.254 0.002 0.001 0.011 0.001 0.000 0.005 0.000 
41 trumpet_vis 30 0.003 0.028 0.004 0.001 0.001 0.996 0.001 0.144 0.394 0.475 0.002 0.010 0.277 0.000 0.127 0.000 0.001 0.001 0.002 0.000 0.001 0.077 0.002 0.001 0.000 0.000 0.000 0.003 0.001 0.003 0.003 0.001 0.001 0.006 0.000 0.002 0.001 0.001 0.000 0.001 0.001 0.002 0.015 0.002 0.003 0.961 0.007 0.006 0.001 0.068 0.002 0.326 0.057 0.003 0.002 0.015 0.036 0.511 
42 fork_vis 30 0.003 0.011 0.002 0.001 0.001 0.996 0.001 0.002 0.974 0.274 0.000 0.001 0.002 0.001 0.463 0.003 0.072 0.000 0.002 0.000 0.000 0.000 0.002 0.001 0.000 0.000 0.000 0.000 0.000 0.012 0.000 0.001 0.015 0.000 0.000 0.001 0.000 0.000 0.000 0.001 0.000 0.005 0.000 0.000 0.001 0.006 0.815 0.001 0.001 0.047 0.048 0.001 0.047 0.341 0.002 0.009 0.597 0.001 
43 spoon_vis 30 0.004 0.085 0.004 0.001 0.001 0.996 0.001 0.001 0.994 0.112 0.000 0.015 0.012 0.001 0.970 0.008 0.012 0.000 0.024 0.000 0.000 0.001 0.004 0.001 0.000 0.000 0.000 0.000 0.000 0.032 0.000 0.001 0.115 0.000 0.000 0.001 0.000 0.000 0.000 0.001 0.000 0.001 0.000 0.000 0.000 0.046 0.175 0.001 0.001 0.915 0.037 0.001 0.011 0.365 0.001 0.004 0.273 0.019 
44 tongs_vis 30 0.003 0.001 0.002 0.001 0.006 0.996 0.001 0.976 0.006 0.016 0.000 0.000 0.052 0.000 0.001 0.000 0.000 0.000 0.001 0.000 0.001 0.001 0.001 0.001 0.000 0.000 0.000 0.003 0.005 0.002 0.042 0.003 0.001 0.167 0.000 0.003 0.001 0.001 0.001 0.001 0.003 0.160 0.750 0.001 0.031 0.816 0.001 0.001 0.001 0.001 0.001 0.004 0.017 0.001 0.003 0.004 0.002 0.024 
45 ladle_vis 30 0.003 0.079 0.003 0.001 0.001 0.997 0.001 0.095 0.104 0.768 0.000 0.001 0.001 0.001 0.807 0.003 0.003 0.000 0.009 0.000 0.000 0.001 0.001 0.001 0.000 0.000 0.000 0.000 0.000 0.011 0.000 0.000 0.001 0.000 0.000 0.001 0.000 0.000 0.001 0.001 0.001 0.004 0.006 0.001 0.001 0.801 0.011 0.000 0.001 0.376 0.003 0.001 0.020 0.120 0.008 0.834 0.008 0.016 
46 knife_vis 30 0.007 0.102 0.003 0.001 0.001 0.996 0.001 0.001 0.985 0.032 0.000 0.025 0.013 0.001 0.950 0.006 0.004 0.000 0.023 0.000 0.000 0.001 0.001 0.001 0.000 0.000 0.000 0.000 0.000 0.011 0.000 0.001 0.047 0.000 0.000 0.001 0.000 0.000 0.000 0.001 0.000 0.001 0.000 0.000 0.000 0.010 0.015 0.001 0.001 0.923 0.037 0.001 0.002 0.055 0.001 0.002 0.148 0.012 
47 chopsticks_vis 30 0.003 0.004 0.003 0.001 0.001 0.996 0.001 0.001 0.762 0.024 0.000 0.001 0.001 0.002 0.040 0.001 0.001 0.000 0.002 0.000 0.000 0.001 0.001 0.001 0.000 0.000 0.000 0.000 0.000 0.003 0.000 0.000 0.002 0.000 0.000 0.002 0.001 0.000 0.003 0.001 0.000 0.001 0.001 0.000 0.000 0.002 0.002 0.001 0.002 0.967 0.017 0.001 0.001 0.014 0.003 0.007 0.047 0.059 
