0 beaver_vis 30 0.996 0.985 0.016 0.001 0.026 0.001 0.001 0.001 0.001 0.001 0.982 0.046 0.066 0.001 0.010 0.013 0.004 0.047 0.002 0.002 0.003 0.005 0.000 0.001 0.001 0.001 0.018 0.001 0.033 0.001 0.001 0.001 0.001 0.001 0.002 0.000 0.001 0.001 0.001 0.001 0.001 0.001 0.002 0.001 0.003 0.001 0.001 0.001 0.000 0.002 0.001 0.003 0.001 0.002 0.001 0.000 0.001 0.000 
1 bear_vis 30 0.996 0.911 0.002 0.001 0.002 0.001 0.001 0.001 0.001 0.001 0.001 0.928 0.002 0.067 0.026 0.004 0.001 0.005 0.001 0.226 0.005 0.000 0.000 0.001 0.001 0.014 0.001 0.003 0.001 0.001 0.008 0.001 0.000 0.002 0.001 0.001 0.004 0.000 0.001 0.000 0.001 0.001 0.023 0.000 0.001 0.001 0.029 0.001 0.002 0.001 0.001 0.001 0.000 0.003 0.004 0.001 0.001 0.000 
2 sheep_vis 30 0.995 0.991 0.007 0.001 0.016 0.001 0.001 0.002 0.001 0.001 0.713 0.007 0.862 0.002 0.007 0.043 0.008 0.005 0.013 0.001 0.009 0.010 0.001 0.001 0.004 0.001 0.002 0.002 0.001 0.003 0.001 0.001 0.016 0.001 0.001 0.000 0.001 0.006 0.001 0.006 0.003 0.001 0.010 0.001 0.006 0.017 0.002 0.001 0.001 0.002 0.002 0.009 0.001 0.002 0.003 0.001 0.001 0.000 
3 buffalo_vis 30 0.996 0.987 0.003 0.001 0.018 0.001 0.001 0.001 0.001 0.001 0.001 0.143 0.009 0.818 0.071 0.010 0.021 0.001 0.001 0.015 0.007 0.000 0.000 0.003 0.000 0.002 0.001 0.002 0.001 0.029 0.023 0.001 0.001 0.002 0.001 0.004 0.002 0.000 0.001 0.000 0.001 0.003 0.030 0.000 0.000 0.001 0.009 0.029 0.003 0.001 0.003 0.022 0.001 0.002 0.002 0.006 0.001 0.000 
4 poodle_vis 30 0.995 0.992 0.004 0.001 0.004 0.001 0.001 0.001 0.001 0.001 0.081 0.974 0.006 0.003 0.312 0.036 0.001 0.032 0.001 0.003 0.020 0.001 0.000 0.001 0.001 0.077 0.001 0.006 0.008 0.001 0.008 0.001 0.000 0.002 0.006 0.008 0.024 0.000 0.001 0.000 0.001 0.001 0.022 0.001 0.002 0.001 0.011 0.001 0.001 0.001 0.001 0.001 0.000 0.003 0.006 0.001 0.001 0.000 
5 giraffe_vis 30 0.996 0.977 0.002 0.001 0.004 0.001 0.001 0.001 0.001 0.001 0.002 0.947 0.002 0.080 0.155 0.006 0.001 0.002 0.001 0.305 0.007 0.001 0.000 0.001 0.000 0.016 0.001 0.005 0.001 0.001 0.007 0.001 0.001 0.005 0.001 0.003 0.006 0.000 0.001 0.000 0.001 0.001 0.055 0.000 0.001 0.001 0.012 0.001 0.002 0.001 0.001 0.001 0.000 0.004 0.013 0.001 0.001 0.000 
6 robin_vis 30 0.994 0.006 0.989 0.002 0.001 0.002 0.001 0.001 0.001 0.002 0.003 0.000 0.002 0.001 0.003 0.001 0.876 0.006 0.301 0.070 0.002 0.033 0.070 0.003 0.001 0.001 0.003 0.002 0.001 0.001 0.000 0.001 0.001 0.001 0.001 0.000 0.002 0.001 0.012 0.002 0.001 0.001 0.001 0.001 0.001 0.001 0.000 0.000 0.000 0.003 0.001 0.001 0.025 0.020 0.000 0.001 0.003 0.001 
7 swan_vis 30 0.996 0.002 0.993 0.002 0.001 0.001 0.002 0.001 0.000 0.001 0.004 0.004 0.003 0.000 0.001 0.001 0.004 0.953 0.014 0.113 0.064 0.023 0.001 0.001 0.014 0.003 0.011 0.001 0.002 0.001 0.000 0.001 0.001 0.001 0.003 0.001 0.001 0.001 0.004 0.001 0.001 0.001 0.001 0.001 0.000 0.001 0.000 0.003 0.001 0.024 0.000 0.004 0.000 0.008 0.000 0.001 0.001 0.001 
8 woodpecker_vis 30 0.995 0.008 0.990 0.024 0.001 0.001 0.001 0.001 0.000 0.001 0.001 0.001 0.024 0.001 0.002 0.001 0.006 0.174 0.954 0.028 0.037 0.025 0.050 0.001 0.009 0.001 0.005 0.004 0.000 0.001 0.000 0.001 0.001 0.001 0.001 0.000 0.001 0.000 0.021 0.011 0.001 0.001 0.001 0.078 0.001 0.001 0.000 0.000 0.000 0.003 0.000 0.001 0.000 0.001 0.000 0.001 0.001 0.000 
9 peacock_vis 30 0.996 0.002 0.992 0.001 0.001 0.001 0.001 0.001 0.000 0.001 0.001 0.001 0.002 0.001 0.001 0.000 0.004 0.096 0.009 0.779 0.003 0.014 0.004 0.001 0.008 0.000 0.003 0.001 0.000 0.001 0.000 0.000 0.001 0.002 0.001 0.000 0.000 0.000 0.001 0.000 0.001 0.001 0.001 0.001 0.000 0.001 0.000 0.001 0.000 0.001 0.000 0.001 0.001 0.006 0.000 0.002 0.001 0.001 
10 crow_vis 30 0.996 0.020 0.990 0.001 0.003 0.001 0.045 0.001 0.000 0.001 0.002 0.009 0.003 0.001 0.053 0.007 0.001 0.051 0.004 0.004 0.967 0.010 0.000 0.001 0.002 0.049 0.001 0.003 0.001 0.001 0.001 0.013 0.003 0.002 0.002 0.030 0.012 0.012 0.004 0.001 0.001 0.001 0.001 0.003 0.001 0.003 0.000 0.001 0.004 0.025 0.000 0.004 0.000 0.001 0.000 0.001 0.002 0.001 
11 eagle_vis 30 0.995 0.002 0.992 0.003 0.001 0.001 0.003 0.001 0.000 0.001 0.007 0.002 0.001 0.000 0.001 0.001 0.017 0.957 0.016 0.063 0.010 0.271 0.002 0.003 0.002 0.001 0.038 0.001 0.007 0.001 0.000 0.001 0.000 0.002 0.002 0.001 0.001 0.000 0.007 0.001 0.001 0.001 0.001 0.001 0.000 0.001 0.000 0.001 0.000 0.014 0.000 0.001 0.001 0.002 0.000 0.001 0.001 0.001 
12 tuna_vis 30 0.948 0.002 0.002 0.958 0.003 0.001 0.001 0.040 0.000 0.005 0.001 0.001 0.002 0.000 0.001 0.000 0.001 0.000 0.018 0.010 0.001 0.071 0.953 0.002 0.012 0.001 0.002 0.733 0.001 0.001 0.000 0.001 0.047 0.011 0.001 0.000 0.000 0.000 0.001 0.004 0.001 0.002 0.005 0.001 0.062 0.001 0.000 0.000 0.000 0.001 0.000 0.000 0.001 0.001 0.001 0.004 0.001 0.001 
13 goldfish_vis 30 0.977 0.003 0.001 0.973 0.004 0.001 0.001 0.001 0.031 0.001 0.001 0.005 0.001 0.000 0.001 0.007 0.001 0.000 0.001 0.000 0.001 0.000 0.002 0.918 0.001 0.013 0.004 0.059 0.001 0.002 0.022 0.001 0.000 0.001 0.001 0.013 0.001 0.000 0.002 0.000 0.001 0.001 0.001 0.000 0.001 0.001 0.002 0.003 0.001 0.001 0.127 0.002 0.000 0.001 0.000 0.005 0.001 0.000 
14 salmon_vis 30 0.978 0.005 0.002 0.991 0.002 0.001 0.001 0.001 0.000 0.001 0.000 0.003 0.003 0.000 0.001 0.000 0.001 0.004 0.017 0.001 0.001 0.000 0.024 0.004 0.775 0.059 0.075 0.004 0.001 0.001 0.000 0.003 0.001 0.002 0.032 0.001 0.001 0.000 0.001 0.001 0.001 0.001 0.001 0.001 0.009 0.001 0.001 0.001 0.000 0.001 0.000 0.001 0.000 0.001 0.002 0.001 0.001 0.001 
15 sardine_vis 30 0.959 0.003 0.003 0.984 0.003 0.001 0.003 0.001 0.000 0.001 0.001 0.007 0.001 0.000 0.001 0.001 0.001 0.001 0.003 0.000 0.001 0.000 0.010 0.048 0.003 0.103 0.007 0.029 0.001 0.001 0.001 0.003 0.001 0.002 0.003 0.003 0.002 0.000 0.008 0.001 0.001 0.001 0.001 0.001 0.006 0.001 0.000 0.001 0.001 0.001 0.010 0.001 0.000 0.001 0.000 0.001 0.001 0.001 
16 catfish_vis 30 0.835 0.004 0.002 0.988 0.003 0.001 0.002 0.001 0.000 0.001 0.001 0.002 0.001 0.000 0.001 0.001 0.001 0.002 0.022 0.000 0.001 0.011 0.210 0.024 0.009 0.002 0.175 0.123 0.002 0.001 0.001 0.001 0.000 0.003 0.002 0.001 0.001 0.000 0.004 0.030 0.001 0.001 0.001 0.000 0.023 0.000 0.000 0.000 0.000 0.001 0.002 0.000 0.001 0.001 0.000 0.001 0.001 0.000 
17 cod_vis 30 0.960 0.003 0.002 0.984 0.003 0.001 0.002 0.001 0.001 0.001 0.000 0.007 0.001 0.000 0.001 0.001 0.001 0.000 0.004 0.000 0.001 0.000 0.010 0.048 0.001 0.040 0.006 0.308 0.001 0.001 0.001 0.002 0.000 0.002 0.001 0.004 0.005 0.000 0.004 0.002 0.001 0.001 0.001 0.001 0.008 0.001 0.001 0.000 0.001 0.001 0.009 0.001 0.000 0.001 0.000 0.001 0.001 0.001 
18 turtle_vis 30 0.983 0.009 0.002 0.005 0.986 0.001 0.002 0.001 0.002 0.001 0.023 0.012 0.001 0.000 0.001 0.001 0.001 0.011 0.001 0.000 0.001 0.001 0.001 0.002 0.002 0.002 0.027 0.001 0.972 0.067 0.055 0.050 0.001 0.018 0.004 0.009 0.000 0.001 0.002 0.001 0.001 0.001 0.001 0.000 0.006 0.001 0.000 0.085 0.000 0.001 0.001 0.009 0.000 0.001 0.003 0.001 0.001 0.001 
19 rattlesnake_vis 30 0.872 0.003 0.001 0.002 0.966 0.012 0.001 0.001 0.001 0.001 0.001 0.000 0.001 0.000 0.001 0.000 0.082 0.000 0.001 0.000 0.001 0.000 0.002 0.006 0.001 0.001 0.001 0.001 0.022 0.859 0.002 0.003 0.008 0.009 0.001 0.013 0.000 0.000 0.001 0.001 0.001 0.001 0.006 0.000 0.001 0.000 0.000 0.001 0.000 0.000 0.108 0.001 0.006 0.001 0.001 0.001 0.001 0.001 
20 crab_vis 30 0.995 0.039 0.001 0.005 0.984 0.001 0.001 0.001 0.129 0.001 0.001 0.333 0.001 0.003 0.001 0.017 0.001 0.001 0.001 0.000 0.016 0.000 0.000 0.010 0.001 0.024 0.002 0.001 0.088 0.005 0.936 0.186 0.020 0.002 0.001 0.025 0.000 0.000 0.001 0.000 0.001 0.001 0.002 0.000 0.001 0.009 0.174 0.022 0.066 0.002 0.016 0.004 0.000 0.001 0.001 0.002 0.001 0.000 
21 frog_vis 30 0.993 0.008 0.003 0.008 0.986 0.001 0.004 0.001 0.002 0.001 0.001 0.002 0.020 0.000 0.001 0.001 0.001 0.001 0.001 0.000 0.005 0.000 0.001 0.001 0.024 0.007 0.002 0.001 0.053 0.043 0.008 0.889 0.084 0.003 0.008 0.009 0.000 0.002 0.002 0.001 0.001 0.001 0.001 0.001 0.011 0.001 0.001 0.029 0.001 0.001 0.001 0.034 0.000 0.001 0.019 0.001 0.001 0.001 
22 gecko_vis 30 0.995 0.003 0.001 0.003 0.992 0.001 0.001 0.001 0.000 0.001 0.000 0.001 0.004 0.023 0.001 0.000 0.001 0.000 0.001 0.006 0.002 0.000 0.004 0.001 0.002 0.001 0.001 0.001 0.001 0.050 0.128 0.188 0.852 0.005 0.001 0.004 0.000 0.000 0.001 0.000 0.001 0.006 0.008 0.001 0.001 0.001 0.003 0.001 0.001 0.001 0.003 0.001 0.000 0.001 0.013 0.007 0.001 0.001 
23 crocodile_vis 30 0.995 0.002 0.022 0.010 0.951 0.001 0.001 0.001 0.000 0.016 0.001 0.000 0.001 0.001 0.002 0.000 0.001 0.000 0.001 0.032 0.001 0.009 0.014 0.003 0.003 0.001 0.015 0.003 0.032 0.102 0.007 0.001 0.012 0.861 0.001 0.001 0.000 0.000 0.001 0.001 0.001 0.001 0.002 0.001 0.001 0.000 0.000 0.019 0.000 0.001 0.000 0.001 0.001 0.001 0.012 0.010 0.002 0.003 
24 axe_vis 30 0.003 0.004 0.002 0.002 0.002 0.994 0.978 0.004 0.003 0.018 0.001 0.006 0.002 0.000 0.001 0.001 0.001 0.019 0.002 0.000 0.004 0.000 0.000 0.001 0.035 0.001 0.003 0.001 0.026 0.002 0.000 0.003 0.000 0.001 0.499 0.014 0.023 0.056 0.003 0.043 0.001 0.001 0.001 0.010 0.001 0.001 0.000 0.001 0.013 0.004 0.002 0.001 0.001 0.001 0.006 0.001 0.003 0.031 
25 hammer_vis 30 0.012 0.004 0.005 0.002 0.008 0.932 0.983 0.002 0.001 0.001 0.000 0.001 0.001 0.000 0.039 0.005 0.002 0.000 0.001 0.000 0.005 0.003 0.000 0.010 0.000 0.002 0.001 0.033 0.007 0.030 0.001 0.003 0.000 0.016 0.001 0.974 0.005 0.050 0.002 0.149 0.023 0.001 0.007 0.002 0.001 0.001 0.000 0.001 0.007 0.001 0.007 0.001 0.001 0.001 0.001 0.001 0.002 0.002 
26 screwdriver_vis 30 0.008 0.033 0.003 0.001 0.001 0.986 0.964 0.004 0.001 0.012 0.002 0.001 0.004 0.000 0.005 0.001 0.001 0.004 0.005 0.000 0.009 0.003 0.000 0.001 0.012 0.000 0.001 0.003 0.007 0.001 0.000 0.001 0.000 0.001 0.093 0.007 0.023 0.337 0.002 0.333 0.001 0.001 0.001 0.019 0.001 0.001 0.000 0.001 0.005 0.004 0.001 0.001 0.001 0.001 0.003 0.001 0.016 0.010 
27 chisel_vis 30 0.004 0.004 0.003 0.001 0.002 0.994 0.988 0.002 0.024 0.015 0.000 0.000 0.001 0.000 0.004 0.001 0.001 0.000 0.001 0.000 0.003 0.001 0.000 0.001 0.003 0.000 0.001 0.001 0.009 0.012 0.000 0.001 0.000 0.001 0.008 0.028 0.006 0.977 0.001 0.008 0.006 0.001 0.001 0.002 0.001 0.001 0.000 0.014 0.004 0.022 0.001 0.001 0.001 0.001 0.003 0.001 0.076 0.002 
28 saw_vis 30 0.003 0.002 0.002 0.002 0.002 0.973 0.940 0.004 0.001 0.003 0.000 0.000 0.001 0.000 0.001 0.001 0.001 0.000 0.001 0.000 0.001 0.019 0.000 0.002 0.000 0.000 0.001 0.024 0.002 0.001 0.000 0.002 0.000 0.001 0.002 0.011 0.026 0.005 0.010 0.960 0.005 0.001 0.001 0.003 0.002 0.001 0.000 0.001 0.001 0.002 0.007 0.001 0.030 0.001 0.001 0.001 0.006 0.001 
29 drill_vis 30 0.146 0.003 0.001 0.324 0.003 0.010 0.010 0.002 0.001 0.001 0.000 0.000 0.001 0.000 0.001 0.000 0.001 0.000 0.003 0.000 0.000 0.078 0.008 0.004 0.001 0.000 0.067 0.065 0.001 0.003 0.000 0.001 0.000 0.004 0.001 0.002 0.001 0.001 0.002 0.934 0.002 0.001 0.001 0.001 0.002 0.000 0.000 0.001 0.000 0.001 0.004 0.001 0.005 0.000 0.002 0.000 0.001 0.001 
30 clamp_vis 30 0.002 0.002 0.001 0.001 0.002 0.995 0.203 0.994 0.001 0.001 0.000 0.001 0.001 0.000 0.004 0.001 0.000 0.000 0.001 0.000 0.002 0.000 0.000 0.002 0.000 0.000 0.000 0.077 0.000 0.001 0.001 0.001 0.001 0.001 0.000 0.256 0.157 0.002 0.001 0.005 0.822 0.002 0.016 0.738 0.006 0.001 0.000 0.000 0.005 0.000 0.001 0.004 0.001 0.000 0.002 0.000 0.001 0.001 
31 hoe_vis 30 0.004 0.089 0.001 0.001 0.002 0.995 0.000 0.989 0.008 0.005 0.000 0.015 0.001 0.014 0.000 0.022 0.000 0.001 0.001 0.000 0.005 0.000 0.001 0.002 0.001 0.000 0.000 0.001 0.000 0.001 0.001 0.001 0.002 0.001 0.001 0.001 0.006 0.001 0.001 0.001 0.041 0.028 0.034 0.117 0.010 0.732 0.002 0.000 0.632 0.000 0.001 0.015 0.001 0.001 0.003 0.001 0.001 0.001 
32 rake_vis 30 0.004 0.004 0.001 0.002 0.004 0.985 0.001 0.909 0.001 0.001 0.000 0.000 0.001 0.000 0.000 0.000 0.000 0.000 0.001 0.000 0.000 0.000 0.001 0.001 0.001 0.000 0.000 0.002 0.000 0.001 0.000 0.001 0.001 0.001 0.001 0.017 0.001 0.002 0.001 0.002 0.833 0.001 0.050 0.011 0.005 0.001 0.000 0.000 0.001 0.000 0.001 0.033 0.000 0.000 0.002 0.000 0.001 0.001 
33 shovel_vis 30 0.002 0.002 0.001 0.003 0.002 0.995 0.030 0.995 0.001 0.001 0.000 0.000 0.002 0.000 0.001 0.000 0.001 0.001 0.009 0.000 0.003 0.000 0.007 0.001 0.002 0.000 0.001 0.007 0.001 0.001 0.000 0.002 0.002 0.001 0.002 0.001 0.003 0.020 0.001 0.055 0.027 0.009 0.023 0.967 0.002 0.014 0.000 0.000 0.001 0.000 0.001 0.001 0.001 0.000 0.001 0.001 0.001 0.005 
34 spade_vis 30 0.003 0.010 0.001 0.003 0.003 0.985 0.001 0.992 0.001 0.001 0.000 0.002 0.001 0.000 0.000 0.001 0.000 0.000 0.001 0.000 0.000 0.000 0.002 0.001 0.001 0.000 0.000 0.002 0.000 0.001 0.000 0.002 0.001 0.001 0.001 0.001 0.001 0.001 0.001 0.002 0.314 0.008 0.024 0.017 0.068 0.002 0.001 0.000 0.002 0.000 0.007 0.003 0.001 0.000 0.002 0.000 0.001 0.001 
35 wrench_vis 30 0.002 0.002 0.001 0.001 0.003 0.995 0.002 0.166 0.006 0.001 0.000 0.000 0.004 0.000 0.000 0.001 0.000 0.000 0.001 0.000 0.002 0.000 0.000 0.001 0.003 0.000 0.000 0.001 0.001 0.005 0.000 0.001 0.001 0.001 0.001 0.001 0.000 0.887 0.001 0.001 0.082 0.001 0.005 0.028 0.001 0.264 0.001 0.001 0.003 0.004 0.001 0.569 0.000 0.000 0.002 0.001 0.002 0.001 
36 accordion_vis 30 0.003 0.012 0.001 0.002 0.003 0.994 0.001 0.001 0.988 0.002 0.000 0.005 0.001 0.000 0.000 0.003 0.000 0.001 0.001 0.000 0.001 0.000 0.000 0.005 0.001 0.001 0.001 0.000 0.002 0.002 0.002 0.001 0.000 0.000 0.003 0.001 0.001 0.001 0.002 0.001 0.001 0.001 0.001 0.000 0.001 0.003 0.273 0.023 0.012 0.006 0.049 0.001 0.000 0.002 0.025 0.002 0.001 0.000 
37 cello_vis 30 0.007 0.011 0.001 0.003 0.010 0.960 0.001 0.001 0.993 0.001 0.000 0.002 0.001 0.000 0.000 0.003 0.000 0.000 0.000 0.000 0.000 0.000 0.000 0.009 0.001 0.001 0.001 0.000 0.006 0.040 0.002 0.001 0.000 0.000 0.002 0.004 0.000 0.001 0.001 0.000 0.001 0.001 0.001 0.000 0.001 0.001 0.049 0.945 0.006 0.001 0.029 0.080 0.000 0.001 0.012 0.002 0.001 0.000 
38 flute_vis 30 0.003 0.003 0.001 0.002 0.002 0.995 0.038 0.001 0.917 0.001 0.000 0.008 0.001 0.004 0.000 0.030 0.000 0.004 0.001 0.000 0.003 0.000 0.000 0.034 0.001 0.001 0.001 0.000 0.002 0.003 0.024 0.001 0.000 0.000 0.007 0.015 0.005 0.003 0.001 0.002 0.001 0.001 0.001 0.001 0.001 0.041 0.003 0.013 0.966 0.029 0.008 0.001 0.000 0.001 0.001 0.004 0.001 0.001 
39 guitar_vis 30 0.003 0.002 0.001 0.003 0.003 0.995 0.006 0.001 0.966 0.002 0.000 0.001 0.006 0.001 0.000 0.010 0.001 0.026 0.001 0.000 0.002 0.000 0.000 0.030 0.009 0.001 0.002 0.000 0.008 0.007 0.003 0.001 0.000 0.000 0.003 0.002 0.001 0.002 0.002 0.003 0.001 0.001 0.001 0.000 0.001 0.052 0.014 0.007 0.092 0.888 0.005 0.001 0.000 0.006 0.001 0.004 0.001 0.000 
40 piano_vis 30 0.002 0.002 0.001 0.002 0.002 0.971 0.002 0.001 0.992 0.001 0.000 0.000 0.001 0.000 0.000 0.001 0.001 0.000 0.000 0.000 0.000 0.000 0.000 0.006 0.000 0.000 0.000 0.000 0.001 0.005 0.001 0.001 0.000 0.000 0.001 0.003 0.000 0.001 0.028 0.001 0.008 0.007 0.001 0.000 0.007 0.001 0.002 0.420 0.001 0.001 0.927 0.010 0.004 0.001 0.002 0.001 0.001 0.000 
41 trumpet_vis 30 0.004 0.006 0.001 0.001 0.004 0.925 0.002 0.016 0.631 0.001 0.000 0.002 0.001 0.000 0.000 0.002 0.000 0.000 0.000 0.000 0.000 0.000 0.000 0.022 0.000 0.000 0.000 0.000 0.001 0.011 0.002 0.001 0.000 0.000 0.001 0.233 0.000 0.005 0.001 0.001 0.167 0.001 0.010 0.000 0.001 0.001 0.001 0.027 0.013 0.001 0.371 0.012 0.000 0.000 0.010 0.001 0.001 0.000 
42 fork_vis 30 0.002 0.001 0.001 0.001 0.003 0.995 0.003 0.004 0.001 0.978 0.000 0.000 0.001 0.000 0.002 0.000 0.030 0.000 0.001 0.000 0.000 0.001 0.008 0.001 0.000 0.000 0.001 0.002 0.000 0.002 0.000 0.001 0.001 0.003 0.001 0.001 0.003 0.001 0.003 0.151 0.001 0.001 0.001 0.001 0.002 0.000 0.000 0.001 0.000 0.001 0.002 0.000 0.721 0.003 0.015 0.001 0.005 0.007 
43 spoon_vis 30 0.003 0.002 0.006 0.001 0.002 0.995 0.007 0.004 0.001 0.994 0.000 0.000 0.001 0.000 0.032 0.000 0.067 0.000 0.001 0.001 0.001 0.130 0.002 0.001 0.001 0.000 0.001 0.008 0.000 0.002 0.000 0.000 0.003 0.008 0.001 0.001 0.018 0.001 0.002 0.818 0.001 0.001 0.001 0.002 0.001 0.000 0.000 0.001 0.000 0.001 0.001 0.000 0.867 0.003 0.002 0.002 0.686 0.018 
44 tongs_vis 30 0.002 0.004 0.001 0.001 0.002 0.980 0.445 0.002 0.024 0.005 0.000 0.001 0.001 0.000 0.000 0.000 0.000 0.000 0.001 0.000 0.001 0.000 0.000 0.001 0.001 0.000 0.000 0.001 0.003 0.003 0.000 0.001 0.000 0.001 0.004 0.015 0.001 0.008 0.001 0.007 0.022 0.001 0.001 0.001 0.002 0.001 0.000 0.033 0.001 0.000 0.005 0.001 0.004 0.000 0.186 0.001 0.001 0.001 
45 ladle_vis 30 0.002 0.001 0.002 0.001 0.003 0.995 0.005 0.004 0.001 0.994 0.000 0.000 0.001 0.000 0.017 0.000 0.010 0.000 0.001 0.000 0.001 0.016 0.001 0.001 0.001 0.000 0.000 0.008 0.000 0.002 0.000 0.001 0.016 0.007 0.001 0.001 0.044 0.002 0.001 0.535 0.001 0.001 0.001 0.002 0.001 0.001 0.001 0.001 0.000 0.001 0.001 0.000 0.354 0.001 0.008 0.003 0.652 0.031 
46 knife_vis 30 0.004 0.002 0.005 0.001 0.003 0.995 0.007 0.002 0.001 0.994 0.001 0.000 0.001 0.000 0.089 0.000 0.006 0.000 0.001 0.001 0.002 0.017 0.000 0.001 0.006 0.000 0.001 0.002 0.001 0.004 0.000 0.001 0.003 0.056 0.001 0.001 0.016 0.053 0.001 0.030 0.001 0.001 0.001 0.002 0.001 0.001 0.000 0.001 0.001 0.002 0.001 0.000 0.051 0.007 0.016 0.002 0.969 0.055 
47 chopsticks_vis 30 0.043 0.002 0.001 0.003 0.012 0.271 0.003 0.002 0.001 0.107 0.000 0.000 0.001 0.000 0.002 0.000 0.003 0.000 0.001 0.001 0.001 0.003 0.024 0.001 0.001 0.000 0.001 0.003 0.001 0.010 0.000 0.001 0.004 0.010 0.001 0.001 0.001 0.001 0.001 0.402 0.001 0.001 0.002 0.001 0.001 0.001 0.000 0.001 0.001 0.001 0.001 0.001 0.035 0.001 0.005 0.001 0.004 0.024 
0 beaver_vis 30 0.996 0.993 0.018 0.001 0.023 0.001 0.001 0.001 0.003 0.001 0.052 0.081 0.016 0.003 0.298 0.844 0.004 0.003 0.003 0.000 0.091 0.020 0.000 0.004 0.001 0.001 0.002 0.040 0.001 0.001 0.020 0.001 0.001 0.001 0.001 0.002 0.082 0.003 0.001 0.001 0.010 0.001 0.003 0.001 0.001 0.006 0.014 0.002 0.004 0.010 0.002 0.006 0.000 0.002 0.001 0.001 0.089 0.000 
1 bear_vis 30 0.996 0.994 0.002 0.001 0.003 0.002 0.000 0.001 0.029 0.001 0.001 0.889 0.771 0.093 0.003 0.500 0.001 0.002 0.002 0.000 0.177 0.000 0.000 0.002 0.001 0.011 0.001 0.003 0.001 0.001 0.008 0.005 0.002 0.000 0.001 0.002 0.005 0.001 0.001 0.000 0.001 0.001 0.025 0.000 0.001 0.107 0.465 0.001 0.132 0.019 0.057 0.002 0.000 0.001 0.002 0.002 0.001 0.000 
2 sheep_vis 30 0.995 0.992 0.005 0.001 0.002 0.002 0.000 0.002 0.007 0.001 0.002 0.456 0.877 0.034 0.001 0.157 0.002 0.003 0.011 0.000 0.065 0.000 0.000 0.002 0.008 0.002 0.001 0.001 0.000 0.002 0.001 0.005 0.002 0.000 0.001 0.001 0.001 0.001 0.001 0.000 0.001 0.002 0.006 0.001 0.001 0.100 0.089 0.001 0.017 0.016 0.018 0.003 0.000 0.002 0.002 0.001 0.001 0.000 
3 buffalo_vis 30 0.996 0.992 0.019 0.001 0.004 0.008 0.001 0.001 0.031 0.001 0.001 0.131 0.974 0.112 0.042 0.885 0.001 0.002 0.012 0.000 0.933 0.002 0.000 0.002 0.007 0.013 0.001 0.045 0.000 0.001 0.007 0.008 0.023 0.000 0.001 0.002 0.091 0.004 0.002 0.001 0.001 0.001 0.004 0.001 0.000 0.549 0.338 0.001 0.133 0.776 0.003 0.002 0.000 0.005 0.000 0.005 0.017 0.000 
4 poodle_vis 30 0.996 0.256 0.630 0.001 0.085 0.013 0.001 0.001 0.002 0.001 0.001 0.007 0.150 0.786 0.031 0.078 0.006 0.002 0.001 0.007 0.857 0.004 0.000 0.002 0.001 0.001 0.001 0.006 0.001 0.001 0.046 0.005 0.461 0.001 0.001 0.001 0.018 0.001 0.001 0.001 0.001 0.001 0.001 0.001 0.000 0.123 0.002 0.001 0.042 0.226 0.001 0.001 0.000 0.173 0.000 0.006 0.025 0.000 
5 giraffe_vis 30 0.996 0.993 0.013 0.001 0.005 0.007 0.001 0.001 0.036 0.001 0.001 0.146 0.967 0.125 0.043 0.860 0.001 0.002 0.011 0.000 0.772 0.004 0.000 0.004 0.004 0.011 0.001 0.049 0.001 0.002 0.009 0.005 0.018 0.000 0.001 0.002 0.069 0.004 0.002 0.001 0.001 0.001 0.009 0.001 0.000 0.439 0.454 0.001 0.103 0.455 0.010 0.004 0.000 0.004 0.000 0.006 0.031 0.000 
6 robin_vis 30 0.572 0.039 0.326 0.001 0.001 0.967 0.001 0.002 0.325 0.002 0.001 0.002 0.651 0.002 0.001 0.030 0.001 0.509 0.006 0.000 0.663 0.001 0.000 0.001 0.005 0.000 0.001 0.001 0.001 0.001 0.000 0.001 0.003 0.001 0.002 0.000 0.004 0.006 0.008 0.002 0.001 0.001 0.001 0.001 0.001 0.642 0.006 0.001 0.012 0.982 0.004 0.001 0.001 0.186 0.000 0.002 0.008 0.000 
7 swan_vis 30 0.996 0.005 0.993 0.002 0.001 0.001 0.002 0.001 0.001 0.001 0.002 0.005 0.018 0.003 0.001 0.003 0.001 0.690 0.031 0.041 0.425 0.004 0.001 0.001 0.047 0.011 0.002 0.001 0.000 0.001 0.001 0.002 0.001 0.001 0.006 0.003 0.001 0.001 0.002 0.001 0.001 0.001 0.001 0.002 0.001 0.025 0.000 0.019 0.036 0.078 0.000 0.029 0.000 0.003 0.000 0.001 0.001 0.001 
8 woodpecker_vis 30 0.844 0.050 0.312 0.041 0.001 0.857 0.000 0.003 0.005 0.001 0.000 0.003 0.205 0.001 0.001 0.098 0.001 0.244 0.442 0.000 0.054 0.007 0.000 0.038 0.050 0.001 0.002 0.003 0.000 0.001 0.001 0.000 0.001 0.000 0.001 0.000 0.004 0.002 0.001 0.000 0.001 0.001 0.001 0.002 0.000 0.823 0.015 0.000 0.011 0.923 0.000 0.016 0.000 0.006 0.000 0.043 0.003 0.000 
9 peacock_vis 30 0.996 0.003 0.993 0.003 0.001 0.002 0.001 0.001 0.000 0.001 0.001 0.001 0.054 0.001 0.001 0.001 0.001 0.805 0.134 0.069 0.200 0.007 0.001 0.001 0.251 0.001 0.002 0.002 0.000 0.001 0.000 0.001 0.001 0.001 0.019 0.000 0.001 0.001 0.001 0.000 0.001 0.001 0.001 0.003 0.000 0.027 0.000 0.002 0.002 0.057 0.000 0.002 0.000 0.002 0.000 0.001 0.002 0.001 
10 crow_vis 30 0.995 0.074 0.982 0.001 0.002 0.002 0.008 0.002 0.001 0.001 0.001 0.083 0.013 0.002 0.083 0.009 0.001 0.385 0.012 0.017 0.989 0.004 0.000 0.001 0.010 0.105 0.001 0.012 0.001 0.001 0.001 0.023 0.013 0.001 0.003 0.001 0.450 0.005 0.004 0.001 0.001 0.001 0.001 0.004 0.001 0.090 0.001 0.000 0.009 0.632 0.000 0.001 0.000 0.071 0.000 0.001 0.048 0.000 
11 eagle_vis 30 0.995 0.018 0.987 0.001 0.002 0.004 0.002 0.002 0.001 0.003 0.002 0.003 0.004 0.026 0.330 0.002 0.003 0.006 0.009 0.712 0.927 0.049 0.001 0.001 0.002 0.003 0.001 0.009 0.001 0.001 0.001 0.001 0.085 0.015 0.002 0.001 0.091 0.002 0.001 0.001 0.001 0.001 0.001 0.003 0.001 0.002 0.000 0.000 0.001 0.016 0.000 0.001 0.000 0.167 0.000 0.001 0.152 0.001 
12 tuna_vis 30 0.927 0.003 0.004 0.992 0.002 0.001 0.000 0.594 0.000 0.001 0.000 0.000 0.009 0.000 0.001 0.001 0.001 0.001 0.194 0.003 0.002 0.001 0.944 0.002 0.155 0.003 0.007 0.082 0.000 0.001 0.000 0.002 0.012 0.001 0.001 0.000 0.000 0.001 0.001 0.000 0.001 0.005 0.003 0.012 0.242 0.012 0.000 0.000 0.001 0.001 0.000 0.002 0.000 0.001 0.000 0.001 0.001 0.001 
13 goldfish_vis 30 0.996 0.454 0.002 0.294 0.006 0.002 0.001 0.002 0.038 0.001 0.000 0.159 0.002 0.001 0.001 0.112 0.001 0.003 0.003 0.000 0.004 0.001 0.000 0.216 0.002 0.013 0.030 0.042 0.001 0.003 0.011 0.001 0.001 0.001 0.001 0.001 0.002 0.001 0.001 0.000 0.001 0.001 0.001 0.001 0.001 0.013 0.203 0.001 0.019 0.013 0.001 0.002 0.000 0.001 0.000 0.021 0.005 0.000 
14 salmon_vis 30 0.995 0.003 0.191 0.990 0.002 0.002 0.001 0.002 0.001 0.001 0.000 0.001 0.018 0.001 0.001 0.001 0.001 0.008 0.797 0.005 0.005 0.001 0.595 0.008 0.454 0.021 0.175 0.011 0.000 0.001 0.000 0.007 0.017 0.001 0.018 0.000 0.001 0.001 0.001 0.003 0.005 0.002 0.001 0.003 0.005 0.007 0.000 0.000 0.001 0.003 0.000 0.001 0.000 0.001 0.000 0.001 0.001 0.001 
15 sardine_vis 30 0.995 0.018 0.013 0.991 0.003 0.002 0.003 0.002 0.001 0.001 0.000 0.019 0.003 0.001 0.001 0.001 0.001 0.002 0.075 0.002 0.008 0.000 0.006 0.023 0.246 0.957 0.014 0.015 0.001 0.002 0.001 0.046 0.001 0.002 0.015 0.001 0.023 0.001 0.001 0.000 0.002 0.001 0.001 0.001 0.002 0.005 0.001 0.003 0.014 0.003 0.000 0.002 0.000 0.001 0.001 0.001 0.001 0.001 
16 catfish_vis 30 0.996 0.013 0.990 0.024 0.002 0.001 0.008 0.001 0.001 0.001 0.006 0.001 0.022 0.000 0.002 0.002 0.001 0.254 0.343 0.009 0.029 0.007 0.001 0.002 0.053 0.002 0.019 0.006 0.001 0.001 0.000 0.001 0.001 0.002 0.014 0.001 0.001 0.003 0.002 0.002 0.001 0.001 0.001 0.002 0.001 0.008 0.000 0.001 0.001 0.012 0.000 0.001 0.000 0.001 0.000 0.001 0.003 0.001 
17 cod_vis 30 0.991 0.015 0.004 0.993 0.004 0.003 0.001 0.104 0.001 0.001 0.000 0.041 0.002 0.001 0.001 0.002 0.001 0.001 0.032 0.001 0.009 0.000 0.027 0.033 0.111 0.840 0.017 0.281 0.000 0.002 0.003 0.018 0.004 0.002 0.002 0.001 0.034 0.001 0.001 0.000 0.001 0.001 0.005 0.004 0.019 0.123 0.011 0.001 0.007 0.003 0.000 0.015 0.000 0.001 0.000 0.002 0.001 0.001 
18 turtle_vis 30 0.995 0.104 0.003 0.005 0.985 0.002 0.005 0.001 0.218 0.001 0.001 0.077 0.002 0.001 0.002 0.405 0.001 0.001 0.001 0.000 0.067 0.002 0.000 0.044 0.001 0.005 0.009 0.014 0.268 0.008 0.966 0.016 0.016 0.008 0.004 0.015 0.001 0.002 0.001 0.001 0.001 0.001 0.001 0.001 0.001 0.035 0.307 0.010 0.044 0.028 0.005 0.003 0.000 0.001 0.000 0.015 0.003 0.001 
19 rattlesnake_vis 30 0.995 0.003 0.078 0.003 0.959 0.763 0.001 0.002 0.002 0.002 0.000 0.000 0.004 0.197 0.002 0.002 0.002 0.000 0.001 0.000 0.627 0.000 0.000 0.006 0.001 0.001 0.001 0.001 0.001 0.107 0.070 0.009 0.929 0.044 0.001 0.009 0.001 0.003 0.001 0.001 0.003 0.001 0.096 0.001 0.001 0.009 0.001 0.001 0.019 0.009 0.001 0.001 0.000 0.001 0.001 0.016 0.412 0.001 
20 crab_vis 30 0.996 0.823 0.001 0.004 0.256 0.003 0.000 0.002 0.143 0.001 0.000 0.003 0.005 0.002 0.006 0.390 0.001 0.000 0.001 0.000 0.030 0.001 0.000 0.009 0.001 0.002 0.001 0.004 0.002 0.005 0.068 0.005 0.005 0.001 0.001 0.003 0.001 0.001 0.001 0.000 0.001 0.001 0.002 0.001 0.000 0.018 0.052 0.003 0.010 0.015 0.001 0.020 0.000 0.001 0.000 0.004 0.004 0.000 
21 frog_vis 30 0.995 0.010 0.017 0.014 0.979 0.002 0.014 0.003 0.046 0.001 0.001 0.036 0.004 0.001 0.002 0.003 0.001 0.001 0.001 0.000 0.126 0.000 0.001 0.002 0.008 0.339 0.002 0.004 0.010 0.008 0.361 0.939 0.055 0.008 0.016 0.320 0.001 0.003 0.002 0.001 0.001 0.001 0.002 0.002 0.002 0.006 0.001 0.219 0.036 0.007 0.005 0.115 0.000 0.001 0.004 0.001 0.002 0.001 
22 gecko_vis 30 0.994 0.003 0.002 0.005 0.993 0.205 0.000 0.496 0.001 0.001 0.000 0.000 0.016 0.018 0.001 0.001 0.001 0.000 0.001 0.001 0.008 0.000 0.011 0.002 0.003 0.001 0.001 0.002 0.001 0.032 0.089 0.029 0.977 0.005 0.000 0.001 0.000 0.001 0.001 0.000 0.001 0.064 0.425 0.001 0.001 0.425 0.007 0.000 0.002 0.001 0.000 0.031 0.000 0.000 0.000 0.014 0.001 0.001 
23 crocodile_vis 30 0.996 0.002 0.022 0.147 0.762 0.002 0.001 0.002 0.000 0.019 0.001 0.000 0.005 0.001 0.002 0.001 0.001 0.000 0.001 0.217 0.005 0.027 0.451 0.001 0.198 0.001 0.002 0.018 0.001 0.006 0.001 0.005 0.829 0.282 0.001 0.001 0.000 0.001 0.001 0.001 0.001 0.001 0.013 0.001 0.004 0.002 0.001 0.000 0.001 0.001 0.000 0.001 0.000 0.001 0.054 0.052 0.005 0.009 
24 axe_vis 30 0.004 0.006 0.004 0.001 0.002 0.995 0.986 0.002 0.049 0.024 0.000 0.000 0.002 0.000 0.003 0.002 0.001 0.000 0.001 0.000 0.006 0.000 0.000 0.001 0.005 0.000 0.001 0.001 0.006 0.010 0.000 0.002 0.000 0.001 0.015 0.010 0.009 0.980 0.002 0.008 0.007 0.001 0.001 0.003 0.001 0.001 0.001 0.009 0.007 0.058 0.001 0.001 0.001 0.001 0.004 0.001 0.144 0.002 
25 hammer_vis 30 0.005 0.006 0.004 0.001 0.002 0.995 0.988 0.002 0.047 0.018 0.000 0.000 0.001 0.000 0.004 0.003 0.001 0.000 0.001 0.000 0.008 0.001 0.000 0.001 0.003 0.001 0.000 0.001 0.006 0.010 0.000 0.004 0.000 0.001 0.009 0.048 0.023 0.983 0.001 0.006 0.026 0.001 0.001 0.003 0.001 0.001 0.001 0.020 0.020 0.029 0.001 0.002 0.001 0.001 0.004 0.001 0.122 0.002 
26 screwdriver_vis 30 0.012 0.248 0.006 0.001 0.001 0.995 0.990 0.003 0.020 0.006 0.000 0.001 0.001 0.001 0.277 0.030 0.000 0.000 0.002 0.000 0.083 0.000 0.000 0.001 0.001 0.001 0.000 0.002 0.000 0.001 0.000 0.001 0.000 0.000 0.007 0.040 0.944 0.894 0.001 0.002 0.036 0.001 0.001 0.004 0.001 0.002 0.001 0.003 0.030 0.003 0.001 0.001 0.001 0.001 0.002 0.001 0.257 0.001 
27 chisel_vis 30 0.005 0.011 0.009 0.001 0.001 0.995 0.986 0.002 0.015 0.016 0.001 0.000 0.002 0.000 0.005 0.003 0.001 0.001 0.001 0.000 0.008 0.001 0.000 0.001 0.002 0.000 0.000 0.001 0.002 0.003 0.000 0.002 0.000 0.001 0.011 0.012 0.012 0.984 0.001 0.008 0.009 0.001 0.001 0.004 0.001 0.001 0.000 0.008 0.008 0.014 0.001 0.001 0.001 0.001 0.003 0.001 0.066 0.002 
28 saw_vis 30 0.003 0.003 0.004 0.001 0.002 0.995 0.988 0.002 0.050 0.015 0.000 0.000 0.002 0.000 0.001 0.001 0.001 0.001 0.001 0.000 0.004 0.000 0.000 0.001 0.006 0.001 0.001 0.001 0.012 0.018 0.000 0.005 0.000 0.001 0.025 0.030 0.005 0.843 0.002 0.007 0.009 0.001 0.001 0.002 0.001 0.001 0.001 0.032 0.005 0.008 0.001 0.002 0.001 0.001 0.006 0.001 0.007 0.004 
29 drill_vis 30 0.003 0.004 0.003 0.001 0.005 0.995 0.072 0.003 0.004 0.980 0.000 0.000 0.002 0.000 0.053 0.001 0.004 0.000 0.002 0.000 0.005 0.009 0.000 0.001 0.011 0.000 0.001 0.003 0.001 0.007 0.000 0.002 0.003 0.062 0.015 0.003 0.033 0.153 0.003 0.058 0.003 0.001 0.001 0.003 0.001 0.001 0.001 0.001 0.002 0.014 0.001 0.001 0.021 0.005 0.018 0.002 0.971 0.033 
30 clamp_vis 30 0.003 0.002 0.001 0.001 0.003 0.996 0.034 0.156 0.025 0.001 0.000 0.000 0.005 0.000 0.001 0.001 0.000 0.000 0.001 0.000 0.005 0.000 0.000 0.001 0.004 0.000 0.000 0.002 0.000 0.010 0.000 0.004 0.001 0.001 0.001 0.006 0.001 0.883 0.001 0.001 0.161 0.002 0.007 0.095 0.001 0.263 0.000 0.001 0.004 0.003 0.000 0.819 0.000 0.000 0.001 0.001 0.002 0.002 
31 hoe_vis 30 0.004 0.002 0.001 0.002 0.002 0.996 0.000 0.994 0.002 0.002 0.000 0.000 0.025 0.002 0.000 0.001 0.001 0.000 0.014 0.000 0.003 0.000 0.020 0.001 0.001 0.000 0.000 0.002 0.000 0.002 0.000 0.001 0.206 0.000 0.001 0.001 0.001 0.002 0.001 0.043 0.038 0.940 0.015 0.843 0.001 0.251 0.001 0.001 0.015 0.001 0.002 0.003 0.000 0.001 0.000 0.013 0.001 0.005 
32 rake_vis 30 0.003 0.002 0.002 0.002 0.003 0.996 0.038 0.236 0.005 0.001 0.000 0.000 0.006 0.000 0.001 0.001 0.000 0.000 0.001 0.000 0.005 0.000 0.000 0.001 0.008 0.000 0.000 0.002 0.000 0.007 0.000 0.005 0.002 0.001 0.001 0.004 0.001 0.902 0.001 0.001 0.309 0.002 0.008 0.128 0.001 0.132 0.000 0.001 0.003 0.001 0.000 0.795 0.000 0.000 0.001 0.001 0.002 0.003 
33 shovel_vis 30 0.003 0.003 0.002 0.003 0.002 0.996 0.009 0.982 0.001 0.001 0.000 0.000 0.011 0.000 0.001 0.001 0.000 0.001 0.005 0.000 0.015 0.000 0.000 0.001 0.022 0.000 0.001 0.004 0.002 0.001 0.000 0.002 0.004 0.001 0.002 0.001 0.002 0.271 0.001 0.004 0.011 0.002 0.013 0.684 0.001 0.470 0.000 0.000 0.002 0.004 0.000 0.006 0.000 0.000 0.001 0.001 0.005 0.002 
34 spade_vis 30 0.009 0.324 0.001 0.001 0.002 0.995 0.001 0.660 0.120 0.001 0.000 0.002 0.001 0.002 0.000 0.035 0.000 0.000 0.001 0.000 0.001 0.000 0.000 0.001 0.001 0.000 0.000 0.002 0.000 0.001 0.000 0.001 0.001 0.000 0.001 0.003 0.001 0.006 0.001 0.001 0.401 0.007 0.015 0.013 0.006 0.317 0.001 0.002 0.398 0.001 0.001 0.726 0.000 0.000 0.003 0.001 0.001 0.001 
35 wrench_vis 30 0.003 0.002 0.001 0.005 0.002 0.996 0.001 0.916 0.049 0.001 0.000 0.000 0.017 0.000 0.000 0.004 0.000 0.002 0.002 0.000 0.007 0.000 0.000 0.012 0.007 0.000 0.001 0.001 0.001 0.002 0.001 0.001 0.005 0.000 0.001 0.001 0.001 0.057 0.001 0.001 0.006 0.006 0.005 0.052 0.001 0.975 0.002 0.001 0.025 0.093 0.001 0.035 0.000 0.001 0.000 0.003 0.001 0.001 
36 accordion_vis 30 0.004 0.004 0.001 0.003 0.002 0.995 0.027 0.002 0.987 0.002 0.000 0.022 0.001 0.004 0.000 0.060 0.000 0.002 0.001 0.000 0.019 0.000 0.000 0.144 0.001 0.011 0.001 0.001 0.001 0.001 0.078 0.002 0.000 0.000 0.004 0.003 0.770 0.002 0.004 0.001 0.001 0.001 0.001 0.001 0.001 0.035 0.153 0.006 0.936 0.281 0.010 0.001 0.000 0.015 0.000 0.005 0.004 0.000 
37 cello_vis 30 0.004 0.004 0.001 0.002 0.005 0.995 0.005 0.008 0.967 0.001 0.000 0.000 0.001 0.000 0.000 0.009 0.000 0.000 0.001 0.000 0.001 0.000 0.000 0.027 0.000 0.001 0.000 0.001 0.001 0.004 0.002 0.002 0.000 0.000 0.001 0.008 0.001 0.009 0.001 0.000 0.132 0.001 0.002 0.000 0.001 0.033 0.005 0.045 0.045 0.002 0.004 0.766 0.000 0.001 0.001 0.002 0.001 0.000 
38 flute_vis 30 0.004 0.003 0.001 0.001 0.002 0.995 0.089 0.002 0.966 0.001 0.000 0.007 0.001 0.005 0.000 0.048 0.000 0.002 0.001 0.000 0.003 0.000 0.000 0.052 0.001 0.002 0.001 0.001 0.002 0.004 0.035 0.002 0.000 0.000 0.004 0.107 0.005 0.009 0.001 0.001 0.004 0.001 0.001 0.001 0.001 0.022 0.002 0.123 0.981 0.011 0.007 0.003 0.000 0.001 0.001 0.004 0.001 0.001 
39 guitar_vis 30 0.004 0.004 0.001 0.002 0.003 0.995 0.075 0.002 0.956 0.001 0.000 0.045 0.001 0.017 0.000 0.076 0.000 0.001 0.001 0.000 0.010 0.000 0.000 0.078 0.001 0.007 0.001 0.001 0.001 0.002 0.142 0.002 0.000 0.000 0.005 0.059 0.103 0.004 0.001 0.001 0.003 0.001 0.001 0.001 0.001 0.040 0.008 0.019 0.990 0.016 0.012 0.002 0.000 0.001 0.000 0.005 0.002 0.001 
40 piano_vis 30 0.003 0.003 0.001 0.002 0.004 0.995 0.004 0.006 0.964 0.002 0.000 0.000 0.001 0.000 0.000 0.003 0.000 0.000 0.001 0.000 0.001 0.000 0.000 0.007 0.001 0.000 0.001 0.000 0.001 0.007 0.001 0.002 0.000 0.000 0.002 0.001 0.001 0.010 0.003 0.000 0.010 0.001 0.001 0.000 0.001 0.031 0.031 0.082 0.004 0.015 0.004 0.237 0.000 0.001 0.003 0.002 0.001 0.000 
41 trumpet_vis 30 0.003 0.009 0.001 0.001 0.003 0.995 0.001 0.040 0.887 0.001 0.000 0.000 0.001 0.000 0.000 0.002 0.000 0.000 0.001 0.000 0.001 0.000 0.000 0.004 0.000 0.000 0.000 0.000 0.000 0.004 0.001 0.001 0.000 0.000 0.001 0.001 0.000 0.014 0.001 0.000 0.337 0.002 0.005 0.001 0.001 0.053 0.001 0.022 0.007 0.001 0.001 0.941 0.000 0.000 0.001 0.001 0.001 0.000 
42 fork_vis 30 0.003 0.002 0.003 0.001 0.011 0.995 0.012 0.002 0.002 0.995 0.000 0.000 0.002 0.001 0.083 0.000 0.006 0.000 0.001 0.000 0.003 0.013 0.000 0.001 0.011 0.000 0.001 0.002 0.001 0.012 0.000 0.001 0.006 0.107 0.001 0.001 0.017 0.091 0.001 0.034 0.001 0.001 0.002 0.001 0.001 0.001 0.001 0.001 0.001 0.006 0.001 0.001 0.040 0.010 0.029 0.008 0.982 0.079 
43 spoon_vis 30 0.006 0.004 0.005 0.001 0.002 0.996 0.003 0.001 0.005 0.994 0.000 0.000 0.002 0.001 0.100 0.001 0.007 0.000 0.001 0.001 0.003 0.016 0.000 0.001 0.002 0.000 0.001 0.001 0.000 0.002 0.000 0.000 0.001 0.013 0.001 0.001 0.025 0.037 0.001 0.014 0.001 0.001 0.001 0.001 0.001 0.001 0.002 0.001 0.002 0.008 0.001 0.001 0.045 0.016 0.007 0.014 0.969 0.018 
44 tongs_vis 30 0.004 0.006 0.002 0.001 0.002 0.995 0.625 0.011 0.576 0.006 0.000 0.000 0.003 0.000 0.001 0.020 0.001 0.000 0.001 0.000 0.014 0.000 0.000 0.004 0.002 0.000 0.000 0.002 0.001 0.003 0.000 0.002 0.001 0.001 0.004 0.005 0.025 0.880 0.001 0.007 0.013 0.001 0.002 0.008 0.001 0.009 0.001 0.004 0.048 0.154 0.001 0.002 0.000 0.001 0.002 0.001 0.080 0.003 
45 ladle_vis 30 0.003 0.001 0.001 0.001 0.009 0.996 0.001 0.002 0.005 0.992 0.000 0.000 0.123 0.001 0.001 0.000 0.001 0.000 0.001 0.000 0.004 0.000 0.001 0.001 0.069 0.000 0.000 0.001 0.000 0.041 0.000 0.001 0.174 0.001 0.001 0.000 0.001 0.129 0.001 0.017 0.001 0.003 0.001 0.001 0.001 0.007 0.002 0.001 0.002 0.104 0.001 0.001 0.001 0.002 0.006 0.173 0.461 0.009 
46 knife_vis 30 0.007 0.007 0.006 0.001 0.001 0.995 0.004 0.002 0.004 0.991 0.000 0.000 0.005 0.001 0.017 0.001 0.003 0.000 0.001 0.000 0.005 0.005 0.000 0.001 0.001 0.000 0.000 0.001 0.000 0.001 0.000 0.001 0.001 0.001 0.001 0.001 0.011 0.024 0.001 0.007 0.001 0.001 0.001 0.001 0.001 0.002 0.001 0.001 0.003 0.013 0.001 0.001 0.010 0.008 0.002 0.010 0.882 0.003 
47 chopsticks_vis 30 0.005 0.003 0.002 0.001 0.007 0.995 0.005 0.002 0.004 0.994 0.000 0.000 0.002 0.001 0.048 0.001 0.005 0.000 0.001 0.000 0.003 0.009 0.000 0.001 0.007 0.000 0.001 0.001 0.001 0.010 0.000 0.001 0.005 0.052 0.001 0.001 0.011 0.069 0.001 0.021 0.001 0.001 0.002 0.001 0.001 0.001 0.001 0.001 0.004 0.007 0.001 0.001 0.023 0.008 0.015 0.017 0.972 0.043 
