0 beaver_vis 30 0.996 0.980 0.005 0.031 0.001 0.001 0.001 0.018 0.001 0.000 0.965 0.003 0.035 0.037 0.044 0.002 0.001 0.053 0.002 0.001 0.001 0.000 0.000 0.002 0.001 0.001 0.191 0.000 0.002 0.028 0.001 0.000 0.001 0.000 0.001 0.001 0.001 0.000 0.001 0.005 0.002 0.009 0.001 0.001 0.001 0.000 0.001 0.000 0.001 0.001 0.000 0.001 0.000 0.002 0.000 0.001 0.001 0.000 
1 bear_vis 30 0.995 0.349 0.009 0.041 0.013 0.001 0.001 0.001 0.002 0.001 0.005 0.074 0.003 0.007 0.051 0.025 0.000 0.001 0.003 0.002 0.001 0.000 0.001 0.006 0.001 0.024 0.004 0.000 0.002 0.027 0.001 0.084 0.001 0.003 0.001 0.000 0.000 0.001 0.001 0.001 0.001 0.001 0.001 0.007 0.001 0.001 0.001 0.000 0.001 0.001 0.002 0.012 0.000 0.001 0.001 0.001 0.001 0.000 
2 sheep_vis 30 0.995 0.007 0.930 0.600 0.001 0.002 0.003 0.001 0.001 0.001 0.004 0.001 0.006 0.001 0.003 0.000 0.988 0.002 0.029 0.001 0.205 0.003 0.014 0.001 0.404 0.005 0.123 0.000 0.001 0.001 0.000 0.001 0.002 0.000 0.003 0.000 0.001 0.005 0.002 0.001 0.001 0.001 0.000 0.004 0.001 0.000 0.001 0.000 0.001 0.002 0.000 0.000 0.001 0.003 0.001 0.002 0.013 0.014 
3 buffalo_vis 30 0.996 0.981 0.006 0.031 0.001 0.001 0.001 0.031 0.001 0.001 0.922 0.001 0.025 0.084 0.060 0.025 0.001 0.018 0.002 0.001 0.001 0.000 0.000 0.004 0.002 0.001 0.275 0.000 0.005 0.093 0.002 0.001 0.001 0.000 0.001 0.002 0.001 0.001 0.001 0.010 0.006 0.008 0.002 0.004 0.001 0.001 0.001 0.000 0.001 0.001 0.000 0.001 0.000 0.001 0.001 0.001 0.001 0.000 
4 poodle_vis 30 0.995 0.975 0.006 0.049 0.001 0.001 0.001 0.001 0.002 0.001 0.143 0.005 0.011 0.006 0.523 0.062 0.001 0.002 0.005 0.001 0.001 0.000 0.001 0.011 0.001 0.008 0.025 0.000 0.000 0.008 0.001 0.001 0.001 0.000 0.001 0.001 0.001 0.001 0.001 0.014 0.004 0.001 0.001 0.005 0.001 0.001 0.001 0.000 0.001 0.001 0.001 0.011 0.000 0.002 0.001 0.001 0.001 0.000 
5 giraffe_vis 30 0.995 0.983 0.022 0.002 0.012 0.001 0.001 0.017 0.001 0.001 0.195 0.002 0.007 0.927 0.003 0.823 0.000 0.079 0.001 0.001 0.002 0.015 0.000 0.001 0.001 0.001 0.005 0.000 0.349 0.059 0.015 0.001 0.001 0.000 0.001 0.001 0.001 0.001 0.001 0.005 0.001 0.001 0.005 0.001 0.036 0.001 0.002 0.000 0.001 0.001 0.000 0.001 0.003 0.001 0.001 0.001 0.001 0.000 
6 robin_vis 30 0.995 0.002 0.992 0.993 0.001 0.003 0.002 0.001 0.001 0.005 0.002 0.001 0.004 0.001 0.002 0.000 0.993 0.005 0.217 0.003 0.721 0.008 0.067 0.010 0.623 0.020 0.909 0.000 0.001 0.001 0.000 0.003 0.007 0.000 0.005 0.004 0.001 0.017 0.008 0.001 0.003 0.010 0.000 0.217 0.001 0.001 0.001 0.000 0.001 0.009 0.000 0.000 0.003 0.003 0.001 0.024 0.232 0.421 
7 swan_vis 30 0.995 0.002 0.992 0.019 0.696 0.001 0.001 0.365 0.001 0.001 0.002 0.001 0.001 0.011 0.000 0.004 0.549 0.730 0.002 0.161 0.970 0.001 0.004 0.001 0.004 0.001 0.789 0.000 0.312 0.479 0.002 0.273 0.016 0.001 0.001 0.000 0.000 0.022 0.001 0.001 0.003 0.265 0.001 0.093 0.001 0.655 0.001 0.027 0.001 0.001 0.000 0.001 0.005 0.001 0.001 0.835 0.002 0.003 
8 woodpecker_vis 30 0.994 0.001 0.983 0.962 0.001 0.004 0.010 0.001 0.002 0.002 0.001 0.001 0.003 0.000 0.002 0.000 0.991 0.001 0.074 0.002 0.627 0.005 0.067 0.001 0.723 0.013 0.343 0.000 0.000 0.001 0.000 0.002 0.009 0.000 0.027 0.001 0.001 0.013 0.011 0.001 0.001 0.001 0.000 0.019 0.001 0.001 0.001 0.000 0.001 0.004 0.000 0.001 0.001 0.003 0.001 0.003 0.072 0.154 
9 peacock_vis 30 0.994 0.002 0.993 0.323 0.685 0.006 0.001 0.001 0.001 0.002 0.001 0.299 0.001 0.001 0.001 0.001 0.026 0.239 0.140 0.987 0.821 0.001 0.052 0.018 0.003 0.618 0.025 0.000 0.001 0.001 0.001 0.943 0.228 0.811 0.003 0.000 0.001 0.005 0.010 0.001 0.001 0.001 0.001 0.052 0.001 0.056 0.001 0.016 0.005 0.001 0.003 0.314 0.002 0.002 0.001 0.001 0.505 0.034 
10 crow_vis 30 0.994 0.004 0.993 0.222 0.903 0.002 0.001 0.723 0.001 0.003 0.012 0.001 0.001 0.048 0.000 0.025 0.963 0.917 0.005 0.591 0.988 0.015 0.015 0.007 0.069 0.001 0.924 0.000 0.639 0.713 0.006 0.809 0.196 0.004 0.006 0.001 0.002 0.163 0.002 0.001 0.013 0.507 0.063 0.621 0.001 0.956 0.001 0.138 0.002 0.013 0.001 0.003 0.014 0.002 0.001 0.902 0.262 0.035 
11 eagle_vis 30 0.995 0.002 0.886 0.510 0.001 0.001 0.002 0.001 0.001 0.001 0.001 0.001 0.002 0.001 0.001 0.000 0.984 0.002 0.016 0.001 0.294 0.004 0.018 0.001 0.324 0.003 0.107 0.000 0.001 0.001 0.000 0.001 0.003 0.000 0.002 0.001 0.000 0.003 0.002 0.001 0.001 0.001 0.000 0.005 0.001 0.001 0.001 0.000 0.001 0.001 0.000 0.000 0.001 0.002 0.001 0.001 0.006 0.028 
12 tuna_vis 30 0.992 0.002 0.003 0.965 0.669 0.334 0.010 0.262 0.002 0.001 0.028 0.001 0.000 0.001 0.013 0.000 0.001 0.007 0.006 0.001 0.008 0.000 0.103 0.825 0.001 0.024 0.064 0.004 0.001 0.643 0.137 0.000 0.007 0.010 0.003 0.001 0.000 0.046 0.068 0.006 0.815 0.008 0.001 0.031 0.001 0.001 0.001 0.000 0.002 0.001 0.001 0.006 0.002 0.001 0.001 0.001 0.022 0.007 
13 goldfish_vis 30 0.994 0.015 0.001 0.994 0.178 0.004 0.005 0.408 0.001 0.001 0.404 0.000 0.001 0.004 0.084 0.033 0.001 0.003 0.001 0.001 0.014 0.000 0.063 0.988 0.002 0.007 0.963 0.705 0.014 0.940 0.682 0.000 0.001 0.004 0.013 0.024 0.001 0.001 0.002 0.003 0.750 0.211 0.888 0.548 0.001 0.001 0.001 0.001 0.002 0.002 0.000 0.021 0.002 0.001 0.001 0.001 0.001 0.001 
14 salmon_vis 30 0.995 0.006 0.531 0.793 0.001 0.002 0.002 0.018 0.001 0.001 0.025 0.001 0.001 0.001 0.005 0.000 0.859 0.021 0.004 0.001 0.286 0.000 0.010 0.040 0.024 0.022 0.976 0.001 0.003 0.019 0.002 0.001 0.001 0.000 0.005 0.001 0.000 0.001 0.003 0.001 0.028 0.016 0.003 0.207 0.001 0.001 0.001 0.000 0.001 0.001 0.000 0.001 0.001 0.001 0.001 0.001 0.003 0.010 
15 sardine_vis 30 0.994 0.004 0.001 0.988 0.619 0.006 0.002 0.167 0.002 0.001 0.058 0.000 0.001 0.001 0.008 0.001 0.001 0.001 0.002 0.001 0.001 0.000 0.005 0.896 0.002 0.007 0.698 0.021 0.003 0.890 0.050 0.001 0.001 0.001 0.002 0.102 0.001 0.001 0.001 0.001 0.347 0.876 0.007 0.113 0.001 0.001 0.001 0.001 0.001 0.004 0.000 0.005 0.001 0.001 0.001 0.002 0.001 0.001 
16 catfish_vis 30 0.995 0.042 0.004 0.985 0.062 0.001 0.001 0.113 0.001 0.001 0.123 0.000 0.001 0.001 0.004 0.005 0.006 0.002 0.001 0.001 0.010 0.000 0.001 0.108 0.036 0.014 0.973 0.003 0.256 0.297 0.006 0.003 0.001 0.000 0.003 0.028 0.000 0.001 0.002 0.001 0.090 0.808 0.025 0.035 0.001 0.001 0.001 0.001 0.001 0.002 0.000 0.001 0.000 0.001 0.001 0.001 0.001 0.001 
17 cod_vis 30 0.993 0.007 0.001 0.993 0.618 0.010 0.005 0.345 0.003 0.001 0.296 0.001 0.001 0.001 0.028 0.003 0.001 0.005 0.002 0.001 0.003 0.000 0.021 0.964 0.002 0.008 0.883 0.050 0.004 0.902 0.138 0.000 0.001 0.002 0.006 0.112 0.001 0.001 0.002 0.002 0.667 0.913 0.043 0.257 0.001 0.001 0.001 0.001 0.002 0.008 0.000 0.024 0.001 0.001 0.001 0.002 0.002 0.001 
18 turtle_vis 30 0.995 0.046 0.011 0.019 0.905 0.001 0.001 0.032 0.001 0.001 0.003 0.000 0.000 0.076 0.001 0.073 0.000 0.003 0.001 0.001 0.092 0.000 0.001 0.005 0.011 0.001 0.118 0.002 0.967 0.240 0.048 0.153 0.001 0.002 0.003 0.002 0.000 0.004 0.001 0.001 0.003 0.004 0.050 0.005 0.001 0.011 0.001 0.001 0.001 0.001 0.000 0.001 0.001 0.001 0.003 0.002 0.001 0.001 
19 rattlesnake_vis 30 0.993 0.005 0.001 0.016 0.992 0.002 0.002 0.281 0.001 0.001 0.005 0.000 0.000 0.046 0.001 0.133 0.000 0.017 0.001 0.001 0.035 0.000 0.001 0.037 0.001 0.000 0.113 0.125 0.803 0.984 0.421 0.054 0.011 0.012 0.011 0.003 0.001 0.006 0.001 0.001 0.006 0.177 0.077 0.021 0.002 0.837 0.001 0.025 0.001 0.003 0.001 0.002 0.003 0.001 0.003 0.183 0.001 0.001 
20 crab_vis 30 0.994 0.004 0.001 0.929 0.354 0.028 0.123 0.206 0.001 0.001 0.013 0.000 0.000 0.005 0.001 0.000 0.000 0.001 0.001 0.001 0.008 0.000 0.026 0.932 0.002 0.002 0.096 0.025 0.002 0.458 0.569 0.000 0.002 0.004 0.149 0.012 0.002 0.014 0.002 0.001 0.032 0.001 0.047 0.735 0.002 0.001 0.001 0.000 0.001 0.001 0.000 0.002 0.001 0.001 0.001 0.001 0.001 0.001 
21 frog_vis 30 0.995 0.043 0.003 0.966 0.030 0.001 0.001 0.037 0.001 0.001 0.158 0.000 0.001 0.002 0.001 0.001 0.003 0.003 0.001 0.001 0.005 0.000 0.001 0.011 0.041 0.026 0.967 0.001 0.315 0.024 0.005 0.006 0.001 0.001 0.002 0.002 0.000 0.001 0.001 0.001 0.007 0.471 0.003 0.005 0.001 0.001 0.001 0.001 0.001 0.001 0.000 0.001 0.000 0.001 0.001 0.001 0.001 0.000 
22 gecko_vis 30 0.990 0.001 0.022 0.835 0.093 0.053 0.760 0.002 0.001 0.006 0.001 0.001 0.001 0.001 0.001 0.000 0.041 0.001 0.003 0.001 0.073 0.001 0.349 0.016 0.049 0.001 0.004 0.100 0.000 0.016 0.048 0.000 0.267 0.003 0.406 0.001 0.004 0.033 0.009 0.001 0.001 0.001 0.002 0.002 0.001 0.001 0.001 0.001 0.002 0.003 0.001 0.001 0.005 0.003 0.001 0.001 0.017 0.032 
23 crocodile_vis 30 0.994 0.003 0.001 0.712 0.587 0.019 0.074 0.167 0.001 0.001 0.002 0.000 0.000 0.005 0.001 0.001 0.000 0.001 0.001 0.001 0.005 0.000 0.005 0.853 0.001 0.001 0.027 0.008 0.003 0.700 0.341 0.001 0.003 0.013 0.018 0.059 0.004 0.045 0.002 0.001 0.042 0.001 0.064 0.800 0.002 0.001 0.001 0.001 0.001 0.001 0.001 0.003 0.003 0.001 0.002 0.001 0.001 0.001 
24 axe_vis 30 0.001 0.001 0.001 0.009 0.001 0.996 0.979 0.154 0.909 0.008 0.001 0.001 0.004 0.001 0.001 0.000 0.004 0.000 0.002 0.000 0.000 0.000 0.004 0.002 0.455 0.002 0.001 0.003 0.000 0.003 0.001 0.000 0.004 0.000 0.845 0.001 0.002 0.970 0.092 0.001 0.004 0.001 0.001 0.006 0.001 0.252 0.003 0.000 0.549 0.755 0.001 0.001 0.000 0.001 0.032 0.002 0.480 0.031 
25 hammer_vis 30 0.014 0.001 0.001 0.025 0.001 0.996 0.993 0.392 0.006 0.004 0.001 0.000 0.001 0.001 0.002 0.001 0.012 0.000 0.001 0.000 0.001 0.000 0.003 0.021 0.025 0.001 0.025 0.003 0.000 0.450 0.001 0.000 0.001 0.000 0.869 0.025 0.011 0.926 0.049 0.012 0.220 0.002 0.004 0.657 0.001 0.073 0.001 0.000 0.205 0.044 0.001 0.001 0.002 0.001 0.022 0.002 0.049 0.007 
26 screwdriver_vis 30 0.003 0.001 0.001 0.010 0.005 0.996 0.995 0.017 0.005 0.001 0.001 0.000 0.001 0.000 0.001 0.000 0.001 0.000 0.002 0.000 0.000 0.000 0.003 0.002 0.082 0.001 0.001 0.000 0.000 0.007 0.000 0.000 0.011 0.000 0.134 0.010 0.017 0.983 0.702 0.003 0.017 0.001 0.000 0.007 0.001 0.001 0.001 0.000 0.008 0.025 0.002 0.001 0.001 0.001 0.003 0.001 0.144 0.003 
27 chisel_vis 30 0.004 0.001 0.001 0.007 0.001 0.996 0.994 0.007 0.006 0.001 0.001 0.000 0.001 0.000 0.001 0.000 0.003 0.000 0.002 0.000 0.000 0.000 0.002 0.001 0.024 0.001 0.001 0.000 0.000 0.012 0.000 0.000 0.003 0.000 0.018 0.001 0.006 0.977 0.246 0.002 0.009 0.001 0.000 0.006 0.001 0.002 0.001 0.000 0.008 0.016 0.001 0.001 0.001 0.001 0.001 0.001 0.092 0.002 
28 saw_vis 30 0.008 0.002 0.001 0.059 0.009 0.996 0.995 0.186 0.029 0.007 0.001 0.000 0.003 0.002 0.002 0.000 0.010 0.000 0.002 0.000 0.001 0.000 0.038 0.008 0.306 0.003 0.003 0.014 0.000 0.159 0.004 0.000 0.006 0.000 0.957 0.063 0.014 0.985 0.645 0.046 0.226 0.002 0.001 0.030 0.001 0.040 0.001 0.000 0.140 0.121 0.006 0.001 0.008 0.001 0.041 0.002 0.165 0.012 
29 drill_vis 30 0.007 0.001 0.001 0.058 0.002 0.995 0.994 0.011 0.002 0.016 0.001 0.000 0.001 0.000 0.001 0.000 0.001 0.000 0.002 0.000 0.000 0.000 0.007 0.003 0.024 0.002 0.002 0.002 0.000 0.008 0.000 0.000 0.002 0.000 0.011 0.196 0.001 0.680 0.872 0.127 0.400 0.003 0.001 0.003 0.001 0.001 0.001 0.001 0.003 0.003 0.005 0.001 0.026 0.001 0.037 0.001 0.016 0.011 
30 clamp_vis 30 0.002 0.001 0.001 0.010 0.001 0.996 0.002 0.993 0.008 0.003 0.006 0.000 0.000 0.001 0.001 0.000 0.000 0.001 0.001 0.000 0.000 0.000 0.001 0.108 0.001 0.001 0.068 0.000 0.000 0.003 0.001 0.000 0.001 0.000 0.001 0.004 0.000 0.015 0.002 0.002 0.862 0.263 0.100 0.341 0.004 0.002 0.001 0.001 0.002 0.004 0.000 0.031 0.001 0.001 0.004 0.001 0.002 0.028 
31 hoe_vis 30 0.002 0.001 0.001 0.005 0.001 0.996 0.065 0.987 0.006 0.001 0.003 0.000 0.000 0.000 0.000 0.000 0.000 0.001 0.001 0.000 0.000 0.000 0.000 0.047 0.001 0.001 0.007 0.000 0.000 0.019 0.001 0.000 0.001 0.000 0.001 0.001 0.000 0.451 0.003 0.001 0.930 0.020 0.003 0.472 0.003 0.004 0.001 0.001 0.002 0.005 0.000 0.010 0.000 0.001 0.001 0.001 0.007 0.006 
32 rake_vis 30 0.003 0.001 0.001 0.014 0.001 0.996 0.002 0.988 0.004 0.004 0.007 0.000 0.000 0.001 0.001 0.000 0.000 0.001 0.001 0.000 0.000 0.000 0.001 0.141 0.001 0.001 0.062 0.000 0.001 0.002 0.002 0.000 0.001 0.000 0.001 0.020 0.000 0.008 0.002 0.002 0.879 0.049 0.076 0.381 0.006 0.003 0.001 0.001 0.002 0.002 0.000 0.031 0.001 0.001 0.004 0.001 0.002 0.028 
33 shovel_vis 30 0.009 0.001 0.001 0.004 0.001 0.996 0.777 0.986 0.003 0.001 0.003 0.000 0.000 0.001 0.001 0.000 0.001 0.001 0.001 0.000 0.000 0.000 0.001 0.063 0.001 0.001 0.019 0.000 0.000 0.397 0.001 0.000 0.001 0.000 0.001 0.001 0.001 0.882 0.001 0.001 0.923 0.002 0.002 0.868 0.001 0.016 0.001 0.000 0.008 0.004 0.000 0.011 0.001 0.001 0.001 0.001 0.025 0.002 
34 spade_vis 30 0.003 0.001 0.001 0.008 0.001 0.996 0.017 0.991 0.002 0.006 0.004 0.000 0.000 0.001 0.001 0.001 0.000 0.001 0.001 0.001 0.001 0.000 0.001 0.073 0.001 0.001 0.013 0.000 0.000 0.006 0.002 0.000 0.001 0.000 0.001 0.002 0.000 0.070 0.011 0.005 0.979 0.020 0.019 0.132 0.017 0.003 0.001 0.001 0.001 0.001 0.000 0.013 0.001 0.001 0.004 0.001 0.003 0.010 
35 wrench_vis 30 0.002 0.001 0.001 0.002 0.001 0.996 0.001 0.989 0.029 0.001 0.004 0.000 0.000 0.001 0.001 0.000 0.001 0.001 0.001 0.000 0.001 0.000 0.000 0.073 0.001 0.000 0.048 0.000 0.001 0.024 0.001 0.000 0.001 0.000 0.007 0.001 0.001 0.061 0.001 0.001 0.029 0.004 0.043 0.950 0.001 0.243 0.001 0.001 0.089 0.025 0.000 0.057 0.000 0.001 0.001 0.002 0.008 0.004 
36 accordion_vis 30 0.001 0.001 0.001 0.002 0.001 0.996 0.004 0.002 0.994 0.009 0.001 0.006 0.003 0.000 0.002 0.000 0.000 0.001 0.024 0.002 0.000 0.000 0.001 0.001 0.003 0.004 0.001 0.002 0.000 0.003 0.000 0.014 0.004 0.001 0.044 0.001 0.002 0.016 0.002 0.001 0.001 0.005 0.001 0.001 0.001 0.142 0.850 0.030 0.582 0.978 0.003 0.070 0.000 0.005 0.002 0.034 0.006 0.002 
37 cello_vis 30 0.004 0.001 0.001 0.003 0.001 0.996 0.001 0.602 0.964 0.002 0.001 0.000 0.000 0.000 0.002 0.001 0.000 0.000 0.001 0.001 0.000 0.000 0.000 0.112 0.001 0.001 0.068 0.000 0.000 0.231 0.000 0.004 0.001 0.001 0.001 0.001 0.001 0.014 0.001 0.001 0.015 0.023 0.010 0.879 0.001 0.344 0.002 0.016 0.153 0.360 0.001 0.739 0.000 0.001 0.002 0.004 0.002 0.001 
38 flute_vis 30 0.002 0.001 0.001 0.006 0.001 0.996 0.072 0.003 0.994 0.008 0.001 0.000 0.002 0.000 0.017 0.001 0.001 0.000 0.006 0.001 0.000 0.000 0.001 0.008 0.005 0.001 0.001 0.004 0.000 0.013 0.000 0.005 0.001 0.001 0.112 0.001 0.005 0.376 0.001 0.001 0.001 0.002 0.001 0.089 0.001 0.261 0.056 0.072 0.987 0.877 0.013 0.136 0.000 0.001 0.035 0.039 0.027 0.004 
39 guitar_vis 30 0.001 0.001 0.001 0.004 0.001 0.996 0.083 0.015 0.974 0.004 0.001 0.000 0.003 0.000 0.000 0.000 0.012 0.000 0.002 0.000 0.000 0.000 0.001 0.001 0.098 0.001 0.001 0.003 0.000 0.002 0.000 0.000 0.001 0.000 0.389 0.000 0.001 0.122 0.002 0.001 0.001 0.004 0.001 0.023 0.001 0.056 0.007 0.001 0.179 0.899 0.000 0.001 0.000 0.002 0.003 0.010 0.029 0.010 
40 piano_vis 30 0.005 0.001 0.001 0.006 0.001 0.995 0.001 0.173 0.994 0.002 0.001 0.000 0.000 0.000 0.010 0.002 0.000 0.000 0.001 0.002 0.000 0.000 0.001 0.189 0.001 0.005 0.017 0.000 0.000 0.200 0.000 0.011 0.001 0.003 0.001 0.001 0.001 0.009 0.001 0.001 0.011 0.015 0.007 0.812 0.001 0.364 0.001 0.040 0.289 0.473 0.002 0.966 0.001 0.001 0.002 0.002 0.002 0.001 
41 trumpet_vis 30 0.003 0.001 0.001 0.001 0.001 0.996 0.001 0.967 0.070 0.001 0.002 0.000 0.000 0.001 0.001 0.003 0.000 0.001 0.001 0.001 0.000 0.000 0.000 0.053 0.000 0.000 0.026 0.000 0.000 0.030 0.000 0.001 0.001 0.001 0.001 0.001 0.001 0.029 0.001 0.001 0.019 0.004 0.045 0.922 0.002 0.066 0.001 0.003 0.039 0.012 0.000 0.119 0.000 0.001 0.001 0.002 0.002 0.002 
42 fork_vis 30 0.001 0.001 0.002 0.007 0.001 0.996 0.943 0.259 0.278 0.971 0.001 0.000 0.000 0.001 0.000 0.000 0.124 0.001 0.003 0.001 0.017 0.000 0.214 0.001 0.219 0.000 0.003 0.001 0.000 0.004 0.000 0.000 0.017 0.000 0.757 0.001 0.001 0.855 0.298 0.004 0.035 0.003 0.009 0.020 0.001 0.427 0.001 0.002 0.680 0.407 0.001 0.001 0.018 0.033 0.772 0.034 0.906 0.813 
43 spoon_vis 30 0.001 0.001 0.002 0.002 0.001 0.996 0.784 0.056 0.015 0.994 0.001 0.000 0.000 0.000 0.000 0.000 0.024 0.001 0.005 0.001 0.002 0.000 0.127 0.001 0.030 0.000 0.001 0.000 0.000 0.000 0.000 0.000 0.128 0.000 0.018 0.001 0.001 0.762 0.908 0.001 0.007 0.008 0.000 0.003 0.001 0.004 0.001 0.001 0.027 0.046 0.000 0.001 0.030 0.026 0.332 0.024 0.976 0.990 
44 tongs_vis 30 0.001 0.001 0.001 0.014 0.001 0.996 0.503 0.068 0.799 0.255 0.001 0.000 0.001 0.001 0.001 0.001 0.005 0.000 0.001 0.000 0.001 0.000 0.001 0.005 0.113 0.001 0.002 0.007 0.000 0.006 0.000 0.000 0.001 0.000 0.133 0.004 0.001 0.774 0.013 0.004 0.032 0.005 0.035 0.316 0.001 0.064 0.001 0.001 0.679 0.508 0.000 0.001 0.001 0.002 0.537 0.013 0.036 0.097 
45 ladle_vis 30 0.001 0.001 0.001 0.002 0.001 0.996 0.010 0.011 0.014 0.983 0.001 0.000 0.000 0.000 0.000 0.000 0.037 0.001 0.003 0.000 0.001 0.000 0.106 0.001 0.004 0.000 0.001 0.000 0.000 0.001 0.000 0.000 0.010 0.000 0.004 0.000 0.001 0.079 0.276 0.001 0.002 0.015 0.000 0.001 0.001 0.002 0.001 0.001 0.003 0.039 0.000 0.001 0.002 0.008 0.003 0.017 0.850 0.593 
46 knife_vis 30 0.001 0.000 0.002 0.002 0.001 0.996 0.868 0.034 0.020 0.989 0.001 0.000 0.000 0.000 0.000 0.000 0.164 0.000 0.004 0.000 0.003 0.000 0.221 0.001 0.057 0.000 0.001 0.000 0.000 0.000 0.000 0.000 0.114 0.000 0.389 0.000 0.001 0.852 0.800 0.001 0.001 0.002 0.000 0.002 0.001 0.027 0.001 0.000 0.063 0.107 0.000 0.001 0.001 0.003 0.005 0.006 0.990 0.984 
47 chopsticks_vis 30 0.001 0.001 0.003 0.006 0.001 0.996 0.083 0.029 0.066 0.981 0.001 0.000 0.000 0.000 0.000 0.000 0.724 0.000 0.006 0.001 0.038 0.000 0.480 0.001 0.042 0.001 0.005 0.000 0.000 0.001 0.000 0.000 0.004 0.000 0.776 0.001 0.001 0.036 0.140 0.002 0.010 0.003 0.003 0.033 0.001 0.007 0.001 0.001 0.085 0.083 0.000 0.001 0.004 0.040 0.047 0.012 0.456 0.987 
0 beaver_vis 30 0.996 0.975 0.013 0.010 0.001 0.001 0.001 0.002 0.001 0.001 0.496 0.019 0.041 0.035 0.063 0.001 0.002 0.010 0.008 0.001 0.001 0.001 0.001 0.001 0.001 0.002 0.010 0.000 0.000 0.006 0.001 0.000 0.001 0.000 0.001 0.000 0.001 0.000 0.001 0.002 0.001 0.001 0.000 0.003 0.001 0.000 0.001 0.000 0.001 0.001 0.000 0.001 0.000 0.003 0.000 0.000 0.001 0.000 
1 bear_vis 30 0.995 0.876 0.010 0.036 0.002 0.005 0.001 0.001 0.052 0.001 0.006 0.581 0.012 0.002 0.189 0.001 0.000 0.001 0.019 0.002 0.001 0.001 0.001 0.006 0.001 0.122 0.001 0.000 0.000 0.001 0.001 0.005 0.001 0.002 0.002 0.000 0.002 0.001 0.001 0.001 0.001 0.001 0.001 0.003 0.001 0.001 0.003 0.000 0.006 0.001 0.003 0.029 0.000 0.001 0.001 0.000 0.001 0.000 
2 sheep_vis 30 0.995 0.010 0.916 0.239 0.001 0.001 0.003 0.001 0.001 0.001 0.003 0.001 0.014 0.001 0.003 0.000 0.985 0.002 0.026 0.001 0.109 0.009 0.015 0.001 0.434 0.002 0.018 0.000 0.000 0.001 0.000 0.001 0.002 0.000 0.004 0.000 0.001 0.001 0.001 0.001 0.001 0.001 0.000 0.001 0.001 0.000 0.001 0.000 0.001 0.001 0.000 0.000 0.000 0.005 0.001 0.001 0.007 0.004 
3 buffalo_vis 30 0.996 0.970 0.009 0.009 0.001 0.001 0.001 0.004 0.001 0.001 0.682 0.018 0.022 0.024 0.029 0.001 0.001 0.017 0.003 0.001 0.001 0.001 0.000 0.002 0.001 0.001 0.015 0.000 0.001 0.017 0.001 0.001 0.001 0.000 0.001 0.000 0.002 0.001 0.001 0.002 0.001 0.001 0.001 0.002 0.001 0.001 0.001 0.000 0.001 0.001 0.000 0.001 0.000 0.002 0.001 0.001 0.001 0.000 
4 poodle_vis 30 0.996 0.984 0.013 0.081 0.001 0.002 0.001 0.001 0.059 0.001 0.055 0.747 0.027 0.001 0.965 0.001 0.001 0.001 0.078 0.002 0.000 0.001 0.001 0.008 0.001 0.625 0.002 0.000 0.000 0.001 0.000 0.001 0.001 0.001 0.001 0.000 0.000 0.000 0.001 0.008 0.001 0.001 0.000 0.000 0.001 0.000 0.001 0.000 0.001 0.001 0.004 0.090 0.000 0.002 0.000 0.000 0.001 0.000 
5 giraffe_vis 30 0.996 0.990 0.008 0.015 0.001 0.001 0.001 0.005 0.001 0.001 0.810 0.118 0.106 0.157 0.194 0.003 0.000 0.017 0.004 0.001 0.001 0.001 0.000 0.003 0.001 0.004 0.016 0.000 0.001 0.002 0.008 0.001 0.001 0.001 0.001 0.000 0.001 0.001 0.001 0.002 0.001 0.001 0.001 0.002 0.006 0.001 0.002 0.000 0.001 0.001 0.001 0.002 0.000 0.001 0.001 0.001 0.001 0.000 
6 robin_vis 30 0.995 0.003 0.990 0.987 0.001 0.002 0.001 0.001 0.001 0.001 0.003 0.001 0.006 0.001 0.002 0.000 0.992 0.007 0.137 0.002 0.459 0.009 0.061 0.001 0.614 0.011 0.716 0.000 0.001 0.001 0.000 0.003 0.008 0.000 0.003 0.001 0.001 0.004 0.005 0.001 0.001 0.008 0.000 0.012 0.001 0.001 0.001 0.000 0.001 0.019 0.000 0.000 0.001 0.004 0.001 0.023 0.071 0.119 
7 swan_vis 30 0.995 0.003 0.982 0.440 0.001 0.001 0.002 0.001 0.001 0.002 0.001 0.001 0.002 0.003 0.001 0.001 0.987 0.009 0.015 0.020 0.769 0.027 0.009 0.001 0.492 0.001 0.173 0.000 0.002 0.008 0.000 0.010 0.033 0.000 0.002 0.000 0.001 0.073 0.001 0.001 0.001 0.001 0.000 0.022 0.001 0.002 0.001 0.000 0.001 0.001 0.000 0.000 0.002 0.002 0.001 0.062 0.074 0.025 
8 woodpecker_vis 30 0.995 0.024 0.977 0.119 0.001 0.035 0.001 0.001 0.062 0.001 0.001 0.017 0.026 0.000 0.033 0.000 0.128 0.001 0.857 0.055 0.002 0.012 0.065 0.001 0.010 0.090 0.002 0.000 0.000 0.000 0.000 0.002 0.004 0.001 0.004 0.000 0.001 0.001 0.002 0.002 0.001 0.001 0.000 0.001 0.001 0.000 0.001 0.000 0.003 0.001 0.014 0.001 0.001 0.006 0.001 0.001 0.014 0.001 
9 peacock_vis 30 0.994 0.002 0.993 0.249 0.778 0.006 0.001 0.001 0.002 0.002 0.001 0.331 0.001 0.001 0.001 0.001 0.020 0.285 0.199 0.989 0.637 0.004 0.037 0.007 0.003 0.500 0.015 0.000 0.000 0.002 0.000 0.952 0.337 0.730 0.001 0.000 0.001 0.003 0.008 0.001 0.001 0.001 0.000 0.015 0.001 0.042 0.001 0.041 0.003 0.001 0.006 0.250 0.002 0.002 0.001 0.002 0.369 0.015 
10 crow_vis 30 0.994 0.003 0.993 0.216 0.903 0.001 0.001 0.058 0.001 0.015 0.003 0.002 0.001 0.025 0.001 0.003 0.980 0.679 0.012 0.588 0.985 0.130 0.019 0.001 0.374 0.001 0.646 0.000 0.398 0.278 0.002 0.844 0.765 0.002 0.005 0.001 0.003 0.285 0.002 0.001 0.001 0.290 0.001 0.052 0.001 0.921 0.003 0.093 0.002 0.083 0.001 0.001 0.007 0.002 0.002 0.947 0.380 0.038 
11 eagle_vis 30 0.995 0.005 0.926 0.019 0.001 0.001 0.001 0.001 0.001 0.001 0.001 0.001 0.011 0.001 0.001 0.000 0.971 0.003 0.034 0.001 0.015 0.028 0.008 0.000 0.068 0.001 0.004 0.000 0.000 0.000 0.000 0.001 0.002 0.000 0.002 0.000 0.001 0.001 0.001 0.001 0.001 0.001 0.000 0.000 0.001 0.001 0.001 0.000 0.001 0.001 0.000 0.000 0.001 0.005 0.001 0.001 0.008 0.001 
12 tuna_vis 30 0.992 0.001 0.099 0.913 0.002 0.130 0.008 0.001 0.004 0.013 0.001 0.001 0.001 0.000 0.003 0.000 0.166 0.001 0.029 0.003 0.053 0.002 0.977 0.006 0.004 0.014 0.002 0.023 0.000 0.001 0.001 0.000 0.263 0.011 0.003 0.000 0.000 0.001 0.140 0.001 0.001 0.001 0.000 0.001 0.001 0.000 0.001 0.001 0.002 0.001 0.001 0.001 0.016 0.001 0.001 0.001 0.027 0.156 
13 goldfish_vis 30 0.995 0.152 0.008 0.995 0.862 0.670 0.003 0.007 0.898 0.001 0.032 0.043 0.001 0.000 0.706 0.004 0.001 0.002 0.141 0.025 0.001 0.000 0.025 0.991 0.003 0.961 0.680 0.007 0.000 0.124 0.005 0.443 0.003 0.534 0.003 0.005 0.001 0.003 0.042 0.006 0.721 0.516 0.004 0.731 0.001 0.001 0.001 0.013 0.019 0.101 0.002 0.951 0.001 0.001 0.001 0.001 0.009 0.001 
14 salmon_vis 30 0.995 0.002 0.905 0.435 0.001 0.001 0.003 0.001 0.001 0.001 0.001 0.001 0.002 0.000 0.001 0.000 0.981 0.001 0.008 0.001 0.208 0.002 0.028 0.001 0.502 0.010 0.055 0.001 0.000 0.001 0.000 0.001 0.002 0.000 0.008 0.000 0.000 0.001 0.003 0.001 0.001 0.001 0.000 0.001 0.001 0.000 0.001 0.000 0.001 0.001 0.000 0.000 0.000 0.001 0.001 0.001 0.005 0.012 
15 sardine_vis 30 0.995 0.046 0.014 0.988 0.001 0.002 0.004 0.001 0.053 0.001 0.001 0.002 0.048 0.000 0.026 0.001 0.006 0.000 0.018 0.001 0.002 0.001 0.002 0.004 0.791 0.592 0.014 0.286 0.005 0.001 0.000 0.027 0.001 0.002 0.002 0.001 0.000 0.001 0.004 0.001 0.001 0.001 0.000 0.001 0.001 0.000 0.001 0.000 0.002 0.001 0.001 0.001 0.000 0.001 0.001 0.000 0.001 0.001 
16 catfish_vis 30 0.996 0.003 0.368 0.881 0.001 0.001 0.001 0.004 0.001 0.001 0.004 0.001 0.001 0.001 0.002 0.000 0.466 0.006 0.002 0.001 0.342 0.000 0.019 0.007 0.015 0.017 0.972 0.000 0.003 0.002 0.001 0.001 0.001 0.001 0.003 0.001 0.000 0.001 0.002 0.001 0.008 0.002 0.002 0.017 0.001 0.000 0.001 0.000 0.001 0.001 0.000 0.001 0.002 0.001 0.001 0.000 0.001 0.015 
17 cod_vis 30 0.994 0.171 0.152 0.994 0.006 0.023 0.004 0.001 0.919 0.001 0.001 0.011 0.065 0.000 0.880 0.006 0.016 0.000 0.735 0.010 0.001 0.001 0.038 0.717 0.305 0.967 0.030 0.211 0.000 0.004 0.001 0.377 0.005 0.068 0.004 0.001 0.001 0.003 0.014 0.003 0.003 0.001 0.001 0.008 0.001 0.001 0.001 0.002 0.032 0.009 0.006 0.013 0.000 0.001 0.001 0.001 0.006 0.001 
18 turtle_vis 30 0.995 0.170 0.010 0.034 0.989 0.001 0.009 0.357 0.001 0.001 0.003 0.008 0.001 0.634 0.001 0.007 0.000 0.008 0.001 0.001 0.476 0.001 0.001 0.018 0.071 0.002 0.069 0.010 0.946 0.322 0.890 0.058 0.020 0.016 0.798 0.001 0.001 0.017 0.001 0.001 0.001 0.001 0.239 0.054 0.002 0.616 0.001 0.001 0.003 0.001 0.001 0.001 0.001 0.001 0.006 0.001 0.001 0.000 
19 rattlesnake_vis 30 0.993 0.012 0.002 0.024 0.992 0.002 0.003 0.745 0.001 0.001 0.005 0.000 0.000 0.245 0.001 0.142 0.000 0.023 0.001 0.001 0.100 0.000 0.001 0.085 0.002 0.000 0.104 0.122 0.890 0.984 0.872 0.077 0.112 0.049 0.230 0.004 0.005 0.034 0.001 0.001 0.004 0.165 0.463 0.042 0.001 0.959 0.001 0.034 0.002 0.007 0.001 0.002 0.005 0.001 0.013 0.227 0.001 0.001 
20 crab_vis 30 0.993 0.001 0.050 0.654 0.043 0.075 0.245 0.002 0.001 0.005 0.001 0.001 0.000 0.001 0.001 0.000 0.265 0.001 0.002 0.001 0.086 0.001 0.905 0.023 0.010 0.001 0.008 0.011 0.000 0.012 0.031 0.000 0.273 0.004 0.486 0.001 0.002 0.002 0.005 0.001 0.002 0.001 0.002 0.005 0.001 0.001 0.001 0.000 0.002 0.001 0.001 0.001 0.008 0.001 0.001 0.001 0.066 0.065 
21 frog_vis 30 0.995 0.040 0.013 0.937 0.005 0.001 0.010 0.001 0.001 0.001 0.001 0.001 0.035 0.001 0.001 0.001 0.064 0.001 0.002 0.001 0.005 0.001 0.001 0.002 0.835 0.086 0.054 0.044 0.027 0.001 0.001 0.006 0.001 0.001 0.005 0.001 0.000 0.001 0.001 0.001 0.001 0.001 0.001 0.001 0.001 0.001 0.001 0.001 0.001 0.001 0.001 0.001 0.000 0.001 0.001 0.001 0.001 0.000 
22 gecko_vis 30 0.978 0.001 0.105 0.361 0.505 0.707 0.869 0.001 0.001 0.136 0.000 0.001 0.001 0.001 0.001 0.000 0.065 0.001 0.004 0.002 0.098 0.003 0.942 0.002 0.039 0.001 0.001 0.006 0.000 0.004 0.012 0.000 0.975 0.006 0.596 0.001 0.002 0.197 0.665 0.001 0.001 0.001 0.001 0.001 0.001 0.001 0.001 0.001 0.002 0.001 0.001 0.001 0.023 0.002 0.001 0.001 0.788 0.157 
23 crocodile_vis 30 0.994 0.003 0.002 0.062 0.990 0.006 0.001 0.002 0.002 0.001 0.000 0.013 0.000 0.001 0.001 0.001 0.000 0.001 0.001 0.024 0.003 0.000 0.005 0.458 0.001 0.004 0.001 0.002 0.001 0.120 0.306 0.015 0.274 0.888 0.002 0.001 0.002 0.009 0.002 0.001 0.001 0.001 0.001 0.018 0.008 0.015 0.001 0.002 0.004 0.001 0.028 0.072 0.002 0.001 0.001 0.001 0.002 0.001 
24 axe_vis 30 0.004 0.002 0.001 0.033 0.011 0.996 0.994 0.065 0.091 0.001 0.001 0.001 0.006 0.001 0.002 0.000 0.013 0.000 0.004 0.000 0.000 0.000 0.049 0.003 0.462 0.009 0.002 0.010 0.000 0.037 0.003 0.000 0.016 0.000 0.991 0.001 0.011 0.972 0.837 0.005 0.014 0.001 0.001 0.007 0.001 0.031 0.001 0.000 0.133 0.207 0.002 0.001 0.001 0.001 0.004 0.001 0.394 0.007 
25 hammer_vis 30 0.019 0.001 0.001 0.158 0.001 0.974 0.993 0.009 0.009 0.013 0.001 0.000 0.003 0.000 0.003 0.000 0.004 0.000 0.002 0.000 0.000 0.000 0.035 0.005 0.058 0.006 0.014 0.072 0.000 0.006 0.001 0.000 0.001 0.000 0.359 0.324 0.002 0.181 0.461 0.098 0.213 0.004 0.001 0.004 0.001 0.001 0.001 0.001 0.003 0.007 0.006 0.001 0.026 0.001 0.043 0.001 0.009 0.018 
26 screwdriver_vis 30 0.009 0.002 0.001 0.021 0.001 0.992 0.987 0.003 0.004 0.001 0.002 0.000 0.004 0.000 0.002 0.000 0.001 0.000 0.005 0.000 0.000 0.000 0.014 0.001 0.015 0.005 0.001 0.003 0.000 0.001 0.001 0.000 0.002 0.000 0.019 0.012 0.003 0.045 0.792 0.089 0.024 0.001 0.000 0.002 0.001 0.001 0.001 0.000 0.003 0.004 0.004 0.001 0.004 0.001 0.001 0.001 0.017 0.003 
27 chisel_vis 30 0.007 0.002 0.001 0.029 0.002 0.996 0.995 0.035 0.194 0.001 0.001 0.001 0.008 0.002 0.002 0.000 0.026 0.000 0.004 0.000 0.001 0.000 0.038 0.003 0.368 0.006 0.002 0.018 0.000 0.036 0.003 0.000 0.004 0.000 0.986 0.002 0.021 0.914 0.212 0.002 0.007 0.001 0.000 0.028 0.001 0.027 0.001 0.000 0.146 0.300 0.001 0.001 0.001 0.001 0.002 0.001 0.133 0.006 
28 saw_vis 30 0.433 0.001 0.001 0.448 0.075 0.805 0.945 0.001 0.002 0.014 0.001 0.000 0.003 0.000 0.001 0.000 0.001 0.001 0.006 0.000 0.000 0.001 0.082 0.002 0.035 0.004 0.001 0.082 0.000 0.002 0.003 0.000 0.071 0.000 0.006 0.002 0.003 0.014 0.942 0.126 0.019 0.001 0.000 0.001 0.001 0.001 0.001 0.000 0.003 0.001 0.005 0.001 0.019 0.001 0.003 0.001 0.043 0.002 
29 drill_vis 30 0.019 0.001 0.002 0.001 0.001 0.996 0.959 0.001 0.003 0.371 0.001 0.000 0.001 0.000 0.002 0.000 0.017 0.001 0.015 0.001 0.000 0.001 0.019 0.001 0.001 0.000 0.001 0.000 0.000 0.029 0.000 0.000 0.002 0.000 0.002 0.001 0.355 0.191 0.043 0.780 0.014 0.001 0.000 0.001 0.001 0.001 0.001 0.000 0.007 0.001 0.025 0.001 0.410 0.001 0.001 0.003 0.744 0.001 
30 clamp_vis 30 0.004 0.001 0.001 0.020 0.001 0.996 0.003 0.992 0.062 0.004 0.027 0.000 0.000 0.001 0.004 0.001 0.000 0.001 0.001 0.000 0.001 0.000 0.001 0.345 0.001 0.001 0.494 0.000 0.001 0.004 0.005 0.000 0.001 0.000 0.004 0.006 0.001 0.005 0.002 0.002 0.631 0.055 0.938 0.789 0.004 0.002 0.001 0.001 0.007 0.003 0.000 0.136 0.001 0.003 0.006 0.001 0.002 0.090 
31 hoe_vis 30 0.002 0.001 0.001 0.001 0.027 0.978 0.001 0.986 0.018 0.001 0.012 0.000 0.000 0.001 0.000 0.000 0.000 0.034 0.001 0.001 0.000 0.000 0.001 0.002 0.001 0.000 0.005 0.000 0.034 0.002 0.006 0.001 0.001 0.000 0.001 0.001 0.001 0.002 0.001 0.001 0.006 0.953 0.002 0.004 0.079 0.011 0.002 0.019 0.001 0.023 0.000 0.026 0.000 0.003 0.001 0.007 0.002 0.002 
32 rake_vis 30 0.005 0.001 0.001 0.005 0.001 0.995 0.001 0.992 0.037 0.014 0.015 0.000 0.000 0.002 0.002 0.003 0.000 0.001 0.001 0.001 0.002 0.000 0.001 0.191 0.001 0.001 0.339 0.001 0.007 0.006 0.012 0.000 0.001 0.000 0.004 0.005 0.000 0.002 0.001 0.001 0.406 0.049 0.989 0.686 0.008 0.016 0.001 0.002 0.009 0.003 0.000 0.148 0.001 0.003 0.024 0.001 0.001 0.071 
33 shovel_vis 30 0.003 0.001 0.001 0.002 0.001 0.996 0.003 0.984 0.011 0.001 0.002 0.000 0.000 0.001 0.001 0.000 0.001 0.001 0.001 0.000 0.000 0.000 0.000 0.078 0.001 0.000 0.036 0.000 0.000 0.017 0.000 0.000 0.001 0.000 0.002 0.001 0.001 0.077 0.001 0.001 0.036 0.002 0.054 0.983 0.001 0.065 0.001 0.000 0.069 0.011 0.000 0.040 0.000 0.001 0.001 0.001 0.007 0.004 
34 spade_vis 30 0.005 0.002 0.001 0.001 0.001 0.994 0.001 0.989 0.035 0.009 0.012 0.000 0.000 0.010 0.001 0.001 0.000 0.003 0.001 0.001 0.001 0.000 0.001 0.012 0.001 0.000 0.029 0.000 0.004 0.021 0.010 0.000 0.001 0.000 0.003 0.001 0.001 0.004 0.001 0.002 0.020 0.006 0.065 0.412 0.065 0.280 0.001 0.001 0.006 0.034 0.000 0.056 0.001 0.004 0.003 0.001 0.002 0.002 
35 wrench_vis 30 0.003 0.001 0.001 0.001 0.001 0.996 0.001 0.982 0.010 0.001 0.002 0.000 0.000 0.003 0.000 0.000 0.000 0.001 0.001 0.000 0.001 0.000 0.000 0.005 0.001 0.000 0.005 0.000 0.006 0.016 0.004 0.001 0.001 0.000 0.003 0.001 0.001 0.011 0.001 0.001 0.003 0.003 0.042 0.569 0.001 0.842 0.001 0.001 0.025 0.009 0.000 0.044 0.000 0.001 0.001 0.003 0.003 0.002 
36 accordion_vis 30 0.003 0.001 0.012 0.001 0.001 0.995 0.002 0.001 0.048 0.982 0.001 0.001 0.001 0.001 0.001 0.000 0.001 0.010 0.017 0.005 0.001 0.059 0.007 0.001 0.001 0.000 0.001 0.000 0.000 0.001 0.000 0.000 0.005 0.000 0.002 0.001 0.001 0.001 0.002 0.001 0.001 0.001 0.001 0.001 0.008 0.001 0.007 0.001 0.007 0.003 0.002 0.001 0.034 0.876 0.001 0.005 0.031 0.020 
37 cello_vis 30 0.002 0.001 0.001 0.005 0.001 0.995 0.001 0.002 0.991 0.061 0.001 0.001 0.003 0.000 0.002 0.001 0.001 0.000 0.006 0.002 0.000 0.000 0.001 0.003 0.008 0.004 0.001 0.002 0.000 0.001 0.000 0.003 0.001 0.003 0.001 0.001 0.001 0.005 0.001 0.001 0.001 0.002 0.001 0.006 0.001 0.003 0.006 0.032 0.098 0.109 0.010 0.009 0.001 0.012 0.022 0.002 0.015 0.042 
38 flute_vis 30 0.005 0.025 0.001 0.002 0.001 0.996 0.007 0.001 0.995 0.002 0.001 0.015 0.104 0.000 0.475 0.000 0.001 0.000 0.046 0.001 0.000 0.000 0.001 0.002 0.001 0.002 0.001 0.002 0.000 0.001 0.000 0.000 0.001 0.000 0.012 0.001 0.011 0.005 0.001 0.001 0.001 0.001 0.001 0.005 0.001 0.002 0.061 0.000 0.977 0.031 0.009 0.087 0.000 0.002 0.001 0.001 0.032 0.001 
39 guitar_vis 30 0.001 0.001 0.001 0.008 0.001 0.996 0.028 0.008 0.994 0.004 0.001 0.000 0.002 0.000 0.001 0.000 0.003 0.000 0.002 0.001 0.000 0.000 0.002 0.001 0.044 0.002 0.001 0.004 0.000 0.013 0.000 0.001 0.001 0.000 0.042 0.001 0.001 0.292 0.003 0.001 0.001 0.016 0.001 0.002 0.001 0.170 0.025 0.001 0.065 0.991 0.000 0.001 0.000 0.003 0.002 0.036 0.024 0.005 
40 piano_vis 30 0.007 0.004 0.001 0.001 0.001 0.995 0.002 0.001 0.995 0.003 0.000 0.004 0.008 0.000 0.043 0.003 0.000 0.000 0.009 0.002 0.000 0.000 0.001 0.001 0.001 0.003 0.000 0.003 0.000 0.002 0.000 0.001 0.001 0.002 0.004 0.001 0.004 0.003 0.001 0.002 0.001 0.001 0.001 0.002 0.001 0.003 0.015 0.005 0.889 0.014 0.067 0.045 0.001 0.001 0.002 0.001 0.010 0.001 
41 trumpet_vis 30 0.006 0.003 0.001 0.001 0.001 0.996 0.001 0.032 0.993 0.001 0.001 0.000 0.000 0.000 0.015 0.007 0.000 0.000 0.001 0.001 0.000 0.000 0.000 0.009 0.000 0.000 0.001 0.000 0.000 0.058 0.000 0.001 0.001 0.001 0.001 0.001 0.001 0.001 0.001 0.001 0.003 0.004 0.003 0.136 0.001 0.010 0.003 0.004 0.069 0.007 0.001 0.979 0.000 0.001 0.001 0.002 0.001 0.001 
42 fork_vis 30 0.002 0.001 0.004 0.005 0.001 0.995 0.847 0.056 0.050 0.993 0.001 0.000 0.001 0.000 0.001 0.000 0.398 0.001 0.012 0.001 0.022 0.000 0.823 0.001 0.182 0.001 0.002 0.000 0.000 0.001 0.000 0.000 0.110 0.000 0.977 0.001 0.001 0.277 0.968 0.006 0.007 0.001 0.001 0.001 0.001 0.019 0.001 0.001 0.110 0.122 0.001 0.001 0.011 0.127 0.054 0.002 0.986 0.989 
43 spoon_vis 30 0.002 0.001 0.004 0.001 0.000 0.996 0.002 0.003 0.044 0.987 0.002 0.000 0.002 0.000 0.001 0.000 0.011 0.006 0.041 0.001 0.000 0.004 0.022 0.001 0.001 0.000 0.001 0.000 0.000 0.000 0.000 0.000 0.002 0.000 0.004 0.000 0.001 0.001 0.004 0.003 0.001 0.001 0.000 0.001 0.002 0.001 0.003 0.000 0.003 0.005 0.000 0.001 0.013 0.963 0.001 0.006 0.068 0.053 
44 tongs_vis 30 0.002 0.001 0.002 0.005 0.001 0.996 0.031 0.008 0.045 0.812 0.001 0.000 0.001 0.000 0.001 0.000 0.777 0.000 0.004 0.001 0.014 0.000 0.551 0.001 0.020 0.001 0.005 0.000 0.000 0.001 0.000 0.000 0.002 0.000 0.582 0.001 0.001 0.009 0.071 0.002 0.007 0.002 0.003 0.005 0.001 0.001 0.001 0.001 0.019 0.044 0.001 0.001 0.003 0.032 0.030 0.002 0.313 0.977 
45 ladle_vis 30 0.001 0.001 0.002 0.001 0.001 0.996 0.004 0.005 0.012 0.817 0.001 0.000 0.001 0.000 0.000 0.000 0.073 0.001 0.003 0.001 0.001 0.000 0.037 0.001 0.002 0.000 0.001 0.000 0.000 0.000 0.000 0.000 0.008 0.000 0.007 0.000 0.001 0.022 0.016 0.001 0.001 0.002 0.000 0.001 0.001 0.002 0.001 0.000 0.003 0.034 0.000 0.001 0.001 0.007 0.001 0.010 0.393 0.623 
46 knife_vis 30 0.001 0.001 0.002 0.002 0.001 0.996 0.909 0.035 0.024 0.989 0.001 0.000 0.000 0.000 0.000 0.000 0.267 0.001 0.005 0.000 0.004 0.000 0.393 0.001 0.092 0.000 0.001 0.000 0.000 0.000 0.000 0.000 0.169 0.000 0.846 0.000 0.001 0.743 0.916 0.001 0.001 0.001 0.000 0.002 0.001 0.035 0.001 0.000 0.101 0.135 0.000 0.001 0.001 0.005 0.004 0.004 0.993 0.986 
47 chopsticks_vis 30 0.001 0.001 0.004 0.007 0.001 0.996 0.777 0.071 0.083 0.993 0.001 0.000 0.001 0.000 0.001 0.000 0.452 0.001 0.014 0.001 0.036 0.000 0.907 0.001 0.233 0.001 0.003 0.000 0.000 0.000 0.000 0.000 0.089 0.000 0.981 0.001 0.001 0.150 0.977 0.002 0.007 0.002 0.001 0.001 0.001 0.017 0.001 0.001 0.106 0.129 0.001 0.001 0.007 0.225 0.063 0.002 0.981 0.992 
