0 beaver_vis 30 0.994 0.973 0.005 0.000 0.004 0.001 0.000 0.001 0.001 0.000 0.006 0.031 0.083 0.081 0.262 0.004 0.013 0.017 0.002 0.001 0.000 0.001 0.000 0.000 0.001 0.000 0.000 0.000 0.001 0.049 0.001 0.000 0.000 0.000 0.000 0.000 0.001 0.000 0.000 0.001 0.000 0.007 0.001 0.000 0.001 0.000 0.143 0.002 0.000 0.000 0.001 0.000 0.001 0.001 0.000 0.000 0.001 0.000 
1 bear_vis 30 0.994 0.985 0.001 0.000 0.024 0.001 0.000 0.001 0.005 0.000 0.001 0.117 0.105 0.979 0.013 0.006 0.011 0.001 0.082 0.001 0.000 0.000 0.000 0.048 0.000 0.000 0.000 0.000 0.001 0.009 0.001 0.001 0.026 0.000 0.000 0.000 0.000 0.000 0.000 0.001 0.000 0.000 0.001 0.000 0.001 0.000 0.023 0.001 0.000 0.004 0.028 0.000 0.000 0.071 0.000 0.000 0.001 0.000 
2 sheep_vis 30 0.993 0.989 0.002 0.061 0.001 0.001 0.000 0.001 0.001 0.000 0.006 0.011 0.934 0.212 0.008 0.001 0.003 0.001 0.192 0.001 0.000 0.015 0.001 0.029 0.002 0.001 0.000 0.000 0.001 0.001 0.000 0.000 0.000 0.000 0.000 0.000 0.000 0.000 0.001 0.001 0.000 0.000 0.000 0.000 0.067 0.000 0.001 0.001 0.000 0.003 0.001 0.000 0.001 0.001 0.000 0.000 0.000 0.000 
3 buffalo_vis 30 0.994 0.810 0.001 0.001 0.356 0.001 0.000 0.001 0.005 0.000 0.000 0.049 0.040 0.958 0.009 0.004 0.011 0.001 0.031 0.001 0.000 0.000 0.000 0.228 0.000 0.000 0.000 0.000 0.001 0.026 0.001 0.014 0.208 0.001 0.000 0.000 0.000 0.000 0.000 0.003 0.000 0.000 0.001 0.000 0.001 0.000 0.017 0.000 0.000 0.003 0.029 0.000 0.000 0.043 0.000 0.000 0.001 0.000 
4 poodle_vis 30 0.994 0.983 0.003 0.000 0.048 0.001 0.000 0.001 0.008 0.000 0.001 0.013 0.130 0.745 0.733 0.002 0.234 0.002 0.003 0.001 0.000 0.000 0.000 0.000 0.000 0.000 0.000 0.000 0.006 0.369 0.002 0.000 0.001 0.000 0.001 0.000 0.002 0.000 0.000 0.001 0.000 0.001 0.001 0.000 0.001 0.000 0.606 0.005 0.000 0.001 0.002 0.000 0.001 0.003 0.000 0.001 0.001 0.000 
5 giraffe_vis 30 0.994 0.987 0.001 0.000 0.021 0.001 0.000 0.001 0.007 0.000 0.001 0.127 0.113 0.981 0.016 0.007 0.013 0.001 0.084 0.001 0.000 0.000 0.000 0.042 0.000 0.000 0.000 0.000 0.001 0.012 0.001 0.001 0.023 0.000 0.000 0.000 0.000 0.000 0.000 0.001 0.000 0.000 0.001 0.000 0.001 0.000 0.032 0.001 0.000 0.004 0.031 0.000 0.000 0.085 0.000 0.000 0.001 0.000 
6 robin_vis 30 0.982 0.005 0.970 0.000 0.005 0.002 0.000 0.001 0.000 0.050 0.000 0.001 0.001 0.049 0.006 0.000 0.941 0.003 0.051 0.006 0.026 0.008 0.001 0.000 0.000 0.000 0.000 0.000 0.003 0.017 0.041 0.000 0.003 0.000 0.000 0.000 0.000 0.000 0.000 0.001 0.000 0.001 0.001 0.000 0.001 0.000 0.002 0.003 0.000 0.000 0.000 0.000 0.004 0.105 0.008 0.077 0.001 0.000 
7 swan_vis 30 0.994 0.034 0.991 0.002 0.001 0.003 0.000 0.001 0.000 0.065 0.021 0.000 0.098 0.021 0.005 0.011 0.881 0.976 0.008 0.002 0.322 0.957 0.008 0.000 0.077 0.000 0.002 0.001 0.000 0.108 0.000 0.000 0.001 0.000 0.001 0.001 0.001 0.000 0.000 0.331 0.000 0.027 0.001 0.000 0.001 0.030 0.016 0.000 0.000 0.000 0.000 0.000 0.784 0.012 0.001 0.061 0.030 0.000 
8 woodpecker_vis 30 0.993 0.028 0.768 0.000 0.003 0.001 0.000 0.001 0.000 0.009 0.000 0.004 0.002 0.198 0.001 0.001 0.051 0.001 0.904 0.020 0.001 0.007 0.002 0.000 0.000 0.000 0.000 0.000 0.003 0.001 0.001 0.000 0.039 0.000 0.001 0.000 0.000 0.000 0.001 0.001 0.000 0.000 0.000 0.000 0.004 0.000 0.000 0.001 0.000 0.001 0.000 0.000 0.001 0.199 0.000 0.000 0.001 0.003 
9 peacock_vis 30 0.994 0.037 0.912 0.000 0.004 0.002 0.000 0.001 0.000 0.015 0.000 0.001 0.002 0.100 0.002 0.002 0.033 0.003 0.940 0.049 0.001 0.007 0.005 0.000 0.000 0.000 0.000 0.000 0.002 0.001 0.001 0.000 0.082 0.000 0.000 0.001 0.001 0.000 0.001 0.006 0.000 0.000 0.000 0.000 0.002 0.000 0.000 0.001 0.000 0.014 0.000 0.000 0.001 0.067 0.001 0.001 0.001 0.083 
10 crow_vis 30 0.992 0.067 0.977 0.008 0.002 0.002 0.000 0.001 0.000 0.009 0.001 0.015 0.228 0.626 0.000 0.001 0.227 0.933 0.245 0.001 0.060 0.858 0.028 0.028 0.011 0.000 0.001 0.000 0.001 0.001 0.001 0.000 0.019 0.000 0.001 0.001 0.000 0.000 0.000 0.444 0.000 0.002 0.000 0.000 0.001 0.000 0.000 0.000 0.000 0.000 0.000 0.000 0.437 0.319 0.000 0.001 0.002 0.000 
11 eagle_vis 30 0.993 0.968 0.006 0.005 0.001 0.002 0.000 0.001 0.000 0.001 0.014 0.001 0.837 0.055 0.013 0.000 0.006 0.041 0.001 0.001 0.001 0.009 0.001 0.002 0.050 0.000 0.001 0.000 0.001 0.004 0.000 0.000 0.000 0.000 0.001 0.000 0.000 0.000 0.000 0.013 0.000 0.001 0.000 0.000 0.003 0.001 0.016 0.001 0.000 0.000 0.000 0.000 0.020 0.001 0.000 0.001 0.001 0.000 
12 tuna_vis 30 0.990 0.051 0.002 0.985 0.010 0.001 0.001 0.001 0.000 0.001 0.000 0.000 0.060 0.011 0.000 0.000 0.001 0.001 0.009 0.000 0.002 0.003 0.082 0.785 0.491 0.045 0.004 0.001 0.005 0.001 0.001 0.001 0.008 0.000 0.001 0.000 0.000 0.000 0.005 0.007 0.000 0.000 0.000 0.000 0.001 0.000 0.000 0.000 0.000 0.001 0.000 0.000 0.003 0.000 0.000 0.000 0.001 0.000 
13 goldfish_vis 30 0.991 0.067 0.001 0.979 0.032 0.001 0.001 0.001 0.000 0.000 0.000 0.001 0.071 0.012 0.001 0.000 0.001 0.001 0.005 0.001 0.001 0.002 0.049 0.659 0.644 0.020 0.008 0.001 0.023 0.002 0.001 0.003 0.005 0.001 0.003 0.000 0.000 0.000 0.003 0.005 0.000 0.000 0.000 0.000 0.001 0.000 0.000 0.000 0.000 0.001 0.000 0.000 0.002 0.000 0.000 0.000 0.001 0.000 
14 salmon_vis 30 0.991 0.006 0.013 0.969 0.006 0.001 0.001 0.001 0.000 0.001 0.000 0.000 0.013 0.002 0.001 0.000 0.001 0.002 0.018 0.001 0.010 0.055 0.498 0.047 0.514 0.005 0.016 0.001 0.027 0.001 0.001 0.000 0.007 0.000 0.008 0.000 0.000 0.000 0.001 0.003 0.000 0.000 0.000 0.000 0.001 0.000 0.000 0.000 0.000 0.000 0.000 0.000 0.016 0.000 0.000 0.000 0.001 0.001 
15 sardine_vis 30 0.992 0.069 0.001 0.985 0.022 0.001 0.001 0.001 0.000 0.000 0.000 0.001 0.054 0.019 0.001 0.000 0.001 0.001 0.005 0.001 0.001 0.001 0.046 0.870 0.445 0.036 0.004 0.001 0.003 0.001 0.001 0.004 0.010 0.001 0.001 0.000 0.000 0.000 0.003 0.009 0.000 0.000 0.000 0.000 0.001 0.000 0.000 0.000 0.000 0.001 0.000 0.000 0.003 0.000 0.000 0.000 0.001 0.000 
16 catfish_vis 30 0.991 0.060 0.001 0.978 0.020 0.001 0.001 0.001 0.000 0.000 0.001 0.001 0.083 0.006 0.001 0.000 0.001 0.001 0.003 0.001 0.001 0.003 0.033 0.322 0.817 0.005 0.035 0.002 0.049 0.002 0.002 0.001 0.002 0.000 0.022 0.000 0.000 0.000 0.002 0.003 0.000 0.000 0.000 0.000 0.001 0.000 0.000 0.000 0.000 0.000 0.000 0.000 0.004 0.000 0.000 0.000 0.001 0.000 
17 cod_vis 30 0.992 0.046 0.001 0.962 0.039 0.001 0.001 0.001 0.000 0.000 0.000 0.001 0.018 0.115 0.001 0.000 0.001 0.003 0.001 0.000 0.002 0.000 0.008 0.969 0.236 0.004 0.001 0.001 0.001 0.005 0.001 0.003 0.060 0.000 0.001 0.000 0.000 0.000 0.001 0.137 0.000 0.000 0.000 0.000 0.001 0.000 0.000 0.000 0.000 0.000 0.001 0.000 0.011 0.001 0.000 0.000 0.001 0.000 
18 turtle_vis 30 0.991 0.049 0.001 0.021 0.979 0.001 0.001 0.001 0.001 0.001 0.000 0.001 0.004 0.024 0.075 0.000 0.013 0.001 0.004 0.001 0.001 0.000 0.002 0.003 0.121 0.000 0.004 0.001 0.932 0.100 0.032 0.038 0.008 0.001 0.037 0.000 0.001 0.001 0.003 0.001 0.000 0.000 0.000 0.000 0.001 0.000 0.001 0.000 0.007 0.000 0.000 0.000 0.001 0.000 0.007 0.000 0.001 0.001 
19 rattlesnake_vis 30 0.993 0.100 0.001 0.028 0.990 0.001 0.001 0.001 0.003 0.001 0.000 0.004 0.001 0.875 0.002 0.001 0.006 0.001 0.003 0.001 0.001 0.000 0.001 0.818 0.003 0.000 0.000 0.001 0.005 0.209 0.005 0.453 0.905 0.005 0.001 0.000 0.002 0.000 0.001 0.023 0.000 0.000 0.001 0.000 0.000 0.000 0.003 0.000 0.000 0.002 0.044 0.000 0.001 0.012 0.000 0.000 0.011 0.000 
20 crab_vis 30 0.993 0.013 0.003 0.009 0.972 0.001 0.001 0.001 0.001 0.001 0.000 0.001 0.001 0.095 0.004 0.000 0.014 0.001 0.020 0.001 0.005 0.000 0.004 0.026 0.014 0.000 0.001 0.001 0.168 0.076 0.012 0.071 0.546 0.002 0.002 0.000 0.001 0.000 0.002 0.002 0.000 0.000 0.000 0.000 0.000 0.000 0.001 0.000 0.001 0.000 0.001 0.000 0.001 0.005 0.001 0.000 0.003 0.001 
21 frog_vis 30 0.993 0.047 0.001 0.004 0.981 0.001 0.001 0.001 0.001 0.001 0.000 0.003 0.002 0.529 0.003 0.001 0.016 0.001 0.001 0.001 0.001 0.000 0.001 0.303 0.006 0.000 0.000 0.001 0.015 0.473 0.011 0.144 0.402 0.001 0.001 0.000 0.003 0.000 0.000 0.005 0.000 0.000 0.001 0.000 0.000 0.000 0.005 0.000 0.000 0.001 0.004 0.000 0.001 0.003 0.000 0.000 0.004 0.000 
22 gecko_vis 30 0.994 0.207 0.001 0.080 0.992 0.001 0.001 0.001 0.003 0.000 0.000 0.009 0.002 0.948 0.001 0.002 0.005 0.001 0.006 0.001 0.002 0.000 0.001 0.933 0.003 0.000 0.000 0.001 0.006 0.215 0.006 0.606 0.960 0.007 0.001 0.000 0.001 0.000 0.002 0.027 0.000 0.000 0.001 0.000 0.000 0.000 0.001 0.000 0.000 0.003 0.069 0.000 0.001 0.030 0.000 0.000 0.018 0.000 
23 crocodile_vis 30 0.992 0.031 0.005 0.087 0.975 0.001 0.001 0.001 0.001 0.002 0.000 0.002 0.002 0.127 0.002 0.001 0.003 0.001 0.304 0.003 0.004 0.000 0.118 0.115 0.002 0.002 0.000 0.001 0.075 0.008 0.003 0.196 0.815 0.008 0.001 0.000 0.001 0.000 0.236 0.002 0.000 0.000 0.000 0.000 0.001 0.000 0.001 0.000 0.000 0.005 0.002 0.000 0.000 0.003 0.001 0.000 0.002 0.005 
24 axe_vis 30 0.002 0.008 0.001 0.000 0.002 0.992 0.001 0.001 0.866 0.098 0.000 0.001 0.001 0.046 0.001 0.000 0.003 0.001 0.001 0.001 0.000 0.000 0.000 0.000 0.000 0.000 0.000 0.000 0.000 0.002 0.001 0.000 0.000 0.000 0.001 0.000 0.003 0.000 0.000 0.001 0.000 0.009 0.001 0.000 0.001 0.000 0.318 0.001 0.001 0.010 0.055 0.001 0.001 0.013 0.000 0.008 0.007 0.001 
25 hammer_vis 30 0.874 0.303 0.165 0.002 0.093 0.005 0.004 0.001 0.020 0.004 0.000 0.052 0.025 0.628 0.004 0.003 0.012 0.001 0.877 0.017 0.001 0.002 0.005 0.012 0.001 0.007 0.000 0.000 0.064 0.001 0.001 0.053 0.143 0.004 0.002 0.001 0.001 0.000 0.085 0.001 0.001 0.000 0.001 0.000 0.005 0.000 0.000 0.001 0.001 0.067 0.020 0.001 0.001 0.084 0.001 0.000 0.001 0.074 
26 screwdriver_vis 30 0.429 0.013 0.003 0.000 0.036 0.856 0.001 0.001 0.003 0.330 0.000 0.002 0.001 0.079 0.001 0.000 0.005 0.003 0.008 0.003 0.000 0.000 0.001 0.004 0.000 0.000 0.000 0.000 0.001 0.007 0.001 0.002 0.012 0.000 0.002 0.001 0.052 0.000 0.001 0.006 0.000 0.001 0.001 0.000 0.001 0.000 0.024 0.000 0.000 0.001 0.010 0.000 0.001 0.084 0.000 0.045 0.210 0.001 
27 chisel_vis 30 0.416 0.010 0.001 0.001 0.767 0.697 0.005 0.001 0.195 0.534 0.000 0.002 0.001 0.267 0.001 0.001 0.001 0.001 0.004 0.002 0.000 0.000 0.001 0.031 0.000 0.000 0.000 0.000 0.001 0.004 0.001 0.026 0.211 0.001 0.002 0.003 0.244 0.000 0.004 0.018 0.000 0.001 0.001 0.000 0.001 0.000 0.016 0.001 0.004 0.036 0.181 0.000 0.001 0.353 0.001 0.002 0.776 0.004 
28 saw_vis 30 0.005 0.142 0.001 0.001 0.001 0.784 0.032 0.036 0.732 0.134 0.000 0.075 0.010 0.734 0.001 0.005 0.031 0.008 0.005 0.001 0.001 0.001 0.001 0.012 0.000 0.000 0.000 0.000 0.000 0.005 0.008 0.000 0.012 0.003 0.002 0.005 0.001 0.000 0.002 0.158 0.000 0.530 0.091 0.000 0.510 0.000 0.152 0.092 0.000 0.003 0.954 0.015 0.057 0.948 0.001 0.001 0.001 0.001 
29 drill_vis 30 0.003 0.001 0.002 0.006 0.001 0.994 0.791 0.002 0.000 0.904 0.000 0.000 0.000 0.001 0.000 0.000 0.001 0.138 0.000 0.001 0.020 0.011 0.037 0.015 0.002 0.000 0.001 0.000 0.000 0.001 0.000 0.000 0.013 0.000 0.003 0.002 0.002 0.000 0.001 0.391 0.000 0.001 0.001 0.000 0.001 0.000 0.000 0.000 0.000 0.000 0.001 0.000 0.860 0.011 0.000 0.001 0.059 0.005 
30 clamp_vis 30 0.001 0.009 0.001 0.000 0.001 0.996 0.001 0.993 0.002 0.001 0.059 0.001 0.000 0.000 0.000 0.000 0.000 0.001 0.000 0.001 0.000 0.002 0.000 0.000 0.000 0.002 0.034 0.000 0.000 0.000 0.003 0.000 0.000 0.001 0.001 0.000 0.000 0.001 0.000 0.000 0.003 0.117 0.002 0.122 0.048 0.588 0.002 0.003 0.001 0.000 0.000 0.027 0.001 0.000 0.002 0.001 0.000 0.000 
31 hoe_vis 30 0.001 0.023 0.001 0.000 0.001 0.990 0.000 0.100 0.628 0.014 0.000 0.001 0.006 0.046 0.001 0.000 0.002 0.001 0.000 0.000 0.000 0.001 0.000 0.000 0.000 0.000 0.000 0.000 0.000 0.001 0.001 0.000 0.000 0.000 0.001 0.000 0.001 0.000 0.000 0.004 0.000 0.054 0.002 0.000 0.079 0.001 0.141 0.010 0.000 0.005 0.084 0.002 0.043 0.028 0.001 0.002 0.001 0.000 
32 rake_vis 30 0.001 0.063 0.001 0.000 0.001 0.995 0.000 0.916 0.006 0.001 0.012 0.001 0.005 0.000 0.001 0.001 0.000 0.001 0.000 0.001 0.000 0.012 0.000 0.000 0.000 0.047 0.001 0.000 0.000 0.000 0.001 0.000 0.000 0.001 0.000 0.001 0.000 0.000 0.000 0.000 0.005 0.015 0.002 0.001 0.213 0.069 0.001 0.008 0.000 0.005 0.001 0.030 0.002 0.000 0.002 0.001 0.000 0.000 
33 shovel_vis 30 0.001 0.006 0.001 0.000 0.001 0.996 0.000 0.993 0.002 0.001 0.042 0.001 0.000 0.000 0.001 0.000 0.000 0.001 0.000 0.001 0.000 0.002 0.000 0.000 0.000 0.003 0.057 0.000 0.000 0.000 0.003 0.000 0.000 0.001 0.000 0.000 0.000 0.000 0.000 0.000 0.001 0.202 0.001 0.100 0.032 0.565 0.002 0.002 0.001 0.000 0.000 0.024 0.002 0.000 0.001 0.001 0.000 0.000 
34 spade_vis 30 0.001 0.285 0.001 0.000 0.001 0.941 0.000 0.683 0.009 0.002 0.004 0.001 0.255 0.006 0.000 0.001 0.001 0.001 0.003 0.000 0.000 0.124 0.001 0.001 0.000 0.015 0.000 0.000 0.000 0.000 0.001 0.000 0.000 0.001 0.001 0.000 0.000 0.000 0.000 0.005 0.003 0.019 0.001 0.001 0.775 0.012 0.002 0.065 0.000 0.034 0.017 0.004 0.076 0.005 0.001 0.001 0.000 0.000 
35 wrench_vis 30 0.001 0.009 0.001 0.000 0.001 0.996 0.000 0.011 0.984 0.001 0.001 0.094 0.000 0.001 0.001 0.003 0.000 0.000 0.000 0.004 0.000 0.000 0.000 0.000 0.000 0.001 0.000 0.000 0.000 0.000 0.002 0.001 0.000 0.004 0.000 0.001 0.000 0.000 0.000 0.000 0.001 0.723 0.003 0.000 0.004 0.003 0.034 0.005 0.002 0.002 0.086 0.920 0.000 0.001 0.001 0.001 0.001 0.000 
36 accordion_vis 30 0.003 0.181 0.001 0.000 0.002 0.982 0.001 0.001 0.948 0.002 0.000 0.001 0.003 0.439 0.002 0.001 0.004 0.001 0.001 0.001 0.000 0.000 0.000 0.000 0.000 0.000 0.000 0.000 0.000 0.002 0.004 0.000 0.000 0.001 0.001 0.000 0.001 0.000 0.000 0.001 0.000 0.003 0.001 0.000 0.001 0.000 0.266 0.002 0.000 0.077 0.203 0.002 0.001 0.006 0.000 0.001 0.002 0.000 
37 cello_vis 30 0.002 0.014 0.001 0.000 0.001 0.995 0.001 0.004 0.992 0.003 0.000 0.000 0.001 0.021 0.003 0.001 0.002 0.000 0.001 0.001 0.000 0.000 0.000 0.000 0.000 0.000 0.000 0.000 0.000 0.003 0.003 0.000 0.000 0.000 0.001 0.000 0.013 0.000 0.000 0.000 0.000 0.021 0.001 0.000 0.002 0.001 0.849 0.012 0.006 0.017 0.078 0.002 0.001 0.002 0.001 0.007 0.002 0.001 
38 flute_vis 30 0.002 0.024 0.001 0.000 0.001 0.995 0.001 0.001 0.994 0.003 0.000 0.000 0.001 0.030 0.002 0.001 0.001 0.000 0.002 0.001 0.000 0.000 0.000 0.000 0.000 0.000 0.000 0.000 0.000 0.001 0.001 0.000 0.000 0.001 0.001 0.001 0.001 0.000 0.001 0.000 0.001 0.001 0.001 0.000 0.002 0.001 0.185 0.014 0.003 0.529 0.281 0.019 0.000 0.001 0.001 0.001 0.002 0.001 
39 guitar_vis 30 0.002 0.015 0.001 0.000 0.001 0.995 0.001 0.001 0.994 0.003 0.000 0.000 0.001 0.044 0.002 0.001 0.001 0.000 0.001 0.001 0.000 0.000 0.000 0.000 0.000 0.000 0.000 0.000 0.000 0.001 0.001 0.000 0.000 0.001 0.001 0.001 0.007 0.000 0.000 0.000 0.000 0.003 0.001 0.000 0.001 0.001 0.411 0.003 0.003 0.293 0.743 0.005 0.000 0.002 0.000 0.001 0.005 0.001 
40 piano_vis 30 0.002 0.016 0.001 0.000 0.001 0.993 0.001 0.008 0.988 0.003 0.000 0.001 0.001 0.027 0.004 0.000 0.005 0.001 0.000 0.001 0.000 0.000 0.000 0.000 0.000 0.000 0.000 0.000 0.000 0.004 0.005 0.000 0.000 0.000 0.001 0.000 0.023 0.000 0.000 0.001 0.000 0.050 0.001 0.000 0.005 0.001 0.867 0.021 0.006 0.003 0.102 0.002 0.001 0.013 0.000 0.017 0.002 0.000 
41 trumpet_vis 30 0.001 0.026 0.001 0.000 0.001 0.995 0.000 0.007 0.988 0.001 0.001 0.096 0.000 0.001 0.003 0.002 0.001 0.000 0.001 0.015 0.000 0.000 0.000 0.000 0.000 0.016 0.000 0.000 0.000 0.001 0.001 0.001 0.000 0.009 0.000 0.001 0.000 0.001 0.000 0.000 0.002 0.018 0.001 0.000 0.072 0.003 0.007 0.075 0.002 0.026 0.008 0.943 0.000 0.001 0.001 0.001 0.000 0.000 
42 fork_vis 30 0.003 0.001 0.026 0.000 0.001 0.993 0.001 0.001 0.012 0.980 0.000 0.001 0.000 0.033 0.000 0.000 0.040 0.005 0.008 0.003 0.004 0.005 0.001 0.000 0.000 0.000 0.000 0.000 0.000 0.001 0.001 0.000 0.004 0.000 0.001 0.000 0.001 0.000 0.000 0.006 0.000 0.043 0.001 0.000 0.028 0.000 0.001 0.006 0.000 0.001 0.048 0.005 0.114 0.943 0.002 0.010 0.002 0.002 
43 spoon_vis 30 0.004 0.001 0.027 0.000 0.001 0.995 0.001 0.001 0.031 0.981 0.000 0.001 0.000 0.053 0.000 0.000 0.052 0.002 0.014 0.006 0.001 0.002 0.001 0.000 0.000 0.000 0.000 0.000 0.000 0.001 0.001 0.000 0.006 0.000 0.001 0.001 0.001 0.000 0.000 0.001 0.000 0.026 0.001 0.000 0.011 0.000 0.002 0.005 0.000 0.001 0.070 0.007 0.020 0.945 0.001 0.019 0.007 0.002 
44 tongs_vis 30 0.002 0.001 0.024 0.000 0.001 0.994 0.001 0.001 0.019 0.958 0.000 0.000 0.000 0.003 0.000 0.000 0.006 0.001 0.086 0.010 0.004 0.007 0.002 0.000 0.000 0.001 0.000 0.000 0.000 0.001 0.001 0.000 0.004 0.001 0.001 0.000 0.001 0.000 0.002 0.001 0.000 0.002 0.001 0.000 0.015 0.001 0.001 0.017 0.000 0.015 0.003 0.019 0.011 0.173 0.023 0.005 0.001 0.092 
45 ladle_vis 30 0.003 0.001 0.099 0.000 0.001 0.994 0.001 0.002 0.003 0.992 0.000 0.002 0.000 0.076 0.000 0.000 0.125 0.003 0.030 0.006 0.004 0.012 0.001 0.000 0.000 0.000 0.000 0.000 0.000 0.001 0.001 0.000 0.006 0.000 0.001 0.000 0.001 0.000 0.000 0.003 0.000 0.180 0.006 0.000 0.427 0.000 0.002 0.021 0.000 0.000 0.210 0.005 0.226 0.989 0.007 0.025 0.002 0.001 
46 knife_vis 30 0.003 0.001 0.018 0.000 0.001 0.995 0.001 0.001 0.077 0.978 0.000 0.001 0.000 0.029 0.000 0.000 0.023 0.001 0.010 0.005 0.001 0.001 0.001 0.000 0.000 0.000 0.000 0.000 0.000 0.001 0.001 0.000 0.003 0.000 0.001 0.001 0.001 0.000 0.000 0.001 0.000 0.013 0.001 0.000 0.003 0.000 0.003 0.001 0.000 0.002 0.039 0.002 0.005 0.725 0.001 0.044 0.015 0.002 
47 chopsticks_vis 30 0.003 0.001 0.014 0.000 0.001 0.995 0.001 0.001 0.029 0.965 0.000 0.000 0.000 0.017 0.000 0.000 0.017 0.001 0.008 0.004 0.001 0.001 0.001 0.000 0.000 0.000 0.000 0.000 0.000 0.001 0.001 0.000 0.004 0.000 0.001 0.000 0.001 0.000 0.000 0.001 0.000 0.006 0.001 0.000 0.002 0.000 0.001 0.005 0.000 0.002 0.017 0.008 0.013 0.649 0.001 0.008 0.004 0.004 
0 beaver_vis 30 0.995 0.983 0.017 0.022 0.001 0.001 0.000 0.002 0.001 0.000 0.908 0.076 0.139 0.003 0.044 0.002 0.001 0.067 0.002 0.002 0.000 0.004 0.000 0.001 0.000 0.005 0.049 0.002 0.002 0.001 0.001 0.000 0.000 0.000 0.001 0.001 0.000 0.000 0.000 0.000 0.000 0.001 0.001 0.000 0.051 0.008 0.001 0.003 0.000 0.000 0.000 0.000 0.001 0.000 0.000 0.000 0.000 0.000 
1 bear_vis 30 0.994 0.984 0.002 0.004 0.003 0.001 0.000 0.001 0.001 0.000 0.001 0.019 0.631 0.770 0.008 0.002 0.005 0.012 0.009 0.001 0.000 0.001 0.001 0.322 0.001 0.000 0.000 0.000 0.001 0.003 0.001 0.000 0.001 0.000 0.000 0.000 0.000 0.000 0.000 0.017 0.000 0.001 0.001 0.000 0.002 0.000 0.006 0.001 0.000 0.001 0.002 0.000 0.003 0.004 0.000 0.000 0.001 0.000 
2 sheep_vis 30 0.993 0.988 0.004 0.093 0.001 0.002 0.000 0.001 0.001 0.001 0.011 0.008 0.946 0.141 0.004 0.001 0.002 0.002 0.181 0.001 0.000 0.025 0.001 0.033 0.003 0.002 0.000 0.000 0.001 0.001 0.000 0.000 0.000 0.000 0.001 0.000 0.000 0.000 0.001 0.001 0.000 0.000 0.001 0.000 0.086 0.000 0.001 0.001 0.000 0.003 0.000 0.000 0.001 0.001 0.000 0.000 0.000 0.000 
3 buffalo_vis 30 0.994 0.986 0.002 0.000 0.025 0.001 0.000 0.001 0.007 0.000 0.001 0.100 0.108 0.977 0.025 0.008 0.017 0.002 0.069 0.001 0.000 0.000 0.000 0.031 0.000 0.000 0.000 0.000 0.001 0.020 0.001 0.001 0.019 0.001 0.000 0.000 0.001 0.000 0.000 0.001 0.000 0.001 0.001 0.000 0.001 0.000 0.045 0.001 0.000 0.004 0.027 0.000 0.000 0.073 0.000 0.000 0.001 0.000 
4 poodle_vis 30 0.994 0.983 0.005 0.000 0.041 0.002 0.000 0.001 0.015 0.000 0.002 0.005 0.126 0.721 0.773 0.004 0.258 0.002 0.003 0.001 0.000 0.000 0.000 0.000 0.000 0.000 0.000 0.000 0.005 0.502 0.001 0.000 0.000 0.000 0.001 0.000 0.002 0.000 0.000 0.001 0.000 0.001 0.002 0.000 0.001 0.001 0.733 0.010 0.000 0.001 0.002 0.000 0.001 0.002 0.000 0.001 0.001 0.000 
5 giraffe_vis 30 0.994 0.987 0.002 0.000 0.017 0.001 0.000 0.001 0.006 0.000 0.001 0.120 0.111 0.978 0.015 0.009 0.010 0.002 0.079 0.001 0.000 0.000 0.000 0.042 0.000 0.000 0.000 0.000 0.001 0.010 0.001 0.001 0.021 0.000 0.000 0.000 0.000 0.000 0.000 0.001 0.000 0.001 0.001 0.000 0.001 0.000 0.029 0.001 0.000 0.004 0.030 0.000 0.000 0.081 0.000 0.000 0.001 0.000 
6 robin_vis 30 0.973 0.005 0.992 0.000 0.009 0.006 0.000 0.001 0.000 0.147 0.000 0.000 0.001 0.047 0.038 0.001 0.989 0.004 0.043 0.017 0.118 0.031 0.001 0.000 0.000 0.000 0.000 0.000 0.012 0.091 0.234 0.000 0.002 0.001 0.001 0.000 0.001 0.000 0.000 0.001 0.000 0.003 0.007 0.000 0.001 0.000 0.004 0.020 0.000 0.000 0.000 0.000 0.006 0.099 0.063 0.380 0.001 0.001 
7 swan_vis 30 0.994 0.012 0.990 0.003 0.001 0.005 0.001 0.001 0.000 0.012 0.007 0.001 0.002 0.003 0.000 0.329 0.011 0.972 0.005 0.018 0.056 0.165 0.003 0.000 0.001 0.006 0.001 0.000 0.000 0.001 0.000 0.000 0.001 0.001 0.001 0.448 0.000 0.000 0.000 0.331 0.000 0.028 0.001 0.000 0.001 0.001 0.000 0.000 0.000 0.000 0.001 0.000 0.073 0.016 0.000 0.001 0.009 0.001 
8 woodpecker_vis 30 0.993 0.031 0.910 0.000 0.003 0.002 0.000 0.001 0.000 0.012 0.000 0.002 0.004 0.041 0.005 0.000 0.075 0.003 0.943 0.041 0.001 0.054 0.015 0.000 0.000 0.000 0.000 0.000 0.017 0.001 0.001 0.000 0.006 0.000 0.001 0.000 0.000 0.000 0.001 0.001 0.000 0.000 0.001 0.000 0.014 0.000 0.001 0.001 0.000 0.001 0.000 0.000 0.001 0.024 0.002 0.001 0.001 0.006 
9 peacock_vis 30 0.994 0.004 0.991 0.000 0.009 0.223 0.001 0.001 0.001 0.021 0.001 0.000 0.000 0.001 0.035 0.058 0.054 0.085 0.025 0.919 0.019 0.001 0.001 0.000 0.000 0.000 0.000 0.017 0.001 0.008 0.001 0.000 0.040 0.004 0.001 0.258 0.023 0.011 0.000 0.013 0.000 0.001 0.050 0.000 0.001 0.000 0.001 0.001 0.000 0.000 0.000 0.005 0.001 0.010 0.013 0.008 0.003 0.003 
10 crow_vis 30 0.995 0.021 0.986 0.007 0.001 0.002 0.000 0.001 0.000 0.008 0.001 0.000 0.005 0.018 0.001 0.070 0.019 0.838 0.042 0.003 0.042 0.317 0.017 0.000 0.001 0.001 0.000 0.001 0.000 0.002 0.001 0.000 0.009 0.000 0.001 0.094 0.001 0.000 0.000 0.772 0.000 0.001 0.001 0.000 0.001 0.000 0.000 0.000 0.000 0.000 0.001 0.000 0.049 0.022 0.000 0.001 0.010 0.000 
11 eagle_vis 30 0.994 0.013 0.956 0.002 0.001 0.002 0.001 0.001 0.000 0.002 0.002 0.029 0.004 0.007 0.001 0.001 0.009 0.857 0.011 0.014 0.005 0.047 0.003 0.001 0.001 0.001 0.001 0.000 0.000 0.001 0.000 0.000 0.001 0.000 0.001 0.008 0.000 0.000 0.000 0.069 0.000 0.002 0.001 0.000 0.002 0.000 0.001 0.000 0.000 0.000 0.000 0.000 0.009 0.005 0.000 0.001 0.001 0.000 
12 tuna_vis 30 0.992 0.003 0.025 0.958 0.006 0.001 0.001 0.001 0.000 0.001 0.000 0.000 0.010 0.001 0.001 0.000 0.001 0.002 0.003 0.001 0.011 0.045 0.258 0.020 0.839 0.001 0.025 0.002 0.037 0.001 0.001 0.000 0.001 0.000 0.008 0.000 0.000 0.000 0.001 0.003 0.000 0.000 0.000 0.000 0.001 0.000 0.000 0.000 0.000 0.000 0.000 0.000 0.021 0.000 0.001 0.000 0.001 0.000 
13 goldfish_vis 30 0.992 0.052 0.001 0.401 0.659 0.001 0.001 0.001 0.000 0.000 0.001 0.001 0.016 0.007 0.009 0.000 0.002 0.001 0.003 0.001 0.002 0.001 0.006 0.011 0.537 0.001 0.021 0.003 0.730 0.014 0.008 0.008 0.002 0.001 0.065 0.000 0.001 0.000 0.002 0.001 0.000 0.000 0.000 0.000 0.001 0.000 0.000 0.000 0.001 0.000 0.000 0.000 0.001 0.000 0.002 0.000 0.001 0.000 
14 salmon_vis 30 0.992 0.001 0.196 0.928 0.006 0.002 0.001 0.001 0.000 0.004 0.000 0.000 0.002 0.001 0.001 0.000 0.002 0.004 0.012 0.001 0.042 0.196 0.750 0.004 0.579 0.001 0.014 0.001 0.046 0.001 0.001 0.000 0.004 0.000 0.005 0.000 0.000 0.000 0.001 0.002 0.000 0.000 0.000 0.000 0.001 0.000 0.000 0.000 0.000 0.000 0.000 0.000 0.039 0.000 0.002 0.000 0.001 0.001 
15 sardine_vis 30 0.995 0.028 0.002 0.807 0.123 0.001 0.001 0.001 0.000 0.000 0.010 0.018 0.001 0.001 0.001 0.002 0.001 0.017 0.001 0.002 0.005 0.001 0.001 0.310 0.007 0.185 0.309 0.013 0.006 0.001 0.002 0.523 0.002 0.007 0.001 0.002 0.000 0.000 0.000 0.001 0.000 0.002 0.000 0.000 0.001 0.001 0.000 0.000 0.000 0.000 0.000 0.000 0.001 0.000 0.000 0.000 0.001 0.000 
16 catfish_vis 30 0.993 0.036 0.002 0.977 0.014 0.001 0.002 0.002 0.000 0.000 0.002 0.001 0.034 0.001 0.001 0.000 0.001 0.003 0.001 0.001 0.002 0.003 0.012 0.046 0.892 0.002 0.331 0.009 0.089 0.002 0.003 0.002 0.000 0.001 0.086 0.000 0.000 0.000 0.000 0.001 0.000 0.000 0.000 0.001 0.001 0.001 0.000 0.000 0.000 0.000 0.000 0.000 0.009 0.000 0.001 0.000 0.001 0.000 
17 cod_vis 30 0.992 0.062 0.001 0.978 0.024 0.001 0.001 0.001 0.000 0.000 0.000 0.001 0.063 0.011 0.001 0.000 0.001 0.002 0.003 0.001 0.002 0.002 0.032 0.551 0.668 0.009 0.023 0.002 0.013 0.003 0.001 0.002 0.005 0.001 0.008 0.000 0.001 0.000 0.002 0.006 0.000 0.000 0.000 0.000 0.001 0.000 0.000 0.000 0.000 0.000 0.000 0.000 0.005 0.000 0.000 0.000 0.001 0.000 
18 turtle_vis 30 0.992 0.053 0.001 0.023 0.978 0.002 0.001 0.001 0.001 0.001 0.000 0.001 0.004 0.019 0.092 0.000 0.013 0.001 0.005 0.001 0.001 0.000 0.002 0.002 0.128 0.000 0.005 0.002 0.946 0.087 0.033 0.038 0.007 0.001 0.046 0.000 0.001 0.001 0.004 0.001 0.000 0.000 0.001 0.000 0.001 0.000 0.001 0.001 0.009 0.000 0.000 0.000 0.001 0.000 0.009 0.000 0.001 0.001 
19 rattlesnake_vis 30 0.994 0.038 0.001 0.004 0.987 0.002 0.001 0.001 0.021 0.001 0.000 0.000 0.001 0.074 0.030 0.007 0.051 0.001 0.001 0.001 0.003 0.000 0.001 0.001 0.011 0.000 0.000 0.001 0.008 0.978 0.003 0.002 0.103 0.024 0.001 0.001 0.106 0.000 0.000 0.004 0.000 0.001 0.002 0.000 0.000 0.000 0.131 0.000 0.099 0.012 0.019 0.000 0.001 0.001 0.001 0.001 0.178 0.000 
20 crab_vis 30 0.993 0.036 0.002 0.017 0.983 0.001 0.001 0.001 0.001 0.000 0.000 0.001 0.002 0.025 0.053 0.000 0.018 0.001 0.003 0.001 0.002 0.000 0.002 0.004 0.087 0.000 0.003 0.002 0.877 0.147 0.052 0.034 0.015 0.001 0.024 0.000 0.002 0.001 0.002 0.001 0.000 0.000 0.001 0.000 0.000 0.000 0.001 0.000 0.005 0.000 0.000 0.000 0.001 0.001 0.006 0.000 0.001 0.000 
21 frog_vis 30 0.993 0.104 0.002 0.004 0.952 0.002 0.001 0.001 0.002 0.001 0.001 0.003 0.004 0.590 0.017 0.001 0.023 0.001 0.002 0.001 0.001 0.000 0.001 0.408 0.002 0.000 0.000 0.001 0.009 0.321 0.008 0.138 0.519 0.002 0.001 0.000 0.002 0.000 0.001 0.005 0.000 0.001 0.001 0.000 0.001 0.000 0.013 0.000 0.000 0.001 0.004 0.000 0.001 0.003 0.000 0.000 0.003 0.000 
22 gecko_vis 30 0.993 0.049 0.001 0.014 0.987 0.001 0.001 0.001 0.001 0.000 0.000 0.002 0.001 0.694 0.003 0.001 0.012 0.001 0.003 0.001 0.002 0.000 0.001 0.688 0.004 0.000 0.000 0.001 0.010 0.287 0.012 0.264 0.809 0.003 0.001 0.000 0.003 0.000 0.002 0.013 0.000 0.000 0.001 0.000 0.000 0.000 0.002 0.000 0.000 0.001 0.008 0.000 0.001 0.005 0.000 0.000 0.004 0.000 
23 crocodile_vis 30 0.991 0.010 0.009 0.002 0.976 0.002 0.001 0.001 0.002 0.001 0.000 0.000 0.001 0.004 0.010 0.002 0.006 0.001 0.001 0.005 0.147 0.000 0.001 0.000 0.002 0.002 0.001 0.005 0.044 0.048 0.406 0.006 0.098 0.619 0.001 0.001 0.001 0.001 0.001 0.001 0.001 0.001 0.091 0.001 0.001 0.000 0.001 0.000 0.001 0.001 0.001 0.009 0.000 0.001 0.023 0.000 0.001 0.001 
24 axe_vis 30 0.003 0.007 0.001 0.000 0.001 0.995 0.001 0.022 0.989 0.004 0.000 0.000 0.001 0.006 0.011 0.001 0.008 0.001 0.000 0.001 0.000 0.000 0.000 0.000 0.000 0.000 0.000 0.000 0.000 0.016 0.011 0.000 0.000 0.000 0.002 0.000 0.148 0.000 0.000 0.000 0.000 0.061 0.001 0.001 0.001 0.003 0.960 0.011 0.059 0.003 0.010 0.001 0.001 0.001 0.001 0.126 0.006 0.001 
25 hammer_vis 30 0.005 0.027 0.001 0.000 0.001 0.996 0.040 0.002 0.989 0.002 0.002 0.019 0.000 0.001 0.003 0.298 0.000 0.001 0.000 0.022 0.000 0.000 0.001 0.000 0.000 0.001 0.000 0.001 0.000 0.001 0.000 0.008 0.000 0.023 0.001 0.167 0.002 0.017 0.002 0.001 0.002 0.466 0.002 0.000 0.001 0.003 0.082 0.004 0.006 0.097 0.822 0.934 0.000 0.002 0.002 0.001 0.004 0.022 
26 screwdriver_vis 30 0.003 0.001 0.001 0.001 0.004 0.995 0.991 0.014 0.007 0.005 0.000 0.000 0.000 0.001 0.002 0.000 0.001 0.002 0.000 0.001 0.000 0.000 0.001 0.001 0.001 0.000 0.001 0.002 0.000 0.049 0.002 0.000 0.000 0.000 0.172 0.001 0.981 0.006 0.001 0.019 0.000 0.001 0.003 0.009 0.001 0.001 0.104 0.000 0.007 0.000 0.001 0.000 0.001 0.001 0.001 0.003 0.109 0.001 
27 chisel_vis 30 0.002 0.001 0.001 0.000 0.188 0.995 0.923 0.002 0.701 0.011 0.000 0.000 0.000 0.002 0.003 0.000 0.001 0.001 0.000 0.001 0.000 0.000 0.001 0.000 0.001 0.000 0.001 0.000 0.015 0.132 0.003 0.005 0.000 0.001 0.298 0.001 0.890 0.006 0.003 0.001 0.001 0.002 0.001 0.003 0.001 0.002 0.291 0.001 0.884 0.033 0.003 0.001 0.001 0.000 0.001 0.005 0.565 0.004 
28 saw_vis 30 0.003 0.005 0.001 0.001 0.002 0.995 0.992 0.002 0.592 0.004 0.000 0.000 0.000 0.015 0.013 0.000 0.001 0.001 0.000 0.001 0.000 0.000 0.001 0.001 0.000 0.000 0.000 0.001 0.000 0.030 0.001 0.000 0.001 0.000 0.005 0.004 0.973 0.005 0.006 0.022 0.000 0.001 0.005 0.001 0.001 0.001 0.245 0.001 0.001 0.002 0.010 0.000 0.001 0.001 0.001 0.001 0.058 0.001 
29 drill_vis 30 0.003 0.005 0.001 0.001 0.001 0.995 0.989 0.007 0.113 0.004 0.000 0.000 0.001 0.013 0.000 0.000 0.000 0.003 0.000 0.001 0.001 0.000 0.001 0.011 0.000 0.000 0.000 0.001 0.000 0.002 0.000 0.000 0.001 0.000 0.005 0.067 0.545 0.000 0.009 0.272 0.000 0.001 0.002 0.001 0.001 0.000 0.007 0.000 0.000 0.013 0.074 0.000 0.006 0.001 0.001 0.001 0.030 0.000 
30 clamp_vis 30 0.001 0.014 0.001 0.000 0.001 0.996 0.000 0.989 0.006 0.001 0.041 0.001 0.000 0.000 0.000 0.000 0.000 0.001 0.000 0.001 0.000 0.002 0.000 0.000 0.000 0.005 0.008 0.000 0.000 0.000 0.001 0.000 0.000 0.001 0.000 0.001 0.000 0.001 0.000 0.000 0.005 0.117 0.002 0.007 0.044 0.554 0.002 0.003 0.001 0.000 0.000 0.046 0.001 0.000 0.002 0.001 0.000 0.000 
31 hoe_vis 30 0.002 0.013 0.001 0.000 0.001 0.996 0.000 0.659 0.352 0.001 0.001 0.000 0.002 0.001 0.001 0.000 0.001 0.001 0.000 0.001 0.000 0.001 0.000 0.000 0.000 0.000 0.000 0.000 0.000 0.001 0.001 0.000 0.000 0.000 0.001 0.000 0.003 0.000 0.000 0.000 0.000 0.094 0.002 0.001 0.003 0.024 0.776 0.002 0.001 0.001 0.002 0.001 0.006 0.000 0.001 0.009 0.001 0.000 
32 rake_vis 30 0.002 0.011 0.001 0.000 0.001 0.996 0.000 0.992 0.010 0.001 0.062 0.001 0.000 0.000 0.001 0.001 0.000 0.001 0.000 0.001 0.000 0.002 0.000 0.000 0.000 0.002 0.029 0.000 0.000 0.000 0.001 0.000 0.000 0.001 0.000 0.001 0.000 0.000 0.000 0.000 0.002 0.210 0.002 0.020 0.034 0.738 0.005 0.005 0.002 0.000 0.000 0.031 0.001 0.000 0.002 0.001 0.000 0.000 
33 shovel_vis 30 0.001 0.012 0.001 0.000 0.001 0.996 0.001 0.992 0.002 0.001 0.056 0.001 0.000 0.000 0.000 0.000 0.000 0.001 0.000 0.001 0.000 0.002 0.000 0.000 0.000 0.002 0.019 0.000 0.000 0.000 0.001 0.000 0.000 0.001 0.000 0.000 0.000 0.001 0.000 0.000 0.002 0.166 0.001 0.027 0.043 0.596 0.003 0.002 0.001 0.000 0.000 0.031 0.001 0.000 0.002 0.001 0.000 0.000 
34 spade_vis 30 0.001 0.011 0.001 0.000 0.001 0.996 0.000 0.788 0.033 0.001 0.001 0.000 0.004 0.001 0.000 0.000 0.000 0.001 0.000 0.000 0.000 0.001 0.000 0.000 0.000 0.000 0.000 0.000 0.000 0.000 0.001 0.000 0.000 0.000 0.000 0.000 0.001 0.000 0.000 0.000 0.000 0.039 0.001 0.001 0.006 0.014 0.252 0.002 0.000 0.001 0.003 0.001 0.011 0.000 0.001 0.001 0.001 0.000 
35 wrench_vis 30 0.002 0.020 0.001 0.000 0.001 0.996 0.000 0.065 0.960 0.001 0.002 0.079 0.000 0.000 0.002 0.002 0.000 0.000 0.000 0.014 0.000 0.000 0.000 0.000 0.000 0.017 0.000 0.000 0.000 0.000 0.001 0.001 0.000 0.007 0.000 0.001 0.000 0.001 0.000 0.000 0.002 0.048 0.002 0.001 0.040 0.021 0.005 0.013 0.005 0.014 0.003 0.950 0.000 0.000 0.001 0.001 0.000 0.000 
36 accordion_vis 30 0.002 0.011 0.001 0.000 0.001 0.995 0.001 0.022 0.991 0.003 0.000 0.000 0.001 0.007 0.014 0.001 0.008 0.001 0.000 0.001 0.000 0.000 0.000 0.000 0.000 0.000 0.000 0.000 0.000 0.015 0.009 0.000 0.000 0.000 0.001 0.000 0.113 0.000 0.000 0.000 0.000 0.063 0.002 0.001 0.001 0.003 0.966 0.016 0.041 0.003 0.012 0.001 0.001 0.001 0.001 0.128 0.004 0.000 
37 cello_vis 30 0.002 0.012 0.001 0.000 0.001 0.995 0.001 0.007 0.993 0.003 0.001 0.000 0.001 0.014 0.009 0.001 0.003 0.000 0.000 0.001 0.000 0.000 0.000 0.000 0.000 0.000 0.000 0.000 0.000 0.004 0.002 0.000 0.000 0.000 0.001 0.001 0.025 0.000 0.000 0.000 0.000 0.023 0.001 0.000 0.001 0.004 0.889 0.019 0.012 0.010 0.065 0.002 0.001 0.001 0.001 0.015 0.003 0.001 
38 flute_vis 30 0.002 0.018 0.001 0.000 0.001 0.995 0.000 0.003 0.994 0.002 0.001 0.000 0.001 0.032 0.006 0.001 0.001 0.000 0.000 0.001 0.000 0.000 0.000 0.000 0.000 0.000 0.000 0.000 0.000 0.001 0.001 0.000 0.000 0.001 0.001 0.001 0.003 0.000 0.000 0.000 0.001 0.004 0.001 0.000 0.001 0.006 0.520 0.023 0.012 0.141 0.288 0.006 0.000 0.001 0.001 0.001 0.002 0.001 
39 guitar_vis 30 0.002 0.014 0.001 0.000 0.001 0.995 0.001 0.001 0.994 0.003 0.001 0.000 0.001 0.028 0.003 0.001 0.001 0.000 0.001 0.001 0.000 0.000 0.000 0.000 0.000 0.000 0.000 0.000 0.000 0.001 0.001 0.000 0.000 0.001 0.001 0.001 0.009 0.000 0.000 0.000 0.001 0.003 0.001 0.000 0.001 0.002 0.403 0.006 0.010 0.359 0.760 0.007 0.000 0.001 0.001 0.001 0.007 0.001 
40 piano_vis 30 0.002 0.010 0.001 0.000 0.001 0.995 0.001 0.022 0.990 0.003 0.001 0.000 0.001 0.007 0.013 0.001 0.009 0.001 0.000 0.001 0.000 0.000 0.000 0.000 0.000 0.000 0.000 0.000 0.000 0.014 0.010 0.000 0.000 0.000 0.001 0.000 0.104 0.000 0.000 0.001 0.000 0.066 0.001 0.001 0.001 0.003 0.964 0.021 0.036 0.002 0.013 0.001 0.001 0.002 0.001 0.119 0.003 0.000 
41 trumpet_vis 30 0.001 0.021 0.001 0.000 0.001 0.996 0.000 0.016 0.987 0.001 0.001 0.115 0.000 0.000 0.002 0.002 0.000 0.000 0.000 0.021 0.000 0.000 0.000 0.000 0.000 0.017 0.000 0.000 0.000 0.000 0.002 0.001 0.000 0.010 0.000 0.001 0.000 0.001 0.000 0.000 0.002 0.039 0.002 0.001 0.046 0.009 0.005 0.024 0.004 0.018 0.005 0.977 0.000 0.000 0.001 0.001 0.000 0.000 
42 fork_vis 30 0.003 0.001 0.023 0.000 0.001 0.995 0.004 0.005 0.002 0.949 0.000 0.000 0.000 0.001 0.000 0.000 0.026 0.016 0.000 0.001 0.001 0.007 0.001 0.000 0.001 0.000 0.001 0.000 0.000 0.001 0.001 0.000 0.000 0.000 0.010 0.000 0.040 0.000 0.000 0.003 0.000 0.024 0.001 0.000 0.001 0.002 0.106 0.001 0.001 0.000 0.000 0.000 0.073 0.005 0.001 0.949 0.236 0.001 
43 spoon_vis 30 0.004 0.001 0.006 0.000 0.002 0.996 0.001 0.001 0.213 0.942 0.000 0.001 0.000 0.064 0.001 0.000 0.003 0.009 0.009 0.008 0.001 0.001 0.001 0.000 0.000 0.000 0.000 0.000 0.000 0.001 0.000 0.000 0.001 0.000 0.003 0.001 0.034 0.000 0.000 0.001 0.000 0.002 0.001 0.000 0.001 0.001 0.028 0.000 0.001 0.055 0.015 0.000 0.002 0.177 0.001 0.048 0.867 0.005 
44 tongs_vis 30 0.002 0.001 0.001 0.001 0.001 0.996 0.001 0.978 0.006 0.004 0.002 0.000 0.000 0.000 0.001 0.001 0.000 0.001 0.000 0.001 0.001 0.001 0.001 0.000 0.000 0.002 0.008 0.001 0.000 0.001 0.002 0.000 0.000 0.001 0.002 0.002 0.001 0.001 0.000 0.000 0.007 0.119 0.006 0.073 0.005 0.413 0.004 0.002 0.004 0.001 0.000 0.020 0.002 0.000 0.008 0.002 0.001 0.000 
45 ladle_vis 30 0.003 0.001 0.035 0.000 0.001 0.995 0.001 0.002 0.060 0.954 0.000 0.000 0.000 0.001 0.001 0.000 0.177 0.001 0.000 0.002 0.001 0.001 0.001 0.000 0.000 0.000 0.000 0.000 0.000 0.002 0.004 0.000 0.000 0.000 0.003 0.000 0.033 0.000 0.000 0.001 0.000 0.028 0.001 0.000 0.001 0.001 0.163 0.003 0.003 0.001 0.001 0.000 0.004 0.006 0.002 0.985 0.028 0.001 
46 knife_vis 30 0.004 0.001 0.006 0.000 0.002 0.996 0.001 0.001 0.274 0.941 0.000 0.001 0.000 0.055 0.001 0.001 0.003 0.007 0.008 0.007 0.001 0.001 0.001 0.000 0.000 0.000 0.000 0.000 0.000 0.001 0.000 0.000 0.001 0.000 0.002 0.001 0.032 0.000 0.000 0.001 0.000 0.002 0.001 0.000 0.001 0.001 0.027 0.000 0.002 0.066 0.018 0.001 0.001 0.157 0.001 0.043 0.853 0.006 
47 chopsticks_vis 30 0.004 0.001 0.014 0.000 0.001 0.996 0.001 0.001 0.196 0.982 0.000 0.000 0.000 0.004 0.001 0.000 0.015 0.001 0.002 0.004 0.001 0.001 0.001 0.000 0.000 0.000 0.000 0.000 0.000 0.001 0.001 0.000 0.000 0.000 0.005 0.001 0.003 0.001 0.000 0.000 0.000 0.002 0.001 0.000 0.001 0.002 0.021 0.001 0.013 0.078 0.001 0.001 0.003 0.047 0.008 0.384 0.411 0.004 
