0 beaver_vis 30 0.443 0.176 0.186 0.199 0.212 0.539 0.234 0.212 0.240 0.228 0.022 0.023 0.043 0.047 0.024 0.104 0.121 0.025 0.061 0.028 0.125 0.073 0.120 0.106 0.075 0.107 0.104 0.062 0.114 0.111 0.127 0.018 0.114 0.056 0.006 0.123 0.061 0.029 0.016 0.130 0.070 0.135 0.118 0.034 0.024 0.102 0.124 0.143 0.032 0.036 0.137 0.118 0.122 0.120 0.034 0.011 0.111 0.130 
1 bear_vis 30 0.443 0.176 0.186 0.199 0.212 0.539 0.234 0.212 0.240 0.228 0.022 0.023 0.043 0.047 0.024 0.104 0.121 0.025 0.061 0.028 0.125 0.073 0.120 0.106 0.075 0.107 0.104 0.062 0.114 0.111 0.127 0.018 0.114 0.056 0.006 0.123 0.061 0.029 0.016 0.130 0.070 0.135 0.118 0.034 0.024 0.102 0.124 0.143 0.032 0.036 0.137 0.118 0.122 0.120 0.034 0.011 0.111 0.130 
2 sheep_vis 30 0.443 0.176 0.186 0.199 0.212 0.539 0.234 0.212 0.240 0.228 0.022 0.023 0.043 0.047 0.024 0.104 0.121 0.025 0.061 0.028 0.125 0.073 0.120 0.106 0.075 0.107 0.104 0.062 0.114 0.111 0.127 0.018 0.114 0.056 0.006 0.123 0.061 0.029 0.016 0.130 0.070 0.135 0.118 0.034 0.024 0.102 0.124 0.143 0.032 0.036 0.137 0.118 0.122 0.120 0.034 0.011 0.111 0.130 
3 buffalo_vis 30 0.443 0.176 0.186 0.199 0.212 0.539 0.234 0.212 0.240 0.228 0.022 0.023 0.043 0.047 0.024 0.104 0.121 0.025 0.061 0.028 0.125 0.073 0.120 0.106 0.075 0.107 0.104 0.062 0.114 0.111 0.127 0.018 0.114 0.056 0.006 0.123 0.061 0.029 0.016 0.130 0.070 0.135 0.118 0.034 0.024 0.102 0.124 0.143 0.032 0.036 0.137 0.118 0.122 0.120 0.034 0.011 0.111 0.130 
4 poodle_vis 30 0.443 0.176 0.186 0.199 0.212 0.539 0.234 0.212 0.240 0.228 0.022 0.023 0.043 0.047 0.024 0.104 0.121 0.025 0.061 0.028 0.125 0.073 0.120 0.106 0.075 0.107 0.104 0.062 0.114 0.111 0.127 0.018 0.114 0.056 0.006 0.123 0.061 0.029 0.016 0.130 0.070 0.135 0.118 0.034 0.024 0.102 0.124 0.143 0.032 0.036 0.137 0.118 0.122 0.120 0.034 0.011 0.111 0.130 
5 giraffe_vis 30 0.443 0.176 0.186 0.199 0.212 0.539 0.234 0.212 0.240 0.228 0.022 0.023 0.043 0.047 0.024 0.104 0.121 0.025 0.061 0.028 0.125 0.073 0.120 0.106 0.075 0.107 0.104 0.062 0.114 0.111 0.127 0.018 0.114 0.056 0.006 0.123 0.061 0.029 0.016 0.130 0.070 0.135 0.118 0.034 0.024 0.102 0.124 0.143 0.032 0.036 0.137 0.118 0.122 0.120 0.034 0.011 0.111 0.130 
6 robin_vis 30 0.443 0.176 0.186 0.199 0.212 0.539 0.234 0.212 0.240 0.228 0.022 0.023 0.043 0.047 0.024 0.104 0.121 0.025 0.061 0.028 0.125 0.073 0.120 0.106 0.075 0.107 0.104 0.062 0.114 0.111 0.127 0.018 0.114 0.056 0.006 0.123 0.061 0.029 0.016 0.130 0.070 0.135 0.118 0.034 0.024 0.102 0.124 0.143 0.032 0.036 0.137 0.118 0.122 0.120 0.034 0.011 0.111 0.130 
7 swan_vis 30 0.443 0.176 0.186 0.199 0.212 0.539 0.234 0.212 0.240 0.228 0.022 0.023 0.043 0.047 0.024 0.104 0.121 0.025 0.061 0.028 0.125 0.073 0.120 0.106 0.075 0.107 0.104 0.062 0.114 0.111 0.127 0.018 0.114 0.056 0.006 0.123 0.061 0.029 0.016 0.130 0.070 0.135 0.118 0.034 0.024 0.102 0.124 0.143 0.032 0.036 0.137 0.118 0.122 0.120 0.034 0.011 0.111 0.130 
8 woodpecker_vis 30 0.443 0.176 0.186 0.199 0.212 0.539 0.234 0.212 0.240 0.228 0.022 0.023 0.043 0.047 0.024 0.104 0.121 0.025 0.061 0.028 0.125 0.073 0.120 0.106 0.075 0.107 0.104 0.062 0.114 0.111 0.127 0.018 0.114 0.056 0.006 0.123 0.061 0.029 0.016 0.130 0.070 0.135 0.118 0.034 0.024 0.102 0.124 0.143 0.032 0.036 0.137 0.118 0.122 0.120 0.034 0.011 0.111 0.130 
9 peacock_vis 30 0.443 0.176 0.186 0.199 0.212 0.539 0.234 0.212 0.240 0.228 0.022 0.023 0.043 0.047 0.024 0.104 0.121 0.025 0.061 0.028 0.125 0.073 0.120 0.106 0.075 0.107 0.104 0.062 0.114 0.111 0.127 0.018 0.114 0.056 0.006 0.123 0.061 0.029 0.016 0.130 0.070 0.135 0.118 0.034 0.024 0.102 0.124 0.143 0.032 0.036 0.137 0.118 0.122 0.120 0.034 0.011 0.111 0.130 
10 crow_vis 30 0.443 0.176 0.186 0.199 0.212 0.539 0.234 0.212 0.240 0.228 0.022 0.023 0.043 0.047 0.024 0.104 0.121 0.025 0.061 0.028 0.125 0.073 0.120 0.106 0.075 0.107 0.104 0.062 0.114 0.111 0.127 0.018 0.114 0.056 0.006 0.123 0.061 0.029 0.016 0.130 0.070 0.135 0.118 0.034 0.024 0.102 0.124 0.143 0.032 0.036 0.137 0.118 0.122 0.120 0.034 0.011 0.111 0.130 
11 eagle_vis 30 0.443 0.176 0.186 0.199 0.212 0.539 0.234 0.212 0.240 0.228 0.022 0.023 0.043 0.047 0.024 0.104 0.121 0.025 0.061 0.028 0.125 0.073 0.120 0.106 0.075 0.107 0.104 0.062 0.114 0.111 0.127 0.018 0.114 0.056 0.006 0.123 0.061 0.029 0.016 0.130 0.070 0.135 0.118 0.034 0.024 0.102 0.124 0.143 0.032 0.036 0.137 0.118 0.122 0.120 0.034 0.011 0.111 0.130 
12 tuna_vis 30 0.443 0.176 0.186 0.199 0.212 0.539 0.234 0.212 0.240 0.228 0.022 0.023 0.043 0.047 0.024 0.104 0.121 0.025 0.061 0.028 0.125 0.073 0.120 0.106 0.075 0.107 0.104 0.062 0.114 0.111 0.127 0.018 0.114 0.056 0.006 0.123 0.061 0.029 0.016 0.130 0.070 0.135 0.118 0.034 0.024 0.102 0.124 0.143 0.032 0.036 0.137 0.118 0.122 0.120 0.034 0.011 0.111 0.130 
13 goldfish_vis 30 0.443 0.176 0.186 0.199 0.212 0.539 0.234 0.212 0.240 0.228 0.022 0.023 0.043 0.047 0.024 0.104 0.121 0.025 0.061 0.028 0.125 0.073 0.120 0.106 0.075 0.107 0.104 0.062 0.114 0.111 0.127 0.018 0.114 0.056 0.006 0.123 0.061 0.029 0.016 0.130 0.070 0.135 0.118 0.034 0.024 0.102 0.124 0.143 0.032 0.036 0.137 0.118 0.122 0.120 0.034 0.011 0.111 0.130 
14 salmon_vis 30 0.443 0.176 0.186 0.199 0.212 0.539 0.234 0.212 0.240 0.228 0.022 0.023 0.043 0.047 0.024 0.104 0.121 0.025 0.061 0.028 0.125 0.073 0.120 0.106 0.075 0.107 0.104 0.062 0.114 0.111 0.127 0.018 0.114 0.056 0.006 0.123 0.061 0.029 0.016 0.130 0.070 0.135 0.118 0.034 0.024 0.102 0.124 0.143 0.032 0.036 0.137 0.118 0.122 0.120 0.034 0.011 0.111 0.130 
15 sardine_vis 30 0.443 0.176 0.186 0.199 0.212 0.539 0.234 0.212 0.240 0.228 0.022 0.023 0.043 0.047 0.024 0.104 0.121 0.025 0.061 0.028 0.125 0.073 0.120 0.106 0.075 0.107 0.104 0.062 0.114 0.111 0.127 0.018 0.114 0.056 0.006 0.123 0.061 0.029 0.016 0.130 0.070 0.135 0.118 0.034 0.024 0.102 0.124 0.143 0.032 0.036 0.137 0.118 0.122 0.120 0.034 0.011 0.111 0.130 
16 catfish_vis 30 0.443 0.176 0.186 0.199 0.212 0.539 0.234 0.212 0.240 0.228 0.022 0.023 0.043 0.047 0.024 0.104 0.121 0.025 0.061 0.028 0.125 0.073 0.120 0.106 0.075 0.107 0.104 0.062 0.114 0.111 0.127 0.018 0.114 0.056 0.006 0.123 0.061 0.029 0.016 0.130 0.070 0.135 0.118 0.034 0.024 0.102 0.124 0.143 0.032 0.036 0.137 0.118 0.122 0.120 0.034 0.011 0.111 0.130 
17 cod_vis 30 0.443 0.176 0.186 0.199 0.212 0.539 0.234 0.212 0.240 0.228 0.022 0.023 0.043 0.047 0.024 0.104 0.121 0.025 0.061 0.028 0.125 0.073 0.120 0.106 0.075 0.107 0.104 0.062 0.114 0.111 0.127 0.018 0.114 0.056 0.006 0.123 0.061 0.029 0.016 0.130 0.070 0.135 0.118 0.034 0.024 0.102 0.124 0.143 0.032 0.036 0.137 0.118 0.122 0.120 0.034 0.011 0.111 0.130 
18 turtle_vis 30 0.443 0.176 0.186 0.199 0.212 0.539 0.234 0.212 0.240 0.228 0.022 0.023 0.043 0.047 0.024 0.104 0.121 0.025 0.061 0.028 0.125 0.073 0.120 0.106 0.075 0.107 0.104 0.062 0.114 0.111 0.127 0.018 0.114 0.056 0.006 0.123 0.061 0.029 0.016 0.130 0.070 0.135 0.118 0.034 0.024 0.102 0.124 0.143 0.032 0.036 0.137 0.118 0.122 0.120 0.034 0.011 0.111 0.130 
19 rattlesnake_vis 30 0.443 0.176 0.186 0.199 0.212 0.539 0.234 0.212 0.240 0.228 0.022 0.023 0.043 0.047 0.024 0.104 0.121 0.025 0.061 0.028 0.125 0.073 0.120 0.106 0.075 0.107 0.104 0.062 0.114 0.111 0.127 0.018 0.114 0.056 0.006 0.123 0.061 0.029 0.016 0.130 0.070 0.135 0.118 0.034 0.024 0.102 0.124 0.143 0.032 0.036 0.137 0.118 0.122 0.120 0.034 0.011 0.111 0.130 
20 crab_vis 30 0.443 0.176 0.186 0.199 0.212 0.539 0.234 0.212 0.240 0.228 0.022 0.023 0.043 0.047 0.024 0.104 0.121 0.025 0.061 0.028 0.125 0.073 0.120 0.106 0.075 0.107 0.104 0.062 0.114 0.111 0.127 0.018 0.114 0.056 0.006 0.123 0.061 0.029 0.016 0.130 0.070 0.135 0.118 0.034 0.024 0.102 0.124 0.143 0.032 0.036 0.137 0.118 0.122 0.120 0.034 0.011 0.111 0.130 
21 frog_vis 30 0.443 0.176 0.186 0.199 0.212 0.539 0.234 0.212 0.240 0.228 0.022 0.023 0.043 0.047 0.024 0.104 0.121 0.025 0.061 0.028 0.125 0.073 0.120 0.106 0.075 0.107 0.104 0.062 0.114 0.111 0.127 0.018 0.114 0.056 0.006 0.123 0.061 0.029 0.016 0.130 0.070 0.135 0.118 0.034 0.024 0.102 0.124 0.143 0.032 0.036 0.137 0.118 0.122 0.120 0.034 0.011 0.111 0.130 
22 gecko_vis 30 0.443 0.176 0.186 0.199 0.212 0.539 0.234 0.212 0.240 0.228 0.022 0.023 0.043 0.047 0.024 0.104 0.121 0.025 0.061 0.028 0.125 0.073 0.120 0.106 0.075 0.107 0.104 0.062 0.114 0.111 0.127 0.018 0.114 0.056 0.006 0.123 0.061 0.029 0.016 0.130 0.070 0.135 0.118 0.034 0.024 0.102 0.124 0.143 0.032 0.036 0.137 0.118 0.122 0.120 0.034 0.011 0.111 0.130 
23 crocodile_vis 30 0.443 0.176 0.186 0.199 0.212 0.539 0.234 0.212 0.240 0.228 0.022 0.023 0.043 0.047 0.024 0.104 0.121 0.025 0.061 0.028 0.125 0.073 0.120 0.106 0.075 0.107 0.104 0.062 0.114 0.111 0.127 0.018 0.114 0.056 0.006 0.123 0.061 0.029 0.016 0.130 0.070 0.135 0.118 0.034 0.024 0.102 0.124 0.143 0.032 0.036 0.137 0.118 0.122 0.120 0.034 0.011 0.111 0.130 
24 axe_vis 30 0.443 0.176 0.186 0.199 0.212 0.539 0.234 0.212 0.240 0.228 0.022 0.023 0.043 0.047 0.024 0.104 0.121 0.025 0.061 0.028 0.125 0.073 0.120 0.106 0.075 0.107 0.104 0.062 0.114 0.111 0.127 0.018 0.114 0.056 0.006 0.123 0.061 0.029 0.016 0.130 0.070 0.135 0.118 0.034 0.024 0.102 0.124 0.143 0.032 0.036 0.137 0.118 0.122 0.120 0.034 0.011 0.111 0.130 
25 hammer_vis 30 0.443 0.176 0.186 0.199 0.212 0.539 0.234 0.212 0.240 0.228 0.022 0.023 0.043 0.047 0.024 0.104 0.121 0.025 0.061 0.028 0.125 0.073 0.120 0.106 0.075 0.107 0.104 0.062 0.114 0.111 0.127 0.018 0.114 0.056 0.006 0.123 0.061 0.029 0.016 0.130 0.070 0.135 0.118 0.034 0.024 0.102 0.124 0.143 0.032 0.036 0.137 0.118 0.122 0.120 0.034 0.011 0.111 0.130 
26 screwdriver_vis 30 0.443 0.176 0.186 0.199 0.212 0.539 0.234 0.212 0.240 0.228 0.022 0.023 0.043 0.047 0.024 0.104 0.121 0.025 0.061 0.028 0.125 0.073 0.120 0.106 0.075 0.107 0.104 0.062 0.114 0.111 0.127 0.018 0.114 0.056 0.006 0.123 0.061 0.029 0.016 0.130 0.070 0.135 0.118 0.034 0.024 0.102 0.124 0.143 0.032 0.036 0.137 0.118 0.122 0.120 0.034 0.011 0.111 0.130 
27 chisel_vis 30 0.443 0.176 0.186 0.199 0.212 0.539 0.234 0.212 0.240 0.228 0.022 0.023 0.043 0.047 0.024 0.104 0.121 0.025 0.061 0.028 0.125 0.073 0.120 0.106 0.075 0.107 0.104 0.062 0.114 0.111 0.127 0.018 0.114 0.056 0.006 0.123 0.061 0.029 0.016 0.130 0.070 0.135 0.118 0.034 0.024 0.102 0.124 0.143 0.032 0.036 0.137 0.118 0.122 0.120 0.034 0.011 0.111 0.130 
28 saw_vis 30 0.443 0.176 0.186 0.199 0.212 0.539 0.234 0.212 0.240 0.228 0.022 0.023 0.043 0.047 0.024 0.104 0.121 0.025 0.061 0.028 0.125 0.073 0.120 0.106 0.075 0.107 0.104 0.062 0.114 0.111 0.127 0.018 0.114 0.056 0.006 0.123 0.061 0.029 0.016 0.130 0.070 0.135 0.118 0.034 0.024 0.102 0.124 0.143 0.032 0.036 0.137 0.118 0.122 0.120 0.034 0.011 0.111 0.130 
29 drill_vis 30 0.443 0.176 0.186 0.199 0.212 0.539 0.234 0.212 0.240 0.228 0.022 0.023 0.043 0.047 0.024 0.104 0.121 0.025 0.061 0.028 0.125 0.073 0.120 0.106 0.075 0.107 0.104 0.062 0.114 0.111 0.127 0.018 0.114 0.056 0.006 0.123 0.061 0.029 0.016 0.130 0.070 0.135 0.118 0.034 0.024 0.102 0.124 0.143 0.032 0.036 0.137 0.118 0.122 0.120 0.034 0.011 0.111 0.130 
30 clamp_vis 30 0.443 0.176 0.186 0.199 0.212 0.539 0.234 0.212 0.240 0.228 0.022 0.023 0.043 0.047 0.024 0.104 0.121 0.025 0.061 0.028 0.125 0.073 0.120 0.106 0.075 0.107 0.104 0.062 0.114 0.111 0.127 0.018 0.114 0.056 0.006 0.123 0.061 0.029 0.016 0.130 0.070 0.135 0.118 0.034 0.024 0.102 0.124 0.143 0.032 0.036 0.137 0.118 0.122 0.120 0.034 0.011 0.111 0.130 
31 hoe_vis 30 0.443 0.176 0.186 0.199 0.212 0.539 0.234 0.212 0.240 0.228 0.022 0.023 0.043 0.047 0.024 0.104 0.121 0.025 0.061 0.028 0.125 0.073 0.120 0.106 0.075 0.107 0.104 0.062 0.114 0.111 0.127 0.018 0.114 0.056 0.006 0.123 0.061 0.029 0.016 0.130 0.070 0.135 0.118 0.034 0.024 0.102 0.124 0.143 0.032 0.036 0.137 0.118 0.122 0.120 0.034 0.011 0.111 0.130 
32 rake_vis 30 0.443 0.176 0.186 0.199 0.212 0.539 0.234 0.212 0.240 0.228 0.022 0.023 0.043 0.047 0.024 0.104 0.121 0.025 0.061 0.028 0.125 0.073 0.120 0.106 0.075 0.107 0.104 0.062 0.114 0.111 0.127 0.018 0.114 0.056 0.006 0.123 0.061 0.029 0.016 0.130 0.070 0.135 0.118 0.034 0.024 0.102 0.124 0.143 0.032 0.036 0.137 0.118 0.122 0.120 0.034 0.011 0.111 0.130 
33 shovel_vis 30 0.443 0.176 0.186 0.199 0.212 0.539 0.234 0.212 0.240 0.228 0.022 0.023 0.043 0.047 0.024 0.104 0.121 0.025 0.061 0.028 0.125 0.073 0.120 0.106 0.075 0.107 0.104 0.062 0.114 0.111 0.127 0.018 0.114 0.056 0.006 0.123 0.061 0.029 0.016 0.130 0.070 0.135 0.118 0.034 0.024 0.102 0.124 0.143 0.032 0.036 0.137 0.118 0.122 0.120 0.034 0.011 0.111 0.130 
34 spade_vis 30 0.443 0.176 0.186 0.199 0.212 0.539 0.234 0.212 0.240 0.228 0.022 0.023 0.043 0.047 0.024 0.104 0.121 0.025 0.061 0.028 0.125 0.073 0.120 0.106 0.075 0.107 0.104 0.062 0.114 0.111 0.127 0.018 0.114 0.056 0.006 0.123 0.061 0.029 0.016 0.130 0.070 0.135 0.118 0.034 0.024 0.102 0.124 0.143 0.032 0.036 0.137 0.118 0.122 0.120 0.034 0.011 0.111 0.130 
35 wrench_vis 30 0.443 0.176 0.186 0.199 0.212 0.539 0.234 0.212 0.240 0.228 0.022 0.023 0.043 0.047 0.024 0.104 0.121 0.025 0.061 0.028 0.125 0.073 0.120 0.106 0.075 0.107 0.104 0.062 0.114 0.111 0.127 0.018 0.114 0.056 0.006 0.123 0.061 0.029 0.016 0.130 0.070 0.135 0.118 0.034 0.024 0.102 0.124 0.143 0.032 0.036 0.137 0.118 0.122 0.120 0.034 0.011 0.111 0.130 
36 accordion_vis 30 0.443 0.176 0.186 0.199 0.212 0.539 0.234 0.212 0.240 0.228 0.022 0.023 0.043 0.047 0.024 0.104 0.121 0.025 0.061 0.028 0.125 0.073 0.120 0.106 0.075 0.107 0.104 0.062 0.114 0.111 0.127 0.018 0.114 0.056 0.006 0.123 0.061 0.029 0.016 0.130 0.070 0.135 0.118 0.034 0.024 0.102 0.124 0.143 0.032 0.036 0.137 0.118 0.122 0.120 0.034 0.011 0.111 0.130 
37 cello_vis 30 0.443 0.176 0.186 0.199 0.212 0.539 0.234 0.212 0.240 0.228 0.022 0.023 0.043 0.047 0.024 0.104 0.121 0.025 0.061 0.028 0.125 0.073 0.120 0.106 0.075 0.107 0.104 0.062 0.114 0.111 0.127 0.018 0.114 0.056 0.006 0.123 0.061 0.029 0.016 0.130 0.070 0.135 0.118 0.034 0.024 0.102 0.124 0.143 0.032 0.036 0.137 0.118 0.122 0.120 0.034 0.011 0.111 0.130 
38 flute_vis 30 0.443 0.176 0.186 0.199 0.212 0.539 0.234 0.212 0.240 0.228 0.022 0.023 0.043 0.047 0.024 0.104 0.121 0.025 0.061 0.028 0.125 0.073 0.120 0.106 0.075 0.107 0.104 0.062 0.114 0.111 0.127 0.018 0.114 0.056 0.006 0.123 0.061 0.029 0.016 0.130 0.070 0.135 0.118 0.034 0.024 0.102 0.124 0.143 0.032 0.036 0.137 0.118 0.122 0.120 0.034 0.011 0.111 0.130 
39 guitar_vis 30 0.443 0.176 0.186 0.199 0.212 0.539 0.234 0.212 0.240 0.228 0.022 0.023 0.043 0.047 0.024 0.104 0.121 0.025 0.061 0.028 0.125 0.073 0.120 0.106 0.075 0.107 0.104 0.062 0.114 0.111 0.127 0.018 0.114 0.056 0.006 0.123 0.061 0.029 0.016 0.130 0.070 0.135 0.118 0.034 0.024 0.102 0.124 0.143 0.032 0.036 0.137 0.118 0.122 0.120 0.034 0.011 0.111 0.130 
40 piano_vis 30 0.443 0.176 0.186 0.199 0.212 0.539 0.234 0.212 0.240 0.228 0.022 0.023 0.043 0.047 0.024 0.104 0.121 0.025 0.061 0.028 0.125 0.073 0.120 0.106 0.075 0.107 0.104 0.062 0.114 0.111 0.127 0.018 0.114 0.056 0.006 0.123 0.061 0.029 0.016 0.130 0.070 0.135 0.118 0.034 0.024 0.102 0.124 0.143 0.032 0.036 0.137 0.118 0.122 0.120 0.034 0.011 0.111 0.130 
41 trumpet_vis 30 0.443 0.176 0.186 0.199 0.212 0.539 0.234 0.212 0.240 0.228 0.022 0.023 0.043 0.047 0.024 0.104 0.121 0.025 0.061 0.028 0.125 0.073 0.120 0.106 0.075 0.107 0.104 0.062 0.114 0.111 0.127 0.018 0.114 0.056 0.006 0.123 0.061 0.029 0.016 0.130 0.070 0.135 0.118 0.034 0.024 0.102 0.124 0.143 0.032 0.036 0.137 0.118 0.122 0.120 0.034 0.011 0.111 0.130 
42 fork_vis 30 0.443 0.176 0.186 0.199 0.212 0.539 0.234 0.212 0.240 0.228 0.022 0.023 0.043 0.047 0.024 0.104 0.121 0.025 0.061 0.028 0.125 0.073 0.120 0.106 0.075 0.107 0.104 0.062 0.114 0.111 0.127 0.018 0.114 0.056 0.006 0.123 0.061 0.029 0.016 0.130 0.070 0.135 0.118 0.034 0.024 0.102 0.124 0.143 0.032 0.036 0.137 0.118 0.122 0.120 0.034 0.011 0.111 0.130 
43 spoon_vis 30 0.443 0.176 0.186 0.199 0.212 0.539 0.234 0.212 0.240 0.228 0.022 0.023 0.043 0.047 0.024 0.104 0.121 0.025 0.061 0.028 0.125 0.073 0.120 0.106 0.075 0.107 0.104 0.062 0.114 0.111 0.127 0.018 0.114 0.056 0.006 0.123 0.061 0.029 0.016 0.130 0.070 0.135 0.118 0.034 0.024 0.102 0.124 0.143 0.032 0.036 0.137 0.118 0.122 0.120 0.034 0.011 0.111 0.130 
44 tongs_vis 30 0.443 0.176 0.186 0.199 0.212 0.539 0.234 0.212 0.240 0.228 0.022 0.023 0.043 0.047 0.024 0.104 0.121 0.025 0.061 0.028 0.125 0.073 0.120 0.106 0.075 0.107 0.104 0.062 0.114 0.111 0.127 0.018 0.114 0.056 0.006 0.123 0.061 0.029 0.016 0.130 0.070 0.135 0.118 0.034 0.024 0.102 0.124 0.143 0.032 0.036 0.137 0.118 0.122 0.120 0.034 0.011 0.111 0.130 
45 ladle_vis 30 0.443 0.176 0.186 0.199 0.212 0.539 0.234 0.212 0.240 0.228 0.022 0.023 0.043 0.047 0.024 0.104 0.121 0.025 0.061 0.028 0.125 0.073 0.120 0.106 0.075 0.107 0.104 0.062 0.114 0.111 0.127 0.018 0.114 0.056 0.006 0.123 0.061 0.029 0.016 0.130 0.070 0.135 0.118 0.034 0.024 0.102 0.124 0.143 0.032 0.036 0.137 0.118 0.122 0.120 0.034 0.011 0.111 0.130 
46 knife_vis 30 0.443 0.176 0.186 0.199 0.212 0.539 0.234 0.212 0.240 0.228 0.022 0.023 0.043 0.047 0.024 0.104 0.121 0.025 0.061 0.028 0.125 0.073 0.120 0.106 0.075 0.107 0.104 0.062 0.114 0.111 0.127 0.018 0.114 0.056 0.006 0.123 0.061 0.029 0.016 0.130 0.070 0.135 0.118 0.034 0.024 0.102 0.124 0.143 0.032 0.036 0.137 0.118 0.122 0.120 0.034 0.011 0.111 0.130 
47 chopsticks_vis 30 0.443 0.176 0.186 0.199 0.212 0.539 0.234 0.212 0.240 0.228 0.022 0.023 0.043 0.047 0.024 0.104 0.121 0.025 0.061 0.028 0.125 0.073 0.120 0.106 0.075 0.107 0.104 0.062 0.114 0.111 0.127 0.018 0.114 0.056 0.006 0.123 0.061 0.029 0.016 0.130 0.070 0.135 0.118 0.034 0.024 0.102 0.124 0.143 0.032 0.036 0.137 0.118 0.122 0.120 0.034 0.011 0.111 0.130 
