0 beaver_vis 30 0.065 0.000 0.000 0.000 0.017 0.994 0.196 0.000 0.156 0.137 0.000 0.001 0.000 0.000 0.000 0.012 0.000 0.001 0.000 0.000 0.001 0.000 0.001 0.000 0.000 0.001 0.007 0.000 0.000 0.003 0.000 0.061 0.002 0.001 0.110 0.015 0.001 0.120 0.168 0.000 0.000 0.000 0.000 0.000 0.042 0.000 0.016 0.000 0.158 0.025 0.000 0.003 0.106 0.001 0.001 0.001 0.017 0.021 
1 bear_vis 30 0.065 0.000 0.000 0.000 0.017 0.994 0.196 0.000 0.157 0.137 0.000 0.001 0.000 0.000 0.000 0.012 0.000 0.001 0.000 0.000 0.001 0.000 0.001 0.000 0.000 0.001 0.007 0.000 0.000 0.003 0.000 0.061 0.002 0.001 0.110 0.015 0.001 0.120 0.168 0.000 0.000 0.000 0.000 0.000 0.042 0.000 0.016 0.000 0.159 0.026 0.000 0.003 0.106 0.001 0.001 0.001 0.017 0.021 
2 sheep_vis 30 0.065 0.000 0.000 0.000 0.017 0.994 0.196 0.000 0.156 0.137 0.000 0.001 0.000 0.000 0.000 0.012 0.000 0.001 0.000 0.000 0.001 0.000 0.001 0.000 0.000 0.001 0.007 0.000 0.000 0.003 0.000 0.061 0.002 0.001 0.110 0.015 0.001 0.120 0.167 0.000 0.000 0.000 0.000 0.000 0.042 0.000 0.016 0.000 0.158 0.025 0.000 0.003 0.106 0.001 0.001 0.001 0.017 0.021 
3 buffalo_vis 30 0.065 0.000 0.000 0.000 0.017 0.994 0.193 0.000 0.158 0.139 0.000 0.001 0.000 0.000 0.000 0.012 0.000 0.001 0.000 0.000 0.001 0.000 0.001 0.000 0.000 0.001 0.007 0.000 0.000 0.003 0.000 0.061 0.002 0.001 0.109 0.015 0.001 0.120 0.166 0.000 0.000 0.000 0.000 0.000 0.042 0.000 0.016 0.000 0.160 0.026 0.000 0.003 0.106 0.001 0.001 0.001 0.017 0.021 
4 poodle_vis 30 0.065 0.000 0.000 0.000 0.017 0.994 0.197 0.000 0.156 0.137 0.000 0.001 0.000 0.000 0.000 0.012 0.000 0.001 0.000 0.000 0.001 0.000 0.001 0.000 0.000 0.001 0.007 0.000 0.000 0.003 0.000 0.061 0.002 0.001 0.110 0.015 0.001 0.120 0.168 0.000 0.000 0.000 0.000 0.000 0.043 0.000 0.016 0.000 0.158 0.025 0.000 0.003 0.106 0.001 0.001 0.001 0.017 0.021 
5 giraffe_vis 30 0.065 0.000 0.000 0.000 0.017 0.994 0.195 0.000 0.157 0.138 0.000 0.001 0.000 0.000 0.000 0.012 0.000 0.001 0.000 0.000 0.001 0.000 0.001 0.000 0.000 0.001 0.007 0.000 0.000 0.003 0.000 0.061 0.002 0.001 0.110 0.015 0.001 0.120 0.167 0.000 0.000 0.000 0.000 0.000 0.042 0.000 0.016 0.000 0.159 0.026 0.000 0.003 0.106 0.001 0.001 0.001 0.017 0.021 
6 robin_vis 30 0.064 0.000 0.000 0.000 0.018 0.994 0.211 0.000 0.139 0.126 0.000 0.001 0.000 0.000 0.000 0.011 0.000 0.001 0.000 0.000 0.001 0.000 0.001 0.000 0.000 0.001 0.007 0.000 0.000 0.003 0.000 0.059 0.001 0.001 0.114 0.015 0.001 0.121 0.174 0.000 0.000 0.000 0.000 0.000 0.044 0.000 0.015 0.000 0.148 0.022 0.000 0.003 0.104 0.001 0.001 0.001 0.016 0.018 
7 swan_vis 30 0.064 0.000 0.000 0.000 0.018 0.994 0.211 0.000 0.140 0.125 0.000 0.001 0.000 0.000 0.000 0.011 0.000 0.001 0.000 0.000 0.001 0.000 0.001 0.000 0.000 0.001 0.007 0.000 0.000 0.003 0.000 0.060 0.001 0.001 0.113 0.015 0.001 0.121 0.173 0.000 0.000 0.000 0.000 0.000 0.044 0.000 0.015 0.000 0.149 0.022 0.000 0.003 0.103 0.001 0.001 0.001 0.016 0.019 
8 woodpecker_vis 30 0.064 0.000 0.000 0.000 0.018 0.994 0.213 0.000 0.139 0.124 0.000 0.001 0.000 0.000 0.000 0.011 0.000 0.001 0.000 0.000 0.001 0.000 0.001 0.000 0.000 0.001 0.007 0.000 0.000 0.003 0.000 0.059 0.001 0.001 0.113 0.015 0.001 0.122 0.174 0.000 0.000 0.000 0.000 0.000 0.044 0.000 0.015 0.000 0.148 0.022 0.000 0.003 0.103 0.001 0.001 0.001 0.016 0.018 
9 peacock_vis 30 0.064 0.000 0.000 0.000 0.018 0.994 0.212 0.000 0.140 0.124 0.000 0.001 0.000 0.000 0.000 0.011 0.000 0.001 0.000 0.000 0.001 0.000 0.001 0.000 0.000 0.001 0.007 0.000 0.000 0.003 0.000 0.060 0.001 0.001 0.113 0.015 0.001 0.122 0.174 0.000 0.000 0.000 0.000 0.000 0.044 0.000 0.015 0.000 0.149 0.022 0.000 0.003 0.103 0.001 0.001 0.001 0.016 0.019 
10 crow_vis 30 0.064 0.000 0.000 0.000 0.018 0.994 0.212 0.000 0.140 0.125 0.000 0.001 0.000 0.000 0.000 0.011 0.000 0.001 0.000 0.000 0.001 0.000 0.001 0.000 0.000 0.001 0.007 0.000 0.000 0.003 0.000 0.060 0.001 0.001 0.114 0.015 0.001 0.122 0.174 0.000 0.000 0.000 0.000 0.000 0.044 0.000 0.015 0.000 0.149 0.022 0.000 0.003 0.103 0.001 0.001 0.001 0.016 0.019 
11 eagle_vis 30 0.064 0.000 0.000 0.000 0.018 0.994 0.215 0.000 0.138 0.123 0.000 0.001 0.000 0.000 0.000 0.011 0.000 0.001 0.000 0.000 0.001 0.000 0.001 0.000 0.000 0.001 0.007 0.000 0.000 0.003 0.000 0.059 0.001 0.001 0.114 0.015 0.001 0.122 0.175 0.000 0.000 0.000 0.000 0.000 0.044 0.000 0.015 0.000 0.148 0.022 0.000 0.003 0.103 0.001 0.001 0.001 0.016 0.018 
12 tuna_vis 30 0.065 0.000 0.000 0.000 0.017 0.994 0.195 0.000 0.156 0.137 0.000 0.001 0.000 0.000 0.000 0.012 0.000 0.001 0.000 0.000 0.001 0.000 0.001 0.000 0.000 0.001 0.007 0.000 0.000 0.003 0.000 0.061 0.002 0.001 0.110 0.015 0.001 0.120 0.167 0.000 0.000 0.000 0.000 0.000 0.042 0.000 0.015 0.000 0.159 0.025 0.000 0.003 0.106 0.001 0.001 0.001 0.017 0.021 
13 goldfish_vis 30 0.065 0.000 0.000 0.000 0.017 0.994 0.196 0.000 0.155 0.136 0.000 0.001 0.000 0.000 0.000 0.012 0.000 0.001 0.000 0.000 0.001 0.000 0.001 0.000 0.000 0.001 0.007 0.000 0.000 0.003 0.000 0.061 0.002 0.001 0.110 0.015 0.001 0.120 0.167 0.000 0.000 0.000 0.000 0.000 0.042 0.000 0.015 0.000 0.158 0.025 0.000 0.003 0.106 0.001 0.001 0.001 0.017 0.021 
14 salmon_vis 30 0.065 0.000 0.000 0.000 0.017 0.994 0.195 0.000 0.155 0.137 0.000 0.001 0.000 0.000 0.000 0.012 0.000 0.001 0.000 0.000 0.001 0.000 0.001 0.000 0.000 0.001 0.007 0.000 0.000 0.003 0.000 0.062 0.002 0.001 0.110 0.015 0.001 0.120 0.168 0.000 0.000 0.000 0.000 0.000 0.042 0.000 0.016 0.000 0.158 0.025 0.000 0.003 0.106 0.001 0.001 0.001 0.017 0.021 
15 sardine_vis 30 0.064 0.000 0.000 0.000 0.017 0.994 0.196 0.000 0.153 0.137 0.000 0.001 0.000 0.000 0.000 0.012 0.000 0.001 0.000 0.000 0.001 0.000 0.001 0.000 0.000 0.001 0.007 0.000 0.000 0.003 0.000 0.061 0.001 0.001 0.112 0.014 0.001 0.120 0.169 0.000 0.000 0.000 0.000 0.000 0.043 0.000 0.016 0.000 0.157 0.025 0.000 0.003 0.107 0.001 0.001 0.001 0.017 0.021 
16 catfish_vis 30 0.065 0.000 0.000 0.000 0.017 0.994 0.192 0.000 0.157 0.138 0.000 0.001 0.000 0.000 0.000 0.012 0.000 0.001 0.000 0.000 0.001 0.000 0.001 0.000 0.000 0.001 0.006 0.000 0.000 0.003 0.000 0.061 0.002 0.001 0.109 0.015 0.001 0.120 0.166 0.000 0.000 0.000 0.000 0.000 0.042 0.000 0.016 0.000 0.160 0.026 0.000 0.003 0.106 0.001 0.001 0.001 0.017 0.021 
17 cod_vis 30 0.065 0.000 0.000 0.000 0.017 0.994 0.197 0.000 0.154 0.136 0.000 0.001 0.000 0.000 0.000 0.012 0.000 0.001 0.000 0.000 0.001 0.000 0.001 0.000 0.000 0.001 0.007 0.000 0.000 0.003 0.000 0.061 0.002 0.001 0.110 0.015 0.001 0.120 0.168 0.000 0.000 0.000 0.000 0.000 0.043 0.000 0.015 0.000 0.158 0.025 0.000 0.003 0.106 0.001 0.001 0.001 0.017 0.021 
18 turtle_vis 30 0.065 0.000 0.000 0.000 0.017 0.994 0.190 0.000 0.158 0.139 0.000 0.001 0.000 0.000 0.000 0.012 0.000 0.001 0.000 0.000 0.001 0.000 0.001 0.000 0.000 0.001 0.006 0.000 0.000 0.003 0.000 0.061 0.002 0.001 0.109 0.015 0.001 0.120 0.165 0.000 0.000 0.000 0.000 0.000 0.042 0.000 0.016 0.000 0.160 0.026 0.000 0.003 0.106 0.001 0.001 0.001 0.017 0.021 
19 rattlesnake_vis 30 0.065 0.000 0.000 0.000 0.017 0.994 0.197 0.000 0.154 0.136 0.000 0.001 0.000 0.000 0.000 0.012 0.000 0.001 0.000 0.000 0.001 0.000 0.001 0.000 0.000 0.001 0.007 0.000 0.000 0.003 0.000 0.061 0.002 0.001 0.110 0.015 0.001 0.120 0.168 0.000 0.000 0.000 0.000 0.000 0.043 0.000 0.015 0.000 0.158 0.025 0.000 0.003 0.105 0.001 0.001 0.001 0.017 0.021 
20 crab_vis 30 0.065 0.000 0.000 0.000 0.017 0.994 0.197 0.000 0.155 0.136 0.000 0.001 0.000 0.000 0.000 0.012 0.000 0.001 0.000 0.000 0.001 0.000 0.001 0.000 0.000 0.001 0.007 0.000 0.000 0.003 0.000 0.061 0.002 0.001 0.110 0.015 0.001 0.120 0.168 0.000 0.000 0.000 0.000 0.000 0.043 0.000 0.015 0.000 0.158 0.025 0.000 0.003 0.105 0.001 0.001 0.001 0.017 0.021 
21 frog_vis 30 0.064 0.000 0.000 0.000 0.017 0.994 0.197 0.000 0.152 0.136 0.000 0.001 0.000 0.000 0.000 0.012 0.000 0.001 0.000 0.000 0.001 0.000 0.001 0.000 0.000 0.001 0.007 0.000 0.000 0.003 0.000 0.061 0.001 0.001 0.112 0.014 0.001 0.120 0.170 0.000 0.000 0.000 0.000 0.000 0.043 0.000 0.016 0.000 0.156 0.025 0.000 0.003 0.107 0.001 0.001 0.001 0.017 0.021 
22 gecko_vis 30 0.065 0.000 0.000 0.000 0.017 0.994 0.196 0.000 0.155 0.136 0.000 0.001 0.000 0.000 0.000 0.012 0.000 0.001 0.000 0.000 0.001 0.000 0.001 0.000 0.000 0.001 0.007 0.000 0.000 0.003 0.000 0.061 0.002 0.001 0.110 0.015 0.001 0.120 0.168 0.000 0.000 0.000 0.000 0.000 0.043 0.000 0.015 0.000 0.158 0.025 0.000 0.003 0.106 0.001 0.001 0.001 0.017 0.021 
23 crocodile_vis 30 0.065 0.000 0.000 0.000 0.017 0.994 0.196 0.000 0.155 0.136 0.000 0.001 0.000 0.000 0.000 0.012 0.000 0.001 0.000 0.000 0.001 0.000 0.001 0.000 0.000 0.001 0.007 0.000 0.000 0.003 0.000 0.061 0.002 0.001 0.110 0.015 0.001 0.120 0.168 0.000 0.000 0.000 0.000 0.000 0.042 0.000 0.015 0.000 0.158 0.025 0.000 0.003 0.106 0.001 0.001 0.001 0.017 0.021 
24 axe_vis 30 0.064 0.000 0.000 0.000 0.018 0.994 0.206 0.000 0.148 0.133 0.000 0.001 0.000 0.000 0.000 0.011 0.000 0.001 0.000 0.000 0.001 0.000 0.001 0.000 0.000 0.001 0.007 0.000 0.000 0.003 0.000 0.061 0.001 0.001 0.113 0.015 0.001 0.121 0.174 0.000 0.000 0.000 0.000 0.000 0.044 0.000 0.016 0.000 0.153 0.024 0.000 0.003 0.106 0.001 0.001 0.001 0.017 0.020 
25 hammer_vis 30 0.064 0.000 0.000 0.000 0.017 0.994 0.194 0.000 0.154 0.139 0.000 0.001 0.000 0.000 0.000 0.012 0.000 0.001 0.000 0.000 0.001 0.000 0.001 0.000 0.000 0.001 0.007 0.000 0.000 0.003 0.000 0.061 0.001 0.001 0.112 0.014 0.001 0.120 0.168 0.000 0.000 0.000 0.000 0.000 0.043 0.000 0.016 0.000 0.157 0.025 0.000 0.003 0.108 0.001 0.001 0.001 0.017 0.021 
26 screwdriver_vis 30 0.065 0.000 0.000 0.000 0.018 0.994 0.212 0.000 0.145 0.130 0.000 0.001 0.000 0.000 0.000 0.011 0.000 0.001 0.000 0.000 0.001 0.000 0.001 0.000 0.000 0.001 0.007 0.000 0.000 0.003 0.000 0.061 0.001 0.001 0.114 0.015 0.001 0.121 0.177 0.000 0.000 0.000 0.000 0.000 0.044 0.000 0.015 0.000 0.152 0.024 0.000 0.003 0.106 0.001 0.001 0.001 0.017 0.019 
27 chisel_vis 30 0.064 0.000 0.000 0.000 0.017 0.994 0.189 0.000 0.157 0.141 0.000 0.001 0.000 0.000 0.000 0.012 0.000 0.001 0.000 0.000 0.001 0.000 0.001 0.000 0.000 0.001 0.006 0.000 0.000 0.003 0.000 0.061 0.001 0.001 0.112 0.014 0.001 0.120 0.167 0.000 0.000 0.000 0.000 0.000 0.043 0.000 0.016 0.000 0.159 0.026 0.000 0.003 0.109 0.001 0.001 0.001 0.017 0.021 
28 saw_vis 30 0.064 0.000 0.000 0.000 0.017 0.994 0.202 0.000 0.150 0.135 0.000 0.001 0.000 0.000 0.000 0.011 0.000 0.001 0.000 0.000 0.001 0.000 0.001 0.000 0.000 0.001 0.007 0.000 0.000 0.003 0.000 0.061 0.001 0.001 0.113 0.014 0.001 0.120 0.172 0.000 0.000 0.000 0.000 0.000 0.044 0.000 0.016 0.000 0.155 0.025 0.000 0.003 0.107 0.001 0.001 0.001 0.017 0.020 
29 drill_vis 30 0.064 0.000 0.000 0.000 0.017 0.994 0.200 0.000 0.151 0.136 0.000 0.001 0.000 0.000 0.000 0.012 0.000 0.001 0.000 0.000 0.001 0.000 0.001 0.000 0.000 0.001 0.007 0.000 0.000 0.003 0.000 0.061 0.001 0.001 0.112 0.014 0.001 0.120 0.171 0.000 0.000 0.000 0.000 0.000 0.044 0.000 0.016 0.000 0.156 0.025 0.000 0.003 0.107 0.001 0.001 0.001 0.017 0.020 
30 clamp_vis 30 0.064 0.000 0.000 0.000 0.017 0.994 0.189 0.000 0.157 0.142 0.000 0.001 0.000 0.000 0.000 0.012 0.000 0.001 0.000 0.000 0.001 0.000 0.001 0.000 0.000 0.001 0.006 0.000 0.000 0.003 0.000 0.062 0.001 0.001 0.111 0.014 0.001 0.119 0.167 0.000 0.000 0.000 0.000 0.000 0.043 0.000 0.016 0.000 0.159 0.026 0.000 0.003 0.109 0.001 0.001 0.001 0.017 0.021 
31 hoe_vis 30 0.065 0.000 0.000 0.000 0.017 0.994 0.203 0.000 0.150 0.134 0.000 0.001 0.000 0.000 0.000 0.011 0.000 0.001 0.000 0.000 0.001 0.000 0.001 0.000 0.000 0.001 0.007 0.000 0.000 0.003 0.000 0.061 0.001 0.001 0.112 0.015 0.001 0.120 0.172 0.000 0.000 0.000 0.000 0.000 0.044 0.000 0.015 0.000 0.155 0.024 0.000 0.003 0.106 0.001 0.001 0.001 0.017 0.020 
32 rake_vis 30 0.064 0.000 0.000 0.000 0.017 0.994 0.192 0.000 0.157 0.140 0.000 0.001 0.000 0.000 0.000 0.012 0.000 0.001 0.000 0.000 0.001 0.000 0.001 0.000 0.000 0.001 0.007 0.000 0.000 0.003 0.000 0.061 0.001 0.001 0.111 0.014 0.001 0.120 0.167 0.000 0.000 0.000 0.000 0.000 0.043 0.000 0.016 0.000 0.159 0.026 0.000 0.003 0.108 0.001 0.001 0.001 0.017 0.021 
33 shovel_vis 30 0.064 0.000 0.000 0.000 0.017 0.994 0.202 0.000 0.150 0.135 0.000 0.001 0.000 0.000 0.000 0.011 0.000 0.001 0.000 0.000 0.001 0.000 0.001 0.000 0.000 0.001 0.007 0.000 0.000 0.003 0.000 0.061 0.001 0.001 0.113 0.014 0.001 0.120 0.172 0.000 0.000 0.000 0.000 0.000 0.044 0.000 0.016 0.000 0.155 0.025 0.000 0.003 0.107 0.001 0.001 0.001 0.017 0.020 
34 spade_vis 30 0.065 0.000 0.000 0.000 0.017 0.994 0.195 0.000 0.155 0.138 0.000 0.001 0.000 0.000 0.000 0.012 0.000 0.001 0.000 0.000 0.001 0.000 0.001 0.000 0.000 0.001 0.007 0.000 0.000 0.003 0.000 0.062 0.002 0.001 0.111 0.015 0.001 0.120 0.168 0.000 0.000 0.000 0.000 0.000 0.043 0.000 0.016 0.000 0.158 0.026 0.000 0.003 0.107 0.001 0.001 0.001 0.017 0.021 
35 wrench_vis 30 0.064 0.000 0.000 0.000 0.017 0.994 0.195 0.000 0.154 0.138 0.000 0.001 0.000 0.000 0.000 0.012 0.000 0.001 0.000 0.000 0.001 0.000 0.001 0.000 0.000 0.001 0.007 0.000 0.000 0.003 0.000 0.061 0.001 0.001 0.112 0.014 0.001 0.120 0.169 0.000 0.000 0.000 0.000 0.000 0.043 0.000 0.016 0.000 0.157 0.025 0.000 0.003 0.108 0.001 0.001 0.001 0.017 0.021 
36 accordion_vis 30 0.070 0.000 0.000 0.000 0.019 0.994 0.214 0.000 0.181 0.122 0.000 0.001 0.000 0.000 0.000 0.013 0.000 0.001 0.000 0.000 0.001 0.000 0.001 0.000 0.000 0.001 0.006 0.000 0.000 0.003 0.000 0.061 0.002 0.001 0.090 0.021 0.001 0.120 0.155 0.000 0.000 0.000 0.000 0.000 0.035 0.000 0.013 0.001 0.176 0.026 0.000 0.005 0.087 0.001 0.001 0.001 0.014 0.022 
37 cello_vis 30 0.119 0.000 0.000 0.000 0.052 0.994 0.435 0.000 0.392 0.050 0.000 0.001 0.000 0.000 0.000 0.026 0.000 0.001 0.000 0.001 0.001 0.000 0.001 0.000 0.000 0.005 0.006 0.000 0.002 0.002 0.000 0.058 0.019 0.001 0.025 0.289 0.002 0.123 0.104 0.000 0.000 0.000 0.000 0.001 0.011 0.001 0.005 0.003 0.297 0.028 0.000 0.102 0.024 0.001 0.004 0.001 0.005 0.027 
38 flute_vis 30 0.064 0.000 0.000 0.000 0.017 0.994 0.194 0.000 0.154 0.139 0.000 0.001 0.000 0.000 0.000 0.012 0.000 0.001 0.000 0.000 0.001 0.000 0.001 0.000 0.000 0.001 0.007 0.000 0.000 0.003 0.000 0.061 0.001 0.001 0.112 0.014 0.001 0.120 0.169 0.000 0.000 0.000 0.000 0.000 0.043 0.000 0.016 0.000 0.157 0.025 0.000 0.003 0.108 0.001 0.001 0.001 0.017 0.021 
39 guitar_vis 30 0.064 0.000 0.000 0.000 0.017 0.994 0.196 0.000 0.154 0.138 0.000 0.001 0.000 0.000 0.000 0.012 0.000 0.001 0.000 0.000 0.001 0.000 0.001 0.000 0.000 0.001 0.007 0.000 0.000 0.003 0.000 0.061 0.001 0.001 0.112 0.014 0.001 0.120 0.169 0.000 0.000 0.000 0.000 0.000 0.043 0.000 0.016 0.000 0.157 0.025 0.000 0.003 0.107 0.001 0.001 0.001 0.017 0.021 
40 piano_vis 30 0.071 0.000 0.000 0.000 0.019 0.994 0.210 0.000 0.191 0.121 0.000 0.001 0.000 0.000 0.000 0.014 0.000 0.001 0.000 0.000 0.001 0.000 0.001 0.000 0.000 0.001 0.006 0.000 0.001 0.002 0.000 0.061 0.002 0.001 0.086 0.023 0.001 0.119 0.150 0.000 0.000 0.000 0.000 0.000 0.034 0.000 0.013 0.001 0.182 0.027 0.000 0.006 0.085 0.001 0.001 0.001 0.014 0.023 
41 trumpet_vis 30 0.066 0.000 0.000 0.000 0.017 0.994 0.190 0.000 0.165 0.136 0.000 0.001 0.000 0.000 0.000 0.012 0.000 0.001 0.000 0.000 0.001 0.000 0.001 0.000 0.000 0.001 0.006 0.000 0.000 0.003 0.000 0.061 0.002 0.001 0.105 0.015 0.001 0.119 0.162 0.000 0.000 0.000 0.000 0.000 0.041 0.000 0.015 0.001 0.163 0.026 0.000 0.003 0.103 0.001 0.001 0.001 0.016 0.022 
42 fork_vis 30 0.065 0.000 0.000 0.000 0.017 0.994 0.200 0.000 0.152 0.135 0.000 0.001 0.000 0.000 0.000 0.012 0.000 0.001 0.000 0.000 0.001 0.000 0.001 0.000 0.000 0.001 0.007 0.000 0.000 0.003 0.000 0.061 0.001 0.001 0.112 0.015 0.001 0.120 0.171 0.000 0.000 0.000 0.000 0.000 0.043 0.000 0.016 0.000 0.156 0.025 0.000 0.003 0.106 0.001 0.001 0.001 0.017 0.020 
43 spoon_vis 30 0.064 0.000 0.000 0.000 0.018 0.994 0.212 0.000 0.145 0.131 0.000 0.001 0.000 0.000 0.000 0.011 0.000 0.001 0.000 0.000 0.001 0.000 0.001 0.000 0.000 0.001 0.007 0.000 0.000 0.003 0.000 0.061 0.001 0.001 0.114 0.015 0.001 0.121 0.176 0.000 0.000 0.000 0.000 0.000 0.044 0.000 0.015 0.000 0.152 0.024 0.000 0.003 0.105 0.001 0.001 0.001 0.017 0.019 
44 tongs_vis 30 0.064 0.000 0.000 0.000 0.017 0.994 0.197 0.000 0.153 0.138 0.000 0.001 0.000 0.000 0.000 0.012 0.000 0.001 0.000 0.000 0.001 0.000 0.001 0.000 0.000 0.001 0.007 0.000 0.000 0.003 0.000 0.061 0.001 0.001 0.112 0.014 0.001 0.120 0.169 0.000 0.000 0.000 0.000 0.000 0.043 0.000 0.016 0.000 0.156 0.025 0.000 0.003 0.107 0.001 0.001 0.001 0.017 0.021 
45 ladle_vis 30 0.064 0.000 0.000 0.000 0.018 0.994 0.211 0.000 0.146 0.131 0.000 0.001 0.000 0.000 0.000 0.011 0.000 0.001 0.000 0.000 0.001 0.000 0.001 0.000 0.000 0.001 0.007 0.000 0.000 0.003 0.000 0.061 0.001 0.001 0.114 0.015 0.001 0.121 0.176 0.000 0.000 0.000 0.000 0.000 0.044 0.000 0.015 0.000 0.152 0.024 0.000 0.003 0.106 0.001 0.001 0.001 0.017 0.019 
46 knife_vis 30 0.064 0.000 0.000 0.000 0.017 0.994 0.203 0.000 0.150 0.135 0.000 0.001 0.000 0.000 0.000 0.011 0.000 0.001 0.000 0.000 0.001 0.000 0.001 0.000 0.000 0.001 0.007 0.000 0.000 0.003 0.000 0.061 0.001 0.001 0.113 0.015 0.001 0.120 0.172 0.000 0.000 0.000 0.000 0.000 0.044 0.000 0.016 0.000 0.154 0.025 0.000 0.003 0.106 0.001 0.001 0.001 0.017 0.020 
47 chopsticks_vis 30 0.064 0.000 0.000 0.000 0.017 0.994 0.194 0.000 0.155 0.139 0.000 0.001 0.000 0.000 0.000 0.012 0.000 0.001 0.000 0.000 0.001 0.000 0.001 0.000 0.000 0.001 0.007 0.000 0.000 0.003 0.000 0.061 0.001 0.001 0.111 0.014 0.001 0.120 0.168 0.000 0.000 0.000 0.000 0.000 0.043 0.000 0.016 0.000 0.158 0.026 0.000 0.003 0.107 0.001 0.001 0.001 0.017 0.021 
