0 beaver_vis 30 0.991 0.077 0.000 0.779 0.002 0.003 0.000 0.995 0.003 0.000 0.004 0.000 0.001 0.000 0.000 0.135 0.061 0.000 0.001 0.000 0.000 0.000 0.001 0.011 0.000 0.910 0.872 0.023 0.000 0.001 0.001 0.039 0.093 0.000 0.000 0.001 0.000 0.102 0.000 0.031 0.815 0.101 0.470 0.972 0.000 0.007 0.000 0.000 0.002 0.002 0.000 0.840 0.000 0.000 0.000 0.002 0.000 0.001 
1 bear_vis 30 0.996 0.386 0.000 0.956 0.002 0.001 0.000 0.991 0.003 0.000 0.132 0.000 0.000 0.000 0.000 0.218 0.006 0.000 0.000 0.000 0.000 0.000 0.001 0.015 0.000 0.920 0.767 0.030 0.000 0.000 0.004 0.001 0.904 0.000 0.000 0.001 0.000 0.117 0.000 0.001 0.439 0.004 0.092 0.913 0.000 0.075 0.000 0.000 0.002 0.003 0.000 0.840 0.000 0.000 0.000 0.001 0.000 0.001 
2 sheep_vis 30 0.994 0.080 0.000 0.754 0.002 0.001 0.000 0.995 0.004 0.000 0.007 0.000 0.001 0.000 0.000 0.127 0.035 0.000 0.001 0.000 0.000 0.000 0.001 0.008 0.000 0.886 0.822 0.019 0.000 0.001 0.001 0.020 0.165 0.000 0.000 0.001 0.000 0.086 0.000 0.021 0.779 0.063 0.345 0.962 0.000 0.009 0.000 0.000 0.002 0.003 0.000 0.779 0.000 0.000 0.000 0.001 0.000 0.001 
3 buffalo_vis 30 0.996 0.310 0.000 0.929 0.003 0.001 0.000 0.991 0.004 0.000 0.099 0.000 0.000 0.000 0.000 0.183 0.006 0.000 0.000 0.000 0.000 0.000 0.001 0.014 0.000 0.883 0.731 0.028 0.000 0.000 0.004 0.002 0.800 0.000 0.000 0.001 0.000 0.083 0.000 0.001 0.473 0.005 0.084 0.908 0.000 0.058 0.000 0.000 0.001 0.005 0.000 0.744 0.000 0.000 0.000 0.001 0.000 0.001 
4 poodle_vis 30 0.996 0.110 0.000 0.784 0.003 0.001 0.000 0.991 0.004 0.000 0.012 0.000 0.000 0.000 0.000 0.090 0.007 0.000 0.000 0.000 0.000 0.000 0.001 0.006 0.000 0.800 0.678 0.015 0.000 0.000 0.002 0.003 0.353 0.000 0.000 0.001 0.000 0.038 0.000 0.004 0.651 0.012 0.118 0.925 0.000 0.012 0.000 0.000 0.001 0.004 0.000 0.546 0.000 0.000 0.000 0.001 0.000 0.000 
5 giraffe_vis 30 0.996 0.398 0.000 0.957 0.003 0.001 0.000 0.991 0.004 0.000 0.151 0.000 0.000 0.000 0.000 0.235 0.006 0.001 0.000 0.000 0.000 0.000 0.001 0.018 0.000 0.922 0.771 0.034 0.000 0.000 0.005 0.002 0.904 0.000 0.000 0.001 0.000 0.118 0.000 0.001 0.416 0.004 0.088 0.910 0.000 0.084 0.000 0.000 0.002 0.004 0.000 0.843 0.000 0.000 0.000 0.001 0.000 0.001 
6 robin_vis 30 0.990 0.072 0.000 0.782 0.002 0.012 0.000 0.995 0.003 0.000 0.002 0.000 0.001 0.000 0.000 0.114 0.068 0.000 0.001 0.000 0.000 0.000 0.001 0.010 0.000 0.905 0.874 0.019 0.000 0.001 0.001 0.053 0.059 0.000 0.000 0.001 0.000 0.075 0.000 0.035 0.811 0.121 0.481 0.971 0.000 0.003 0.000 0.000 0.002 0.002 0.000 0.829 0.000 0.000 0.000 0.001 0.000 0.001 
7 swan_vis 30 0.995 0.076 0.000 0.735 0.002 0.001 0.000 0.993 0.003 0.000 0.003 0.000 0.000 0.000 0.000 0.086 0.024 0.000 0.000 0.000 0.000 0.000 0.001 0.004 0.000 0.847 0.783 0.011 0.000 0.000 0.001 0.014 0.158 0.000 0.000 0.001 0.000 0.059 0.000 0.017 0.777 0.044 0.294 0.953 0.000 0.005 0.000 0.000 0.001 0.001 0.000 0.686 0.000 0.000 0.000 0.001 0.000 0.000 
8 woodpecker_vis 30 0.990 0.073 0.000 0.770 0.002 0.004 0.000 0.995 0.003 0.000 0.003 0.000 0.001 0.000 0.000 0.134 0.068 0.000 0.001 0.000 0.000 0.000 0.001 0.011 0.000 0.911 0.877 0.021 0.000 0.001 0.001 0.045 0.079 0.000 0.000 0.001 0.000 0.098 0.000 0.033 0.822 0.110 0.487 0.972 0.000 0.005 0.000 0.000 0.002 0.002 0.000 0.837 0.000 0.000 0.000 0.001 0.000 0.001 
9 peacock_vis 30 0.996 0.142 0.000 0.818 0.002 0.001 0.000 0.989 0.003 0.000 0.016 0.000 0.000 0.000 0.000 0.084 0.005 0.000 0.000 0.000 0.000 0.000 0.001 0.004 0.000 0.799 0.663 0.011 0.000 0.000 0.002 0.002 0.483 0.000 0.000 0.001 0.000 0.052 0.000 0.003 0.659 0.007 0.110 0.926 0.000 0.016 0.000 0.000 0.001 0.002 0.000 0.556 0.000 0.000 0.000 0.001 0.000 0.001 
10 crow_vis 30 0.995 0.075 0.000 0.731 0.002 0.001 0.000 0.993 0.003 0.000 0.003 0.000 0.000 0.000 0.000 0.084 0.020 0.000 0.000 0.000 0.000 0.000 0.001 0.004 0.000 0.834 0.760 0.011 0.000 0.000 0.001 0.011 0.168 0.000 0.000 0.001 0.000 0.051 0.000 0.014 0.756 0.037 0.253 0.949 0.000 0.004 0.000 0.000 0.001 0.002 0.000 0.647 0.000 0.000 0.000 0.001 0.000 0.000 
11 eagle_vis 30 0.991 0.075 0.000 0.772 0.002 0.006 0.000 0.995 0.003 0.000 0.003 0.000 0.001 0.000 0.000 0.111 0.059 0.000 0.001 0.000 0.000 0.000 0.001 0.009 0.000 0.900 0.864 0.016 0.000 0.001 0.001 0.041 0.085 0.000 0.000 0.001 0.000 0.081 0.000 0.033 0.815 0.098 0.459 0.968 0.000 0.004 0.000 0.000 0.002 0.001 0.000 0.815 0.000 0.000 0.000 0.001 0.000 0.001 
12 tuna_vis 30 0.996 0.208 0.000 0.867 0.002 0.001 0.000 0.988 0.003 0.000 0.058 0.000 0.000 0.000 0.000 0.130 0.005 0.000 0.000 0.000 0.000 0.000 0.001 0.008 0.000 0.834 0.686 0.019 0.000 0.000 0.003 0.002 0.615 0.000 0.000 0.001 0.000 0.064 0.000 0.002 0.568 0.006 0.091 0.912 0.000 0.042 0.000 0.000 0.001 0.003 0.000 0.628 0.000 0.000 0.000 0.001 0.000 0.001 
13 goldfish_vis 30 0.996 0.285 0.000 0.913 0.003 0.001 0.000 0.989 0.004 0.000 0.102 0.000 0.000 0.000 0.000 0.181 0.005 0.001 0.000 0.000 0.000 0.000 0.001 0.014 0.000 0.870 0.717 0.027 0.000 0.000 0.005 0.002 0.756 0.000 0.000 0.001 0.000 0.070 0.000 0.001 0.477 0.005 0.076 0.895 0.000 0.060 0.000 0.000 0.001 0.007 0.000 0.705 0.000 0.000 0.000 0.001 0.000 0.000 
14 salmon_vis 30 0.996 0.208 0.000 0.864 0.003 0.001 0.000 0.987 0.004 0.000 0.053 0.000 0.000 0.000 0.000 0.130 0.005 0.000 0.000 0.000 0.000 0.000 0.001 0.007 0.000 0.842 0.699 0.018 0.000 0.000 0.003 0.002 0.608 0.000 0.000 0.001 0.000 0.069 0.000 0.002 0.583 0.006 0.101 0.914 0.000 0.036 0.000 0.000 0.001 0.004 0.000 0.653 0.000 0.000 0.000 0.001 0.000 0.001 
15 sardine_vis 30 0.996 0.144 0.000 0.820 0.002 0.001 0.000 0.991 0.003 0.000 0.023 0.000 0.000 0.000 0.000 0.092 0.008 0.000 0.000 0.000 0.000 0.000 0.001 0.005 0.000 0.823 0.708 0.013 0.000 0.000 0.002 0.003 0.409 0.000 0.000 0.001 0.000 0.057 0.000 0.006 0.668 0.013 0.144 0.931 0.000 0.021 0.000 0.000 0.001 0.002 0.000 0.620 0.000 0.000 0.000 0.001 0.000 0.001 
16 catfish_vis 30 0.996 0.255 0.000 0.902 0.004 0.001 0.000 0.985 0.004 0.000 0.092 0.000 0.000 0.000 0.000 0.185 0.006 0.001 0.000 0.000 0.000 0.000 0.001 0.015 0.000 0.863 0.708 0.027 0.000 0.000 0.005 0.002 0.722 0.000 0.000 0.000 0.000 0.051 0.000 0.001 0.457 0.005 0.064 0.874 0.000 0.047 0.000 0.000 0.001 0.014 0.000 0.672 0.000 0.000 0.000 0.001 0.000 0.000 
17 cod_vis 30 0.996 0.148 0.000 0.820 0.002 0.001 0.000 0.990 0.003 0.000 0.025 0.000 0.000 0.000 0.000 0.095 0.007 0.000 0.000 0.000 0.000 0.000 0.001 0.005 0.000 0.817 0.695 0.014 0.000 0.000 0.003 0.003 0.435 0.000 0.000 0.001 0.000 0.052 0.000 0.005 0.647 0.011 0.126 0.922 0.000 0.021 0.000 0.000 0.001 0.003 0.000 0.601 0.000 0.000 0.000 0.001 0.000 0.000 
18 turtle_vis 30 0.996 0.241 0.000 0.912 0.005 0.001 0.000 0.987 0.005 0.000 0.091 0.000 0.000 0.000 0.000 0.206 0.008 0.001 0.000 0.000 0.000 0.000 0.001 0.021 0.000 0.869 0.714 0.030 0.000 0.000 0.006 0.002 0.711 0.000 0.000 0.001 0.000 0.029 0.000 0.001 0.373 0.006 0.043 0.835 0.000 0.039 0.000 0.000 0.001 0.023 0.000 0.644 0.000 0.000 0.000 0.001 0.000 0.000 
19 rattlesnake_vis 30 0.996 0.182 0.000 0.866 0.004 0.001 0.000 0.988 0.005 0.000 0.050 0.000 0.000 0.000 0.000 0.142 0.006 0.001 0.000 0.000 0.000 0.000 0.001 0.012 0.000 0.828 0.678 0.022 0.000 0.000 0.004 0.002 0.580 0.000 0.000 0.001 0.000 0.031 0.000 0.002 0.497 0.007 0.064 0.875 0.000 0.027 0.000 0.000 0.001 0.015 0.000 0.577 0.000 0.000 0.000 0.001 0.000 0.000 
20 crab_vis 30 0.996 0.224 0.000 0.882 0.003 0.001 0.000 0.988 0.004 0.000 0.067 0.000 0.000 0.000 0.000 0.150 0.005 0.001 0.000 0.000 0.000 0.000 0.001 0.012 0.000 0.841 0.688 0.023 0.000 0.000 0.004 0.002 0.663 0.000 0.000 0.001 0.000 0.051 0.000 0.002 0.521 0.006 0.075 0.897 0.000 0.040 0.000 0.000 0.001 0.009 0.000 0.631 0.000 0.000 0.000 0.001 0.000 0.000 
21 frog_vis 30 0.996 0.148 0.000 0.842 0.005 0.001 0.000 0.987 0.005 0.000 0.033 0.000 0.000 0.000 0.000 0.123 0.007 0.001 0.000 0.000 0.000 0.000 0.001 0.009 0.001 0.812 0.668 0.018 0.000 0.000 0.003 0.003 0.505 0.000 0.000 0.001 0.000 0.025 0.000 0.002 0.518 0.008 0.065 0.871 0.000 0.018 0.000 0.000 0.001 0.016 0.000 0.531 0.000 0.000 0.000 0.001 0.000 0.000 
22 gecko_vis 30 0.996 0.154 0.000 0.826 0.003 0.001 0.000 0.989 0.004 0.000 0.029 0.000 0.000 0.000 0.000 0.100 0.005 0.000 0.000 0.000 0.000 0.000 0.001 0.007 0.000 0.791 0.649 0.016 0.000 0.000 0.003 0.002 0.505 0.000 0.000 0.001 0.000 0.040 0.000 0.003 0.599 0.007 0.085 0.909 0.000 0.022 0.000 0.000 0.001 0.006 0.000 0.529 0.000 0.000 0.000 0.001 0.000 0.000 
23 crocodile_vis 30 0.996 0.205 0.000 0.872 0.004 0.001 0.000 0.987 0.004 0.000 0.062 0.000 0.000 0.000 0.000 0.149 0.006 0.001 0.000 0.000 0.000 0.000 0.001 0.011 0.000 0.837 0.685 0.022 0.000 0.000 0.004 0.002 0.632 0.000 0.000 0.001 0.000 0.044 0.000 0.002 0.512 0.006 0.071 0.887 0.000 0.035 0.000 0.000 0.001 0.010 0.000 0.615 0.000 0.000 0.000 0.001 0.000 0.000 
24 axe_vis 30 0.995 0.080 0.000 0.728 0.002 0.001 0.000 0.989 0.005 0.000 0.003 0.000 0.000 0.000 0.000 0.081 0.015 0.000 0.000 0.000 0.000 0.000 0.001 0.003 0.000 0.814 0.731 0.010 0.000 0.000 0.001 0.008 0.204 0.000 0.000 0.001 0.000 0.042 0.000 0.011 0.723 0.028 0.196 0.934 0.000 0.003 0.000 0.000 0.002 0.004 0.000 0.602 0.000 0.000 0.000 0.001 0.000 0.000 
25 hammer_vis 30 0.995 0.080 0.000 0.746 0.002 0.001 0.000 0.994 0.003 0.000 0.003 0.000 0.000 0.000 0.000 0.079 0.022 0.000 0.000 0.000 0.000 0.000 0.001 0.004 0.000 0.845 0.797 0.011 0.000 0.000 0.001 0.013 0.122 0.000 0.000 0.001 0.000 0.054 0.000 0.016 0.775 0.039 0.297 0.959 0.000 0.003 0.000 0.000 0.002 0.002 0.000 0.688 0.000 0.000 0.000 0.001 0.000 0.000 
26 screwdriver_vis 30 0.996 0.081 0.000 0.719 0.002 0.001 0.000 0.989 0.005 0.000 0.003 0.000 0.000 0.000 0.000 0.057 0.009 0.000 0.000 0.000 0.000 0.000 0.001 0.002 0.000 0.766 0.709 0.008 0.000 0.000 0.001 0.004 0.191 0.000 0.000 0.001 0.000 0.036 0.000 0.008 0.712 0.016 0.158 0.938 0.000 0.003 0.000 0.000 0.001 0.002 0.000 0.513 0.000 0.000 0.000 0.001 0.000 0.000 
27 chisel_vis 30 0.995 0.076 0.000 0.714 0.002 0.001 0.000 0.991 0.004 0.000 0.002 0.000 0.000 0.000 0.000 0.057 0.010 0.000 0.000 0.000 0.000 0.000 0.001 0.002 0.000 0.774 0.728 0.008 0.000 0.000 0.001 0.005 0.158 0.000 0.000 0.001 0.000 0.039 0.000 0.010 0.729 0.018 0.186 0.946 0.000 0.002 0.000 0.000 0.001 0.001 0.000 0.535 0.000 0.000 0.000 0.001 0.000 0.000 
28 saw_vis 30 0.996 0.096 0.000 0.748 0.002 0.001 0.000 0.989 0.004 0.000 0.004 0.000 0.000 0.000 0.000 0.055 0.006 0.000 0.000 0.000 0.000 0.000 0.001 0.002 0.000 0.744 0.657 0.008 0.000 0.000 0.001 0.003 0.275 0.000 0.000 0.001 0.000 0.030 0.000 0.005 0.684 0.010 0.116 0.927 0.000 0.004 0.000 0.000 0.001 0.003 0.000 0.457 0.000 0.000 0.000 0.001 0.000 0.000 
29 drill_vis 30 0.993 0.053 0.000 0.762 0.002 0.002 0.000 0.993 0.004 0.000 0.003 0.000 0.000 0.000 0.000 0.051 0.003 0.000 0.000 0.000 0.000 0.000 0.001 0.003 0.000 0.669 0.588 0.015 0.000 0.000 0.001 0.003 0.172 0.000 0.000 0.001 0.000 0.044 0.000 0.013 0.779 0.027 0.247 0.959 0.000 0.005 0.000 0.000 0.002 0.002 0.000 0.634 0.000 0.000 0.000 0.001 0.000 0.001 
30 clamp_vis 30 0.125 0.002 0.000 0.767 0.001 0.925 0.000 0.995 0.020 0.000 0.001 0.000 0.000 0.000 0.000 0.024 0.002 0.000 0.000 0.000 0.000 0.000 0.001 0.013 0.000 0.462 0.614 0.251 0.000 0.046 0.001 0.023 0.006 0.000 0.000 0.008 0.000 0.063 0.000 0.062 0.920 0.202 0.937 0.992 0.000 0.006 0.000 0.000 0.008 0.001 0.000 0.909 0.000 0.000 0.000 0.002 0.000 0.001 
31 hoe_vis 30 0.031 0.001 0.000 0.771 0.002 0.970 0.000 0.996 0.034 0.000 0.001 0.000 0.000 0.000 0.000 0.017 0.001 0.000 0.000 0.000 0.000 0.000 0.001 0.012 0.000 0.371 0.537 0.323 0.000 0.075 0.001 0.020 0.005 0.000 0.001 0.012 0.000 0.057 0.000 0.057 0.932 0.217 0.963 0.993 0.001 0.008 0.000 0.000 0.011 0.001 0.001 0.900 0.000 0.000 0.000 0.002 0.000 0.001 
32 rake_vis 30 0.020 0.001 0.000 0.216 0.002 0.977 0.000 0.996 0.087 0.000 0.000 0.000 0.000 0.000 0.000 0.009 0.002 0.000 0.000 0.000 0.000 0.000 0.001 0.004 0.000 0.179 0.149 0.099 0.000 0.204 0.001 0.064 0.004 0.001 0.191 0.009 0.000 0.042 0.000 0.056 0.890 0.154 0.974 0.993 0.001 0.006 0.000 0.000 0.007 0.001 0.001 0.742 0.000 0.000 0.000 0.002 0.000 0.001 
33 shovel_vis 30 0.827 0.014 0.000 0.754 0.001 0.445 0.000 0.995 0.003 0.000 0.001 0.000 0.000 0.000 0.000 0.045 0.007 0.000 0.000 0.000 0.000 0.000 0.001 0.007 0.000 0.666 0.699 0.051 0.000 0.003 0.001 0.016 0.016 0.000 0.000 0.001 0.000 0.077 0.000 0.051 0.883 0.123 0.703 0.988 0.000 0.003 0.000 0.000 0.004 0.001 0.000 0.866 0.000 0.000 0.000 0.002 0.000 0.001 
34 spade_vis 30 0.017 0.001 0.000 0.212 0.002 0.980 0.000 0.996 0.098 0.000 0.000 0.000 0.000 0.000 0.000 0.009 0.002 0.000 0.000 0.000 0.000 0.000 0.001 0.004 0.000 0.176 0.141 0.101 0.000 0.214 0.001 0.068 0.004 0.001 0.224 0.010 0.000 0.043 0.000 0.053 0.890 0.152 0.975 0.993 0.001 0.008 0.000 0.000 0.007 0.001 0.001 0.730 0.000 0.000 0.000 0.002 0.000 0.001 
35 wrench_vis 30 0.995 0.085 0.000 0.760 0.002 0.001 0.000 0.994 0.003 0.000 0.002 0.000 0.000 0.000 0.000 0.050 0.007 0.000 0.000 0.000 0.000 0.000 0.001 0.002 0.000 0.760 0.693 0.010 0.000 0.000 0.001 0.004 0.184 0.000 0.000 0.001 0.000 0.036 0.000 0.008 0.722 0.016 0.179 0.947 0.000 0.004 0.000 0.000 0.002 0.002 0.000 0.520 0.000 0.000 0.000 0.001 0.000 0.001 
36 accordion_vis 30 0.996 0.215 0.000 0.639 0.003 0.001 0.000 0.025 0.442 0.000 0.012 0.000 0.000 0.000 0.000 0.221 0.014 0.000 0.000 0.000 0.000 0.000 0.001 0.004 0.001 0.834 0.738 0.015 0.000 0.001 0.002 0.002 0.852 0.000 0.000 0.001 0.000 0.006 0.000 0.000 0.008 0.001 0.002 0.077 0.000 0.004 0.000 0.000 0.009 0.260 0.025 0.651 0.000 0.000 0.000 0.002 0.000 0.000 
37 cello_vis 30 0.996 0.055 0.000 0.865 0.005 0.001 0.000 0.979 0.008 0.000 0.006 0.000 0.000 0.000 0.000 0.199 0.016 0.000 0.000 0.000 0.000 0.000 0.001 0.008 0.000 0.863 0.643 0.019 0.000 0.004 0.002 0.013 0.293 0.000 0.000 0.001 0.000 0.007 0.000 0.000 0.057 0.023 0.005 0.553 0.000 0.007 0.000 0.000 0.001 0.028 0.001 0.263 0.000 0.000 0.000 0.001 0.000 0.000 
38 flute_vis 30 0.996 0.117 0.000 0.917 0.007 0.001 0.000 0.970 0.009 0.000 0.020 0.000 0.000 0.000 0.000 0.284 0.018 0.000 0.000 0.000 0.000 0.000 0.001 0.007 0.000 0.867 0.689 0.018 0.000 0.003 0.002 0.012 0.671 0.000 0.000 0.001 0.000 0.007 0.000 0.000 0.084 0.012 0.004 0.642 0.000 0.005 0.000 0.000 0.001 0.031 0.001 0.396 0.000 0.000 0.000 0.001 0.000 0.000 
39 guitar_vis 30 0.996 0.076 0.000 0.877 0.005 0.001 0.000 0.976 0.009 0.000 0.011 0.000 0.000 0.000 0.000 0.219 0.017 0.000 0.000 0.000 0.000 0.000 0.001 0.009 0.000 0.869 0.666 0.018 0.000 0.004 0.002 0.012 0.378 0.000 0.000 0.001 0.000 0.007 0.000 0.000 0.060 0.019 0.004 0.560 0.000 0.006 0.000 0.000 0.001 0.030 0.001 0.299 0.000 0.000 0.000 0.001 0.000 0.000 
40 piano_vis 30 0.996 0.094 0.000 0.608 0.008 0.001 0.000 0.021 0.383 0.000 0.007 0.000 0.000 0.000 0.000 0.080 0.005 0.000 0.000 0.000 0.000 0.000 0.001 0.003 0.001 0.555 0.535 0.012 0.000 0.009 0.003 0.007 0.938 0.001 0.000 0.001 0.000 0.005 0.000 0.000 0.013 0.001 0.002 0.030 0.000 0.003 0.000 0.001 0.005 0.081 0.174 0.270 0.000 0.000 0.000 0.001 0.000 0.000 
41 trumpet_vis 30 0.996 0.101 0.000 0.868 0.004 0.001 0.000 0.989 0.007 0.000 0.011 0.000 0.000 0.000 0.000 0.161 0.007 0.000 0.000 0.000 0.000 0.000 0.001 0.011 0.000 0.820 0.613 0.023 0.000 0.001 0.002 0.004 0.428 0.000 0.000 0.001 0.000 0.012 0.000 0.001 0.294 0.012 0.024 0.786 0.000 0.011 0.000 0.000 0.001 0.022 0.000 0.400 0.000 0.000 0.000 0.001 0.000 0.000 
42 fork_vis 30 0.973 0.090 0.000 0.914 0.003 0.010 0.000 0.996 0.017 0.000 0.003 0.000 0.000 0.000 0.000 0.150 0.010 0.000 0.000 0.000 0.000 0.000 0.001 0.038 0.000 0.867 0.731 0.074 0.000 0.004 0.002 0.015 0.140 0.000 0.000 0.002 0.000 0.065 0.000 0.008 0.670 0.091 0.286 0.963 0.000 0.027 0.000 0.000 0.007 0.012 0.000 0.747 0.000 0.000 0.000 0.002 0.000 0.001 
43 spoon_vis 30 0.845 0.108 0.000 0.913 0.002 0.840 0.000 0.996 0.032 0.000 0.004 0.000 0.000 0.000 0.000 0.093 0.012 0.000 0.000 0.000 0.000 0.000 0.001 0.047 0.001 0.878 0.822 0.127 0.000 0.009 0.002 0.018 0.090 0.001 0.000 0.006 0.000 0.069 0.000 0.002 0.495 0.081 0.625 0.961 0.000 0.042 0.000 0.000 0.013 0.009 0.001 0.563 0.000 0.000 0.000 0.002 0.000 0.001 
44 tongs_vis 30 0.990 0.057 0.000 0.811 0.002 0.007 0.000 0.995 0.003 0.000 0.002 0.000 0.000 0.000 0.000 0.086 0.021 0.000 0.000 0.000 0.000 0.000 0.001 0.007 0.000 0.854 0.801 0.024 0.000 0.001 0.001 0.019 0.082 0.000 0.000 0.001 0.000 0.075 0.000 0.026 0.819 0.075 0.440 0.976 0.000 0.007 0.000 0.000 0.002 0.002 0.000 0.817 0.000 0.000 0.000 0.002 0.000 0.001 
45 ladle_vis 30 0.022 0.001 0.000 0.835 0.002 0.978 0.000 0.996 0.089 0.000 0.001 0.000 0.000 0.000 0.000 0.040 0.001 0.000 0.000 0.000 0.000 0.000 0.001 0.035 0.000 0.528 0.537 0.399 0.000 0.056 0.002 0.018 0.005 0.001 0.001 0.034 0.000 0.124 0.000 0.024 0.905 0.189 0.968 0.993 0.001 0.060 0.000 0.000 0.025 0.004 0.001 0.935 0.000 0.000 0.000 0.003 0.000 0.002 
46 knife_vis 30 0.993 0.082 0.000 0.815 0.002 0.001 0.000 0.995 0.004 0.000 0.003 0.000 0.000 0.000 0.000 0.096 0.015 0.000 0.000 0.000 0.000 0.000 0.001 0.006 0.000 0.844 0.748 0.022 0.000 0.001 0.001 0.009 0.191 0.000 0.000 0.001 0.000 0.042 0.000 0.008 0.647 0.036 0.171 0.941 0.000 0.008 0.000 0.000 0.002 0.003 0.000 0.652 0.000 0.000 0.000 0.001 0.000 0.001 
47 chopsticks_vis 30 0.995 0.086 0.000 0.797 0.002 0.001 0.000 0.994 0.004 0.000 0.003 0.000 0.000 0.000 0.000 0.077 0.010 0.000 0.000 0.000 0.000 0.000 0.001 0.004 0.000 0.811 0.713 0.016 0.000 0.001 0.001 0.006 0.212 0.000 0.000 0.001 0.000 0.038 0.000 0.007 0.696 0.025 0.164 0.944 0.000 0.007 0.000 0.000 0.002 0.002 0.000 0.592 0.000 0.000 0.000 0.001 0.000 0.001 
