0 beaver_vis 30 0.993 0.984 0.983 0.212 0.022 0.002 0.000 0.000 0.001 0.000 0.891 0.017 0.438 0.005 0.010 0.014 0.192 0.700 0.006 0.003 0.871 0.000 0.002 0.001 0.007 0.121 0.070 0.000 0.001 0.000 0.021 0.001 0.987 0.001 0.000 0.000 0.001 0.001 0.000 0.000 0.001 0.000 0.000 0.000 0.000 0.003 0.000 0.011 0.000 0.000 0.006 0.000 0.001 0.000 0.001 0.001 0.000 0.002 
1 bear_vis 30 0.993 0.984 0.984 0.168 0.019 0.002 0.000 0.000 0.001 0.000 0.899 0.013 0.384 0.005 0.010 0.015 0.224 0.706 0.006 0.003 0.884 0.000 0.001 0.001 0.006 0.103 0.057 0.000 0.001 0.000 0.017 0.001 0.987 0.001 0.000 0.000 0.001 0.000 0.000 0.000 0.001 0.000 0.000 0.000 0.000 0.003 0.000 0.010 0.000 0.000 0.006 0.000 0.001 0.000 0.001 0.001 0.000 0.002 
2 sheep_vis 30 0.993 0.983 0.983 0.183 0.021 0.002 0.000 0.000 0.001 0.000 0.897 0.013 0.373 0.005 0.010 0.015 0.210 0.702 0.006 0.003 0.874 0.000 0.001 0.001 0.007 0.109 0.060 0.000 0.001 0.000 0.018 0.001 0.987 0.001 0.000 0.000 0.001 0.001 0.000 0.000 0.001 0.000 0.000 0.000 0.000 0.003 0.000 0.010 0.000 0.000 0.006 0.000 0.001 0.000 0.001 0.001 0.000 0.002 
3 buffalo_vis 30 0.993 0.984 0.984 0.176 0.019 0.002 0.000 0.000 0.001 0.000 0.900 0.014 0.387 0.005 0.010 0.015 0.218 0.704 0.006 0.003 0.881 0.000 0.001 0.001 0.007 0.105 0.059 0.000 0.001 0.000 0.018 0.001 0.987 0.001 0.000 0.000 0.001 0.000 0.000 0.000 0.001 0.000 0.000 0.000 0.000 0.003 0.000 0.010 0.000 0.000 0.006 0.000 0.001 0.000 0.001 0.001 0.000 0.002 
4 poodle_vis 30 0.993 0.984 0.983 0.191 0.020 0.002 0.000 0.000 0.001 0.000 0.899 0.013 0.377 0.005 0.010 0.015 0.208 0.701 0.006 0.003 0.874 0.000 0.001 0.001 0.007 0.111 0.062 0.000 0.001 0.000 0.018 0.001 0.987 0.001 0.000 0.000 0.001 0.001 0.000 0.000 0.001 0.000 0.000 0.000 0.000 0.003 0.000 0.010 0.000 0.000 0.006 0.000 0.001 0.000 0.001 0.001 0.000 0.002 
5 giraffe_vis 30 0.993 0.984 0.984 0.176 0.019 0.002 0.000 0.000 0.001 0.000 0.900 0.014 0.387 0.005 0.010 0.015 0.218 0.704 0.006 0.003 0.881 0.000 0.001 0.001 0.007 0.105 0.059 0.000 0.001 0.000 0.018 0.001 0.987 0.001 0.000 0.000 0.001 0.000 0.000 0.000 0.001 0.000 0.000 0.000 0.000 0.003 0.000 0.010 0.000 0.000 0.006 0.000 0.001 0.000 0.001 0.001 0.000 0.002 
6 robin_vis 30 0.993 0.985 0.984 0.187 0.017 0.002 0.000 0.000 0.001 0.000 0.894 0.023 0.503 0.005 0.012 0.014 0.211 0.710 0.008 0.003 0.890 0.000 0.002 0.001 0.007 0.110 0.067 0.000 0.001 0.000 0.020 0.001 0.987 0.001 0.000 0.000 0.001 0.001 0.000 0.000 0.001 0.000 0.000 0.000 0.000 0.003 0.000 0.010 0.000 0.000 0.006 0.000 0.002 0.000 0.001 0.001 0.000 0.002 
7 swan_vis 30 0.993 0.986 0.985 0.166 0.016 0.002 0.000 0.000 0.001 0.000 0.903 0.017 0.436 0.006 0.011 0.015 0.236 0.709 0.007 0.003 0.895 0.000 0.001 0.001 0.006 0.101 0.059 0.000 0.001 0.000 0.017 0.001 0.988 0.001 0.000 0.000 0.001 0.000 0.000 0.000 0.001 0.000 0.000 0.000 0.000 0.003 0.000 0.009 0.000 0.000 0.007 0.000 0.001 0.000 0.001 0.001 0.000 0.002 
8 woodpecker_vis 30 0.993 0.985 0.984 0.186 0.018 0.002 0.000 0.000 0.001 0.000 0.895 0.022 0.490 0.005 0.012 0.014 0.212 0.710 0.008 0.003 0.890 0.000 0.002 0.001 0.007 0.110 0.066 0.000 0.001 0.000 0.019 0.001 0.987 0.001 0.000 0.000 0.001 0.001 0.000 0.000 0.001 0.000 0.000 0.000 0.000 0.003 0.000 0.010 0.000 0.000 0.006 0.000 0.002 0.000 0.001 0.001 0.000 0.002 
9 peacock_vis 30 0.993 0.986 0.985 0.163 0.016 0.002 0.000 0.000 0.001 0.000 0.903 0.017 0.438 0.006 0.011 0.015 0.238 0.711 0.007 0.003 0.897 0.000 0.001 0.001 0.006 0.100 0.058 0.000 0.001 0.000 0.016 0.001 0.988 0.001 0.000 0.000 0.001 0.000 0.000 0.000 0.001 0.000 0.000 0.000 0.000 0.003 0.000 0.009 0.000 0.000 0.006 0.000 0.001 0.000 0.001 0.001 0.000 0.002 
10 crow_vis 30 0.993 0.985 0.985 0.154 0.016 0.002 0.000 0.000 0.002 0.000 0.900 0.016 0.425 0.006 0.011 0.014 0.246 0.711 0.007 0.003 0.899 0.000 0.001 0.001 0.006 0.098 0.056 0.000 0.001 0.000 0.015 0.001 0.988 0.001 0.000 0.000 0.001 0.000 0.000 0.000 0.001 0.000 0.000 0.000 0.000 0.003 0.000 0.010 0.000 0.000 0.007 0.000 0.001 0.000 0.001 0.001 0.000 0.002 
11 eagle_vis 30 0.993 0.986 0.985 0.182 0.016 0.002 0.000 0.000 0.001 0.000 0.902 0.020 0.469 0.006 0.012 0.015 0.222 0.708 0.008 0.003 0.892 0.000 0.001 0.001 0.007 0.106 0.064 0.000 0.001 0.000 0.018 0.001 0.988 0.001 0.000 0.000 0.001 0.000 0.000 0.000 0.001 0.000 0.000 0.000 0.000 0.003 0.000 0.009 0.000 0.000 0.006 0.000 0.001 0.000 0.001 0.001 0.000 0.002 
12 tuna_vis 30 0.993 0.985 0.983 0.192 0.015 0.002 0.000 0.000 0.001 0.000 0.911 0.017 0.421 0.006 0.012 0.016 0.204 0.704 0.006 0.003 0.876 0.000 0.001 0.001 0.007 0.104 0.064 0.000 0.001 0.000 0.020 0.001 0.987 0.001 0.000 0.000 0.001 0.000 0.000 0.000 0.001 0.000 0.000 0.000 0.000 0.004 0.000 0.008 0.000 0.000 0.005 0.000 0.001 0.000 0.001 0.001 0.000 0.002 
13 goldfish_vis 30 0.993 0.986 0.983 0.189 0.014 0.002 0.000 0.000 0.001 0.000 0.918 0.022 0.467 0.006 0.014 0.017 0.200 0.707 0.007 0.002 0.883 0.000 0.001 0.001 0.006 0.097 0.064 0.000 0.001 0.000 0.023 0.001 0.987 0.001 0.000 0.000 0.001 0.001 0.000 0.000 0.001 0.000 0.000 0.000 0.000 0.004 0.000 0.007 0.000 0.000 0.005 0.000 0.001 0.000 0.001 0.001 0.000 0.002 
14 salmon_vis 30 0.993 0.319 0.987 0.002 0.486 0.002 0.002 0.000 0.005 0.000 0.473 0.001 0.043 0.001 0.001 0.002 0.715 0.827 0.002 0.009 0.938 0.001 0.000 0.000 0.001 0.029 0.002 0.000 0.007 0.000 0.004 0.018 0.953 0.002 0.002 0.000 0.006 0.000 0.001 0.000 0.001 0.000 0.001 0.000 0.000 0.002 0.001 0.052 0.000 0.000 0.093 0.000 0.013 0.000 0.000 0.000 0.000 0.008 
15 sardine_vis 30 0.993 0.985 0.982 0.191 0.014 0.002 0.000 0.000 0.001 0.000 0.913 0.019 0.442 0.006 0.013 0.017 0.198 0.704 0.006 0.002 0.876 0.000 0.001 0.001 0.006 0.101 0.065 0.000 0.001 0.000 0.022 0.001 0.987 0.001 0.000 0.000 0.001 0.000 0.000 0.000 0.001 0.000 0.000 0.000 0.000 0.004 0.000 0.007 0.000 0.000 0.005 0.000 0.001 0.000 0.001 0.001 0.000 0.002 
16 catfish_vis 30 0.993 0.985 0.983 0.193 0.014 0.002 0.000 0.000 0.001 0.000 0.913 0.020 0.453 0.006 0.013 0.016 0.201 0.705 0.006 0.002 0.880 0.000 0.001 0.001 0.006 0.101 0.065 0.000 0.001 0.000 0.021 0.001 0.987 0.001 0.000 0.000 0.001 0.000 0.000 0.000 0.001 0.000 0.000 0.000 0.000 0.004 0.000 0.007 0.000 0.000 0.005 0.000 0.001 0.000 0.001 0.001 0.000 0.002 
17 cod_vis 30 0.993 0.985 0.983 0.198 0.015 0.002 0.000 0.000 0.001 0.000 0.911 0.018 0.432 0.006 0.012 0.016 0.196 0.703 0.006 0.002 0.873 0.000 0.001 0.001 0.007 0.105 0.066 0.000 0.001 0.000 0.021 0.001 0.987 0.001 0.000 0.000 0.001 0.000 0.000 0.000 0.001 0.000 0.000 0.000 0.000 0.004 0.000 0.008 0.000 0.000 0.005 0.000 0.001 0.000 0.001 0.001 0.000 0.002 
18 turtle_vis 30 0.993 0.984 0.982 0.213 0.019 0.002 0.000 0.000 0.001 0.000 0.900 0.015 0.403 0.005 0.011 0.015 0.192 0.697 0.006 0.003 0.865 0.000 0.001 0.001 0.007 0.115 0.068 0.000 0.001 0.000 0.020 0.001 0.987 0.001 0.000 0.000 0.001 0.001 0.000 0.000 0.001 0.000 0.000 0.000 0.000 0.004 0.000 0.009 0.000 0.000 0.006 0.000 0.001 0.000 0.001 0.001 0.000 0.002 
19 rattlesnake_vis 30 0.993 0.984 0.982 0.221 0.019 0.002 0.000 0.000 0.001 0.000 0.899 0.015 0.402 0.005 0.011 0.015 0.186 0.695 0.006 0.003 0.861 0.000 0.002 0.001 0.007 0.118 0.071 0.000 0.001 0.000 0.021 0.001 0.987 0.001 0.000 0.000 0.001 0.001 0.000 0.000 0.001 0.000 0.000 0.000 0.000 0.004 0.000 0.009 0.000 0.000 0.005 0.000 0.001 0.000 0.001 0.001 0.000 0.002 
20 crab_vis 30 0.993 0.985 0.983 0.195 0.015 0.002 0.000 0.000 0.001 0.000 0.911 0.019 0.444 0.006 0.013 0.016 0.201 0.704 0.006 0.002 0.879 0.000 0.001 0.001 0.006 0.103 0.065 0.000 0.001 0.000 0.021 0.001 0.987 0.001 0.000 0.000 0.001 0.001 0.000 0.000 0.001 0.000 0.000 0.000 0.000 0.004 0.000 0.008 0.000 0.000 0.005 0.000 0.001 0.000 0.001 0.001 0.000 0.002 
21 frog_vis 30 0.993 0.984 0.981 0.209 0.017 0.002 0.000 0.000 0.001 0.000 0.902 0.018 0.432 0.005 0.012 0.016 0.187 0.698 0.006 0.002 0.865 0.000 0.002 0.001 0.007 0.111 0.069 0.000 0.001 0.000 0.022 0.001 0.987 0.001 0.000 0.000 0.001 0.001 0.000 0.000 0.001 0.000 0.000 0.000 0.000 0.004 0.000 0.008 0.000 0.000 0.005 0.000 0.001 0.000 0.001 0.001 0.000 0.002 
22 gecko_vis 30 0.993 0.985 0.982 0.203 0.017 0.002 0.000 0.000 0.001 0.000 0.907 0.017 0.418 0.006 0.012 0.016 0.194 0.700 0.006 0.002 0.870 0.000 0.001 0.001 0.007 0.108 0.067 0.000 0.001 0.000 0.021 0.001 0.987 0.001 0.000 0.000 0.001 0.001 0.000 0.000 0.001 0.000 0.000 0.000 0.000 0.004 0.000 0.008 0.000 0.000 0.005 0.000 0.001 0.000 0.001 0.001 0.000 0.002 
23 crocodile_vis 30 0.993 0.984 0.982 0.206 0.018 0.002 0.000 0.000 0.001 0.000 0.903 0.016 0.412 0.005 0.011 0.015 0.194 0.700 0.006 0.003 0.867 0.000 0.001 0.001 0.007 0.112 0.067 0.000 0.001 0.000 0.021 0.001 0.987 0.001 0.000 0.000 0.001 0.001 0.000 0.000 0.001 0.000 0.000 0.000 0.000 0.004 0.000 0.009 0.000 0.000 0.005 0.000 0.001 0.000 0.001 0.001 0.000 0.002 
24 axe_vis 30 0.993 0.150 0.988 0.002 0.666 0.002 0.002 0.000 0.011 0.000 0.281 0.001 0.030 0.001 0.001 0.001 0.665 0.822 0.001 0.008 0.900 0.001 0.001 0.000 0.001 0.047 0.002 0.000 0.018 0.000 0.004 0.050 0.952 0.005 0.004 0.000 0.006 0.000 0.001 0.000 0.001 0.000 0.001 0.000 0.000 0.002 0.001 0.114 0.000 0.000 0.119 0.001 0.015 0.000 0.000 0.000 0.000 0.013 
25 hammer_vis 30 0.994 0.178 0.987 0.003 0.664 0.002 0.001 0.000 0.014 0.000 0.289 0.001 0.032 0.001 0.001 0.001 0.585 0.802 0.001 0.006 0.850 0.001 0.001 0.000 0.002 0.064 0.002 0.000 0.019 0.001 0.006 0.061 0.964 0.005 0.002 0.000 0.005 0.000 0.001 0.000 0.001 0.000 0.001 0.000 0.000 0.002 0.001 0.136 0.000 0.000 0.103 0.001 0.011 0.000 0.000 0.001 0.000 0.013 
26 screwdriver_vis 30 0.993 0.113 0.986 0.005 0.755 0.002 0.001 0.000 0.027 0.000 0.195 0.001 0.023 0.001 0.001 0.001 0.485 0.781 0.001 0.005 0.735 0.001 0.001 0.000 0.002 0.109 0.003 0.000 0.036 0.001 0.009 0.125 0.965 0.010 0.003 0.000 0.004 0.000 0.001 0.000 0.002 0.000 0.003 0.000 0.000 0.003 0.001 0.232 0.000 0.000 0.115 0.004 0.010 0.000 0.001 0.001 0.000 0.017 
27 chisel_vis 30 0.994 0.067 0.944 0.022 0.870 0.002 0.000 0.000 0.065 0.000 0.080 0.001 0.016 0.001 0.001 0.001 0.163 0.675 0.000 0.001 0.333 0.000 0.004 0.000 0.006 0.283 0.007 0.000 0.088 0.001 0.028 0.283 0.983 0.021 0.002 0.001 0.001 0.001 0.000 0.000 0.005 0.000 0.013 0.000 0.000 0.007 0.001 0.448 0.000 0.000 0.084 0.036 0.003 0.000 0.001 0.001 0.000 0.027 
28 saw_vis 30 0.993 0.101 0.984 0.007 0.781 0.002 0.001 0.000 0.032 0.000 0.167 0.001 0.021 0.001 0.001 0.001 0.426 0.767 0.001 0.004 0.672 0.001 0.001 0.000 0.003 0.134 0.003 0.000 0.044 0.001 0.011 0.153 0.969 0.012 0.003 0.001 0.004 0.000 0.000 0.000 0.002 0.000 0.004 0.000 0.000 0.004 0.001 0.266 0.000 0.000 0.109 0.006 0.008 0.000 0.001 0.001 0.000 0.018 
29 drill_vis 30 0.993 0.178 0.988 0.002 0.632 0.002 0.002 0.000 0.009 0.000 0.326 0.001 0.032 0.001 0.001 0.001 0.685 0.824 0.001 0.008 0.914 0.001 0.000 0.000 0.001 0.040 0.002 0.000 0.014 0.000 0.004 0.038 0.952 0.004 0.003 0.000 0.006 0.000 0.001 0.000 0.001 0.000 0.001 0.000 0.000 0.002 0.001 0.095 0.000 0.000 0.111 0.001 0.014 0.000 0.000 0.000 0.000 0.011 
30 clamp_vis 30 0.994 0.954 0.976 0.188 0.069 0.002 0.000 0.000 0.002 0.000 0.795 0.004 0.208 0.002 0.004 0.011 0.160 0.672 0.002 0.002 0.756 0.000 0.002 0.001 0.008 0.150 0.059 0.000 0.001 0.000 0.021 0.002 0.988 0.001 0.000 0.000 0.001 0.001 0.000 0.000 0.002 0.000 0.000 0.000 0.000 0.004 0.000 0.020 0.000 0.000 0.007 0.001 0.001 0.000 0.001 0.001 0.000 0.003 
31 hoe_vis 30 0.993 0.981 0.983 0.191 0.028 0.002 0.000 0.000 0.002 0.000 0.876 0.011 0.354 0.004 0.008 0.013 0.197 0.699 0.005 0.003 0.861 0.000 0.001 0.001 0.007 0.121 0.061 0.000 0.001 0.000 0.019 0.001 0.987 0.001 0.000 0.000 0.001 0.001 0.000 0.000 0.001 0.000 0.000 0.000 0.000 0.003 0.000 0.013 0.000 0.000 0.007 0.000 0.001 0.000 0.001 0.001 0.000 0.002 
32 rake_vis 30 0.994 0.983 0.982 0.172 0.019 0.002 0.000 0.000 0.001 0.000 0.895 0.012 0.370 0.005 0.009 0.015 0.214 0.703 0.006 0.003 0.872 0.000 0.001 0.001 0.007 0.106 0.059 0.000 0.001 0.000 0.017 0.001 0.988 0.001 0.000 0.000 0.001 0.000 0.000 0.000 0.001 0.000 0.000 0.000 0.000 0.003 0.000 0.010 0.000 0.000 0.006 0.000 0.001 0.000 0.001 0.001 0.000 0.002 
33 shovel_vis 30 0.994 0.608 0.986 0.009 0.333 0.002 0.000 0.000 0.004 0.000 0.574 0.001 0.092 0.001 0.001 0.003 0.468 0.771 0.002 0.005 0.896 0.000 0.001 0.000 0.003 0.060 0.007 0.000 0.004 0.000 0.007 0.009 0.982 0.002 0.000 0.000 0.002 0.000 0.000 0.000 0.001 0.000 0.001 0.000 0.000 0.002 0.001 0.042 0.000 0.000 0.039 0.000 0.005 0.000 0.000 0.001 0.000 0.006 
34 spade_vis 30 0.993 0.981 0.984 0.119 0.021 0.002 0.000 0.000 0.002 0.000 0.890 0.009 0.311 0.005 0.008 0.014 0.261 0.714 0.005 0.004 0.887 0.000 0.001 0.001 0.006 0.092 0.044 0.000 0.001 0.000 0.014 0.001 0.987 0.001 0.000 0.000 0.001 0.000 0.000 0.000 0.001 0.000 0.000 0.000 0.000 0.003 0.000 0.011 0.000 0.000 0.008 0.000 0.001 0.000 0.001 0.001 0.000 0.002 
35 wrench_vis 30 0.993 0.986 0.982 0.176 0.015 0.002 0.000 0.000 0.001 0.000 0.914 0.029 0.551 0.006 0.016 0.015 0.188 0.710 0.007 0.002 0.889 0.000 0.002 0.001 0.006 0.094 0.064 0.000 0.001 0.000 0.028 0.001 0.988 0.001 0.000 0.000 0.001 0.001 0.000 0.000 0.001 0.000 0.000 0.000 0.000 0.003 0.000 0.007 0.000 0.000 0.005 0.000 0.002 0.000 0.001 0.001 0.000 0.002 
36 accordion_vis 30 0.993 0.986 0.982 0.194 0.015 0.002 0.000 0.000 0.001 0.000 0.912 0.028 0.533 0.006 0.015 0.015 0.189 0.710 0.007 0.002 0.886 0.000 0.002 0.001 0.006 0.100 0.068 0.000 0.001 0.000 0.026 0.001 0.988 0.001 0.000 0.000 0.001 0.001 0.000 0.000 0.001 0.000 0.000 0.000 0.000 0.003 0.000 0.008 0.000 0.000 0.005 0.000 0.002 0.000 0.001 0.001 0.000 0.002 
37 cello_vis 30 0.994 0.985 0.981 0.199 0.015 0.002 0.000 0.000 0.001 0.000 0.910 0.025 0.508 0.006 0.014 0.016 0.190 0.707 0.007 0.002 0.879 0.000 0.002 0.001 0.006 0.104 0.070 0.000 0.001 0.000 0.024 0.001 0.988 0.001 0.000 0.000 0.001 0.001 0.000 0.000 0.001 0.000 0.000 0.000 0.000 0.003 0.000 0.008 0.000 0.000 0.005 0.000 0.001 0.000 0.001 0.001 0.000 0.002 
38 flute_vis 30 0.993 0.986 0.983 0.194 0.015 0.002 0.000 0.000 0.001 0.000 0.908 0.029 0.549 0.006 0.015 0.014 0.192 0.711 0.008 0.002 0.890 0.000 0.002 0.001 0.006 0.103 0.069 0.000 0.001 0.000 0.025 0.001 0.988 0.001 0.000 0.000 0.001 0.001 0.000 0.000 0.001 0.000 0.000 0.000 0.000 0.003 0.000 0.008 0.000 0.000 0.005 0.000 0.002 0.000 0.001 0.001 0.000 0.002 
39 guitar_vis 30 0.993 0.987 0.982 0.186 0.015 0.002 0.000 0.000 0.001 0.000 0.916 0.031 0.561 0.006 0.016 0.015 0.186 0.713 0.007 0.002 0.891 0.000 0.002 0.001 0.006 0.096 0.066 0.000 0.001 0.000 0.029 0.001 0.988 0.001 0.000 0.000 0.001 0.001 0.000 0.000 0.001 0.000 0.000 0.000 0.000 0.003 0.000 0.007 0.000 0.000 0.005 0.000 0.002 0.000 0.001 0.001 0.000 0.002 
40 piano_vis 30 0.994 0.985 0.981 0.194 0.015 0.002 0.000 0.000 0.001 0.000 0.915 0.024 0.499 0.006 0.015 0.017 0.188 0.705 0.007 0.002 0.880 0.000 0.002 0.001 0.006 0.099 0.067 0.000 0.001 0.000 0.026 0.001 0.988 0.001 0.000 0.000 0.001 0.001 0.000 0.000 0.001 0.000 0.000 0.000 0.000 0.003 0.000 0.008 0.000 0.000 0.005 0.000 0.001 0.000 0.001 0.001 0.000 0.002 
41 trumpet_vis 30 0.994 0.985 0.981 0.193 0.014 0.002 0.000 0.000 0.001 0.000 0.917 0.022 0.467 0.006 0.014 0.017 0.191 0.702 0.006 0.002 0.876 0.000 0.002 0.001 0.006 0.098 0.066 0.000 0.001 0.000 0.024 0.001 0.988 0.001 0.000 0.000 0.001 0.001 0.000 0.000 0.001 0.000 0.000 0.000 0.000 0.003 0.000 0.007 0.000 0.000 0.005 0.000 0.001 0.000 0.001 0.001 0.000 0.002 
42 fork_vis 30 0.993 0.983 0.984 0.181 0.021 0.002 0.000 0.000 0.001 0.000 0.891 0.012 0.366 0.005 0.009 0.015 0.216 0.700 0.006 0.003 0.874 0.000 0.001 0.001 0.007 0.111 0.060 0.000 0.001 0.000 0.017 0.001 0.987 0.001 0.000 0.000 0.001 0.000 0.000 0.000 0.001 0.000 0.000 0.000 0.000 0.003 0.000 0.011 0.000 0.000 0.006 0.000 0.001 0.000 0.001 0.001 0.000 0.002 
43 spoon_vis 30 0.993 0.984 0.983 0.196 0.023 0.002 0.000 0.000 0.001 0.000 0.888 0.015 0.417 0.005 0.010 0.014 0.197 0.697 0.006 0.003 0.871 0.000 0.002 0.001 0.007 0.116 0.065 0.000 0.001 0.000 0.020 0.001 0.987 0.001 0.000 0.000 0.001 0.001 0.000 0.000 0.001 0.000 0.000 0.000 0.000 0.003 0.000 0.011 0.000 0.000 0.006 0.000 0.001 0.000 0.001 0.001 0.000 0.002 
44 tongs_vis 30 0.993 0.982 0.981 0.212 0.020 0.002 0.000 0.000 0.001 0.000 0.890 0.013 0.382 0.005 0.010 0.016 0.191 0.691 0.006 0.003 0.856 0.000 0.002 0.001 0.008 0.119 0.070 0.000 0.001 0.000 0.019 0.001 0.988 0.001 0.000 0.000 0.001 0.001 0.000 0.000 0.001 0.000 0.000 0.000 0.000 0.003 0.000 0.011 0.000 0.000 0.006 0.000 0.001 0.000 0.001 0.001 0.000 0.002 
45 ladle_vis 30 0.993 0.984 0.983 0.199 0.023 0.002 0.000 0.000 0.001 0.000 0.888 0.014 0.406 0.005 0.010 0.014 0.193 0.698 0.006 0.003 0.867 0.000 0.002 0.001 0.007 0.117 0.065 0.000 0.001 0.000 0.020 0.001 0.987 0.001 0.000 0.000 0.001 0.001 0.000 0.000 0.001 0.000 0.000 0.000 0.000 0.003 0.000 0.011 0.000 0.000 0.006 0.000 0.001 0.000 0.001 0.001 0.000 0.002 
46 knife_vis 30 0.993 0.984 0.983 0.216 0.022 0.002 0.000 0.000 0.001 0.000 0.889 0.018 0.449 0.005 0.011 0.014 0.183 0.697 0.006 0.003 0.866 0.000 0.002 0.001 0.007 0.121 0.072 0.000 0.001 0.000 0.022 0.001 0.988 0.001 0.000 0.000 0.001 0.001 0.000 0.000 0.001 0.000 0.000 0.000 0.000 0.003 0.000 0.011 0.000 0.000 0.005 0.000 0.001 0.000 0.001 0.001 0.000 0.002 
47 chopsticks_vis 30 0.993 0.984 0.983 0.205 0.018 0.002 0.000 0.000 0.001 0.000 0.897 0.016 0.422 0.005 0.011 0.015 0.201 0.699 0.006 0.003 0.873 0.000 0.001 0.001 0.007 0.114 0.068 0.000 0.001 0.000 0.019 0.001 0.988 0.001 0.000 0.000 0.001 0.001 0.000 0.000 0.001 0.000 0.000 0.000 0.000 0.003 0.000 0.010 0.000 0.000 0.006 0.000 0.001 0.000 0.001 0.001 0.000 0.002 
