0 beaver_vis 30 0.005 0.001 0.000 0.001 0.019 0.988 0.001 0.008 0.137 0.013 0.000 0.000 0.001 0.000 0.000 0.001 0.000 0.000 0.001 0.000 0.001 0.000 0.003 0.002 0.000 0.000 0.000 0.000 0.000 0.006 0.009 0.000 0.003 0.580 0.000 0.003 0.067 0.003 0.000 0.003 0.013 0.602 0.006 0.001 0.000 0.000 0.000 0.000 0.000 0.001 0.017 0.592 0.001 0.002 0.001 0.000 0.001 0.004 
1 bear_vis 30 0.005 0.001 0.000 0.001 0.017 0.988 0.001 0.007 0.095 0.013 0.000 0.000 0.001 0.000 0.000 0.001 0.000 0.000 0.001 0.000 0.001 0.000 0.003 0.002 0.000 0.000 0.000 0.000 0.000 0.006 0.008 0.000 0.003 0.615 0.000 0.003 0.097 0.002 0.000 0.003 0.012 0.640 0.005 0.001 0.000 0.000 0.000 0.000 0.000 0.001 0.021 0.533 0.001 0.002 0.001 0.000 0.001 0.004 
2 sheep_vis 30 0.005 0.001 0.000 0.001 0.018 0.988 0.001 0.008 0.136 0.013 0.000 0.000 0.001 0.000 0.000 0.001 0.000 0.000 0.001 0.000 0.001 0.000 0.003 0.002 0.000 0.000 0.000 0.000 0.000 0.006 0.009 0.000 0.003 0.582 0.000 0.004 0.072 0.003 0.000 0.003 0.013 0.615 0.006 0.001 0.000 0.000 0.000 0.000 0.000 0.001 0.018 0.599 0.001 0.002 0.001 0.000 0.001 0.005 
3 buffalo_vis 30 0.005 0.001 0.000 0.001 0.017 0.988 0.001 0.007 0.124 0.012 0.000 0.000 0.001 0.000 0.000 0.001 0.000 0.000 0.001 0.000 0.001 0.000 0.003 0.002 0.000 0.000 0.000 0.000 0.000 0.005 0.008 0.000 0.003 0.554 0.000 0.004 0.073 0.003 0.000 0.003 0.012 0.573 0.006 0.001 0.000 0.000 0.000 0.000 0.000 0.001 0.015 0.588 0.001 0.002 0.001 0.000 0.001 0.004 
4 poodle_vis 30 0.005 0.001 0.000 0.001 0.019 0.988 0.001 0.008 0.138 0.013 0.000 0.000 0.001 0.000 0.000 0.001 0.000 0.000 0.001 0.000 0.001 0.000 0.003 0.002 0.000 0.000 0.000 0.000 0.000 0.006 0.009 0.000 0.003 0.567 0.000 0.003 0.064 0.002 0.000 0.003 0.013 0.584 0.006 0.001 0.000 0.000 0.000 0.000 0.000 0.001 0.015 0.594 0.001 0.002 0.001 0.000 0.001 0.004 
5 giraffe_vis 30 0.005 0.001 0.000 0.001 0.018 0.988 0.001 0.008 0.123 0.013 0.000 0.000 0.001 0.000 0.000 0.001 0.000 0.000 0.001 0.000 0.001 0.000 0.003 0.002 0.000 0.000 0.000 0.000 0.000 0.006 0.009 0.000 0.003 0.583 0.000 0.003 0.072 0.002 0.000 0.003 0.012 0.603 0.006 0.001 0.000 0.000 0.000 0.000 0.000 0.001 0.017 0.578 0.001 0.002 0.001 0.000 0.001 0.004 
6 robin_vis 30 0.005 0.001 0.000 0.001 0.018 0.988 0.001 0.008 0.135 0.013 0.000 0.000 0.001 0.000 0.000 0.001 0.000 0.000 0.001 0.000 0.001 0.000 0.003 0.002 0.000 0.000 0.000 0.000 0.000 0.006 0.009 0.000 0.003 0.584 0.000 0.004 0.074 0.003 0.000 0.003 0.013 0.620 0.006 0.001 0.000 0.000 0.000 0.000 0.000 0.001 0.018 0.600 0.001 0.002 0.001 0.000 0.001 0.005 
7 swan_vis 30 0.005 0.001 0.000 0.001 0.018 0.988 0.001 0.008 0.139 0.013 0.000 0.000 0.001 0.000 0.000 0.001 0.000 0.000 0.001 0.000 0.001 0.000 0.003 0.002 0.000 0.000 0.000 0.000 0.000 0.006 0.009 0.000 0.003 0.562 0.000 0.003 0.065 0.003 0.000 0.003 0.013 0.583 0.006 0.001 0.000 0.000 0.000 0.000 0.000 0.001 0.015 0.596 0.001 0.002 0.001 0.000 0.001 0.005 
8 woodpecker_vis 30 0.005 0.001 0.000 0.001 0.020 0.988 0.001 0.008 0.129 0.013 0.000 0.000 0.001 0.000 0.000 0.001 0.000 0.000 0.001 0.000 0.001 0.000 0.004 0.002 0.000 0.000 0.000 0.000 0.000 0.006 0.010 0.000 0.003 0.632 0.000 0.003 0.089 0.002 0.000 0.003 0.013 0.668 0.005 0.001 0.000 0.000 0.000 0.000 0.000 0.001 0.024 0.566 0.001 0.002 0.001 0.000 0.001 0.004 
9 peacock_vis 30 0.006 0.001 0.000 0.001 0.026 0.988 0.001 0.009 0.177 0.013 0.000 0.000 0.001 0.000 0.000 0.001 0.000 0.000 0.001 0.000 0.001 0.000 0.004 0.002 0.000 0.000 0.000 0.000 0.000 0.007 0.011 0.000 0.003 0.639 0.000 0.003 0.075 0.002 0.000 0.003 0.014 0.682 0.005 0.001 0.000 0.000 0.000 0.000 0.000 0.001 0.024 0.607 0.001 0.002 0.001 0.001 0.001 0.004 
10 crow_vis 30 0.005 0.001 0.000 0.001 0.019 0.988 0.001 0.008 0.151 0.013 0.000 0.000 0.001 0.000 0.000 0.001 0.000 0.000 0.001 0.000 0.001 0.000 0.003 0.002 0.000 0.000 0.000 0.000 0.000 0.005 0.009 0.000 0.003 0.553 0.000 0.004 0.067 0.003 0.000 0.003 0.013 0.575 0.006 0.001 0.000 0.000 0.000 0.000 0.000 0.001 0.015 0.613 0.001 0.002 0.001 0.000 0.001 0.005 
11 eagle_vis 30 0.006 0.001 0.000 0.001 0.021 0.988 0.001 0.008 0.159 0.013 0.000 0.000 0.001 0.000 0.000 0.001 0.000 0.000 0.001 0.000 0.001 0.000 0.004 0.002 0.000 0.000 0.000 0.000 0.000 0.006 0.010 0.000 0.003 0.588 0.000 0.003 0.063 0.002 0.000 0.003 0.013 0.616 0.006 0.001 0.000 0.000 0.000 0.000 0.000 0.001 0.018 0.609 0.001 0.002 0.001 0.000 0.001 0.004 
12 tuna_vis 30 0.006 0.001 0.000 0.001 0.026 0.987 0.001 0.009 0.061 0.013 0.000 0.001 0.001 0.000 0.000 0.002 0.000 0.000 0.001 0.000 0.002 0.000 0.005 0.003 0.000 0.000 0.000 0.000 0.000 0.009 0.011 0.000 0.004 0.745 0.000 0.003 0.172 0.002 0.000 0.004 0.012 0.765 0.004 0.001 0.000 0.000 0.000 0.000 0.000 0.001 0.038 0.415 0.001 0.003 0.001 0.001 0.001 0.003 
13 goldfish_vis 30 0.005 0.001 0.000 0.001 0.013 0.988 0.002 0.007 0.040 0.014 0.000 0.000 0.001 0.000 0.000 0.001 0.000 0.000 0.001 0.000 0.002 0.000 0.003 0.002 0.000 0.000 0.000 0.000 0.000 0.006 0.007 0.000 0.003 0.693 0.000 0.003 0.211 0.002 0.000 0.004 0.011 0.711 0.004 0.001 0.000 0.000 0.000 0.000 0.000 0.001 0.034 0.362 0.001 0.002 0.001 0.000 0.001 0.004 
14 salmon_vis 30 0.005 0.001 0.000 0.001 0.018 0.987 0.001 0.008 0.049 0.014 0.000 0.001 0.001 0.000 0.000 0.002 0.000 0.000 0.001 0.000 0.002 0.000 0.004 0.002 0.000 0.000 0.000 0.000 0.000 0.008 0.009 0.000 0.004 0.720 0.000 0.003 0.192 0.002 0.000 0.004 0.012 0.740 0.004 0.001 0.000 0.000 0.000 0.000 0.000 0.001 0.036 0.386 0.001 0.003 0.001 0.001 0.001 0.003 
15 sardine_vis 30 0.005 0.001 0.000 0.001 0.015 0.988 0.001 0.007 0.077 0.014 0.000 0.000 0.001 0.000 0.000 0.001 0.000 0.000 0.001 0.000 0.001 0.000 0.003 0.002 0.000 0.000 0.000 0.000 0.000 0.006 0.008 0.000 0.003 0.650 0.000 0.003 0.136 0.002 0.000 0.004 0.013 0.682 0.005 0.001 0.000 0.000 0.000 0.000 0.000 0.001 0.027 0.478 0.001 0.002 0.001 0.000 0.001 0.004 
16 catfish_vis 30 0.005 0.001 0.000 0.001 0.014 0.988 0.002 0.007 0.045 0.014 0.000 0.000 0.001 0.000 0.000 0.001 0.000 0.000 0.001 0.000 0.001 0.000 0.003 0.002 0.000 0.000 0.000 0.000 0.000 0.007 0.007 0.000 0.003 0.689 0.000 0.003 0.193 0.002 0.000 0.004 0.011 0.709 0.005 0.001 0.000 0.000 0.000 0.000 0.000 0.001 0.032 0.383 0.001 0.002 0.001 0.000 0.001 0.004 
17 cod_vis 30 0.005 0.001 0.000 0.001 0.015 0.988 0.001 0.007 0.072 0.014 0.000 0.000 0.001 0.000 0.000 0.001 0.000 0.000 0.001 0.000 0.001 0.000 0.003 0.002 0.000 0.000 0.000 0.000 0.000 0.006 0.008 0.000 0.003 0.660 0.000 0.003 0.142 0.002 0.000 0.004 0.012 0.688 0.005 0.001 0.000 0.000 0.000 0.000 0.000 0.001 0.028 0.464 0.001 0.002 0.001 0.000 0.001 0.004 
18 turtle_vis 30 0.004 0.001 0.000 0.001 0.007 0.987 0.002 0.005 0.022 0.014 0.000 0.001 0.001 0.000 0.000 0.002 0.000 0.000 0.001 0.000 0.002 0.000 0.002 0.002 0.000 0.000 0.000 0.000 0.000 0.007 0.004 0.000 0.003 0.622 0.000 0.005 0.246 0.003 0.000 0.004 0.008 0.681 0.004 0.001 0.000 0.000 0.000 0.000 0.000 0.001 0.033 0.293 0.001 0.002 0.001 0.000 0.001 0.003 
19 rattlesnake_vis 30 0.005 0.001 0.000 0.001 0.014 0.988 0.001 0.007 0.062 0.014 0.000 0.000 0.001 0.000 0.000 0.001 0.000 0.000 0.001 0.000 0.001 0.000 0.003 0.002 0.000 0.000 0.000 0.000 0.000 0.006 0.008 0.000 0.003 0.661 0.000 0.003 0.151 0.003 0.000 0.004 0.012 0.690 0.005 0.001 0.000 0.000 0.000 0.000 0.000 0.001 0.028 0.444 0.001 0.002 0.001 0.000 0.001 0.004 
20 crab_vis 30 0.004 0.001 0.000 0.001 0.008 0.987 0.002 0.006 0.024 0.014 0.000 0.001 0.001 0.000 0.000 0.002 0.000 0.000 0.001 0.000 0.002 0.000 0.002 0.002 0.000 0.000 0.000 0.000 0.000 0.007 0.004 0.000 0.003 0.643 0.000 0.004 0.247 0.003 0.000 0.004 0.009 0.689 0.004 0.001 0.000 0.000 0.000 0.000 0.000 0.001 0.033 0.302 0.001 0.002 0.001 0.000 0.001 0.003 
21 frog_vis 30 0.004 0.001 0.000 0.001 0.011 0.988 0.002 0.007 0.040 0.014 0.000 0.000 0.001 0.000 0.000 0.001 0.000 0.000 0.001 0.000 0.001 0.000 0.003 0.002 0.000 0.000 0.000 0.000 0.000 0.006 0.006 0.000 0.003 0.656 0.000 0.004 0.191 0.003 0.000 0.004 0.011 0.687 0.005 0.001 0.000 0.000 0.000 0.000 0.000 0.001 0.030 0.388 0.001 0.002 0.001 0.000 0.001 0.004 
22 gecko_vis 30 0.005 0.001 0.000 0.001 0.015 0.988 0.002 0.007 0.048 0.014 0.000 0.000 0.001 0.000 0.000 0.001 0.000 0.000 0.001 0.000 0.001 0.000 0.003 0.002 0.000 0.000 0.000 0.000 0.000 0.007 0.008 0.000 0.003 0.695 0.000 0.003 0.191 0.002 0.000 0.004 0.012 0.714 0.005 0.001 0.000 0.000 0.000 0.000 0.000 0.001 0.033 0.392 0.001 0.002 0.001 0.000 0.001 0.004 
23 crocodile_vis 30 0.006 0.001 0.000 0.001 0.022 0.987 0.001 0.009 0.066 0.013 0.000 0.001 0.001 0.000 0.000 0.001 0.000 0.000 0.001 0.000 0.001 0.000 0.004 0.002 0.000 0.000 0.000 0.000 0.000 0.008 0.010 0.000 0.004 0.718 0.000 0.003 0.161 0.002 0.000 0.004 0.012 0.742 0.004 0.001 0.000 0.000 0.000 0.000 0.000 0.001 0.035 0.436 0.001 0.003 0.001 0.001 0.001 0.003 
24 axe_vis 30 0.004 0.001 0.000 0.001 0.007 0.986 0.002 0.005 0.024 0.013 0.000 0.001 0.001 0.000 0.000 0.002 0.000 0.000 0.001 0.000 0.002 0.000 0.002 0.001 0.000 0.000 0.000 0.000 0.000 0.007 0.003 0.000 0.004 0.579 0.000 0.005 0.221 0.004 0.000 0.004 0.008 0.650 0.004 0.001 0.000 0.000 0.000 0.000 0.000 0.001 0.029 0.331 0.001 0.002 0.001 0.000 0.001 0.003 
25 hammer_vis 30 0.004 0.001 0.000 0.001 0.010 0.988 0.002 0.006 0.036 0.013 0.000 0.000 0.001 0.000 0.000 0.001 0.000 0.000 0.001 0.000 0.001 0.000 0.003 0.002 0.000 0.000 0.000 0.000 0.000 0.006 0.006 0.000 0.003 0.633 0.000 0.004 0.214 0.003 0.000 0.005 0.011 0.671 0.005 0.001 0.000 0.000 0.000 0.000 0.000 0.001 0.028 0.383 0.001 0.002 0.001 0.000 0.001 0.004 
26 screwdriver_vis 30 0.004 0.001 0.000 0.001 0.007 0.987 0.002 0.005 0.024 0.013 0.000 0.000 0.001 0.000 0.000 0.002 0.000 0.000 0.001 0.000 0.002 0.000 0.002 0.001 0.000 0.000 0.000 0.000 0.000 0.006 0.004 0.000 0.003 0.581 0.000 0.005 0.248 0.003 0.000 0.005 0.009 0.650 0.004 0.001 0.000 0.000 0.000 0.000 0.000 0.001 0.027 0.339 0.001 0.002 0.001 0.000 0.001 0.003 
27 chisel_vis 30 0.004 0.001 0.000 0.001 0.011 0.988 0.002 0.006 0.041 0.013 0.000 0.000 0.001 0.000 0.000 0.001 0.000 0.000 0.001 0.000 0.001 0.000 0.003 0.002 0.000 0.000 0.000 0.000 0.000 0.006 0.007 0.000 0.003 0.633 0.000 0.004 0.196 0.003 0.000 0.004 0.011 0.667 0.005 0.001 0.000 0.000 0.000 0.000 0.000 0.001 0.027 0.404 0.001 0.002 0.001 0.000 0.001 0.004 
28 saw_vis 30 0.004 0.001 0.000 0.001 0.009 0.987 0.002 0.006 0.033 0.013 0.000 0.000 0.001 0.000 0.000 0.002 0.000 0.000 0.001 0.000 0.001 0.000 0.002 0.001 0.000 0.000 0.000 0.000 0.000 0.007 0.004 0.000 0.004 0.609 0.000 0.005 0.178 0.003 0.000 0.004 0.009 0.655 0.004 0.001 0.000 0.000 0.000 0.000 0.000 0.001 0.028 0.370 0.001 0.002 0.001 0.000 0.001 0.003 
29 drill_vis 30 0.004 0.001 0.000 0.001 0.006 0.986 0.002 0.005 0.021 0.013 0.000 0.001 0.001 0.000 0.000 0.002 0.000 0.000 0.001 0.000 0.002 0.000 0.002 0.001 0.000 0.000 0.000 0.000 0.000 0.007 0.003 0.000 0.003 0.566 0.000 0.006 0.248 0.004 0.000 0.004 0.007 0.650 0.004 0.001 0.000 0.000 0.000 0.000 0.000 0.001 0.031 0.295 0.001 0.002 0.001 0.000 0.001 0.003 
30 clamp_vis 30 0.006 0.001 0.000 0.001 0.020 0.989 0.001 0.008 0.160 0.012 0.000 0.000 0.001 0.000 0.000 0.001 0.000 0.000 0.001 0.000 0.001 0.000 0.004 0.002 0.000 0.000 0.000 0.000 0.000 0.005 0.010 0.000 0.003 0.567 0.000 0.003 0.063 0.002 0.000 0.003 0.014 0.579 0.006 0.001 0.000 0.000 0.000 0.000 0.000 0.001 0.015 0.617 0.001 0.002 0.001 0.000 0.001 0.005 
31 hoe_vis 30 0.006 0.001 0.000 0.001 0.022 0.989 0.001 0.008 0.177 0.012 0.000 0.000 0.001 0.000 0.000 0.001 0.000 0.000 0.001 0.000 0.001 0.000 0.004 0.002 0.000 0.000 0.000 0.000 0.000 0.006 0.010 0.000 0.003 0.573 0.000 0.003 0.062 0.002 0.000 0.003 0.014 0.611 0.006 0.001 0.000 0.000 0.000 0.000 0.000 0.001 0.016 0.644 0.001 0.002 0.001 0.000 0.001 0.005 
32 rake_vis 30 0.006 0.001 0.000 0.001 0.022 0.989 0.001 0.008 0.180 0.012 0.000 0.000 0.001 0.000 0.000 0.001 0.000 0.000 0.001 0.000 0.001 0.000 0.004 0.002 0.000 0.000 0.000 0.000 0.000 0.005 0.010 0.000 0.003 0.578 0.000 0.003 0.060 0.002 0.000 0.003 0.014 0.600 0.006 0.001 0.000 0.000 0.000 0.000 0.000 0.001 0.016 0.629 0.001 0.002 0.001 0.000 0.001 0.005 
33 shovel_vis 30 0.005 0.001 0.000 0.001 0.018 0.989 0.001 0.008 0.114 0.013 0.000 0.000 0.001 0.000 0.000 0.001 0.000 0.000 0.001 0.000 0.001 0.000 0.003 0.002 0.000 0.000 0.000 0.000 0.000 0.006 0.009 0.000 0.003 0.597 0.000 0.004 0.087 0.002 0.000 0.003 0.013 0.611 0.006 0.001 0.000 0.000 0.000 0.000 0.000 0.001 0.018 0.568 0.001 0.002 0.001 0.000 0.001 0.005 
34 spade_vis 30 0.006 0.001 0.000 0.001 0.023 0.989 0.001 0.008 0.196 0.012 0.000 0.000 0.001 0.000 0.000 0.001 0.000 0.000 0.001 0.000 0.001 0.000 0.004 0.002 0.000 0.000 0.000 0.000 0.000 0.006 0.011 0.000 0.003 0.585 0.000 0.003 0.061 0.002 0.000 0.003 0.014 0.627 0.005 0.001 0.000 0.000 0.000 0.000 0.000 0.001 0.018 0.646 0.001 0.002 0.001 0.000 0.001 0.005 
35 wrench_vis 30 0.006 0.001 0.000 0.001 0.021 0.989 0.001 0.008 0.168 0.012 0.000 0.000 0.001 0.000 0.000 0.001 0.000 0.000 0.001 0.000 0.001 0.000 0.004 0.002 0.000 0.000 0.000 0.000 0.000 0.005 0.010 0.000 0.003 0.575 0.000 0.003 0.062 0.002 0.000 0.003 0.014 0.596 0.006 0.001 0.000 0.000 0.000 0.000 0.000 0.001 0.016 0.623 0.001 0.002 0.001 0.000 0.001 0.005 
36 accordion_vis 30 0.006 0.001 0.000 0.001 0.022 0.988 0.001 0.008 0.165 0.013 0.000 0.000 0.001 0.000 0.000 0.001 0.000 0.000 0.001 0.000 0.001 0.000 0.004 0.002 0.000 0.000 0.000 0.000 0.000 0.006 0.010 0.000 0.003 0.590 0.000 0.003 0.066 0.002 0.000 0.003 0.013 0.622 0.005 0.001 0.000 0.000 0.000 0.000 0.000 0.001 0.018 0.609 0.001 0.002 0.001 0.000 0.001 0.004 
37 cello_vis 30 0.617 0.001 0.000 0.001 0.759 0.985 0.000 0.007 0.166 0.004 0.000 0.000 0.001 0.000 0.000 0.001 0.000 0.000 0.001 0.000 0.001 0.000 0.009 0.007 0.000 0.000 0.000 0.000 0.000 0.033 0.041 0.000 0.005 0.613 0.000 0.001 0.005 0.002 0.000 0.001 0.009 0.641 0.003 0.001 0.000 0.001 0.000 0.000 0.000 0.003 0.002 0.740 0.001 0.004 0.001 0.000 0.001 0.002 
38 flute_vis 30 0.005 0.001 0.000 0.001 0.019 0.988 0.001 0.008 0.111 0.013 0.000 0.000 0.001 0.000 0.000 0.001 0.000 0.000 0.001 0.000 0.001 0.000 0.004 0.002 0.000 0.000 0.000 0.000 0.000 0.006 0.010 0.000 0.003 0.637 0.000 0.003 0.102 0.002 0.000 0.004 0.013 0.672 0.005 0.001 0.000 0.000 0.000 0.000 0.000 0.001 0.024 0.542 0.001 0.002 0.001 0.000 0.001 0.004 
39 guitar_vis 30 0.006 0.001 0.000 0.001 0.021 0.988 0.001 0.008 0.151 0.013 0.000 0.000 0.001 0.000 0.000 0.001 0.000 0.000 0.001 0.000 0.001 0.000 0.004 0.002 0.000 0.000 0.000 0.000 0.000 0.006 0.010 0.000 0.003 0.603 0.000 0.003 0.075 0.002 0.000 0.003 0.014 0.642 0.005 0.001 0.000 0.000 0.000 0.000 0.000 0.001 0.020 0.601 0.001 0.002 0.001 0.000 0.001 0.004 
40 piano_vis 30 0.039 0.001 0.000 0.001 0.205 0.987 0.001 0.009 0.306 0.006 0.000 0.000 0.001 0.000 0.000 0.001 0.000 0.000 0.001 0.000 0.001 0.000 0.007 0.004 0.000 0.000 0.000 0.000 0.000 0.013 0.024 0.000 0.004 0.706 0.000 0.002 0.016 0.002 0.000 0.002 0.012 0.748 0.004 0.001 0.000 0.001 0.000 0.000 0.000 0.002 0.012 0.739 0.001 0.003 0.001 0.001 0.001 0.002 
41 trumpet_vis 30 0.887 0.001 0.000 0.003 0.909 0.658 0.000 0.006 0.016 0.003 0.000 0.000 0.001 0.000 0.000 0.001 0.000 0.000 0.001 0.000 0.001 0.000 0.012 0.013 0.000 0.000 0.000 0.000 0.000 0.166 0.121 0.000 0.005 0.596 0.000 0.001 0.002 0.002 0.000 0.001 0.006 0.239 0.002 0.001 0.000 0.001 0.000 0.000 0.000 0.004 0.001 0.641 0.001 0.004 0.001 0.001 0.001 0.002 
42 fork_vis 30 0.005 0.001 0.000 0.001 0.018 0.988 0.001 0.007 0.095 0.013 0.000 0.000 0.001 0.000 0.000 0.001 0.000 0.000 0.001 0.000 0.001 0.000 0.003 0.002 0.000 0.000 0.000 0.000 0.000 0.006 0.009 0.000 0.003 0.603 0.001 0.004 0.098 0.003 0.000 0.004 0.013 0.625 0.005 0.001 0.000 0.000 0.000 0.000 0.000 0.001 0.018 0.552 0.001 0.002 0.001 0.000 0.001 0.005 
43 spoon_vis 30 0.005 0.001 0.000 0.001 0.021 0.988 0.001 0.008 0.141 0.013 0.000 0.000 0.001 0.000 0.000 0.001 0.000 0.000 0.001 0.000 0.001 0.000 0.004 0.002 0.000 0.000 0.000 0.000 0.000 0.006 0.009 0.000 0.003 0.557 0.001 0.003 0.062 0.003 0.000 0.003 0.013 0.571 0.006 0.001 0.000 0.000 0.000 0.000 0.000 0.001 0.013 0.621 0.001 0.002 0.001 0.000 0.001 0.005 
44 tongs_vis 30 0.005 0.001 0.000 0.001 0.017 0.988 0.001 0.007 0.091 0.013 0.000 0.000 0.001 0.000 0.000 0.001 0.000 0.000 0.001 0.000 0.001 0.000 0.003 0.002 0.000 0.000 0.000 0.000 0.000 0.006 0.009 0.000 0.003 0.586 0.000 0.004 0.091 0.003 0.000 0.004 0.013 0.608 0.006 0.001 0.000 0.000 0.000 0.000 0.000 0.001 0.016 0.562 0.001 0.002 0.001 0.000 0.001 0.005 
45 ladle_vis 30 0.006 0.001 0.000 0.001 0.024 0.989 0.001 0.008 0.177 0.013 0.000 0.000 0.001 0.000 0.000 0.001 0.000 0.000 0.001 0.000 0.001 0.000 0.004 0.002 0.000 0.000 0.000 0.000 0.000 0.006 0.010 0.000 0.003 0.561 0.001 0.003 0.055 0.003 0.000 0.003 0.014 0.576 0.006 0.001 0.000 0.000 0.000 0.000 0.000 0.001 0.013 0.641 0.001 0.002 0.001 0.000 0.001 0.005 
46 knife_vis 30 0.005 0.001 0.000 0.001 0.018 0.988 0.001 0.007 0.107 0.013 0.000 0.000 0.001 0.000 0.000 0.001 0.000 0.000 0.001 0.000 0.001 0.000 0.003 0.002 0.000 0.000 0.000 0.000 0.000 0.006 0.009 0.000 0.003 0.574 0.000 0.004 0.078 0.003 0.000 0.004 0.013 0.596 0.006 0.001 0.000 0.000 0.000 0.000 0.000 0.001 0.015 0.590 0.001 0.002 0.001 0.000 0.001 0.005 
47 chopsticks_vis 30 0.005 0.001 0.000 0.001 0.018 0.988 0.001 0.007 0.108 0.013 0.000 0.000 0.001 0.000 0.000 0.001 0.000 0.000 0.001 0.000 0.001 0.000 0.003 0.002 0.000 0.000 0.000 0.000 0.000 0.006 0.009 0.000 0.003 0.570 0.000 0.004 0.076 0.003 0.000 0.004 0.013 0.589 0.006 0.001 0.000 0.000 0.000 0.000 0.000 0.001 0.015 0.592 0.001 0.002 0.001 0.000 0.001 0.005 
