0 beaver_vis 30 0.002 0.003 0.002 0.000 0.000 0.994 0.001 0.001 0.011 0.987 0.002 0.032 0.001 0.002 0.000 0.001 0.007 0.001 0.012 0.009 0.001 0.000 0.001 0.000 0.000 0.000 0.000 0.000 0.000 0.001 0.000 0.000 0.000 0.000 0.000 0.005 0.000 0.001 0.001 0.001 0.000 0.001 0.047 0.000 0.000 0.000 0.011 0.000 0.001 0.042 0.000 0.000 0.003 0.561 0.001 0.004 0.968 0.007 
1 bear_vis 30 0.002 0.004 0.001 0.000 0.000 0.994 0.001 0.001 0.014 0.981 0.001 0.015 0.001 0.003 0.000 0.001 0.005 0.001 0.011 0.009 0.001 0.000 0.000 0.000 0.000 0.000 0.000 0.000 0.000 0.002 0.000 0.000 0.001 0.000 0.000 0.002 0.000 0.001 0.001 0.001 0.000 0.001 0.026 0.000 0.000 0.001 0.012 0.000 0.001 0.049 0.000 0.000 0.004 0.194 0.001 0.004 0.987 0.004 
2 sheep_vis 30 0.002 0.003 0.002 0.000 0.000 0.995 0.001 0.001 0.012 0.984 0.001 0.026 0.001 0.003 0.000 0.001 0.006 0.001 0.012 0.010 0.001 0.000 0.000 0.000 0.000 0.000 0.000 0.000 0.000 0.002 0.000 0.000 0.000 0.000 0.000 0.005 0.000 0.001 0.001 0.001 0.000 0.001 0.048 0.000 0.000 0.001 0.011 0.000 0.001 0.041 0.000 0.000 0.003 0.424 0.001 0.004 0.980 0.005 
3 buffalo_vis 30 0.002 0.004 0.001 0.000 0.000 0.994 0.001 0.001 0.014 0.981 0.001 0.015 0.001 0.003 0.000 0.001 0.005 0.001 0.011 0.009 0.001 0.000 0.000 0.000 0.000 0.000 0.000 0.000 0.000 0.002 0.000 0.000 0.000 0.000 0.000 0.002 0.000 0.001 0.001 0.001 0.000 0.001 0.027 0.000 0.000 0.001 0.012 0.000 0.001 0.048 0.000 0.000 0.004 0.198 0.001 0.004 0.987 0.004 
4 poodle_vis 30 0.002 0.004 0.001 0.000 0.000 0.994 0.001 0.001 0.014 0.980 0.001 0.014 0.001 0.003 0.000 0.001 0.005 0.001 0.011 0.009 0.001 0.000 0.000 0.000 0.000 0.000 0.000 0.000 0.000 0.002 0.000 0.000 0.001 0.000 0.000 0.002 0.000 0.001 0.001 0.001 0.000 0.001 0.023 0.000 0.000 0.001 0.012 0.000 0.001 0.048 0.000 0.000 0.004 0.196 0.001 0.004 0.986 0.004 
5 giraffe_vis 30 0.002 0.004 0.001 0.000 0.000 0.994 0.001 0.001 0.014 0.980 0.001 0.014 0.001 0.003 0.000 0.001 0.005 0.001 0.010 0.009 0.001 0.000 0.000 0.000 0.000 0.000 0.000 0.000 0.000 0.002 0.000 0.000 0.001 0.000 0.000 0.002 0.000 0.001 0.001 0.001 0.000 0.001 0.024 0.000 0.000 0.001 0.012 0.000 0.001 0.048 0.000 0.000 0.004 0.191 0.001 0.004 0.986 0.004 
6 robin_vis 30 0.001 0.002 0.002 0.000 0.000 0.995 0.001 0.001 0.008 0.989 0.002 0.033 0.001 0.001 0.000 0.001 0.008 0.001 0.007 0.006 0.001 0.000 0.000 0.000 0.000 0.000 0.000 0.000 0.000 0.001 0.000 0.000 0.000 0.000 0.000 0.006 0.000 0.001 0.001 0.001 0.000 0.001 0.040 0.000 0.000 0.000 0.006 0.000 0.000 0.030 0.000 0.000 0.003 0.697 0.001 0.003 0.943 0.007 
7 swan_vis 30 0.001 0.003 0.002 0.000 0.000 0.994 0.001 0.001 0.006 0.987 0.002 0.040 0.001 0.003 0.000 0.001 0.005 0.002 0.019 0.011 0.001 0.000 0.000 0.000 0.000 0.000 0.000 0.000 0.000 0.001 0.000 0.000 0.000 0.000 0.000 0.009 0.000 0.001 0.001 0.001 0.000 0.001 0.089 0.000 0.000 0.000 0.009 0.000 0.001 0.043 0.000 0.000 0.002 0.665 0.001 0.003 0.967 0.005 
8 woodpecker_vis 30 0.001 0.002 0.002 0.000 0.000 0.995 0.001 0.001 0.006 0.989 0.002 0.020 0.001 0.001 0.000 0.001 0.008 0.001 0.005 0.004 0.001 0.000 0.000 0.000 0.000 0.000 0.000 0.000 0.000 0.001 0.000 0.000 0.000 0.000 0.000 0.007 0.000 0.001 0.001 0.001 0.000 0.001 0.021 0.000 0.000 0.000 0.006 0.000 0.000 0.019 0.000 0.000 0.008 0.494 0.001 0.003 0.856 0.009 
9 peacock_vis 30 0.001 0.003 0.002 0.000 0.000 0.995 0.001 0.001 0.007 0.985 0.001 0.022 0.001 0.003 0.000 0.001 0.005 0.001 0.015 0.012 0.001 0.000 0.000 0.000 0.000 0.000 0.000 0.000 0.000 0.001 0.000 0.000 0.000 0.000 0.000 0.004 0.000 0.001 0.001 0.001 0.000 0.001 0.045 0.000 0.000 0.001 0.009 0.000 0.000 0.042 0.000 0.000 0.002 0.469 0.001 0.003 0.979 0.004 
10 crow_vis 30 0.001 0.003 0.002 0.000 0.000 0.995 0.001 0.001 0.007 0.989 0.004 0.047 0.001 0.002 0.000 0.001 0.006 0.002 0.015 0.007 0.001 0.000 0.000 0.000 0.000 0.000 0.000 0.000 0.000 0.001 0.000 0.000 0.000 0.000 0.000 0.010 0.000 0.001 0.001 0.001 0.000 0.001 0.078 0.000 0.000 0.000 0.008 0.000 0.000 0.043 0.000 0.000 0.002 0.649 0.001 0.003 0.956 0.006 
11 eagle_vis 30 0.001 0.003 0.003 0.000 0.000 0.995 0.001 0.001 0.007 0.990 0.005 0.060 0.001 0.001 0.000 0.001 0.006 0.002 0.015 0.005 0.001 0.000 0.001 0.000 0.000 0.000 0.000 0.000 0.000 0.001 0.000 0.000 0.000 0.000 0.000 0.009 0.000 0.001 0.001 0.001 0.000 0.001 0.057 0.000 0.000 0.000 0.005 0.000 0.000 0.048 0.000 0.000 0.002 0.653 0.001 0.003 0.924 0.010 
12 tuna_vis 30 0.002 0.004 0.001 0.000 0.000 0.994 0.001 0.001 0.013 0.981 0.001 0.016 0.001 0.003 0.000 0.001 0.005 0.001 0.013 0.010 0.001 0.000 0.000 0.000 0.000 0.000 0.000 0.000 0.000 0.002 0.000 0.000 0.001 0.000 0.000 0.002 0.000 0.001 0.001 0.001 0.000 0.001 0.028 0.000 0.000 0.001 0.014 0.000 0.001 0.045 0.000 0.000 0.003 0.348 0.001 0.003 0.981 0.004 
13 goldfish_vis 30 0.002 0.003 0.002 0.000 0.000 0.995 0.001 0.001 0.011 0.984 0.001 0.021 0.001 0.003 0.000 0.001 0.006 0.001 0.014 0.011 0.001 0.000 0.000 0.000 0.000 0.000 0.000 0.000 0.000 0.002 0.000 0.000 0.000 0.000 0.000 0.005 0.000 0.001 0.001 0.001 0.000 0.001 0.052 0.000 0.000 0.001 0.012 0.000 0.001 0.041 0.000 0.000 0.003 0.523 0.001 0.003 0.977 0.004 
14 salmon_vis 30 0.002 0.004 0.001 0.000 0.000 0.994 0.001 0.001 0.012 0.981 0.001 0.014 0.001 0.003 0.000 0.001 0.005 0.001 0.011 0.010 0.001 0.000 0.000 0.000 0.000 0.000 0.000 0.000 0.000 0.002 0.000 0.000 0.001 0.000 0.000 0.003 0.000 0.001 0.001 0.001 0.000 0.001 0.030 0.000 0.000 0.001 0.011 0.000 0.001 0.043 0.000 0.000 0.003 0.284 0.001 0.003 0.985 0.003 
15 sardine_vis 30 0.002 0.004 0.001 0.000 0.000 0.994 0.001 0.001 0.014 0.980 0.001 0.012 0.001 0.003 0.000 0.001 0.005 0.001 0.010 0.009 0.001 0.000 0.000 0.000 0.000 0.000 0.000 0.000 0.000 0.002 0.000 0.000 0.001 0.000 0.000 0.002 0.000 0.001 0.001 0.001 0.000 0.001 0.025 0.000 0.000 0.001 0.011 0.000 0.001 0.044 0.000 0.000 0.003 0.208 0.001 0.003 0.986 0.003 
16 catfish_vis 30 0.002 0.004 0.001 0.000 0.000 0.994 0.001 0.001 0.013 0.981 0.001 0.017 0.001 0.003 0.000 0.001 0.005 0.001 0.013 0.010 0.001 0.000 0.000 0.000 0.000 0.000 0.000 0.000 0.000 0.002 0.000 0.000 0.001 0.000 0.000 0.002 0.000 0.001 0.001 0.001 0.000 0.001 0.025 0.000 0.000 0.001 0.014 0.000 0.001 0.048 0.000 0.000 0.003 0.343 0.001 0.003 0.979 0.005 
17 cod_vis 30 0.002 0.003 0.001 0.000 0.000 0.994 0.001 0.001 0.012 0.981 0.001 0.014 0.001 0.003 0.000 0.001 0.005 0.001 0.011 0.010 0.001 0.000 0.000 0.000 0.000 0.000 0.000 0.000 0.000 0.002 0.000 0.000 0.001 0.000 0.000 0.002 0.000 0.001 0.001 0.001 0.000 0.001 0.029 0.000 0.000 0.001 0.011 0.000 0.001 0.043 0.000 0.000 0.003 0.283 0.001 0.003 0.985 0.003 
18 turtle_vis 30 0.002 0.006 0.001 0.000 0.000 0.994 0.001 0.001 0.015 0.973 0.001 0.007 0.001 0.001 0.000 0.001 0.003 0.001 0.005 0.003 0.001 0.000 0.000 0.000 0.000 0.000 0.000 0.000 0.000 0.003 0.000 0.000 0.000 0.001 0.000 0.002 0.000 0.001 0.001 0.001 0.000 0.001 0.007 0.000 0.000 0.001 0.012 0.000 0.001 0.028 0.000 0.000 0.020 0.049 0.001 0.003 0.972 0.008 
19 rattlesnake_vis 30 0.002 0.007 0.001 0.000 0.000 0.994 0.001 0.001 0.014 0.971 0.001 0.007 0.001 0.001 0.000 0.001 0.003 0.001 0.005 0.002 0.001 0.000 0.000 0.000 0.000 0.000 0.000 0.000 0.000 0.003 0.000 0.000 0.000 0.001 0.000 0.003 0.000 0.001 0.001 0.001 0.000 0.001 0.006 0.000 0.000 0.000 0.014 0.000 0.001 0.025 0.000 0.000 0.028 0.054 0.001 0.003 0.940 0.013 
20 crab_vis 30 0.002 0.005 0.001 0.000 0.000 0.994 0.001 0.001 0.013 0.975 0.001 0.008 0.001 0.002 0.000 0.001 0.003 0.001 0.006 0.003 0.001 0.000 0.000 0.000 0.000 0.000 0.000 0.000 0.000 0.003 0.000 0.000 0.000 0.001 0.000 0.002 0.000 0.001 0.001 0.001 0.000 0.001 0.009 0.000 0.000 0.001 0.011 0.000 0.001 0.029 0.000 0.000 0.014 0.054 0.001 0.004 0.980 0.006 
21 frog_vis 30 0.002 0.005 0.001 0.000 0.000 0.994 0.001 0.001 0.013 0.975 0.001 0.007 0.001 0.001 0.000 0.001 0.003 0.001 0.005 0.003 0.001 0.000 0.000 0.000 0.000 0.000 0.000 0.000 0.000 0.002 0.000 0.000 0.000 0.001 0.000 0.002 0.000 0.001 0.001 0.001 0.000 0.001 0.009 0.000 0.000 0.001 0.010 0.000 0.001 0.028 0.000 0.000 0.015 0.052 0.001 0.003 0.977 0.006 
22 gecko_vis 30 0.002 0.004 0.001 0.000 0.000 0.994 0.001 0.001 0.016 0.978 0.001 0.009 0.001 0.002 0.000 0.001 0.004 0.001 0.008 0.006 0.001 0.000 0.000 0.000 0.000 0.000 0.000 0.000 0.000 0.002 0.000 0.000 0.001 0.000 0.000 0.002 0.000 0.001 0.001 0.001 0.000 0.001 0.012 0.000 0.000 0.001 0.012 0.000 0.001 0.043 0.000 0.000 0.004 0.129 0.001 0.004 0.982 0.004 
23 crocodile_vis 30 0.002 0.005 0.001 0.000 0.000 0.994 0.001 0.001 0.016 0.974 0.001 0.009 0.001 0.002 0.000 0.001 0.004 0.001 0.007 0.004 0.001 0.000 0.000 0.000 0.000 0.000 0.000 0.000 0.000 0.002 0.000 0.000 0.001 0.001 0.000 0.002 0.000 0.001 0.001 0.001 0.000 0.001 0.008 0.000 0.000 0.001 0.015 0.000 0.001 0.035 0.000 0.001 0.007 0.095 0.001 0.003 0.973 0.007 
24 axe_vis 30 0.004 0.017 0.001 0.000 0.000 0.993 0.002 0.001 0.018 0.947 0.001 0.008 0.001 0.001 0.003 0.001 0.002 0.002 0.006 0.002 0.001 0.000 0.000 0.000 0.000 0.000 0.000 0.000 0.000 0.011 0.000 0.000 0.001 0.001 0.002 0.002 0.000 0.000 0.001 0.003 0.000 0.001 0.004 0.000 0.000 0.000 0.025 0.000 0.001 0.028 0.000 0.001 0.014 0.073 0.002 0.003 0.111 0.317 
25 hammer_vis 30 0.001 0.002 0.001 0.000 0.000 0.994 0.001 0.001 0.010 0.989 0.001 0.019 0.001 0.001 0.000 0.000 0.010 0.001 0.004 0.002 0.001 0.000 0.000 0.000 0.000 0.000 0.000 0.000 0.000 0.002 0.000 0.000 0.000 0.000 0.000 0.005 0.000 0.000 0.007 0.001 0.000 0.001 0.006 0.000 0.000 0.000 0.009 0.000 0.000 0.018 0.000 0.000 0.020 0.456 0.001 0.006 0.448 0.033 
26 screwdriver_vis 30 0.003 0.008 0.001 0.000 0.000 0.992 0.001 0.001 0.036 0.955 0.001 0.024 0.001 0.002 0.001 0.001 0.004 0.002 0.020 0.003 0.001 0.000 0.000 0.000 0.000 0.000 0.000 0.000 0.000 0.006 0.000 0.000 0.001 0.001 0.000 0.003 0.000 0.001 0.001 0.004 0.000 0.001 0.007 0.000 0.000 0.000 0.068 0.000 0.001 0.056 0.000 0.001 0.002 0.518 0.002 0.004 0.092 0.178 
27 chisel_vis 30 0.002 0.003 0.001 0.000 0.000 0.994 0.001 0.001 0.009 0.988 0.001 0.019 0.001 0.001 0.000 0.001 0.008 0.001 0.006 0.004 0.001 0.000 0.000 0.000 0.000 0.000 0.000 0.000 0.000 0.002 0.000 0.000 0.000 0.000 0.000 0.005 0.000 0.000 0.002 0.001 0.000 0.001 0.015 0.000 0.000 0.000 0.013 0.000 0.001 0.022 0.000 0.000 0.009 0.525 0.001 0.003 0.810 0.013 
28 saw_vis 30 0.002 0.003 0.001 0.000 0.000 0.993 0.001 0.001 0.023 0.987 0.001 0.023 0.001 0.001 0.001 0.000 0.011 0.001 0.006 0.002 0.001 0.000 0.000 0.000 0.000 0.000 0.000 0.000 0.000 0.003 0.000 0.000 0.000 0.000 0.000 0.002 0.000 0.000 0.014 0.001 0.000 0.001 0.004 0.000 0.000 0.000 0.019 0.000 0.000 0.026 0.000 0.000 0.011 0.669 0.002 0.008 0.065 0.205 
29 drill_vis 30 0.004 0.010 0.001 0.000 0.000 0.991 0.004 0.001 0.013 0.968 0.001 0.022 0.001 0.001 0.006 0.001 0.003 0.002 0.013 0.002 0.001 0.000 0.000 0.000 0.000 0.000 0.000 0.000 0.000 0.007 0.000 0.000 0.000 0.000 0.001 0.004 0.000 0.001 0.001 0.008 0.000 0.001 0.004 0.000 0.000 0.000 0.047 0.000 0.001 0.043 0.000 0.001 0.004 0.451 0.003 0.004 0.025 0.593 
30 clamp_vis 30 0.001 0.003 0.003 0.000 0.000 0.995 0.001 0.001 0.006 0.992 0.009 0.062 0.001 0.001 0.000 0.000 0.007 0.002 0.008 0.003 0.001 0.000 0.001 0.000 0.000 0.000 0.000 0.000 0.000 0.001 0.000 0.000 0.000 0.000 0.000 0.008 0.000 0.001 0.002 0.000 0.000 0.001 0.034 0.000 0.000 0.000 0.002 0.001 0.000 0.038 0.000 0.000 0.003 0.617 0.001 0.006 0.879 0.016 
31 hoe_vis 30 0.002 0.003 0.001 0.000 0.000 0.994 0.001 0.001 0.006 0.983 0.002 0.025 0.001 0.003 0.000 0.001 0.005 0.002 0.016 0.010 0.001 0.000 0.000 0.000 0.000 0.000 0.000 0.000 0.000 0.001 0.000 0.000 0.001 0.000 0.000 0.008 0.000 0.001 0.001 0.001 0.000 0.001 0.072 0.000 0.000 0.000 0.012 0.000 0.001 0.034 0.000 0.001 0.002 0.539 0.001 0.002 0.963 0.004 
32 rake_vis 30 0.001 0.003 0.003 0.000 0.000 0.995 0.001 0.001 0.006 0.992 0.007 0.056 0.001 0.001 0.000 0.000 0.006 0.002 0.009 0.003 0.001 0.000 0.001 0.000 0.000 0.000 0.000 0.000 0.000 0.001 0.000 0.000 0.000 0.000 0.000 0.009 0.000 0.001 0.001 0.000 0.000 0.001 0.046 0.000 0.000 0.000 0.003 0.000 0.000 0.037 0.000 0.000 0.003 0.616 0.001 0.005 0.917 0.011 
33 shovel_vis 30 0.001 0.002 0.002 0.000 0.000 0.994 0.001 0.001 0.006 0.990 0.006 0.048 0.001 0.001 0.000 0.001 0.006 0.002 0.010 0.005 0.001 0.000 0.001 0.000 0.000 0.000 0.000 0.000 0.000 0.001 0.000 0.000 0.000 0.000 0.000 0.009 0.000 0.001 0.001 0.001 0.000 0.001 0.054 0.000 0.000 0.000 0.005 0.000 0.001 0.037 0.000 0.000 0.003 0.624 0.001 0.003 0.932 0.008 
34 spade_vis 30 0.001 0.003 0.002 0.000 0.000 0.994 0.001 0.001 0.006 0.990 0.005 0.045 0.001 0.001 0.000 0.001 0.007 0.002 0.008 0.004 0.001 0.000 0.001 0.000 0.000 0.000 0.000 0.000 0.000 0.001 0.000 0.000 0.000 0.000 0.000 0.007 0.000 0.001 0.001 0.001 0.000 0.001 0.037 0.000 0.000 0.000 0.004 0.000 0.001 0.033 0.000 0.000 0.003 0.634 0.001 0.004 0.908 0.010 
35 wrench_vis 30 0.002 0.003 0.001 0.000 0.000 0.994 0.001 0.001 0.005 0.985 0.002 0.025 0.001 0.002 0.000 0.001 0.005 0.001 0.011 0.009 0.001 0.000 0.000 0.000 0.000 0.000 0.000 0.000 0.000 0.001 0.000 0.000 0.000 0.000 0.000 0.011 0.000 0.001 0.001 0.001 0.000 0.001 0.061 0.000 0.000 0.000 0.009 0.000 0.001 0.029 0.000 0.001 0.003 0.518 0.001 0.002 0.941 0.005 
36 accordion_vis 30 0.002 0.004 0.002 0.000 0.000 0.992 0.001 0.001 0.057 0.957 0.001 0.017 0.001 0.004 0.000 0.001 0.006 0.002 0.014 0.010 0.001 0.000 0.001 0.000 0.000 0.001 0.000 0.000 0.000 0.003 0.000 0.000 0.001 0.001 0.000 0.003 0.001 0.001 0.001 0.001 0.000 0.001 0.029 0.000 0.000 0.001 0.039 0.001 0.001 0.037 0.000 0.001 0.002 0.301 0.001 0.003 0.961 0.005 
37 cello_vis 30 0.002 0.005 0.002 0.000 0.000 0.989 0.001 0.001 0.081 0.962 0.001 0.079 0.001 0.005 0.000 0.001 0.007 0.001 0.104 0.014 0.002 0.000 0.001 0.000 0.000 0.000 0.000 0.000 0.000 0.002 0.000 0.000 0.001 0.000 0.000 0.001 0.000 0.000 0.001 0.002 0.000 0.001 0.009 0.000 0.000 0.000 0.152 0.000 0.001 0.160 0.000 0.000 0.001 0.968 0.002 0.009 0.217 0.047 
38 flute_vis 30 0.002 0.004 0.002 0.000 0.000 0.994 0.001 0.001 0.014 0.980 0.001 0.018 0.001 0.003 0.000 0.001 0.005 0.001 0.014 0.011 0.001 0.000 0.000 0.000 0.000 0.000 0.000 0.000 0.000 0.002 0.000 0.000 0.001 0.000 0.000 0.002 0.000 0.001 0.001 0.001 0.000 0.001 0.029 0.000 0.000 0.001 0.017 0.000 0.001 0.044 0.000 0.001 0.002 0.367 0.001 0.003 0.977 0.005 
39 guitar_vis 30 0.002 0.005 0.001 0.000 0.000 0.994 0.001 0.001 0.017 0.977 0.001 0.015 0.001 0.002 0.000 0.001 0.004 0.001 0.012 0.007 0.001 0.000 0.000 0.000 0.000 0.000 0.000 0.000 0.000 0.002 0.000 0.000 0.001 0.000 0.000 0.002 0.000 0.001 0.001 0.001 0.000 0.001 0.014 0.000 0.000 0.001 0.022 0.000 0.001 0.045 0.000 0.001 0.004 0.249 0.001 0.003 0.962 0.007 
40 piano_vis 30 0.002 0.004 0.002 0.000 0.000 0.991 0.001 0.001 0.037 0.965 0.001 0.020 0.001 0.004 0.001 0.001 0.006 0.002 0.018 0.011 0.001 0.000 0.001 0.000 0.000 0.001 0.000 0.000 0.000 0.002 0.000 0.000 0.001 0.001 0.000 0.002 0.001 0.001 0.001 0.001 0.001 0.001 0.020 0.001 0.000 0.001 0.035 0.001 0.001 0.051 0.000 0.001 0.002 0.389 0.001 0.004 0.942 0.007 
41 trumpet_vis 30 0.001 0.003 0.003 0.000 0.000 0.994 0.001 0.001 0.007 0.991 0.005 0.049 0.001 0.001 0.000 0.001 0.007 0.001 0.009 0.004 0.001 0.000 0.001 0.000 0.000 0.000 0.000 0.000 0.000 0.001 0.000 0.000 0.000 0.000 0.000 0.007 0.000 0.001 0.001 0.001 0.000 0.001 0.036 0.000 0.000 0.000 0.004 0.000 0.000 0.037 0.000 0.000 0.003 0.652 0.001 0.004 0.903 0.012 
42 fork_vis 30 0.004 0.013 0.001 0.000 0.000 0.993 0.002 0.001 0.005 0.976 0.001 0.013 0.001 0.001 0.002 0.001 0.002 0.002 0.007 0.002 0.001 0.000 0.000 0.000 0.000 0.000 0.000 0.000 0.000 0.005 0.000 0.000 0.000 0.001 0.000 0.011 0.000 0.001 0.001 0.003 0.000 0.001 0.008 0.000 0.000 0.000 0.016 0.000 0.001 0.024 0.000 0.001 0.018 0.096 0.002 0.003 0.236 0.186 
43 spoon_vis 30 0.004 0.015 0.001 0.000 0.000 0.993 0.002 0.001 0.014 0.963 0.001 0.008 0.001 0.001 0.001 0.001 0.002 0.002 0.004 0.001 0.001 0.000 0.000 0.000 0.000 0.000 0.000 0.000 0.000 0.009 0.000 0.000 0.001 0.001 0.000 0.006 0.000 0.001 0.001 0.002 0.000 0.001 0.006 0.000 0.000 0.000 0.021 0.000 0.001 0.024 0.000 0.001 0.051 0.043 0.001 0.003 0.504 0.105 
44 tongs_vis 30 0.003 0.006 0.001 0.000 0.000 0.994 0.006 0.001 0.005 0.989 0.001 0.014 0.001 0.001 0.019 0.000 0.005 0.001 0.003 0.001 0.001 0.000 0.000 0.000 0.000 0.000 0.000 0.000 0.000 0.008 0.000 0.000 0.000 0.000 0.001 0.008 0.000 0.000 0.008 0.001 0.001 0.001 0.004 0.000 0.000 0.000 0.009 0.000 0.000 0.015 0.000 0.000 0.066 0.267 0.004 0.005 0.027 0.757 
45 ladle_vis 30 0.007 0.024 0.001 0.000 0.000 0.992 0.004 0.001 0.008 0.973 0.001 0.011 0.002 0.001 0.008 0.001 0.002 0.003 0.005 0.001 0.001 0.000 0.000 0.000 0.000 0.000 0.000 0.000 0.000 0.021 0.000 0.000 0.001 0.001 0.001 0.015 0.000 0.001 0.001 0.009 0.001 0.001 0.008 0.000 0.000 0.000 0.021 0.000 0.001 0.028 0.000 0.001 0.030 0.061 0.003 0.003 0.081 0.548 
46 knife_vis 30 0.002 0.005 0.001 0.000 0.000 0.994 0.001 0.001 0.009 0.978 0.001 0.008 0.001 0.001 0.000 0.001 0.003 0.001 0.005 0.004 0.001 0.000 0.000 0.000 0.000 0.000 0.000 0.000 0.000 0.002 0.000 0.000 0.000 0.001 0.000 0.002 0.000 0.001 0.001 0.001 0.000 0.001 0.009 0.000 0.000 0.001 0.010 0.000 0.001 0.036 0.000 0.000 0.007 0.088 0.001 0.003 0.974 0.007 
47 chopsticks_vis 30 0.003 0.007 0.001 0.000 0.000 0.994 0.005 0.001 0.004 0.989 0.001 0.013 0.001 0.001 0.017 0.000 0.005 0.001 0.003 0.001 0.001 0.000 0.000 0.000 0.000 0.000 0.000 0.000 0.000 0.009 0.000 0.000 0.000 0.000 0.001 0.013 0.000 0.000 0.004 0.002 0.001 0.001 0.005 0.000 0.000 0.000 0.010 0.000 0.000 0.015 0.000 0.000 0.077 0.223 0.003 0.003 0.036 0.726 
