0 beaver_vis 30 0.996 0.981 0.001 0.009 0.001 0.000 0.000 0.008 0.000 0.000 0.155 0.000 0.887 0.003 0.127 0.001 0.044 0.001 0.001 0.000 0.000 0.001 0.001 0.001 0.001 0.004 0.052 0.007 0.013 0.030 0.001 0.001 0.000 0.001 0.000 0.000 0.000 0.000 0.000 0.001 0.000 0.000 0.001 0.000 0.001 0.049 0.000 0.000 0.000 0.000 0.001 0.000 0.000 0.000 0.000 0.000 0.000 0.000 
1 bear_vis 30 0.996 0.983 0.001 0.002 0.054 0.000 0.000 0.023 0.001 0.000 0.003 0.005 0.148 0.337 0.668 0.124 0.001 0.013 0.001 0.001 0.000 0.034 0.001 0.001 0.000 0.004 0.052 0.000 0.063 0.089 0.008 0.001 0.001 0.006 0.000 0.000 0.000 0.000 0.000 0.000 0.000 0.001 0.058 0.003 0.000 0.001 0.001 0.066 0.000 0.000 0.000 0.000 0.000 0.000 0.000 0.000 0.000 0.000 
2 sheep_vis 30 0.996 0.817 0.001 0.366 0.001 0.000 0.000 0.001 0.000 0.000 0.587 0.000 0.768 0.001 0.717 0.001 0.014 0.002 0.003 0.000 0.000 0.003 0.003 0.001 0.002 0.037 0.717 0.032 0.001 0.011 0.019 0.001 0.000 0.001 0.000 0.000 0.000 0.000 0.000 0.002 0.000 0.000 0.000 0.000 0.015 0.001 0.001 0.000 0.000 0.000 0.001 0.000 0.000 0.000 0.000 0.000 0.000 0.001 
3 buffalo_vis 30 0.969 0.049 0.001 0.001 0.856 0.000 0.000 0.000 0.112 0.000 0.002 0.002 0.000 0.000 0.001 0.505 0.001 0.010 0.000 0.001 0.003 0.000 0.001 0.029 0.000 0.003 0.001 0.001 0.048 0.197 0.001 0.025 0.001 0.734 0.000 0.000 0.000 0.000 0.005 0.000 0.000 0.000 0.000 0.000 0.000 0.000 0.000 0.017 0.000 0.000 0.001 0.022 0.001 0.000 0.000 0.000 0.000 0.000 
4 poodle_vis 30 0.996 0.987 0.001 0.001 0.008 0.000 0.000 0.007 0.000 0.000 0.021 0.001 0.079 0.039 0.900 0.012 0.002 0.003 0.001 0.000 0.000 0.011 0.001 0.000 0.000 0.002 0.008 0.000 0.021 0.083 0.002 0.000 0.000 0.001 0.000 0.000 0.000 0.000 0.000 0.000 0.000 0.004 0.000 0.000 0.001 0.003 0.001 0.001 0.000 0.000 0.000 0.000 0.000 0.000 0.000 0.000 0.000 0.000 
5 giraffe_vis 30 0.996 0.980 0.001 0.001 0.037 0.000 0.000 0.001 0.001 0.000 0.001 0.026 0.149 0.347 0.244 0.211 0.001 0.015 0.001 0.001 0.000 0.022 0.001 0.001 0.000 0.004 0.042 0.000 0.017 0.056 0.006 0.001 0.000 0.007 0.000 0.000 0.000 0.000 0.000 0.000 0.000 0.000 0.034 0.002 0.000 0.000 0.001 0.234 0.000 0.000 0.000 0.000 0.000 0.000 0.000 0.000 0.000 0.000 
6 robin_vis 30 0.996 0.008 0.006 0.913 0.001 0.000 0.000 0.000 0.000 0.001 0.012 0.000 0.004 0.000 0.126 0.001 0.009 0.005 0.001 0.000 0.001 0.004 0.003 0.003 0.005 0.091 0.738 0.065 0.001 0.000 0.052 0.001 0.000 0.001 0.000 0.000 0.000 0.000 0.000 0.000 0.000 0.000 0.000 0.000 0.001 0.000 0.000 0.000 0.000 0.000 0.000 0.000 0.000 0.000 0.000 0.003 0.000 0.003 
7 swan_vis 30 0.977 0.220 0.015 0.216 0.001 0.008 0.000 0.000 0.001 0.004 0.171 0.000 0.064 0.000 0.389 0.001 0.012 0.007 0.002 0.000 0.001 0.002 0.001 0.001 0.001 0.019 0.306 0.007 0.001 0.001 0.009 0.001 0.000 0.001 0.000 0.000 0.000 0.000 0.000 0.000 0.000 0.000 0.000 0.000 0.011 0.000 0.001 0.000 0.000 0.000 0.000 0.000 0.000 0.000 0.000 0.003 0.000 0.017 
8 woodpecker_vis 30 0.996 0.017 0.003 0.968 0.001 0.000 0.000 0.000 0.000 0.001 0.024 0.001 0.004 0.000 0.001 0.001 0.001 0.002 0.016 0.001 0.000 0.001 0.316 0.005 0.090 0.040 0.185 0.003 0.001 0.000 0.001 0.001 0.003 0.002 0.000 0.000 0.000 0.000 0.001 0.001 0.000 0.000 0.000 0.000 0.000 0.000 0.000 0.000 0.000 0.000 0.001 0.000 0.000 0.000 0.000 0.000 0.000 0.001 
9 peacock_vis 30 0.926 0.889 0.014 0.018 0.017 0.001 0.000 0.000 0.859 0.001 0.039 0.066 0.001 0.417 0.280 0.911 0.002 0.473 0.001 0.031 0.001 0.005 0.006 0.001 0.000 0.077 0.003 0.000 0.001 0.001 0.006 0.001 0.001 0.220 0.007 0.000 0.000 0.000 0.069 0.000 0.000 0.211 0.000 0.000 0.019 0.001 0.593 0.185 0.000 0.000 0.001 0.062 0.009 0.003 0.000 0.000 0.000 0.001 
10 crow_vis 30 0.940 0.001 0.929 0.001 0.012 0.260 0.000 0.000 0.001 0.001 0.000 0.001 0.000 0.000 0.000 0.000 0.001 0.004 0.006 0.273 0.962 0.000 0.000 0.011 0.001 0.001 0.000 0.000 0.005 0.001 0.000 0.294 0.033 0.003 0.138 0.000 0.000 0.000 0.000 0.000 0.000 0.000 0.000 0.004 0.000 0.000 0.000 0.001 0.000 0.000 0.000 0.001 0.016 0.000 0.001 0.000 0.012 0.003 
11 eagle_vis 30 0.996 0.029 0.003 0.900 0.001 0.000 0.000 0.000 0.000 0.001 0.029 0.000 0.017 0.000 0.131 0.001 0.008 0.005 0.001 0.000 0.000 0.002 0.003 0.001 0.005 0.091 0.683 0.075 0.001 0.000 0.042 0.001 0.000 0.001 0.000 0.000 0.000 0.000 0.000 0.000 0.000 0.000 0.000 0.000 0.002 0.000 0.000 0.000 0.000 0.000 0.000 0.000 0.000 0.000 0.000 0.002 0.000 0.000 
12 tuna_vis 30 0.996 0.001 0.001 0.974 0.011 0.005 0.000 0.000 0.000 0.001 0.008 0.001 0.001 0.000 0.000 0.001 0.001 0.001 0.010 0.001 0.001 0.000 0.200 0.836 0.350 0.031 0.002 0.010 0.001 0.001 0.000 0.005 0.126 0.005 0.000 0.000 0.000 0.000 0.013 0.017 0.000 0.000 0.000 0.000 0.000 0.000 0.000 0.000 0.000 0.000 0.001 0.000 0.000 0.000 0.001 0.000 0.019 0.001 
13 goldfish_vis 30 0.996 0.001 0.002 0.972 0.040 0.000 0.000 0.000 0.000 0.001 0.001 0.000 0.001 0.000 0.001 0.001 0.003 0.001 0.001 0.000 0.002 0.000 0.001 0.030 0.073 0.010 0.032 0.929 0.015 0.006 0.074 0.002 0.001 0.002 0.000 0.000 0.000 0.000 0.000 0.001 0.000 0.000 0.000 0.000 0.001 0.000 0.000 0.000 0.000 0.000 0.001 0.000 0.000 0.000 0.001 0.001 0.000 0.001 
14 salmon_vis 30 0.996 0.001 0.002 0.962 0.034 0.000 0.000 0.001 0.000 0.001 0.001 0.000 0.001 0.000 0.001 0.000 0.003 0.001 0.001 0.000 0.002 0.000 0.001 0.024 0.039 0.007 0.028 0.930 0.028 0.005 0.049 0.001 0.001 0.002 0.000 0.000 0.000 0.000 0.000 0.001 0.000 0.000 0.000 0.000 0.001 0.000 0.000 0.000 0.000 0.000 0.001 0.000 0.000 0.000 0.000 0.001 0.000 0.001 
15 sardine_vis 30 0.996 0.169 0.002 0.712 0.005 0.000 0.000 0.000 0.000 0.001 0.176 0.000 0.150 0.000 0.250 0.001 0.003 0.001 0.001 0.000 0.001 0.001 0.001 0.005 0.017 0.013 0.186 0.322 0.004 0.009 0.034 0.001 0.000 0.002 0.000 0.000 0.000 0.000 0.000 0.001 0.000 0.000 0.000 0.000 0.019 0.000 0.000 0.000 0.000 0.000 0.001 0.000 0.000 0.000 0.000 0.001 0.000 0.001 
16 catfish_vis 30 0.996 0.004 0.002 0.972 0.003 0.000 0.000 0.000 0.000 0.001 0.003 0.000 0.007 0.000 0.013 0.001 0.007 0.002 0.001 0.000 0.000 0.001 0.002 0.002 0.016 0.063 0.650 0.676 0.004 0.001 0.152 0.001 0.000 0.001 0.000 0.000 0.000 0.000 0.000 0.001 0.000 0.000 0.000 0.000 0.001 0.000 0.000 0.000 0.000 0.000 0.001 0.000 0.000 0.000 0.000 0.002 0.000 0.000 
17 cod_vis 30 0.996 0.001 0.002 0.955 0.036 0.000 0.000 0.000 0.000 0.001 0.001 0.000 0.001 0.000 0.001 0.001 0.002 0.001 0.001 0.000 0.002 0.000 0.001 0.050 0.062 0.005 0.018 0.834 0.010 0.004 0.047 0.003 0.001 0.004 0.000 0.000 0.000 0.000 0.000 0.001 0.000 0.000 0.000 0.000 0.001 0.000 0.000 0.000 0.000 0.000 0.001 0.000 0.000 0.000 0.001 0.001 0.000 0.002 
18 turtle_vis 30 0.996 0.020 0.737 0.527 0.990 0.000 0.000 0.000 0.000 0.000 0.000 0.001 0.001 0.000 0.000 0.073 0.016 0.170 0.001 0.001 0.360 0.001 0.003 0.625 0.007 0.257 0.003 0.330 0.966 0.063 0.002 0.984 0.015 0.906 0.000 0.000 0.003 0.000 0.000 0.014 0.000 0.000 0.006 0.011 0.000 0.001 0.000 0.017 0.000 0.000 0.001 0.000 0.001 0.000 0.000 0.000 0.002 0.073 
19 rattlesnake_vis 30 0.986 0.001 0.023 0.001 0.804 0.062 0.001 0.000 0.001 0.000 0.000 0.001 0.000 0.000 0.000 0.001 0.001 0.001 0.001 0.004 0.237 0.000 0.001 0.012 0.001 0.001 0.000 0.000 0.036 0.011 0.000 0.932 0.055 0.027 0.000 0.000 0.002 0.000 0.000 0.000 0.000 0.000 0.000 0.018 0.000 0.000 0.000 0.002 0.001 0.000 0.000 0.000 0.000 0.000 0.000 0.000 0.001 0.001 
20 crab_vis 30 0.974 0.002 0.002 0.013 0.981 0.000 0.000 0.000 0.000 0.001 0.000 0.001 0.000 0.000 0.020 0.027 0.001 0.019 0.000 0.001 0.003 0.000 0.001 0.021 0.001 0.009 0.001 0.005 0.018 0.143 0.380 0.012 0.022 0.647 0.000 0.000 0.000 0.000 0.002 0.000 0.000 0.002 0.000 0.000 0.003 0.000 0.000 0.004 0.000 0.000 0.000 0.001 0.015 0.000 0.000 0.000 0.000 0.001 
21 frog_vis 30 0.995 0.001 0.260 0.001 0.684 0.006 0.000 0.000 0.000 0.000 0.000 0.001 0.000 0.000 0.000 0.001 0.001 0.002 0.001 0.024 0.488 0.000 0.001 0.031 0.001 0.001 0.000 0.000 0.042 0.003 0.000 0.864 0.036 0.058 0.000 0.000 0.001 0.000 0.000 0.000 0.000 0.000 0.000 0.001 0.000 0.000 0.000 0.003 0.000 0.000 0.000 0.000 0.002 0.000 0.000 0.000 0.002 0.001 
22 gecko_vis 30 0.996 0.001 0.009 0.002 0.983 0.001 0.000 0.000 0.000 0.000 0.000 0.006 0.000 0.000 0.000 0.001 0.001 0.001 0.001 0.006 0.063 0.000 0.002 0.056 0.002 0.001 0.000 0.001 0.021 0.012 0.000 0.962 0.184 0.064 0.000 0.000 0.001 0.000 0.000 0.001 0.000 0.000 0.000 0.001 0.000 0.000 0.000 0.001 0.000 0.000 0.000 0.000 0.000 0.000 0.000 0.000 0.001 0.001 
23 crocodile_vis 30 0.994 0.001 0.001 0.029 0.985 0.000 0.001 0.000 0.000 0.002 0.000 0.047 0.000 0.000 0.000 0.002 0.001 0.002 0.000 0.028 0.005 0.000 0.036 0.105 0.009 0.002 0.001 0.001 0.002 0.005 0.006 0.072 0.907 0.339 0.000 0.000 0.000 0.000 0.072 0.000 0.000 0.000 0.000 0.000 0.000 0.000 0.000 0.001 0.000 0.000 0.000 0.000 0.004 0.000 0.001 0.000 0.003 0.001 
24 axe_vis 30 0.005 0.002 0.001 0.001 0.002 0.986 0.958 0.000 0.005 0.002 0.000 0.044 0.004 0.020 0.000 0.001 0.001 0.001 0.009 0.097 0.016 0.001 0.007 0.002 0.006 0.001 0.000 0.000 0.001 0.014 0.000 0.014 0.146 0.002 0.839 0.170 0.042 0.107 0.001 0.003 0.001 0.001 0.000 0.027 0.000 0.000 0.001 0.002 0.080 0.000 0.000 0.002 0.004 0.002 0.003 0.000 0.014 0.001 
25 hammer_vis 30 0.159 0.001 0.001 0.003 0.009 0.935 0.017 0.000 0.087 0.001 0.001 0.001 0.001 0.000 0.000 0.001 0.001 0.001 0.000 0.001 0.001 0.000 0.001 0.018 0.001 0.001 0.000 0.002 0.002 0.004 0.000 0.121 0.002 0.004 0.000 0.000 0.006 0.000 0.001 0.012 0.000 0.000 0.004 0.001 0.000 0.000 0.000 0.029 0.001 0.000 0.079 0.001 0.001 0.000 0.001 0.000 0.001 0.002 
26 screwdriver_vis 30 0.490 0.227 0.020 0.006 0.337 0.723 0.963 0.000 0.001 0.001 0.002 0.793 0.128 0.176 0.000 0.004 0.001 0.001 0.533 0.670 0.246 0.010 0.446 0.194 0.439 0.001 0.001 0.001 0.001 0.695 0.004 0.238 0.906 0.008 0.310 0.381 0.375 0.655 0.082 0.295 0.000 0.001 0.000 0.025 0.000 0.000 0.001 0.001 0.002 0.000 0.000 0.001 0.001 0.001 0.031 0.000 0.182 0.001 
27 chisel_vis 30 0.009 0.001 0.001 0.001 0.006 0.986 0.797 0.000 0.038 0.001 0.000 0.006 0.001 0.001 0.000 0.001 0.001 0.001 0.001 0.002 0.002 0.000 0.002 0.002 0.001 0.001 0.000 0.000 0.001 0.010 0.000 0.026 0.008 0.004 0.006 0.001 0.026 0.001 0.001 0.001 0.000 0.000 0.002 0.002 0.000 0.000 0.000 0.059 0.007 0.000 0.001 0.002 0.002 0.000 0.001 0.000 0.001 0.001 
28 saw_vis 30 0.195 0.003 0.001 0.041 0.061 0.917 0.919 0.000 0.001 0.001 0.001 0.016 0.010 0.000 0.000 0.000 0.001 0.001 0.001 0.002 0.001 0.000 0.087 0.035 0.075 0.001 0.001 0.001 0.001 0.019 0.000 0.189 0.030 0.002 0.000 0.014 0.124 0.003 0.027 0.761 0.000 0.000 0.001 0.001 0.000 0.000 0.000 0.002 0.000 0.000 0.006 0.001 0.001 0.000 0.001 0.000 0.014 0.001 
29 drill_vis 30 0.965 0.001 0.021 0.090 0.002 0.352 0.002 0.000 0.000 0.001 0.000 0.000 0.001 0.000 0.000 0.000 0.005 0.001 0.001 0.000 0.060 0.000 0.004 0.050 0.008 0.001 0.001 0.105 0.027 0.001 0.000 0.081 0.001 0.001 0.000 0.000 0.001 0.000 0.002 0.005 0.000 0.000 0.000 0.000 0.000 0.000 0.000 0.000 0.000 0.000 0.001 0.000 0.000 0.000 0.001 0.000 0.009 0.011 
30 clamp_vis 30 0.054 0.001 0.001 0.003 0.010 0.920 0.000 0.001 0.166 0.005 0.000 0.000 0.000 0.000 0.000 0.001 0.001 0.005 0.000 0.000 0.005 0.000 0.000 0.007 0.000 0.003 0.000 0.001 0.008 0.000 0.000 0.058 0.000 0.026 0.000 0.000 0.002 0.000 0.000 0.000 0.001 0.000 0.003 0.002 0.000 0.001 0.000 0.117 0.037 0.000 0.006 0.018 0.037 0.000 0.001 0.000 0.001 0.227 
31 hoe_vis 30 0.011 0.004 0.001 0.001 0.016 0.780 0.101 0.001 0.053 0.001 0.001 0.001 0.000 0.000 0.000 0.001 0.001 0.001 0.000 0.001 0.002 0.000 0.000 0.001 0.000 0.001 0.000 0.000 0.001 0.015 0.000 0.003 0.000 0.002 0.274 0.000 0.000 0.000 0.143 0.000 0.000 0.037 0.000 0.001 0.001 0.001 0.000 0.002 0.001 0.000 0.000 0.701 0.009 0.000 0.001 0.000 0.000 0.001 
32 rake_vis 30 0.442 0.001 0.025 0.001 0.184 0.571 0.000 0.000 0.001 0.015 0.000 0.000 0.000 0.000 0.000 0.000 0.001 0.002 0.000 0.004 0.062 0.000 0.001 0.002 0.001 0.001 0.000 0.000 0.003 0.000 0.000 0.267 0.001 0.006 0.004 0.000 0.001 0.000 0.004 0.000 0.000 0.000 0.001 0.001 0.000 0.000 0.000 0.004 0.000 0.000 0.000 0.006 0.133 0.001 0.002 0.000 0.009 0.009 
33 shovel_vis 30 0.913 0.089 0.001 0.002 0.002 0.772 0.127 0.000 0.004 0.001 0.011 0.001 0.008 0.000 0.000 0.001 0.001 0.001 0.118 0.001 0.095 0.000 0.002 0.691 0.010 0.001 0.000 0.000 0.001 0.435 0.000 0.102 0.001 0.001 0.001 0.143 0.001 0.000 0.002 0.081 0.000 0.000 0.001 0.001 0.000 0.001 0.000 0.002 0.001 0.000 0.001 0.005 0.001 0.000 0.000 0.000 0.001 0.001 
34 spade_vis 30 0.948 0.001 0.009 0.001 0.551 0.103 0.000 0.000 0.001 0.001 0.000 0.001 0.000 0.000 0.000 0.001 0.001 0.001 0.000 0.002 0.033 0.000 0.001 0.004 0.001 0.001 0.000 0.000 0.007 0.001 0.000 0.602 0.003 0.009 0.000 0.000 0.001 0.000 0.008 0.000 0.000 0.000 0.001 0.001 0.000 0.000 0.000 0.003 0.000 0.000 0.000 0.009 0.010 0.000 0.001 0.000 0.002 0.005 
35 wrench_vis 30 0.337 0.002 0.001 0.001 0.062 0.324 0.000 0.000 0.031 0.000 0.001 0.000 0.000 0.000 0.000 0.001 0.001 0.001 0.000 0.000 0.005 0.000 0.000 0.004 0.000 0.001 0.000 0.000 0.021 0.002 0.000 0.030 0.000 0.008 0.003 0.000 0.000 0.000 0.002 0.000 0.000 0.001 0.000 0.001 0.000 0.002 0.000 0.004 0.000 0.000 0.001 0.250 0.003 0.000 0.000 0.000 0.000 0.004 
36 accordion_vis 30 0.006 0.002 0.001 0.001 0.001 0.984 0.849 0.000 0.014 0.009 0.000 0.018 0.003 0.015 0.000 0.001 0.001 0.002 0.009 0.067 0.023 0.001 0.008 0.003 0.005 0.001 0.001 0.000 0.001 0.008 0.001 0.011 0.113 0.002 0.436 0.047 0.011 0.040 0.001 0.002 0.001 0.001 0.000 0.009 0.000 0.000 0.003 0.008 0.073 0.000 0.001 0.001 0.009 0.005 0.003 0.000 0.019 0.001 
37 cello_vis 30 0.075 0.001 0.036 0.001 0.001 0.940 0.001 0.000 0.001 0.027 0.000 0.000 0.000 0.000 0.000 0.000 0.001 0.003 0.001 0.005 0.154 0.001 0.000 0.001 0.001 0.002 0.001 0.000 0.002 0.000 0.000 0.052 0.003 0.002 0.001 0.000 0.000 0.000 0.000 0.000 0.002 0.000 0.000 0.004 0.000 0.000 0.000 0.003 0.003 0.000 0.000 0.000 0.029 0.000 0.001 0.000 0.013 0.031 
38 flute_vis 30 0.007 0.001 0.001 0.001 0.002 0.985 0.030 0.001 0.098 0.001 0.000 0.001 0.001 0.001 0.000 0.001 0.001 0.002 0.001 0.001 0.012 0.000 0.001 0.002 0.001 0.001 0.001 0.001 0.002 0.001 0.000 0.023 0.001 0.005 0.004 0.001 0.003 0.000 0.000 0.001 0.002 0.000 0.001 0.041 0.000 0.001 0.001 0.038 0.224 0.000 0.001 0.005 0.016 0.000 0.000 0.000 0.001 0.004 
39 guitar_vis 30 0.003 0.001 0.001 0.001 0.001 0.990 0.003 0.005 0.933 0.019 0.007 0.000 0.001 0.000 0.000 0.001 0.004 0.002 0.001 0.000 0.004 0.000 0.000 0.028 0.000 0.003 0.000 0.002 0.001 0.001 0.000 0.001 0.000 0.002 0.007 0.172 0.000 0.000 0.001 0.000 0.006 0.000 0.000 0.001 0.010 0.043 0.088 0.007 0.579 0.688 0.165 0.038 0.008 0.001 0.000 0.003 0.001 0.255 
40 piano_vis 30 0.082 0.001 0.002 0.002 0.001 0.897 0.000 0.001 0.202 0.004 0.000 0.000 0.000 0.000 0.000 0.001 0.001 0.003 0.000 0.001 0.007 0.000 0.000 0.001 0.000 0.002 0.000 0.000 0.002 0.000 0.000 0.005 0.000 0.002 0.001 0.000 0.000 0.000 0.000 0.000 0.006 0.000 0.000 0.001 0.000 0.001 0.001 0.008 0.109 0.001 0.001 0.002 0.031 0.000 0.000 0.000 0.000 0.030 
41 trumpet_vis 30 0.971 0.001 0.001 0.003 0.726 0.001 0.000 0.000 0.001 0.001 0.000 0.000 0.000 0.000 0.000 0.001 0.001 0.006 0.000 0.000 0.001 0.000 0.000 0.004 0.000 0.002 0.000 0.001 0.186 0.000 0.000 0.267 0.000 0.102 0.000 0.000 0.000 0.000 0.001 0.000 0.000 0.000 0.000 0.000 0.000 0.000 0.000 0.024 0.000 0.000 0.001 0.079 0.040 0.000 0.000 0.000 0.000 0.045 
42 fork_vis 30 0.002 0.001 0.010 0.001 0.001 0.992 0.000 0.001 0.055 0.951 0.000 0.000 0.000 0.000 0.000 0.001 0.001 0.314 0.000 0.003 0.031 0.001 0.000 0.001 0.000 0.009 0.002 0.001 0.002 0.000 0.005 0.004 0.001 0.220 0.001 0.000 0.000 0.000 0.000 0.000 0.767 0.000 0.000 0.001 0.000 0.000 0.001 0.558 0.193 0.000 0.000 0.006 0.966 0.011 0.001 0.006 0.006 0.769 
43 spoon_vis 30 0.716 0.001 0.720 0.296 0.001 0.285 0.000 0.000 0.007 0.531 0.006 0.000 0.001 0.000 0.001 0.000 0.529 0.252 0.138 0.003 0.003 0.006 0.012 0.004 0.001 0.523 0.142 0.003 0.001 0.000 0.000 0.001 0.000 0.001 0.000 0.001 0.000 0.000 0.000 0.000 0.007 0.000 0.000 0.000 0.000 0.001 0.049 0.001 0.002 0.002 0.001 0.000 0.013 0.121 0.001 0.123 0.030 0.246 
44 tongs_vis 30 0.003 0.001 0.040 0.001 0.001 0.989 0.000 0.000 0.035 0.849 0.000 0.000 0.000 0.000 0.000 0.001 0.001 0.393 0.000 0.005 0.135 0.001 0.000 0.002 0.000 0.014 0.002 0.001 0.003 0.000 0.008 0.005 0.002 0.400 0.000 0.000 0.000 0.000 0.000 0.000 0.668 0.000 0.000 0.001 0.000 0.000 0.001 0.218 0.143 0.000 0.000 0.003 0.923 0.003 0.001 0.003 0.006 0.645 
45 ladle_vis 30 0.005 0.001 0.043 0.049 0.001 0.992 0.000 0.001 0.007 0.944 0.000 0.000 0.000 0.000 0.000 0.000 0.011 0.004 0.001 0.001 0.045 0.000 0.000 0.024 0.001 0.003 0.001 0.011 0.001 0.000 0.000 0.001 0.000 0.001 0.000 0.000 0.000 0.000 0.000 0.000 0.004 0.000 0.000 0.000 0.000 0.002 0.001 0.001 0.002 0.044 0.001 0.007 0.075 0.005 0.004 0.138 0.035 0.928 
46 knife_vis 30 0.004 0.001 0.009 0.117 0.001 0.992 0.001 0.000 0.001 0.951 0.000 0.000 0.000 0.000 0.000 0.000 0.002 0.001 0.026 0.003 0.017 0.000 0.009 0.058 0.019 0.004 0.001 0.002 0.001 0.000 0.000 0.003 0.001 0.001 0.001 0.032 0.000 0.000 0.000 0.001 0.002 0.000 0.000 0.000 0.000 0.000 0.000 0.000 0.004 0.002 0.001 0.000 0.006 0.017 0.003 0.004 0.779 0.554 
47 chopsticks_vis 30 0.003 0.001 0.008 0.028 0.001 0.993 0.000 0.000 0.099 0.849 0.000 0.000 0.000 0.000 0.000 0.000 0.015 0.012 0.001 0.001 0.022 0.000 0.000 0.027 0.000 0.086 0.002 0.021 0.001 0.000 0.000 0.002 0.000 0.003 0.000 0.001 0.000 0.000 0.000 0.000 0.121 0.000 0.000 0.000 0.000 0.001 0.001 0.002 0.180 0.006 0.003 0.000 0.085 0.002 0.000 0.016 0.047 0.985 
