0 beaver_vis 30 0.793 0.001 0.480 0.000 0.000 0.705 0.181 0.000 0.000 0.001 0.000 0.000 0.001 0.000 0.000 0.001 0.135 0.104 0.039 0.000 0.004 0.000 0.000 0.000 0.001 0.000 0.000 0.000 0.000 0.000 0.000 0.000 0.000 0.000 0.059 0.011 0.000 0.000 0.003 0.000 0.000 0.000 0.000 0.000 0.000 0.000 0.013 0.000 0.001 0.000 0.000 0.000 0.000 0.001 0.000 0.001 0.004 0.000 
1 bear_vis 30 0.904 0.001 0.309 0.000 0.000 0.939 0.866 0.000 0.000 0.011 0.000 0.000 0.002 0.000 0.000 0.001 0.056 0.936 0.001 0.000 0.003 0.000 0.000 0.000 0.001 0.000 0.000 0.000 0.000 0.000 0.000 0.000 0.000 0.000 0.054 0.005 0.000 0.001 0.002 0.000 0.001 0.000 0.000 0.000 0.000 0.000 0.052 0.000 0.000 0.000 0.000 0.000 0.010 0.060 0.000 0.155 0.001 0.000 
2 sheep_vis 30 0.598 0.001 0.155 0.000 0.000 0.930 0.370 0.000 0.000 0.003 0.000 0.000 0.002 0.000 0.000 0.001 0.035 0.187 0.006 0.000 0.004 0.000 0.000 0.000 0.001 0.000 0.000 0.000 0.000 0.000 0.000 0.000 0.000 0.000 0.064 0.005 0.000 0.000 0.004 0.000 0.000 0.000 0.000 0.000 0.000 0.000 0.010 0.000 0.001 0.000 0.000 0.000 0.001 0.002 0.000 0.001 0.002 0.000 
3 buffalo_vis 30 0.434 0.002 0.101 0.000 0.000 0.884 0.086 0.000 0.000 0.002 0.000 0.000 0.002 0.000 0.000 0.001 0.026 0.031 0.034 0.000 0.006 0.000 0.000 0.000 0.001 0.000 0.000 0.000 0.000 0.000 0.000 0.000 0.000 0.000 0.064 0.004 0.000 0.000 0.008 0.000 0.000 0.000 0.000 0.000 0.000 0.001 0.038 0.000 0.001 0.001 0.000 0.000 0.001 0.001 0.000 0.001 0.001 0.000 
4 poodle_vis 30 0.421 0.002 0.130 0.000 0.000 0.876 0.063 0.000 0.000 0.002 0.000 0.000 0.002 0.000 0.000 0.002 0.039 0.039 0.054 0.000 0.006 0.000 0.000 0.000 0.001 0.000 0.000 0.000 0.000 0.000 0.000 0.000 0.000 0.000 0.060 0.003 0.000 0.000 0.007 0.000 0.000 0.000 0.000 0.000 0.000 0.001 0.054 0.000 0.001 0.001 0.000 0.000 0.001 0.001 0.000 0.001 0.001 0.000 
5 giraffe_vis 30 0.888 0.001 0.272 0.000 0.000 0.923 0.673 0.000 0.000 0.005 0.000 0.000 0.002 0.000 0.000 0.001 0.048 0.850 0.001 0.000 0.004 0.000 0.000 0.000 0.001 0.000 0.000 0.000 0.000 0.000 0.000 0.000 0.000 0.000 0.036 0.004 0.000 0.000 0.001 0.000 0.000 0.000 0.000 0.000 0.000 0.000 0.057 0.000 0.001 0.000 0.000 0.000 0.006 0.021 0.000 0.046 0.001 0.000 
6 robin_vis 30 0.729 0.001 0.241 0.000 0.000 0.899 0.199 0.000 0.000 0.002 0.000 0.000 0.002 0.000 0.000 0.001 0.055 0.388 0.006 0.000 0.004 0.000 0.000 0.000 0.001 0.000 0.000 0.000 0.000 0.000 0.000 0.000 0.000 0.000 0.023 0.003 0.000 0.000 0.002 0.000 0.000 0.000 0.000 0.000 0.000 0.000 0.030 0.000 0.001 0.000 0.000 0.000 0.001 0.003 0.000 0.001 0.001 0.000 
7 swan_vis 30 0.933 0.002 0.818 0.000 0.000 0.235 0.371 0.000 0.000 0.002 0.000 0.000 0.002 0.000 0.000 0.001 0.494 0.317 0.035 0.000 0.005 0.000 0.000 0.000 0.001 0.000 0.000 0.000 0.000 0.000 0.000 0.000 0.001 0.000 0.076 0.048 0.000 0.000 0.001 0.000 0.000 0.000 0.000 0.000 0.000 0.000 0.023 0.000 0.001 0.000 0.000 0.000 0.000 0.002 0.000 0.001 0.038 0.000 
8 woodpecker_vis 30 0.914 0.001 0.356 0.000 0.000 0.931 0.865 0.000 0.000 0.011 0.000 0.000 0.002 0.000 0.000 0.001 0.064 0.945 0.001 0.000 0.003 0.000 0.000 0.000 0.001 0.000 0.000 0.000 0.000 0.000 0.000 0.000 0.001 0.000 0.049 0.004 0.000 0.001 0.002 0.000 0.001 0.000 0.000 0.000 0.000 0.000 0.051 0.000 0.000 0.000 0.000 0.000 0.010 0.061 0.000 0.180 0.001 0.000 
9 peacock_vis 30 0.889 0.002 0.270 0.000 0.000 0.942 0.795 0.000 0.000 0.008 0.000 0.000 0.002 0.000 0.000 0.001 0.049 0.918 0.001 0.000 0.003 0.000 0.000 0.000 0.001 0.000 0.000 0.000 0.000 0.000 0.000 0.000 0.000 0.000 0.045 0.003 0.000 0.000 0.002 0.000 0.000 0.000 0.000 0.000 0.000 0.000 0.076 0.000 0.000 0.000 0.000 0.000 0.011 0.053 0.000 0.096 0.001 0.000 
10 crow_vis 30 0.476 0.002 0.144 0.000 0.000 0.901 0.092 0.000 0.000 0.002 0.000 0.000 0.002 0.000 0.000 0.001 0.041 0.079 0.025 0.000 0.005 0.000 0.000 0.000 0.001 0.000 0.000 0.000 0.000 0.000 0.000 0.000 0.000 0.000 0.043 0.003 0.000 0.000 0.005 0.000 0.000 0.000 0.000 0.000 0.000 0.001 0.044 0.000 0.001 0.001 0.000 0.000 0.001 0.002 0.000 0.001 0.001 0.000 
11 eagle_vis 30 0.450 0.002 0.115 0.000 0.000 0.900 0.087 0.000 0.000 0.002 0.000 0.000 0.002 0.000 0.000 0.001 0.030 0.053 0.025 0.000 0.004 0.000 0.000 0.000 0.001 0.000 0.000 0.000 0.000 0.000 0.000 0.000 0.000 0.000 0.044 0.003 0.000 0.000 0.005 0.000 0.000 0.000 0.000 0.000 0.000 0.000 0.041 0.000 0.001 0.000 0.000 0.000 0.001 0.002 0.000 0.001 0.001 0.000 
12 tuna_vis 30 0.927 0.002 0.447 0.000 0.000 0.842 0.801 0.000 0.000 0.005 0.000 0.000 0.003 0.000 0.000 0.001 0.094 0.831 0.002 0.000 0.006 0.000 0.000 0.000 0.001 0.000 0.000 0.000 0.000 0.000 0.000 0.000 0.001 0.000 0.056 0.010 0.000 0.001 0.002 0.000 0.001 0.000 0.000 0.000 0.000 0.000 0.028 0.000 0.001 0.000 0.000 0.000 0.003 0.014 0.000 0.063 0.002 0.000 
13 goldfish_vis 30 0.927 0.002 0.373 0.000 0.000 0.896 0.836 0.000 0.000 0.006 0.000 0.000 0.003 0.000 0.000 0.001 0.064 0.876 0.001 0.000 0.006 0.000 0.000 0.000 0.001 0.000 0.000 0.000 0.000 0.000 0.000 0.000 0.001 0.000 0.051 0.007 0.000 0.001 0.002 0.000 0.001 0.000 0.000 0.000 0.000 0.000 0.033 0.000 0.001 0.000 0.000 0.000 0.004 0.019 0.000 0.141 0.002 0.000 
14 salmon_vis 30 0.493 0.002 0.104 0.000 0.000 0.926 0.357 0.000 0.000 0.002 0.000 0.000 0.002 0.000 0.000 0.001 0.023 0.070 0.007 0.000 0.006 0.000 0.000 0.000 0.001 0.000 0.000 0.000 0.000 0.000 0.000 0.000 0.000 0.000 0.094 0.008 0.000 0.000 0.009 0.000 0.000 0.000 0.000 0.000 0.000 0.000 0.011 0.000 0.001 0.000 0.000 0.000 0.001 0.001 0.000 0.001 0.002 0.000 
15 sardine_vis 30 0.542 0.002 0.113 0.000 0.000 0.932 0.410 0.000 0.000 0.003 0.000 0.000 0.003 0.000 0.000 0.001 0.025 0.117 0.005 0.000 0.007 0.000 0.000 0.000 0.001 0.000 0.000 0.000 0.000 0.000 0.000 0.000 0.000 0.000 0.077 0.008 0.000 0.000 0.006 0.000 0.000 0.000 0.000 0.000 0.000 0.001 0.012 0.000 0.001 0.000 0.000 0.000 0.001 0.002 0.000 0.001 0.002 0.000 
16 catfish_vis 30 0.965 0.002 0.693 0.000 0.000 0.648 0.948 0.000 0.000 0.008 0.000 0.000 0.003 0.001 0.000 0.001 0.252 0.949 0.001 0.000 0.006 0.001 0.000 0.000 0.001 0.000 0.000 0.000 0.000 0.000 0.000 0.000 0.001 0.000 0.138 0.019 0.000 0.001 0.003 0.000 0.001 0.000 0.000 0.000 0.000 0.000 0.035 0.000 0.001 0.000 0.000 0.000 0.005 0.099 0.000 0.199 0.008 0.000 
17 cod_vis 30 0.830 0.002 0.243 0.000 0.000 0.922 0.641 0.000 0.000 0.005 0.000 0.000 0.003 0.000 0.000 0.001 0.045 0.617 0.002 0.000 0.007 0.000 0.000 0.000 0.001 0.000 0.000 0.000 0.000 0.000 0.000 0.000 0.000 0.000 0.046 0.008 0.000 0.001 0.003 0.000 0.001 0.000 0.000 0.000 0.000 0.001 0.018 0.000 0.001 0.000 0.000 0.000 0.002 0.004 0.000 0.009 0.001 0.000 
18 turtle_vis 30 0.939 0.001 0.550 0.000 0.000 0.835 0.941 0.000 0.000 0.012 0.000 0.000 0.002 0.001 0.000 0.001 0.184 0.970 0.001 0.000 0.003 0.000 0.000 0.000 0.001 0.000 0.000 0.000 0.000 0.000 0.000 0.000 0.001 0.000 0.138 0.008 0.000 0.001 0.003 0.000 0.001 0.000 0.000 0.000 0.000 0.000 0.059 0.000 0.001 0.000 0.000 0.000 0.016 0.225 0.000 0.102 0.002 0.000 
19 rattlesnake_vis 30 0.937 0.001 0.541 0.000 0.000 0.843 0.937 0.000 0.000 0.012 0.000 0.000 0.002 0.001 0.000 0.001 0.177 0.968 0.001 0.000 0.003 0.000 0.000 0.000 0.001 0.000 0.000 0.000 0.000 0.000 0.000 0.000 0.001 0.000 0.131 0.007 0.000 0.001 0.002 0.000 0.001 0.000 0.000 0.000 0.000 0.000 0.059 0.000 0.001 0.000 0.000 0.000 0.016 0.216 0.000 0.105 0.002 0.000 
20 crab_vis 30 0.927 0.001 0.472 0.000 0.000 0.876 0.932 0.000 0.000 0.013 0.000 0.000 0.002 0.001 0.000 0.001 0.143 0.969 0.001 0.000 0.003 0.000 0.000 0.000 0.001 0.000 0.000 0.000 0.000 0.000 0.000 0.000 0.001 0.000 0.119 0.007 0.000 0.001 0.003 0.000 0.001 0.000 0.000 0.000 0.000 0.000 0.065 0.000 0.000 0.000 0.000 0.000 0.017 0.204 0.000 0.093 0.002 0.000 
21 frog_vis 30 0.953 0.001 0.689 0.000 0.000 0.723 0.954 0.000 0.000 0.012 0.000 0.000 0.001 0.000 0.000 0.001 0.296 0.970 0.001 0.000 0.003 0.000 0.000 0.000 0.001 0.000 0.000 0.000 0.000 0.000 0.000 0.000 0.001 0.000 0.192 0.009 0.000 0.001 0.002 0.000 0.001 0.000 0.000 0.000 0.000 0.000 0.049 0.000 0.001 0.000 0.000 0.000 0.013 0.283 0.000 0.109 0.005 0.000 
22 gecko_vis 30 0.934 0.001 0.519 0.000 0.000 0.856 0.938 0.000 0.000 0.013 0.000 0.000 0.002 0.001 0.000 0.001 0.165 0.970 0.001 0.000 0.003 0.000 0.000 0.000 0.001 0.000 0.000 0.000 0.000 0.000 0.000 0.000 0.001 0.000 0.127 0.007 0.000 0.001 0.003 0.000 0.001 0.000 0.000 0.000 0.000 0.000 0.061 0.000 0.000 0.000 0.000 0.000 0.016 0.214 0.000 0.102 0.002 0.000 
23 crocodile_vis 30 0.949 0.001 0.629 0.000 0.000 0.770 0.950 0.000 0.000 0.012 0.000 0.000 0.002 0.000 0.000 0.001 0.241 0.969 0.001 0.000 0.003 0.000 0.000 0.000 0.001 0.000 0.000 0.000 0.000 0.000 0.000 0.000 0.001 0.000 0.170 0.010 0.000 0.001 0.003 0.000 0.001 0.000 0.000 0.000 0.000 0.000 0.051 0.000 0.001 0.000 0.000 0.000 0.013 0.240 0.000 0.104 0.003 0.000 
24 axe_vis 30 0.305 0.001 0.039 0.000 0.000 0.965 0.921 0.000 0.000 0.005 0.000 0.000 0.012 0.000 0.000 0.001 0.019 0.192 0.010 0.000 0.012 0.000 0.000 0.000 0.001 0.000 0.000 0.000 0.000 0.000 0.000 0.000 0.001 0.000 0.609 0.035 0.001 0.001 0.216 0.000 0.000 0.000 0.000 0.000 0.000 0.000 0.063 0.000 0.001 0.000 0.000 0.000 0.004 0.035 0.000 0.001 0.008 0.000 
25 hammer_vis 30 0.871 0.001 0.960 0.000 0.000 0.260 0.872 0.000 0.000 0.011 0.000 0.000 0.000 0.000 0.000 0.001 0.893 0.720 0.079 0.000 0.001 0.000 0.000 0.000 0.000 0.000 0.000 0.000 0.000 0.000 0.000 0.000 0.001 0.000 0.332 0.067 0.000 0.001 0.011 0.000 0.000 0.000 0.000 0.000 0.000 0.000 0.000 0.000 0.000 0.000 0.000 0.000 0.001 0.001 0.000 0.000 0.318 0.001 
26 screwdriver_vis 30 0.876 0.001 0.264 0.000 0.000 0.922 0.949 0.000 0.000 0.011 0.000 0.000 0.004 0.001 0.000 0.001 0.069 0.875 0.002 0.000 0.010 0.000 0.000 0.000 0.001 0.000 0.000 0.000 0.000 0.000 0.000 0.000 0.001 0.000 0.218 0.031 0.000 0.001 0.025 0.000 0.001 0.000 0.000 0.000 0.000 0.000 0.014 0.000 0.001 0.000 0.000 0.000 0.004 0.047 0.000 0.058 0.004 0.000 
27 chisel_vis 30 0.448 0.001 0.583 0.000 0.000 0.899 0.463 0.000 0.000 0.008 0.000 0.000 0.000 0.000 0.000 0.001 0.314 0.262 0.064 0.000 0.001 0.000 0.000 0.000 0.000 0.000 0.000 0.000 0.000 0.000 0.000 0.000 0.000 0.000 0.126 0.031 0.000 0.001 0.015 0.000 0.000 0.000 0.000 0.000 0.000 0.000 0.001 0.000 0.001 0.000 0.000 0.000 0.001 0.001 0.000 0.000 0.008 0.001 
28 saw_vis 30 0.940 0.001 0.885 0.000 0.000 0.378 0.960 0.000 0.000 0.014 0.000 0.000 0.002 0.001 0.000 0.001 0.753 0.933 0.009 0.000 0.005 0.000 0.000 0.000 0.001 0.000 0.000 0.000 0.000 0.000 0.000 0.000 0.002 0.000 0.337 0.087 0.000 0.001 0.017 0.000 0.001 0.000 0.000 0.000 0.000 0.000 0.003 0.000 0.001 0.000 0.000 0.000 0.003 0.021 0.000 0.005 0.232 0.000 
29 drill_vis 30 0.688 0.001 0.299 0.000 0.000 0.942 0.826 0.000 0.000 0.019 0.000 0.000 0.001 0.000 0.000 0.001 0.120 0.604 0.014 0.000 0.003 0.000 0.000 0.000 0.001 0.000 0.000 0.000 0.000 0.000 0.000 0.000 0.001 0.000 0.213 0.119 0.000 0.001 0.022 0.000 0.000 0.000 0.000 0.000 0.000 0.000 0.010 0.000 0.001 0.000 0.000 0.000 0.002 0.006 0.000 0.001 0.011 0.001 
30 clamp_vis 30 0.964 0.001 0.926 0.000 0.000 0.616 0.990 0.000 0.000 0.148 0.000 0.000 0.001 0.000 0.000 0.001 0.776 0.967 0.011 0.000 0.002 0.000 0.000 0.000 0.000 0.000 0.000 0.000 0.000 0.000 0.000 0.000 0.007 0.000 0.606 0.908 0.000 0.001 0.020 0.001 0.003 0.000 0.000 0.000 0.000 0.000 0.025 0.000 0.001 0.001 0.000 0.000 0.009 0.266 0.001 0.040 0.065 0.001 
31 hoe_vis 30 0.964 0.001 0.824 0.000 0.000 0.674 0.987 0.000 0.000 0.067 0.000 0.000 0.001 0.001 0.000 0.001 0.542 0.972 0.004 0.000 0.004 0.000 0.000 0.000 0.001 0.000 0.000 0.000 0.000 0.000 0.000 0.000 0.004 0.000 0.418 0.637 0.000 0.001 0.022 0.000 0.003 0.000 0.000 0.000 0.000 0.000 0.029 0.000 0.001 0.001 0.000 0.000 0.013 0.292 0.000 0.118 0.014 0.000 
32 rake_vis 30 0.949 0.001 0.953 0.000 0.000 0.686 0.988 0.000 0.000 0.202 0.000 0.000 0.000 0.000 0.000 0.001 0.862 0.906 0.022 0.000 0.001 0.001 0.000 0.000 0.000 0.000 0.000 0.000 0.000 0.000 0.000 0.000 0.005 0.000 0.631 0.948 0.000 0.001 0.018 0.001 0.001 0.000 0.000 0.000 0.000 0.000 0.006 0.000 0.001 0.001 0.000 0.000 0.003 0.026 0.001 0.001 0.257 0.001 
33 shovel_vis 30 0.965 0.001 0.926 0.000 0.000 0.644 0.989 0.000 0.000 0.162 0.000 0.000 0.001 0.000 0.000 0.001 0.767 0.954 0.014 0.000 0.002 0.000 0.000 0.000 0.000 0.000 0.000 0.000 0.000 0.000 0.000 0.000 0.007 0.000 0.626 0.920 0.000 0.001 0.018 0.001 0.003 0.000 0.000 0.000 0.000 0.000 0.022 0.000 0.001 0.001 0.000 0.000 0.007 0.214 0.001 0.030 0.084 0.001 
34 spade_vis 30 0.967 0.001 0.836 0.000 0.000 0.648 0.988 0.000 0.000 0.070 0.000 0.000 0.002 0.001 0.000 0.001 0.574 0.980 0.002 0.000 0.003 0.001 0.000 0.000 0.001 0.000 0.000 0.000 0.000 0.000 0.000 0.000 0.004 0.000 0.406 0.649 0.000 0.002 0.018 0.000 0.004 0.000 0.000 0.000 0.000 0.000 0.035 0.000 0.001 0.001 0.000 0.000 0.021 0.353 0.001 0.135 0.012 0.000 
35 wrench_vis 30 0.964 0.001 0.900 0.000 0.000 0.674 0.989 0.000 0.000 0.142 0.000 0.000 0.001 0.000 0.000 0.001 0.696 0.958 0.012 0.000 0.002 0.000 0.000 0.000 0.000 0.000 0.000 0.000 0.000 0.000 0.000 0.000 0.006 0.000 0.579 0.899 0.000 0.001 0.022 0.001 0.003 0.000 0.000 0.000 0.000 0.000 0.026 0.000 0.001 0.001 0.000 0.000 0.008 0.239 0.001 0.046 0.052 0.000 
36 accordion_vis 30 0.621 0.001 0.025 0.000 0.000 0.970 0.918 0.000 0.000 0.006 0.000 0.000 0.005 0.001 0.000 0.001 0.011 0.679 0.001 0.000 0.013 0.000 0.000 0.000 0.001 0.000 0.000 0.000 0.000 0.000 0.000 0.000 0.001 0.000 0.339 0.015 0.000 0.001 0.036 0.000 0.000 0.000 0.000 0.000 0.000 0.001 0.049 0.000 0.001 0.000 0.000 0.000 0.005 0.116 0.000 0.024 0.002 0.000 
37 cello_vis 30 0.916 0.001 0.934 0.000 0.000 0.393 0.937 0.000 0.000 0.016 0.000 0.000 0.000 0.000 0.000 0.001 0.802 0.860 0.026 0.000 0.002 0.000 0.000 0.000 0.000 0.000 0.000 0.000 0.000 0.000 0.000 0.000 0.001 0.000 0.387 0.086 0.000 0.001 0.009 0.000 0.000 0.000 0.000 0.000 0.000 0.000 0.004 0.000 0.001 0.000 0.000 0.000 0.002 0.038 0.000 0.002 0.068 0.001 
38 flute_vis 30 0.257 0.001 0.041 0.000 0.000 0.970 0.716 0.000 0.000 0.006 0.000 0.000 0.002 0.000 0.000 0.001 0.015 0.102 0.010 0.000 0.004 0.000 0.000 0.000 0.000 0.000 0.000 0.000 0.000 0.000 0.000 0.000 0.000 0.000 0.513 0.015 0.000 0.000 0.075 0.000 0.000 0.000 0.000 0.000 0.000 0.000 0.033 0.000 0.001 0.000 0.000 0.000 0.001 0.015 0.000 0.001 0.007 0.000 
39 guitar_vis 30 0.244 0.001 0.052 0.000 0.000 0.964 0.701 0.000 0.000 0.006 0.000 0.000 0.001 0.000 0.000 0.001 0.020 0.080 0.014 0.000 0.003 0.000 0.000 0.000 0.000 0.000 0.000 0.000 0.000 0.000 0.000 0.000 0.000 0.000 0.530 0.025 0.000 0.001 0.074 0.000 0.000 0.000 0.000 0.000 0.000 0.000 0.017 0.000 0.001 0.000 0.000 0.000 0.001 0.008 0.000 0.000 0.009 0.000 
40 piano_vis 30 0.886 0.001 0.209 0.000 0.000 0.928 0.956 0.000 0.000 0.012 0.000 0.000 0.002 0.001 0.000 0.001 0.053 0.900 0.002 0.000 0.008 0.000 0.000 0.000 0.001 0.000 0.000 0.000 0.000 0.000 0.000 0.000 0.001 0.000 0.241 0.030 0.000 0.001 0.022 0.000 0.001 0.000 0.000 0.000 0.000 0.000 0.025 0.000 0.001 0.000 0.000 0.000 0.005 0.088 0.000 0.097 0.004 0.000 
41 trumpet_vis 30 0.880 0.001 0.961 0.000 0.000 0.682 0.970 0.000 0.000 0.120 0.000 0.000 0.001 0.000 0.000 0.001 0.900 0.712 0.059 0.000 0.001 0.000 0.000 0.000 0.001 0.000 0.000 0.000 0.000 0.000 0.000 0.000 0.003 0.000 0.508 0.905 0.000 0.001 0.020 0.001 0.000 0.000 0.000 0.000 0.000 0.000 0.001 0.000 0.001 0.000 0.000 0.000 0.001 0.001 0.001 0.000 0.310 0.001 
42 fork_vis 30 0.884 0.001 0.749 0.000 0.000 0.768 0.926 0.000 0.000 0.019 0.000 0.000 0.000 0.000 0.000 0.001 0.430 0.836 0.019 0.000 0.001 0.000 0.000 0.000 0.000 0.000 0.000 0.000 0.000 0.000 0.000 0.000 0.001 0.000 0.270 0.110 0.000 0.001 0.011 0.000 0.000 0.000 0.000 0.000 0.000 0.000 0.012 0.000 0.001 0.000 0.000 0.000 0.004 0.052 0.000 0.006 0.017 0.001 
43 spoon_vis 30 0.236 0.001 0.036 0.000 0.000 0.969 0.733 0.000 0.000 0.006 0.000 0.000 0.002 0.000 0.000 0.001 0.012 0.073 0.009 0.000 0.004 0.000 0.000 0.000 0.001 0.000 0.000 0.000 0.000 0.000 0.000 0.000 0.000 0.000 0.552 0.019 0.000 0.001 0.060 0.000 0.000 0.000 0.000 0.000 0.000 0.000 0.027 0.000 0.001 0.000 0.000 0.000 0.001 0.016 0.000 0.001 0.006 0.000 
44 tongs_vis 30 0.933 0.001 0.930 0.000 0.000 0.755 0.984 0.000 0.000 0.160 0.000 0.000 0.000 0.000 0.000 0.001 0.795 0.877 0.028 0.000 0.001 0.000 0.000 0.000 0.000 0.000 0.000 0.000 0.000 0.000 0.000 0.000 0.003 0.000 0.550 0.923 0.000 0.001 0.019 0.001 0.001 0.000 0.000 0.000 0.000 0.000 0.006 0.000 0.001 0.000 0.000 0.000 0.002 0.020 0.001 0.001 0.153 0.001 
45 ladle_vis 30 0.316 0.001 0.060 0.000 0.000 0.965 0.709 0.000 0.000 0.006 0.000 0.000 0.001 0.000 0.000 0.001 0.022 0.145 0.008 0.000 0.002 0.000 0.000 0.000 0.001 0.000 0.000 0.000 0.000 0.000 0.000 0.000 0.000 0.000 0.376 0.020 0.000 0.001 0.025 0.000 0.000 0.000 0.000 0.000 0.000 0.000 0.018 0.000 0.001 0.000 0.000 0.000 0.001 0.012 0.000 0.001 0.007 0.000 
46 knife_vis 30 0.291 0.001 0.062 0.000 0.000 0.963 0.702 0.000 0.000 0.006 0.000 0.000 0.001 0.000 0.000 0.001 0.022 0.124 0.016 0.000 0.002 0.000 0.000 0.000 0.000 0.000 0.000 0.000 0.000 0.000 0.000 0.000 0.000 0.000 0.433 0.022 0.000 0.000 0.043 0.000 0.000 0.000 0.000 0.000 0.000 0.000 0.027 0.000 0.001 0.000 0.000 0.000 0.001 0.012 0.000 0.000 0.007 0.000 
47 chopsticks_vis 30 0.945 0.000 0.918 0.000 0.000 0.614 0.974 0.000 0.000 0.077 0.000 0.000 0.000 0.000 0.000 0.001 0.748 0.884 0.023 0.000 0.001 0.000 0.000 0.000 0.000 0.000 0.000 0.000 0.000 0.000 0.000 0.000 0.003 0.000 0.514 0.751 0.000 0.001 0.009 0.001 0.001 0.000 0.000 0.000 0.000 0.000 0.008 0.000 0.001 0.000 0.000 0.000 0.002 0.058 0.000 0.005 0.058 0.001 
