0 beaver_vis 30 0.020 0.158 0.004 0.001 0.002 0.995 0.005 0.012 0.993 0.019 0.014 0.001 0.792 0.000 0.012 0.001 0.469 0.000 0.000 0.000 0.001 0.006 0.000 0.000 0.003 0.056 0.000 0.002 0.011 0.011 0.002 0.026 0.000 0.000 0.016 0.098 0.011 0.009 0.000 0.002 0.412 0.016 0.186 0.001 0.003 0.086 0.542 0.888 0.153 0.031 0.002 0.709 0.006 0.000 0.001 0.311 0.035 0.001 
1 bear_vis 30 0.007 0.001 0.005 0.001 0.012 0.995 0.378 0.013 0.976 0.004 0.000 0.003 0.001 0.000 0.000 0.001 0.013 0.000 0.000 0.000 0.003 0.000 0.000 0.000 0.001 0.001 0.000 0.002 0.002 0.024 0.435 0.001 0.000 0.000 0.000 0.003 0.038 0.981 0.000 0.017 0.001 0.001 0.011 0.003 0.002 0.001 0.068 0.093 0.004 0.000 0.013 0.985 0.025 0.000 0.000 0.001 0.014 0.000 
2 sheep_vis 30 0.006 0.004 0.001 0.007 0.002 0.995 0.013 0.831 0.905 0.007 0.001 0.000 0.019 0.000 0.001 0.000 0.016 0.000 0.000 0.000 0.000 0.001 0.000 0.000 0.005 0.064 0.000 0.008 0.004 0.006 0.001 0.001 0.000 0.000 0.001 0.180 0.001 0.156 0.000 0.005 0.968 0.002 0.606 0.003 0.011 0.006 0.010 0.600 0.037 0.001 0.002 0.937 0.003 0.000 0.001 0.173 0.005 0.001 
3 buffalo_vis 30 0.005 0.000 0.002 0.001 0.030 0.995 0.808 0.015 0.987 0.007 0.000 0.000 0.001 0.001 0.000 0.000 0.002 0.000 0.000 0.000 0.002 0.000 0.000 0.000 0.001 0.001 0.000 0.003 0.002 0.018 0.029 0.003 0.000 0.000 0.001 0.019 0.008 0.983 0.001 0.002 0.001 0.002 0.100 0.003 0.001 0.000 0.142 0.010 0.027 0.000 0.026 0.801 0.004 0.000 0.000 0.000 0.359 0.000 
4 poodle_vis 30 0.008 0.000 0.007 0.001 0.055 0.995 0.826 0.004 0.877 0.016 0.000 0.000 0.001 0.000 0.000 0.000 0.006 0.000 0.000 0.000 0.004 0.000 0.000 0.000 0.001 0.001 0.000 0.006 0.020 0.038 0.301 0.001 0.000 0.000 0.001 0.044 0.014 0.987 0.000 0.041 0.008 0.001 0.020 0.001 0.002 0.001 0.011 0.135 0.001 0.000 0.002 0.977 0.028 0.000 0.001 0.001 0.022 0.001 
5 giraffe_vis 30 0.009 0.001 0.006 0.001 0.035 0.995 0.717 0.005 0.922 0.009 0.000 0.000 0.001 0.000 0.000 0.000 0.007 0.000 0.000 0.000 0.005 0.000 0.000 0.000 0.001 0.001 0.000 0.003 0.004 0.038 0.399 0.001 0.000 0.000 0.001 0.005 0.025 0.987 0.000 0.022 0.001 0.001 0.016 0.001 0.001 0.001 0.042 0.071 0.001 0.000 0.003 0.977 0.032 0.000 0.000 0.000 0.036 0.001 
6 robin_vis 30 0.005 0.000 0.008 0.001 0.151 0.995 0.983 0.003 0.588 0.061 0.000 0.000 0.001 0.000 0.000 0.000 0.002 0.001 0.001 0.000 0.005 0.001 0.000 0.004 0.001 0.001 0.000 0.007 0.041 0.039 0.008 0.003 0.030 0.000 0.008 0.405 0.001 0.970 0.006 0.032 0.125 0.001 0.007 0.003 0.005 0.000 0.001 0.121 0.069 0.000 0.002 0.319 0.009 0.000 0.001 0.001 0.020 0.003 
7 swan_vis 30 0.005 0.000 0.004 0.001 0.095 0.995 0.824 0.009 0.980 0.010 0.000 0.000 0.001 0.001 0.000 0.000 0.002 0.000 0.001 0.000 0.003 0.000 0.000 0.001 0.001 0.001 0.000 0.005 0.012 0.038 0.047 0.008 0.002 0.000 0.001 0.030 0.001 0.985 0.002 0.011 0.001 0.001 0.061 0.002 0.002 0.000 0.076 0.054 0.025 0.000 0.005 0.860 0.010 0.000 0.000 0.000 0.088 0.001 
8 woodpecker_vis 30 0.004 0.000 0.003 0.001 0.119 0.995 0.751 0.010 0.987 0.007 0.000 0.000 0.001 0.004 0.000 0.000 0.002 0.000 0.003 0.000 0.005 0.000 0.000 0.000 0.001 0.001 0.000 0.003 0.002 0.101 0.072 0.018 0.003 0.000 0.001 0.012 0.002 0.989 0.002 0.001 0.001 0.001 0.066 0.003 0.018 0.000 0.171 0.052 0.027 0.000 0.005 0.934 0.015 0.000 0.000 0.001 0.037 0.000 
9 peacock_vis 30 0.004 0.000 0.004 0.001 0.177 0.995 0.736 0.006 0.981 0.009 0.000 0.000 0.001 0.003 0.000 0.000 0.001 0.000 0.002 0.000 0.008 0.000 0.000 0.001 0.001 0.001 0.000 0.003 0.003 0.123 0.127 0.019 0.005 0.000 0.001 0.010 0.001 0.989 0.001 0.002 0.001 0.001 0.044 0.001 0.024 0.000 0.120 0.089 0.012 0.000 0.003 0.958 0.026 0.000 0.001 0.000 0.014 0.001 
10 crow_vis 30 0.003 0.000 0.002 0.001 0.056 0.995 0.788 0.017 0.990 0.006 0.000 0.000 0.000 0.002 0.000 0.000 0.001 0.000 0.002 0.000 0.002 0.000 0.000 0.000 0.001 0.000 0.000 0.003 0.002 0.025 0.023 0.010 0.001 0.000 0.001 0.016 0.003 0.986 0.008 0.001 0.001 0.001 0.190 0.003 0.002 0.000 0.276 0.010 0.057 0.000 0.023 0.770 0.004 0.000 0.000 0.000 0.290 0.000 
11 eagle_vis 30 0.008 0.000 0.022 0.001 0.134 0.995 0.989 0.001 0.370 0.121 0.034 0.000 0.001 0.000 0.000 0.000 0.004 0.018 0.000 0.000 0.001 0.001 0.000 0.006 0.001 0.002 0.000 0.008 0.675 0.006 0.029 0.001 0.001 0.000 0.002 0.853 0.001 0.856 0.000 0.820 0.518 0.001 0.003 0.001 0.004 0.000 0.001 0.556 0.001 0.000 0.003 0.813 0.028 0.000 0.001 0.001 0.005 0.013 
12 tuna_vis 30 0.005 0.000 0.005 0.001 0.107 0.995 0.965 0.008 0.928 0.105 0.000 0.000 0.002 0.000 0.000 0.000 0.003 0.002 0.000 0.000 0.001 0.002 0.000 0.011 0.001 0.002 0.000 0.012 0.060 0.008 0.004 0.005 0.006 0.000 0.008 0.841 0.001 0.846 0.001 0.066 0.597 0.001 0.012 0.003 0.009 0.001 0.002 0.692 0.002 0.000 0.003 0.887 0.008 0.000 0.001 0.002 0.006 0.003 
13 goldfish_vis 30 0.008 0.000 0.000 0.023 0.003 0.995 0.989 0.975 0.005 0.006 0.002 0.000 0.001 0.000 0.000 0.000 0.002 0.001 0.000 0.000 0.001 0.000 0.001 0.008 0.001 0.002 0.000 0.425 0.003 0.007 0.002 0.001 0.000 0.000 0.009 0.186 0.005 0.928 0.000 0.863 0.963 0.001 0.036 0.030 0.009 0.025 0.001 0.027 0.000 0.000 0.002 0.049 0.004 0.000 0.002 0.001 0.005 0.002 
14 salmon_vis 30 0.004 0.000 0.000 0.003 0.001 0.996 0.235 0.992 0.024 0.002 0.000 0.000 0.001 0.003 0.000 0.000 0.001 0.000 0.001 0.000 0.001 0.000 0.000 0.000 0.010 0.002 0.000 0.015 0.001 0.004 0.002 0.001 0.001 0.000 0.002 0.018 0.002 0.802 0.007 0.001 0.020 0.027 0.887 0.150 0.003 0.001 0.020 0.005 0.001 0.001 0.003 0.032 0.001 0.000 0.001 0.001 0.044 0.000 
15 sardine_vis 30 0.004 0.000 0.000 0.091 0.001 0.996 0.712 0.993 0.017 0.004 0.000 0.000 0.001 0.000 0.024 0.000 0.002 0.000 0.000 0.000 0.000 0.001 0.034 0.010 0.010 0.006 0.000 0.395 0.001 0.007 0.001 0.001 0.000 0.000 0.009 0.292 0.001 0.749 0.001 0.097 0.989 0.002 0.236 0.126 0.015 0.096 0.001 0.029 0.002 0.001 0.001 0.103 0.001 0.000 0.001 0.119 0.002 0.001 
16 catfish_vis 30 0.011 0.000 0.027 0.001 0.086 0.995 0.990 0.001 0.122 0.158 0.193 0.000 0.001 0.000 0.000 0.000 0.005 0.030 0.000 0.001 0.001 0.002 0.000 0.005 0.001 0.002 0.000 0.012 0.582 0.010 0.012 0.001 0.001 0.000 0.003 0.928 0.001 0.922 0.000 0.914 0.818 0.001 0.012 0.001 0.002 0.000 0.001 0.279 0.001 0.000 0.001 0.542 0.012 0.000 0.001 0.001 0.008 0.040 
17 cod_vis 30 0.003 0.000 0.000 0.025 0.001 0.996 0.347 0.994 0.157 0.002 0.000 0.000 0.001 0.000 0.023 0.000 0.001 0.000 0.000 0.000 0.000 0.001 0.012 0.000 0.010 0.003 0.000 0.141 0.001 0.003 0.001 0.000 0.000 0.000 0.002 0.342 0.006 0.134 0.006 0.004 0.970 0.055 0.694 0.884 0.002 0.018 0.002 0.002 0.099 0.235 0.011 0.038 0.001 0.000 0.001 0.059 0.034 0.000 
18 turtle_vis 30 0.007 0.000 0.016 0.001 0.121 0.996 0.981 0.001 0.642 0.130 0.007 0.000 0.001 0.000 0.000 0.000 0.006 0.008 0.000 0.000 0.001 0.000 0.000 0.002 0.001 0.002 0.000 0.005 0.637 0.009 0.028 0.001 0.000 0.000 0.001 0.798 0.001 0.844 0.000 0.570 0.293 0.001 0.012 0.001 0.002 0.000 0.002 0.739 0.001 0.000 0.001 0.933 0.037 0.000 0.001 0.001 0.011 0.004 
19 rattlesnake_vis 30 0.002 0.000 0.002 0.001 0.016 0.996 0.293 0.058 0.993 0.007 0.000 0.000 0.000 0.005 0.000 0.000 0.001 0.000 0.006 0.000 0.001 0.000 0.000 0.000 0.001 0.000 0.000 0.003 0.001 0.017 0.010 0.004 0.001 0.000 0.001 0.021 0.004 0.954 0.004 0.001 0.001 0.002 0.235 0.007 0.001 0.000 0.327 0.003 0.295 0.000 0.101 0.872 0.002 0.000 0.001 0.001 0.201 0.000 
20 crab_vis 30 0.004 0.000 0.009 0.001 0.203 0.995 0.632 0.002 0.932 0.010 0.000 0.000 0.000 0.000 0.000 0.000 0.002 0.000 0.001 0.000 0.014 0.000 0.000 0.001 0.001 0.001 0.000 0.003 0.004 0.017 0.558 0.002 0.006 0.000 0.001 0.008 0.001 0.983 0.000 0.005 0.001 0.001 0.006 0.002 0.024 0.000 0.010 0.101 0.001 0.000 0.003 0.952 0.071 0.000 0.001 0.000 0.003 0.000 
21 frog_vis 30 0.004 0.000 0.004 0.001 0.197 0.996 0.667 0.004 0.979 0.024 0.000 0.000 0.001 0.002 0.000 0.000 0.002 0.000 0.003 0.000 0.004 0.000 0.000 0.001 0.001 0.001 0.000 0.005 0.006 0.040 0.092 0.014 0.011 0.000 0.002 0.061 0.001 0.983 0.001 0.002 0.010 0.001 0.046 0.001 0.013 0.000 0.043 0.142 0.005 0.000 0.001 0.942 0.015 0.000 0.001 0.001 0.014 0.001 
22 gecko_vis 30 0.003 0.000 0.004 0.001 0.076 0.995 0.700 0.006 0.969 0.006 0.000 0.000 0.000 0.000 0.000 0.000 0.001 0.000 0.000 0.000 0.006 0.000 0.000 0.000 0.001 0.000 0.000 0.003 0.001 0.052 0.254 0.003 0.001 0.000 0.001 0.006 0.005 0.992 0.001 0.003 0.001 0.001 0.014 0.003 0.007 0.000 0.068 0.030 0.004 0.000 0.003 0.974 0.021 0.000 0.001 0.000 0.017 0.000 
23 crocodile_vis 30 0.005 0.000 0.006 0.001 0.058 0.995 0.771 0.005 0.907 0.005 0.000 0.000 0.000 0.000 0.000 0.000 0.003 0.000 0.000 0.000 0.007 0.000 0.000 0.000 0.001 0.000 0.000 0.004 0.002 0.047 0.456 0.001 0.000 0.000 0.001 0.005 0.020 0.992 0.000 0.023 0.001 0.001 0.011 0.002 0.003 0.001 0.030 0.064 0.001 0.000 0.003 0.982 0.035 0.000 0.000 0.000 0.015 0.000 
24 axe_vis 30 0.002 0.001 0.002 0.001 0.001 0.996 0.004 0.405 0.995 0.003 0.000 0.001 0.001 0.018 0.000 0.000 0.002 0.000 0.023 0.000 0.001 0.000 0.000 0.000 0.001 0.001 0.000 0.002 0.001 0.004 0.005 0.000 0.000 0.000 0.001 0.007 0.003 0.694 0.001 0.001 0.001 0.008 0.315 0.049 0.001 0.001 0.454 0.002 0.840 0.005 0.742 0.978 0.001 0.001 0.000 0.003 0.085 0.000 
25 hammer_vis 30 0.002 0.000 0.001 0.001 0.028 0.996 0.984 0.006 0.988 0.023 0.000 0.000 0.001 0.000 0.000 0.000 0.001 0.000 0.000 0.000 0.001 0.000 0.000 0.000 0.001 0.001 0.000 0.004 0.001 0.011 0.001 0.031 0.000 0.000 0.033 0.752 0.001 0.939 0.006 0.002 0.004 0.002 0.201 0.001 0.001 0.000 0.013 0.005 0.078 0.001 0.007 0.728 0.001 0.000 0.000 0.001 0.528 0.000 
26 screwdriver_vis 30 0.002 0.000 0.002 0.001 0.004 0.996 0.210 0.071 0.992 0.004 0.000 0.000 0.000 0.001 0.000 0.000 0.002 0.000 0.001 0.000 0.001 0.000 0.000 0.000 0.001 0.000 0.000 0.002 0.001 0.005 0.021 0.001 0.000 0.000 0.001 0.009 0.013 0.871 0.001 0.001 0.001 0.004 0.100 0.012 0.000 0.000 0.173 0.002 0.113 0.001 0.421 0.809 0.001 0.000 0.000 0.000 0.329 0.000 
27 chisel_vis 30 0.002 0.000 0.002 0.001 0.006 0.996 0.078 0.243 0.994 0.003 0.000 0.000 0.000 0.012 0.000 0.000 0.001 0.000 0.014 0.000 0.001 0.000 0.000 0.000 0.001 0.000 0.000 0.002 0.001 0.008 0.010 0.001 0.000 0.000 0.001 0.009 0.003 0.888 0.001 0.001 0.001 0.003 0.255 0.025 0.001 0.000 0.408 0.002 0.607 0.001 0.437 0.959 0.001 0.000 0.000 0.001 0.121 0.000 
28 saw_vis 30 0.003 0.000 0.002 0.001 0.018 0.996 0.991 0.005 0.971 0.020 0.000 0.000 0.000 0.000 0.000 0.000 0.002 0.000 0.000 0.000 0.001 0.000 0.000 0.000 0.001 0.001 0.000 0.004 0.002 0.010 0.001 0.003 0.000 0.000 0.005 0.823 0.142 0.839 0.002 0.007 0.002 0.003 0.026 0.003 0.001 0.000 0.004 0.002 0.079 0.001 0.016 0.550 0.001 0.000 0.001 0.001 0.393 0.000 
29 drill_vis 30 0.003 0.000 0.003 0.001 0.009 0.996 0.842 0.020 0.986 0.032 0.000 0.000 0.000 0.000 0.000 0.000 0.003 0.000 0.000 0.000 0.001 0.000 0.000 0.000 0.001 0.001 0.000 0.003 0.002 0.013 0.013 0.001 0.000 0.000 0.008 0.078 0.035 0.902 0.000 0.002 0.001 0.076 0.022 0.002 0.001 0.000 0.079 0.001 0.035 0.001 0.011 0.745 0.003 0.000 0.000 0.000 0.763 0.000 
30 clamp_vis 30 0.002 0.000 0.000 0.003 0.001 0.996 0.002 0.993 0.149 0.001 0.000 0.000 0.001 0.000 0.000 0.000 0.002 0.000 0.001 0.000 0.000 0.000 0.000 0.000 0.007 0.061 0.000 0.004 0.000 0.002 0.001 0.001 0.000 0.000 0.001 0.006 0.002 0.006 0.000 0.000 0.191 0.020 0.910 0.020 0.012 0.003 0.006 0.003 0.001 0.001 0.001 0.157 0.001 0.000 0.001 0.001 0.001 0.000 
31 hoe_vis 30 0.002 0.000 0.000 0.001 0.001 0.996 0.001 0.994 0.110 0.001 0.000 0.002 0.000 0.001 0.000 0.002 0.016 0.000 0.001 0.000 0.001 0.000 0.000 0.000 0.003 0.010 0.001 0.002 0.001 0.002 0.001 0.000 0.000 0.000 0.001 0.002 0.096 0.007 0.000 0.000 0.001 0.980 0.141 0.016 0.005 0.289 0.328 0.001 0.002 0.004 0.003 0.032 0.001 0.000 0.001 0.001 0.009 0.000 
32 rake_vis 30 0.002 0.000 0.000 0.002 0.001 0.996 0.001 0.992 0.047 0.001 0.000 0.001 0.001 0.001 0.000 0.000 0.002 0.000 0.003 0.000 0.001 0.000 0.000 0.000 0.007 0.052 0.000 0.003 0.000 0.002 0.001 0.001 0.000 0.000 0.000 0.002 0.001 0.023 0.000 0.000 0.308 0.003 0.966 0.008 0.034 0.013 0.018 0.048 0.001 0.000 0.001 0.488 0.001 0.000 0.001 0.004 0.001 0.000 
33 shovel_vis 30 0.002 0.000 0.000 0.001 0.001 0.996 0.001 0.994 0.158 0.001 0.000 0.001 0.000 0.003 0.000 0.000 0.001 0.000 0.006 0.000 0.001 0.000 0.000 0.000 0.006 0.009 0.000 0.003 0.000 0.002 0.001 0.000 0.000 0.000 0.000 0.002 0.001 0.019 0.000 0.000 0.003 0.313 0.831 0.013 0.015 0.015 0.133 0.001 0.001 0.000 0.001 0.093 0.001 0.000 0.001 0.001 0.002 0.000 
34 spade_vis 30 0.002 0.000 0.000 0.002 0.001 0.996 0.001 0.994 0.357 0.002 0.000 0.000 0.000 0.001 0.000 0.000 0.002 0.000 0.001 0.000 0.001 0.000 0.000 0.000 0.005 0.008 0.000 0.003 0.000 0.002 0.001 0.000 0.000 0.000 0.000 0.002 0.002 0.020 0.000 0.000 0.037 0.281 0.929 0.309 0.005 0.003 0.020 0.001 0.002 0.001 0.018 0.226 0.001 0.000 0.001 0.002 0.009 0.000 
35 wrench_vis 30 0.002 0.000 0.000 0.001 0.001 0.996 0.001 0.994 0.136 0.001 0.000 0.001 0.001 0.017 0.000 0.000 0.007 0.000 0.017 0.000 0.001 0.000 0.000 0.000 0.037 0.014 0.001 0.002 0.000 0.003 0.001 0.001 0.000 0.000 0.001 0.001 0.004 0.012 0.000 0.000 0.003 0.239 0.318 0.002 0.326 0.923 0.833 0.001 0.002 0.001 0.001 0.071 0.002 0.000 0.001 0.005 0.002 0.000 
36 accordion_vis 30 0.002 0.019 0.002 0.001 0.001 0.995 0.002 0.086 0.992 0.004 0.000 0.005 0.001 0.019 0.004 0.000 0.006 0.000 0.018 0.000 0.001 0.000 0.000 0.000 0.001 0.001 0.000 0.002 0.001 0.023 0.002 0.001 0.000 0.000 0.003 0.002 0.018 0.333 0.000 0.001 0.002 0.013 0.005 0.006 0.001 0.356 0.544 0.001 0.833 0.002 0.019 0.443 0.002 0.001 0.000 0.206 0.008 0.000 
37 cello_vis 30 0.003 0.014 0.005 0.001 0.001 0.996 0.001 0.013 0.812 0.007 0.007 0.009 0.002 0.000 0.000 0.010 0.050 0.000 0.000 0.003 0.001 0.000 0.000 0.000 0.001 0.001 0.000 0.002 0.001 0.002 0.010 0.000 0.000 0.000 0.000 0.002 0.051 0.049 0.000 0.018 0.001 0.002 0.005 0.010 0.001 0.001 0.014 0.049 0.014 0.000 0.054 0.335 0.006 0.000 0.000 0.001 0.010 0.000 
38 flute_vis 30 0.002 0.002 0.002 0.001 0.001 0.996 0.002 0.027 0.994 0.001 0.000 0.002 0.002 0.004 0.000 0.000 0.002 0.000 0.012 0.000 0.001 0.000 0.000 0.000 0.001 0.004 0.000 0.002 0.001 0.003 0.001 0.001 0.000 0.000 0.000 0.003 0.001 0.422 0.000 0.000 0.002 0.002 0.097 0.006 0.002 0.001 0.102 0.023 0.259 0.001 0.016 0.984 0.001 0.001 0.000 0.006 0.002 0.000 
39 guitar_vis 30 0.002 0.014 0.002 0.001 0.001 0.996 0.002 0.137 0.989 0.004 0.000 0.003 0.001 0.017 0.006 0.000 0.003 0.000 0.017 0.000 0.001 0.000 0.000 0.000 0.001 0.001 0.000 0.002 0.001 0.022 0.001 0.001 0.000 0.000 0.003 0.003 0.018 0.288 0.000 0.001 0.003 0.020 0.019 0.004 0.001 0.309 0.398 0.001 0.913 0.006 0.023 0.335 0.001 0.001 0.001 0.194 0.014 0.000 
40 piano_vis 30 0.003 0.004 0.007 0.001 0.001 0.995 0.031 0.244 0.995 0.002 0.001 0.028 0.001 0.000 0.000 0.003 0.033 0.000 0.000 0.009 0.001 0.000 0.000 0.000 0.001 0.002 0.000 0.002 0.002 0.001 0.443 0.000 0.000 0.000 0.000 0.001 0.036 0.374 0.000 0.098 0.000 0.029 0.002 0.912 0.001 0.000 0.090 0.003 0.100 0.001 0.991 0.978 0.026 0.005 0.000 0.001 0.006 0.000 
41 trumpet_vis 30 0.002 0.010 0.005 0.001 0.001 0.996 0.001 0.006 0.701 0.022 0.003 0.006 0.001 0.000 0.000 0.010 0.028 0.000 0.000 0.005 0.001 0.000 0.000 0.000 0.001 0.006 0.000 0.002 0.001 0.002 0.004 0.000 0.000 0.000 0.000 0.002 0.002 0.112 0.000 0.001 0.001 0.001 0.006 0.003 0.001 0.001 0.009 0.018 0.006 0.000 0.004 0.962 0.033 0.000 0.000 0.017 0.001 0.000 
42 fork_vis 30 0.002 0.000 0.008 0.001 0.044 0.996 0.002 0.001 0.019 0.992 0.000 0.000 0.001 0.000 0.000 0.001 0.002 0.000 0.001 0.000 0.071 0.000 0.000 0.000 0.001 0.000 0.001 0.001 0.001 0.002 0.280 0.000 0.001 0.000 0.000 0.002 0.006 0.017 0.000 0.001 0.000 0.265 0.003 0.001 0.001 0.000 0.024 0.001 0.001 0.000 0.002 0.012 0.732 0.002 0.075 0.001 0.523 0.000 
43 spoon_vis 30 0.002 0.010 0.002 0.001 0.001 0.996 0.001 0.025 0.977 0.985 0.000 0.000 0.004 0.240 0.000 0.014 0.005 0.000 0.030 0.000 0.001 0.000 0.000 0.000 0.003 0.001 0.000 0.001 0.001 0.004 0.002 0.000 0.000 0.000 0.000 0.002 0.007 0.016 0.000 0.000 0.000 0.758 0.127 0.001 0.001 0.001 0.959 0.001 0.048 0.005 0.009 0.033 0.054 0.042 0.001 0.249 0.865 0.000 
44 tongs_vis 30 0.002 0.000 0.005 0.001 0.021 0.996 0.004 0.002 0.011 0.991 0.001 0.000 0.071 0.000 0.000 0.000 0.002 0.010 0.000 0.000 0.001 0.000 0.000 0.000 0.001 0.004 0.009 0.002 0.030 0.005 0.001 0.065 0.001 0.000 0.017 0.061 0.001 0.011 0.000 0.000 0.003 0.006 0.012 0.001 0.011 0.001 0.004 0.029 0.001 0.000 0.001 0.041 0.811 0.000 0.275 0.056 0.019 0.013 
45 ladle_vis 30 0.002 0.008 0.002 0.001 0.001 0.996 0.001 0.010 0.628 0.948 0.000 0.000 0.012 0.027 0.000 0.008 0.005 0.000 0.017 0.000 0.001 0.000 0.000 0.000 0.001 0.001 0.000 0.002 0.001 0.004 0.001 0.000 0.000 0.000 0.001 0.002 0.001 0.020 0.000 0.000 0.001 0.056 0.024 0.001 0.002 0.003 0.610 0.001 0.025 0.002 0.002 0.360 0.270 0.001 0.001 0.728 0.019 0.000 
46 knife_vis 30 0.002 0.009 0.002 0.001 0.001 0.996 0.001 0.085 0.992 0.990 0.000 0.000 0.005 0.236 0.000 0.008 0.006 0.000 0.031 0.000 0.001 0.000 0.000 0.000 0.001 0.001 0.000 0.001 0.001 0.011 0.001 0.000 0.000 0.000 0.000 0.002 0.003 0.071 0.000 0.000 0.000 0.942 0.183 0.001 0.001 0.001 0.967 0.001 0.354 0.005 0.004 0.352 0.087 0.034 0.002 0.738 0.892 0.000 
47 chopsticks_vis 30 0.002 0.002 0.005 0.001 0.002 0.996 0.001 0.001 0.239 0.992 0.007 0.000 0.461 0.000 0.000 0.001 0.009 0.000 0.001 0.000 0.001 0.007 0.000 0.000 0.001 0.019 0.001 0.001 0.003 0.003 0.001 0.001 0.000 0.000 0.001 0.006 0.001 0.004 0.000 0.000 0.006 0.019 0.008 0.001 0.003 0.001 0.011 0.039 0.002 0.001 0.001 0.223 0.437 0.001 0.014 0.928 0.012 0.001 
