0 beaver_vis 30 0.976 0.001 0.001 0.032 0.963 0.410 0.000 0.264 0.000 0.007 0.001 0.000 0.000 0.001 0.001 0.026 0.171 0.000 0.002 0.002 0.000 0.000 0.001 0.001 0.001 0.001 0.007 0.001 0.088 0.007 0.148 0.001 0.002 0.002 0.000 0.680 0.000 0.011 0.000 0.000 0.886 0.000 0.008 0.017 0.492 0.001 0.000 0.002 0.001 0.000 0.002 0.080 0.001 0.001 0.001 0.000 0.000 0.000 
1 bear_vis 30 0.989 0.007 0.000 0.976 0.064 0.010 0.000 0.012 0.000 0.008 0.000 0.001 0.000 0.004 0.000 0.026 0.002 0.000 0.002 0.001 0.000 0.000 0.720 0.108 0.001 0.002 0.443 0.000 0.004 0.001 0.001 0.001 0.003 0.014 0.000 0.086 0.000 0.004 0.000 0.000 0.389 0.001 0.001 0.001 0.011 0.000 0.000 0.000 0.001 0.003 0.001 0.001 0.000 0.001 0.001 0.000 0.000 0.000 
2 sheep_vis 30 0.988 0.047 0.001 0.966 0.113 0.526 0.000 0.009 0.001 0.510 0.001 0.001 0.000 0.117 0.002 0.047 0.004 0.000 0.001 0.004 0.000 0.000 0.750 0.351 0.001 0.002 0.067 0.001 0.005 0.002 0.010 0.001 0.008 0.017 0.000 0.310 0.000 0.322 0.000 0.002 0.840 0.001 0.001 0.007 0.007 0.007 0.000 0.001 0.011 0.005 0.001 0.002 0.001 0.001 0.049 0.000 0.010 0.000 
3 buffalo_vis 30 0.987 0.022 0.000 0.977 0.110 0.003 0.000 0.057 0.000 0.004 0.001 0.001 0.000 0.004 0.000 0.045 0.005 0.000 0.001 0.000 0.000 0.000 0.899 0.018 0.001 0.001 0.822 0.001 0.007 0.002 0.001 0.001 0.003 0.027 0.000 0.065 0.000 0.002 0.000 0.000 0.242 0.008 0.001 0.010 0.012 0.000 0.000 0.000 0.001 0.001 0.005 0.001 0.000 0.007 0.000 0.000 0.000 0.000 
4 poodle_vis 30 0.989 0.009 0.001 0.969 0.114 0.091 0.000 0.015 0.000 0.024 0.001 0.000 0.000 0.004 0.001 0.170 0.014 0.000 0.001 0.001 0.000 0.000 0.206 0.185 0.001 0.003 0.081 0.001 0.010 0.001 0.002 0.001 0.002 0.003 0.000 0.150 0.000 0.003 0.000 0.000 0.468 0.000 0.001 0.003 0.032 0.000 0.000 0.000 0.001 0.001 0.001 0.001 0.000 0.001 0.002 0.000 0.000 0.000 
5 giraffe_vis 30 0.987 0.020 0.000 0.978 0.105 0.003 0.000 0.055 0.000 0.004 0.001 0.000 0.000 0.005 0.000 0.054 0.005 0.000 0.001 0.000 0.000 0.000 0.888 0.023 0.001 0.001 0.814 0.001 0.007 0.002 0.001 0.001 0.003 0.026 0.000 0.073 0.000 0.002 0.000 0.000 0.271 0.006 0.001 0.008 0.013 0.000 0.000 0.000 0.001 0.001 0.004 0.001 0.000 0.006 0.000 0.000 0.000 0.000 
6 robin_vis 30 0.963 0.027 0.445 0.007 0.143 0.755 0.000 0.001 0.000 0.911 0.028 0.000 0.000 0.000 0.002 0.027 0.753 0.001 0.139 0.012 0.000 0.238 0.001 0.000 0.001 0.004 0.001 0.000 0.002 0.111 0.000 0.001 0.002 0.000 0.000 0.311 0.000 0.000 0.000 0.000 0.001 0.000 0.001 0.000 0.001 0.000 0.001 0.002 0.000 0.000 0.002 0.131 0.659 0.010 0.000 0.000 0.005 0.005 
7 swan_vis 30 0.487 0.001 0.001 0.260 0.091 0.846 0.001 0.002 0.002 0.825 0.001 0.000 0.000 0.001 0.001 0.017 0.019 0.000 0.004 0.003 0.000 0.000 0.009 0.008 0.001 0.003 0.004 0.001 0.005 0.001 0.001 0.002 0.004 0.001 0.000 0.814 0.000 0.009 0.000 0.001 0.423 0.000 0.001 0.001 0.017 0.002 0.000 0.001 0.001 0.002 0.002 0.330 0.001 0.001 0.042 0.000 0.006 0.000 
8 woodpecker_vis 30 0.933 0.014 0.279 0.013 0.414 0.820 0.000 0.000 0.000 0.916 0.008 0.000 0.000 0.000 0.001 0.024 0.429 0.000 0.152 0.019 0.000 0.066 0.001 0.000 0.001 0.005 0.001 0.000 0.002 0.152 0.000 0.002 0.014 0.000 0.000 0.629 0.000 0.000 0.000 0.000 0.002 0.001 0.001 0.000 0.001 0.000 0.000 0.001 0.001 0.000 0.003 0.214 0.583 0.003 0.001 0.000 0.015 0.002 
9 peacock_vis 30 0.918 0.003 0.046 0.041 0.869 0.649 0.002 0.000 0.003 0.414 0.001 0.000 0.000 0.001 0.001 0.029 0.761 0.001 0.071 0.029 0.000 0.000 0.001 0.000 0.001 0.012 0.001 0.001 0.009 0.137 0.001 0.017 0.010 0.000 0.000 0.938 0.000 0.000 0.000 0.001 0.025 0.000 0.064 0.000 0.001 0.000 0.000 0.011 0.001 0.000 0.060 0.825 0.087 0.001 0.001 0.000 0.001 0.001 
10 crow_vis 30 0.385 0.002 0.001 0.368 0.040 0.780 0.003 0.002 0.009 0.619 0.001 0.000 0.000 0.001 0.001 0.054 0.033 0.000 0.004 0.001 0.000 0.000 0.015 0.009 0.001 0.006 0.011 0.001 0.005 0.002 0.001 0.001 0.003 0.001 0.000 0.827 0.000 0.001 0.001 0.001 0.210 0.000 0.002 0.001 0.030 0.000 0.000 0.008 0.001 0.003 0.005 0.126 0.001 0.001 0.005 0.000 0.003 0.002 
11 eagle_vis 30 0.956 0.011 0.291 0.009 0.422 0.855 0.000 0.000 0.000 0.940 0.007 0.000 0.000 0.000 0.002 0.013 0.772 0.001 0.059 0.016 0.000 0.145 0.001 0.000 0.001 0.003 0.001 0.000 0.002 0.208 0.000 0.001 0.003 0.000 0.000 0.486 0.000 0.000 0.000 0.000 0.001 0.000 0.006 0.000 0.001 0.000 0.000 0.001 0.001 0.000 0.002 0.530 0.833 0.002 0.000 0.000 0.002 0.001 
12 tuna_vis 30 0.988 0.010 0.001 0.970 0.146 0.570 0.001 0.003 0.001 0.066 0.000 0.001 0.000 0.084 0.001 0.003 0.002 0.000 0.001 0.003 0.000 0.000 0.912 0.764 0.001 0.001 0.011 0.001 0.002 0.006 0.008 0.001 0.066 0.007 0.000 0.031 0.000 0.707 0.000 0.001 0.345 0.001 0.000 0.006 0.007 0.021 0.000 0.000 0.028 0.004 0.001 0.001 0.000 0.001 0.137 0.000 0.027 0.000 
13 goldfish_vis 30 0.987 0.353 0.001 0.963 0.138 0.013 0.000 0.017 0.003 0.008 0.000 0.017 0.000 0.951 0.001 0.007 0.001 0.000 0.001 0.003 0.001 0.000 0.959 0.938 0.001 0.001 0.546 0.000 0.003 0.004 0.015 0.001 0.117 0.292 0.000 0.033 0.000 0.952 0.000 0.002 0.936 0.007 0.000 0.019 0.008 0.059 0.000 0.000 0.643 0.301 0.001 0.001 0.000 0.044 0.013 0.000 0.133 0.000 
14 salmon_vis 30 0.986 0.240 0.001 0.966 0.195 0.063 0.001 0.021 0.002 0.033 0.000 0.006 0.000 0.935 0.002 0.008 0.001 0.000 0.001 0.003 0.001 0.000 0.962 0.938 0.001 0.001 0.255 0.000 0.003 0.008 0.027 0.001 0.169 0.143 0.000 0.044 0.000 0.949 0.000 0.003 0.910 0.007 0.001 0.033 0.010 0.090 0.000 0.000 0.566 0.133 0.001 0.001 0.000 0.014 0.071 0.000 0.157 0.000 
15 sardine_vis 30 0.983 0.574 0.001 0.965 0.150 0.017 0.000 0.038 0.004 0.024 0.000 0.030 0.000 0.968 0.002 0.024 0.001 0.000 0.001 0.007 0.001 0.000 0.963 0.954 0.001 0.001 0.642 0.000 0.003 0.005 0.024 0.001 0.146 0.467 0.000 0.081 0.000 0.958 0.000 0.004 0.969 0.014 0.001 0.046 0.011 0.097 0.000 0.001 0.789 0.419 0.001 0.001 0.000 0.061 0.030 0.000 0.281 0.000 
16 catfish_vis 30 0.988 0.005 0.001 0.278 0.953 0.026 0.001 0.008 0.001 0.006 0.000 0.004 0.000 0.466 0.001 0.001 0.001 0.000 0.001 0.002 0.001 0.000 0.854 0.153 0.000 0.001 0.028 0.000 0.007 0.139 0.635 0.001 0.645 0.249 0.000 0.062 0.000 0.936 0.000 0.001 0.837 0.004 0.000 0.080 0.010 0.021 0.000 0.000 0.084 0.006 0.001 0.001 0.000 0.001 0.086 0.000 0.013 0.000 
17 cod_vis 30 0.985 0.297 0.001 0.963 0.216 0.025 0.000 0.025 0.003 0.015 0.000 0.011 0.000 0.946 0.001 0.007 0.001 0.000 0.001 0.003 0.001 0.000 0.963 0.928 0.001 0.001 0.432 0.000 0.003 0.006 0.022 0.001 0.159 0.283 0.000 0.045 0.000 0.944 0.000 0.002 0.937 0.009 0.000 0.027 0.009 0.067 0.000 0.000 0.660 0.235 0.001 0.001 0.000 0.028 0.029 0.000 0.140 0.000 
18 turtle_vis 30 0.439 0.212 0.001 0.833 0.202 0.810 0.008 0.979 0.002 0.003 0.019 0.001 0.000 0.932 0.706 0.021 0.016 0.000 0.001 0.000 0.010 0.001 0.973 0.034 0.016 0.000 0.929 0.010 0.026 0.239 0.097 0.001 0.027 0.714 0.001 0.417 0.834 0.955 0.000 0.002 0.967 0.944 0.006 0.977 0.078 0.001 0.002 0.000 0.842 0.001 0.054 0.001 0.002 0.961 0.001 0.001 0.001 0.000 
19 rattlesnake_vis 30 0.029 0.007 0.001 0.560 0.167 0.951 0.001 0.978 0.002 0.010 0.010 0.000 0.000 0.189 0.097 0.048 0.058 0.000 0.001 0.000 0.004 0.001 0.970 0.003 0.001 0.000 0.873 0.001 0.032 0.106 0.022 0.001 0.009 0.343 0.002 0.710 0.110 0.584 0.000 0.000 0.967 0.954 0.009 0.974 0.153 0.001 0.001 0.000 0.192 0.001 0.374 0.001 0.003 0.925 0.001 0.000 0.002 0.000 
20 crab_vis 30 0.986 0.130 0.001 0.962 0.151 0.116 0.001 0.007 0.001 0.024 0.000 0.004 0.000 0.860 0.001 0.002 0.001 0.000 0.001 0.003 0.001 0.000 0.955 0.921 0.001 0.001 0.105 0.000 0.002 0.007 0.018 0.001 0.147 0.067 0.000 0.028 0.000 0.946 0.000 0.002 0.814 0.004 0.000 0.019 0.007 0.080 0.000 0.000 0.364 0.064 0.001 0.001 0.000 0.005 0.080 0.000 0.128 0.000 
21 frog_vis 30 0.071 0.103 0.001 0.725 0.184 0.934 0.020 0.979 0.007 0.006 0.012 0.000 0.000 0.941 0.709 0.021 0.015 0.000 0.001 0.000 0.021 0.001 0.974 0.031 0.004 0.000 0.910 0.004 0.017 0.325 0.108 0.001 0.024 0.713 0.001 0.431 0.784 0.965 0.000 0.004 0.971 0.965 0.006 0.975 0.128 0.001 0.002 0.000 0.871 0.001 0.085 0.001 0.003 0.965 0.001 0.001 0.003 0.000 
22 gecko_vis 30 0.981 0.080 0.001 0.973 0.157 0.349 0.004 0.010 0.002 0.224 0.000 0.002 0.000 0.515 0.004 0.013 0.004 0.000 0.001 0.013 0.001 0.000 0.946 0.917 0.002 0.007 0.039 0.001 0.002 0.011 0.021 0.002 0.280 0.012 0.001 0.129 0.000 0.885 0.000 0.011 0.694 0.003 0.001 0.024 0.013 0.045 0.000 0.001 0.280 0.031 0.001 0.003 0.001 0.005 0.390 0.000 0.213 0.000 
23 crocodile_vis 30 0.987 0.001 0.001 0.068 0.978 0.278 0.008 0.078 0.001 0.043 0.000 0.000 0.000 0.229 0.001 0.001 0.002 0.000 0.001 0.003 0.019 0.000 0.847 0.059 0.001 0.001 0.004 0.001 0.008 0.409 0.889 0.002 0.856 0.160 0.004 0.114 0.000 0.935 0.000 0.002 0.875 0.010 0.000 0.376 0.105 0.028 0.000 0.000 0.064 0.002 0.001 0.003 0.001 0.001 0.518 0.000 0.016 0.000 
24 axe_vis 30 0.006 0.001 0.001 0.101 0.034 0.916 0.888 0.007 0.004 0.129 0.000 0.000 0.001 0.001 0.019 0.007 0.027 0.005 0.001 0.001 0.001 0.001 0.005 0.001 0.023 0.012 0.001 0.055 0.001 0.030 0.002 0.002 0.005 0.000 0.865 0.087 0.016 0.001 0.009 0.013 0.007 0.001 0.267 0.005 0.066 0.001 0.001 0.005 0.003 0.001 0.184 0.122 0.171 0.003 0.006 0.002 0.002 0.020 
25 hammer_vis 30 0.019 0.000 0.000 0.011 0.117 0.940 0.560 0.006 0.001 0.048 0.000 0.000 0.000 0.000 0.001 0.006 0.167 0.004 0.001 0.000 0.000 0.000 0.001 0.000 0.006 0.002 0.001 0.004 0.007 0.006 0.001 0.003 0.001 0.000 0.001 0.615 0.218 0.000 0.000 0.000 0.003 0.000 0.054 0.003 0.004 0.000 0.000 0.002 0.000 0.000 0.162 0.020 0.040 0.000 0.001 0.000 0.000 0.001 
26 screwdriver_vis 30 0.006 0.000 0.001 0.092 0.021 0.935 0.505 0.011 0.005 0.392 0.001 0.000 0.001 0.000 0.003 0.008 0.010 0.002 0.002 0.001 0.003 0.000 0.002 0.017 0.006 0.211 0.001 0.006 0.003 0.005 0.002 0.004 0.007 0.000 0.176 0.074 0.002 0.001 0.856 0.003 0.004 0.001 0.030 0.002 0.245 0.002 0.000 0.005 0.001 0.003 0.018 0.359 0.019 0.001 0.543 0.000 0.001 0.118 
27 chisel_vis 30 0.005 0.000 0.001 0.138 0.017 0.945 0.016 0.012 0.034 0.530 0.000 0.002 0.000 0.000 0.001 0.011 0.014 0.001 0.016 0.000 0.005 0.000 0.001 0.023 0.009 0.265 0.001 0.002 0.008 0.002 0.001 0.015 0.017 0.000 0.006 0.159 0.001 0.000 0.676 0.001 0.003 0.001 0.021 0.001 0.191 0.001 0.000 0.004 0.001 0.058 0.024 0.049 0.010 0.001 0.489 0.000 0.001 0.018 
28 saw_vis 30 0.004 0.000 0.001 0.176 0.028 0.956 0.032 0.017 0.001 0.895 0.001 0.000 0.000 0.000 0.000 0.003 0.013 0.001 0.006 0.000 0.000 0.000 0.031 0.000 0.130 0.006 0.001 0.002 0.003 0.005 0.000 0.008 0.017 0.000 0.080 0.132 0.001 0.000 0.001 0.000 0.001 0.012 0.038 0.001 0.033 0.000 0.000 0.001 0.000 0.001 0.203 0.024 0.059 0.001 0.275 0.018 0.001 0.001 
29 drill_vis 30 0.005 0.000 0.001 0.330 0.029 0.956 0.002 0.050 0.002 0.870 0.001 0.000 0.001 0.000 0.000 0.001 0.005 0.002 0.030 0.000 0.000 0.001 0.051 0.000 0.426 0.016 0.005 0.002 0.004 0.004 0.001 0.045 0.023 0.001 0.014 0.076 0.002 0.000 0.001 0.000 0.001 0.183 0.024 0.002 0.061 0.000 0.002 0.000 0.001 0.002 0.475 0.010 0.020 0.002 0.159 0.042 0.000 0.001 
30 clamp_vis 30 0.004 0.000 0.000 0.120 0.029 0.914 0.856 0.013 0.001 0.073 0.000 0.000 0.007 0.000 0.001 0.001 0.005 0.030 0.001 0.000 0.000 0.000 0.001 0.001 0.065 0.037 0.000 0.137 0.001 0.008 0.001 0.004 0.003 0.000 0.912 0.015 0.017 0.000 0.139 0.000 0.001 0.001 0.322 0.001 0.127 0.000 0.000 0.001 0.000 0.000 0.112 0.123 0.070 0.000 0.041 0.008 0.000 0.030 
31 hoe_vis 30 0.004 0.000 0.001 0.031 0.070 0.970 0.964 0.006 0.947 0.002 0.000 0.000 0.029 0.000 0.001 0.001 0.002 0.005 0.001 0.001 0.001 0.001 0.001 0.009 0.021 0.007 0.001 0.053 0.001 0.327 0.001 0.010 0.002 0.001 0.969 0.002 0.318 0.001 0.067 0.002 0.001 0.001 0.787 0.001 0.001 0.430 0.222 0.045 0.008 0.003 0.653 0.893 0.019 0.001 0.012 0.016 0.000 0.012 
32 rake_vis 30 0.003 0.000 0.000 0.100 0.066 0.960 0.592 0.043 0.131 0.025 0.000 0.000 0.004 0.000 0.000 0.003 0.007 0.019 0.001 0.000 0.000 0.000 0.000 0.001 0.035 0.041 0.000 0.076 0.001 0.036 0.001 0.020 0.002 0.000 0.852 0.013 0.019 0.000 0.083 0.000 0.001 0.001 0.848 0.001 0.025 0.006 0.007 0.004 0.000 0.001 0.667 0.658 0.052 0.000 0.042 0.003 0.000 0.028 
33 shovel_vis 30 0.004 0.000 0.000 0.058 0.032 0.954 0.957 0.006 0.012 0.014 0.000 0.000 0.012 0.000 0.001 0.001 0.003 0.011 0.001 0.000 0.001 0.000 0.001 0.001 0.039 0.013 0.000 0.095 0.001 0.030 0.001 0.003 0.003 0.000 0.964 0.007 0.058 0.000 0.075 0.001 0.001 0.001 0.348 0.001 0.017 0.003 0.002 0.001 0.000 0.000 0.140 0.316 0.048 0.000 0.019 0.014 0.000 0.017 
34 spade_vis 30 0.005 0.000 0.001 0.096 0.025 0.900 0.941 0.008 0.001 0.039 0.000 0.000 0.010 0.000 0.001 0.001 0.003 0.025 0.001 0.000 0.001 0.000 0.001 0.001 0.063 0.025 0.000 0.136 0.001 0.010 0.002 0.003 0.003 0.000 0.950 0.007 0.029 0.000 0.137 0.000 0.001 0.001 0.199 0.002 0.093 0.001 0.001 0.001 0.000 0.000 0.064 0.098 0.059 0.000 0.035 0.014 0.000 0.026 
35 wrench_vis 30 0.006 0.000 0.000 0.072 0.023 0.903 0.986 0.003 0.005 0.008 0.000 0.000 0.068 0.000 0.004 0.000 0.001 0.024 0.001 0.000 0.002 0.001 0.002 0.003 0.086 0.012 0.000 0.242 0.001 0.037 0.003 0.001 0.007 0.000 0.984 0.003 0.245 0.002 0.377 0.002 0.001 0.001 0.090 0.002 0.037 0.003 0.001 0.001 0.001 0.001 0.025 0.100 0.069 0.000 0.034 0.090 0.000 0.032 
36 accordion_vis 30 0.013 0.001 0.002 0.015 0.039 0.830 0.030 0.008 0.944 0.003 0.002 0.002 0.001 0.005 0.002 0.005 0.016 0.002 0.001 0.013 0.003 0.001 0.001 0.006 0.007 0.010 0.003 0.002 0.001 0.031 0.001 0.036 0.002 0.008 0.004 0.006 0.230 0.001 0.001 0.004 0.007 0.002 0.053 0.001 0.001 0.020 0.110 0.674 0.202 0.009 0.609 0.061 0.003 0.003 0.001 0.001 0.001 0.002 
37 cello_vis 30 0.013 0.001 0.001 0.019 0.019 0.919 0.355 0.005 0.004 0.718 0.001 0.000 0.000 0.001 0.013 0.009 0.051 0.001 0.001 0.001 0.001 0.001 0.003 0.001 0.003 0.009 0.001 0.006 0.001 0.023 0.001 0.002 0.004 0.000 0.210 0.129 0.005 0.001 0.002 0.009 0.006 0.001 0.093 0.002 0.051 0.001 0.001 0.010 0.002 0.001 0.062 0.151 0.245 0.003 0.003 0.000 0.003 0.316 
38 flute_vis 30 0.008 0.000 0.001 0.040 0.032 0.962 0.761 0.003 0.001 0.727 0.000 0.000 0.000 0.000 0.015 0.005 0.172 0.001 0.001 0.000 0.000 0.000 0.003 0.000 0.003 0.003 0.000 0.012 0.001 0.042 0.001 0.001 0.003 0.000 0.632 0.281 0.008 0.000 0.001 0.004 0.004 0.000 0.322 0.002 0.033 0.000 0.000 0.005 0.001 0.000 0.313 0.165 0.725 0.002 0.001 0.000 0.001 0.101 
39 guitar_vis 30 0.023 0.001 0.002 0.021 0.026 0.847 0.292 0.007 0.032 0.482 0.001 0.000 0.000 0.006 0.031 0.046 0.130 0.001 0.001 0.002 0.006 0.001 0.007 0.002 0.003 0.012 0.001 0.004 0.004 0.028 0.002 0.003 0.008 0.001 0.014 0.421 0.009 0.002 0.003 0.109 0.050 0.001 0.026 0.005 0.009 0.001 0.001 0.125 0.014 0.001 0.070 0.075 0.084 0.026 0.001 0.000 0.021 0.343 
40 piano_vis 30 0.028 0.002 0.004 0.042 0.036 0.621 0.505 0.011 0.119 0.059 0.002 0.004 0.003 0.004 0.007 0.012 0.022 0.003 0.003 0.004 0.059 0.002 0.005 0.134 0.007 0.099 0.002 0.006 0.007 0.018 0.010 0.009 0.026 0.002 0.058 0.072 0.007 0.011 0.587 0.064 0.022 0.002 0.019 0.004 0.050 0.025 0.002 0.060 0.010 0.041 0.020 0.155 0.024 0.005 0.139 0.002 0.018 0.112 
41 trumpet_vis 30 0.005 0.000 0.000 0.098 0.027 0.908 0.918 0.008 0.001 0.047 0.000 0.000 0.009 0.000 0.001 0.001 0.004 0.025 0.001 0.000 0.000 0.000 0.001 0.001 0.063 0.027 0.000 0.137 0.001 0.010 0.001 0.003 0.003 0.000 0.939 0.011 0.026 0.000 0.131 0.000 0.001 0.001 0.233 0.001 0.098 0.001 0.001 0.001 0.000 0.000 0.078 0.110 0.064 0.000 0.033 0.012 0.000 0.026 
42 fork_vis 30 0.011 0.002 0.002 0.080 0.042 0.917 0.278 0.091 0.010 0.945 0.004 0.000 0.000 0.003 0.124 0.401 0.728 0.002 0.003 0.001 0.001 0.001 0.010 0.001 0.005 0.013 0.001 0.014 0.004 0.060 0.002 0.004 0.007 0.000 0.227 0.649 0.010 0.001 0.001 0.030 0.040 0.001 0.592 0.008 0.165 0.000 0.001 0.069 0.007 0.001 0.471 0.206 0.894 0.028 0.002 0.000 0.006 0.526 
43 spoon_vis 30 0.097 0.216 0.218 0.008 0.009 0.107 0.043 0.319 0.092 0.710 0.709 0.000 0.000 0.039 0.423 0.843 0.942 0.010 0.101 0.006 0.024 0.004 0.010 0.001 0.003 0.015 0.003 0.002 0.014 0.029 0.001 0.002 0.005 0.001 0.014 0.102 0.027 0.001 0.000 0.098 0.029 0.001 0.058 0.004 0.202 0.000 0.027 0.832 0.025 0.006 0.127 0.004 0.161 0.918 0.001 0.000 0.015 0.796 
44 tongs_vis 30 0.004 0.000 0.000 0.067 0.021 0.977 0.510 0.002 0.016 0.911 0.000 0.000 0.000 0.001 0.014 0.008 0.008 0.000 0.001 0.001 0.002 0.000 0.004 0.005 0.002 0.016 0.000 0.003 0.001 0.013 0.002 0.001 0.014 0.000 0.129 0.372 0.003 0.002 0.061 0.039 0.012 0.000 0.016 0.002 0.052 0.001 0.000 0.010 0.003 0.003 0.011 0.421 0.072 0.002 0.222 0.000 0.014 0.035 
45 ladle_vis 30 0.290 0.357 0.001 0.008 0.008 0.396 0.052 0.639 0.309 0.010 0.001 0.007 0.000 0.946 0.075 0.234 0.020 0.000 0.001 0.003 0.761 0.001 0.028 0.387 0.001 0.006 0.010 0.001 0.006 0.006 0.025 0.001 0.008 0.004 0.003 0.040 0.001 0.750 0.015 0.827 0.877 0.001 0.002 0.022 0.351 0.028 0.001 0.812 0.113 0.146 0.005 0.005 0.005 0.408 0.001 0.000 0.120 0.045 
46 knife_vis 30 0.159 0.056 0.002 0.014 0.009 0.652 0.299 0.101 0.486 0.016 0.001 0.002 0.000 0.940 0.043 0.153 0.021 0.000 0.001 0.007 0.789 0.000 0.008 0.205 0.001 0.027 0.005 0.001 0.011 0.004 0.010 0.001 0.018 0.001 0.002 0.215 0.003 0.484 0.119 0.938 0.847 0.000 0.002 0.008 0.012 0.002 0.000 0.860 0.331 0.076 0.003 0.008 0.004 0.310 0.001 0.000 0.135 0.073 
47 chopsticks_vis 30 0.011 0.001 0.001 0.021 0.014 0.974 0.454 0.002 0.044 0.933 0.000 0.000 0.000 0.003 0.014 0.014 0.009 0.000 0.001 0.001 0.010 0.000 0.004 0.018 0.001 0.020 0.000 0.001 0.001 0.010 0.002 0.001 0.014 0.000 0.144 0.269 0.001 0.005 0.186 0.161 0.029 0.000 0.006 0.002 0.055 0.002 0.000 0.079 0.008 0.004 0.005 0.448 0.093 0.004 0.032 0.000 0.088 0.637 
