0 beaver_vis 30 0.988 0.981 0.001 0.583 0.335 0.003 0.008 0.001 0.002 0.001 0.021 0.507 0.012 0.984 0.457 0.577 0.001 0.005 0.001 0.000 0.015 0.002 0.001 0.123 0.003 0.004 0.089 0.942 0.573 0.003 0.349 0.013 0.002 0.016 0.002 0.004 0.001 0.149 0.012 0.479 0.092 0.002 0.008 0.004 0.000 0.001 0.000 0.007 0.017 0.001 0.001 0.027 0.003 0.001 0.000 0.002 0.002 0.033 
1 bear_vis 30 0.991 0.982 0.001 0.334 0.485 0.002 0.002 0.001 0.001 0.001 0.189 0.985 0.001 0.986 0.035 0.008 0.000 0.002 0.001 0.000 0.047 0.009 0.001 0.016 0.001 0.435 0.002 0.897 0.935 0.002 0.040 0.081 0.482 0.001 0.001 0.002 0.000 0.002 0.078 0.020 0.011 0.002 0.002 0.002 0.001 0.001 0.000 0.002 0.001 0.001 0.007 0.006 0.009 0.001 0.000 0.001 0.001 0.002 
2 sheep_vis 30 0.986 0.973 0.001 0.465 0.452 0.006 0.006 0.001 0.004 0.001 0.013 0.505 0.010 0.976 0.536 0.525 0.001 0.006 0.001 0.000 0.018 0.003 0.001 0.075 0.003 0.002 0.094 0.922 0.685 0.006 0.212 0.018 0.002 0.051 0.003 0.004 0.000 0.281 0.010 0.254 0.100 0.002 0.005 0.005 0.000 0.003 0.000 0.005 0.024 0.001 0.001 0.095 0.006 0.000 0.000 0.009 0.002 0.028 
3 buffalo_vis 30 0.991 0.984 0.001 0.387 0.471 0.001 0.003 0.001 0.001 0.001 0.139 0.983 0.002 0.988 0.072 0.038 0.000 0.002 0.001 0.000 0.037 0.009 0.001 0.026 0.001 0.314 0.012 0.933 0.938 0.002 0.105 0.070 0.302 0.001 0.001 0.002 0.000 0.004 0.069 0.033 0.017 0.002 0.002 0.002 0.000 0.001 0.000 0.002 0.001 0.001 0.005 0.005 0.005 0.000 0.000 0.001 0.001 0.003 
4 poodle_vis 30 0.991 0.987 0.000 0.706 0.348 0.002 0.014 0.001 0.001 0.001 0.023 0.716 0.027 0.989 0.529 0.626 0.001 0.002 0.002 0.000 0.012 0.010 0.001 0.175 0.004 0.006 0.125 0.975 0.697 0.003 0.627 0.024 0.004 0.010 0.004 0.003 0.001 0.011 0.110 0.123 0.018 0.011 0.003 0.004 0.000 0.001 0.000 0.003 0.003 0.001 0.005 0.006 0.004 0.001 0.000 0.001 0.001 0.005 
5 giraffe_vis 30 0.991 0.983 0.001 0.358 0.488 0.001 0.002 0.001 0.001 0.001 0.214 0.986 0.001 0.988 0.038 0.011 0.000 0.002 0.001 0.000 0.056 0.010 0.001 0.018 0.001 0.452 0.003 0.918 0.949 0.002 0.057 0.085 0.449 0.001 0.001 0.002 0.000 0.003 0.078 0.021 0.013 0.002 0.001 0.002 0.001 0.001 0.000 0.002 0.001 0.001 0.006 0.004 0.006 0.000 0.000 0.001 0.001 0.002 
6 robin_vis 30 0.987 0.970 0.001 0.264 0.121 0.003 0.002 0.001 0.001 0.001 0.004 0.453 0.007 0.980 0.136 0.446 0.001 0.001 0.001 0.000 0.002 0.002 0.001 0.048 0.001 0.002 0.060 0.899 0.363 0.004 0.184 0.015 0.002 0.016 0.002 0.001 0.000 0.015 0.018 0.034 0.009 0.004 0.001 0.002 0.000 0.001 0.000 0.001 0.002 0.001 0.001 0.010 0.002 0.001 0.000 0.002 0.001 0.003 
7 swan_vis 30 0.986 0.965 0.001 0.298 0.216 0.005 0.003 0.001 0.003 0.002 0.006 0.587 0.009 0.978 0.192 0.445 0.001 0.002 0.001 0.000 0.005 0.004 0.001 0.067 0.002 0.002 0.066 0.897 0.537 0.023 0.237 0.017 0.004 0.013 0.003 0.003 0.000 0.012 0.042 0.031 0.015 0.006 0.001 0.002 0.001 0.001 0.001 0.002 0.002 0.001 0.001 0.026 0.011 0.001 0.000 0.005 0.002 0.006 
8 woodpecker_vis 30 0.010 0.004 0.002 0.001 0.027 0.987 0.002 0.001 0.021 0.863 0.002 0.002 0.001 0.002 0.074 0.002 0.032 0.002 0.001 0.001 0.009 0.002 0.039 0.001 0.001 0.001 0.004 0.001 0.042 0.019 0.002 0.001 0.001 0.054 0.093 0.001 0.000 0.054 0.001 0.001 0.005 0.005 0.000 0.001 0.000 0.062 0.000 0.001 0.001 0.009 0.003 0.094 0.297 0.002 0.000 0.451 0.022 0.014 
9 peacock_vis 30 0.006 0.006 0.004 0.001 0.023 0.986 0.002 0.001 0.030 0.850 0.003 0.002 0.001 0.002 0.217 0.002 0.028 0.003 0.001 0.001 0.029 0.004 0.047 0.001 0.002 0.001 0.003 0.001 0.047 0.026 0.002 0.001 0.002 0.063 0.185 0.001 0.000 0.059 0.001 0.001 0.004 0.003 0.000 0.000 0.001 0.271 0.001 0.002 0.001 0.022 0.001 0.157 0.710 0.002 0.000 0.729 0.030 0.024 
10 crow_vis 30 0.990 0.977 0.001 0.126 0.097 0.002 0.002 0.001 0.001 0.001 0.004 0.284 0.006 0.984 0.140 0.308 0.001 0.001 0.001 0.000 0.002 0.003 0.001 0.032 0.001 0.001 0.022 0.866 0.206 0.008 0.233 0.005 0.003 0.004 0.002 0.002 0.000 0.002 0.041 0.018 0.005 0.008 0.001 0.001 0.001 0.001 0.000 0.001 0.001 0.001 0.002 0.004 0.005 0.001 0.000 0.001 0.001 0.003 
11 eagle_vis 30 0.985 0.976 0.001 0.535 0.243 0.005 0.006 0.001 0.001 0.001 0.018 0.755 0.011 0.982 0.266 0.468 0.001 0.002 0.001 0.000 0.007 0.005 0.001 0.121 0.002 0.007 0.063 0.929 0.634 0.004 0.398 0.022 0.007 0.009 0.003 0.002 0.000 0.009 0.082 0.046 0.014 0.009 0.001 0.003 0.000 0.001 0.000 0.001 0.002 0.001 0.002 0.008 0.005 0.001 0.000 0.002 0.002 0.005 
12 tuna_vis 30 0.143 0.017 0.013 0.001 0.009 0.718 0.002 0.001 0.030 0.566 0.015 0.004 0.001 0.005 0.170 0.003 0.010 0.003 0.003 0.006 0.038 0.003 0.294 0.001 0.002 0.001 0.002 0.001 0.018 0.007 0.003 0.001 0.040 0.030 0.005 0.003 0.000 0.028 0.001 0.001 0.005 0.003 0.000 0.001 0.001 0.014 0.002 0.002 0.001 0.003 0.032 0.090 0.060 0.003 0.000 0.225 0.011 0.017 
13 goldfish_vis 30 0.674 0.014 0.514 0.002 0.621 0.020 0.001 0.021 0.041 0.323 0.050 0.093 0.001 0.008 0.022 0.001 0.002 0.003 0.015 0.292 0.206 0.033 0.157 0.001 0.001 0.013 0.001 0.001 0.152 0.021 0.004 0.016 0.802 0.117 0.163 0.006 0.000 0.018 0.004 0.001 0.011 0.021 0.001 0.013 0.026 0.477 0.003 0.003 0.011 0.005 0.083 0.695 0.220 0.002 0.001 0.933 0.015 0.006 
14 salmon_vis 30 0.013 0.008 0.016 0.001 0.172 0.983 0.005 0.001 0.182 0.871 0.004 0.004 0.001 0.004 0.418 0.004 0.093 0.014 0.001 0.001 0.099 0.017 0.067 0.001 0.006 0.001 0.013 0.002 0.317 0.160 0.005 0.001 0.002 0.155 0.088 0.002 0.000 0.313 0.001 0.001 0.016 0.001 0.000 0.001 0.001 0.357 0.002 0.005 0.003 0.028 0.001 0.547 0.954 0.002 0.000 0.783 0.065 0.091 
15 sardine_vis 30 0.946 0.007 0.003 0.001 0.979 0.216 0.001 0.001 0.012 0.021 0.004 0.660 0.001 0.045 0.006 0.001 0.001 0.002 0.001 0.001 0.026 0.022 0.004 0.002 0.001 0.011 0.002 0.004 0.968 0.817 0.003 0.370 0.794 0.101 0.193 0.003 0.000 0.029 0.079 0.001 0.040 0.006 0.000 0.001 0.003 0.073 0.001 0.001 0.005 0.001 0.001 0.552 0.625 0.001 0.000 0.944 0.024 0.005 
16 catfish_vis 30 0.233 0.935 0.001 0.001 0.019 0.911 0.006 0.004 0.118 0.844 0.242 0.067 0.001 0.274 0.919 0.018 0.005 0.002 0.004 0.000 0.037 0.002 0.094 0.001 0.001 0.001 0.001 0.001 0.080 0.104 0.002 0.001 0.004 0.303 0.026 0.044 0.000 0.647 0.034 0.001 0.171 0.148 0.000 0.003 0.001 0.110 0.003 0.007 0.061 0.016 0.002 0.626 0.136 0.001 0.001 0.965 0.060 0.560 
17 cod_vis 30 0.387 0.008 0.012 0.001 0.948 0.953 0.003 0.001 0.020 0.157 0.006 0.406 0.001 0.030 0.025 0.001 0.004 0.005 0.001 0.001 0.065 0.015 0.015 0.002 0.002 0.003 0.004 0.003 0.943 0.548 0.004 0.118 0.367 0.132 0.140 0.003 0.000 0.122 0.022 0.002 0.044 0.004 0.000 0.001 0.001 0.086 0.001 0.003 0.003 0.007 0.001 0.353 0.780 0.001 0.000 0.929 0.066 0.032 
18 turtle_vis 30 0.037 0.003 0.035 0.001 0.129 0.944 0.001 0.002 0.013 0.751 0.004 0.010 0.001 0.002 0.011 0.001 0.003 0.001 0.002 0.016 0.026 0.007 0.035 0.001 0.001 0.001 0.001 0.001 0.039 0.018 0.001 0.002 0.155 0.057 0.358 0.002 0.000 0.022 0.001 0.001 0.005 0.016 0.000 0.001 0.001 0.426 0.001 0.001 0.002 0.017 0.004 0.163 0.240 0.002 0.000 0.941 0.021 0.004 
19 rattlesnake_vis 30 0.018 0.004 0.022 0.001 0.035 0.959 0.001 0.001 0.036 0.540 0.002 0.002 0.001 0.001 0.049 0.001 0.032 0.001 0.003 0.015 0.009 0.005 0.111 0.001 0.001 0.001 0.001 0.001 0.007 0.012 0.001 0.001 0.008 0.213 0.582 0.001 0.000 0.017 0.001 0.001 0.002 0.010 0.000 0.001 0.001 0.573 0.002 0.001 0.003 0.024 0.010 0.113 0.146 0.002 0.001 0.695 0.011 0.003 
20 crab_vis 30 0.044 0.003 0.064 0.001 0.166 0.920 0.001 0.003 0.010 0.794 0.008 0.020 0.001 0.002 0.009 0.001 0.002 0.002 0.002 0.025 0.048 0.008 0.036 0.001 0.001 0.001 0.001 0.001 0.053 0.014 0.002 0.003 0.324 0.029 0.414 0.002 0.000 0.016 0.002 0.001 0.005 0.015 0.000 0.001 0.002 0.443 0.001 0.001 0.002 0.015 0.005 0.168 0.421 0.002 0.000 0.939 0.029 0.004 
21 frog_vis 30 0.842 0.005 0.001 0.001 0.981 0.181 0.001 0.002 0.010 0.007 0.001 0.140 0.000 0.032 0.003 0.001 0.001 0.001 0.001 0.001 0.005 0.009 0.003 0.003 0.001 0.002 0.003 0.004 0.513 0.829 0.002 0.320 0.566 0.467 0.768 0.002 0.000 0.015 0.130 0.001 0.009 0.058 0.000 0.002 0.002 0.217 0.001 0.001 0.010 0.003 0.004 0.257 0.142 0.001 0.000 0.915 0.012 0.003 
22 gecko_vis 30 0.008 0.003 0.012 0.001 0.022 0.966 0.001 0.001 0.024 0.763 0.002 0.002 0.001 0.001 0.025 0.001 0.028 0.001 0.002 0.007 0.006 0.005 0.042 0.001 0.001 0.001 0.001 0.001 0.005 0.014 0.002 0.001 0.008 0.071 0.740 0.001 0.001 0.007 0.002 0.001 0.002 0.012 0.000 0.001 0.001 0.506 0.002 0.001 0.002 0.020 0.015 0.047 0.252 0.003 0.001 0.597 0.018 0.004 
23 crocodile_vis 30 0.006 0.003 0.008 0.001 0.015 0.983 0.001 0.001 0.016 0.856 0.002 0.002 0.001 0.001 0.031 0.001 0.029 0.001 0.004 0.003 0.005 0.003 0.056 0.001 0.001 0.001 0.001 0.001 0.005 0.009 0.001 0.001 0.004 0.105 0.380 0.001 0.000 0.016 0.001 0.001 0.002 0.020 0.000 0.001 0.001 0.261 0.001 0.001 0.001 0.025 0.004 0.063 0.069 0.002 0.001 0.817 0.019 0.004 
24 axe_vis 30 0.079 0.007 0.012 0.001 0.014 0.973 0.001 0.001 0.028 0.249 0.002 0.002 0.001 0.002 0.246 0.002 0.069 0.001 0.012 0.017 0.004 0.002 0.441 0.001 0.001 0.001 0.001 0.001 0.003 0.002 0.002 0.001 0.003 0.621 0.463 0.001 0.000 0.018 0.001 0.001 0.002 0.012 0.000 0.001 0.000 0.443 0.001 0.001 0.002 0.030 0.006 0.059 0.028 0.001 0.000 0.503 0.009 0.002 
25 hammer_vis 30 0.069 0.007 0.033 0.002 0.013 0.916 0.001 0.001 0.007 0.927 0.011 0.003 0.001 0.002 0.018 0.001 0.003 0.002 0.045 0.004 0.014 0.001 0.096 0.001 0.001 0.001 0.001 0.001 0.006 0.001 0.001 0.001 0.075 0.032 0.005 0.003 0.000 0.035 0.001 0.001 0.007 0.013 0.000 0.001 0.000 0.012 0.001 0.001 0.004 0.002 0.005 0.040 0.004 0.001 0.000 0.806 0.013 0.008 
26 screwdriver_vis 30 0.707 0.016 0.071 0.005 0.043 0.365 0.001 0.001 0.043 0.083 0.004 0.002 0.001 0.003 0.492 0.003 0.060 0.001 0.029 0.140 0.022 0.005 0.784 0.001 0.001 0.001 0.001 0.001 0.005 0.002 0.004 0.001 0.010 0.836 0.261 0.002 0.000 0.023 0.001 0.001 0.002 0.007 0.000 0.001 0.000 0.511 0.001 0.001 0.002 0.015 0.013 0.167 0.018 0.001 0.000 0.563 0.005 0.003 
27 chisel_vis 30 0.061 0.024 0.005 0.001 0.005 0.957 0.001 0.001 0.003 0.559 0.006 0.002 0.001 0.003 0.107 0.001 0.004 0.001 0.011 0.004 0.006 0.001 0.214 0.001 0.001 0.001 0.001 0.001 0.002 0.001 0.001 0.001 0.045 0.034 0.060 0.001 0.001 0.007 0.002 0.001 0.002 0.097 0.000 0.001 0.000 0.022 0.001 0.001 0.001 0.009 0.011 0.008 0.039 0.005 0.000 0.458 0.018 0.004 
28 saw_vis 30 0.979 0.010 0.787 0.017 0.396 0.009 0.001 0.002 0.013 0.050 0.035 0.016 0.001 0.002 0.073 0.001 0.006 0.002 0.169 0.689 0.369 0.034 0.802 0.001 0.001 0.004 0.001 0.001 0.041 0.001 0.002 0.007 0.543 0.699 0.028 0.002 0.000 0.034 0.001 0.001 0.004 0.008 0.001 0.007 0.001 0.448 0.001 0.001 0.003 0.005 0.019 0.561 0.006 0.001 0.000 0.928 0.004 0.003 
29 drill_vis 30 0.985 0.007 0.890 0.015 0.365 0.005 0.001 0.002 0.005 0.017 0.031 0.013 0.001 0.002 0.057 0.001 0.010 0.001 0.085 0.762 0.551 0.168 0.451 0.001 0.001 0.004 0.001 0.001 0.099 0.001 0.001 0.010 0.306 0.387 0.052 0.001 0.000 0.025 0.001 0.001 0.003 0.011 0.000 0.010 0.001 0.575 0.001 0.001 0.002 0.005 0.012 0.554 0.006 0.001 0.000 0.922 0.002 0.002 
30 clamp_vis 30 0.979 0.005 0.927 0.112 0.037 0.007 0.001 0.003 0.001 0.235 0.183 0.009 0.000 0.001 0.007 0.001 0.009 0.008 0.768 0.030 0.616 0.001 0.278 0.001 0.001 0.084 0.001 0.001 0.017 0.001 0.007 0.001 0.165 0.003 0.000 0.010 0.001 0.009 0.002 0.001 0.048 0.010 0.005 0.006 0.001 0.001 0.001 0.001 0.001 0.001 0.003 0.004 0.001 0.001 0.000 0.064 0.005 0.021 
31 hoe_vis 30 0.974 0.005 0.910 0.243 0.036 0.010 0.001 0.005 0.001 0.140 0.189 0.012 0.001 0.002 0.008 0.001 0.008 0.008 0.840 0.031 0.586 0.001 0.234 0.002 0.002 0.135 0.001 0.001 0.021 0.001 0.007 0.001 0.136 0.005 0.000 0.007 0.001 0.023 0.003 0.002 0.061 0.006 0.008 0.014 0.001 0.001 0.001 0.001 0.002 0.001 0.001 0.004 0.001 0.001 0.000 0.060 0.005 0.013 
32 rake_vis 30 0.984 0.788 0.005 0.063 0.096 0.002 0.001 0.001 0.001 0.005 0.103 0.504 0.001 0.645 0.004 0.001 0.001 0.002 0.075 0.001 0.027 0.001 0.016 0.004 0.001 0.074 0.001 0.005 0.052 0.001 0.007 0.002 0.408 0.001 0.000 0.004 0.001 0.002 0.051 0.001 0.010 0.011 0.001 0.001 0.001 0.001 0.001 0.001 0.001 0.001 0.007 0.002 0.001 0.001 0.000 0.006 0.003 0.002 
33 shovel_vis 30 0.184 0.003 0.157 0.004 0.025 0.908 0.002 0.005 0.001 0.968 0.057 0.004 0.001 0.001 0.005 0.001 0.002 0.003 0.098 0.003 0.100 0.001 0.194 0.001 0.001 0.007 0.001 0.001 0.009 0.001 0.003 0.001 0.374 0.002 0.000 0.003 0.001 0.006 0.006 0.002 0.031 0.092 0.000 0.001 0.001 0.001 0.001 0.001 0.001 0.001 0.002 0.004 0.002 0.002 0.001 0.647 0.035 0.054 
34 spade_vis 30 0.986 0.044 0.894 0.340 0.016 0.002 0.001 0.005 0.001 0.013 0.363 0.065 0.000 0.005 0.018 0.001 0.009 0.004 0.802 0.021 0.684 0.002 0.074 0.002 0.002 0.150 0.001 0.004 0.045 0.001 0.008 0.002 0.089 0.001 0.000 0.004 0.001 0.006 0.004 0.001 0.022 0.015 0.007 0.013 0.001 0.001 0.001 0.001 0.001 0.001 0.003 0.003 0.001 0.001 0.000 0.018 0.003 0.003 
35 wrench_vis 30 0.935 0.004 0.626 0.055 0.056 0.049 0.002 0.004 0.001 0.849 0.192 0.006 0.001 0.002 0.010 0.001 0.002 0.006 0.515 0.017 0.408 0.001 0.817 0.002 0.001 0.039 0.001 0.001 0.016 0.001 0.004 0.001 0.472 0.019 0.000 0.024 0.001 0.019 0.003 0.001 0.103 0.005 0.002 0.003 0.001 0.001 0.001 0.001 0.002 0.001 0.003 0.008 0.001 0.001 0.001 0.392 0.006 0.042 
36 accordion_vis 30 0.844 0.013 0.138 0.009 0.021 0.386 0.001 0.001 0.058 0.434 0.004 0.002 0.001 0.002 0.405 0.005 0.230 0.001 0.545 0.023 0.019 0.001 0.903 0.001 0.001 0.001 0.001 0.001 0.003 0.002 0.006 0.001 0.002 0.881 0.001 0.003 0.001 0.058 0.001 0.001 0.002 0.003 0.001 0.001 0.001 0.022 0.002 0.001 0.004 0.002 0.005 0.186 0.002 0.001 0.001 0.563 0.004 0.005 
37 cello_vis 30 0.390 0.009 0.124 0.002 0.033 0.644 0.001 0.001 0.010 0.821 0.007 0.002 0.001 0.002 0.031 0.001 0.012 0.001 0.201 0.014 0.014 0.001 0.361 0.001 0.001 0.001 0.001 0.001 0.003 0.002 0.002 0.001 0.044 0.229 0.003 0.003 0.001 0.033 0.001 0.001 0.004 0.006 0.001 0.002 0.001 0.026 0.001 0.001 0.005 0.002 0.004 0.060 0.002 0.001 0.001 0.799 0.006 0.005 
38 flute_vis 30 0.051 0.091 0.001 0.001 0.002 0.945 0.001 0.001 0.012 0.882 0.009 0.002 0.001 0.003 0.098 0.002 0.004 0.001 0.014 0.000 0.002 0.001 0.059 0.001 0.001 0.001 0.001 0.001 0.002 0.002 0.001 0.001 0.002 0.016 0.001 0.003 0.001 0.011 0.001 0.001 0.002 0.004 0.001 0.001 0.000 0.002 0.001 0.001 0.003 0.001 0.002 0.011 0.002 0.001 0.001 0.085 0.005 0.025 
39 guitar_vis 30 0.668 0.031 0.012 0.003 0.004 0.591 0.002 0.001 0.032 0.493 0.005 0.002 0.001 0.003 0.489 0.005 0.066 0.001 0.187 0.003 0.008 0.001 0.783 0.001 0.001 0.001 0.001 0.001 0.002 0.002 0.002 0.001 0.002 0.596 0.001 0.002 0.001 0.026 0.001 0.001 0.002 0.003 0.000 0.001 0.000 0.008 0.001 0.001 0.002 0.002 0.004 0.052 0.002 0.001 0.001 0.219 0.005 0.005 
40 piano_vis 30 0.973 0.010 0.822 0.037 0.304 0.011 0.001 0.002 0.010 0.160 0.020 0.003 0.001 0.002 0.097 0.002 0.033 0.001 0.692 0.418 0.251 0.003 0.881 0.002 0.001 0.002 0.001 0.001 0.010 0.002 0.005 0.002 0.193 0.802 0.002 0.003 0.001 0.063 0.001 0.001 0.005 0.018 0.001 0.011 0.001 0.077 0.002 0.001 0.007 0.003 0.008 0.368 0.003 0.001 0.001 0.922 0.005 0.004 
41 trumpet_vis 30 0.980 0.025 0.844 0.102 0.035 0.002 0.001 0.004 0.001 0.089 0.266 0.032 0.001 0.005 0.019 0.001 0.010 0.002 0.742 0.078 0.635 0.007 0.417 0.002 0.001 0.053 0.001 0.001 0.011 0.001 0.012 0.001 0.379 0.002 0.000 0.005 0.001 0.001 0.009 0.001 0.005 0.070 0.001 0.004 0.002 0.001 0.001 0.001 0.001 0.001 0.054 0.004 0.001 0.002 0.000 0.122 0.005 0.002 
42 fork_vis 30 0.917 0.006 0.749 0.004 0.509 0.005 0.001 0.010 0.026 0.053 0.027 0.041 0.001 0.002 0.023 0.001 0.005 0.001 0.048 0.713 0.227 0.057 0.457 0.001 0.001 0.008 0.001 0.001 0.049 0.003 0.002 0.016 0.761 0.415 0.214 0.002 0.001 0.014 0.002 0.001 0.002 0.026 0.001 0.016 0.012 0.691 0.003 0.001 0.006 0.010 0.081 0.633 0.065 0.002 0.001 0.926 0.007 0.001 
43 spoon_vis 30 0.004 0.010 0.002 0.001 0.005 0.982 0.005 0.001 0.012 0.597 0.002 0.003 0.001 0.002 0.053 0.002 0.011 0.001 0.001 0.003 0.003 0.003 0.027 0.001 0.001 0.001 0.001 0.001 0.002 0.003 0.002 0.001 0.006 0.019 0.720 0.001 0.002 0.003 0.004 0.003 0.001 0.020 0.000 0.001 0.001 0.338 0.001 0.001 0.001 0.022 0.018 0.008 0.483 0.014 0.001 0.176 0.021 0.004 
44 tongs_vis 30 0.260 0.006 0.032 0.001 0.027 0.913 0.001 0.001 0.008 0.198 0.002 0.002 0.001 0.001 0.108 0.001 0.013 0.001 0.014 0.046 0.009 0.002 0.494 0.001 0.001 0.001 0.001 0.001 0.003 0.002 0.001 0.001 0.021 0.486 0.479 0.001 0.000 0.012 0.001 0.001 0.002 0.011 0.000 0.001 0.001 0.452 0.001 0.001 0.002 0.020 0.004 0.045 0.042 0.001 0.000 0.562 0.008 0.002 
45 ladle_vis 30 0.013 0.008 0.013 0.002 0.012 0.856 0.004 0.002 0.010 0.543 0.003 0.004 0.001 0.002 0.023 0.001 0.008 0.001 0.003 0.016 0.005 0.004 0.056 0.001 0.001 0.001 0.001 0.002 0.003 0.002 0.002 0.001 0.059 0.012 0.331 0.001 0.005 0.002 0.006 0.003 0.001 0.036 0.000 0.001 0.001 0.143 0.001 0.001 0.001 0.010 0.088 0.010 0.205 0.019 0.001 0.215 0.019 0.003 
46 knife_vis 30 0.006 0.020 0.002 0.001 0.003 0.940 0.005 0.001 0.013 0.492 0.002 0.003 0.001 0.004 0.076 0.001 0.006 0.001 0.001 0.002 0.002 0.002 0.036 0.001 0.001 0.001 0.001 0.001 0.002 0.002 0.001 0.001 0.010 0.009 0.422 0.001 0.002 0.002 0.005 0.003 0.001 0.039 0.000 0.001 0.001 0.110 0.001 0.001 0.001 0.009 0.089 0.006 0.262 0.012 0.001 0.087 0.017 0.003 
47 chopsticks_vis 30 0.034 0.007 0.022 0.001 0.026 0.804 0.001 0.002 0.128 0.430 0.003 0.003 0.001 0.002 0.030 0.001 0.019 0.001 0.004 0.022 0.006 0.005 0.067 0.001 0.001 0.001 0.001 0.001 0.004 0.010 0.001 0.002 0.017 0.118 0.599 0.001 0.001 0.007 0.001 0.001 0.002 0.007 0.001 0.002 0.002 0.640 0.003 0.001 0.004 0.010 0.084 0.166 0.180 0.002 0.001 0.518 0.007 0.002 
