0 beaver_vis 30 0.987 0.001 0.002 0.700 0.284 0.022 0.000 0.019 0.000 0.002 0.017 0.000 0.000 0.000 0.000 0.000 0.009 0.000 0.000 0.000 0.001 0.000 0.002 0.869 0.000 0.004 0.000 0.001 0.000 0.631 0.000 0.096 0.000 0.000 0.000 0.001 0.000 0.000 0.000 0.000 0.006 0.000 0.028 0.001 0.001 0.000 0.001 0.000 0.000 0.000 0.000 0.001 0.006 0.000 0.115 0.236 0.000 0.000 
1 bear_vis 30 0.997 0.000 0.010 0.570 0.096 0.001 0.000 0.388 0.000 0.000 0.001 0.000 0.000 0.000 0.000 0.000 0.011 0.000 0.001 0.000 0.001 0.001 0.014 0.059 0.000 0.001 0.000 0.000 0.000 0.375 0.000 0.010 0.001 0.000 0.000 0.001 0.000 0.000 0.000 0.000 0.122 0.000 0.010 0.001 0.000 0.000 0.006 0.000 0.000 0.000 0.000 0.001 0.001 0.000 0.001 0.000 0.000 0.000 
2 sheep_vis 30 0.983 0.002 0.002 0.725 0.342 0.066 0.000 0.013 0.000 0.007 0.028 0.000 0.000 0.000 0.000 0.000 0.008 0.000 0.000 0.000 0.001 0.000 0.002 0.917 0.000 0.006 0.000 0.001 0.000 0.676 0.000 0.140 0.000 0.000 0.000 0.001 0.000 0.000 0.000 0.000 0.004 0.000 0.024 0.001 0.001 0.000 0.001 0.000 0.000 0.000 0.000 0.001 0.011 0.000 0.236 0.361 0.000 0.000 
3 buffalo_vis 30 0.997 0.000 0.009 0.549 0.093 0.001 0.000 0.349 0.000 0.000 0.001 0.000 0.000 0.000 0.000 0.000 0.011 0.000 0.001 0.000 0.001 0.001 0.013 0.053 0.000 0.001 0.000 0.000 0.000 0.362 0.000 0.010 0.001 0.000 0.000 0.001 0.000 0.000 0.000 0.000 0.120 0.000 0.008 0.001 0.000 0.000 0.005 0.000 0.000 0.000 0.000 0.001 0.000 0.000 0.000 0.000 0.000 0.000 
4 poodle_vis 30 0.992 0.006 0.003 0.026 0.946 0.112 0.000 0.010 0.000 0.000 0.001 0.000 0.000 0.003 0.000 0.000 0.002 0.000 0.000 0.000 0.001 0.000 0.002 0.171 0.000 0.000 0.000 0.000 0.000 0.938 0.003 0.498 0.010 0.000 0.000 0.001 0.000 0.000 0.000 0.000 0.008 0.000 0.010 0.001 0.000 0.000 0.023 0.000 0.008 0.000 0.000 0.001 0.002 0.019 0.004 0.005 0.000 0.000 
5 giraffe_vis 30 0.997 0.000 0.010 0.565 0.099 0.001 0.000 0.382 0.000 0.000 0.001 0.000 0.000 0.000 0.000 0.000 0.012 0.000 0.001 0.000 0.001 0.001 0.013 0.057 0.000 0.001 0.000 0.000 0.000 0.377 0.000 0.010 0.001 0.000 0.000 0.001 0.000 0.000 0.000 0.000 0.122 0.000 0.010 0.001 0.000 0.000 0.006 0.000 0.000 0.000 0.000 0.001 0.001 0.000 0.001 0.000 0.000 0.000 
6 robin_vis 30 0.982 0.002 0.002 0.682 0.381 0.035 0.000 0.009 0.000 0.004 0.031 0.000 0.000 0.000 0.000 0.000 0.008 0.000 0.000 0.000 0.001 0.000 0.001 0.926 0.000 0.007 0.000 0.001 0.000 0.723 0.000 0.172 0.000 0.000 0.000 0.001 0.000 0.000 0.000 0.000 0.004 0.000 0.018 0.000 0.001 0.000 0.001 0.000 0.001 0.000 0.000 0.001 0.010 0.000 0.244 0.381 0.000 0.000 
7 swan_vis 30 0.988 0.008 0.002 0.010 0.978 0.139 0.000 0.005 0.000 0.000 0.001 0.000 0.000 0.005 0.000 0.000 0.002 0.000 0.000 0.000 0.001 0.000 0.001 0.167 0.000 0.000 0.000 0.000 0.000 0.971 0.009 0.633 0.017 0.000 0.000 0.001 0.000 0.000 0.000 0.000 0.006 0.000 0.014 0.000 0.000 0.000 0.023 0.000 0.020 0.000 0.000 0.001 0.004 0.052 0.003 0.015 0.000 0.000 
8 woodpecker_vis 30 0.983 0.002 0.002 0.727 0.300 0.020 0.000 0.014 0.000 0.003 0.031 0.000 0.000 0.000 0.000 0.000 0.008 0.000 0.000 0.000 0.001 0.000 0.002 0.921 0.000 0.007 0.000 0.001 0.000 0.680 0.000 0.136 0.000 0.000 0.000 0.001 0.000 0.000 0.000 0.000 0.005 0.000 0.020 0.000 0.001 0.000 0.001 0.000 0.000 0.000 0.000 0.001 0.009 0.000 0.215 0.407 0.000 0.000 
9 peacock_vis 30 0.992 0.005 0.002 0.028 0.951 0.134 0.000 0.009 0.000 0.000 0.001 0.000 0.000 0.003 0.000 0.000 0.002 0.000 0.000 0.000 0.002 0.000 0.002 0.157 0.000 0.000 0.000 0.000 0.000 0.950 0.004 0.581 0.016 0.000 0.000 0.001 0.000 0.000 0.000 0.000 0.009 0.000 0.008 0.001 0.000 0.000 0.035 0.000 0.009 0.000 0.000 0.001 0.002 0.026 0.003 0.004 0.000 0.000 
10 crow_vis 30 0.991 0.012 0.002 0.006 0.983 0.108 0.000 0.003 0.000 0.000 0.001 0.000 0.000 0.007 0.000 0.000 0.002 0.000 0.000 0.000 0.002 0.000 0.001 0.108 0.000 0.000 0.000 0.000 0.000 0.973 0.009 0.620 0.015 0.000 0.000 0.001 0.000 0.000 0.000 0.000 0.006 0.000 0.009 0.000 0.000 0.000 0.026 0.000 0.019 0.000 0.000 0.001 0.003 0.067 0.003 0.009 0.000 0.000 
11 eagle_vis 30 0.986 0.005 0.002 0.037 0.938 0.127 0.000 0.010 0.000 0.000 0.001 0.000 0.000 0.002 0.000 0.000 0.002 0.000 0.000 0.000 0.001 0.000 0.002 0.371 0.000 0.000 0.000 0.000 0.000 0.944 0.006 0.614 0.012 0.000 0.000 0.001 0.000 0.000 0.000 0.000 0.007 0.000 0.009 0.001 0.000 0.000 0.017 0.000 0.015 0.000 0.000 0.001 0.004 0.019 0.008 0.017 0.000 0.000 
12 tuna_vis 30 0.987 0.001 0.002 0.635 0.335 0.021 0.000 0.018 0.000 0.001 0.014 0.000 0.000 0.000 0.000 0.000 0.008 0.000 0.000 0.000 0.001 0.000 0.001 0.847 0.000 0.004 0.000 0.001 0.000 0.656 0.000 0.103 0.001 0.000 0.000 0.001 0.000 0.000 0.000 0.000 0.005 0.000 0.031 0.000 0.001 0.000 0.001 0.000 0.000 0.000 0.000 0.001 0.005 0.000 0.094 0.203 0.000 0.000 
13 goldfish_vis 30 0.990 0.002 0.002 0.141 0.721 0.048 0.000 0.022 0.000 0.000 0.002 0.000 0.000 0.001 0.000 0.000 0.004 0.000 0.000 0.000 0.001 0.000 0.001 0.465 0.000 0.000 0.000 0.000 0.000 0.801 0.001 0.222 0.003 0.000 0.000 0.001 0.000 0.000 0.000 0.000 0.009 0.000 0.030 0.000 0.001 0.000 0.005 0.000 0.002 0.000 0.000 0.001 0.003 0.002 0.009 0.040 0.000 0.000 
14 salmon_vis 30 0.984 0.002 0.002 0.726 0.289 0.028 0.000 0.019 0.000 0.003 0.025 0.000 0.000 0.000 0.000 0.000 0.008 0.000 0.000 0.000 0.001 0.000 0.002 0.905 0.000 0.006 0.000 0.001 0.000 0.645 0.000 0.119 0.000 0.000 0.000 0.001 0.000 0.000 0.000 0.000 0.005 0.000 0.025 0.001 0.001 0.000 0.001 0.000 0.000 0.000 0.000 0.001 0.008 0.000 0.188 0.359 0.000 0.000 
15 sardine_vis 30 0.983 0.002 0.002 0.721 0.298 0.030 0.000 0.017 0.000 0.003 0.026 0.000 0.000 0.000 0.000 0.000 0.008 0.000 0.000 0.000 0.001 0.000 0.002 0.911 0.000 0.007 0.000 0.001 0.000 0.652 0.000 0.135 0.000 0.000 0.000 0.001 0.000 0.000 0.000 0.000 0.005 0.000 0.019 0.001 0.001 0.000 0.001 0.000 0.000 0.000 0.000 0.001 0.007 0.000 0.210 0.350 0.000 0.000 
16 catfish_vis 30 0.991 0.002 0.002 0.098 0.745 0.050 0.000 0.040 0.000 0.000 0.001 0.000 0.000 0.001 0.000 0.000 0.004 0.000 0.000 0.000 0.001 0.000 0.001 0.288 0.000 0.000 0.000 0.000 0.000 0.805 0.001 0.228 0.004 0.000 0.000 0.001 0.000 0.000 0.000 0.000 0.012 0.000 0.038 0.000 0.001 0.000 0.007 0.000 0.004 0.000 0.000 0.001 0.002 0.003 0.005 0.022 0.000 0.000 
17 cod_vis 30 0.983 0.002 0.002 0.717 0.295 0.028 0.000 0.018 0.000 0.003 0.025 0.000 0.000 0.000 0.000 0.000 0.007 0.000 0.000 0.000 0.001 0.000 0.002 0.908 0.000 0.007 0.000 0.001 0.000 0.650 0.000 0.134 0.000 0.000 0.000 0.001 0.000 0.000 0.000 0.000 0.005 0.000 0.018 0.001 0.001 0.000 0.001 0.000 0.000 0.000 0.000 0.001 0.007 0.000 0.201 0.333 0.000 0.000 
18 turtle_vis 30 0.982 0.002 0.002 0.726 0.290 0.018 0.000 0.008 0.000 0.003 0.034 0.000 0.000 0.000 0.000 0.000 0.008 0.000 0.000 0.000 0.001 0.000 0.001 0.931 0.000 0.008 0.000 0.001 0.000 0.669 0.000 0.160 0.000 0.000 0.000 0.001 0.000 0.000 0.000 0.000 0.005 0.000 0.012 0.000 0.001 0.000 0.001 0.000 0.001 0.000 0.000 0.001 0.009 0.000 0.252 0.401 0.000 0.000 
19 rattlesnake_vis 30 0.981 0.002 0.002 0.708 0.279 0.017 0.000 0.010 0.000 0.003 0.031 0.000 0.000 0.000 0.000 0.000 0.008 0.000 0.000 0.000 0.001 0.000 0.002 0.925 0.000 0.008 0.000 0.001 0.000 0.646 0.000 0.158 0.000 0.000 0.000 0.001 0.000 0.000 0.000 0.000 0.006 0.000 0.009 0.001 0.001 0.000 0.001 0.000 0.001 0.000 0.000 0.001 0.008 0.000 0.236 0.348 0.000 0.000 
20 crab_vis 30 0.982 0.003 0.002 0.727 0.314 0.019 0.000 0.005 0.000 0.004 0.036 0.000 0.000 0.000 0.000 0.000 0.009 0.000 0.000 0.000 0.001 0.000 0.001 0.924 0.000 0.007 0.000 0.001 0.000 0.694 0.000 0.156 0.000 0.000 0.000 0.001 0.000 0.000 0.000 0.000 0.004 0.000 0.017 0.000 0.000 0.000 0.000 0.000 0.001 0.000 0.000 0.001 0.011 0.000 0.259 0.423 0.000 0.000 
21 frog_vis 30 0.981 0.002 0.002 0.717 0.278 0.019 0.000 0.012 0.000 0.003 0.031 0.000 0.000 0.000 0.000 0.000 0.007 0.000 0.000 0.000 0.001 0.000 0.002 0.934 0.000 0.008 0.000 0.001 0.000 0.640 0.000 0.163 0.000 0.000 0.000 0.001 0.000 0.000 0.000 0.000 0.006 0.000 0.009 0.000 0.001 0.000 0.001 0.000 0.001 0.000 0.000 0.001 0.008 0.000 0.244 0.372 0.000 0.000 
22 gecko_vis 30 0.981 0.002 0.002 0.726 0.288 0.019 0.000 0.009 0.000 0.003 0.033 0.000 0.000 0.000 0.000 0.000 0.008 0.000 0.000 0.000 0.001 0.000 0.001 0.935 0.000 0.008 0.000 0.001 0.000 0.658 0.000 0.160 0.000 0.000 0.000 0.001 0.000 0.000 0.000 0.000 0.005 0.000 0.012 0.001 0.001 0.000 0.001 0.000 0.001 0.000 0.000 0.001 0.009 0.000 0.253 0.400 0.000 0.000 
23 crocodile_vis 30 0.981 0.002 0.002 0.718 0.287 0.019 0.000 0.009 0.000 0.003 0.033 0.000 0.000 0.000 0.000 0.000 0.008 0.000 0.000 0.000 0.001 0.000 0.001 0.934 0.000 0.008 0.000 0.001 0.000 0.658 0.000 0.160 0.000 0.000 0.000 0.001 0.000 0.000 0.000 0.000 0.005 0.000 0.011 0.000 0.001 0.000 0.001 0.000 0.001 0.000 0.000 0.001 0.009 0.000 0.247 0.386 0.000 0.000 
24 axe_vis 30 0.985 0.001 0.002 0.677 0.244 0.012 0.000 0.026 0.000 0.002 0.019 0.000 0.000 0.000 0.000 0.000 0.009 0.000 0.000 0.000 0.001 0.000 0.002 0.866 0.000 0.004 0.000 0.001 0.000 0.584 0.000 0.097 0.000 0.000 0.000 0.001 0.000 0.000 0.000 0.000 0.010 0.000 0.011 0.001 0.001 0.000 0.001 0.000 0.000 0.000 0.000 0.001 0.007 0.000 0.116 0.246 0.000 0.000 
25 hammer_vis 30 0.997 0.000 0.011 0.630 0.089 0.000 0.000 0.411 0.000 0.000 0.001 0.000 0.000 0.000 0.000 0.000 0.011 0.000 0.001 0.000 0.001 0.001 0.021 0.052 0.000 0.001 0.000 0.000 0.000 0.240 0.000 0.021 0.001 0.000 0.000 0.001 0.000 0.000 0.000 0.000 0.150 0.000 0.007 0.001 0.001 0.000 0.011 0.000 0.000 0.000 0.000 0.001 0.000 0.000 0.001 0.001 0.000 0.000 
26 screwdriver_vis 30 0.996 0.000 0.005 0.606 0.120 0.001 0.000 0.245 0.000 0.000 0.001 0.000 0.000 0.000 0.000 0.000 0.011 0.000 0.001 0.000 0.001 0.000 0.007 0.151 0.000 0.001 0.000 0.000 0.000 0.400 0.000 0.019 0.001 0.000 0.000 0.001 0.000 0.000 0.000 0.000 0.078 0.000 0.009 0.001 0.001 0.000 0.005 0.000 0.000 0.000 0.000 0.001 0.001 0.000 0.001 0.001 0.000 0.000 
27 chisel_vis 30 0.997 0.000 0.010 0.579 0.089 0.001 0.000 0.412 0.000 0.000 0.001 0.000 0.000 0.000 0.000 0.000 0.011 0.000 0.001 0.000 0.001 0.001 0.015 0.066 0.000 0.001 0.000 0.000 0.000 0.339 0.000 0.012 0.001 0.000 0.000 0.001 0.000 0.000 0.000 0.000 0.133 0.000 0.008 0.001 0.001 0.001 0.006 0.000 0.000 0.000 0.000 0.001 0.000 0.000 0.001 0.000 0.000 0.000 
28 saw_vis 30 0.988 0.001 0.002 0.754 0.228 0.004 0.000 0.033 0.000 0.008 0.004 0.000 0.000 0.000 0.000 0.000 0.009 0.000 0.000 0.000 0.001 0.000 0.002 0.739 0.000 0.014 0.000 0.001 0.000 0.310 0.000 0.253 0.001 0.000 0.000 0.001 0.000 0.000 0.000 0.000 0.018 0.000 0.006 0.001 0.001 0.000 0.003 0.000 0.000 0.000 0.000 0.001 0.002 0.000 0.157 0.237 0.000 0.000 
29 drill_vis 30 0.982 0.002 0.002 0.687 0.293 0.029 0.000 0.015 0.000 0.003 0.026 0.000 0.000 0.000 0.000 0.000 0.008 0.000 0.000 0.000 0.001 0.000 0.002 0.912 0.000 0.007 0.000 0.001 0.000 0.629 0.000 0.150 0.000 0.000 0.000 0.001 0.000 0.000 0.000 0.000 0.008 0.000 0.007 0.001 0.001 0.000 0.001 0.000 0.001 0.000 0.000 0.001 0.009 0.000 0.204 0.256 0.000 0.000 
30 clamp_vis 30 0.997 0.000 0.009 0.571 0.077 0.001 0.000 0.346 0.000 0.000 0.001 0.000 0.000 0.000 0.000 0.000 0.011 0.000 0.001 0.000 0.001 0.001 0.013 0.055 0.000 0.001 0.000 0.000 0.000 0.330 0.000 0.011 0.001 0.000 0.000 0.001 0.000 0.000 0.000 0.000 0.116 0.000 0.008 0.001 0.000 0.000 0.005 0.000 0.000 0.000 0.000 0.001 0.000 0.000 0.001 0.000 0.000 0.000 
31 hoe_vis 30 0.997 0.000 0.010 0.589 0.087 0.000 0.000 0.420 0.000 0.000 0.001 0.000 0.000 0.000 0.000 0.000 0.011 0.000 0.001 0.000 0.001 0.001 0.016 0.062 0.000 0.001 0.000 0.000 0.000 0.310 0.000 0.013 0.001 0.000 0.000 0.001 0.000 0.000 0.000 0.000 0.141 0.000 0.008 0.001 0.001 0.001 0.007 0.000 0.000 0.000 0.000 0.001 0.000 0.000 0.001 0.001 0.000 0.000 
32 rake_vis 30 0.997 0.000 0.009 0.570 0.086 0.001 0.000 0.402 0.000 0.000 0.001 0.000 0.000 0.000 0.000 0.000 0.011 0.000 0.001 0.000 0.001 0.001 0.014 0.067 0.000 0.001 0.000 0.000 0.000 0.351 0.000 0.011 0.001 0.000 0.000 0.001 0.000 0.000 0.000 0.000 0.128 0.000 0.008 0.001 0.001 0.001 0.006 0.000 0.000 0.000 0.000 0.001 0.000 0.000 0.000 0.000 0.000 0.000 
33 shovel_vis 30 0.997 0.000 0.009 0.569 0.077 0.001 0.000 0.374 0.000 0.000 0.001 0.000 0.000 0.000 0.000 0.000 0.010 0.000 0.001 0.000 0.001 0.001 0.013 0.059 0.000 0.000 0.000 0.000 0.000 0.325 0.000 0.011 0.001 0.000 0.000 0.001 0.000 0.000 0.000 0.000 0.119 0.000 0.008 0.001 0.001 0.001 0.006 0.000 0.000 0.000 0.000 0.001 0.001 0.000 0.000 0.000 0.000 0.000 
34 spade_vis 30 0.997 0.000 0.009 0.568 0.084 0.001 0.000 0.414 0.000 0.000 0.001 0.000 0.000 0.000 0.000 0.000 0.011 0.000 0.001 0.000 0.001 0.000 0.014 0.069 0.000 0.001 0.000 0.000 0.000 0.349 0.000 0.011 0.001 0.000 0.000 0.001 0.000 0.000 0.000 0.000 0.130 0.000 0.008 0.001 0.001 0.001 0.006 0.000 0.000 0.000 0.000 0.001 0.000 0.000 0.000 0.000 0.000 0.000 
35 wrench_vis 30 0.997 0.000 0.009 0.568 0.083 0.000 0.000 0.420 0.000 0.000 0.001 0.000 0.000 0.000 0.000 0.000 0.010 0.000 0.001 0.000 0.001 0.001 0.014 0.071 0.000 0.001 0.000 0.000 0.000 0.351 0.000 0.011 0.001 0.000 0.000 0.001 0.000 0.000 0.000 0.000 0.129 0.000 0.008 0.001 0.001 0.001 0.005 0.000 0.000 0.000 0.000 0.001 0.000 0.000 0.001 0.000 0.000 0.000 
36 accordion_vis 30 0.997 0.000 0.010 0.563 0.087 0.000 0.000 0.456 0.000 0.000 0.001 0.000 0.000 0.000 0.000 0.000 0.011 0.000 0.001 0.000 0.001 0.000 0.014 0.070 0.000 0.001 0.000 0.000 0.000 0.360 0.000 0.010 0.001 0.000 0.000 0.001 0.000 0.000 0.000 0.000 0.128 0.000 0.009 0.001 0.001 0.001 0.005 0.000 0.000 0.000 0.000 0.001 0.000 0.000 0.000 0.001 0.000 0.000 
37 cello_vis 30 0.997 0.000 0.008 0.577 0.083 0.001 0.000 0.376 0.000 0.000 0.001 0.000 0.000 0.000 0.000 0.000 0.010 0.000 0.001 0.000 0.001 0.001 0.012 0.071 0.000 0.001 0.000 0.000 0.000 0.350 0.000 0.012 0.001 0.000 0.000 0.001 0.000 0.000 0.000 0.000 0.115 0.000 0.009 0.001 0.000 0.000 0.005 0.000 0.000 0.000 0.000 0.001 0.000 0.000 0.001 0.001 0.000 0.000 
38 flute_vis 30 0.996 0.000 0.005 0.600 0.100 0.001 0.000 0.210 0.000 0.000 0.001 0.000 0.000 0.000 0.000 0.000 0.009 0.000 0.001 0.000 0.001 0.000 0.007 0.192 0.000 0.001 0.000 0.000 0.000 0.338 0.000 0.018 0.001 0.000 0.000 0.001 0.000 0.000 0.000 0.000 0.066 0.000 0.008 0.001 0.000 0.000 0.003 0.000 0.000 0.000 0.000 0.001 0.001 0.000 0.001 0.002 0.000 0.000 
39 guitar_vis 30 0.997 0.000 0.009 0.571 0.087 0.001 0.000 0.419 0.000 0.000 0.001 0.000 0.000 0.000 0.000 0.000 0.010 0.000 0.001 0.000 0.001 0.001 0.014 0.072 0.000 0.001 0.000 0.000 0.000 0.357 0.000 0.011 0.001 0.000 0.000 0.001 0.000 0.000 0.000 0.000 0.125 0.000 0.009 0.001 0.001 0.001 0.005 0.000 0.000 0.000 0.000 0.001 0.000 0.000 0.001 0.000 0.000 0.000 
40 piano_vis 30 0.991 0.001 0.003 0.640 0.197 0.005 0.000 0.068 0.000 0.000 0.008 0.000 0.000 0.000 0.000 0.000 0.008 0.000 0.000 0.000 0.001 0.000 0.003 0.698 0.000 0.004 0.000 0.001 0.000 0.535 0.000 0.076 0.001 0.000 0.000 0.001 0.000 0.000 0.000 0.000 0.023 0.000 0.008 0.001 0.001 0.000 0.002 0.000 0.000 0.000 0.000 0.001 0.002 0.000 0.047 0.054 0.000 0.000 
41 trumpet_vis 30 0.997 0.000 0.008 0.569 0.080 0.001 0.000 0.408 0.000 0.000 0.001 0.000 0.000 0.000 0.000 0.000 0.010 0.000 0.001 0.000 0.001 0.001 0.013 0.071 0.000 0.001 0.000 0.000 0.000 0.344 0.000 0.012 0.001 0.000 0.000 0.001 0.000 0.000 0.000 0.000 0.122 0.000 0.009 0.001 0.001 0.001 0.005 0.000 0.000 0.000 0.000 0.001 0.000 0.000 0.001 0.001 0.000 0.000 
42 fork_vis 30 0.984 0.001 0.003 0.670 0.267 0.019 0.000 0.024 0.000 0.002 0.021 0.000 0.000 0.000 0.000 0.000 0.009 0.000 0.000 0.000 0.001 0.000 0.002 0.871 0.000 0.006 0.000 0.001 0.000 0.600 0.000 0.133 0.000 0.000 0.000 0.001 0.000 0.000 0.000 0.000 0.012 0.000 0.006 0.001 0.001 0.000 0.001 0.000 0.001 0.000 0.000 0.001 0.007 0.000 0.156 0.185 0.000 0.000 
43 spoon_vis 30 0.984 0.001 0.003 0.672 0.245 0.031 0.000 0.036 0.000 0.011 0.018 0.001 0.000 0.000 0.000 0.000 0.015 0.000 0.000 0.000 0.001 0.000 0.003 0.823 0.000 0.002 0.000 0.001 0.000 0.528 0.000 0.060 0.001 0.000 0.000 0.001 0.000 0.000 0.000 0.000 0.008 0.000 0.017 0.001 0.001 0.000 0.001 0.000 0.000 0.000 0.000 0.001 0.023 0.000 0.088 0.274 0.000 0.000 
44 tongs_vis 30 0.985 0.001 0.002 0.674 0.272 0.024 0.000 0.021 0.000 0.003 0.020 0.000 0.000 0.000 0.000 0.000 0.009 0.000 0.000 0.000 0.001 0.000 0.002 0.863 0.000 0.005 0.000 0.001 0.000 0.604 0.000 0.130 0.000 0.000 0.000 0.001 0.000 0.000 0.000 0.000 0.012 0.000 0.007 0.001 0.000 0.000 0.001 0.000 0.000 0.000 0.000 0.001 0.008 0.000 0.151 0.171 0.000 0.000 
45 ladle_vis 30 0.990 0.001 0.004 0.645 0.234 0.018 0.000 0.053 0.000 0.002 0.010 0.000 0.000 0.000 0.000 0.000 0.012 0.000 0.001 0.000 0.001 0.000 0.004 0.722 0.000 0.003 0.000 0.001 0.000 0.537 0.000 0.080 0.001 0.000 0.000 0.001 0.000 0.000 0.000 0.000 0.025 0.000 0.006 0.001 0.001 0.000 0.002 0.000 0.000 0.000 0.000 0.001 0.007 0.000 0.056 0.052 0.000 0.000 
46 knife_vis 30 0.983 0.001 0.002 0.677 0.220 0.019 0.000 0.041 0.000 0.008 0.018 0.001 0.000 0.000 0.000 0.000 0.015 0.000 0.000 0.000 0.000 0.000 0.002 0.844 0.000 0.001 0.000 0.001 0.000 0.511 0.000 0.044 0.000 0.000 0.000 0.001 0.000 0.000 0.000 0.000 0.006 0.000 0.034 0.001 0.001 0.000 0.001 0.000 0.000 0.000 0.000 0.001 0.023 0.000 0.074 0.407 0.000 0.000 
47 chopsticks_vis 30 0.985 0.001 0.002 0.670 0.265 0.019 0.000 0.025 0.000 0.002 0.020 0.000 0.000 0.000 0.000 0.000 0.009 0.000 0.000 0.000 0.001 0.000 0.002 0.864 0.000 0.006 0.000 0.001 0.000 0.599 0.000 0.131 0.000 0.000 0.000 0.001 0.000 0.000 0.000 0.000 0.012 0.000 0.007 0.001 0.000 0.000 0.001 0.000 0.000 0.000 0.000 0.001 0.007 0.000 0.151 0.177 0.000 0.000 
