0 beaver_vis 30 0.073 0.019 0.057 0.037 0.067 0.082 0.067 0.027 0.026 0.056 0.030 0.020 0.021 0.017 0.015 0.028 0.035 0.043 0.023 0.035 0.060 0.026 0.022 0.038 0.020 0.035 0.018 0.060 0.055 0.046 0.051 0.023 0.039 0.017 0.020 0.070 0.030 0.065 0.026 0.049 0.037 0.034 0.036 0.053 0.035 0.019 0.018 0.024 0.034 0.016 0.046 0.086 0.049 0.029 0.042 0.029 0.040 0.028 
1 bear_vis 30 0.067 0.023 0.055 0.029 0.042 0.113 0.034 0.033 0.057 0.033 0.025 0.028 0.028 0.014 0.007 0.048 0.049 0.024 0.021 0.049 0.043 0.016 0.010 0.032 0.016 0.052 0.012 0.050 0.052 0.027 0.080 0.016 0.027 0.010 0.006 0.051 0.026 0.062 0.016 0.047 0.027 0.031 0.056 0.078 0.039 0.012 0.023 0.039 0.029 0.009 0.109 0.196 0.064 0.024 0.018 0.021 0.029 0.012 
2 sheep_vis 30 0.078 0.013 0.056 0.036 0.091 0.082 0.088 0.021 0.017 0.059 0.023 0.014 0.019 0.017 0.016 0.023 0.029 0.060 0.021 0.027 0.067 0.022 0.022 0.045 0.021 0.031 0.023 0.060 0.057 0.050 0.047 0.034 0.044 0.026 0.031 0.069 0.028 0.071 0.034 0.046 0.030 0.031 0.036 0.040 0.034 0.017 0.018 0.022 0.027 0.013 0.034 0.065 0.051 0.025 0.047 0.021 0.044 0.033 
3 buffalo_vis 30 0.062 0.024 0.054 0.032 0.038 0.116 0.044 0.030 0.051 0.027 0.029 0.026 0.023 0.010 0.007 0.039 0.043 0.027 0.015 0.050 0.035 0.018 0.009 0.047 0.012 0.061 0.009 0.071 0.058 0.023 0.068 0.015 0.028 0.008 0.004 0.077 0.021 0.076 0.017 0.071 0.043 0.020 0.062 0.119 0.030 0.009 0.013 0.046 0.031 0.007 0.144 0.256 0.053 0.021 0.016 0.021 0.022 0.012 
4 poodle_vis 30 0.066 0.023 0.055 0.032 0.050 0.091 0.056 0.032 0.035 0.043 0.029 0.024 0.019 0.016 0.013 0.031 0.036 0.032 0.022 0.039 0.050 0.023 0.017 0.035 0.016 0.039 0.013 0.064 0.046 0.039 0.053 0.018 0.035 0.013 0.012 0.069 0.030 0.072 0.024 0.050 0.038 0.030 0.043 0.084 0.029 0.017 0.017 0.024 0.041 0.014 0.075 0.120 0.043 0.029 0.031 0.029 0.033 0.018 
5 giraffe_vis 30 0.073 0.023 0.053 0.033 0.045 0.134 0.033 0.032 0.070 0.040 0.029 0.025 0.043 0.013 0.006 0.053 0.066 0.026 0.019 0.044 0.039 0.017 0.010 0.027 0.019 0.058 0.016 0.042 0.068 0.027 0.082 0.019 0.022 0.009 0.008 0.051 0.029 0.049 0.013 0.044 0.025 0.047 0.055 0.053 0.052 0.013 0.031 0.046 0.025 0.012 0.092 0.195 0.085 0.025 0.020 0.021 0.036 0.013 
6 robin_vis 30 0.072 0.030 0.059 0.039 0.041 0.076 0.037 0.028 0.030 0.053 0.043 0.027 0.026 0.016 0.015 0.038 0.043 0.034 0.023 0.049 0.045 0.032 0.023 0.031 0.017 0.048 0.017 0.052 0.051 0.036 0.044 0.016 0.033 0.014 0.012 0.064 0.028 0.047 0.017 0.046 0.043 0.035 0.036 0.059 0.031 0.021 0.016 0.026 0.039 0.017 0.051 0.103 0.047 0.032 0.037 0.041 0.030 0.023 
7 swan_vis 30 0.068 0.026 0.059 0.035 0.045 0.091 0.055 0.033 0.032 0.041 0.045 0.029 0.018 0.010 0.011 0.036 0.040 0.034 0.016 0.057 0.048 0.025 0.016 0.037 0.012 0.051 0.011 0.076 0.057 0.036 0.055 0.012 0.034 0.012 0.008 0.084 0.028 0.075 0.015 0.068 0.052 0.027 0.036 0.100 0.029 0.017 0.012 0.027 0.043 0.011 0.074 0.164 0.044 0.024 0.031 0.033 0.026 0.018 
8 woodpecker_vis 30 0.088 0.031 0.069 0.036 0.042 0.065 0.037 0.028 0.025 0.048 0.060 0.036 0.020 0.013 0.009 0.054 0.051 0.037 0.019 0.081 0.058 0.025 0.019 0.027 0.014 0.045 0.019 0.050 0.059 0.037 0.065 0.011 0.027 0.018 0.010 0.050 0.037 0.048 0.011 0.056 0.035 0.039 0.026 0.061 0.028 0.024 0.015 0.023 0.032 0.015 0.052 0.101 0.050 0.027 0.034 0.032 0.032 0.022 
9 peacock_vis 30 0.071 0.023 0.061 0.031 0.051 0.075 0.046 0.030 0.029 0.044 0.030 0.027 0.018 0.019 0.012 0.036 0.036 0.033 0.026 0.049 0.061 0.022 0.018 0.032 0.017 0.037 0.015 0.055 0.043 0.042 0.060 0.017 0.038 0.016 0.012 0.055 0.031 0.065 0.020 0.044 0.032 0.032 0.036 0.070 0.031 0.020 0.018 0.022 0.038 0.013 0.059 0.102 0.045 0.027 0.034 0.028 0.032 0.019 
10 crow_vis 30 0.072 0.027 0.058 0.034 0.039 0.097 0.043 0.030 0.039 0.035 0.039 0.028 0.023 0.010 0.008 0.044 0.047 0.030 0.016 0.055 0.041 0.021 0.012 0.036 0.013 0.054 0.012 0.063 0.059 0.028 0.062 0.014 0.026 0.011 0.006 0.067 0.028 0.062 0.015 0.065 0.040 0.028 0.045 0.091 0.029 0.013 0.014 0.034 0.032 0.010 0.097 0.174 0.051 0.025 0.021 0.026 0.027 0.015 
11 eagle_vis 30 0.074 0.025 0.063 0.035 0.049 0.075 0.045 0.030 0.029 0.045 0.040 0.030 0.019 0.014 0.010 0.040 0.041 0.036 0.021 0.060 0.058 0.024 0.018 0.034 0.014 0.044 0.015 0.058 0.053 0.039 0.063 0.014 0.036 0.015 0.010 0.061 0.030 0.062 0.015 0.053 0.038 0.030 0.033 0.071 0.033 0.019 0.015 0.025 0.036 0.012 0.058 0.121 0.049 0.025 0.034 0.031 0.029 0.020 
12 tuna_vis 30 0.081 0.011 0.055 0.033 0.104 0.088 0.106 0.022 0.016 0.059 0.019 0.013 0.017 0.019 0.014 0.025 0.027 0.061 0.021 0.025 0.078 0.018 0.020 0.044 0.024 0.025 0.025 0.061 0.055 0.054 0.056 0.038 0.042 0.031 0.034 0.060 0.034 0.081 0.043 0.049 0.023 0.034 0.038 0.043 0.031 0.016 0.021 0.019 0.024 0.013 0.040 0.054 0.052 0.027 0.044 0.016 0.058 0.032 
13 goldfish_vis 30 0.078 0.015 0.053 0.039 0.087 0.100 0.094 0.025 0.021 0.070 0.025 0.014 0.022 0.018 0.017 0.026 0.033 0.053 0.020 0.024 0.065 0.024 0.023 0.041 0.027 0.029 0.025 0.062 0.062 0.052 0.050 0.033 0.035 0.022 0.034 0.069 0.035 0.070 0.039 0.052 0.030 0.041 0.040 0.044 0.032 0.018 0.022 0.023 0.027 0.018 0.045 0.060 0.053 0.034 0.045 0.023 0.062 0.036 
14 salmon_vis 30 0.062 0.020 0.052 0.036 0.052 0.074 0.052 0.026 0.028 0.044 0.017 0.020 0.021 0.026 0.019 0.026 0.027 0.031 0.032 0.028 0.049 0.026 0.021 0.052 0.023 0.034 0.013 0.061 0.037 0.035 0.046 0.028 0.044 0.014 0.012 0.064 0.025 0.062 0.054 0.044 0.035 0.022 0.056 0.077 0.026 0.012 0.018 0.026 0.035 0.013 0.085 0.083 0.039 0.035 0.029 0.027 0.034 0.022 
15 sardine_vis 30 0.077 0.015 0.050 0.045 0.083 0.096 0.097 0.021 0.018 0.076 0.023 0.011 0.027 0.018 0.026 0.020 0.030 0.058 0.021 0.018 0.051 0.032 0.029 0.048 0.029 0.032 0.025 0.064 0.061 0.048 0.032 0.046 0.038 0.021 0.040 0.089 0.029 0.058 0.053 0.049 0.037 0.036 0.046 0.039 0.029 0.015 0.019 0.024 0.030 0.019 0.039 0.054 0.047 0.038 0.049 0.028 0.056 0.042 
16 catfish_vis 30 0.071 0.013 0.051 0.039 0.090 0.098 0.092 0.023 0.021 0.070 0.018 0.013 0.022 0.022 0.019 0.022 0.028 0.048 0.025 0.020 0.064 0.023 0.024 0.048 0.029 0.027 0.021 0.061 0.052 0.050 0.046 0.040 0.043 0.020 0.031 0.072 0.031 0.070 0.055 0.045 0.029 0.033 0.046 0.046 0.032 0.014 0.022 0.023 0.028 0.016 0.047 0.059 0.051 0.035 0.045 0.023 0.055 0.035 
17 cod_vis 30 0.078 0.017 0.054 0.038 0.071 0.091 0.073 0.025 0.021 0.064 0.026 0.016 0.023 0.019 0.017 0.029 0.033 0.047 0.022 0.027 0.058 0.025 0.023 0.038 0.025 0.031 0.023 0.058 0.056 0.046 0.046 0.030 0.034 0.020 0.026 0.064 0.033 0.063 0.036 0.049 0.030 0.039 0.042 0.047 0.029 0.017 0.021 0.023 0.029 0.017 0.048 0.063 0.050 0.035 0.040 0.025 0.054 0.032 
18 turtle_vis 30 0.068 0.018 0.049 0.042 0.056 0.115 0.036 0.027 0.053 0.057 0.018 0.018 0.051 0.024 0.011 0.036 0.048 0.029 0.032 0.025 0.043 0.023 0.017 0.038 0.033 0.045 0.020 0.039 0.057 0.031 0.061 0.034 0.032 0.010 0.013 0.053 0.025 0.041 0.030 0.033 0.025 0.042 0.064 0.037 0.053 0.012 0.037 0.043 0.024 0.016 0.069 0.108 0.079 0.035 0.027 0.026 0.044 0.021 
19 rattlesnake_vis 30 0.065 0.021 0.051 0.033 0.042 0.120 0.033 0.028 0.070 0.031 0.020 0.023 0.038 0.014 0.007 0.043 0.049 0.024 0.022 0.038 0.036 0.016 0.009 0.043 0.018 0.058 0.011 0.049 0.056 0.022 0.078 0.022 0.027 0.008 0.005 0.057 0.021 0.055 0.020 0.047 0.028 0.026 0.075 0.072 0.043 0.008 0.024 0.056 0.024 0.008 0.136 0.223 0.071 0.023 0.015 0.019 0.027 0.012 
20 crab_vis 30 0.079 0.021 0.055 0.036 0.056 0.106 0.039 0.030 0.048 0.053 0.026 0.022 0.039 0.020 0.009 0.049 0.056 0.031 0.025 0.037 0.052 0.019 0.015 0.028 0.028 0.041 0.023 0.040 0.062 0.035 0.079 0.024 0.025 0.013 0.013 0.044 0.034 0.046 0.020 0.039 0.022 0.053 0.048 0.042 0.046 0.016 0.037 0.035 0.023 0.018 0.070 0.106 0.077 0.031 0.027 0.022 0.051 0.020 
21 frog_vis 30 0.070 0.019 0.048 0.040 0.053 0.107 0.035 0.023 0.050 0.050 0.017 0.017 0.054 0.022 0.012 0.034 0.048 0.031 0.031 0.023 0.037 0.023 0.016 0.037 0.031 0.050 0.020 0.038 0.053 0.029 0.048 0.040 0.031 0.011 0.014 0.056 0.023 0.037 0.030 0.029 0.024 0.041 0.067 0.034 0.049 0.011 0.036 0.041 0.025 0.015 0.064 0.107 0.072 0.032 0.026 0.024 0.039 0.018 
22 gecko_vis 30 0.077 0.022 0.055 0.033 0.049 0.101 0.034 0.029 0.049 0.044 0.025 0.024 0.037 0.019 0.008 0.050 0.054 0.029 0.025 0.040 0.048 0.018 0.013 0.029 0.025 0.044 0.019 0.040 0.056 0.031 0.076 0.023 0.026 0.012 0.010 0.043 0.031 0.046 0.019 0.039 0.021 0.046 0.051 0.047 0.042 0.014 0.033 0.035 0.024 0.014 0.079 0.118 0.072 0.029 0.023 0.021 0.043 0.016 
23 crocodile_vis 30 0.072 0.017 0.053 0.030 0.060 0.111 0.035 0.028 0.053 0.044 0.016 0.021 0.038 0.024 0.007 0.044 0.049 0.028 0.030 0.033 0.053 0.015 0.012 0.030 0.027 0.041 0.019 0.037 0.050 0.033 0.084 0.029 0.030 0.013 0.011 0.040 0.028 0.051 0.022 0.031 0.017 0.045 0.058 0.041 0.053 0.013 0.042 0.035 0.022 0.012 0.074 0.122 0.081 0.027 0.024 0.018 0.044 0.015 
24 axe_vis 30 0.081 0.017 0.059 0.039 0.071 0.074 0.062 0.022 0.018 0.061 0.028 0.017 0.022 0.017 0.015 0.029 0.033 0.052 0.023 0.034 0.063 0.026 0.024 0.041 0.021 0.034 0.023 0.055 0.056 0.045 0.047 0.027 0.040 0.022 0.023 0.063 0.028 0.058 0.027 0.046 0.033 0.032 0.034 0.041 0.034 0.018 0.017 0.023 0.027 0.014 0.035 0.067 0.052 0.028 0.045 0.026 0.040 0.033 
25 hammer_vis 30 0.070 0.021 0.054 0.042 0.055 0.075 0.043 0.022 0.020 0.069 0.026 0.018 0.027 0.022 0.022 0.027 0.032 0.040 0.030 0.030 0.051 0.033 0.029 0.041 0.023 0.038 0.020 0.050 0.045 0.040 0.036 0.028 0.043 0.017 0.018 0.064 0.024 0.046 0.032 0.037 0.038 0.030 0.041 0.041 0.033 0.017 0.018 0.024 0.032 0.015 0.037 0.067 0.050 0.036 0.047 0.039 0.034 0.032 
26 screwdriver_vis 30 0.079 0.020 0.060 0.039 0.059 0.074 0.050 0.024 0.021 0.059 0.033 0.020 0.024 0.017 0.015 0.033 0.037 0.045 0.023 0.040 0.058 0.028 0.024 0.037 0.020 0.038 0.021 0.053 0.055 0.041 0.048 0.022 0.036 0.019 0.018 0.060 0.028 0.052 0.022 0.046 0.035 0.034 0.034 0.044 0.033 0.019 0.017 0.024 0.029 0.015 0.039 0.075 0.052 0.030 0.042 0.030 0.037 0.030 
27 chisel_vis 30 0.079 0.022 0.060 0.039 0.053 0.072 0.044 0.024 0.022 0.059 0.035 0.022 0.024 0.017 0.014 0.035 0.039 0.042 0.024 0.043 0.056 0.029 0.024 0.034 0.020 0.039 0.021 0.050 0.053 0.040 0.048 0.020 0.035 0.018 0.016 0.057 0.029 0.048 0.021 0.044 0.035 0.035 0.034 0.045 0.033 0.020 0.017 0.024 0.030 0.016 0.040 0.077 0.052 0.031 0.042 0.033 0.036 0.028 
28 saw_vis 30 0.079 0.018 0.058 0.040 0.064 0.075 0.056 0.023 0.018 0.062 0.030 0.018 0.023 0.017 0.016 0.030 0.034 0.048 0.023 0.035 0.060 0.027 0.025 0.040 0.021 0.036 0.022 0.055 0.055 0.043 0.046 0.025 0.038 0.020 0.020 0.062 0.028 0.054 0.026 0.046 0.035 0.032 0.035 0.042 0.033 0.018 0.017 0.024 0.028 0.014 0.037 0.069 0.052 0.030 0.045 0.029 0.038 0.033 
29 drill_vis 30 0.084 0.024 0.058 0.046 0.054 0.073 0.053 0.025 0.021 0.061 0.046 0.021 0.026 0.014 0.015 0.034 0.042 0.046 0.019 0.042 0.051 0.032 0.027 0.036 0.020 0.041 0.023 0.057 0.065 0.040 0.044 0.020 0.031 0.017 0.019 0.067 0.031 0.047 0.020 0.055 0.043 0.037 0.032 0.046 0.031 0.021 0.016 0.025 0.030 0.018 0.040 0.076 0.050 0.031 0.042 0.034 0.039 0.033 
30 clamp_vis 30 0.062 0.028 0.046 0.056 0.042 0.105 0.044 0.029 0.031 0.086 0.033 0.018 0.037 0.018 0.029 0.023 0.039 0.031 0.027 0.023 0.035 0.047 0.036 0.039 0.025 0.048 0.017 0.058 0.050 0.038 0.026 0.024 0.036 0.009 0.019 0.099 0.025 0.039 0.032 0.040 0.062 0.037 0.049 0.050 0.035 0.018 0.018 0.029 0.045 0.024 0.045 0.087 0.048 0.049 0.052 0.067 0.035 0.034 
31 hoe_vis 30 0.069 0.022 0.055 0.040 0.055 0.092 0.050 0.030 0.030 0.065 0.030 0.020 0.026 0.020 0.016 0.031 0.038 0.035 0.026 0.034 0.054 0.030 0.024 0.036 0.022 0.038 0.018 0.056 0.051 0.043 0.048 0.021 0.036 0.014 0.017 0.066 0.029 0.057 0.026 0.044 0.039 0.037 0.041 0.054 0.036 0.020 0.021 0.026 0.036 0.018 0.051 0.090 0.052 0.035 0.041 0.037 0.040 0.028 
32 rake_vis 30 0.065 0.024 0.049 0.051 0.051 0.099 0.055 0.028 0.033 0.077 0.030 0.017 0.034 0.019 0.027 0.023 0.038 0.035 0.027 0.023 0.040 0.043 0.032 0.040 0.026 0.043 0.017 0.060 0.053 0.042 0.031 0.027 0.037 0.010 0.022 0.097 0.027 0.046 0.035 0.042 0.055 0.037 0.046 0.048 0.036 0.018 0.020 0.029 0.043 0.024 0.047 0.085 0.047 0.043 0.048 0.053 0.039 0.034 
33 shovel_vis 30 0.066 0.027 0.055 0.040 0.043 0.089 0.035 0.031 0.030 0.068 0.034 0.023 0.027 0.021 0.016 0.036 0.040 0.030 0.028 0.040 0.051 0.032 0.026 0.031 0.021 0.040 0.018 0.049 0.046 0.039 0.045 0.017 0.035 0.012 0.014 0.059 0.028 0.048 0.021 0.039 0.039 0.039 0.039 0.054 0.035 0.021 0.020 0.025 0.038 0.018 0.048 0.090 0.053 0.039 0.043 0.046 0.036 0.026 
34 spade_vis 30 0.068 0.021 0.054 0.041 0.056 0.093 0.053 0.029 0.030 0.065 0.029 0.019 0.026 0.020 0.017 0.029 0.037 0.036 0.026 0.032 0.053 0.030 0.025 0.037 0.023 0.038 0.018 0.057 0.052 0.043 0.046 0.023 0.037 0.013 0.018 0.070 0.029 0.057 0.028 0.044 0.040 0.036 0.042 0.053 0.036 0.019 0.021 0.027 0.036 0.018 0.050 0.089 0.052 0.035 0.042 0.037 0.040 0.029 
35 wrench_vis 30 0.067 0.025 0.054 0.038 0.049 0.090 0.046 0.031 0.032 0.065 0.030 0.021 0.025 0.021 0.018 0.031 0.038 0.032 0.027 0.033 0.051 0.031 0.025 0.031 0.022 0.037 0.017 0.054 0.046 0.043 0.043 0.020 0.035 0.013 0.017 0.065 0.030 0.054 0.026 0.040 0.039 0.039 0.040 0.056 0.033 0.021 0.021 0.024 0.041 0.020 0.051 0.086 0.048 0.038 0.042 0.042 0.040 0.026 
36 accordion_vis 30 0.078 0.023 0.059 0.040 0.054 0.078 0.049 0.026 0.023 0.061 0.037 0.021 0.025 0.017 0.015 0.035 0.039 0.042 0.022 0.040 0.055 0.030 0.025 0.034 0.020 0.039 0.021 0.054 0.056 0.042 0.047 0.020 0.033 0.017 0.018 0.061 0.030 0.052 0.022 0.048 0.037 0.038 0.035 0.048 0.032 0.021 0.018 0.024 0.032 0.017 0.043 0.079 0.051 0.033 0.041 0.034 0.040 0.029 
37 cello_vis 30 0.077 0.015 0.057 0.040 0.083 0.085 0.080 0.023 0.019 0.065 0.026 0.016 0.021 0.017 0.015 0.025 0.032 0.054 0.021 0.030 0.067 0.025 0.024 0.044 0.022 0.032 0.022 0.062 0.060 0.050 0.051 0.028 0.041 0.021 0.027 0.070 0.029 0.069 0.030 0.051 0.035 0.032 0.035 0.043 0.036 0.018 0.018 0.024 0.027 0.014 0.036 0.071 0.054 0.027 0.048 0.026 0.044 0.037 
38 flute_vis 30 0.076 0.020 0.059 0.039 0.060 0.078 0.052 0.025 0.022 0.061 0.032 0.020 0.023 0.018 0.015 0.032 0.037 0.044 0.024 0.039 0.060 0.027 0.024 0.036 0.020 0.036 0.021 0.053 0.054 0.043 0.049 0.022 0.037 0.018 0.019 0.061 0.029 0.055 0.023 0.046 0.035 0.035 0.035 0.046 0.034 0.020 0.018 0.024 0.030 0.015 0.040 0.077 0.052 0.030 0.043 0.031 0.038 0.030 
39 guitar_vis 30 0.077 0.017 0.057 0.038 0.071 0.081 0.066 0.024 0.019 0.062 0.028 0.017 0.021 0.017 0.015 0.028 0.033 0.049 0.023 0.033 0.063 0.025 0.024 0.039 0.021 0.033 0.021 0.057 0.055 0.046 0.048 0.026 0.039 0.021 0.023 0.064 0.029 0.062 0.028 0.047 0.033 0.033 0.036 0.044 0.034 0.019 0.018 0.023 0.029 0.014 0.038 0.071 0.052 0.029 0.045 0.027 0.042 0.032 
40 piano_vis 30 0.079 0.016 0.053 0.044 0.070 0.091 0.071 0.027 0.019 0.069 0.030 0.016 0.022 0.016 0.016 0.028 0.034 0.048 0.020 0.030 0.062 0.026 0.026 0.040 0.023 0.033 0.023 0.062 0.059 0.048 0.047 0.025 0.036 0.019 0.026 0.068 0.031 0.062 0.028 0.051 0.036 0.038 0.037 0.046 0.035 0.020 0.018 0.023 0.027 0.016 0.038 0.068 0.053 0.031 0.048 0.028 0.047 0.036 
41 trumpet_vis 30 0.074 0.016 0.051 0.046 0.074 0.092 0.083 0.026 0.021 0.069 0.026 0.014 0.025 0.017 0.020 0.022 0.032 0.050 0.022 0.024 0.055 0.031 0.029 0.045 0.025 0.035 0.022 0.066 0.059 0.049 0.039 0.031 0.040 0.017 0.031 0.085 0.028 0.062 0.036 0.049 0.043 0.035 0.041 0.044 0.037 0.019 0.018 0.025 0.032 0.018 0.038 0.070 0.049 0.032 0.050 0.032 0.045 0.038 
42 fork_vis 30 0.089 0.014 0.048 0.057 0.083 0.105 0.135 0.028 0.016 0.071 0.039 0.012 0.024 0.010 0.019 0.021 0.036 0.072 0.013 0.022 0.052 0.030 0.031 0.045 0.024 0.037 0.029 0.083 0.084 0.053 0.035 0.031 0.031 0.020 0.051 0.105 0.035 0.065 0.029 0.071 0.052 0.046 0.036 0.042 0.034 0.022 0.015 0.024 0.027 0.021 0.032 0.063 0.049 0.029 0.056 0.026 0.057 0.046 
43 spoon_vis 30 0.090 0.019 0.055 0.051 0.073 0.093 0.116 0.026 0.022 0.066 0.048 0.015 0.027 0.010 0.020 0.024 0.041 0.065 0.014 0.027 0.047 0.037 0.029 0.040 0.022 0.040 0.025 0.077 0.089 0.050 0.036 0.028 0.028 0.018 0.041 0.107 0.036 0.059 0.026 0.074 0.054 0.045 0.034 0.045 0.029 0.022 0.016 0.026 0.033 0.025 0.039 0.072 0.045 0.032 0.047 0.030 0.056 0.042 
44 tongs_vis 30 0.069 0.017 0.052 0.038 0.070 0.093 0.069 0.027 0.023 0.069 0.022 0.016 0.022 0.022 0.020 0.024 0.030 0.042 0.027 0.024 0.060 0.027 0.026 0.039 0.025 0.031 0.020 0.059 0.047 0.050 0.042 0.029 0.042 0.017 0.027 0.070 0.030 0.064 0.039 0.041 0.034 0.036 0.042 0.048 0.034 0.019 0.021 0.021 0.035 0.018 0.042 0.068 0.048 0.035 0.049 0.031 0.046 0.031 
45 ladle_vis 30 0.082 0.017 0.054 0.045 0.077 0.096 0.109 0.027 0.023 0.065 0.036 0.015 0.024 0.013 0.019 0.024 0.037 0.059 0.016 0.026 0.054 0.032 0.026 0.039 0.022 0.036 0.023 0.073 0.074 0.052 0.040 0.028 0.032 0.018 0.038 0.094 0.034 0.068 0.029 0.063 0.046 0.042 0.036 0.047 0.032 0.021 0.018 0.025 0.033 0.022 0.041 0.074 0.047 0.031 0.047 0.028 0.054 0.038 
46 knife_vis 30 0.107 0.013 0.052 0.073 0.128 0.123 0.297 0.020 0.015 0.083 0.056 0.008 0.031 0.006 0.026 0.015 0.039 0.138 0.008 0.016 0.043 0.047 0.034 0.060 0.022 0.045 0.032 0.121 0.164 0.061 0.025 0.050 0.028 0.021 0.116 0.223 0.033 0.073 0.033 0.119 0.086 0.043 0.035 0.034 0.031 0.019 0.012 0.032 0.028 0.025 0.027 0.069 0.047 0.026 0.064 0.026 0.071 0.078 
47 chopsticks_vis 30 0.093 0.010 0.051 0.054 0.144 0.117 0.255 0.020 0.014 0.077 0.032 0.008 0.023 0.008 0.021 0.015 0.031 0.115 0.011 0.016 0.057 0.031 0.028 0.059 0.023 0.034 0.030 0.099 0.110 0.064 0.032 0.053 0.036 0.028 0.095 0.153 0.033 0.086 0.041 0.082 0.052 0.038 0.036 0.034 0.034 0.018 0.014 0.025 0.026 0.018 0.027 0.062 0.050 0.025 0.065 0.021 0.066 0.059 
