0 beaver_vis 30 0.995 0.000 0.032 0.940 0.003 0.001 0.000 0.625 0.000 0.000 0.000 0.000 0.000 0.000 0.000 0.000 0.003 0.000 0.001 0.001 0.001 0.002 0.120 0.022 0.000 0.000 0.001 0.002 0.000 0.021 0.000 0.000 0.004 0.001 0.000 0.018 0.000 0.001 0.001 0.000 0.000 0.001 0.748 0.238 0.001 0.000 0.000 0.000 0.000 0.000 0.001 0.001 0.000 0.000 0.000 0.000 0.000 0.000 
1 bear_vis 30 0.995 0.000 0.042 0.950 0.006 0.003 0.000 0.464 0.000 0.000 0.001 0.000 0.000 0.000 0.001 0.000 0.005 0.000 0.001 0.001 0.001 0.003 0.107 0.016 0.000 0.001 0.001 0.003 0.000 0.057 0.000 0.000 0.003 0.002 0.000 0.133 0.000 0.001 0.001 0.000 0.000 0.001 0.965 0.302 0.001 0.000 0.000 0.000 0.000 0.000 0.001 0.001 0.000 0.000 0.000 0.000 0.000 0.000 
2 sheep_vis 30 0.995 0.000 0.055 0.950 0.008 0.006 0.000 0.278 0.000 0.000 0.001 0.000 0.000 0.000 0.001 0.000 0.008 0.000 0.001 0.001 0.001 0.003 0.115 0.010 0.000 0.001 0.001 0.004 0.000 0.070 0.000 0.000 0.004 0.002 0.000 0.310 0.000 0.001 0.001 0.000 0.000 0.001 0.968 0.267 0.001 0.000 0.000 0.000 0.000 0.000 0.002 0.001 0.001 0.000 0.000 0.000 0.000 0.000 
3 buffalo_vis 30 0.995 0.000 0.049 0.950 0.006 0.002 0.000 0.445 0.000 0.000 0.000 0.000 0.000 0.000 0.001 0.000 0.006 0.000 0.001 0.001 0.001 0.003 0.125 0.014 0.000 0.001 0.001 0.004 0.000 0.054 0.000 0.000 0.005 0.002 0.000 0.144 0.000 0.001 0.001 0.000 0.000 0.000 0.961 0.281 0.001 0.000 0.000 0.000 0.000 0.000 0.001 0.001 0.000 0.000 0.000 0.000 0.000 0.000 
4 poodle_vis 30 0.995 0.000 0.043 0.953 0.003 0.001 0.000 0.682 0.000 0.000 0.000 0.000 0.000 0.000 0.000 0.000 0.002 0.000 0.002 0.001 0.001 0.002 0.222 0.012 0.000 0.000 0.001 0.002 0.000 0.008 0.000 0.000 0.009 0.001 0.000 0.009 0.000 0.001 0.001 0.000 0.000 0.001 0.478 0.128 0.001 0.000 0.000 0.000 0.000 0.000 0.001 0.001 0.000 0.000 0.000 0.000 0.000 0.000 
5 giraffe_vis 30 0.995 0.000 0.040 0.946 0.005 0.001 0.000 0.535 0.000 0.000 0.001 0.000 0.000 0.000 0.000 0.000 0.004 0.000 0.001 0.001 0.001 0.003 0.110 0.020 0.000 0.001 0.001 0.003 0.000 0.045 0.000 0.000 0.004 0.002 0.000 0.071 0.000 0.001 0.001 0.000 0.000 0.001 0.944 0.298 0.001 0.000 0.000 0.000 0.000 0.000 0.001 0.001 0.000 0.000 0.000 0.000 0.000 0.000 
6 robin_vis 30 0.991 0.000 0.059 0.922 0.002 0.001 0.000 0.704 0.000 0.000 0.000 0.000 0.000 0.000 0.000 0.000 0.004 0.000 0.002 0.001 0.001 0.002 0.198 0.007 0.000 0.000 0.000 0.001 0.000 0.005 0.000 0.000 0.008 0.001 0.000 0.015 0.000 0.001 0.002 0.000 0.001 0.001 0.463 0.084 0.002 0.001 0.001 0.000 0.000 0.000 0.002 0.001 0.000 0.000 0.000 0.000 0.000 0.000 
7 swan_vis 30 0.995 0.000 0.038 0.947 0.003 0.001 0.000 0.662 0.000 0.000 0.000 0.000 0.000 0.000 0.000 0.000 0.002 0.000 0.001 0.001 0.001 0.002 0.165 0.015 0.000 0.000 0.000 0.002 0.000 0.013 0.000 0.000 0.007 0.001 0.000 0.012 0.000 0.001 0.001 0.000 0.000 0.001 0.668 0.150 0.001 0.000 0.000 0.000 0.000 0.000 0.001 0.001 0.000 0.000 0.000 0.000 0.000 0.000 
8 woodpecker_vis 30 0.087 0.000 0.214 0.102 0.000 0.886 0.000 0.990 0.000 0.023 0.000 0.000 0.000 0.000 0.000 0.000 0.007 0.000 0.031 0.001 0.001 0.002 0.100 0.001 0.001 0.000 0.000 0.001 0.000 0.001 0.000 0.000 0.001 0.001 0.000 0.026 0.000 0.001 0.003 0.000 0.001 0.008 0.789 0.059 0.031 0.001 0.052 0.000 0.000 0.000 0.102 0.003 0.001 0.000 0.001 0.003 0.000 0.000 
9 peacock_vis 30 0.995 0.000 0.032 0.940 0.003 0.001 0.000 0.624 0.000 0.000 0.000 0.000 0.000 0.000 0.000 0.000 0.003 0.000 0.001 0.001 0.001 0.002 0.120 0.021 0.000 0.000 0.001 0.002 0.000 0.019 0.000 0.000 0.004 0.001 0.000 0.018 0.000 0.001 0.001 0.000 0.000 0.001 0.722 0.225 0.001 0.000 0.000 0.000 0.000 0.000 0.001 0.001 0.000 0.000 0.000 0.000 0.000 0.000 
10 crow_vis 30 0.994 0.000 0.040 0.947 0.003 0.001 0.000 0.670 0.000 0.000 0.000 0.000 0.000 0.000 0.000 0.000 0.002 0.000 0.002 0.001 0.001 0.002 0.194 0.012 0.000 0.000 0.000 0.002 0.000 0.008 0.000 0.000 0.009 0.001 0.000 0.009 0.000 0.001 0.001 0.000 0.000 0.001 0.493 0.125 0.001 0.000 0.000 0.000 0.000 0.000 0.001 0.001 0.000 0.000 0.000 0.000 0.000 0.000 
11 eagle_vis 30 0.907 0.000 0.122 0.806 0.001 0.015 0.000 0.926 0.000 0.001 0.000 0.000 0.000 0.000 0.000 0.000 0.004 0.000 0.007 0.001 0.001 0.002 0.408 0.002 0.001 0.000 0.000 0.001 0.000 0.001 0.000 0.000 0.026 0.001 0.000 0.012 0.000 0.001 0.002 0.000 0.001 0.004 0.336 0.041 0.008 0.001 0.004 0.000 0.000 0.000 0.005 0.001 0.000 0.000 0.000 0.001 0.000 0.000 
12 tuna_vis 30 0.995 0.000 0.049 0.951 0.009 0.003 0.000 0.263 0.000 0.000 0.001 0.000 0.000 0.000 0.001 0.000 0.007 0.001 0.001 0.001 0.001 0.004 0.124 0.010 0.000 0.001 0.001 0.004 0.000 0.061 0.000 0.000 0.004 0.005 0.000 0.245 0.000 0.001 0.001 0.000 0.000 0.000 0.955 0.287 0.001 0.000 0.000 0.000 0.000 0.000 0.001 0.001 0.000 0.000 0.000 0.000 0.000 0.000 
13 goldfish_vis 30 0.996 0.000 0.066 0.953 0.010 0.002 0.000 0.204 0.000 0.000 0.001 0.000 0.000 0.000 0.001 0.000 0.010 0.001 0.001 0.001 0.002 0.004 0.166 0.005 0.000 0.001 0.001 0.005 0.000 0.056 0.000 0.000 0.005 0.005 0.000 0.351 0.000 0.001 0.001 0.000 0.000 0.000 0.960 0.223 0.001 0.000 0.000 0.000 0.000 0.000 0.002 0.001 0.000 0.000 0.000 0.000 0.000 0.000 
14 salmon_vis 30 0.995 0.000 0.057 0.951 0.010 0.005 0.000 0.199 0.000 0.000 0.001 0.000 0.000 0.000 0.001 0.000 0.011 0.000 0.001 0.001 0.001 0.004 0.122 0.008 0.000 0.001 0.001 0.005 0.000 0.082 0.000 0.000 0.003 0.003 0.000 0.399 0.000 0.001 0.001 0.000 0.000 0.001 0.972 0.253 0.001 0.000 0.000 0.000 0.000 0.000 0.002 0.001 0.001 0.000 0.000 0.000 0.000 0.000 
15 sardine_vis 30 0.995 0.000 0.276 0.972 0.016 0.001 0.000 0.041 0.000 0.000 0.000 0.000 0.000 0.000 0.001 0.000 0.041 0.001 0.001 0.001 0.002 0.006 0.579 0.001 0.000 0.001 0.001 0.019 0.000 0.022 0.000 0.000 0.034 0.006 0.000 0.588 0.000 0.002 0.001 0.000 0.000 0.000 0.940 0.055 0.001 0.000 0.000 0.000 0.000 0.000 0.031 0.001 0.001 0.000 0.000 0.000 0.000 0.000 
16 catfish_vis 30 0.996 0.000 0.107 0.966 0.011 0.001 0.000 0.264 0.000 0.000 0.000 0.000 0.000 0.000 0.001 0.000 0.010 0.001 0.001 0.001 0.002 0.004 0.284 0.002 0.000 0.000 0.001 0.005 0.000 0.030 0.000 0.000 0.016 0.005 0.000 0.251 0.000 0.001 0.001 0.000 0.000 0.000 0.937 0.109 0.001 0.000 0.000 0.000 0.000 0.000 0.004 0.001 0.000 0.000 0.000 0.000 0.000 0.000 
17 cod_vis 30 0.995 0.000 0.081 0.948 0.013 0.002 0.000 0.066 0.000 0.000 0.001 0.000 0.000 0.000 0.001 0.000 0.021 0.001 0.001 0.001 0.002 0.005 0.169 0.003 0.000 0.001 0.001 0.007 0.000 0.086 0.000 0.000 0.004 0.005 0.000 0.704 0.000 0.002 0.001 0.000 0.000 0.000 0.966 0.211 0.001 0.000 0.000 0.000 0.000 0.000 0.006 0.001 0.001 0.000 0.000 0.000 0.000 0.000 
18 turtle_vis 30 0.995 0.000 0.039 0.943 0.006 0.002 0.000 0.463 0.000 0.000 0.000 0.000 0.000 0.000 0.001 0.000 0.005 0.000 0.001 0.001 0.001 0.003 0.104 0.017 0.000 0.000 0.001 0.003 0.000 0.056 0.000 0.000 0.004 0.003 0.000 0.120 0.000 0.001 0.001 0.000 0.000 0.000 0.951 0.298 0.001 0.000 0.000 0.000 0.000 0.000 0.001 0.001 0.000 0.000 0.000 0.000 0.000 0.000 
19 rattlesnake_vis 30 0.994 0.000 0.050 0.955 0.002 0.001 0.000 0.716 0.001 0.000 0.000 0.000 0.000 0.000 0.000 0.000 0.002 0.000 0.002 0.001 0.001 0.003 0.314 0.006 0.000 0.000 0.000 0.001 0.000 0.004 0.000 0.000 0.016 0.001 0.000 0.010 0.000 0.001 0.002 0.000 0.001 0.001 0.314 0.080 0.001 0.000 0.000 0.000 0.000 0.000 0.001 0.001 0.000 0.000 0.000 0.000 0.000 0.000 
20 crab_vis 30 0.995 0.000 0.050 0.948 0.011 0.015 0.000 0.252 0.000 0.000 0.001 0.000 0.000 0.000 0.001 0.000 0.007 0.001 0.001 0.001 0.002 0.004 0.106 0.011 0.000 0.000 0.001 0.004 0.000 0.074 0.000 0.000 0.004 0.006 0.000 0.321 0.000 0.001 0.001 0.000 0.000 0.000 0.955 0.309 0.000 0.000 0.000 0.000 0.000 0.000 0.002 0.001 0.001 0.000 0.000 0.000 0.000 0.000 
21 frog_vis 30 0.995 0.000 0.073 0.944 0.015 0.022 0.000 0.108 0.000 0.000 0.000 0.000 0.000 0.000 0.001 0.000 0.013 0.000 0.001 0.001 0.002 0.004 0.125 0.004 0.000 0.000 0.001 0.005 0.000 0.082 0.000 0.000 0.005 0.004 0.000 0.658 0.000 0.001 0.001 0.000 0.000 0.000 0.958 0.234 0.001 0.000 0.000 0.000 0.000 0.000 0.005 0.001 0.001 0.000 0.000 0.000 0.000 0.000 
22 gecko_vis 30 0.995 0.000 0.034 0.943 0.006 0.002 0.000 0.472 0.000 0.000 0.001 0.000 0.000 0.000 0.001 0.000 0.004 0.001 0.001 0.001 0.001 0.003 0.091 0.021 0.000 0.001 0.001 0.003 0.000 0.049 0.000 0.000 0.003 0.003 0.000 0.090 0.000 0.001 0.001 0.000 0.000 0.001 0.941 0.344 0.001 0.000 0.000 0.000 0.000 0.000 0.001 0.001 0.000 0.000 0.000 0.000 0.000 0.000 
23 crocodile_vis 30 0.995 0.000 0.033 0.940 0.005 0.002 0.000 0.511 0.000 0.000 0.001 0.000 0.000 0.000 0.001 0.000 0.004 0.000 0.001 0.001 0.001 0.003 0.092 0.022 0.000 0.000 0.001 0.003 0.000 0.048 0.000 0.000 0.003 0.003 0.000 0.077 0.000 0.001 0.001 0.000 0.000 0.001 0.935 0.323 0.001 0.000 0.000 0.000 0.000 0.000 0.001 0.001 0.000 0.000 0.000 0.000 0.000 0.000 
24 axe_vis 30 0.982 0.000 0.107 0.703 0.007 0.309 0.000 0.139 0.001 0.000 0.000 0.000 0.000 0.000 0.001 0.000 0.028 0.000 0.001 0.001 0.002 0.005 0.110 0.001 0.000 0.000 0.000 0.004 0.000 0.050 0.000 0.000 0.004 0.004 0.000 0.949 0.000 0.002 0.001 0.000 0.000 0.000 0.964 0.237 0.001 0.000 0.000 0.001 0.000 0.001 0.068 0.001 0.003 0.000 0.000 0.000 0.000 0.000 
25 hammer_vis 30 0.995 0.000 0.048 0.951 0.007 0.003 0.000 0.375 0.001 0.000 0.000 0.000 0.000 0.000 0.001 0.000 0.005 0.000 0.001 0.001 0.002 0.003 0.114 0.009 0.000 0.000 0.000 0.003 0.000 0.043 0.000 0.000 0.004 0.003 0.000 0.179 0.000 0.001 0.001 0.000 0.000 0.001 0.968 0.334 0.001 0.000 0.000 0.000 0.000 0.000 0.002 0.001 0.000 0.000 0.000 0.000 0.000 0.000 
26 screwdriver_vis 30 0.994 0.000 0.295 0.862 0.054 0.001 0.000 0.005 0.001 0.000 0.000 0.000 0.000 0.000 0.001 0.001 0.044 0.001 0.001 0.001 0.007 0.012 0.803 0.000 0.000 0.001 0.000 0.110 0.000 0.011 0.000 0.001 0.175 0.014 0.000 0.287 0.000 0.001 0.001 0.000 0.000 0.000 0.157 0.010 0.001 0.000 0.001 0.001 0.000 0.001 0.091 0.001 0.000 0.000 0.000 0.000 0.000 0.000 
27 chisel_vis 30 0.995 0.000 0.091 0.932 0.018 0.012 0.000 0.021 0.001 0.000 0.000 0.000 0.000 0.000 0.001 0.000 0.021 0.000 0.001 0.001 0.002 0.004 0.140 0.001 0.000 0.000 0.000 0.005 0.000 0.095 0.000 0.000 0.005 0.005 0.000 0.928 0.000 0.002 0.001 0.000 0.000 0.000 0.964 0.201 0.001 0.000 0.000 0.000 0.000 0.000 0.015 0.001 0.001 0.000 0.000 0.000 0.000 0.000 
28 saw_vis 30 0.995 0.000 0.049 0.969 0.006 0.009 0.000 0.526 0.001 0.000 0.001 0.000 0.000 0.000 0.001 0.000 0.003 0.001 0.001 0.002 0.001 0.004 0.133 0.020 0.000 0.001 0.001 0.002 0.000 0.014 0.000 0.000 0.003 0.002 0.000 0.054 0.000 0.001 0.001 0.000 0.000 0.001 0.913 0.730 0.001 0.001 0.000 0.000 0.000 0.000 0.001 0.002 0.000 0.000 0.000 0.000 0.000 0.000 
29 drill_vis 30 0.994 0.000 0.036 0.956 0.005 0.004 0.000 0.580 0.000 0.000 0.001 0.001 0.000 0.000 0.001 0.000 0.002 0.001 0.002 0.002 0.001 0.003 0.098 0.029 0.000 0.001 0.001 0.001 0.000 0.019 0.000 0.000 0.002 0.001 0.000 0.027 0.000 0.001 0.002 0.000 0.000 0.001 0.888 0.566 0.001 0.001 0.000 0.000 0.000 0.000 0.001 0.002 0.000 0.000 0.000 0.000 0.000 0.000 
30 clamp_vis 30 0.994 0.000 0.054 0.934 0.010 0.001 0.000 0.057 0.001 0.000 0.000 0.000 0.000 0.000 0.001 0.000 0.009 0.000 0.001 0.001 0.002 0.003 0.126 0.003 0.000 0.000 0.000 0.005 0.000 0.083 0.000 0.000 0.004 0.004 0.000 0.624 0.000 0.001 0.001 0.000 0.000 0.000 0.969 0.190 0.001 0.000 0.000 0.000 0.000 0.000 0.005 0.001 0.001 0.000 0.000 0.000 0.000 0.000 
31 hoe_vis 30 0.665 0.000 0.154 0.270 0.002 0.567 0.010 0.037 0.001 0.002 0.000 0.000 0.000 0.000 0.002 0.000 0.107 0.000 0.003 0.001 0.003 0.008 0.078 0.000 0.000 0.000 0.000 0.004 0.000 0.023 0.000 0.000 0.002 0.003 0.000 0.983 0.000 0.017 0.004 0.000 0.001 0.001 0.934 0.094 0.001 0.000 0.001 0.001 0.000 0.001 0.468 0.001 0.007 0.000 0.001 0.000 0.000 0.000 
32 rake_vis 30 0.994 0.000 0.054 0.926 0.010 0.002 0.000 0.047 0.001 0.000 0.000 0.000 0.000 0.000 0.001 0.000 0.009 0.000 0.001 0.001 0.002 0.003 0.117 0.003 0.000 0.000 0.000 0.004 0.000 0.080 0.000 0.000 0.003 0.003 0.000 0.682 0.000 0.001 0.001 0.000 0.001 0.001 0.966 0.175 0.001 0.000 0.000 0.000 0.000 0.000 0.006 0.001 0.001 0.000 0.000 0.000 0.000 0.000 
33 shovel_vis 30 0.994 0.000 0.070 0.931 0.014 0.001 0.000 0.015 0.001 0.000 0.000 0.000 0.000 0.000 0.001 0.000 0.017 0.000 0.001 0.001 0.002 0.004 0.154 0.001 0.000 0.000 0.000 0.008 0.000 0.098 0.000 0.000 0.004 0.005 0.000 0.912 0.000 0.002 0.001 0.000 0.000 0.000 0.965 0.161 0.001 0.000 0.000 0.000 0.000 0.000 0.011 0.001 0.001 0.000 0.000 0.000 0.000 0.000 
34 spade_vis 30 0.994 0.000 0.062 0.922 0.011 0.001 0.000 0.025 0.001 0.000 0.000 0.000 0.000 0.000 0.001 0.000 0.012 0.000 0.001 0.001 0.002 0.003 0.130 0.002 0.000 0.000 0.000 0.005 0.000 0.085 0.000 0.000 0.003 0.004 0.000 0.833 0.000 0.002 0.001 0.000 0.001 0.001 0.961 0.160 0.001 0.000 0.000 0.001 0.000 0.000 0.009 0.001 0.001 0.000 0.000 0.000 0.000 0.000 
35 wrench_vis 30 0.993 0.000 0.095 0.917 0.018 0.002 0.000 0.015 0.001 0.000 0.000 0.000 0.000 0.000 0.001 0.000 0.031 0.000 0.001 0.001 0.002 0.004 0.152 0.001 0.000 0.000 0.000 0.006 0.000 0.094 0.000 0.000 0.003 0.005 0.000 0.962 0.000 0.003 0.002 0.000 0.001 0.001 0.953 0.138 0.001 0.000 0.000 0.000 0.000 0.000 0.028 0.001 0.001 0.000 0.000 0.000 0.000 0.000 
36 accordion_vis 30 0.908 0.000 0.361 0.485 0.001 0.001 0.000 0.100 0.001 0.002 0.000 0.000 0.000 0.000 0.001 0.000 0.091 0.001 0.003 0.001 0.004 0.013 0.510 0.000 0.001 0.000 0.000 0.017 0.000 0.002 0.000 0.000 0.009 0.003 0.000 0.764 0.000 0.006 0.004 0.000 0.001 0.001 0.519 0.025 0.001 0.001 0.001 0.001 0.000 0.001 0.499 0.001 0.001 0.000 0.000 0.000 0.002 0.000 
37 cello_vis 30 0.988 0.000 0.040 0.910 0.003 0.001 0.000 0.388 0.001 0.000 0.000 0.000 0.000 0.000 0.001 0.000 0.004 0.000 0.003 0.001 0.001 0.003 0.105 0.012 0.000 0.000 0.000 0.001 0.000 0.015 0.000 0.000 0.002 0.001 0.000 0.051 0.000 0.002 0.003 0.000 0.001 0.001 0.680 0.297 0.001 0.001 0.000 0.000 0.000 0.000 0.002 0.001 0.001 0.000 0.000 0.000 0.000 0.000 
38 flute_vis 30 0.994 0.000 0.462 0.968 0.013 0.001 0.000 0.016 0.001 0.000 0.000 0.000 0.000 0.000 0.001 0.000 0.067 0.001 0.001 0.001 0.003 0.011 0.874 0.000 0.001 0.001 0.000 0.131 0.000 0.005 0.000 0.000 0.117 0.004 0.000 0.594 0.000 0.002 0.001 0.000 0.001 0.001 0.784 0.017 0.001 0.000 0.000 0.001 0.000 0.001 0.075 0.001 0.000 0.000 0.000 0.000 0.001 0.000 
39 guitar_vis 30 0.982 0.000 0.139 0.844 0.007 0.001 0.000 0.023 0.001 0.000 0.000 0.000 0.000 0.000 0.001 0.000 0.058 0.000 0.003 0.001 0.002 0.008 0.310 0.000 0.000 0.000 0.000 0.012 0.000 0.019 0.000 0.000 0.004 0.003 0.000 0.937 0.000 0.004 0.003 0.000 0.001 0.001 0.574 0.061 0.001 0.001 0.000 0.001 0.000 0.001 0.053 0.001 0.001 0.000 0.000 0.000 0.000 0.000 
40 piano_vis 30 0.973 0.000 0.253 0.782 0.001 0.001 0.001 0.082 0.001 0.000 0.000 0.000 0.000 0.000 0.001 0.000 0.031 0.001 0.003 0.001 0.002 0.007 0.643 0.000 0.001 0.001 0.000 0.017 0.000 0.002 0.000 0.000 0.020 0.002 0.000 0.269 0.000 0.003 0.003 0.000 0.001 0.001 0.214 0.024 0.001 0.001 0.001 0.001 0.000 0.001 0.086 0.001 0.000 0.000 0.000 0.000 0.000 0.000 
41 trumpet_vis 30 0.990 0.000 0.045 0.899 0.004 0.003 0.000 0.343 0.001 0.000 0.000 0.000 0.000 0.000 0.001 0.000 0.005 0.000 0.002 0.001 0.001 0.003 0.096 0.007 0.000 0.000 0.000 0.002 0.000 0.026 0.000 0.000 0.003 0.001 0.000 0.134 0.000 0.002 0.002 0.000 0.001 0.001 0.918 0.177 0.001 0.000 0.000 0.000 0.000 0.000 0.003 0.001 0.001 0.000 0.000 0.000 0.000 0.000 
42 fork_vis 30 0.983 0.000 0.335 0.877 0.003 0.001 0.001 0.030 0.001 0.001 0.000 0.000 0.000 0.000 0.001 0.000 0.069 0.001 0.003 0.001 0.002 0.012 0.673 0.000 0.000 0.001 0.000 0.034 0.000 0.003 0.000 0.000 0.022 0.002 0.000 0.712 0.000 0.004 0.005 0.000 0.001 0.001 0.509 0.024 0.001 0.001 0.001 0.001 0.000 0.001 0.131 0.001 0.001 0.000 0.000 0.000 0.001 0.000 
43 spoon_vis 30 0.984 0.000 0.311 0.002 0.925 0.003 0.000 0.002 0.032 0.000 0.000 0.000 0.000 0.000 0.001 0.001 0.003 0.000 0.001 0.001 0.152 0.021 0.087 0.000 0.000 0.000 0.000 0.013 0.000 0.055 0.000 0.010 0.948 0.055 0.000 0.031 0.000 0.004 0.003 0.000 0.001 0.000 0.084 0.007 0.001 0.001 0.014 0.017 0.000 0.006 0.987 0.002 0.000 0.001 0.000 0.000 0.000 0.000 
44 tongs_vis 30 0.994 0.000 0.075 0.927 0.018 0.011 0.000 0.018 0.001 0.000 0.000 0.000 0.000 0.000 0.001 0.000 0.016 0.000 0.001 0.001 0.002 0.004 0.117 0.002 0.000 0.000 0.000 0.004 0.000 0.099 0.000 0.000 0.003 0.004 0.000 0.920 0.000 0.002 0.001 0.000 0.001 0.001 0.959 0.176 0.001 0.000 0.000 0.001 0.000 0.000 0.014 0.001 0.001 0.000 0.000 0.000 0.000 0.000 
45 ladle_vis 30 0.987 0.000 0.258 0.003 0.947 0.001 0.000 0.002 0.017 0.000 0.000 0.000 0.000 0.000 0.001 0.002 0.004 0.000 0.001 0.001 0.145 0.016 0.079 0.000 0.000 0.000 0.000 0.019 0.000 0.073 0.000 0.014 0.961 0.049 0.000 0.029 0.000 0.002 0.002 0.000 0.001 0.000 0.104 0.004 0.001 0.001 0.010 0.016 0.000 0.003 0.986 0.002 0.000 0.001 0.000 0.000 0.000 0.000 
46 knife_vis 30 0.985 0.000 0.391 0.004 0.928 0.002 0.000 0.002 0.014 0.000 0.000 0.000 0.000 0.000 0.001 0.001 0.004 0.000 0.001 0.001 0.176 0.020 0.112 0.000 0.000 0.000 0.000 0.017 0.000 0.068 0.000 0.009 0.955 0.053 0.000 0.054 0.000 0.002 0.002 0.000 0.001 0.001 0.210 0.004 0.001 0.001 0.011 0.016 0.000 0.003 0.987 0.002 0.000 0.001 0.000 0.000 0.000 0.000 
47 chopsticks_vis 30 0.986 0.000 0.094 0.802 0.010 0.003 0.001 0.011 0.001 0.000 0.000 0.000 0.000 0.000 0.002 0.000 0.063 0.000 0.002 0.001 0.003 0.008 0.134 0.001 0.000 0.000 0.000 0.007 0.000 0.078 0.000 0.000 0.002 0.007 0.000 0.984 0.000 0.008 0.003 0.000 0.001 0.001 0.696 0.102 0.001 0.001 0.000 0.001 0.000 0.001 0.053 0.001 0.002 0.000 0.000 0.000 0.000 0.000 
