0 beaver_vis 30 0.002 0.023 0.000 0.000 0.001 0.996 0.000 0.242 0.993 0.004 0.006 0.000 0.001 0.000 0.520 0.000 0.001 0.000 0.000 0.000 0.000 0.002 0.000 0.000 0.000 0.000 0.000 0.000 0.001 0.001 0.000 0.000 0.000 0.000 0.001 0.000 0.001 0.000 0.000 0.000 0.000 0.288 0.000 0.000 0.000 0.001 0.792 0.049 0.000 0.629 0.002 0.001 0.000 0.696 0.000 0.000 0.000 0.009 
1 bear_vis 30 0.002 0.023 0.000 0.000 0.001 0.996 0.000 0.240 0.993 0.005 0.006 0.000 0.001 0.000 0.520 0.000 0.001 0.000 0.000 0.000 0.000 0.002 0.000 0.000 0.000 0.000 0.000 0.000 0.001 0.001 0.000 0.000 0.000 0.000 0.001 0.000 0.001 0.000 0.000 0.000 0.000 0.289 0.000 0.000 0.000 0.001 0.794 0.049 0.000 0.632 0.002 0.001 0.000 0.698 0.000 0.000 0.000 0.010 
2 sheep_vis 30 0.002 0.023 0.000 0.000 0.001 0.996 0.000 0.242 0.993 0.004 0.006 0.000 0.001 0.000 0.521 0.000 0.001 0.000 0.000 0.000 0.000 0.002 0.000 0.000 0.000 0.000 0.000 0.000 0.000 0.001 0.000 0.000 0.000 0.000 0.001 0.000 0.001 0.000 0.000 0.000 0.000 0.287 0.000 0.000 0.000 0.001 0.788 0.049 0.000 0.626 0.002 0.001 0.000 0.695 0.000 0.000 0.000 0.009 
3 buffalo_vis 30 0.002 0.023 0.000 0.000 0.001 0.996 0.000 0.238 0.993 0.005 0.006 0.000 0.001 0.000 0.518 0.000 0.001 0.000 0.000 0.000 0.000 0.002 0.000 0.000 0.000 0.000 0.000 0.000 0.001 0.001 0.000 0.000 0.000 0.000 0.001 0.000 0.001 0.000 0.000 0.000 0.000 0.288 0.000 0.000 0.000 0.001 0.794 0.049 0.000 0.633 0.002 0.001 0.000 0.696 0.000 0.000 0.000 0.010 
4 poodle_vis 30 0.002 0.023 0.000 0.000 0.001 0.996 0.000 0.239 0.993 0.005 0.007 0.000 0.001 0.000 0.537 0.000 0.001 0.000 0.000 0.000 0.000 0.002 0.000 0.000 0.000 0.000 0.000 0.000 0.001 0.001 0.000 0.000 0.000 0.000 0.001 0.000 0.001 0.000 0.000 0.000 0.000 0.281 0.000 0.000 0.000 0.001 0.786 0.050 0.000 0.625 0.002 0.002 0.000 0.706 0.000 0.000 0.000 0.009 
5 giraffe_vis 30 0.002 0.023 0.000 0.000 0.001 0.996 0.000 0.238 0.993 0.005 0.006 0.000 0.001 0.000 0.521 0.000 0.001 0.000 0.000 0.000 0.000 0.002 0.000 0.000 0.000 0.000 0.000 0.000 0.001 0.001 0.000 0.000 0.000 0.000 0.001 0.000 0.001 0.000 0.000 0.000 0.000 0.287 0.000 0.000 0.000 0.001 0.794 0.049 0.000 0.633 0.002 0.001 0.000 0.698 0.000 0.000 0.000 0.010 
6 robin_vis 30 0.002 0.023 0.000 0.000 0.001 0.996 0.000 0.251 0.992 0.004 0.006 0.000 0.001 0.000 0.515 0.000 0.001 0.000 0.000 0.000 0.000 0.002 0.000 0.000 0.000 0.000 0.000 0.000 0.001 0.001 0.000 0.000 0.000 0.000 0.001 0.000 0.001 0.000 0.000 0.000 0.000 0.292 0.000 0.000 0.000 0.001 0.784 0.048 0.000 0.622 0.002 0.001 0.000 0.691 0.000 0.000 0.000 0.009 
7 swan_vis 30 0.002 0.023 0.000 0.000 0.001 0.996 0.000 0.250 0.992 0.004 0.006 0.000 0.001 0.000 0.511 0.000 0.001 0.000 0.000 0.000 0.000 0.002 0.000 0.000 0.000 0.000 0.000 0.000 0.001 0.001 0.000 0.000 0.000 0.000 0.001 0.000 0.001 0.000 0.000 0.000 0.000 0.296 0.000 0.000 0.000 0.001 0.791 0.047 0.000 0.628 0.002 0.001 0.000 0.692 0.000 0.000 0.000 0.009 
8 woodpecker_vis 30 0.002 0.023 0.000 0.000 0.001 0.996 0.000 0.253 0.992 0.004 0.006 0.000 0.001 0.000 0.519 0.000 0.001 0.000 0.000 0.000 0.000 0.002 0.000 0.000 0.000 0.000 0.000 0.000 0.001 0.001 0.000 0.000 0.000 0.000 0.001 0.000 0.001 0.000 0.000 0.000 0.000 0.291 0.000 0.000 0.000 0.001 0.782 0.048 0.000 0.619 0.002 0.001 0.000 0.693 0.000 0.000 0.000 0.009 
9 peacock_vis 30 0.002 0.023 0.000 0.000 0.001 0.996 0.000 0.248 0.992 0.004 0.006 0.000 0.001 0.000 0.533 0.000 0.001 0.000 0.000 0.000 0.000 0.002 0.000 0.000 0.000 0.000 0.000 0.000 0.001 0.001 0.000 0.000 0.000 0.000 0.001 0.000 0.001 0.000 0.000 0.000 0.000 0.286 0.000 0.000 0.000 0.001 0.782 0.050 0.000 0.619 0.001 0.002 0.000 0.703 0.000 0.000 0.000 0.009 
10 crow_vis 30 0.002 0.023 0.000 0.000 0.001 0.996 0.000 0.247 0.992 0.004 0.006 0.000 0.001 0.000 0.522 0.000 0.001 0.000 0.000 0.000 0.000 0.002 0.000 0.000 0.000 0.000 0.000 0.000 0.001 0.001 0.000 0.000 0.000 0.000 0.001 0.000 0.001 0.000 0.000 0.000 0.000 0.289 0.000 0.000 0.000 0.001 0.785 0.048 0.000 0.626 0.001 0.001 0.000 0.696 0.000 0.000 0.000 0.009 
11 eagle_vis 30 0.002 0.023 0.000 0.000 0.001 0.996 0.000 0.249 0.992 0.004 0.006 0.000 0.001 0.000 0.517 0.000 0.001 0.000 0.000 0.000 0.000 0.002 0.000 0.000 0.000 0.000 0.000 0.000 0.001 0.001 0.000 0.000 0.000 0.000 0.001 0.000 0.001 0.000 0.000 0.000 0.000 0.294 0.000 0.000 0.000 0.001 0.790 0.048 0.000 0.626 0.001 0.001 0.000 0.696 0.000 0.000 0.000 0.009 
12 tuna_vis 30 0.002 0.024 0.000 0.000 0.001 0.996 0.000 0.237 0.993 0.005 0.006 0.000 0.001 0.000 0.519 0.000 0.001 0.000 0.000 0.000 0.000 0.002 0.000 0.000 0.000 0.000 0.000 0.000 0.001 0.001 0.000 0.000 0.000 0.000 0.001 0.000 0.001 0.000 0.000 0.000 0.000 0.293 0.000 0.000 0.000 0.001 0.805 0.049 0.000 0.638 0.002 0.001 0.000 0.702 0.000 0.000 0.000 0.010 
13 goldfish_vis 30 0.002 0.023 0.000 0.000 0.001 0.996 0.000 0.235 0.993 0.005 0.007 0.000 0.001 0.000 0.533 0.000 0.001 0.000 0.000 0.000 0.000 0.002 0.000 0.000 0.000 0.000 0.000 0.000 0.001 0.001 0.000 0.000 0.000 0.000 0.001 0.000 0.001 0.000 0.000 0.000 0.000 0.283 0.000 0.000 0.000 0.001 0.794 0.050 0.000 0.631 0.002 0.002 0.000 0.706 0.000 0.000 0.000 0.010 
14 salmon_vis 30 0.002 0.023 0.000 0.000 0.001 0.996 0.000 0.236 0.993 0.005 0.006 0.000 0.001 0.000 0.527 0.000 0.001 0.000 0.000 0.000 0.000 0.002 0.000 0.000 0.000 0.000 0.000 0.000 0.001 0.001 0.000 0.000 0.000 0.000 0.001 0.000 0.001 0.000 0.000 0.000 0.000 0.285 0.000 0.000 0.000 0.001 0.795 0.050 0.000 0.633 0.002 0.002 0.000 0.702 0.000 0.000 0.000 0.010 
15 sardine_vis 30 0.002 0.023 0.000 0.000 0.001 0.996 0.000 0.236 0.993 0.005 0.006 0.000 0.001 0.000 0.526 0.000 0.001 0.000 0.000 0.000 0.000 0.002 0.000 0.000 0.000 0.000 0.000 0.000 0.001 0.001 0.000 0.000 0.000 0.000 0.001 0.000 0.001 0.000 0.000 0.000 0.000 0.286 0.000 0.000 0.000 0.001 0.797 0.050 0.000 0.633 0.002 0.002 0.000 0.702 0.000 0.000 0.000 0.010 
16 catfish_vis 30 0.002 0.024 0.000 0.000 0.001 0.996 0.000 0.236 0.993 0.005 0.006 0.000 0.001 0.000 0.512 0.000 0.001 0.000 0.000 0.000 0.000 0.002 0.000 0.000 0.000 0.000 0.000 0.000 0.001 0.001 0.000 0.000 0.000 0.000 0.001 0.000 0.001 0.000 0.000 0.000 0.000 0.295 0.000 0.000 0.000 0.001 0.809 0.049 0.000 0.641 0.002 0.001 0.000 0.699 0.000 0.000 0.000 0.011 
17 cod_vis 30 0.002 0.023 0.000 0.000 0.001 0.996 0.000 0.235 0.993 0.005 0.006 0.000 0.001 0.000 0.528 0.000 0.001 0.000 0.000 0.000 0.000 0.002 0.000 0.000 0.000 0.000 0.000 0.000 0.001 0.001 0.000 0.000 0.000 0.000 0.001 0.000 0.001 0.000 0.000 0.000 0.000 0.285 0.000 0.000 0.000 0.001 0.797 0.050 0.000 0.634 0.002 0.002 0.000 0.703 0.000 0.000 0.000 0.010 
18 turtle_vis 30 0.002 0.023 0.000 0.000 0.001 0.996 0.000 0.232 0.993 0.005 0.006 0.000 0.001 0.000 0.526 0.000 0.001 0.000 0.000 0.000 0.000 0.002 0.000 0.000 0.000 0.000 0.000 0.000 0.001 0.001 0.000 0.000 0.000 0.000 0.001 0.000 0.001 0.000 0.000 0.000 0.000 0.281 0.000 0.000 0.000 0.001 0.794 0.050 0.000 0.635 0.002 0.002 0.000 0.699 0.000 0.000 0.000 0.010 
19 rattlesnake_vis 30 0.002 0.022 0.000 0.000 0.001 0.996 0.000 0.230 0.993 0.005 0.007 0.000 0.001 0.000 0.558 0.000 0.001 0.000 0.000 0.000 0.000 0.002 0.000 0.000 0.000 0.000 0.000 0.000 0.001 0.001 0.000 0.000 0.000 0.000 0.001 0.000 0.001 0.000 0.000 0.000 0.000 0.260 0.000 0.000 0.000 0.001 0.770 0.053 0.000 0.616 0.002 0.002 0.000 0.708 0.000 0.000 0.000 0.008 
20 crab_vis 30 0.002 0.023 0.000 0.000 0.001 0.996 0.000 0.232 0.993 0.005 0.006 0.000 0.001 0.000 0.521 0.000 0.001 0.000 0.000 0.000 0.000 0.002 0.000 0.000 0.000 0.000 0.000 0.000 0.001 0.001 0.000 0.000 0.000 0.000 0.001 0.000 0.001 0.000 0.000 0.000 0.000 0.284 0.000 0.000 0.000 0.001 0.797 0.049 0.000 0.637 0.002 0.002 0.000 0.697 0.000 0.000 0.000 0.010 
21 frog_vis 30 0.002 0.023 0.000 0.000 0.001 0.996 0.000 0.229 0.993 0.005 0.006 0.000 0.001 0.000 0.511 0.000 0.001 0.000 0.000 0.000 0.000 0.002 0.000 0.000 0.000 0.000 0.000 0.000 0.001 0.001 0.000 0.000 0.000 0.000 0.001 0.000 0.001 0.000 0.000 0.000 0.000 0.283 0.000 0.000 0.000 0.001 0.797 0.048 0.000 0.640 0.002 0.001 0.000 0.688 0.000 0.000 0.000 0.010 
22 gecko_vis 30 0.002 0.023 0.000 0.000 0.001 0.996 0.000 0.230 0.993 0.005 0.006 0.000 0.001 0.000 0.524 0.000 0.001 0.000 0.000 0.000 0.000 0.002 0.000 0.000 0.000 0.000 0.000 0.000 0.001 0.001 0.000 0.000 0.000 0.000 0.001 0.000 0.001 0.000 0.000 0.000 0.000 0.279 0.000 0.000 0.000 0.001 0.791 0.049 0.000 0.635 0.002 0.002 0.000 0.694 0.000 0.000 0.000 0.010 
23 crocodile_vis 30 0.002 0.023 0.000 0.000 0.001 0.996 0.000 0.228 0.993 0.005 0.006 0.000 0.001 0.000 0.493 0.000 0.001 0.000 0.000 0.000 0.000 0.002 0.000 0.000 0.000 0.000 0.000 0.000 0.001 0.001 0.000 0.000 0.000 0.000 0.001 0.000 0.001 0.000 0.000 0.000 0.000 0.293 0.000 0.000 0.000 0.001 0.807 0.046 0.000 0.650 0.002 0.001 0.000 0.680 0.000 0.000 0.000 0.011 
24 axe_vis 30 0.002 0.025 0.000 0.000 0.001 0.996 0.000 0.236 0.993 0.005 0.006 0.000 0.001 0.000 0.520 0.000 0.001 0.000 0.000 0.000 0.000 0.002 0.000 0.000 0.000 0.000 0.000 0.000 0.000 0.001 0.000 0.000 0.000 0.000 0.001 0.000 0.001 0.000 0.000 0.000 0.000 0.300 0.000 0.000 0.000 0.001 0.821 0.050 0.000 0.639 0.001 0.001 0.000 0.715 0.000 0.000 0.000 0.011 
25 hammer_vis 30 0.002 0.024 0.000 0.000 0.001 0.996 0.000 0.236 0.992 0.004 0.007 0.000 0.001 0.000 0.600 0.000 0.001 0.000 0.000 0.000 0.000 0.002 0.000 0.000 0.000 0.000 0.000 0.000 0.000 0.001 0.000 0.000 0.000 0.000 0.001 0.000 0.001 0.000 0.000 0.000 0.000 0.253 0.000 0.000 0.000 0.001 0.763 0.058 0.000 0.588 0.001 0.002 0.000 0.741 0.000 0.000 0.000 0.007 
26 screwdriver_vis 30 0.002 0.024 0.000 0.000 0.001 0.996 0.000 0.236 0.993 0.005 0.007 0.000 0.001 0.000 0.581 0.000 0.001 0.000 0.000 0.000 0.000 0.002 0.000 0.000 0.000 0.000 0.000 0.000 0.000 0.001 0.000 0.000 0.000 0.000 0.001 0.000 0.001 0.000 0.000 0.000 0.000 0.266 0.000 0.000 0.000 0.001 0.784 0.056 0.000 0.607 0.001 0.002 0.000 0.738 0.000 0.000 0.000 0.008 
27 chisel_vis 30 0.002 0.024 0.000 0.000 0.001 0.996 0.000 0.237 0.992 0.004 0.007 0.000 0.001 0.000 0.596 0.000 0.001 0.000 0.000 0.000 0.000 0.002 0.000 0.000 0.000 0.000 0.000 0.000 0.000 0.001 0.000 0.000 0.000 0.000 0.001 0.000 0.001 0.000 0.000 0.000 0.000 0.260 0.000 0.000 0.000 0.001 0.774 0.058 0.000 0.600 0.001 0.002 0.000 0.743 0.000 0.000 0.000 0.008 
28 saw_vis 30 0.002 0.025 0.000 0.000 0.001 0.996 0.000 0.234 0.993 0.004 0.007 0.000 0.001 0.000 0.559 0.000 0.001 0.000 0.000 0.000 0.000 0.002 0.000 0.000 0.000 0.000 0.000 0.000 0.000 0.001 0.000 0.000 0.000 0.000 0.001 0.000 0.001 0.000 0.000 0.000 0.000 0.273 0.000 0.000 0.000 0.001 0.792 0.054 0.000 0.610 0.001 0.002 0.000 0.724 0.000 0.000 0.000 0.009 
29 drill_vis 30 0.002 0.026 0.000 0.000 0.001 0.996 0.000 0.224 0.992 0.004 0.006 0.000 0.001 0.000 0.476 0.000 0.001 0.000 0.000 0.000 0.000 0.002 0.000 0.000 0.000 0.000 0.000 0.000 0.000 0.001 0.000 0.000 0.000 0.000 0.001 0.000 0.001 0.000 0.000 0.000 0.000 0.310 0.000 0.000 0.000 0.001 0.827 0.045 0.000 0.633 0.003 0.001 0.000 0.674 0.000 0.000 0.000 0.013 
30 clamp_vis 30 0.002 0.020 0.000 0.000 0.001 0.996 0.000 0.525 0.989 0.001 0.005 0.000 0.001 0.000 0.465 0.000 0.001 0.000 0.000 0.000 0.000 0.001 0.000 0.000 0.000 0.000 0.000 0.000 0.000 0.001 0.000 0.000 0.000 0.000 0.002 0.000 0.001 0.000 0.000 0.001 0.000 0.378 0.000 0.000 0.001 0.001 0.571 0.031 0.000 0.422 0.001 0.001 0.000 0.608 0.000 0.000 0.000 0.003 
31 hoe_vis 30 0.001 0.024 0.000 0.000 0.001 0.996 0.000 0.219 0.992 0.005 0.004 0.000 0.001 0.000 0.261 0.000 0.000 0.000 0.000 0.000 0.000 0.001 0.000 0.000 0.000 0.000 0.000 0.000 0.001 0.001 0.000 0.000 0.000 0.000 0.000 0.000 0.000 0.000 0.000 0.000 0.000 0.416 0.000 0.000 0.000 0.002 0.876 0.025 0.000 0.746 0.002 0.000 0.001 0.520 0.000 0.000 0.000 0.034 
32 rake_vis 30 0.002 0.023 0.000 0.000 0.001 0.996 0.000 0.258 0.992 0.004 0.006 0.000 0.001 0.000 0.524 0.000 0.001 0.000 0.000 0.000 0.000 0.002 0.000 0.000 0.000 0.000 0.000 0.000 0.001 0.001 0.000 0.000 0.000 0.000 0.001 0.000 0.001 0.000 0.000 0.000 0.000 0.293 0.000 0.000 0.000 0.001 0.771 0.048 0.000 0.610 0.001 0.002 0.000 0.692 0.000 0.000 0.000 0.008 
33 shovel_vis 30 0.001 0.006 0.000 0.000 0.001 0.996 0.015 0.982 0.063 0.000 0.000 0.000 0.045 0.000 0.021 0.000 0.000 0.000 0.000 0.000 0.000 0.000 0.000 0.000 0.000 0.000 0.000 0.000 0.001 0.004 0.000 0.000 0.000 0.007 0.128 0.000 0.012 0.000 0.000 0.002 0.014 0.950 0.000 0.000 0.501 0.013 0.012 0.000 0.000 0.027 0.001 0.000 0.000 0.024 0.000 0.000 0.000 0.001 
34 spade_vis 30 0.002 0.023 0.000 0.000 0.001 0.996 0.000 0.245 0.992 0.004 0.007 0.000 0.001 0.000 0.544 0.000 0.001 0.000 0.000 0.000 0.000 0.002 0.000 0.000 0.000 0.000 0.000 0.000 0.001 0.001 0.000 0.000 0.000 0.000 0.001 0.000 0.001 0.000 0.000 0.000 0.000 0.278 0.000 0.000 0.000 0.001 0.773 0.050 0.000 0.611 0.001 0.002 0.000 0.705 0.000 0.000 0.000 0.008 
35 wrench_vis 30 0.002 0.024 0.000 0.000 0.001 0.996 0.000 0.236 0.992 0.005 0.005 0.000 0.001 0.000 0.393 0.000 0.001 0.000 0.000 0.000 0.000 0.001 0.000 0.000 0.000 0.000 0.000 0.000 0.001 0.001 0.000 0.000 0.000 0.000 0.001 0.000 0.001 0.000 0.000 0.000 0.000 0.355 0.000 0.000 0.000 0.001 0.837 0.036 0.000 0.690 0.002 0.001 0.000 0.629 0.000 0.000 0.000 0.018 
36 accordion_vis 30 0.002 0.023 0.000 0.000 0.001 0.996 0.000 0.232 0.993 0.005 0.007 0.000 0.001 0.000 0.557 0.000 0.001 0.000 0.000 0.000 0.000 0.002 0.000 0.000 0.000 0.000 0.000 0.000 0.001 0.001 0.000 0.000 0.000 0.000 0.001 0.000 0.001 0.000 0.000 0.000 0.000 0.271 0.000 0.000 0.000 0.001 0.783 0.053 0.000 0.621 0.002 0.002 0.000 0.715 0.000 0.000 0.000 0.009 
37 cello_vis 30 0.002 0.023 0.000 0.000 0.001 0.996 0.000 0.236 0.992 0.004 0.007 0.000 0.001 0.000 0.559 0.000 0.001 0.000 0.000 0.000 0.000 0.002 0.000 0.000 0.000 0.000 0.000 0.000 0.001 0.001 0.000 0.000 0.000 0.000 0.001 0.000 0.001 0.000 0.000 0.000 0.000 0.267 0.000 0.000 0.000 0.001 0.770 0.052 0.000 0.610 0.002 0.002 0.000 0.710 0.000 0.000 0.000 0.008 
38 flute_vis 30 0.002 0.023 0.000 0.000 0.001 0.996 0.000 0.231 0.993 0.005 0.007 0.000 0.001 0.000 0.562 0.000 0.001 0.000 0.000 0.000 0.000 0.002 0.000 0.000 0.000 0.000 0.000 0.000 0.001 0.001 0.000 0.000 0.000 0.000 0.001 0.000 0.001 0.000 0.000 0.000 0.000 0.267 0.000 0.000 0.000 0.001 0.779 0.053 0.000 0.617 0.002 0.002 0.000 0.716 0.000 0.000 0.000 0.009 
39 guitar_vis 30 0.002 0.024 0.000 0.000 0.001 0.996 0.000 0.232 0.992 0.005 0.006 0.000 0.001 0.000 0.452 0.000 0.001 0.000 0.000 0.000 0.000 0.002 0.000 0.000 0.000 0.000 0.000 0.000 0.001 0.001 0.000 0.000 0.000 0.000 0.001 0.000 0.001 0.000 0.000 0.000 0.000 0.325 0.000 0.000 0.000 0.001 0.831 0.042 0.000 0.672 0.002 0.001 0.000 0.665 0.000 0.000 0.000 0.014 
40 piano_vis 30 0.002 0.023 0.000 0.000 0.001 0.996 0.000 0.232 0.993 0.004 0.007 0.000 0.001 0.000 0.556 0.000 0.001 0.000 0.000 0.000 0.000 0.002 0.000 0.000 0.000 0.000 0.000 0.000 0.001 0.001 0.000 0.000 0.000 0.000 0.001 0.000 0.001 0.000 0.000 0.000 0.000 0.266 0.000 0.000 0.000 0.001 0.773 0.052 0.000 0.613 0.002 0.002 0.000 0.708 0.000 0.000 0.000 0.009 
41 trumpet_vis 30 0.002 0.023 0.000 0.000 0.001 0.996 0.000 0.239 0.992 0.004 0.007 0.000 0.001 0.000 0.544 0.000 0.001 0.000 0.000 0.000 0.000 0.002 0.000 0.000 0.000 0.000 0.000 0.000 0.001 0.001 0.000 0.000 0.000 0.000 0.001 0.000 0.001 0.000 0.000 0.000 0.000 0.273 0.000 0.000 0.000 0.001 0.766 0.050 0.000 0.610 0.002 0.002 0.000 0.698 0.000 0.000 0.000 0.008 
42 fork_vis 30 0.001 0.030 0.000 0.000 0.001 0.996 0.000 0.200 0.992 0.005 0.004 0.001 0.001 0.000 0.214 0.000 0.000 0.000 0.000 0.000 0.000 0.001 0.000 0.000 0.000 0.000 0.000 0.000 0.001 0.001 0.000 0.000 0.000 0.000 0.000 0.000 0.000 0.000 0.000 0.001 0.000 0.462 0.000 0.000 0.000 0.002 0.914 0.024 0.000 0.746 0.004 0.000 0.001 0.503 0.000 0.000 0.000 0.050 
43 spoon_vis 30 0.001 0.030 0.000 0.000 0.001 0.996 0.000 0.209 0.993 0.005 0.004 0.001 0.001 0.000 0.211 0.000 0.000 0.000 0.000 0.000 0.000 0.001 0.000 0.000 0.000 0.000 0.000 0.000 0.001 0.001 0.000 0.000 0.000 0.000 0.000 0.000 0.000 0.000 0.000 0.001 0.000 0.480 0.000 0.000 0.000 0.002 0.922 0.024 0.000 0.763 0.003 0.000 0.001 0.515 0.000 0.000 0.000 0.056 
44 tongs_vis 30 0.001 0.028 0.000 0.000 0.001 0.996 0.000 0.206 0.992 0.004 0.005 0.000 0.001 0.000 0.316 0.000 0.000 0.000 0.000 0.000 0.000 0.001 0.000 0.000 0.000 0.000 0.000 0.000 0.001 0.001 0.000 0.000 0.000 0.000 0.000 0.000 0.000 0.000 0.000 0.001 0.000 0.386 0.000 0.000 0.000 0.001 0.878 0.031 0.000 0.697 0.004 0.000 0.000 0.573 0.000 0.000 0.000 0.027 
45 ladle_vis 30 0.001 0.030 0.000 0.000 0.001 0.996 0.000 0.208 0.993 0.005 0.004 0.001 0.001 0.000 0.223 0.000 0.000 0.000 0.000 0.000 0.000 0.001 0.000 0.000 0.000 0.000 0.000 0.000 0.001 0.001 0.000 0.000 0.000 0.000 0.000 0.000 0.000 0.000 0.000 0.001 0.000 0.470 0.000 0.000 0.000 0.002 0.920 0.025 0.000 0.759 0.003 0.000 0.001 0.528 0.000 0.000 0.000 0.053 
46 knife_vis 30 0.001 0.029 0.000 0.000 0.001 0.996 0.000 0.216 0.993 0.005 0.004 0.001 0.001 0.000 0.260 0.000 0.000 0.000 0.000 0.000 0.000 0.001 0.000 0.000 0.000 0.000 0.000 0.000 0.001 0.001 0.000 0.000 0.000 0.000 0.000 0.000 0.000 0.000 0.000 0.001 0.000 0.446 0.000 0.000 0.000 0.002 0.908 0.028 0.000 0.742 0.003 0.000 0.001 0.559 0.000 0.000 0.000 0.041 
47 chopsticks_vis 30 0.001 0.029 0.000 0.000 0.001 0.996 0.000 0.208 0.992 0.005 0.004 0.001 0.001 0.000 0.272 0.000 0.000 0.000 0.000 0.000 0.000 0.001 0.000 0.000 0.000 0.000 0.000 0.000 0.001 0.001 0.000 0.000 0.000 0.000 0.000 0.000 0.000 0.000 0.000 0.001 0.000 0.419 0.000 0.000 0.000 0.002 0.893 0.028 0.000 0.719 0.003 0.000 0.001 0.549 0.000 0.000 0.000 0.034 
