0 beaver_vis 30 0.993 0.003 0.004 0.854 0.934 0.001 0.003 0.004 0.001 0.000 0.000 0.546 0.000 0.019 0.000 0.000 0.000 0.001 0.005 0.001 0.005 0.002 0.000 0.012 0.001 0.876 0.022 0.958 0.963 0.003 0.004 0.821 0.134 0.024 0.120 0.001 0.001 0.280 0.010 0.002 0.028 0.001 0.009 0.120 0.001 0.134 0.000 0.000 0.004 0.000 0.002 0.001 0.001 0.000 0.000 0.000 0.001 0.000 
1 bear_vis 30 0.993 0.003 0.003 0.957 0.913 0.001 0.005 0.024 0.001 0.000 0.000 0.570 0.000 0.032 0.000 0.000 0.000 0.001 0.007 0.001 0.010 0.005 0.000 0.043 0.005 0.968 0.044 0.987 0.961 0.003 0.009 0.735 0.268 0.012 0.300 0.001 0.002 0.142 0.022 0.004 0.041 0.001 0.029 0.205 0.001 0.144 0.000 0.000 0.002 0.000 0.003 0.001 0.001 0.000 0.000 0.000 0.001 0.000 
2 sheep_vis 30 0.993 0.002 0.003 0.881 0.867 0.001 0.003 0.005 0.001 0.000 0.000 0.411 0.000 0.017 0.000 0.000 0.000 0.001 0.004 0.000 0.004 0.001 0.000 0.014 0.001 0.897 0.018 0.960 0.940 0.003 0.004 0.710 0.114 0.015 0.122 0.001 0.001 0.365 0.010 0.004 0.050 0.001 0.021 0.168 0.001 0.125 0.000 0.000 0.005 0.000 0.002 0.001 0.001 0.000 0.000 0.000 0.001 0.000 
3 buffalo_vis 30 0.993 0.003 0.005 0.939 0.920 0.001 0.004 0.015 0.001 0.000 0.000 0.502 0.000 0.023 0.000 0.000 0.000 0.001 0.007 0.001 0.007 0.003 0.000 0.026 0.003 0.949 0.029 0.982 0.957 0.003 0.006 0.750 0.200 0.017 0.258 0.001 0.001 0.263 0.014 0.004 0.051 0.001 0.032 0.218 0.001 0.156 0.000 0.000 0.003 0.000 0.002 0.001 0.001 0.000 0.000 0.000 0.001 0.000 
4 poodle_vis 30 0.993 0.002 0.002 0.954 0.836 0.001 0.005 0.024 0.001 0.000 0.000 0.379 0.000 0.021 0.000 0.000 0.000 0.001 0.005 0.000 0.006 0.002 0.000 0.037 0.004 0.963 0.025 0.984 0.926 0.004 0.005 0.594 0.175 0.009 0.269 0.001 0.002 0.314 0.015 0.007 0.089 0.001 0.081 0.288 0.001 0.138 0.000 0.000 0.003 0.000 0.002 0.001 0.001 0.000 0.000 0.000 0.001 0.000 
5 giraffe_vis 30 0.993 0.003 0.003 0.955 0.887 0.001 0.005 0.021 0.001 0.000 0.000 0.468 0.000 0.027 0.000 0.000 0.000 0.001 0.006 0.000 0.008 0.003 0.000 0.039 0.004 0.965 0.030 0.986 0.946 0.003 0.008 0.664 0.228 0.009 0.243 0.001 0.002 0.191 0.018 0.005 0.057 0.001 0.048 0.223 0.001 0.112 0.000 0.000 0.002 0.000 0.003 0.001 0.001 0.000 0.000 0.000 0.001 0.000 
6 robin_vis 30 0.993 0.003 0.008 0.581 0.978 0.001 0.003 0.002 0.001 0.000 0.000 0.495 0.000 0.014 0.000 0.000 0.000 0.001 0.006 0.001 0.003 0.001 0.000 0.007 0.001 0.679 0.008 0.847 0.964 0.003 0.003 0.882 0.108 0.050 0.056 0.001 0.001 0.490 0.008 0.002 0.029 0.001 0.009 0.098 0.001 0.091 0.000 0.000 0.024 0.000 0.002 0.002 0.000 0.000 0.000 0.001 0.001 0.000 
7 swan_vis 30 0.993 0.003 0.004 0.756 0.930 0.001 0.003 0.003 0.001 0.000 0.000 0.366 0.000 0.015 0.000 0.000 0.000 0.001 0.004 0.000 0.003 0.001 0.000 0.010 0.001 0.807 0.009 0.904 0.931 0.003 0.003 0.748 0.103 0.019 0.061 0.001 0.001 0.444 0.009 0.005 0.049 0.001 0.022 0.134 0.001 0.077 0.000 0.000 0.013 0.000 0.002 0.001 0.001 0.000 0.000 0.000 0.001 0.000 
8 woodpecker_vis 30 0.993 0.004 0.007 0.727 0.974 0.001 0.003 0.002 0.001 0.000 0.000 0.668 0.000 0.028 0.000 0.000 0.000 0.001 0.006 0.001 0.006 0.005 0.000 0.011 0.001 0.805 0.016 0.935 0.973 0.003 0.007 0.891 0.176 0.028 0.047 0.001 0.001 0.139 0.011 0.002 0.013 0.001 0.004 0.051 0.001 0.060 0.000 0.000 0.004 0.000 0.002 0.002 0.001 0.000 0.000 0.001 0.001 0.000 
9 peacock_vis 30 0.993 0.003 0.004 0.867 0.925 0.001 0.004 0.004 0.001 0.000 0.000 0.548 0.000 0.030 0.000 0.000 0.000 0.001 0.004 0.001 0.006 0.004 0.000 0.017 0.001 0.900 0.018 0.963 0.955 0.003 0.009 0.771 0.179 0.009 0.050 0.001 0.001 0.112 0.014 0.003 0.021 0.001 0.008 0.072 0.001 0.043 0.000 0.000 0.002 0.000 0.002 0.001 0.001 0.000 0.000 0.000 0.001 0.000 
10 crow_vis 30 0.993 0.003 0.004 0.913 0.856 0.001 0.003 0.009 0.001 0.000 0.000 0.344 0.000 0.017 0.000 0.000 0.000 0.001 0.005 0.000 0.004 0.001 0.000 0.018 0.002 0.922 0.015 0.969 0.920 0.003 0.004 0.643 0.134 0.012 0.147 0.001 0.001 0.405 0.011 0.007 0.078 0.001 0.053 0.226 0.001 0.112 0.000 0.000 0.006 0.000 0.002 0.001 0.001 0.000 0.000 0.000 0.001 0.000 
11 eagle_vis 30 0.993 0.003 0.004 0.774 0.938 0.001 0.003 0.003 0.001 0.000 0.000 0.457 0.000 0.019 0.000 0.000 0.000 0.001 0.004 0.000 0.004 0.001 0.000 0.012 0.001 0.833 0.011 0.925 0.945 0.003 0.005 0.776 0.124 0.015 0.049 0.001 0.001 0.259 0.010 0.004 0.029 0.001 0.011 0.090 0.001 0.059 0.000 0.000 0.006 0.000 0.002 0.001 0.001 0.000 0.000 0.000 0.001 0.000 
12 tuna_vis 30 0.991 0.002 0.001 0.964 0.760 0.001 0.019 0.067 0.001 0.000 0.000 0.589 0.000 0.019 0.000 0.001 0.000 0.000 0.004 0.001 0.008 0.005 0.000 0.075 0.013 0.959 0.191 0.988 0.963 0.007 0.002 0.746 0.096 0.058 0.776 0.002 0.001 0.451 0.014 0.003 0.070 0.001 0.020 0.427 0.001 0.665 0.000 0.000 0.003 0.000 0.002 0.001 0.001 0.001 0.001 0.001 0.001 0.000 
13 goldfish_vis 30 0.992 0.002 0.001 0.953 0.764 0.001 0.008 0.042 0.001 0.000 0.000 0.289 0.000 0.013 0.000 0.000 0.000 0.001 0.003 0.000 0.003 0.001 0.000 0.038 0.005 0.955 0.030 0.984 0.912 0.005 0.002 0.555 0.091 0.020 0.512 0.002 0.001 0.657 0.011 0.006 0.185 0.001 0.162 0.495 0.001 0.354 0.000 0.000 0.006 0.000 0.002 0.001 0.001 0.000 0.001 0.000 0.001 0.000 
14 salmon_vis 30 0.993 0.002 0.001 0.905 0.734 0.001 0.004 0.008 0.001 0.000 0.000 0.296 0.000 0.014 0.000 0.000 0.000 0.001 0.003 0.000 0.003 0.001 0.000 0.017 0.002 0.912 0.017 0.962 0.894 0.004 0.003 0.566 0.086 0.011 0.149 0.001 0.001 0.503 0.011 0.006 0.096 0.001 0.051 0.252 0.001 0.148 0.000 0.000 0.006 0.000 0.002 0.001 0.001 0.000 0.000 0.000 0.001 0.000 
15 sardine_vis 30 0.993 0.002 0.004 0.878 0.870 0.001 0.004 0.009 0.001 0.000 0.000 0.323 0.000 0.012 0.000 0.000 0.000 0.001 0.005 0.000 0.003 0.001 0.000 0.013 0.001 0.882 0.014 0.956 0.925 0.003 0.002 0.690 0.094 0.026 0.220 0.001 0.001 0.649 0.009 0.005 0.110 0.001 0.067 0.308 0.001 0.203 0.000 0.000 0.017 0.000 0.002 0.001 0.001 0.000 0.000 0.000 0.001 0.000 
16 catfish_vis 30 0.992 0.002 0.002 0.944 0.880 0.001 0.006 0.034 0.001 0.000 0.000 0.422 0.000 0.016 0.000 0.000 0.000 0.001 0.005 0.000 0.005 0.001 0.000 0.032 0.004 0.948 0.038 0.982 0.950 0.005 0.002 0.712 0.129 0.030 0.487 0.001 0.001 0.565 0.011 0.003 0.110 0.001 0.073 0.405 0.001 0.345 0.000 0.000 0.006 0.000 0.002 0.001 0.001 0.000 0.001 0.000 0.001 0.000 
17 cod_vis 30 0.992 0.002 0.001 0.935 0.723 0.001 0.005 0.017 0.001 0.000 0.000 0.282 0.000 0.013 0.000 0.000 0.000 0.001 0.003 0.000 0.003 0.001 0.000 0.023 0.003 0.935 0.022 0.976 0.899 0.004 0.002 0.554 0.084 0.015 0.311 0.001 0.001 0.623 0.010 0.006 0.146 0.001 0.100 0.384 0.001 0.253 0.000 0.000 0.007 0.000 0.002 0.001 0.001 0.000 0.001 0.000 0.001 0.000 
18 turtle_vis 30 0.992 0.002 0.002 0.957 0.904 0.001 0.008 0.038 0.001 0.000 0.000 0.624 0.000 0.027 0.000 0.000 0.000 0.001 0.007 0.001 0.010 0.005 0.000 0.049 0.007 0.964 0.076 0.987 0.970 0.005 0.003 0.791 0.212 0.027 0.502 0.001 0.001 0.270 0.019 0.002 0.051 0.001 0.023 0.293 0.001 0.317 0.000 0.000 0.002 0.000 0.002 0.001 0.001 0.001 0.001 0.000 0.001 0.000 
19 rattlesnake_vis 30 0.991 0.004 0.000 0.971 0.784 0.001 0.391 0.060 0.001 0.001 0.000 0.090 0.000 0.101 0.001 0.002 0.001 0.001 0.013 0.000 0.004 0.045 0.001 0.516 0.272 0.575 0.935 0.990 0.957 0.012 0.009 0.688 0.011 0.677 0.918 0.002 0.002 0.684 0.047 0.003 0.078 0.001 0.010 0.474 0.001 0.809 0.000 0.000 0.003 0.001 0.002 0.007 0.001 0.001 0.001 0.001 0.001 0.000 
20 crab_vis 30 0.992 0.002 0.002 0.960 0.871 0.001 0.008 0.027 0.001 0.000 0.000 0.634 0.000 0.033 0.000 0.000 0.000 0.001 0.006 0.001 0.010 0.007 0.000 0.051 0.007 0.967 0.074 0.988 0.968 0.005 0.005 0.761 0.225 0.016 0.384 0.001 0.002 0.157 0.024 0.002 0.038 0.001 0.017 0.217 0.001 0.216 0.000 0.000 0.002 0.000 0.002 0.001 0.001 0.001 0.001 0.000 0.001 0.000 
21 frog_vis 30 0.993 0.003 0.007 0.905 0.951 0.001 0.004 0.019 0.001 0.000 0.000 0.476 0.000 0.015 0.000 0.000 0.000 0.001 0.010 0.001 0.005 0.002 0.000 0.016 0.002 0.903 0.023 0.974 0.966 0.004 0.002 0.827 0.148 0.067 0.445 0.001 0.001 0.665 0.009 0.002 0.099 0.001 0.061 0.372 0.001 0.344 0.000 0.000 0.017 0.000 0.002 0.002 0.001 0.000 0.000 0.001 0.001 0.000 
22 gecko_vis 30 0.991 0.002 0.001 0.968 0.791 0.001 0.032 0.085 0.001 0.000 0.000 0.733 0.000 0.032 0.000 0.001 0.000 0.000 0.005 0.001 0.013 0.018 0.000 0.112 0.020 0.968 0.307 0.990 0.972 0.008 0.002 0.807 0.149 0.058 0.794 0.002 0.002 0.287 0.029 0.002 0.046 0.001 0.011 0.378 0.001 0.655 0.000 0.000 0.002 0.000 0.002 0.002 0.001 0.001 0.001 0.001 0.001 0.000 
23 crocodile_vis 30 0.991 0.002 0.001 0.967 0.792 0.001 0.023 0.071 0.001 0.000 0.000 0.747 0.000 0.031 0.000 0.001 0.000 0.000 0.005 0.001 0.013 0.018 0.000 0.095 0.018 0.969 0.277 0.989 0.974 0.007 0.002 0.812 0.159 0.049 0.757 0.002 0.002 0.251 0.027 0.002 0.041 0.001 0.010 0.345 0.001 0.618 0.000 0.000 0.002 0.000 0.002 0.001 0.001 0.001 0.001 0.001 0.001 0.000 
24 axe_vis 30 0.990 0.005 0.001 0.972 0.886 0.001 0.616 0.085 0.001 0.001 0.000 0.055 0.001 0.126 0.002 0.003 0.002 0.001 0.025 0.001 0.004 0.078 0.001 0.617 0.387 0.352 0.964 0.990 0.967 0.017 0.014 0.725 0.007 0.888 0.965 0.002 0.001 0.833 0.065 0.001 0.094 0.002 0.010 0.579 0.001 0.903 0.000 0.000 0.005 0.001 0.002 0.016 0.001 0.001 0.001 0.002 0.001 0.000 
25 hammer_vis 30 0.990 0.004 0.000 0.970 0.833 0.001 0.544 0.068 0.001 0.001 0.000 0.049 0.001 0.115 0.001 0.003 0.001 0.001 0.017 0.001 0.004 0.060 0.001 0.595 0.350 0.340 0.958 0.990 0.955 0.015 0.012 0.659 0.007 0.835 0.952 0.002 0.001 0.779 0.054 0.002 0.086 0.001 0.010 0.517 0.001 0.874 0.000 0.000 0.004 0.001 0.002 0.012 0.001 0.001 0.001 0.002 0.001 0.000 
26 screwdriver_vis 30 0.991 0.005 0.000 0.973 0.851 0.001 0.571 0.072 0.001 0.000 0.000 0.055 0.001 0.126 0.001 0.003 0.001 0.001 0.020 0.001 0.004 0.074 0.001 0.598 0.387 0.371 0.965 0.991 0.966 0.015 0.014 0.712 0.007 0.850 0.956 0.002 0.001 0.799 0.061 0.001 0.086 0.002 0.009 0.544 0.001 0.885 0.000 0.000 0.003 0.001 0.002 0.013 0.001 0.001 0.001 0.002 0.001 0.000 
27 chisel_vis 30 0.991 0.003 0.001 0.972 0.903 0.001 0.121 0.157 0.001 0.000 0.000 0.568 0.000 0.051 0.000 0.001 0.000 0.000 0.015 0.001 0.014 0.060 0.001 0.216 0.057 0.924 0.711 0.991 0.979 0.011 0.003 0.867 0.079 0.353 0.940 0.002 0.001 0.580 0.053 0.001 0.062 0.001 0.011 0.538 0.001 0.856 0.000 0.000 0.003 0.001 0.002 0.006 0.001 0.001 0.001 0.002 0.001 0.000 
28 saw_vis 30 0.990 0.005 0.000 0.973 0.831 0.001 0.603 0.070 0.001 0.001 0.000 0.047 0.001 0.136 0.001 0.003 0.001 0.001 0.019 0.001 0.004 0.064 0.001 0.654 0.383 0.347 0.964 0.990 0.957 0.016 0.015 0.675 0.007 0.850 0.951 0.002 0.002 0.789 0.060 0.002 0.090 0.002 0.009 0.527 0.001 0.872 0.000 0.000 0.003 0.001 0.002 0.012 0.001 0.001 0.001 0.002 0.001 0.000 
29 drill_vis 30 0.990 0.005 0.000 0.972 0.813 0.001 0.557 0.063 0.001 0.001 0.000 0.046 0.001 0.128 0.001 0.003 0.001 0.001 0.017 0.001 0.004 0.064 0.001 0.619 0.378 0.326 0.964 0.990 0.955 0.014 0.014 0.661 0.006 0.839 0.947 0.002 0.001 0.775 0.055 0.002 0.083 0.002 0.008 0.508 0.001 0.870 0.000 0.000 0.003 0.001 0.002 0.012 0.001 0.001 0.001 0.002 0.001 0.000 
30 clamp_vis 30 0.990 0.002 0.001 0.964 0.911 0.001 0.087 0.180 0.001 0.001 0.000 0.546 0.000 0.028 0.000 0.001 0.000 0.001 0.011 0.001 0.012 0.027 0.001 0.179 0.025 0.940 0.379 0.988 0.963 0.010 0.002 0.810 0.145 0.239 0.929 0.003 0.002 0.532 0.036 0.004 0.085 0.001 0.029 0.540 0.001 0.819 0.000 0.000 0.007 0.000 0.002 0.004 0.001 0.001 0.001 0.002 0.001 0.000 
31 hoe_vis 30 0.991 0.002 0.001 0.972 0.940 0.001 0.086 0.236 0.001 0.001 0.000 0.785 0.000 0.041 0.000 0.001 0.000 0.000 0.018 0.002 0.022 0.057 0.001 0.169 0.028 0.963 0.407 0.990 0.981 0.011 0.002 0.900 0.268 0.208 0.933 0.002 0.001 0.500 0.060 0.001 0.064 0.001 0.017 0.567 0.001 0.832 0.000 0.000 0.003 0.000 0.002 0.005 0.001 0.001 0.001 0.002 0.001 0.000 
32 rake_vis 30 0.990 0.002 0.001 0.968 0.896 0.001 0.097 0.186 0.001 0.001 0.000 0.639 0.000 0.033 0.000 0.001 0.000 0.001 0.012 0.001 0.014 0.022 0.001 0.230 0.025 0.957 0.392 0.988 0.960 0.010 0.002 0.818 0.173 0.200 0.907 0.003 0.002 0.541 0.035 0.005 0.091 0.001 0.031 0.546 0.001 0.782 0.000 0.000 0.005 0.000 0.002 0.003 0.001 0.001 0.001 0.001 0.001 0.000 
33 shovel_vis 30 0.991 0.002 0.001 0.971 0.932 0.001 0.074 0.218 0.001 0.000 0.000 0.792 0.000 0.038 0.000 0.001 0.000 0.000 0.016 0.002 0.022 0.054 0.001 0.154 0.027 0.965 0.395 0.990 0.981 0.010 0.002 0.897 0.259 0.184 0.926 0.002 0.001 0.479 0.056 0.001 0.060 0.001 0.016 0.551 0.001 0.824 0.000 0.000 0.003 0.000 0.002 0.004 0.001 0.001 0.001 0.002 0.001 0.000 
34 spade_vis 30 0.990 0.003 0.001 0.970 0.868 0.001 0.249 0.120 0.001 0.001 0.000 0.238 0.000 0.059 0.000 0.001 0.000 0.001 0.015 0.001 0.007 0.028 0.001 0.410 0.100 0.871 0.820 0.989 0.956 0.011 0.004 0.754 0.028 0.517 0.919 0.003 0.002 0.675 0.041 0.004 0.098 0.001 0.022 0.541 0.001 0.801 0.000 0.000 0.004 0.000 0.002 0.005 0.001 0.001 0.001 0.001 0.001 0.000 
35 wrench_vis 30 0.991 0.002 0.001 0.972 0.934 0.001 0.084 0.231 0.001 0.001 0.000 0.804 0.000 0.039 0.000 0.001 0.000 0.000 0.017 0.002 0.022 0.054 0.001 0.171 0.027 0.968 0.385 0.990 0.981 0.010 0.002 0.898 0.287 0.184 0.930 0.002 0.001 0.476 0.060 0.002 0.063 0.001 0.018 0.557 0.001 0.823 0.000 0.000 0.003 0.000 0.002 0.004 0.001 0.001 0.001 0.002 0.001 0.000 
36 accordion_vis 30 0.991 0.003 0.001 0.975 0.892 0.001 0.281 0.133 0.001 0.001 0.000 0.313 0.000 0.080 0.000 0.001 0.000 0.000 0.019 0.001 0.010 0.064 0.001 0.398 0.126 0.884 0.885 0.990 0.975 0.012 0.005 0.823 0.029 0.564 0.939 0.002 0.001 0.646 0.067 0.001 0.074 0.001 0.012 0.543 0.001 0.841 0.000 0.000 0.003 0.001 0.002 0.007 0.001 0.001 0.001 0.002 0.001 0.000 
37 cello_vis 30 0.990 0.004 0.000 0.973 0.809 0.001 0.547 0.069 0.001 0.001 0.000 0.073 0.001 0.133 0.001 0.003 0.001 0.001 0.017 0.001 0.004 0.048 0.001 0.679 0.319 0.506 0.949 0.990 0.951 0.014 0.013 0.684 0.012 0.793 0.933 0.003 0.002 0.748 0.054 0.003 0.094 0.001 0.011 0.508 0.001 0.836 0.000 0.000 0.003 0.001 0.002 0.009 0.001 0.001 0.001 0.001 0.001 0.000 
38 flute_vis 30 0.991 0.003 0.001 0.975 0.910 0.001 0.158 0.173 0.001 0.001 0.000 0.569 0.000 0.059 0.000 0.001 0.000 0.000 0.017 0.001 0.015 0.060 0.001 0.271 0.060 0.938 0.723 0.990 0.978 0.012 0.003 0.863 0.086 0.372 0.940 0.002 0.001 0.578 0.063 0.001 0.067 0.001 0.013 0.549 0.001 0.845 0.000 0.000 0.003 0.001 0.002 0.006 0.001 0.001 0.001 0.002 0.001 0.000 
39 guitar_vis 30 0.991 0.002 0.001 0.975 0.914 0.001 0.094 0.173 0.001 0.001 0.000 0.600 0.000 0.051 0.000 0.001 0.000 0.000 0.012 0.001 0.017 0.067 0.001 0.191 0.032 0.951 0.429 0.990 0.976 0.012 0.004 0.820 0.189 0.208 0.930 0.002 0.002 0.315 0.071 0.002 0.044 0.001 0.011 0.460 0.002 0.808 0.000 0.000 0.002 0.000 0.002 0.005 0.001 0.001 0.001 0.002 0.001 0.000 
40 piano_vis 30 0.990 0.004 0.000 0.974 0.772 0.001 0.544 0.057 0.001 0.001 0.000 0.065 0.001 0.152 0.001 0.003 0.001 0.001 0.015 0.000 0.004 0.052 0.001 0.688 0.349 0.475 0.955 0.990 0.949 0.014 0.017 0.657 0.011 0.767 0.921 0.003 0.002 0.699 0.058 0.003 0.083 0.001 0.009 0.468 0.001 0.807 0.000 0.000 0.003 0.001 0.002 0.008 0.001 0.001 0.001 0.001 0.001 0.000 
41 trumpet_vis 30 0.990 0.004 0.000 0.973 0.778 0.001 0.478 0.069 0.001 0.001 0.000 0.093 0.000 0.118 0.001 0.002 0.001 0.001 0.013 0.000 0.004 0.032 0.001 0.670 0.247 0.654 0.921 0.990 0.938 0.013 0.011 0.640 0.018 0.660 0.904 0.003 0.002 0.651 0.051 0.005 0.095 0.001 0.016 0.467 0.001 0.755 0.000 0.000 0.003 0.001 0.002 0.005 0.001 0.001 0.001 0.001 0.001 0.000 
42 fork_vis 30 0.990 0.003 0.001 0.972 0.845 0.001 0.196 0.104 0.001 0.001 0.000 0.298 0.000 0.075 0.000 0.001 0.000 0.001 0.012 0.001 0.009 0.052 0.001 0.359 0.101 0.856 0.859 0.989 0.967 0.011 0.004 0.782 0.028 0.503 0.923 0.002 0.002 0.581 0.050 0.002 0.063 0.001 0.010 0.479 0.001 0.825 0.000 0.000 0.003 0.001 0.002 0.006 0.001 0.001 0.001 0.002 0.001 0.000 
43 spoon_vis 30 0.991 0.002 0.001 0.973 0.923 0.001 0.086 0.201 0.001 0.001 0.000 0.744 0.000 0.047 0.000 0.001 0.000 0.000 0.015 0.002 0.020 0.061 0.001 0.175 0.031 0.957 0.458 0.990 0.980 0.012 0.003 0.882 0.216 0.205 0.929 0.002 0.001 0.451 0.062 0.001 0.056 0.001 0.013 0.527 0.002 0.826 0.000 0.000 0.003 0.000 0.002 0.005 0.001 0.001 0.001 0.002 0.001 0.000 
44 tongs_vis 30 0.990 0.002 0.001 0.961 0.886 0.001 0.056 0.137 0.001 0.001 0.000 0.634 0.000 0.030 0.000 0.001 0.000 0.000 0.009 0.001 0.014 0.039 0.001 0.115 0.027 0.924 0.463 0.989 0.974 0.010 0.002 0.852 0.124 0.195 0.926 0.002 0.001 0.480 0.033 0.002 0.057 0.001 0.012 0.487 0.001 0.839 0.000 0.000 0.005 0.000 0.001 0.005 0.001 0.000 0.001 0.002 0.001 0.000 
45 ladle_vis 30 0.991 0.003 0.001 0.974 0.916 0.001 0.106 0.205 0.001 0.001 0.000 0.754 0.000 0.053 0.000 0.001 0.000 0.000 0.015 0.002 0.021 0.060 0.001 0.209 0.033 0.964 0.460 0.990 0.979 0.012 0.004 0.871 0.234 0.166 0.915 0.002 0.002 0.399 0.073 0.002 0.057 0.001 0.015 0.512 0.002 0.779 0.000 0.000 0.002 0.000 0.002 0.004 0.001 0.001 0.001 0.001 0.001 0.000 
46 knife_vis 30 0.991 0.002 0.001 0.971 0.934 0.001 0.052 0.182 0.001 0.001 0.000 0.652 0.000 0.036 0.000 0.001 0.000 0.000 0.012 0.002 0.019 0.072 0.001 0.110 0.021 0.951 0.288 0.990 0.980 0.011 0.002 0.837 0.259 0.177 0.935 0.002 0.001 0.289 0.062 0.001 0.039 0.001 0.011 0.458 0.002 0.830 0.000 0.000 0.003 0.000 0.002 0.005 0.001 0.001 0.001 0.003 0.001 0.000 
47 chopsticks_vis 30 0.990 0.002 0.001 0.966 0.919 0.001 0.044 0.140 0.001 0.001 0.000 0.425 0.000 0.029 0.000 0.001 0.000 0.000 0.008 0.001 0.014 0.064 0.001 0.103 0.017 0.912 0.232 0.989 0.967 0.011 0.002 0.705 0.209 0.184 0.935 0.002 0.001 0.207 0.051 0.002 0.036 0.001 0.010 0.371 0.002 0.822 0.000 0.000 0.004 0.000 0.002 0.005 0.001 0.001 0.001 0.003 0.001 0.000 
