0 beaver_vis 30 0.994 0.950 0.001 0.613 0.895 0.002 0.000 0.000 0.000 0.002 0.006 0.461 0.000 0.058 0.989 0.992 0.010 0.000 0.000 0.000 0.279 0.724 0.003 0.208 0.004 0.000 0.001 0.991 0.000 0.993 0.066 0.053 0.525 0.257 0.000 0.978 0.023 0.000 0.000 0.001 0.001 0.000 0.298 0.000 0.000 0.000 0.000 0.008 0.003 0.000 0.008 0.002 0.800 0.000 0.002 0.001 0.000 0.000 
1 bear_vis 30 0.994 0.948 0.001 0.586 0.869 0.002 0.000 0.000 0.000 0.002 0.006 0.536 0.000 0.059 0.989 0.993 0.011 0.000 0.000 0.000 0.230 0.754 0.003 0.218 0.004 0.000 0.001 0.991 0.000 0.993 0.069 0.050 0.471 0.254 0.000 0.978 0.024 0.000 0.000 0.001 0.001 0.000 0.091 0.000 0.000 0.000 0.000 0.007 0.004 0.000 0.006 0.001 0.814 0.000 0.001 0.001 0.000 0.000 
2 sheep_vis 30 0.994 0.946 0.001 0.577 0.822 0.002 0.000 0.000 0.000 0.002 0.007 0.563 0.000 0.064 0.988 0.992 0.013 0.000 0.000 0.000 0.223 0.753 0.003 0.212 0.004 0.000 0.001 0.992 0.000 0.992 0.061 0.051 0.441 0.217 0.000 0.973 0.019 0.000 0.000 0.001 0.001 0.000 0.061 0.000 0.000 0.000 0.000 0.006 0.004 0.000 0.005 0.001 0.796 0.000 0.002 0.001 0.000 0.000 
3 buffalo_vis 30 0.994 0.947 0.001 0.620 0.859 0.002 0.000 0.000 0.000 0.002 0.007 0.533 0.000 0.054 0.989 0.993 0.011 0.000 0.000 0.000 0.223 0.745 0.003 0.229 0.004 0.000 0.001 0.991 0.000 0.993 0.066 0.048 0.449 0.243 0.000 0.979 0.023 0.000 0.000 0.001 0.001 0.000 0.117 0.000 0.000 0.000 0.000 0.007 0.003 0.000 0.006 0.001 0.820 0.000 0.001 0.001 0.000 0.000 
4 poodle_vis 30 0.994 0.946 0.001 0.588 0.894 0.003 0.000 0.000 0.000 0.002 0.006 0.495 0.000 0.060 0.989 0.992 0.010 0.000 0.000 0.000 0.253 0.736 0.003 0.219 0.004 0.000 0.001 0.991 0.000 0.993 0.073 0.054 0.513 0.268 0.000 0.977 0.025 0.000 0.000 0.001 0.001 0.000 0.140 0.000 0.000 0.000 0.000 0.008 0.004 0.000 0.007 0.002 0.808 0.000 0.001 0.001 0.000 0.000 
5 giraffe_vis 30 0.994 0.948 0.001 0.615 0.859 0.002 0.000 0.000 0.000 0.002 0.007 0.532 0.000 0.055 0.989 0.993 0.011 0.000 0.000 0.000 0.226 0.746 0.003 0.225 0.004 0.000 0.001 0.990 0.000 0.993 0.066 0.048 0.452 0.243 0.000 0.979 0.023 0.000 0.000 0.001 0.001 0.000 0.119 0.000 0.000 0.000 0.000 0.007 0.003 0.000 0.006 0.001 0.819 0.000 0.001 0.001 0.000 0.000 
6 robin_vis 30 0.993 0.942 0.001 0.569 0.894 0.003 0.000 0.000 0.000 0.002 0.006 0.499 0.000 0.063 0.988 0.992 0.010 0.000 0.000 0.000 0.243 0.738 0.003 0.221 0.004 0.000 0.001 0.991 0.000 0.993 0.072 0.059 0.526 0.267 0.000 0.974 0.024 0.000 0.000 0.001 0.001 0.000 0.098 0.000 0.000 0.000 0.000 0.009 0.004 0.000 0.007 0.001 0.798 0.000 0.002 0.001 0.000 0.000 
7 swan_vis 30 0.993 0.952 0.001 0.612 0.913 0.003 0.000 0.000 0.000 0.003 0.006 0.397 0.000 0.056 0.989 0.992 0.011 0.000 0.000 0.000 0.333 0.700 0.002 0.187 0.004 0.000 0.001 0.990 0.000 0.993 0.067 0.055 0.530 0.256 0.000 0.981 0.025 0.000 0.000 0.001 0.001 0.000 0.501 0.000 0.000 0.000 0.000 0.010 0.003 0.000 0.010 0.002 0.815 0.000 0.002 0.001 0.000 0.000 
8 woodpecker_vis 30 0.993 0.949 0.001 0.598 0.897 0.003 0.000 0.000 0.000 0.002 0.006 0.455 0.000 0.060 0.989 0.992 0.010 0.000 0.000 0.000 0.283 0.724 0.003 0.203 0.004 0.000 0.001 0.991 0.000 0.993 0.066 0.054 0.533 0.260 0.000 0.977 0.023 0.000 0.000 0.001 0.001 0.000 0.300 0.000 0.000 0.000 0.000 0.009 0.003 0.000 0.008 0.002 0.798 0.000 0.002 0.001 0.000 0.000 
9 peacock_vis 30 0.993 0.862 0.001 0.893 0.255 0.003 0.000 0.000 0.000 0.002 0.068 0.761 0.000 0.013 0.986 0.985 0.061 0.000 0.001 0.000 0.047 0.691 0.024 0.625 0.037 0.000 0.004 0.991 0.000 0.981 0.016 0.016 0.119 0.065 0.000 0.985 0.005 0.000 0.000 0.003 0.001 0.000 0.321 0.001 0.000 0.000 0.000 0.002 0.001 0.000 0.001 0.001 0.869 0.000 0.005 0.003 0.000 0.000 
10 crow_vis 30 0.992 0.952 0.001 0.625 0.924 0.004 0.000 0.000 0.000 0.003 0.006 0.352 0.000 0.052 0.989 0.992 0.011 0.000 0.000 0.000 0.358 0.684 0.002 0.173 0.004 0.000 0.001 0.989 0.000 0.994 0.065 0.056 0.536 0.256 0.000 0.983 0.025 0.000 0.000 0.001 0.001 0.000 0.630 0.000 0.000 0.000 0.000 0.011 0.002 0.000 0.013 0.002 0.825 0.000 0.002 0.001 0.000 0.000 
11 eagle_vis 30 0.993 0.947 0.001 0.584 0.899 0.003 0.000 0.000 0.000 0.002 0.006 0.469 0.000 0.060 0.988 0.992 0.010 0.000 0.000 0.000 0.273 0.725 0.002 0.210 0.004 0.000 0.001 0.990 0.000 0.993 0.072 0.055 0.516 0.264 0.000 0.978 0.025 0.000 0.000 0.001 0.001 0.000 0.202 0.000 0.000 0.000 0.000 0.009 0.003 0.000 0.008 0.002 0.809 0.000 0.002 0.001 0.000 0.000 
12 tuna_vis 30 0.993 0.947 0.001 0.650 0.856 0.003 0.000 0.000 0.000 0.002 0.007 0.510 0.000 0.051 0.989 0.992 0.011 0.000 0.000 0.000 0.224 0.733 0.003 0.227 0.005 0.000 0.001 0.991 0.000 0.993 0.058 0.047 0.458 0.229 0.000 0.978 0.019 0.000 0.000 0.001 0.001 0.000 0.214 0.000 0.000 0.000 0.000 0.007 0.003 0.000 0.006 0.001 0.807 0.000 0.002 0.001 0.000 0.000 
13 goldfish_vis 30 0.993 0.940 0.001 0.707 0.765 0.003 0.000 0.000 0.000 0.002 0.010 0.557 0.000 0.041 0.989 0.992 0.014 0.000 0.000 0.000 0.176 0.733 0.004 0.280 0.006 0.000 0.001 0.991 0.000 0.992 0.052 0.040 0.371 0.201 0.000 0.982 0.018 0.000 0.000 0.001 0.001 0.000 0.180 0.000 0.000 0.000 0.000 0.006 0.003 0.000 0.005 0.001 0.830 0.000 0.002 0.001 0.000 0.000 
14 salmon_vis 30 0.994 0.938 0.001 0.597 0.875 0.002 0.000 0.000 0.000 0.003 0.006 0.526 0.000 0.061 0.987 0.992 0.010 0.000 0.000 0.000 0.213 0.751 0.003 0.231 0.005 0.000 0.001 0.992 0.000 0.992 0.067 0.059 0.513 0.256 0.000 0.972 0.021 0.000 0.000 0.001 0.001 0.000 0.064 0.000 0.000 0.000 0.000 0.007 0.004 0.000 0.006 0.001 0.791 0.000 0.002 0.001 0.000 0.000 
15 sardine_vis 30 0.993 0.933 0.001 0.678 0.795 0.002 0.000 0.000 0.000 0.003 0.008 0.558 0.000 0.048 0.987 0.992 0.013 0.000 0.000 0.000 0.167 0.745 0.004 0.270 0.006 0.000 0.001 0.992 0.000 0.992 0.052 0.052 0.434 0.211 0.000 0.973 0.015 0.000 0.000 0.001 0.001 0.000 0.075 0.000 0.000 0.000 0.000 0.006 0.003 0.000 0.004 0.001 0.795 0.000 0.002 0.001 0.000 0.000 
16 catfish_vis 30 0.993 0.941 0.001 0.690 0.792 0.003 0.000 0.000 0.000 0.002 0.009 0.556 0.000 0.043 0.989 0.992 0.013 0.000 0.000 0.000 0.181 0.738 0.003 0.270 0.005 0.000 0.001 0.991 0.000 0.993 0.055 0.042 0.388 0.212 0.000 0.981 0.019 0.000 0.000 0.001 0.001 0.000 0.143 0.000 0.000 0.000 0.000 0.006 0.003 0.000 0.005 0.001 0.827 0.000 0.002 0.001 0.000 0.000 
17 cod_vis 30 0.993 0.921 0.001 0.788 0.533 0.002 0.000 0.000 0.000 0.003 0.023 0.647 0.000 0.030 0.987 0.991 0.027 0.000 0.000 0.000 0.109 0.726 0.007 0.392 0.011 0.000 0.002 0.992 0.000 0.990 0.035 0.035 0.276 0.140 0.000 0.979 0.011 0.000 0.000 0.001 0.001 0.000 0.140 0.000 0.000 0.000 0.000 0.004 0.002 0.000 0.003 0.001 0.828 0.000 0.003 0.001 0.000 0.000 
18 turtle_vis 30 0.993 0.932 0.001 0.741 0.681 0.003 0.000 0.000 0.000 0.002 0.013 0.588 0.000 0.035 0.988 0.992 0.017 0.000 0.000 0.000 0.149 0.727 0.005 0.328 0.008 0.000 0.002 0.990 0.000 0.992 0.046 0.035 0.323 0.179 0.000 0.983 0.016 0.000 0.000 0.001 0.001 0.000 0.177 0.000 0.000 0.000 0.000 0.005 0.003 0.000 0.004 0.001 0.836 0.000 0.002 0.001 0.000 0.000 
19 rattlesnake_vis 30 0.992 0.941 0.001 0.563 0.897 0.004 0.000 0.000 0.000 0.003 0.006 0.481 0.000 0.058 0.988 0.991 0.010 0.000 0.000 0.000 0.258 0.723 0.002 0.212 0.004 0.000 0.001 0.989 0.000 0.993 0.073 0.053 0.507 0.269 0.000 0.978 0.026 0.000 0.000 0.001 0.001 0.000 0.138 0.000 0.000 0.000 0.000 0.009 0.004 0.000 0.008 0.002 0.816 0.000 0.002 0.001 0.000 0.000 
20 crab_vis 30 0.993 0.852 0.001 0.912 0.201 0.003 0.000 0.000 0.000 0.002 0.089 0.786 0.000 0.010 0.986 0.982 0.075 0.000 0.001 0.000 0.037 0.689 0.030 0.669 0.045 0.000 0.004 0.991 0.000 0.977 0.012 0.014 0.093 0.051 0.000 0.987 0.005 0.000 0.001 0.004 0.001 0.000 0.368 0.001 0.000 0.000 0.000 0.002 0.001 0.000 0.001 0.001 0.878 0.000 0.006 0.004 0.000 0.000 
21 frog_vis 30 0.993 0.938 0.001 0.566 0.886 0.003 0.000 0.000 0.000 0.003 0.005 0.510 0.000 0.064 0.987 0.992 0.010 0.000 0.000 0.000 0.222 0.746 0.003 0.222 0.005 0.000 0.001 0.991 0.000 0.993 0.067 0.062 0.541 0.263 0.000 0.970 0.021 0.000 0.000 0.001 0.001 0.000 0.059 0.000 0.000 0.000 0.000 0.008 0.004 0.000 0.006 0.001 0.780 0.000 0.002 0.001 0.000 0.000 
22 gecko_vis 30 0.993 0.898 0.001 0.830 0.408 0.003 0.000 0.000 0.000 0.002 0.036 0.693 0.000 0.023 0.987 0.990 0.038 0.000 0.000 0.000 0.081 0.715 0.012 0.493 0.019 0.000 0.002 0.991 0.000 0.987 0.026 0.026 0.207 0.108 0.000 0.982 0.009 0.000 0.000 0.001 0.001 0.000 0.198 0.000 0.000 0.000 0.000 0.003 0.002 0.000 0.002 0.001 0.844 0.000 0.003 0.002 0.000 0.000 
23 crocodile_vis 30 0.993 0.938 0.001 0.662 0.829 0.003 0.000 0.000 0.000 0.002 0.007 0.560 0.000 0.048 0.988 0.992 0.012 0.000 0.000 0.000 0.178 0.747 0.003 0.258 0.005 0.000 0.001 0.991 0.000 0.993 0.057 0.047 0.429 0.225 0.000 0.977 0.018 0.000 0.000 0.001 0.001 0.000 0.082 0.000 0.000 0.000 0.000 0.006 0.003 0.000 0.005 0.001 0.811 0.000 0.002 0.001 0.000 0.000 
24 axe_vis 30 0.987 0.955 0.001 0.539 0.937 0.010 0.000 0.000 0.000 0.007 0.006 0.194 0.000 0.058 0.985 0.990 0.028 0.000 0.000 0.000 0.460 0.655 0.002 0.098 0.003 0.000 0.001 0.985 0.000 0.994 0.057 0.102 0.378 0.178 0.000 0.982 0.027 0.000 0.000 0.004 0.001 0.000 0.909 0.000 0.001 0.000 0.000 0.023 0.002 0.000 0.018 0.003 0.883 0.000 0.003 0.002 0.000 0.000 
25 hammer_vis 30 0.984 0.772 0.001 0.974 0.005 0.014 0.002 0.006 0.000 0.055 0.250 0.721 0.000 0.000 0.971 0.782 0.330 0.000 0.001 0.000 0.004 0.465 0.053 0.812 0.112 0.000 0.003 0.986 0.000 0.962 0.001 0.003 0.001 0.002 0.000 0.994 0.002 0.001 0.002 0.253 0.001 0.001 0.984 0.001 0.002 0.000 0.000 0.001 0.001 0.000 0.001 0.001 0.955 0.000 0.055 0.170 0.000 0.002 
26 screwdriver_vis 30 0.988 0.965 0.008 0.340 0.614 0.011 0.000 0.000 0.000 0.012 0.048 0.297 0.001 0.090 0.969 0.987 0.263 0.000 0.001 0.000 0.399 0.684 0.001 0.043 0.001 0.000 0.000 0.983 0.000 0.992 0.036 0.115 0.086 0.058 0.000 0.971 0.017 0.000 0.000 0.004 0.011 0.000 0.841 0.000 0.001 0.000 0.000 0.020 0.002 0.000 0.009 0.002 0.914 0.000 0.005 0.003 0.000 0.000 
27 chisel_vis 30 0.984 0.954 0.001 0.340 0.937 0.019 0.001 0.000 0.000 0.028 0.007 0.077 0.000 0.076 0.937 0.989 0.131 0.000 0.000 0.000 0.457 0.682 0.001 0.041 0.002 0.000 0.000 0.981 0.000 0.994 0.056 0.341 0.149 0.102 0.000 0.959 0.028 0.001 0.000 0.008 0.026 0.000 0.966 0.000 0.002 0.000 0.000 0.078 0.002 0.000 0.027 0.003 0.939 0.000 0.006 0.014 0.000 0.000 
28 saw_vis 30 0.975 0.905 0.001 0.686 0.495 0.051 0.001 0.000 0.000 0.024 0.021 0.203 0.000 0.008 0.972 0.983 0.069 0.000 0.001 0.000 0.109 0.517 0.004 0.178 0.009 0.000 0.001 0.975 0.000 0.989 0.010 0.031 0.051 0.033 0.000 0.987 0.021 0.001 0.001 0.027 0.001 0.000 0.964 0.000 0.001 0.000 0.000 0.006 0.001 0.000 0.056 0.001 0.897 0.000 0.008 0.009 0.000 0.000 
29 drill_vis 30 0.884 0.898 0.001 0.044 0.430 0.335 0.006 0.000 0.003 0.146 0.001 0.585 0.000 0.002 0.754 0.989 0.003 0.000 0.000 0.001 0.449 0.409 0.000 0.002 0.001 0.000 0.002 0.849 0.000 0.978 0.006 0.003 0.080 0.078 0.000 0.667 0.035 0.002 0.001 0.034 0.000 0.000 0.606 0.000 0.001 0.000 0.000 0.029 0.031 0.000 0.055 0.001 0.914 0.001 0.001 0.002 0.000 0.002 
30 clamp_vis 30 0.989 0.955 0.259 0.977 0.001 0.006 0.001 0.000 0.000 0.020 0.735 0.927 0.004 0.002 0.989 0.782 0.716 0.000 0.045 0.005 0.018 0.458 0.009 0.281 0.019 0.000 0.001 0.988 0.000 0.735 0.000 0.001 0.001 0.001 0.000 0.994 0.001 0.000 0.001 0.097 0.001 0.000 0.956 0.000 0.001 0.000 0.000 0.001 0.001 0.000 0.001 0.001 0.891 0.000 0.033 0.007 0.000 0.001 
31 hoe_vis 30 0.988 0.981 0.052 0.244 0.411 0.013 0.000 0.000 0.000 0.042 0.137 0.333 0.002 0.109 0.963 0.975 0.521 0.000 0.002 0.001 0.467 0.669 0.001 0.016 0.001 0.000 0.000 0.978 0.000 0.988 0.019 0.094 0.025 0.020 0.000 0.972 0.016 0.001 0.000 0.008 0.020 0.000 0.946 0.000 0.001 0.000 0.000 0.022 0.001 0.000 0.009 0.002 0.931 0.000 0.011 0.006 0.000 0.001 
32 rake_vis 30 0.987 0.961 0.181 0.965 0.003 0.012 0.001 0.000 0.000 0.025 0.660 0.880 0.003 0.002 0.989 0.836 0.658 0.000 0.030 0.003 0.019 0.474 0.006 0.266 0.017 0.000 0.001 0.985 0.000 0.793 0.001 0.001 0.001 0.001 0.000 0.994 0.002 0.000 0.001 0.114 0.001 0.000 0.972 0.000 0.001 0.000 0.000 0.001 0.001 0.000 0.001 0.001 0.901 0.000 0.032 0.008 0.000 0.001 
33 shovel_vis 30 0.989 0.988 0.443 0.228 0.120 0.010 0.000 0.000 0.000 0.124 0.497 0.587 0.013 0.183 0.971 0.830 0.796 0.000 0.020 0.002 0.496 0.636 0.000 0.007 0.001 0.000 0.000 0.971 0.000 0.961 0.008 0.025 0.005 0.005 0.000 0.977 0.011 0.001 0.000 0.014 0.036 0.000 0.926 0.000 0.001 0.000 0.000 0.010 0.001 0.000 0.005 0.001 0.928 0.000 0.032 0.007 0.000 0.002 
34 spade_vis 30 0.981 0.873 0.002 0.976 0.001 0.020 0.007 0.001 0.000 0.051 0.365 0.833 0.000 0.001 0.987 0.858 0.287 0.000 0.002 0.001 0.003 0.455 0.039 0.781 0.108 0.000 0.003 0.986 0.000 0.928 0.000 0.001 0.001 0.002 0.000 0.994 0.001 0.001 0.003 0.324 0.001 0.000 0.988 0.001 0.001 0.000 0.000 0.001 0.000 0.000 0.001 0.001 0.943 0.000 0.056 0.048 0.000 0.001 
35 wrench_vis 30 0.983 0.964 0.001 0.399 0.768 0.031 0.001 0.000 0.001 0.032 0.013 0.111 0.000 0.041 0.958 0.988 0.129 0.000 0.001 0.000 0.333 0.620 0.001 0.033 0.002 0.000 0.000 0.973 0.000 0.991 0.023 0.132 0.058 0.042 0.000 0.973 0.031 0.001 0.000 0.017 0.007 0.000 0.974 0.000 0.001 0.000 0.000 0.028 0.002 0.000 0.052 0.003 0.925 0.000 0.007 0.008 0.000 0.000 
36 accordion_vis 30 0.989 0.971 0.001 0.211 0.888 0.010 0.000 0.000 0.000 0.022 0.004 0.249 0.000 0.049 0.861 0.991 0.066 0.000 0.001 0.000 0.603 0.653 0.001 0.018 0.001 0.000 0.000 0.979 0.000 0.993 0.034 0.108 0.113 0.074 0.000 0.837 0.016 0.001 0.000 0.004 0.003 0.000 0.940 0.000 0.002 0.000 0.000 0.036 0.003 0.000 0.013 0.002 0.920 0.000 0.003 0.007 0.000 0.001 
37 cello_vis 30 0.988 0.965 0.001 0.392 0.901 0.011 0.001 0.000 0.000 0.011 0.005 0.225 0.000 0.047 0.971 0.991 0.039 0.000 0.000 0.000 0.528 0.646 0.001 0.043 0.002 0.000 0.000 0.985 0.000 0.993 0.038 0.082 0.222 0.113 0.000 0.962 0.017 0.000 0.000 0.006 0.001 0.000 0.951 0.000 0.001 0.000 0.000 0.024 0.002 0.000 0.013 0.002 0.899 0.000 0.003 0.003 0.000 0.000 
38 flute_vis 30 0.286 0.916 0.001 0.001 0.010 0.992 0.182 0.001 0.133 0.734 0.002 0.017 0.000 0.003 0.984 0.986 0.016 0.000 0.001 0.000 0.177 0.335 0.000 0.005 0.001 0.000 0.000 0.695 0.000 0.925 0.001 0.001 0.001 0.006 0.000 0.993 0.663 0.007 0.010 0.790 0.002 0.000 0.986 0.001 0.002 0.000 0.000 0.121 0.007 0.000 0.956 0.017 0.982 0.001 0.032 0.004 0.000 0.001 
39 guitar_vis 30 0.988 0.990 0.625 0.004 0.044 0.013 0.000 0.000 0.000 0.039 0.200 0.402 0.012 0.742 0.987 0.988 0.744 0.000 0.010 0.001 0.933 0.637 0.000 0.003 0.000 0.000 0.000 0.925 0.000 0.988 0.013 0.022 0.004 0.002 0.000 0.952 0.021 0.000 0.000 0.006 0.023 0.000 0.949 0.000 0.001 0.000 0.000 0.023 0.001 0.000 0.009 0.002 0.855 0.003 0.006 0.001 0.000 0.000 
40 piano_vis 30 0.989 0.961 0.001 0.543 0.929 0.010 0.000 0.000 0.000 0.008 0.006 0.168 0.000 0.056 0.985 0.991 0.030 0.000 0.000 0.000 0.463 0.665 0.001 0.084 0.003 0.000 0.000 0.986 0.000 0.993 0.052 0.113 0.358 0.167 0.000 0.982 0.024 0.000 0.000 0.005 0.001 0.000 0.953 0.000 0.001 0.000 0.000 0.025 0.001 0.000 0.020 0.003 0.889 0.000 0.003 0.002 0.000 0.000 
41 trumpet_vis 30 0.987 0.876 0.001 0.958 0.057 0.011 0.001 0.000 0.000 0.013 0.065 0.655 0.000 0.001 0.987 0.984 0.071 0.000 0.001 0.000 0.020 0.551 0.022 0.579 0.053 0.000 0.003 0.987 0.000 0.982 0.002 0.004 0.017 0.015 0.000 0.993 0.004 0.001 0.001 0.054 0.000 0.000 0.976 0.001 0.001 0.000 0.000 0.002 0.001 0.000 0.002 0.001 0.924 0.000 0.010 0.013 0.000 0.000 
42 fork_vis 30 0.957 0.966 0.004 0.018 0.293 0.162 0.002 0.000 0.001 0.061 0.003 0.135 0.000 0.038 0.969 0.990 0.016 0.000 0.001 0.000 0.501 0.345 0.000 0.003 0.001 0.000 0.000 0.913 0.000 0.971 0.006 0.007 0.023 0.011 0.000 0.957 0.042 0.001 0.001 0.032 0.001 0.000 0.887 0.000 0.001 0.000 0.000 0.011 0.002 0.000 0.182 0.001 0.683 0.000 0.002 0.001 0.000 0.000 
43 spoon_vis 30 0.990 0.992 0.731 0.001 0.006 0.008 0.000 0.000 0.000 0.016 0.087 0.810 0.011 0.576 0.982 0.990 0.523 0.000 0.005 0.007 0.965 0.534 0.000 0.001 0.000 0.000 0.000 0.769 0.000 0.959 0.006 0.003 0.001 0.001 0.000 0.843 0.008 0.000 0.000 0.004 0.001 0.000 0.731 0.000 0.000 0.000 0.000 0.006 0.001 0.000 0.003 0.001 0.729 0.001 0.002 0.000 0.000 0.000 
44 tongs_vis 30 0.990 0.810 0.001 0.985 0.004 0.005 0.001 0.009 0.000 0.049 0.374 0.848 0.001 0.001 0.949 0.578 0.497 0.000 0.001 0.001 0.003 0.471 0.045 0.839 0.073 0.000 0.002 0.990 0.000 0.957 0.001 0.004 0.001 0.002 0.000 0.993 0.001 0.001 0.001 0.100 0.003 0.000 0.929 0.001 0.003 0.000 0.000 0.001 0.001 0.000 0.001 0.000 0.956 0.000 0.064 0.227 0.000 0.002 
45 ladle_vis 30 0.961 0.789 0.001 0.938 0.001 0.074 0.083 0.004 0.000 0.224 0.213 0.615 0.000 0.000 0.985 0.802 0.205 0.000 0.002 0.000 0.005 0.418 0.023 0.621 0.110 0.000 0.001 0.975 0.000 0.831 0.000 0.001 0.001 0.001 0.000 0.994 0.003 0.002 0.012 0.619 0.001 0.001 0.990 0.002 0.002 0.000 0.000 0.001 0.001 0.000 0.003 0.001 0.966 0.000 0.105 0.069 0.000 0.003 
46 knife_vis 30 0.991 0.992 0.853 0.001 0.020 0.007 0.000 0.000 0.000 0.084 0.318 0.422 0.027 0.878 0.978 0.981 0.909 0.000 0.017 0.002 0.968 0.669 0.000 0.001 0.000 0.000 0.000 0.866 0.000 0.985 0.012 0.035 0.001 0.001 0.000 0.908 0.015 0.000 0.000 0.003 0.114 0.000 0.910 0.000 0.001 0.000 0.000 0.033 0.001 0.000 0.002 0.002 0.875 0.010 0.009 0.001 0.000 0.000 
47 chopsticks_vis 30 0.990 0.970 0.130 0.936 0.021 0.007 0.000 0.000 0.000 0.070 0.604 0.819 0.005 0.007 0.963 0.605 0.790 0.000 0.013 0.001 0.026 0.634 0.003 0.129 0.004 0.000 0.000 0.986 0.000 0.913 0.002 0.006 0.003 0.003 0.000 0.991 0.003 0.001 0.000 0.019 0.020 0.000 0.798 0.000 0.001 0.000 0.000 0.001 0.001 0.000 0.001 0.001 0.945 0.000 0.055 0.021 0.000 0.002 
