0 beaver_vis 30 0.026 0.007 0.010 0.053 0.007 0.885 0.037 0.014 0.003 0.007 0.003 0.002 0.010 0.010 0.002 0.005 0.007 0.086 0.002 0.003 0.024 0.022 0.017 0.058 0.052 0.002 0.022 0.011 0.002 0.023 0.009 0.003 0.007 0.003 0.008 0.004 0.033 0.009 0.001 0.011 0.002 0.020 0.006 0.007 0.001 0.028 0.038 0.001 0.006 0.010 0.003 0.002 0.093 0.004 0.001 0.031 0.114 0.001 
1 bear_vis 30 0.027 0.007 0.010 0.046 0.007 0.871 0.036 0.014 0.003 0.007 0.004 0.002 0.010 0.011 0.002 0.005 0.007 0.085 0.002 0.004 0.024 0.020 0.016 0.056 0.047 0.002 0.022 0.011 0.002 0.025 0.010 0.003 0.007 0.003 0.008 0.005 0.034 0.010 0.002 0.012 0.002 0.022 0.006 0.007 0.001 0.027 0.040 0.001 0.007 0.010 0.003 0.002 0.091 0.004 0.001 0.032 0.114 0.001 
2 sheep_vis 30 0.027 0.007 0.011 0.053 0.007 0.875 0.036 0.015 0.003 0.008 0.004 0.002 0.011 0.010 0.002 0.005 0.007 0.090 0.002 0.004 0.025 0.024 0.019 0.056 0.050 0.002 0.023 0.011 0.002 0.022 0.009 0.003 0.007 0.003 0.008 0.005 0.032 0.010 0.002 0.011 0.002 0.020 0.006 0.008 0.001 0.028 0.035 0.001 0.006 0.010 0.003 0.002 0.095 0.004 0.001 0.032 0.112 0.001 
3 buffalo_vis 30 0.028 0.007 0.012 0.042 0.007 0.865 0.034 0.013 0.003 0.009 0.004 0.002 0.010 0.011 0.002 0.005 0.008 0.085 0.002 0.004 0.026 0.023 0.018 0.048 0.043 0.002 0.022 0.010 0.002 0.023 0.010 0.003 0.007 0.003 0.008 0.005 0.033 0.010 0.002 0.011 0.002 0.021 0.006 0.007 0.002 0.026 0.035 0.001 0.007 0.010 0.003 0.002 0.089 0.004 0.001 0.036 0.116 0.001 
4 poodle_vis 30 0.027 0.007 0.012 0.042 0.007 0.867 0.034 0.012 0.003 0.009 0.004 0.002 0.009 0.011 0.002 0.005 0.007 0.082 0.002 0.004 0.025 0.024 0.019 0.045 0.044 0.002 0.022 0.010 0.002 0.022 0.010 0.003 0.007 0.003 0.008 0.005 0.032 0.011 0.002 0.011 0.002 0.020 0.006 0.007 0.002 0.026 0.034 0.001 0.007 0.011 0.003 0.002 0.085 0.004 0.001 0.035 0.115 0.002 
5 giraffe_vis 30 0.026 0.007 0.010 0.049 0.007 0.877 0.037 0.014 0.003 0.007 0.003 0.002 0.010 0.011 0.002 0.005 0.007 0.086 0.002 0.003 0.024 0.022 0.017 0.055 0.050 0.002 0.023 0.011 0.002 0.023 0.009 0.003 0.007 0.003 0.008 0.005 0.033 0.010 0.002 0.011 0.002 0.020 0.006 0.007 0.001 0.028 0.037 0.001 0.007 0.010 0.003 0.002 0.093 0.004 0.001 0.031 0.113 0.001 
6 robin_vis 30 0.033 0.009 0.014 0.040 0.008 0.798 0.034 0.017 0.004 0.010 0.005 0.003 0.011 0.013 0.003 0.006 0.009 0.088 0.003 0.005 0.028 0.021 0.020 0.052 0.039 0.003 0.022 0.013 0.003 0.025 0.012 0.004 0.009 0.004 0.009 0.006 0.036 0.011 0.002 0.014 0.003 0.024 0.007 0.009 0.002 0.025 0.038 0.002 0.008 0.011 0.004 0.003 0.088 0.005 0.001 0.037 0.101 0.002 
7 swan_vis 30 0.026 0.007 0.010 0.050 0.007 0.883 0.032 0.014 0.003 0.007 0.003 0.002 0.010 0.011 0.002 0.005 0.007 0.092 0.002 0.003 0.025 0.023 0.017 0.057 0.051 0.002 0.022 0.010 0.002 0.024 0.009 0.003 0.007 0.003 0.007 0.004 0.033 0.009 0.001 0.011 0.002 0.022 0.006 0.007 0.001 0.028 0.039 0.001 0.006 0.010 0.003 0.002 0.097 0.004 0.001 0.033 0.120 0.001 
8 woodpecker_vis 30 0.050 0.016 0.019 0.034 0.014 0.570 0.026 0.024 0.006 0.011 0.007 0.005 0.015 0.020 0.005 0.010 0.015 0.079 0.005 0.007 0.034 0.017 0.021 0.058 0.033 0.004 0.020 0.018 0.004 0.039 0.020 0.006 0.013 0.006 0.008 0.008 0.045 0.011 0.003 0.021 0.004 0.033 0.012 0.012 0.003 0.021 0.049 0.002 0.009 0.011 0.006 0.004 0.068 0.007 0.002 0.040 0.079 0.002 
9 peacock_vis 30 0.032 0.008 0.012 0.039 0.008 0.830 0.030 0.013 0.004 0.008 0.004 0.003 0.011 0.013 0.003 0.006 0.009 0.081 0.002 0.004 0.026 0.018 0.017 0.055 0.043 0.003 0.021 0.011 0.003 0.027 0.012 0.004 0.008 0.003 0.007 0.005 0.036 0.010 0.002 0.012 0.002 0.023 0.006 0.008 0.002 0.023 0.041 0.001 0.008 0.011 0.003 0.002 0.076 0.004 0.001 0.034 0.110 0.001 
10 crow_vis 30 0.029 0.007 0.012 0.044 0.007 0.858 0.033 0.014 0.003 0.009 0.004 0.003 0.010 0.011 0.002 0.005 0.008 0.089 0.002 0.004 0.027 0.023 0.019 0.050 0.045 0.003 0.022 0.011 0.002 0.023 0.010 0.003 0.008 0.003 0.008 0.005 0.033 0.010 0.002 0.012 0.002 0.021 0.006 0.008 0.002 0.026 0.036 0.001 0.007 0.010 0.003 0.002 0.092 0.004 0.001 0.035 0.114 0.001 
11 eagle_vis 30 0.030 0.008 0.012 0.041 0.008 0.854 0.030 0.012 0.003 0.008 0.003 0.003 0.010 0.012 0.002 0.005 0.008 0.084 0.002 0.004 0.026 0.019 0.016 0.055 0.045 0.002 0.021 0.011 0.002 0.027 0.011 0.004 0.008 0.003 0.007 0.005 0.036 0.010 0.002 0.012 0.002 0.022 0.006 0.007 0.001 0.023 0.040 0.001 0.007 0.010 0.003 0.002 0.081 0.004 0.001 0.034 0.117 0.001 
12 tuna_vis 30 0.023 0.007 0.009 0.061 0.006 0.887 0.038 0.016 0.003 0.006 0.004 0.002 0.012 0.010 0.002 0.005 0.006 0.084 0.002 0.003 0.021 0.025 0.017 0.058 0.057 0.002 0.025 0.010 0.002 0.020 0.009 0.003 0.006 0.002 0.008 0.004 0.029 0.009 0.001 0.010 0.003 0.019 0.005 0.008 0.001 0.035 0.037 0.001 0.007 0.011 0.003 0.002 0.097 0.003 0.001 0.028 0.108 0.001 
13 goldfish_vis 30 0.027 0.007 0.011 0.047 0.007 0.862 0.036 0.015 0.003 0.008 0.004 0.002 0.010 0.011 0.002 0.005 0.007 0.086 0.002 0.004 0.025 0.023 0.018 0.053 0.048 0.002 0.023 0.011 0.002 0.023 0.010 0.003 0.007 0.003 0.008 0.005 0.032 0.010 0.002 0.012 0.002 0.021 0.006 0.008 0.002 0.027 0.037 0.001 0.007 0.010 0.003 0.002 0.093 0.004 0.001 0.032 0.110 0.001 
14 salmon_vis 30 0.031 0.009 0.013 0.045 0.007 0.813 0.032 0.018 0.004 0.009 0.005 0.003 0.012 0.012 0.003 0.006 0.008 0.089 0.003 0.005 0.027 0.024 0.020 0.052 0.044 0.003 0.023 0.012 0.003 0.023 0.011 0.004 0.008 0.003 0.008 0.006 0.032 0.010 0.002 0.013 0.003 0.023 0.007 0.009 0.002 0.028 0.037 0.002 0.007 0.011 0.003 0.003 0.092 0.005 0.001 0.035 0.100 0.002 
15 sardine_vis 30 0.027 0.007 0.012 0.051 0.007 0.877 0.034 0.014 0.003 0.008 0.003 0.002 0.010 0.010 0.002 0.005 0.007 0.090 0.002 0.004 0.026 0.025 0.019 0.052 0.050 0.002 0.023 0.011 0.002 0.022 0.009 0.003 0.007 0.003 0.008 0.005 0.031 0.010 0.002 0.011 0.002 0.020 0.006 0.007 0.001 0.028 0.034 0.001 0.006 0.010 0.003 0.002 0.096 0.004 0.001 0.033 0.116 0.001 
16 catfish_vis 30 0.028 0.008 0.010 0.049 0.007 0.845 0.037 0.016 0.004 0.008 0.004 0.003 0.011 0.011 0.002 0.005 0.007 0.084 0.002 0.004 0.025 0.021 0.018 0.056 0.048 0.003 0.023 0.012 0.002 0.024 0.010 0.003 0.007 0.003 0.009 0.005 0.033 0.010 0.002 0.012 0.003 0.022 0.006 0.008 0.002 0.028 0.038 0.001 0.007 0.010 0.003 0.002 0.091 0.004 0.001 0.031 0.103 0.001 
17 cod_vis 30 0.027 0.007 0.011 0.049 0.007 0.873 0.034 0.013 0.003 0.008 0.003 0.002 0.010 0.010 0.002 0.005 0.007 0.088 0.002 0.004 0.026 0.024 0.019 0.051 0.049 0.002 0.023 0.010 0.002 0.022 0.009 0.003 0.007 0.003 0.008 0.005 0.032 0.010 0.002 0.011 0.002 0.020 0.006 0.007 0.001 0.027 0.035 0.001 0.007 0.010 0.003 0.002 0.094 0.004 0.001 0.033 0.115 0.001 
18 turtle_vis 30 0.031 0.008 0.014 0.042 0.008 0.808 0.036 0.016 0.004 0.011 0.005 0.003 0.011 0.011 0.003 0.006 0.008 0.085 0.003 0.005 0.027 0.024 0.021 0.046 0.041 0.003 0.023 0.012 0.003 0.022 0.011 0.004 0.008 0.003 0.010 0.006 0.032 0.011 0.002 0.013 0.003 0.021 0.006 0.009 0.002 0.027 0.033 0.002 0.008 0.011 0.003 0.003 0.087 0.005 0.001 0.036 0.100 0.002 
19 rattlesnake_vis 30 0.032 0.008 0.017 0.043 0.008 0.792 0.036 0.016 0.004 0.012 0.005 0.003 0.011 0.011 0.003 0.006 0.008 0.082 0.004 0.006 0.028 0.028 0.024 0.041 0.040 0.003 0.023 0.013 0.003 0.019 0.011 0.004 0.008 0.003 0.010 0.006 0.029 0.012 0.002 0.012 0.004 0.019 0.006 0.009 0.002 0.027 0.028 0.002 0.008 0.012 0.003 0.003 0.084 0.005 0.002 0.036 0.095 0.002 
20 crab_vis 30 0.031 0.008 0.012 0.039 0.008 0.828 0.034 0.015 0.004 0.009 0.004 0.003 0.011 0.012 0.003 0.006 0.008 0.085 0.003 0.004 0.026 0.020 0.018 0.052 0.041 0.003 0.022 0.012 0.003 0.025 0.011 0.004 0.008 0.003 0.008 0.006 0.035 0.011 0.002 0.013 0.003 0.023 0.007 0.008 0.002 0.025 0.039 0.001 0.008 0.011 0.003 0.003 0.086 0.005 0.001 0.036 0.108 0.002 
21 frog_vis 30 0.029 0.007 0.013 0.048 0.007 0.853 0.035 0.015 0.003 0.009 0.004 0.002 0.010 0.011 0.002 0.005 0.007 0.089 0.002 0.004 0.027 0.024 0.020 0.052 0.046 0.003 0.022 0.012 0.002 0.022 0.010 0.003 0.008 0.003 0.008 0.005 0.033 0.010 0.002 0.012 0.003 0.020 0.006 0.008 0.002 0.026 0.033 0.001 0.007 0.010 0.003 0.002 0.093 0.004 0.001 0.034 0.109 0.002 
22 gecko_vis 30 0.029 0.007 0.012 0.044 0.007 0.852 0.034 0.014 0.003 0.009 0.004 0.003 0.010 0.011 0.002 0.005 0.008 0.087 0.002 0.004 0.026 0.023 0.019 0.050 0.044 0.003 0.022 0.011 0.002 0.022 0.010 0.003 0.008 0.003 0.008 0.005 0.032 0.010 0.002 0.012 0.003 0.021 0.006 0.008 0.002 0.026 0.035 0.001 0.007 0.010 0.003 0.002 0.090 0.004 0.001 0.035 0.111 0.002 
23 crocodile_vis 30 0.030 0.008 0.014 0.044 0.007 0.820 0.034 0.015 0.004 0.010 0.005 0.003 0.011 0.011 0.003 0.006 0.008 0.083 0.003 0.005 0.027 0.026 0.022 0.045 0.043 0.003 0.023 0.012 0.003 0.020 0.010 0.004 0.008 0.003 0.009 0.006 0.030 0.011 0.002 0.012 0.003 0.019 0.006 0.009 0.002 0.028 0.031 0.002 0.008 0.011 0.003 0.003 0.085 0.004 0.001 0.034 0.101 0.002 
24 axe_vis 30 0.037 0.009 0.013 0.036 0.010 0.797 0.029 0.013 0.004 0.008 0.004 0.003 0.011 0.015 0.003 0.007 0.010 0.084 0.003 0.005 0.029 0.016 0.017 0.058 0.039 0.003 0.020 0.013 0.003 0.032 0.013 0.004 0.010 0.003 0.007 0.005 0.040 0.011 0.002 0.013 0.002 0.025 0.007 0.008 0.002 0.020 0.044 0.001 0.008 0.010 0.004 0.003 0.073 0.005 0.001 0.037 0.110 0.001 
25 hammer_vis 30 0.028 0.007 0.014 0.055 0.006 0.833 0.039 0.017 0.003 0.011 0.005 0.003 0.012 0.009 0.003 0.005 0.007 0.084 0.003 0.005 0.026 0.033 0.025 0.044 0.047 0.003 0.025 0.012 0.003 0.016 0.009 0.003 0.007 0.003 0.010 0.006 0.027 0.012 0.002 0.011 0.004 0.016 0.006 0.009 0.002 0.032 0.026 0.002 0.007 0.011 0.003 0.003 0.093 0.004 0.001 0.032 0.094 0.002 
26 screwdriver_vis 30 0.031 0.008 0.016 0.041 0.007 0.822 0.034 0.015 0.003 0.011 0.004 0.003 0.011 0.011 0.003 0.006 0.008 0.087 0.003 0.005 0.028 0.026 0.022 0.044 0.041 0.003 0.023 0.012 0.003 0.020 0.010 0.004 0.008 0.003 0.009 0.006 0.031 0.011 0.002 0.012 0.003 0.020 0.006 0.008 0.002 0.026 0.031 0.002 0.007 0.011 0.003 0.003 0.089 0.005 0.001 0.038 0.104 0.002 
27 chisel_vis 30 0.033 0.009 0.013 0.042 0.008 0.806 0.037 0.016 0.004 0.009 0.005 0.003 0.012 0.013 0.003 0.006 0.009 0.083 0.003 0.005 0.027 0.019 0.019 0.056 0.040 0.003 0.021 0.014 0.003 0.026 0.012 0.004 0.009 0.003 0.009 0.006 0.037 0.012 0.002 0.014 0.003 0.022 0.007 0.009 0.002 0.024 0.038 0.002 0.008 0.011 0.003 0.003 0.080 0.005 0.001 0.035 0.102 0.002 
28 saw_vis 30 0.030 0.007 0.016 0.045 0.007 0.845 0.033 0.014 0.003 0.011 0.004 0.003 0.010 0.010 0.002 0.005 0.008 0.091 0.003 0.005 0.029 0.029 0.023 0.043 0.044 0.003 0.023 0.011 0.003 0.019 0.010 0.003 0.008 0.003 0.008 0.005 0.029 0.011 0.002 0.011 0.003 0.019 0.006 0.008 0.002 0.027 0.029 0.001 0.007 0.010 0.003 0.002 0.094 0.004 0.001 0.037 0.109 0.002 
29 drill_vis 30 0.027 0.006 0.013 0.050 0.006 0.877 0.032 0.013 0.003 0.009 0.003 0.002 0.010 0.010 0.002 0.005 0.007 0.095 0.002 0.004 0.027 0.029 0.020 0.048 0.050 0.002 0.023 0.010 0.002 0.020 0.009 0.003 0.007 0.003 0.008 0.005 0.029 0.009 0.002 0.011 0.002 0.019 0.005 0.007 0.001 0.028 0.031 0.001 0.006 0.009 0.003 0.002 0.101 0.004 0.001 0.035 0.117 0.001 
30 clamp_vis 30 0.033 0.013 0.017 0.081 0.008 0.606 0.049 0.039 0.004 0.012 0.011 0.004 0.020 0.009 0.004 0.007 0.007 0.062 0.006 0.007 0.025 0.042 0.041 0.044 0.053 0.008 0.031 0.022 0.005 0.014 0.013 0.004 0.007 0.005 0.017 0.010 0.023 0.015 0.005 0.015 0.011 0.013 0.007 0.020 0.005 0.040 0.019 0.003 0.009 0.016 0.003 0.004 0.073 0.004 0.003 0.022 0.053 0.004 
31 hoe_vis 30 0.056 0.016 0.025 0.046 0.016 0.444 0.032 0.028 0.005 0.014 0.009 0.006 0.016 0.016 0.006 0.009 0.014 0.066 0.007 0.010 0.037 0.024 0.033 0.049 0.035 0.006 0.023 0.025 0.006 0.030 0.023 0.007 0.015 0.007 0.011 0.010 0.041 0.015 0.005 0.023 0.007 0.022 0.013 0.017 0.005 0.021 0.029 0.003 0.010 0.013 0.005 0.005 0.059 0.007 0.004 0.035 0.062 0.003 
32 rake_vis 30 0.034 0.012 0.018 0.078 0.008 0.617 0.052 0.035 0.004 0.012 0.010 0.004 0.020 0.009 0.004 0.007 0.007 0.066 0.006 0.007 0.026 0.042 0.041 0.044 0.051 0.007 0.031 0.022 0.005 0.014 0.013 0.004 0.008 0.005 0.018 0.010 0.024 0.016 0.005 0.016 0.010 0.013 0.007 0.018 0.005 0.039 0.020 0.003 0.009 0.016 0.003 0.004 0.074 0.004 0.003 0.023 0.057 0.004 
33 shovel_vis 30 0.034 0.014 0.017 0.069 0.009 0.579 0.044 0.040 0.005 0.011 0.010 0.004 0.020 0.010 0.005 0.007 0.007 0.057 0.006 0.007 0.026 0.034 0.037 0.045 0.047 0.008 0.028 0.022 0.005 0.017 0.016 0.004 0.008 0.006 0.015 0.010 0.027 0.015 0.005 0.016 0.011 0.015 0.009 0.021 0.005 0.036 0.022 0.003 0.010 0.016 0.003 0.005 0.065 0.004 0.003 0.023 0.052 0.004 
34 spade_vis 30 0.042 0.012 0.022 0.060 0.009 0.584 0.043 0.030 0.004 0.015 0.009 0.004 0.017 0.012 0.004 0.008 0.009 0.078 0.006 0.008 0.032 0.035 0.038 0.046 0.042 0.006 0.027 0.022 0.005 0.019 0.015 0.005 0.010 0.005 0.014 0.010 0.030 0.015 0.005 0.019 0.008 0.018 0.009 0.016 0.004 0.030 0.023 0.003 0.009 0.013 0.003 0.004 0.079 0.005 0.003 0.032 0.065 0.004 
35 wrench_vis 30 0.034 0.014 0.016 0.075 0.008 0.616 0.049 0.036 0.005 0.010 0.010 0.004 0.020 0.010 0.004 0.007 0.007 0.063 0.005 0.007 0.025 0.035 0.036 0.049 0.050 0.007 0.029 0.022 0.005 0.016 0.014 0.004 0.008 0.005 0.016 0.010 0.026 0.015 0.005 0.016 0.010 0.014 0.008 0.019 0.004 0.038 0.023 0.003 0.010 0.016 0.003 0.004 0.070 0.004 0.003 0.023 0.056 0.004 
36 accordion_vis 30 0.035 0.008 0.011 0.041 0.009 0.837 0.034 0.013 0.003 0.007 0.003 0.003 0.010 0.014 0.003 0.006 0.009 0.084 0.002 0.004 0.028 0.015 0.016 0.066 0.042 0.002 0.019 0.013 0.002 0.032 0.012 0.004 0.010 0.003 0.007 0.005 0.043 0.011 0.002 0.014 0.002 0.023 0.007 0.008 0.001 0.019 0.043 0.001 0.007 0.009 0.003 0.002 0.075 0.004 0.001 0.034 0.115 0.001 
37 cello_vis 30 0.026 0.010 0.009 0.080 0.007 0.809 0.057 0.025 0.004 0.006 0.006 0.003 0.017 0.009 0.003 0.005 0.005 0.063 0.003 0.004 0.020 0.026 0.025 0.062 0.057 0.004 0.026 0.017 0.003 0.018 0.010 0.003 0.006 0.003 0.012 0.006 0.028 0.013 0.003 0.012 0.005 0.013 0.006 0.013 0.002 0.035 0.027 0.002 0.008 0.014 0.003 0.003 0.073 0.003 0.001 0.020 0.071 0.002 
38 flute_vis 30 0.027 0.008 0.010 0.055 0.007 0.856 0.041 0.017 0.004 0.007 0.004 0.003 0.012 0.010 0.002 0.005 0.006 0.079 0.002 0.004 0.023 0.022 0.019 0.059 0.049 0.003 0.023 0.013 0.002 0.022 0.010 0.003 0.007 0.003 0.009 0.005 0.032 0.011 0.002 0.012 0.003 0.018 0.006 0.009 0.002 0.030 0.035 0.001 0.007 0.012 0.003 0.002 0.084 0.004 0.001 0.028 0.100 0.001 
39 guitar_vis 30 0.027 0.009 0.010 0.059 0.007 0.845 0.043 0.018 0.004 0.007 0.005 0.003 0.013 0.010 0.003 0.005 0.006 0.078 0.003 0.004 0.023 0.023 0.020 0.060 0.050 0.003 0.024 0.014 0.002 0.021 0.010 0.003 0.007 0.003 0.009 0.006 0.032 0.011 0.002 0.012 0.003 0.018 0.006 0.010 0.002 0.031 0.034 0.001 0.007 0.012 0.003 0.002 0.084 0.004 0.001 0.027 0.094 0.002 
40 piano_vis 30 0.026 0.007 0.009 0.065 0.006 0.885 0.042 0.016 0.003 0.006 0.004 0.002 0.011 0.010 0.002 0.005 0.006 0.087 0.002 0.003 0.024 0.023 0.019 0.066 0.057 0.002 0.023 0.012 0.002 0.023 0.009 0.003 0.007 0.002 0.008 0.005 0.034 0.010 0.002 0.012 0.002 0.018 0.006 0.008 0.001 0.028 0.035 0.001 0.006 0.009 0.003 0.002 0.096 0.004 0.001 0.028 0.106 0.001 
41 trumpet_vis 30 0.029 0.013 0.010 0.081 0.007 0.747 0.057 0.032 0.004 0.007 0.008 0.003 0.019 0.010 0.003 0.006 0.006 0.068 0.003 0.005 0.022 0.026 0.027 0.067 0.056 0.005 0.027 0.021 0.003 0.018 0.012 0.004 0.007 0.004 0.014 0.008 0.029 0.013 0.004 0.015 0.006 0.015 0.007 0.015 0.003 0.035 0.028 0.002 0.008 0.014 0.003 0.003 0.078 0.003 0.002 0.020 0.065 0.002 
42 fork_vis 30 0.030 0.008 0.013 0.049 0.007 0.830 0.037 0.017 0.003 0.009 0.004 0.003 0.011 0.011 0.002 0.005 0.008 0.089 0.003 0.004 0.027 0.025 0.021 0.051 0.047 0.003 0.024 0.012 0.003 0.021 0.010 0.003 0.008 0.003 0.009 0.006 0.031 0.010 0.002 0.013 0.003 0.021 0.006 0.008 0.002 0.028 0.033 0.001 0.007 0.010 0.003 0.002 0.096 0.004 0.001 0.034 0.101 0.002 
43 spoon_vis 30 0.035 0.009 0.017 0.040 0.008 0.764 0.036 0.017 0.004 0.013 0.005 0.003 0.012 0.012 0.003 0.006 0.009 0.084 0.004 0.006 0.029 0.026 0.024 0.043 0.038 0.004 0.023 0.014 0.003 0.021 0.012 0.004 0.009 0.004 0.010 0.007 0.032 0.012 0.003 0.014 0.004 0.021 0.007 0.010 0.002 0.026 0.031 0.002 0.008 0.011 0.003 0.003 0.085 0.005 0.002 0.038 0.093 0.003 
44 tongs_vis 30 0.035 0.010 0.017 0.047 0.008 0.718 0.039 0.021 0.004 0.012 0.007 0.004 0.014 0.011 0.003 0.007 0.008 0.079 0.004 0.006 0.027 0.029 0.026 0.044 0.041 0.004 0.025 0.015 0.004 0.019 0.012 0.004 0.008 0.004 0.012 0.008 0.029 0.013 0.003 0.014 0.005 0.019 0.007 0.011 0.003 0.030 0.028 0.002 0.009 0.013 0.003 0.003 0.081 0.005 0.002 0.033 0.081 0.003 
45 ladle_vis 30 0.038 0.010 0.018 0.039 0.009 0.715 0.036 0.020 0.004 0.013 0.006 0.004 0.013 0.013 0.004 0.007 0.010 0.084 0.004 0.007 0.030 0.024 0.024 0.046 0.036 0.004 0.023 0.016 0.004 0.023 0.013 0.005 0.010 0.004 0.011 0.008 0.034 0.013 0.003 0.016 0.004 0.023 0.008 0.011 0.003 0.025 0.033 0.002 0.008 0.012 0.004 0.004 0.083 0.006 0.002 0.039 0.088 0.003 
46 knife_vis 30 0.036 0.010 0.015 0.037 0.009 0.742 0.037 0.018 0.004 0.011 0.006 0.004 0.013 0.014 0.003 0.007 0.010 0.080 0.004 0.006 0.027 0.021 0.020 0.048 0.036 0.004 0.022 0.014 0.003 0.025 0.013 0.005 0.009 0.004 0.011 0.007 0.036 0.012 0.003 0.015 0.003 0.024 0.008 0.010 0.002 0.025 0.037 0.002 0.009 0.012 0.004 0.003 0.079 0.005 0.002 0.037 0.092 0.002 
47 chopsticks_vis 30 0.030 0.009 0.013 0.050 0.007 0.806 0.039 0.019 0.004 0.010 0.005 0.003 0.013 0.011 0.003 0.006 0.007 0.083 0.003 0.005 0.025 0.027 0.022 0.048 0.045 0.004 0.025 0.013 0.003 0.019 0.010 0.004 0.007 0.003 0.010 0.006 0.030 0.011 0.002 0.013 0.004 0.019 0.006 0.010 0.002 0.031 0.031 0.002 0.008 0.012 0.003 0.003 0.090 0.004 0.001 0.032 0.092 0.002 
