0 beaver_vis 30 0.996 0.174 0.001 0.876 0.128 0.001 0.000 0.063 0.001 0.002 0.001 0.057 0.017 0.000 0.000 0.460 0.000 0.003 0.010 0.000 0.000 0.017 0.965 0.000 0.006 0.033 0.000 0.030 0.000 0.007 0.007 0.000 0.055 0.219 0.000 0.000 0.000 0.000 0.000 0.001 0.001 0.086 0.017 0.000 0.003 0.005 0.001 0.001 0.000 0.038 0.000 0.000 0.000 0.005 0.162 0.078 0.000 0.000 
1 bear_vis 30 0.996 0.130 0.001 0.908 0.050 0.001 0.000 0.014 0.001 0.000 0.000 0.103 0.015 0.000 0.000 0.178 0.000 0.002 0.021 0.000 0.000 0.004 0.899 0.002 0.002 0.099 0.000 0.010 0.000 0.001 0.005 0.000 0.077 0.086 0.000 0.000 0.000 0.000 0.000 0.000 0.000 0.048 0.014 0.000 0.004 0.001 0.001 0.001 0.000 0.018 0.000 0.000 0.000 0.003 0.071 0.013 0.000 0.000 
2 sheep_vis 30 0.996 0.244 0.001 0.900 0.083 0.001 0.000 0.170 0.001 0.001 0.001 0.029 0.014 0.000 0.000 0.740 0.000 0.002 0.015 0.000 0.000 0.009 0.884 0.001 0.005 0.036 0.000 0.048 0.000 0.029 0.004 0.001 0.029 0.110 0.000 0.000 0.000 0.000 0.000 0.000 0.001 0.064 0.014 0.001 0.003 0.008 0.001 0.001 0.000 0.033 0.000 0.000 0.000 0.003 0.072 0.049 0.000 0.000 
3 buffalo_vis 30 0.996 0.420 0.001 0.909 0.063 0.005 0.000 0.934 0.001 0.003 0.000 0.267 0.075 0.000 0.000 0.857 0.000 0.001 0.107 0.000 0.000 0.106 0.962 0.001 0.012 0.137 0.001 0.180 0.000 0.005 0.004 0.001 0.018 0.804 0.000 0.000 0.000 0.030 0.000 0.001 0.004 0.949 0.033 0.004 0.005 0.014 0.000 0.000 0.001 0.775 0.000 0.001 0.000 0.002 0.056 0.855 0.000 0.000 
4 poodle_vis 30 0.996 0.302 0.001 0.885 0.058 0.001 0.000 0.451 0.001 0.001 0.003 0.002 0.002 0.001 0.000 0.919 0.000 0.002 0.003 0.000 0.000 0.004 0.758 0.001 0.003 0.015 0.000 0.093 0.000 0.123 0.004 0.000 0.013 0.020 0.000 0.000 0.000 0.000 0.000 0.000 0.001 0.006 0.007 0.008 0.001 0.022 0.001 0.001 0.000 0.021 0.000 0.000 0.000 0.002 0.034 0.037 0.000 0.000 
5 giraffe_vis 30 0.996 0.119 0.001 0.895 0.105 0.001 0.000 0.017 0.001 0.001 0.000 0.129 0.020 0.000 0.000 0.180 0.000 0.003 0.016 0.000 0.000 0.009 0.959 0.001 0.005 0.052 0.000 0.012 0.000 0.001 0.007 0.000 0.117 0.195 0.000 0.000 0.000 0.000 0.000 0.000 0.000 0.075 0.016 0.000 0.004 0.002 0.001 0.001 0.000 0.022 0.000 0.000 0.000 0.004 0.159 0.034 0.000 0.000 
6 robin_vis 30 0.996 0.973 0.058 0.018 0.000 0.001 0.000 0.004 0.001 0.000 0.076 0.012 0.001 0.005 0.000 0.914 0.002 0.004 0.063 0.001 0.000 0.012 0.003 0.004 0.001 0.004 0.000 0.001 0.000 0.002 0.000 0.000 0.001 0.000 0.000 0.000 0.000 0.000 0.000 0.000 0.000 0.001 0.000 0.001 0.000 0.001 0.001 0.000 0.000 0.001 0.000 0.000 0.000 0.001 0.002 0.002 0.000 0.000 
7 swan_vis 30 0.996 0.987 0.175 0.007 0.000 0.001 0.000 0.012 0.001 0.000 0.247 0.015 0.002 0.006 0.000 0.966 0.004 0.005 0.050 0.001 0.000 0.041 0.002 0.001 0.001 0.002 0.000 0.001 0.000 0.001 0.000 0.000 0.001 0.000 0.000 0.000 0.000 0.000 0.000 0.000 0.000 0.006 0.000 0.004 0.000 0.002 0.001 0.000 0.000 0.004 0.000 0.000 0.000 0.001 0.001 0.046 0.000 0.000 
8 woodpecker_vis 30 0.996 0.978 0.058 0.058 0.000 0.001 0.000 0.001 0.001 0.000 0.001 0.934 0.353 0.001 0.000 0.132 0.001 0.002 0.820 0.001 0.000 0.007 0.003 0.020 0.001 0.031 0.000 0.000 0.000 0.000 0.000 0.000 0.001 0.001 0.000 0.000 0.000 0.000 0.000 0.000 0.000 0.010 0.000 0.000 0.001 0.000 0.001 0.000 0.000 0.001 0.000 0.000 0.000 0.001 0.001 0.000 0.000 0.000 
9 peacock_vis 30 0.996 0.218 0.004 0.783 0.056 0.001 0.000 0.051 0.001 0.001 0.000 0.341 0.073 0.000 0.000 0.295 0.001 0.003 0.055 0.001 0.000 0.028 0.943 0.001 0.006 0.043 0.000 0.015 0.000 0.001 0.005 0.000 0.078 0.394 0.000 0.000 0.000 0.001 0.000 0.001 0.001 0.604 0.012 0.000 0.004 0.003 0.001 0.000 0.000 0.127 0.000 0.000 0.000 0.004 0.121 0.325 0.000 0.000 
10 crow_vis 30 0.995 0.980 0.257 0.009 0.000 0.001 0.000 0.069 0.001 0.000 0.143 0.016 0.001 0.004 0.000 0.973 0.004 0.005 0.067 0.001 0.000 0.038 0.002 0.004 0.000 0.005 0.000 0.001 0.000 0.000 0.000 0.000 0.001 0.000 0.000 0.000 0.000 0.000 0.000 0.000 0.000 0.034 0.000 0.007 0.000 0.003 0.001 0.000 0.000 0.012 0.000 0.000 0.000 0.001 0.001 0.112 0.000 0.000 
11 eagle_vis 30 0.996 0.986 0.048 0.012 0.000 0.003 0.000 0.692 0.001 0.000 0.068 0.018 0.003 0.002 0.000 0.974 0.002 0.004 0.044 0.000 0.000 0.043 0.013 0.001 0.001 0.001 0.000 0.005 0.000 0.001 0.000 0.000 0.001 0.001 0.000 0.000 0.000 0.000 0.000 0.000 0.007 0.324 0.000 0.014 0.000 0.056 0.000 0.000 0.000 0.052 0.000 0.000 0.000 0.001 0.001 0.224 0.000 0.000 
12 tuna_vis 30 0.996 0.185 0.001 0.883 0.068 0.001 0.000 0.059 0.001 0.001 0.001 0.008 0.004 0.000 0.000 0.710 0.000 0.003 0.004 0.000 0.000 0.004 0.883 0.000 0.003 0.022 0.000 0.039 0.000 0.019 0.005 0.000 0.034 0.041 0.000 0.000 0.000 0.000 0.000 0.000 0.001 0.013 0.009 0.001 0.001 0.007 0.001 0.001 0.000 0.018 0.000 0.000 0.000 0.003 0.049 0.027 0.000 0.000 
13 goldfish_vis 30 0.996 0.118 0.001 0.904 0.153 0.001 0.000 0.022 0.001 0.001 0.000 0.175 0.029 0.000 0.000 0.151 0.000 0.003 0.008 0.000 0.000 0.012 0.976 0.000 0.006 0.048 0.000 0.013 0.000 0.002 0.009 0.000 0.151 0.305 0.000 0.000 0.000 0.000 0.000 0.000 0.001 0.107 0.021 0.000 0.005 0.002 0.001 0.001 0.000 0.027 0.000 0.000 0.000 0.005 0.221 0.047 0.000 0.000 
14 salmon_vis 30 0.996 0.523 0.001 0.946 0.016 0.001 0.000 0.950 0.001 0.001 0.000 0.234 0.067 0.000 0.000 0.831 0.000 0.001 0.099 0.000 0.000 0.026 0.778 0.002 0.002 0.401 0.001 0.168 0.000 0.002 0.002 0.001 0.008 0.478 0.000 0.000 0.000 0.007 0.000 0.000 0.001 0.963 0.036 0.001 0.005 0.005 0.000 0.000 0.000 0.771 0.000 0.001 0.000 0.001 0.012 0.300 0.000 0.000 
15 sardine_vis 30 0.996 0.315 0.001 0.933 0.036 0.001 0.000 0.428 0.001 0.000 0.003 0.002 0.002 0.000 0.000 0.874 0.000 0.002 0.004 0.000 0.000 0.002 0.626 0.001 0.001 0.035 0.001 0.062 0.000 0.072 0.003 0.001 0.014 0.010 0.000 0.000 0.000 0.000 0.000 0.000 0.001 0.006 0.008 0.004 0.001 0.014 0.001 0.000 0.000 0.013 0.000 0.000 0.000 0.001 0.019 0.008 0.000 0.000 
16 catfish_vis 30 0.996 0.120 0.000 0.899 0.118 0.001 0.000 0.038 0.001 0.001 0.000 0.078 0.011 0.000 0.000 0.226 0.000 0.003 0.004 0.000 0.000 0.008 0.967 0.001 0.004 0.044 0.001 0.017 0.000 0.003 0.008 0.000 0.117 0.173 0.000 0.000 0.000 0.000 0.000 0.000 0.001 0.062 0.017 0.000 0.003 0.003 0.001 0.001 0.000 0.026 0.000 0.000 0.000 0.004 0.141 0.040 0.000 0.000 
17 cod_vis 30 0.996 0.405 0.001 0.912 0.045 0.001 0.000 0.880 0.001 0.000 0.004 0.002 0.002 0.000 0.000 0.946 0.000 0.002 0.003 0.000 0.000 0.004 0.692 0.001 0.002 0.023 0.001 0.132 0.000 0.118 0.003 0.000 0.012 0.022 0.000 0.000 0.000 0.000 0.000 0.000 0.002 0.024 0.007 0.025 0.001 0.036 0.001 0.000 0.000 0.049 0.000 0.000 0.000 0.001 0.022 0.107 0.000 0.000 
18 turtle_vis 30 0.996 0.286 0.000 0.917 0.018 0.001 0.000 0.345 0.001 0.000 0.002 0.001 0.001 0.000 0.000 0.877 0.000 0.002 0.001 0.000 0.000 0.001 0.418 0.002 0.001 0.059 0.001 0.057 0.000 0.047 0.002 0.001 0.011 0.003 0.000 0.000 0.000 0.000 0.000 0.000 0.001 0.002 0.006 0.003 0.000 0.011 0.001 0.000 0.000 0.010 0.000 0.001 0.000 0.001 0.009 0.004 0.000 0.000 
19 rattlesnake_vis 30 0.996 0.381 0.000 0.211 0.462 0.001 0.000 0.306 0.001 0.000 0.042 0.000 0.003 0.000 0.000 0.373 0.001 0.001 0.000 0.000 0.000 0.001 0.076 0.001 0.000 0.034 0.005 0.363 0.000 0.294 0.082 0.001 0.059 0.052 0.000 0.000 0.000 0.001 0.000 0.000 0.032 0.034 0.010 0.104 0.000 0.010 0.000 0.000 0.000 0.029 0.000 0.001 0.000 0.000 0.001 0.060 0.000 0.000 
20 crab_vis 30 0.996 0.099 0.001 0.886 0.105 0.001 0.000 0.010 0.001 0.001 0.000 0.121 0.016 0.000 0.000 0.150 0.000 0.003 0.005 0.000 0.000 0.007 0.964 0.001 0.004 0.046 0.000 0.011 0.000 0.001 0.008 0.000 0.136 0.173 0.000 0.000 0.000 0.000 0.000 0.000 0.000 0.059 0.015 0.000 0.003 0.002 0.001 0.001 0.000 0.022 0.000 0.000 0.000 0.005 0.143 0.034 0.000 0.000 
21 frog_vis 30 0.996 0.380 0.000 0.973 0.004 0.001 0.000 0.768 0.001 0.000 0.001 0.001 0.001 0.000 0.000 0.819 0.000 0.001 0.001 0.000 0.000 0.000 0.025 0.026 0.001 0.393 0.001 0.045 0.000 0.008 0.001 0.001 0.005 0.001 0.000 0.000 0.000 0.000 0.000 0.000 0.000 0.002 0.008 0.001 0.000 0.002 0.000 0.000 0.000 0.010 0.000 0.001 0.000 0.000 0.000 0.000 0.000 0.000 
22 gecko_vis 30 0.996 0.243 0.001 0.897 0.028 0.001 0.000 0.205 0.001 0.000 0.002 0.001 0.001 0.000 0.000 0.879 0.000 0.002 0.002 0.000 0.000 0.001 0.588 0.001 0.001 0.035 0.001 0.055 0.000 0.054 0.003 0.001 0.013 0.004 0.000 0.000 0.000 0.000 0.000 0.000 0.001 0.002 0.005 0.004 0.001 0.013 0.001 0.000 0.000 0.010 0.000 0.000 0.000 0.001 0.015 0.010 0.000 0.000 
23 crocodile_vis 30 0.996 0.264 0.000 0.871 0.025 0.001 0.000 0.184 0.001 0.000 0.003 0.001 0.001 0.000 0.000 0.888 0.000 0.002 0.001 0.000 0.000 0.001 0.570 0.001 0.001 0.027 0.001 0.051 0.000 0.050 0.003 0.001 0.013 0.004 0.000 0.000 0.000 0.000 0.000 0.000 0.001 0.001 0.005 0.003 0.000 0.013 0.001 0.001 0.000 0.010 0.000 0.000 0.000 0.001 0.014 0.010 0.000 0.000 
24 axe_vis 30 0.993 0.660 0.255 0.009 0.001 0.001 0.000 0.404 0.001 0.000 0.002 0.001 0.002 0.001 0.000 0.708 0.037 0.001 0.106 0.004 0.001 0.000 0.001 0.012 0.001 0.003 0.001 0.000 0.000 0.000 0.000 0.001 0.002 0.000 0.000 0.000 0.000 0.000 0.000 0.000 0.001 0.052 0.000 0.005 0.000 0.001 0.000 0.000 0.000 0.005 0.001 0.000 0.000 0.000 0.000 0.000 0.000 0.000 
25 hammer_vis 30 0.995 0.951 0.260 0.004 0.001 0.002 0.000 0.111 0.001 0.000 0.490 0.001 0.007 0.001 0.001 0.666 0.312 0.001 0.087 0.010 0.001 0.005 0.001 0.001 0.002 0.003 0.001 0.001 0.000 0.003 0.001 0.003 0.006 0.001 0.000 0.000 0.000 0.000 0.000 0.001 0.092 0.025 0.000 0.046 0.000 0.002 0.000 0.000 0.001 0.002 0.001 0.000 0.000 0.000 0.000 0.019 0.000 0.000 
26 screwdriver_vis 30 0.994 0.731 0.611 0.008 0.001 0.001 0.000 0.462 0.001 0.000 0.002 0.002 0.001 0.002 0.000 0.881 0.048 0.001 0.344 0.019 0.001 0.001 0.000 0.006 0.001 0.004 0.001 0.000 0.000 0.000 0.000 0.001 0.001 0.000 0.000 0.000 0.000 0.000 0.000 0.000 0.001 0.028 0.000 0.005 0.000 0.001 0.001 0.000 0.000 0.004 0.001 0.000 0.000 0.000 0.000 0.001 0.000 0.000 
27 chisel_vis 30 0.993 0.851 0.386 0.006 0.001 0.002 0.000 0.784 0.001 0.000 0.010 0.007 0.001 0.002 0.000 0.918 0.108 0.001 0.429 0.087 0.001 0.005 0.001 0.003 0.002 0.002 0.001 0.001 0.000 0.001 0.000 0.003 0.001 0.000 0.000 0.000 0.000 0.000 0.000 0.001 0.005 0.177 0.000 0.024 0.000 0.002 0.001 0.000 0.001 0.013 0.001 0.000 0.000 0.000 0.000 0.004 0.000 0.000 
28 saw_vis 30 0.996 0.020 0.953 0.002 0.001 0.001 0.000 0.001 0.001 0.000 0.003 0.001 0.004 0.000 0.000 0.004 0.757 0.001 0.007 0.011 0.031 0.000 0.001 0.000 0.001 0.004 0.001 0.000 0.000 0.003 0.000 0.003 0.005 0.000 0.010 0.000 0.000 0.000 0.000 0.001 0.001 0.000 0.000 0.191 0.000 0.000 0.000 0.000 0.000 0.000 0.002 0.000 0.000 0.000 0.000 0.001 0.000 0.000 
29 drill_vis 30 0.995 0.017 0.985 0.002 0.002 0.001 0.000 0.001 0.001 0.000 0.007 0.001 0.005 0.000 0.000 0.006 0.938 0.001 0.005 0.010 0.038 0.001 0.001 0.000 0.000 0.003 0.001 0.000 0.000 0.003 0.000 0.013 0.005 0.000 0.123 0.000 0.000 0.000 0.000 0.001 0.082 0.001 0.000 0.034 0.000 0.000 0.000 0.000 0.000 0.000 0.004 0.000 0.001 0.000 0.000 0.001 0.000 0.000 
30 clamp_vis 30 0.994 0.944 0.305 0.018 0.001 0.002 0.000 0.869 0.001 0.000 0.015 0.013 0.001 0.002 0.000 0.969 0.010 0.001 0.204 0.025 0.000 0.001 0.001 0.003 0.004 0.003 0.000 0.000 0.000 0.001 0.000 0.002 0.001 0.000 0.000 0.000 0.000 0.000 0.000 0.000 0.007 0.129 0.000 0.006 0.000 0.003 0.001 0.000 0.001 0.009 0.001 0.000 0.000 0.000 0.000 0.002 0.000 0.000 
31 hoe_vis 30 0.991 0.876 0.262 0.008 0.001 0.001 0.000 0.743 0.001 0.000 0.006 0.010 0.000 0.001 0.000 0.944 0.015 0.001 0.276 0.005 0.000 0.000 0.000 0.009 0.000 0.006 0.000 0.000 0.000 0.000 0.000 0.001 0.001 0.000 0.000 0.000 0.000 0.000 0.000 0.000 0.001 0.116 0.000 0.001 0.000 0.002 0.001 0.000 0.000 0.010 0.001 0.000 0.000 0.000 0.000 0.000 0.000 0.000 
32 rake_vis 30 0.993 0.888 0.024 0.047 0.001 0.002 0.000 0.957 0.001 0.000 0.014 0.019 0.000 0.001 0.000 0.967 0.003 0.001 0.130 0.001 0.000 0.003 0.001 0.014 0.001 0.015 0.000 0.002 0.000 0.003 0.000 0.002 0.001 0.001 0.000 0.000 0.000 0.000 0.000 0.000 0.001 0.273 0.001 0.007 0.000 0.002 0.002 0.000 0.000 0.038 0.001 0.000 0.000 0.000 0.000 0.001 0.000 0.000 
33 shovel_vis 30 0.994 0.932 0.405 0.023 0.001 0.002 0.000 0.877 0.001 0.000 0.009 0.008 0.001 0.002 0.000 0.968 0.013 0.001 0.282 0.029 0.000 0.001 0.001 0.004 0.004 0.004 0.000 0.000 0.000 0.001 0.000 0.002 0.001 0.000 0.000 0.000 0.000 0.000 0.000 0.000 0.007 0.092 0.000 0.006 0.000 0.002 0.002 0.000 0.001 0.006 0.001 0.000 0.000 0.000 0.000 0.001 0.000 0.000 
34 spade_vis 30 0.991 0.890 0.230 0.008 0.001 0.001 0.000 0.808 0.001 0.000 0.006 0.012 0.000 0.001 0.000 0.942 0.015 0.001 0.282 0.003 0.000 0.001 0.000 0.011 0.000 0.007 0.000 0.000 0.000 0.000 0.000 0.001 0.001 0.000 0.000 0.000 0.000 0.000 0.000 0.000 0.000 0.136 0.000 0.001 0.000 0.001 0.001 0.000 0.000 0.010 0.000 0.000 0.000 0.000 0.000 0.000 0.000 0.000 
35 wrench_vis 30 0.979 0.024 0.001 0.869 0.002 0.044 0.000 0.987 0.002 0.000 0.000 0.001 0.000 0.000 0.000 0.947 0.000 0.001 0.001 0.000 0.000 0.002 0.016 0.038 0.000 0.155 0.000 0.767 0.000 0.095 0.001 0.004 0.001 0.004 0.000 0.000 0.000 0.000 0.000 0.000 0.002 0.918 0.052 0.428 0.002 0.057 0.001 0.000 0.001 0.831 0.001 0.001 0.000 0.000 0.000 0.013 0.000 0.000 
36 accordion_vis 30 0.961 0.001 0.003 0.131 0.011 0.002 0.000 0.308 0.002 0.000 0.000 0.000 0.000 0.001 0.001 0.001 0.001 0.001 0.000 0.001 0.001 0.000 0.001 0.004 0.002 0.002 0.007 0.047 0.001 0.669 0.001 0.008 0.001 0.000 0.000 0.001 0.000 0.000 0.000 0.008 0.002 0.001 0.010 0.831 0.000 0.001 0.001 0.000 0.008 0.002 0.006 0.001 0.000 0.000 0.000 0.000 0.001 0.000 
37 cello_vis 30 0.995 0.597 0.001 0.812 0.919 0.002 0.000 0.136 0.004 0.001 0.821 0.000 0.001 0.001 0.002 0.405 0.001 0.065 0.000 0.000 0.001 0.000 0.118 0.000 0.004 0.086 0.066 0.752 0.001 0.034 0.895 0.003 0.980 0.020 0.000 0.001 0.000 0.062 0.000 0.000 0.133 0.001 0.009 0.304 0.000 0.836 0.001 0.015 0.001 0.138 0.001 0.285 0.001 0.000 0.001 0.235 0.001 0.011 
38 flute_vis 30 0.975 0.050 0.015 0.406 0.001 0.003 0.000 0.083 0.001 0.000 0.000 0.001 0.001 0.059 0.002 0.120 0.003 0.001 0.010 0.221 0.002 0.000 0.000 0.739 0.007 0.001 0.012 0.012 0.000 0.002 0.000 0.001 0.001 0.000 0.000 0.000 0.000 0.000 0.000 0.007 0.000 0.014 0.000 0.354 0.000 0.000 0.000 0.000 0.088 0.003 0.001 0.000 0.000 0.000 0.000 0.000 0.000 0.000 
39 guitar_vis 30 0.616 0.001 0.001 0.937 0.002 0.722 0.000 0.967 0.002 0.000 0.000 0.000 0.000 0.003 0.000 0.072 0.000 0.001 0.000 0.000 0.000 0.001 0.001 0.738 0.001 0.006 0.002 0.931 0.000 0.490 0.001 0.001 0.001 0.000 0.000 0.000 0.000 0.005 0.000 0.012 0.000 0.888 0.006 0.934 0.008 0.004 0.000 0.000 0.282 0.792 0.001 0.001 0.000 0.001 0.000 0.002 0.029 0.000 
40 piano_vis 30 0.992 0.002 0.001 0.823 0.406 0.002 0.000 0.658 0.005 0.000 0.003 0.000 0.000 0.001 0.000 0.018 0.001 0.002 0.000 0.000 0.001 0.000 0.004 0.004 0.004 0.145 0.055 0.151 0.001 0.665 0.016 0.023 0.182 0.001 0.000 0.002 0.000 0.001 0.000 0.001 0.158 0.001 0.120 0.800 0.001 0.026 0.002 0.006 0.002 0.005 0.006 0.238 0.000 0.000 0.000 0.001 0.000 0.001 
41 trumpet_vis 30 0.855 0.003 0.000 0.331 0.080 0.463 0.000 0.972 0.003 0.001 0.001 0.000 0.000 0.000 0.001 0.030 0.000 0.001 0.000 0.000 0.000 0.000 0.005 0.002 0.001 0.011 0.033 0.928 0.000 0.864 0.077 0.002 0.028 0.004 0.000 0.001 0.000 0.082 0.000 0.004 0.178 0.712 0.058 0.962 0.001 0.030 0.001 0.002 0.005 0.537 0.001 0.195 0.001 0.000 0.001 0.055 0.011 0.001 
42 fork_vis 30 0.995 0.036 0.111 0.036 0.001 0.001 0.000 0.664 0.001 0.000 0.001 0.000 0.001 0.000 0.000 0.713 0.012 0.006 0.013 0.001 0.001 0.001 0.006 0.001 0.000 0.017 0.000 0.001 0.000 0.001 0.000 0.001 0.001 0.001 0.000 0.000 0.000 0.000 0.000 0.000 0.041 0.108 0.001 0.011 0.000 0.039 0.001 0.000 0.000 0.028 0.000 0.000 0.000 0.000 0.000 0.070 0.000 0.000 
43 spoon_vis 30 0.995 0.013 0.289 0.005 0.003 0.001 0.000 0.039 0.001 0.000 0.001 0.000 0.000 0.000 0.000 0.324 0.007 0.007 0.010 0.001 0.000 0.036 0.001 0.001 0.000 0.014 0.000 0.000 0.000 0.012 0.000 0.002 0.001 0.001 0.000 0.000 0.000 0.000 0.000 0.000 0.000 0.000 0.001 0.001 0.000 0.001 0.002 0.000 0.000 0.001 0.001 0.000 0.001 0.002 0.001 0.001 0.000 0.000 
44 tongs_vis 30 0.996 0.588 0.003 0.508 0.003 0.001 0.000 0.569 0.001 0.000 0.007 0.001 0.000 0.001 0.000 0.816 0.000 0.003 0.002 0.000 0.000 0.001 0.035 0.001 0.004 0.042 0.001 0.002 0.000 0.007 0.001 0.004 0.013 0.001 0.000 0.000 0.000 0.000 0.000 0.000 0.006 0.001 0.001 0.002 0.000 0.013 0.002 0.001 0.000 0.002 0.001 0.001 0.000 0.000 0.001 0.001 0.000 0.000 
45 ladle_vis 30 0.992 0.749 0.020 0.010 0.001 0.004 0.000 0.963 0.001 0.000 0.009 0.009 0.000 0.001 0.000 0.933 0.005 0.001 0.108 0.001 0.000 0.018 0.001 0.003 0.000 0.018 0.000 0.002 0.000 0.002 0.000 0.002 0.001 0.001 0.000 0.000 0.000 0.000 0.000 0.000 0.001 0.538 0.001 0.005 0.000 0.010 0.001 0.000 0.000 0.057 0.001 0.000 0.000 0.000 0.000 0.002 0.000 0.000 
46 knife_vis 30 0.995 0.117 0.002 0.871 0.001 0.001 0.000 0.919 0.001 0.000 0.001 0.000 0.000 0.000 0.000 0.853 0.001 0.001 0.001 0.000 0.000 0.000 0.014 0.009 0.001 0.137 0.000 0.082 0.000 0.010 0.001 0.003 0.001 0.001 0.000 0.000 0.000 0.000 0.000 0.000 0.000 0.052 0.006 0.022 0.000 0.004 0.001 0.000 0.000 0.082 0.001 0.000 0.000 0.000 0.000 0.001 0.000 0.000 
47 chopsticks_vis 30 0.995 0.231 0.001 0.408 0.092 0.002 0.000 0.900 0.001 0.000 0.006 0.001 0.001 0.000 0.000 0.740 0.002 0.001 0.004 0.000 0.000 0.002 0.040 0.003 0.001 0.104 0.007 0.450 0.000 0.143 0.004 0.003 0.041 0.028 0.000 0.000 0.000 0.001 0.000 0.000 0.228 0.690 0.009 0.223 0.000 0.076 0.000 0.001 0.001 0.339 0.001 0.001 0.000 0.000 0.000 0.034 0.000 0.000 
