0 beaver_vis 30 0.995 0.978 0.502 0.004 0.000 0.001 0.000 0.000 0.000 0.005 0.004 0.350 0.799 0.003 0.001 0.000 0.001 0.003 0.077 0.032 0.000 0.008 0.000 0.005 0.001 0.016 0.000 0.000 0.000 0.000 0.000 0.000 0.001 0.000 0.000 0.000 0.001 0.001 0.000 0.001 0.000 0.000 0.000 0.000 0.000 0.031 0.002 0.000 0.000 0.002 0.000 0.002 0.000 0.001 0.000 0.003 0.004 0.176 
1 bear_vis 30 0.995 0.993 0.032 0.004 0.000 0.002 0.000 0.001 0.000 0.001 0.005 0.911 0.528 0.139 0.001 0.001 0.000 0.001 0.006 0.007 0.001 0.001 0.001 0.158 0.000 0.003 0.001 0.000 0.000 0.000 0.003 0.000 0.000 0.003 0.000 0.000 0.000 0.029 0.000 0.001 0.001 0.000 0.000 0.000 0.006 0.491 0.001 0.000 0.000 0.009 0.000 0.000 0.000 0.001 0.001 0.000 0.001 0.009 
2 sheep_vis 30 0.995 0.982 0.131 0.004 0.000 0.001 0.000 0.001 0.000 0.003 0.080 0.246 0.788 0.005 0.007 0.000 0.001 0.007 0.008 0.006 0.001 0.051 0.001 0.001 0.002 0.003 0.001 0.002 0.000 0.001 0.001 0.000 0.000 0.001 0.000 0.000 0.001 0.001 0.000 0.000 0.000 0.000 0.000 0.000 0.001 0.013 0.004 0.000 0.000 0.001 0.000 0.001 0.001 0.001 0.000 0.012 0.000 0.022 
3 buffalo_vis 30 0.995 0.992 0.047 0.003 0.000 0.001 0.000 0.001 0.000 0.000 0.006 0.925 0.296 0.405 0.001 0.001 0.000 0.002 0.005 0.015 0.001 0.001 0.001 0.156 0.001 0.004 0.001 0.000 0.000 0.000 0.003 0.000 0.000 0.003 0.000 0.000 0.000 0.025 0.000 0.001 0.001 0.000 0.000 0.000 0.005 0.324 0.001 0.000 0.000 0.015 0.000 0.000 0.000 0.001 0.000 0.000 0.002 0.009 
4 poodle_vis 30 0.995 0.992 0.037 0.003 0.000 0.001 0.000 0.001 0.000 0.001 0.005 0.915 0.485 0.168 0.001 0.001 0.000 0.001 0.006 0.008 0.001 0.001 0.001 0.151 0.001 0.003 0.001 0.000 0.000 0.000 0.002 0.000 0.000 0.003 0.000 0.000 0.001 0.026 0.000 0.001 0.001 0.000 0.000 0.000 0.005 0.452 0.001 0.000 0.000 0.011 0.000 0.000 0.000 0.001 0.000 0.000 0.001 0.012 
5 giraffe_vis 30 0.995 0.993 0.050 0.004 0.000 0.001 0.000 0.001 0.000 0.000 0.010 0.955 0.364 0.371 0.001 0.001 0.000 0.001 0.009 0.013 0.001 0.001 0.001 0.180 0.000 0.003 0.002 0.000 0.000 0.000 0.003 0.000 0.000 0.006 0.000 0.000 0.000 0.022 0.000 0.001 0.001 0.000 0.000 0.000 0.006 0.351 0.001 0.000 0.000 0.022 0.000 0.000 0.000 0.001 0.000 0.000 0.001 0.008 
6 robin_vis 30 0.995 0.030 0.994 0.000 0.021 0.001 0.000 0.000 0.000 0.001 0.001 0.031 0.004 0.003 0.000 0.000 0.007 0.024 0.559 0.885 0.078 0.064 0.000 0.000 0.000 0.003 0.000 0.000 0.019 0.001 0.003 0.002 0.016 0.001 0.000 0.000 0.000 0.000 0.000 0.001 0.000 0.000 0.000 0.000 0.000 0.000 0.001 0.001 0.000 0.006 0.000 0.001 0.000 0.001 0.000 0.000 0.001 0.009 
7 swan_vis 30 0.995 0.230 0.992 0.000 0.003 0.001 0.000 0.000 0.000 0.002 0.003 0.121 0.031 0.003 0.001 0.000 0.002 0.012 0.472 0.339 0.005 0.089 0.000 0.000 0.001 0.002 0.000 0.000 0.001 0.001 0.001 0.000 0.012 0.001 0.000 0.000 0.001 0.000 0.000 0.001 0.000 0.000 0.000 0.000 0.000 0.001 0.002 0.000 0.000 0.024 0.000 0.001 0.000 0.001 0.000 0.001 0.009 0.003 
8 woodpecker_vis 30 0.995 0.022 0.994 0.000 0.018 0.001 0.000 0.000 0.000 0.001 0.002 0.024 0.002 0.001 0.000 0.000 0.010 0.015 0.767 0.851 0.036 0.023 0.000 0.000 0.001 0.004 0.000 0.000 0.025 0.000 0.001 0.002 0.010 0.001 0.000 0.000 0.000 0.000 0.000 0.001 0.000 0.000 0.000 0.000 0.000 0.000 0.001 0.001 0.000 0.005 0.000 0.001 0.000 0.001 0.000 0.000 0.001 0.008 
9 peacock_vis 30 0.995 0.068 0.994 0.000 0.017 0.001 0.000 0.000 0.000 0.001 0.003 0.024 0.012 0.002 0.001 0.000 0.004 0.025 0.168 0.600 0.021 0.100 0.000 0.000 0.001 0.002 0.000 0.000 0.004 0.001 0.007 0.001 0.010 0.001 0.000 0.000 0.001 0.000 0.000 0.001 0.000 0.000 0.000 0.000 0.000 0.001 0.002 0.000 0.000 0.001 0.000 0.001 0.000 0.001 0.000 0.000 0.001 0.006 
10 crow_vis 30 0.995 0.092 0.993 0.000 0.026 0.001 0.000 0.000 0.000 0.000 0.001 0.080 0.008 0.010 0.001 0.000 0.002 0.019 0.059 0.605 0.152 0.023 0.000 0.000 0.001 0.002 0.000 0.000 0.013 0.001 0.022 0.001 0.011 0.002 0.000 0.000 0.001 0.000 0.000 0.001 0.000 0.000 0.000 0.000 0.000 0.001 0.001 0.001 0.000 0.003 0.000 0.001 0.000 0.001 0.000 0.000 0.001 0.005 
11 eagle_vis 30 0.995 0.329 0.941 0.000 0.008 0.001 0.000 0.000 0.000 0.001 0.004 0.041 0.058 0.001 0.001 0.000 0.004 0.031 0.051 0.264 0.005 0.148 0.000 0.000 0.001 0.001 0.000 0.000 0.001 0.001 0.006 0.000 0.006 0.000 0.000 0.000 0.001 0.000 0.000 0.001 0.000 0.000 0.000 0.000 0.000 0.012 0.003 0.000 0.000 0.001 0.000 0.003 0.000 0.001 0.000 0.001 0.001 0.008 
12 tuna_vis 30 0.995 0.993 0.182 0.006 0.000 0.002 0.000 0.001 0.000 0.003 0.029 0.912 0.365 0.236 0.002 0.000 0.001 0.003 0.054 0.011 0.000 0.008 0.020 0.028 0.001 0.003 0.003 0.000 0.000 0.000 0.000 0.000 0.000 0.018 0.000 0.000 0.001 0.139 0.000 0.000 0.000 0.002 0.000 0.000 0.001 0.173 0.004 0.000 0.000 0.145 0.000 0.000 0.000 0.003 0.000 0.003 0.015 0.005 
13 goldfish_vis 30 0.995 0.993 0.078 0.004 0.000 0.001 0.000 0.001 0.000 0.000 0.020 0.962 0.357 0.324 0.001 0.001 0.000 0.001 0.019 0.014 0.001 0.001 0.001 0.132 0.001 0.003 0.004 0.000 0.000 0.000 0.002 0.000 0.000 0.008 0.000 0.000 0.001 0.011 0.000 0.000 0.001 0.000 0.000 0.000 0.006 0.226 0.001 0.000 0.000 0.028 0.000 0.000 0.000 0.001 0.000 0.000 0.001 0.007 
14 salmon_vis 30 0.995 0.992 0.170 0.004 0.000 0.001 0.000 0.001 0.000 0.001 0.033 0.875 0.522 0.097 0.002 0.001 0.000 0.003 0.025 0.015 0.001 0.003 0.001 0.028 0.001 0.005 0.002 0.000 0.000 0.000 0.001 0.000 0.000 0.002 0.000 0.000 0.001 0.002 0.000 0.000 0.000 0.000 0.000 0.000 0.002 0.061 0.002 0.000 0.000 0.008 0.000 0.000 0.000 0.001 0.000 0.001 0.001 0.013 
15 sardine_vis 30 0.995 0.990 0.122 0.006 0.000 0.001 0.000 0.001 0.000 0.002 0.337 0.254 0.732 0.005 0.009 0.000 0.001 0.007 0.014 0.004 0.001 0.048 0.001 0.001 0.002 0.004 0.002 0.002 0.000 0.001 0.001 0.000 0.000 0.001 0.000 0.000 0.002 0.000 0.000 0.000 0.000 0.000 0.000 0.000 0.001 0.004 0.009 0.000 0.000 0.001 0.000 0.001 0.001 0.001 0.000 0.015 0.000 0.019 
16 catfish_vis 30 0.995 0.993 0.074 0.005 0.000 0.001 0.000 0.001 0.000 0.001 0.013 0.964 0.256 0.290 0.001 0.001 0.000 0.002 0.030 0.008 0.001 0.001 0.003 0.076 0.001 0.003 0.004 0.000 0.000 0.000 0.001 0.000 0.000 0.015 0.000 0.000 0.001 0.046 0.000 0.000 0.001 0.000 0.000 0.000 0.003 0.213 0.001 0.000 0.000 0.079 0.000 0.000 0.000 0.001 0.000 0.000 0.003 0.002 
17 cod_vis 30 0.995 0.993 0.068 0.004 0.000 0.001 0.000 0.001 0.000 0.000 0.021 0.968 0.289 0.287 0.001 0.001 0.000 0.001 0.021 0.013 0.001 0.001 0.001 0.123 0.001 0.003 0.004 0.000 0.000 0.000 0.002 0.000 0.000 0.008 0.000 0.000 0.001 0.009 0.000 0.000 0.001 0.000 0.000 0.000 0.006 0.201 0.001 0.000 0.000 0.026 0.000 0.000 0.000 0.001 0.000 0.000 0.001 0.006 
18 turtle_vis 30 0.995 0.288 0.871 0.003 0.057 0.001 0.000 0.001 0.000 0.000 0.004 0.007 0.004 0.033 0.001 0.001 0.028 0.005 0.045 0.055 0.006 0.001 0.000 0.000 0.001 0.004 0.001 0.000 0.037 0.001 0.021 0.000 0.001 0.009 0.000 0.000 0.001 0.000 0.000 0.000 0.002 0.000 0.000 0.000 0.005 0.000 0.001 0.001 0.000 0.001 0.000 0.000 0.000 0.001 0.000 0.000 0.000 0.001 
19 rattlesnake_vis 30 0.995 0.026 0.690 0.001 0.028 0.001 0.000 0.014 0.000 0.000 0.001 0.003 0.002 0.005 0.001 0.000 0.003 0.006 0.007 0.009 0.061 0.001 0.000 0.000 0.001 0.003 0.001 0.000 0.009 0.001 0.051 0.000 0.002 0.005 0.000 0.000 0.001 0.001 0.000 0.000 0.001 0.000 0.000 0.000 0.092 0.002 0.001 0.001 0.000 0.001 0.000 0.000 0.000 0.001 0.000 0.000 0.000 0.002 
20 crab_vis 30 0.995 0.992 0.200 0.007 0.000 0.001 0.000 0.003 0.000 0.000 0.852 0.461 0.673 0.032 0.013 0.001 0.001 0.009 0.020 0.008 0.001 0.050 0.001 0.001 0.002 0.003 0.019 0.002 0.000 0.001 0.001 0.000 0.000 0.004 0.000 0.000 0.002 0.000 0.000 0.000 0.000 0.001 0.000 0.001 0.002 0.002 0.042 0.000 0.000 0.001 0.000 0.000 0.000 0.004 0.000 0.003 0.000 0.004 
21 frog_vis 30 0.995 0.002 0.989 0.001 0.036 0.001 0.000 0.000 0.000 0.000 0.001 0.003 0.001 0.000 0.000 0.000 0.023 0.028 0.612 0.055 0.021 0.001 0.000 0.000 0.001 0.013 0.000 0.000 0.082 0.000 0.001 0.003 0.004 0.001 0.000 0.000 0.001 0.000 0.000 0.000 0.000 0.000 0.000 0.000 0.000 0.000 0.001 0.001 0.000 0.001 0.000 0.000 0.000 0.001 0.000 0.000 0.000 0.002 
22 gecko_vis 30 0.994 0.974 0.155 0.003 0.001 0.001 0.000 0.002 0.000 0.001 0.208 0.518 0.193 0.005 0.004 0.001 0.002 0.013 0.057 0.017 0.001 0.080 0.000 0.001 0.001 0.001 0.004 0.001 0.000 0.002 0.001 0.000 0.001 0.002 0.000 0.000 0.003 0.000 0.000 0.000 0.000 0.000 0.000 0.001 0.004 0.003 0.007 0.000 0.000 0.001 0.000 0.000 0.001 0.002 0.000 0.002 0.000 0.003 
23 crocodile_vis 30 0.995 0.087 0.992 0.001 0.031 0.001 0.000 0.000 0.000 0.000 0.011 0.005 0.024 0.001 0.002 0.000 0.057 0.187 0.411 0.620 0.008 0.429 0.000 0.000 0.002 0.002 0.000 0.000 0.016 0.003 0.002 0.002 0.007 0.001 0.000 0.000 0.003 0.000 0.000 0.000 0.000 0.000 0.000 0.000 0.000 0.000 0.008 0.000 0.000 0.001 0.000 0.001 0.000 0.001 0.000 0.001 0.000 0.003 
24 axe_vis 30 0.953 0.970 0.011 0.004 0.000 0.682 0.000 0.143 0.001 0.001 0.002 0.829 0.191 0.105 0.001 0.000 0.000 0.000 0.004 0.001 0.003 0.001 0.002 0.006 0.000 0.000 0.006 0.000 0.000 0.000 0.001 0.000 0.000 0.035 0.000 0.000 0.001 0.449 0.000 0.001 0.044 0.008 0.000 0.013 0.006 0.015 0.001 0.000 0.001 0.002 0.000 0.000 0.000 0.003 0.000 0.001 0.001 0.001 
25 hammer_vis 30 0.544 0.921 0.001 0.000 0.001 0.987 0.000 0.976 0.061 0.000 0.006 0.025 0.000 0.959 0.106 0.100 0.001 0.000 0.000 0.003 0.454 0.000 0.001 0.006 0.000 0.000 0.002 0.000 0.001 0.001 0.004 0.000 0.000 0.007 0.000 0.001 0.005 0.708 0.000 0.809 0.971 0.001 0.000 0.174 0.003 0.005 0.000 0.618 0.068 0.001 0.000 0.000 0.000 0.432 0.000 0.000 0.004 0.002 
26 screwdriver_vis 30 0.969 0.980 0.004 0.003 0.000 0.838 0.000 0.104 0.003 0.001 0.002 0.066 0.001 0.929 0.002 0.002 0.001 0.000 0.001 0.231 0.004 0.000 0.001 0.005 0.000 0.000 0.002 0.000 0.000 0.001 0.001 0.000 0.000 0.010 0.000 0.001 0.001 0.134 0.000 0.030 0.705 0.002 0.000 0.009 0.005 0.010 0.001 0.002 0.215 0.001 0.000 0.000 0.000 0.009 0.000 0.000 0.001 0.000 
27 chisel_vis 30 0.410 0.709 0.001 0.000 0.000 0.990 0.000 0.992 0.003 0.001 0.014 0.025 0.000 0.108 0.003 0.588 0.006 0.000 0.003 0.002 0.013 0.000 0.000 0.001 0.000 0.000 0.003 0.000 0.001 0.000 0.001 0.000 0.000 0.008 0.000 0.016 0.000 0.006 0.000 0.022 0.954 0.002 0.000 0.047 0.008 0.002 0.000 0.282 0.002 0.001 0.000 0.000 0.000 0.012 0.000 0.000 0.000 0.001 
28 saw_vis 30 0.631 0.932 0.002 0.000 0.000 0.978 0.001 0.972 0.016 0.001 0.006 0.041 0.000 0.975 0.077 0.026 0.001 0.000 0.000 0.003 0.504 0.000 0.001 0.007 0.000 0.000 0.003 0.000 0.001 0.001 0.005 0.000 0.000 0.008 0.000 0.001 0.012 0.829 0.000 0.764 0.914 0.001 0.000 0.227 0.006 0.009 0.001 0.453 0.046 0.001 0.000 0.000 0.000 0.485 0.000 0.000 0.002 0.003 
29 drill_vis 30 0.638 0.931 0.002 0.000 0.000 0.967 0.001 0.973 0.003 0.001 0.014 0.225 0.002 0.936 0.063 0.008 0.001 0.000 0.000 0.001 0.522 0.001 0.002 0.005 0.000 0.000 0.004 0.000 0.001 0.001 0.008 0.000 0.000 0.008 0.000 0.000 0.019 0.825 0.000 0.378 0.613 0.006 0.000 0.281 0.011 0.006 0.001 0.158 0.011 0.001 0.000 0.000 0.000 0.296 0.000 0.000 0.001 0.002 
30 clamp_vis 30 0.635 0.751 0.001 0.000 0.000 0.988 0.000 0.957 0.001 0.000 0.004 0.008 0.000 0.734 0.011 0.012 0.002 0.000 0.000 0.001 0.032 0.000 0.001 0.002 0.000 0.000 0.001 0.000 0.000 0.000 0.002 0.000 0.000 0.002 0.000 0.002 0.001 0.369 0.000 0.198 0.946 0.001 0.000 0.102 0.005 0.003 0.000 0.183 0.004 0.001 0.000 0.000 0.000 0.101 0.000 0.000 0.001 0.001 
31 hoe_vis 30 0.964 0.984 0.011 0.001 0.000 0.117 0.000 0.278 0.001 0.002 0.006 0.899 0.300 0.240 0.001 0.001 0.000 0.000 0.002 0.001 0.027 0.000 0.001 0.089 0.000 0.000 0.002 0.000 0.000 0.000 0.008 0.000 0.000 0.017 0.000 0.000 0.000 0.354 0.000 0.003 0.029 0.003 0.000 0.008 0.224 0.736 0.001 0.003 0.000 0.099 0.000 0.000 0.000 0.002 0.002 0.001 0.002 0.042 
32 rake_vis 30 0.682 0.895 0.002 0.000 0.001 0.927 0.000 0.989 0.000 0.026 0.048 0.348 0.001 0.007 0.000 0.005 0.000 0.000 0.024 0.000 0.002 0.000 0.000 0.003 0.000 0.000 0.002 0.000 0.001 0.000 0.002 0.000 0.000 0.011 0.000 0.000 0.000 0.052 0.000 0.000 0.100 0.009 0.002 0.010 0.863 0.379 0.001 0.004 0.000 0.045 0.000 0.000 0.000 0.001 0.000 0.000 0.001 0.022 
33 shovel_vis 30 0.638 0.882 0.001 0.000 0.000 0.984 0.046 0.852 0.000 0.000 0.002 0.116 0.435 0.029 0.016 0.000 0.000 0.000 0.000 0.000 0.010 0.001 0.001 0.002 0.000 0.000 0.001 0.001 0.000 0.001 0.009 0.000 0.000 0.003 0.000 0.000 0.432 0.756 0.000 0.002 0.015 0.003 0.000 0.590 0.012 0.030 0.001 0.001 0.000 0.001 0.000 0.000 0.000 0.001 0.000 0.085 0.000 0.001 
34 spade_vis 30 0.949 0.980 0.009 0.000 0.000 0.327 0.000 0.625 0.001 0.002 0.007 0.913 0.085 0.374 0.001 0.001 0.000 0.000 0.002 0.001 0.032 0.000 0.001 0.055 0.000 0.000 0.002 0.000 0.001 0.000 0.008 0.000 0.000 0.020 0.000 0.000 0.000 0.641 0.000 0.004 0.056 0.003 0.000 0.013 0.376 0.788 0.001 0.005 0.000 0.122 0.000 0.000 0.000 0.002 0.001 0.001 0.002 0.046 
35 wrench_vis 30 0.656 0.947 0.002 0.000 0.000 0.911 0.000 0.989 0.000 0.038 0.136 0.155 0.003 0.008 0.001 0.001 0.000 0.000 0.008 0.000 0.001 0.001 0.001 0.001 0.000 0.000 0.001 0.000 0.000 0.001 0.001 0.000 0.000 0.008 0.000 0.000 0.000 0.046 0.000 0.000 0.025 0.051 0.008 0.027 0.867 0.404 0.005 0.001 0.000 0.020 0.000 0.000 0.000 0.001 0.000 0.002 0.001 0.018 
36 accordion_vis 30 0.962 0.009 0.980 0.000 0.010 0.015 0.000 0.002 0.002 0.023 0.018 0.001 0.002 0.001 0.001 0.000 0.279 0.013 0.329 0.018 0.016 0.556 0.000 0.000 0.001 0.000 0.000 0.000 0.009 0.006 0.001 0.001 0.001 0.001 0.000 0.000 0.002 0.000 0.000 0.001 0.000 0.002 0.001 0.000 0.003 0.001 0.040 0.010 0.001 0.003 0.000 0.002 0.004 0.010 0.000 0.013 0.001 0.024 
37 cello_vis 30 0.019 0.001 0.002 0.013 0.007 0.448 0.001 0.001 0.967 0.001 0.000 0.041 0.000 0.001 0.000 0.004 0.002 0.000 0.004 0.002 0.044 0.000 0.000 0.152 0.001 0.213 0.001 0.000 0.002 0.001 0.000 0.020 0.001 0.001 0.000 0.003 0.000 0.000 0.233 0.002 0.003 0.000 0.001 0.000 0.003 0.022 0.001 0.830 0.006 0.516 0.003 0.025 0.000 0.001 0.001 0.000 0.001 0.010 
38 flute_vis 30 0.054 0.017 0.435 0.001 0.001 0.984 0.001 0.014 0.990 0.002 0.002 0.293 0.028 0.005 0.001 0.003 0.008 0.002 0.007 0.093 0.324 0.001 0.000 0.001 0.001 0.025 0.000 0.000 0.000 0.004 0.000 0.005 0.000 0.001 0.000 0.002 0.024 0.000 0.002 0.033 0.002 0.001 0.003 0.000 0.000 0.005 0.043 0.931 0.057 0.013 0.048 0.006 0.001 0.004 0.000 0.001 0.002 0.134 
39 guitar_vis 30 0.078 0.002 0.050 0.001 0.002 0.426 0.061 0.002 0.390 0.002 0.001 0.112 0.008 0.017 0.000 0.001 0.004 0.002 0.013 0.004 0.582 0.002 0.000 0.017 0.002 0.085 0.001 0.000 0.009 0.002 0.001 0.004 0.003 0.001 0.000 0.004 0.005 0.004 0.297 0.087 0.002 0.001 0.002 0.000 0.003 0.003 0.008 0.294 0.008 0.042 0.003 0.006 0.001 0.004 0.000 0.001 0.002 0.026 
40 piano_vis 30 0.868 0.002 0.888 0.000 0.003 0.052 0.000 0.002 0.004 0.065 0.002 0.002 0.001 0.001 0.001 0.001 0.026 0.001 0.816 0.006 0.014 0.003 0.000 0.000 0.001 0.001 0.000 0.000 0.017 0.002 0.001 0.002 0.001 0.001 0.000 0.001 0.001 0.000 0.000 0.001 0.001 0.001 0.001 0.000 0.009 0.001 0.003 0.059 0.001 0.023 0.001 0.005 0.001 0.002 0.000 0.001 0.002 0.077 
41 trumpet_vis 30 0.040 0.001 0.002 0.016 0.004 0.083 0.002 0.002 0.692 0.002 0.000 0.059 0.000 0.002 0.000 0.003 0.001 0.000 0.008 0.001 0.114 0.000 0.000 0.203 0.001 0.242 0.003 0.000 0.026 0.001 0.001 0.005 0.005 0.001 0.000 0.009 0.000 0.002 0.632 0.003 0.004 0.000 0.000 0.000 0.044 0.007 0.000 0.411 0.001 0.559 0.001 0.005 0.000 0.001 0.002 0.000 0.002 0.034 
42 fork_vis 30 0.917 0.988 0.014 0.000 0.000 0.349 0.000 0.989 0.001 0.098 0.933 0.182 0.011 0.010 0.007 0.010 0.004 0.000 0.353 0.001 0.001 0.015 0.002 0.000 0.000 0.000 0.020 0.000 0.001 0.001 0.002 0.000 0.000 0.044 0.000 0.000 0.001 0.014 0.000 0.001 0.016 0.569 0.010 0.215 0.609 0.044 0.060 0.001 0.000 0.004 0.000 0.000 0.001 0.020 0.000 0.009 0.001 0.008 
43 spoon_vis 30 0.487 0.915 0.008 0.000 0.000 0.962 0.000 0.987 0.001 0.512 0.674 0.033 0.007 0.005 0.003 0.000 0.001 0.000 0.158 0.001 0.001 0.027 0.014 0.000 0.000 0.000 0.007 0.000 0.000 0.001 0.000 0.000 0.000 0.026 0.000 0.000 0.001 0.025 0.000 0.000 0.008 0.957 0.001 0.141 0.567 0.026 0.063 0.000 0.000 0.004 0.000 0.000 0.001 0.078 0.000 0.064 0.001 0.002 
44 tongs_vis 30 0.942 0.990 0.008 0.000 0.000 0.359 0.000 0.789 0.000 0.002 0.203 0.417 0.252 0.183 0.013 0.001 0.000 0.000 0.001 0.001 0.007 0.010 0.002 0.001 0.000 0.000 0.004 0.000 0.000 0.001 0.006 0.000 0.000 0.018 0.000 0.000 0.025 0.374 0.000 0.001 0.025 0.030 0.000 0.346 0.091 0.083 0.008 0.001 0.000 0.003 0.000 0.000 0.000 0.020 0.000 0.013 0.001 0.005 
45 ladle_vis 30 0.675 0.782 0.005 0.000 0.000 0.905 0.000 0.983 0.001 0.109 0.018 0.729 0.003 0.009 0.001 0.002 0.000 0.000 0.085 0.001 0.002 0.001 0.001 0.001 0.000 0.000 0.001 0.000 0.000 0.000 0.001 0.000 0.000 0.015 0.000 0.000 0.000 0.079 0.000 0.000 0.029 0.027 0.000 0.003 0.946 0.368 0.002 0.002 0.000 0.401 0.000 0.000 0.000 0.003 0.001 0.002 0.003 0.016 
46 knife_vis 30 0.767 0.835 0.010 0.000 0.000 0.866 0.000 0.962 0.001 0.168 0.022 0.576 0.004 0.004 0.001 0.004 0.000 0.000 0.328 0.001 0.002 0.002 0.000 0.001 0.000 0.000 0.001 0.000 0.000 0.000 0.001 0.000 0.000 0.005 0.000 0.000 0.001 0.014 0.000 0.001 0.058 0.003 0.000 0.001 0.922 0.395 0.002 0.003 0.000 0.135 0.000 0.000 0.000 0.002 0.000 0.002 0.002 0.044 
47 chopsticks_vis 30 0.732 0.934 0.009 0.000 0.000 0.915 0.000 0.958 0.001 0.042 0.022 0.890 0.029 0.282 0.001 0.001 0.000 0.000 0.007 0.001 0.098 0.002 0.001 0.006 0.000 0.000 0.003 0.000 0.000 0.001 0.003 0.000 0.000 0.031 0.000 0.000 0.001 0.725 0.000 0.001 0.056 0.038 0.000 0.026 0.306 0.304 0.002 0.003 0.000 0.117 0.000 0.000 0.000 0.014 0.001 0.004 0.004 0.010 
