0 beaver_vis 30 0.995 0.994 0.992 0.059 0.003 0.000 0.000 0.440 0.000 0.001 0.818 0.025 0.981 0.970 0.992 0.005 0.987 0.066 0.971 0.005 0.073 0.974 0.005 0.000 0.237 0.002 0.484 0.030 0.678 0.334 0.010 0.000 0.001 0.000 0.000 0.005 0.000 0.011 0.000 0.001 0.001 0.291 0.000 0.020 0.031 0.978 0.016 0.000 0.000 0.001 0.000 0.000 0.000 0.001 0.002 0.137 0.000 0.000 
1 bear_vis 30 0.995 0.993 0.991 0.160 0.002 0.000 0.000 0.369 0.000 0.001 0.877 0.010 0.976 0.933 0.991 0.002 0.982 0.033 0.966 0.002 0.062 0.944 0.005 0.000 0.346 0.002 0.428 0.067 0.552 0.259 0.007 0.000 0.001 0.000 0.000 0.022 0.000 0.007 0.000 0.003 0.001 0.145 0.000 0.006 0.034 0.971 0.012 0.000 0.000 0.002 0.000 0.000 0.000 0.001 0.001 0.178 0.000 0.000 
2 sheep_vis 30 0.995 0.994 0.993 0.361 0.001 0.000 0.000 0.367 0.000 0.001 0.941 0.004 0.991 0.898 0.990 0.002 0.992 0.017 0.986 0.002 0.058 0.915 0.009 0.001 0.505 0.005 0.513 0.153 0.543 0.225 0.003 0.000 0.001 0.000 0.000 0.070 0.001 0.015 0.000 0.008 0.001 0.019 0.000 0.008 0.034 0.986 0.016 0.000 0.000 0.005 0.000 0.000 0.000 0.001 0.001 0.248 0.000 0.000 
3 buffalo_vis 30 0.994 0.993 0.988 0.001 0.009 0.000 0.000 0.790 0.000 0.001 0.068 0.067 0.926 0.993 0.992 0.016 0.955 0.293 0.748 0.008 0.074 0.990 0.001 0.000 0.009 0.001 0.510 0.001 0.748 0.348 0.041 0.000 0.001 0.000 0.000 0.000 0.000 0.018 0.000 0.000 0.002 0.900 0.001 0.275 0.007 0.915 0.022 0.000 0.000 0.000 0.000 0.000 0.000 0.001 0.001 0.027 0.000 0.000 
4 poodle_vis 30 0.995 0.994 0.989 0.007 0.006 0.000 0.000 0.513 0.000 0.001 0.629 0.052 0.959 0.988 0.992 0.008 0.976 0.128 0.935 0.007 0.082 0.987 0.003 0.000 0.094 0.001 0.443 0.006 0.736 0.396 0.016 0.000 0.001 0.000 0.000 0.001 0.000 0.007 0.000 0.000 0.001 0.664 0.000 0.027 0.024 0.958 0.017 0.000 0.000 0.000 0.000 0.000 0.000 0.001 0.002 0.081 0.000 0.000 
5 giraffe_vis 30 0.995 0.993 0.991 0.001 0.017 0.000 0.000 0.853 0.000 0.001 0.149 0.097 0.970 0.993 0.992 0.018 0.979 0.308 0.894 0.012 0.106 0.992 0.002 0.000 0.033 0.001 0.674 0.003 0.858 0.466 0.051 0.001 0.001 0.000 0.000 0.001 0.001 0.047 0.000 0.000 0.002 0.837 0.001 0.401 0.017 0.961 0.032 0.000 0.000 0.000 0.000 0.000 0.000 0.001 0.003 0.075 0.000 0.000 
6 robin_vis 30 0.981 0.956 0.405 0.000 0.001 0.000 0.000 0.408 0.000 0.001 0.001 0.001 0.023 0.984 0.939 0.004 0.067 0.066 0.004 0.001 0.008 0.590 0.000 0.000 0.000 0.001 0.003 0.000 0.007 0.009 0.002 0.000 0.000 0.000 0.000 0.000 0.000 0.001 0.000 0.000 0.001 0.959 0.000 0.008 0.000 0.095 0.016 0.000 0.000 0.000 0.000 0.000 0.000 0.000 0.000 0.001 0.000 0.000 
7 swan_vis 30 0.970 0.986 0.951 0.001 0.017 0.001 0.000 0.279 0.027 0.001 0.342 0.382 0.160 0.988 0.974 0.634 0.862 0.739 0.561 0.524 0.170 0.912 0.011 0.001 0.001 0.009 0.005 0.000 0.144 0.101 0.003 0.001 0.001 0.005 0.241 0.001 0.001 0.003 0.099 0.000 0.001 0.961 0.000 0.397 0.114 0.857 0.850 0.000 0.000 0.004 0.000 0.047 0.004 0.129 0.010 0.062 0.000 0.000 
8 woodpecker_vis 30 0.993 0.957 0.514 0.001 0.001 0.002 0.000 0.194 0.000 0.001 0.087 0.002 0.706 0.594 0.514 0.001 0.902 0.014 0.397 0.001 0.011 0.139 0.001 0.000 0.003 0.001 0.026 0.001 0.030 0.012 0.003 0.000 0.001 0.000 0.000 0.001 0.000 0.002 0.000 0.000 0.001 0.043 0.000 0.001 0.002 0.901 0.016 0.000 0.000 0.001 0.000 0.000 0.000 0.001 0.001 0.011 0.000 0.000 
9 peacock_vis 30 0.985 0.966 0.537 0.000 0.001 0.000 0.000 0.531 0.000 0.001 0.001 0.001 0.036 0.985 0.959 0.004 0.111 0.075 0.007 0.001 0.010 0.696 0.000 0.000 0.000 0.000 0.005 0.000 0.010 0.013 0.003 0.000 0.001 0.000 0.000 0.000 0.000 0.001 0.000 0.000 0.001 0.970 0.000 0.012 0.001 0.170 0.022 0.000 0.000 0.000 0.000 0.000 0.000 0.000 0.000 0.001 0.000 0.000 
10 crow_vis 30 0.926 0.971 0.800 0.000 0.002 0.010 0.000 0.910 0.006 0.001 0.006 0.014 0.117 0.987 0.979 0.030 0.464 0.197 0.053 0.015 0.028 0.924 0.000 0.000 0.001 0.000 0.016 0.000 0.014 0.049 0.043 0.000 0.001 0.001 0.015 0.000 0.000 0.022 0.001 0.000 0.017 0.986 0.001 0.261 0.181 0.868 0.679 0.000 0.000 0.000 0.000 0.002 0.003 0.009 0.007 0.092 0.000 0.000 
11 eagle_vis 30 0.995 0.994 0.992 0.241 0.001 0.000 0.000 0.267 0.000 0.001 0.922 0.009 0.980 0.911 0.990 0.003 0.987 0.027 0.978 0.003 0.058 0.928 0.008 0.001 0.432 0.003 0.449 0.095 0.525 0.234 0.004 0.000 0.001 0.000 0.000 0.034 0.000 0.006 0.000 0.004 0.001 0.079 0.000 0.003 0.029 0.976 0.012 0.000 0.000 0.003 0.000 0.000 0.000 0.001 0.001 0.181 0.000 0.000 
12 tuna_vis 30 0.996 0.993 0.994 0.504 0.001 0.000 0.000 0.423 0.000 0.001 0.966 0.002 0.991 0.864 0.989 0.001 0.993 0.009 0.992 0.001 0.072 0.908 0.010 0.001 0.613 0.006 0.465 0.180 0.500 0.215 0.002 0.000 0.001 0.000 0.000 0.146 0.000 0.018 0.000 0.014 0.001 0.005 0.000 0.002 0.087 0.988 0.026 0.000 0.000 0.018 0.000 0.000 0.000 0.001 0.002 0.408 0.000 0.000 
13 goldfish_vis 30 0.995 0.994 0.994 0.414 0.001 0.000 0.000 0.362 0.000 0.001 0.912 0.010 0.990 0.947 0.973 0.001 0.991 0.013 0.987 0.004 0.114 0.958 0.034 0.001 0.768 0.002 0.318 0.053 0.288 0.407 0.005 0.000 0.001 0.000 0.000 0.579 0.000 0.231 0.001 0.135 0.001 0.023 0.000 0.012 0.054 0.984 0.034 0.000 0.000 0.011 0.000 0.000 0.000 0.001 0.008 0.338 0.001 0.000 
14 salmon_vis 30 0.993 0.962 0.290 0.001 0.001 0.108 0.000 0.016 0.000 0.001 0.032 0.001 0.894 0.520 0.087 0.001 0.275 0.002 0.842 0.001 0.005 0.042 0.001 0.000 0.004 0.001 0.006 0.001 0.002 0.008 0.001 0.000 0.001 0.000 0.000 0.040 0.000 0.003 0.000 0.000 0.001 0.002 0.000 0.001 0.001 0.194 0.005 0.000 0.000 0.000 0.000 0.000 0.000 0.000 0.001 0.002 0.000 0.000 
15 sardine_vis 30 0.995 0.994 0.994 0.481 0.001 0.000 0.000 0.654 0.000 0.001 0.921 0.002 0.992 0.933 0.981 0.001 0.993 0.014 0.990 0.001 0.069 0.929 0.008 0.001 0.513 0.013 0.675 0.259 0.599 0.186 0.002 0.000 0.001 0.000 0.000 0.314 0.000 0.080 0.000 0.033 0.001 0.002 0.000 0.012 0.027 0.988 0.044 0.000 0.000 0.009 0.000 0.000 0.000 0.001 0.001 0.385 0.000 0.000 
16 catfish_vis 30 0.995 0.994 0.993 0.483 0.001 0.000 0.000 0.168 0.000 0.001 0.977 0.002 0.992 0.843 0.988 0.001 0.993 0.006 0.992 0.001 0.054 0.889 0.014 0.001 0.668 0.004 0.459 0.154 0.410 0.218 0.002 0.000 0.001 0.000 0.000 0.113 0.000 0.009 0.000 0.014 0.001 0.003 0.000 0.001 0.030 0.987 0.010 0.000 0.000 0.006 0.000 0.000 0.000 0.001 0.001 0.223 0.000 0.000 
17 cod_vis 30 0.995 0.993 0.994 0.456 0.001 0.000 0.000 0.484 0.000 0.001 0.945 0.002 0.991 0.913 0.986 0.001 0.993 0.011 0.990 0.001 0.076 0.926 0.010 0.001 0.625 0.006 0.482 0.152 0.477 0.248 0.003 0.000 0.001 0.000 0.000 0.242 0.000 0.038 0.000 0.022 0.001 0.004 0.000 0.005 0.051 0.987 0.028 0.000 0.000 0.012 0.000 0.000 0.000 0.001 0.001 0.379 0.000 0.000 
18 turtle_vis 30 0.995 0.992 0.992 0.001 0.035 0.000 0.000 0.986 0.000 0.001 0.007 0.074 0.987 0.993 0.988 0.053 0.987 0.569 0.827 0.016 0.167 0.991 0.001 0.000 0.018 0.004 0.885 0.005 0.935 0.520 0.149 0.003 0.001 0.001 0.000 0.006 0.029 0.859 0.000 0.001 0.300 0.634 0.354 0.981 0.006 0.983 0.280 0.001 0.000 0.000 0.000 0.000 0.000 0.001 0.002 0.178 0.000 0.000 
19 rattlesnake_vis 30 0.234 0.088 0.029 0.000 0.003 0.582 0.000 0.977 0.001 0.001 0.000 0.001 0.069 0.664 0.069 0.002 0.035 0.014 0.002 0.001 0.043 0.092 0.000 0.000 0.000 0.000 0.008 0.002 0.033 0.262 0.297 0.000 0.001 0.001 0.000 0.000 0.001 0.100 0.000 0.000 0.708 0.240 0.052 0.231 0.001 0.057 0.003 0.001 0.007 0.000 0.000 0.000 0.001 0.000 0.001 0.001 0.000 0.000 
20 crab_vis 30 0.995 0.993 0.992 0.215 0.005 0.000 0.000 0.959 0.000 0.001 0.604 0.010 0.985 0.987 0.976 0.003 0.989 0.064 0.973 0.005 0.120 0.978 0.004 0.000 0.288 0.018 0.728 0.183 0.758 0.316 0.011 0.001 0.001 0.000 0.000 0.455 0.001 0.453 0.000 0.056 0.005 0.151 0.001 0.322 0.067 0.983 0.173 0.000 0.000 0.005 0.000 0.000 0.000 0.001 0.005 0.507 0.000 0.000 
21 frog_vis 30 0.994 0.991 0.989 0.001 0.024 0.000 0.000 0.987 0.001 0.001 0.002 0.031 0.981 0.993 0.982 0.062 0.983 0.576 0.596 0.016 0.178 0.990 0.001 0.000 0.005 0.002 0.720 0.002 0.869 0.424 0.110 0.002 0.001 0.001 0.000 0.009 0.170 0.901 0.000 0.000 0.658 0.816 0.661 0.984 0.012 0.982 0.621 0.005 0.003 0.000 0.000 0.000 0.000 0.002 0.003 0.257 0.000 0.000 
22 gecko_vis 30 0.995 0.993 0.992 0.219 0.004 0.000 0.000 0.865 0.000 0.001 0.779 0.009 0.985 0.978 0.985 0.003 0.989 0.049 0.974 0.004 0.097 0.967 0.005 0.001 0.333 0.009 0.655 0.150 0.701 0.295 0.009 0.001 0.001 0.000 0.000 0.208 0.001 0.112 0.000 0.020 0.002 0.135 0.001 0.085 0.051 0.983 0.064 0.000 0.000 0.003 0.000 0.000 0.000 0.001 0.003 0.368 0.000 0.000 
23 crocodile_vis 30 0.995 0.993 0.991 0.238 0.003 0.000 0.000 0.550 0.000 0.001 0.884 0.010 0.983 0.941 0.990 0.003 0.987 0.037 0.975 0.004 0.078 0.947 0.006 0.001 0.415 0.004 0.480 0.101 0.589 0.280 0.009 0.000 0.001 0.000 0.000 0.056 0.001 0.020 0.000 0.006 0.001 0.122 0.000 0.021 0.064 0.980 0.028 0.000 0.000 0.004 0.000 0.000 0.000 0.001 0.003 0.301 0.000 0.000 
24 axe_vis 30 0.923 0.953 0.302 0.000 0.001 0.964 0.588 0.023 0.000 0.001 0.000 0.039 0.870 0.993 0.007 0.000 0.005 0.001 0.107 0.034 0.027 0.931 0.000 0.000 0.001 0.000 0.002 0.000 0.001 0.074 0.001 0.001 0.001 0.000 0.022 0.028 0.072 0.945 0.000 0.000 0.004 0.097 0.001 0.975 0.000 0.005 0.036 0.000 0.002 0.000 0.000 0.000 0.000 0.000 0.001 0.001 0.000 0.000 
25 hammer_vis 30 0.957 0.937 0.154 0.001 0.001 0.950 0.101 0.021 0.000 0.001 0.000 0.011 0.960 0.984 0.014 0.000 0.051 0.001 0.463 0.005 0.009 0.597 0.000 0.000 0.002 0.000 0.006 0.001 0.003 0.027 0.002 0.000 0.001 0.000 0.001 0.162 0.001 0.777 0.000 0.000 0.003 0.006 0.001 0.587 0.001 0.031 0.011 0.000 0.000 0.000 0.000 0.000 0.000 0.000 0.001 0.001 0.000 0.000 
26 screwdriver_vis 30 0.924 0.951 0.272 0.000 0.001 0.961 0.521 0.017 0.000 0.001 0.000 0.039 0.863 0.992 0.008 0.000 0.005 0.001 0.103 0.029 0.022 0.928 0.000 0.000 0.001 0.000 0.002 0.000 0.001 0.064 0.001 0.001 0.001 0.000 0.020 0.021 0.039 0.935 0.000 0.000 0.003 0.091 0.001 0.969 0.000 0.004 0.027 0.000 0.001 0.000 0.000 0.000 0.000 0.000 0.001 0.001 0.000 0.000 
27 chisel_vis 30 0.951 0.957 0.292 0.001 0.001 0.949 0.334 0.018 0.000 0.001 0.000 0.042 0.895 0.993 0.013 0.000 0.010 0.001 0.125 0.023 0.022 0.930 0.000 0.000 0.001 0.000 0.004 0.000 0.003 0.070 0.002 0.001 0.001 0.000 0.008 0.015 0.016 0.934 0.000 0.000 0.003 0.055 0.001 0.978 0.000 0.007 0.017 0.000 0.001 0.000 0.000 0.000 0.000 0.000 0.001 0.001 0.000 0.000 
28 saw_vis 30 0.944 0.933 0.103 0.001 0.001 0.735 0.030 0.010 0.000 0.001 0.015 0.003 0.917 0.593 0.030 0.000 0.018 0.001 0.899 0.002 0.004 0.139 0.002 0.000 0.051 0.000 0.003 0.000 0.001 0.016 0.001 0.000 0.001 0.000 0.001 0.191 0.001 0.269 0.000 0.000 0.002 0.011 0.001 0.004 0.001 0.009 0.012 0.000 0.000 0.000 0.000 0.000 0.000 0.001 0.001 0.001 0.000 0.000 
29 drill_vis 30 0.987 0.972 0.302 0.000 0.001 0.023 0.005 0.007 0.000 0.001 0.000 0.038 0.388 0.984 0.066 0.000 0.004 0.001 0.244 0.010 0.010 0.662 0.000 0.000 0.001 0.000 0.001 0.000 0.001 0.048 0.002 0.000 0.001 0.000 0.018 0.001 0.001 0.021 0.000 0.000 0.002 0.254 0.001 0.019 0.001 0.002 0.002 0.000 0.000 0.000 0.000 0.000 0.000 0.000 0.001 0.001 0.000 0.000 
30 clamp_vis 30 0.988 0.951 0.168 0.000 0.001 0.453 0.001 0.030 0.000 0.001 0.010 0.001 0.902 0.609 0.032 0.000 0.107 0.001 0.852 0.001 0.005 0.048 0.001 0.000 0.011 0.000 0.002 0.000 0.001 0.011 0.001 0.000 0.000 0.000 0.000 0.100 0.001 0.020 0.000 0.000 0.001 0.007 0.001 0.003 0.001 0.080 0.005 0.000 0.000 0.000 0.000 0.000 0.000 0.000 0.001 0.001 0.000 0.000 
31 hoe_vis 30 0.975 0.952 0.383 0.000 0.001 0.001 0.000 0.472 0.000 0.001 0.001 0.001 0.026 0.985 0.926 0.002 0.059 0.051 0.003 0.001 0.008 0.605 0.000 0.000 0.000 0.000 0.002 0.000 0.006 0.011 0.002 0.000 0.000 0.000 0.000 0.000 0.001 0.002 0.000 0.000 0.002 0.967 0.000 0.015 0.001 0.113 0.020 0.000 0.000 0.000 0.000 0.000 0.000 0.000 0.001 0.001 0.000 0.000 
32 rake_vis 30 0.989 0.931 0.240 0.000 0.001 0.035 0.000 0.146 0.000 0.001 0.023 0.001 0.804 0.592 0.119 0.001 0.659 0.003 0.438 0.001 0.005 0.041 0.000 0.000 0.001 0.000 0.004 0.000 0.002 0.005 0.001 0.000 0.000 0.000 0.000 0.005 0.001 0.003 0.000 0.000 0.002 0.009 0.001 0.006 0.001 0.613 0.019 0.000 0.000 0.000 0.000 0.000 0.000 0.000 0.001 0.001 0.000 0.000 
33 shovel_vis 30 0.980 0.960 0.408 0.000 0.001 0.002 0.000 0.169 0.000 0.001 0.000 0.001 0.067 0.988 0.783 0.001 0.029 0.015 0.009 0.001 0.012 0.681 0.000 0.000 0.001 0.000 0.002 0.000 0.004 0.020 0.001 0.000 0.000 0.000 0.001 0.000 0.001 0.006 0.000 0.000 0.002 0.923 0.001 0.051 0.000 0.042 0.011 0.000 0.000 0.000 0.000 0.000 0.000 0.000 0.001 0.001 0.000 0.000 
34 spade_vis 30 0.987 0.930 0.235 0.000 0.001 0.016 0.000 0.116 0.000 0.001 0.028 0.000 0.670 0.551 0.191 0.001 0.642 0.003 0.348 0.001 0.005 0.037 0.000 0.000 0.001 0.000 0.002 0.000 0.002 0.005 0.001 0.000 0.000 0.000 0.000 0.002 0.001 0.002 0.000 0.000 0.002 0.021 0.000 0.003 0.001 0.627 0.015 0.000 0.000 0.000 0.000 0.000 0.000 0.000 0.001 0.001 0.000 0.000 
35 wrench_vis 30 0.967 0.939 0.348 0.000 0.001 0.003 0.000 0.616 0.000 0.001 0.000 0.001 0.038 0.987 0.878 0.003 0.069 0.059 0.003 0.001 0.009 0.610 0.000 0.000 0.000 0.000 0.003 0.000 0.007 0.011 0.002 0.000 0.000 0.000 0.000 0.000 0.001 0.003 0.000 0.000 0.003 0.942 0.001 0.044 0.000 0.131 0.023 0.000 0.000 0.000 0.000 0.000 0.000 0.000 0.001 0.001 0.000 0.000 
36 accordion_vis 30 0.960 0.943 0.378 0.000 0.001 0.005 0.000 0.718 0.001 0.001 0.000 0.001 0.036 0.987 0.907 0.004 0.093 0.072 0.003 0.001 0.009 0.635 0.000 0.000 0.000 0.000 0.003 0.000 0.007 0.010 0.002 0.000 0.000 0.000 0.000 0.000 0.001 0.003 0.000 0.000 0.007 0.959 0.001 0.049 0.001 0.210 0.048 0.000 0.000 0.000 0.000 0.000 0.000 0.000 0.000 0.001 0.000 0.000 
37 cello_vis 30 0.913 0.870 0.175 0.000 0.001 0.040 0.000 0.920 0.002 0.001 0.000 0.001 0.250 0.993 0.423 0.005 0.165 0.132 0.002 0.001 0.006 0.718 0.000 0.000 0.000 0.000 0.022 0.000 0.017 0.006 0.003 0.000 0.000 0.000 0.000 0.000 0.001 0.010 0.000 0.000 0.090 0.399 0.005 0.666 0.001 0.220 0.088 0.003 0.002 0.000 0.000 0.000 0.000 0.000 0.001 0.001 0.000 0.000 
38 flute_vis 30 0.904 0.882 0.236 0.000 0.001 0.133 0.000 0.966 0.002 0.001 0.000 0.001 0.344 0.993 0.372 0.006 0.239 0.147 0.004 0.001 0.010 0.795 0.000 0.000 0.001 0.000 0.024 0.000 0.021 0.011 0.004 0.000 0.000 0.000 0.000 0.001 0.001 0.034 0.000 0.000 0.236 0.438 0.018 0.887 0.000 0.401 0.158 0.007 0.006 0.000 0.000 0.000 0.000 0.000 0.001 0.001 0.000 0.000 
39 guitar_vis 30 0.962 0.942 0.377 0.000 0.001 0.004 0.000 0.724 0.001 0.001 0.000 0.001 0.038 0.988 0.900 0.003 0.092 0.073 0.003 0.001 0.009 0.635 0.000 0.000 0.000 0.000 0.003 0.000 0.008 0.010 0.002 0.000 0.000 0.000 0.000 0.000 0.001 0.003 0.000 0.000 0.007 0.953 0.001 0.055 0.001 0.206 0.042 0.000 0.000 0.000 0.000 0.000 0.000 0.000 0.001 0.001 0.000 0.000 
40 piano_vis 30 0.948 0.931 0.310 0.000 0.001 0.010 0.000 0.753 0.001 0.001 0.000 0.001 0.041 0.988 0.884 0.003 0.089 0.074 0.002 0.001 0.007 0.641 0.000 0.000 0.000 0.000 0.004 0.000 0.008 0.008 0.002 0.000 0.000 0.000 0.000 0.000 0.001 0.005 0.000 0.000 0.011 0.946 0.001 0.077 0.001 0.216 0.062 0.001 0.001 0.000 0.000 0.000 0.000 0.000 0.001 0.001 0.000 0.000 
41 trumpet_vis 30 0.960 0.938 0.335 0.000 0.001 0.006 0.000 0.672 0.001 0.001 0.000 0.001 0.035 0.987 0.903 0.003 0.081 0.067 0.003 0.001 0.007 0.614 0.000 0.000 0.000 0.000 0.003 0.000 0.008 0.008 0.002 0.000 0.000 0.000 0.000 0.000 0.001 0.004 0.000 0.000 0.008 0.955 0.001 0.053 0.001 0.183 0.042 0.000 0.000 0.000 0.000 0.000 0.000 0.000 0.001 0.001 0.000 0.000 
42 fork_vis 30 0.980 0.960 0.335 0.000 0.001 0.003 0.001 0.062 0.000 0.001 0.000 0.013 0.109 0.985 0.366 0.001 0.010 0.005 0.044 0.004 0.011 0.662 0.000 0.000 0.001 0.000 0.001 0.000 0.002 0.034 0.001 0.000 0.000 0.000 0.007 0.000 0.001 0.004 0.000 0.000 0.002 0.783 0.001 0.021 0.001 0.018 0.004 0.000 0.000 0.000 0.000 0.000 0.000 0.000 0.001 0.001 0.000 0.000 
43 spoon_vis 30 0.543 0.820 0.046 0.000 0.001 0.637 0.018 0.121 0.000 0.001 0.000 0.006 0.047 0.897 0.225 0.001 0.007 0.004 0.004 0.003 0.002 0.634 0.000 0.000 0.001 0.000 0.001 0.000 0.001 0.002 0.001 0.000 0.000 0.000 0.547 0.000 0.001 0.003 0.000 0.000 0.002 0.895 0.001 0.190 0.001 0.038 0.017 0.000 0.000 0.000 0.000 0.000 0.000 0.010 0.002 0.001 0.000 0.000 
44 tongs_vis 30 0.971 0.871 0.062 0.000 0.001 0.626 0.001 0.032 0.000 0.001 0.006 0.000 0.816 0.249 0.042 0.000 0.067 0.001 0.570 0.001 0.002 0.032 0.000 0.000 0.005 0.000 0.001 0.000 0.001 0.003 0.001 0.000 0.000 0.000 0.000 0.042 0.001 0.003 0.000 0.000 0.002 0.014 0.001 0.003 0.001 0.094 0.003 0.000 0.000 0.000 0.000 0.000 0.000 0.000 0.001 0.001 0.000 0.000 
45 ladle_vis 30 0.845 0.675 0.028 0.000 0.001 0.806 0.001 0.101 0.000 0.001 0.006 0.000 0.735 0.092 0.057 0.000 0.091 0.002 0.220 0.001 0.001 0.025 0.000 0.000 0.003 0.000 0.002 0.000 0.001 0.001 0.001 0.000 0.000 0.000 0.001 0.033 0.001 0.002 0.000 0.000 0.001 0.019 0.000 0.002 0.001 0.253 0.013 0.000 0.000 0.000 0.000 0.000 0.000 0.001 0.001 0.003 0.000 0.000 
46 knife_vis 30 0.605 0.443 0.033 0.000 0.001 0.846 0.000 0.332 0.001 0.001 0.007 0.001 0.526 0.067 0.092 0.001 0.179 0.002 0.043 0.001 0.002 0.031 0.000 0.000 0.001 0.000 0.003 0.000 0.001 0.002 0.001 0.000 0.000 0.000 0.000 0.010 0.001 0.003 0.000 0.000 0.002 0.025 0.001 0.003 0.003 0.721 0.036 0.000 0.000 0.001 0.000 0.000 0.000 0.001 0.001 0.018 0.000 0.000 
47 chopsticks_vis 30 0.981 0.961 0.360 0.000 0.001 0.001 0.000 0.102 0.000 0.001 0.000 0.003 0.064 0.985 0.647 0.001 0.020 0.011 0.015 0.002 0.010 0.648 0.000 0.000 0.001 0.000 0.002 0.000 0.003 0.021 0.001 0.000 0.000 0.000 0.001 0.000 0.001 0.003 0.000 0.000 0.002 0.893 0.001 0.019 0.001 0.032 0.007 0.000 0.000 0.000 0.000 0.000 0.000 0.000 0.001 0.001 0.000 0.000 
