0 beaver_vis 30 0.994 0.029 0.002 0.007 0.994 0.010 0.000 0.005 0.362 0.011 0.001 0.004 0.002 0.019 0.002 0.056 0.050 0.000 0.001 0.001 0.026 0.002 0.009 0.348 0.001 0.001 0.151 0.015 0.422 0.173 0.945 0.007 0.219 0.278 0.000 0.001 0.001 0.000 0.000 0.000 0.001 0.007 0.011 0.000 0.000 0.026 0.842 0.001 0.004 0.284 0.008 0.002 0.001 0.070 0.001 0.133 0.132 0.000 
1 bear_vis 30 0.992 0.013 0.001 0.003 0.994 0.030 0.000 0.007 0.005 0.013 0.001 0.001 0.001 0.010 0.005 0.001 0.012 0.000 0.000 0.001 0.009 0.002 0.004 0.128 0.001 0.001 0.015 0.016 0.054 0.077 0.947 0.001 0.485 0.517 0.000 0.000 0.000 0.000 0.000 0.000 0.001 0.002 0.028 0.000 0.001 0.040 0.769 0.000 0.001 0.009 0.001 0.002 0.001 0.013 0.002 0.268 0.204 0.000 
2 sheep_vis 30 0.992 0.017 0.002 0.007 0.994 0.019 0.000 0.006 0.408 0.009 0.001 0.004 0.002 0.009 0.001 0.046 0.035 0.000 0.001 0.001 0.022 0.002 0.010 0.186 0.001 0.001 0.112 0.008 0.538 0.146 0.885 0.006 0.144 0.073 0.000 0.000 0.001 0.000 0.000 0.000 0.001 0.006 0.010 0.000 0.001 0.038 0.811 0.001 0.001 0.597 0.004 0.002 0.001 0.082 0.001 0.073 0.049 0.000 
3 buffalo_vis 30 0.447 0.003 0.001 0.001 0.960 0.810 0.000 0.020 0.000 0.904 0.001 0.001 0.000 0.002 0.019 0.000 0.004 0.000 0.000 0.001 0.007 0.000 0.002 0.002 0.000 0.000 0.002 0.003 0.001 0.010 0.016 0.003 0.087 0.774 0.000 0.044 0.027 0.005 0.000 0.003 0.016 0.001 0.864 0.001 0.001 0.001 0.004 0.000 0.001 0.000 0.001 0.001 0.002 0.006 0.941 0.001 0.691 0.029 
4 poodle_vis 30 0.281 0.001 0.004 0.001 0.941 0.994 0.020 0.143 0.000 0.976 0.000 0.001 0.000 0.015 0.128 0.000 0.004 0.000 0.000 0.016 0.506 0.001 0.002 0.002 0.001 0.000 0.001 0.011 0.001 0.006 0.062 0.043 0.557 0.927 0.000 0.651 0.120 0.073 0.000 0.013 0.008 0.002 0.854 0.041 0.001 0.001 0.003 0.000 0.053 0.000 0.000 0.001 0.004 0.010 0.873 0.003 0.878 0.853 
5 giraffe_vis 30 0.980 0.007 0.001 0.002 0.990 0.025 0.000 0.005 0.263 0.040 0.001 0.006 0.000 0.003 0.003 0.016 0.005 0.000 0.000 0.001 0.038 0.001 0.002 0.015 0.000 0.001 0.004 0.011 0.043 0.014 0.789 0.006 0.053 0.103 0.000 0.001 0.002 0.001 0.000 0.000 0.001 0.001 0.038 0.000 0.001 0.017 0.673 0.000 0.003 0.102 0.003 0.001 0.001 0.009 0.020 0.011 0.062 0.000 
6 robin_vis 30 0.908 0.004 0.002 0.010 0.977 0.369 0.000 0.847 0.186 0.004 0.001 0.004 0.002 0.007 0.001 0.002 0.023 0.002 0.001 0.001 0.003 0.000 0.021 0.070 0.001 0.000 0.063 0.001 0.366 0.080 0.761 0.003 0.228 0.024 0.000 0.000 0.000 0.000 0.000 0.000 0.001 0.032 0.079 0.000 0.002 0.926 0.831 0.000 0.000 0.058 0.000 0.335 0.001 0.015 0.000 0.014 0.002 0.000 
7 swan_vis 30 0.791 0.005 0.001 0.006 0.952 0.610 0.000 0.934 0.405 0.004 0.001 0.016 0.001 0.007 0.001 0.004 0.012 0.001 0.000 0.001 0.008 0.000 0.012 0.067 0.000 0.001 0.020 0.002 0.110 0.049 0.914 0.003 0.197 0.046 0.000 0.000 0.001 0.000 0.000 0.000 0.001 0.023 0.123 0.000 0.004 0.908 0.874 0.000 0.001 0.010 0.000 0.433 0.001 0.006 0.000 0.013 0.002 0.000 
8 woodpecker_vis 30 0.986 0.003 0.002 0.011 0.993 0.464 0.000 0.713 0.002 0.003 0.001 0.001 0.003 0.008 0.001 0.001 0.038 0.000 0.001 0.001 0.002 0.000 0.031 0.066 0.001 0.000 0.048 0.001 0.174 0.153 0.751 0.001 0.662 0.082 0.000 0.000 0.000 0.000 0.000 0.000 0.001 0.039 0.131 0.000 0.001 0.789 0.624 0.000 0.000 0.005 0.000 0.105 0.001 0.026 0.000 0.050 0.002 0.000 
9 peacock_vis 30 0.478 0.002 0.001 0.004 0.922 0.947 0.000 0.847 0.245 0.005 0.001 0.000 0.001 0.003 0.001 0.001 0.012 0.000 0.000 0.001 0.002 0.000 0.012 0.014 0.001 0.000 0.009 0.001 0.034 0.049 0.267 0.001 0.310 0.027 0.000 0.000 0.000 0.000 0.000 0.000 0.001 0.010 0.098 0.000 0.004 0.883 0.848 0.000 0.000 0.065 0.000 0.431 0.001 0.010 0.001 0.031 0.003 0.000 
10 crow_vis 30 0.017 0.002 0.001 0.002 0.267 0.995 0.000 0.981 0.536 0.022 0.000 0.008 0.002 0.002 0.001 0.001 0.003 0.005 0.000 0.001 0.000 0.000 0.003 0.007 0.001 0.000 0.002 0.001 0.031 0.008 0.055 0.001 0.030 0.008 0.000 0.000 0.000 0.000 0.000 0.000 0.001 0.054 0.767 0.001 0.004 0.863 0.673 0.000 0.001 0.002 0.001 0.473 0.001 0.012 0.005 0.011 0.002 0.000 
11 eagle_vis 30 0.988 0.009 0.001 0.009 0.991 0.054 0.000 0.729 0.022 0.005 0.001 0.007 0.001 0.006 0.001 0.010 0.016 0.001 0.000 0.001 0.012 0.000 0.012 0.134 0.000 0.001 0.050 0.004 0.275 0.056 0.932 0.004 0.281 0.056 0.000 0.000 0.000 0.000 0.000 0.000 0.001 0.020 0.100 0.000 0.001 0.877 0.779 0.000 0.000 0.014 0.000 0.132 0.001 0.006 0.000 0.010 0.002 0.000 
12 tuna_vis 30 0.425 0.002 0.001 0.005 0.906 0.920 0.000 0.830 0.405 0.004 0.001 0.000 0.001 0.002 0.001 0.001 0.008 0.001 0.000 0.001 0.002 0.001 0.010 0.018 0.001 0.000 0.013 0.001 0.112 0.046 0.304 0.001 0.179 0.020 0.000 0.000 0.000 0.000 0.000 0.000 0.001 0.009 0.069 0.000 0.006 0.917 0.871 0.000 0.000 0.163 0.000 0.478 0.001 0.008 0.001 0.023 0.002 0.000 
13 goldfish_vis 30 0.991 0.049 0.001 0.010 0.994 0.010 0.000 0.031 0.073 0.005 0.001 0.043 0.001 0.001 0.001 0.116 0.006 0.001 0.000 0.001 0.028 0.004 0.006 0.079 0.001 0.001 0.087 0.041 0.634 0.044 0.932 0.016 0.069 0.045 0.000 0.004 0.000 0.001 0.000 0.000 0.001 0.004 0.033 0.000 0.001 0.162 0.302 0.001 0.040 0.020 0.003 0.003 0.001 0.005 0.001 0.049 0.003 0.000 
14 salmon_vis 30 0.049 0.001 0.001 0.002 0.621 0.991 0.000 0.942 0.777 0.009 0.001 0.002 0.001 0.001 0.001 0.000 0.004 0.011 0.000 0.001 0.000 0.000 0.004 0.006 0.001 0.000 0.005 0.000 0.182 0.014 0.078 0.001 0.032 0.008 0.000 0.000 0.000 0.000 0.000 0.000 0.001 0.018 0.098 0.000 0.014 0.931 0.941 0.000 0.000 0.091 0.001 0.699 0.001 0.014 0.001 0.008 0.001 0.000 
15 sardine_vis 30 0.698 0.007 0.001 0.011 0.963 0.569 0.000 0.923 0.400 0.004 0.001 0.003 0.002 0.002 0.001 0.010 0.007 0.002 0.000 0.001 0.006 0.001 0.008 0.038 0.001 0.000 0.052 0.005 0.333 0.041 0.741 0.003 0.114 0.014 0.000 0.000 0.000 0.000 0.000 0.000 0.001 0.019 0.077 0.000 0.010 0.952 0.757 0.000 0.001 0.047 0.000 0.470 0.001 0.005 0.001 0.024 0.001 0.000 
16 catfish_vis 30 0.992 0.075 0.001 0.006 0.994 0.007 0.000 0.010 0.029 0.008 0.001 0.056 0.001 0.001 0.003 0.090 0.007 0.000 0.000 0.001 0.042 0.006 0.004 0.064 0.001 0.002 0.076 0.112 0.602 0.039 0.935 0.024 0.056 0.168 0.000 0.014 0.001 0.001 0.000 0.001 0.001 0.001 0.031 0.000 0.001 0.028 0.214 0.002 0.036 0.009 0.003 0.001 0.001 0.005 0.003 0.030 0.011 0.000 
17 cod_vis 30 0.096 0.002 0.001 0.003 0.613 0.979 0.000 0.906 0.771 0.005 0.001 0.002 0.001 0.001 0.001 0.001 0.005 0.014 0.000 0.001 0.001 0.000 0.006 0.008 0.001 0.000 0.008 0.000 0.233 0.021 0.089 0.001 0.036 0.009 0.000 0.000 0.000 0.000 0.000 0.000 0.001 0.013 0.063 0.000 0.018 0.942 0.937 0.000 0.000 0.189 0.001 0.720 0.001 0.010 0.001 0.006 0.001 0.000 
18 turtle_vis 30 0.061 0.003 0.001 0.001 0.610 0.971 0.000 0.973 0.787 0.016 0.001 0.037 0.000 0.001 0.001 0.001 0.002 0.006 0.000 0.001 0.001 0.000 0.002 0.005 0.000 0.000 0.003 0.001 0.127 0.005 0.429 0.003 0.014 0.016 0.000 0.000 0.000 0.000 0.000 0.000 0.001 0.021 0.144 0.001 0.037 0.904 0.946 0.000 0.001 0.009 0.001 0.727 0.001 0.006 0.010 0.003 0.002 0.000 
19 rattlesnake_vis 30 0.036 0.001 0.001 0.001 0.599 0.988 0.000 0.984 0.608 0.038 0.000 0.025 0.000 0.001 0.001 0.001 0.002 0.003 0.000 0.002 0.001 0.000 0.002 0.004 0.000 0.000 0.002 0.001 0.076 0.003 0.340 0.002 0.019 0.015 0.000 0.000 0.000 0.000 0.000 0.000 0.001 0.024 0.302 0.001 0.024 0.841 0.902 0.000 0.001 0.003 0.001 0.632 0.001 0.008 0.023 0.003 0.002 0.001 
20 crab_vis 30 0.347 0.004 0.001 0.004 0.816 0.904 0.000 0.931 0.687 0.004 0.001 0.005 0.001 0.002 0.001 0.002 0.004 0.001 0.000 0.001 0.004 0.000 0.006 0.021 0.001 0.000 0.006 0.002 0.074 0.020 0.624 0.001 0.074 0.019 0.000 0.000 0.000 0.000 0.000 0.000 0.001 0.007 0.085 0.000 0.010 0.929 0.935 0.000 0.001 0.068 0.000 0.620 0.001 0.004 0.001 0.009 0.001 0.000 
21 frog_vis 30 0.007 0.008 0.001 0.012 0.144 0.993 0.000 0.957 0.935 0.010 0.000 0.023 0.012 0.001 0.001 0.002 0.002 0.014 0.000 0.001 0.000 0.000 0.002 0.017 0.002 0.000 0.003 0.001 0.089 0.006 0.037 0.001 0.005 0.004 0.000 0.000 0.000 0.000 0.001 0.000 0.001 0.020 0.275 0.000 0.083 0.942 0.984 0.000 0.000 0.088 0.001 0.864 0.001 0.011 0.006 0.007 0.001 0.000 
22 gecko_vis 30 0.029 0.001 0.001 0.002 0.547 0.991 0.000 0.951 0.853 0.011 0.000 0.004 0.001 0.001 0.001 0.001 0.002 0.014 0.000 0.001 0.000 0.000 0.003 0.006 0.001 0.000 0.004 0.000 0.197 0.007 0.116 0.001 0.023 0.006 0.000 0.000 0.000 0.000 0.000 0.000 0.001 0.026 0.085 0.000 0.029 0.944 0.968 0.000 0.000 0.084 0.001 0.787 0.001 0.013 0.002 0.010 0.001 0.000 
23 crocodile_vis 30 0.027 0.001 0.001 0.002 0.506 0.991 0.000 0.954 0.846 0.014 0.000 0.005 0.001 0.001 0.001 0.001 0.003 0.012 0.000 0.001 0.000 0.000 0.003 0.006 0.001 0.000 0.003 0.000 0.163 0.006 0.106 0.001 0.022 0.006 0.000 0.000 0.000 0.000 0.000 0.000 0.001 0.022 0.096 0.001 0.027 0.938 0.968 0.000 0.000 0.067 0.001 0.777 0.001 0.017 0.002 0.009 0.001 0.000 
24 axe_vis 30 0.038 0.001 0.002 0.001 0.946 0.995 0.001 0.020 0.001 0.992 0.000 0.000 0.000 0.001 0.009 0.000 0.002 0.000 0.000 0.003 0.004 0.008 0.001 0.001 0.001 0.000 0.001 0.001 0.018 0.010 0.004 0.001 0.072 0.912 0.000 0.011 0.001 0.024 0.000 0.045 0.002 0.001 0.697 0.001 0.001 0.001 0.003 0.000 0.000 0.000 0.001 0.001 0.053 0.011 0.925 0.003 0.897 0.458 
25 hammer_vis 30 0.026 0.001 0.001 0.001 0.936 0.991 0.000 0.021 0.000 0.991 0.000 0.000 0.000 0.001 0.002 0.000 0.001 0.000 0.000 0.002 0.001 0.002 0.001 0.001 0.001 0.000 0.001 0.001 0.015 0.008 0.001 0.001 0.029 0.788 0.000 0.003 0.001 0.010 0.000 0.034 0.002 0.001 0.761 0.001 0.001 0.001 0.002 0.000 0.000 0.000 0.001 0.001 0.065 0.003 0.978 0.001 0.471 0.237 
26 screwdriver_vis 30 0.017 0.001 0.001 0.001 0.893 0.991 0.000 0.017 0.001 0.993 0.000 0.000 0.000 0.001 0.002 0.000 0.003 0.000 0.000 0.002 0.000 0.002 0.001 0.002 0.001 0.000 0.001 0.001 0.008 0.010 0.001 0.000 0.015 0.686 0.000 0.001 0.001 0.008 0.000 0.029 0.002 0.002 0.852 0.000 0.001 0.001 0.004 0.000 0.000 0.000 0.001 0.002 0.080 0.019 0.977 0.002 0.449 0.079 
27 chisel_vis 30 0.043 0.001 0.004 0.001 0.952 0.995 0.001 0.026 0.000 0.992 0.000 0.000 0.000 0.001 0.013 0.000 0.002 0.000 0.000 0.006 0.009 0.024 0.001 0.001 0.001 0.000 0.001 0.001 0.026 0.010 0.006 0.001 0.140 0.940 0.000 0.027 0.001 0.048 0.000 0.078 0.002 0.001 0.620 0.002 0.001 0.001 0.002 0.000 0.000 0.000 0.000 0.001 0.045 0.006 0.850 0.006 0.911 0.731 
28 saw_vis 30 0.023 0.001 0.001 0.001 0.928 0.992 0.000 0.020 0.000 0.992 0.000 0.000 0.000 0.001 0.003 0.000 0.002 0.000 0.000 0.002 0.001 0.005 0.001 0.001 0.001 0.000 0.001 0.001 0.013 0.009 0.001 0.000 0.034 0.812 0.000 0.004 0.001 0.019 0.000 0.053 0.002 0.001 0.785 0.001 0.001 0.001 0.002 0.000 0.000 0.000 0.001 0.001 0.068 0.005 0.977 0.002 0.604 0.308 
29 drill_vis 30 0.036 0.001 0.002 0.001 0.933 0.994 0.001 0.019 0.001 0.993 0.000 0.000 0.000 0.001 0.017 0.000 0.002 0.000 0.000 0.003 0.006 0.011 0.001 0.001 0.001 0.000 0.001 0.001 0.015 0.010 0.005 0.001 0.080 0.929 0.000 0.022 0.001 0.031 0.000 0.048 0.002 0.001 0.740 0.001 0.001 0.001 0.003 0.000 0.000 0.000 0.001 0.001 0.050 0.005 0.921 0.003 0.920 0.540 
30 clamp_vis 30 0.014 0.001 0.001 0.001 0.820 0.995 0.000 0.994 0.000 0.272 0.000 0.000 0.000 0.001 0.001 0.000 0.001 0.000 0.000 0.001 0.000 0.001 0.001 0.001 0.000 0.000 0.001 0.001 0.013 0.004 0.001 0.000 0.091 0.255 0.000 0.000 0.000 0.001 0.000 0.000 0.004 0.002 0.988 0.010 0.002 0.017 0.002 0.000 0.000 0.000 0.000 0.006 0.002 0.001 0.398 0.001 0.023 0.008 
31 hoe_vis 30 0.025 0.001 0.001 0.001 0.592 0.996 0.000 0.991 0.018 0.090 0.000 0.002 0.000 0.002 0.000 0.001 0.003 0.001 0.000 0.001 0.009 0.000 0.002 0.005 0.000 0.000 0.001 0.000 0.016 0.008 0.271 0.001 0.063 0.016 0.000 0.001 0.000 0.000 0.000 0.000 0.002 0.014 0.881 0.007 0.001 0.629 0.032 0.000 0.035 0.001 0.000 0.054 0.001 0.009 0.026 0.003 0.004 0.000 
32 rake_vis 30 0.014 0.001 0.001 0.001 0.765 0.995 0.000 0.993 0.001 0.177 0.000 0.000 0.000 0.001 0.001 0.000 0.001 0.000 0.000 0.001 0.000 0.000 0.001 0.001 0.000 0.000 0.001 0.001 0.014 0.004 0.003 0.000 0.058 0.112 0.000 0.000 0.000 0.000 0.000 0.000 0.003 0.004 0.981 0.003 0.002 0.101 0.004 0.000 0.000 0.000 0.000 0.013 0.002 0.002 0.211 0.001 0.009 0.002 
33 shovel_vis 30 0.014 0.001 0.001 0.001 0.836 0.995 0.000 0.994 0.000 0.369 0.000 0.000 0.000 0.001 0.001 0.000 0.002 0.000 0.000 0.002 0.000 0.000 0.002 0.001 0.000 0.000 0.001 0.001 0.011 0.004 0.001 0.000 0.111 0.352 0.000 0.000 0.000 0.001 0.000 0.000 0.004 0.002 0.990 0.014 0.001 0.004 0.002 0.000 0.000 0.000 0.000 0.004 0.003 0.003 0.548 0.001 0.019 0.010 
34 spade_vis 30 0.017 0.001 0.001 0.001 0.876 0.996 0.000 0.992 0.000 0.274 0.000 0.000 0.000 0.001 0.001 0.000 0.002 0.000 0.000 0.001 0.000 0.000 0.001 0.001 0.000 0.000 0.001 0.001 0.006 0.004 0.002 0.000 0.108 0.176 0.000 0.000 0.000 0.001 0.000 0.000 0.003 0.003 0.986 0.003 0.002 0.018 0.005 0.000 0.000 0.000 0.000 0.008 0.002 0.003 0.312 0.001 0.014 0.002 
35 wrench_vis 30 0.010 0.001 0.001 0.001 0.419 0.995 0.000 0.979 0.230 0.046 0.000 0.001 0.001 0.001 0.000 0.000 0.002 0.011 0.000 0.000 0.001 0.000 0.001 0.004 0.001 0.000 0.002 0.000 0.067 0.007 0.020 0.001 0.021 0.005 0.000 0.000 0.000 0.000 0.000 0.000 0.001 0.013 0.718 0.001 0.001 0.799 0.282 0.000 0.001 0.012 0.001 0.179 0.001 0.016 0.007 0.003 0.002 0.000 
36 accordion_vis 30 0.006 0.002 0.001 0.003 0.215 0.996 0.000 0.948 0.789 0.095 0.000 0.002 0.002 0.002 0.000 0.001 0.004 0.004 0.000 0.000 0.000 0.000 0.003 0.019 0.001 0.000 0.002 0.000 0.025 0.030 0.021 0.000 0.009 0.003 0.000 0.000 0.000 0.000 0.001 0.000 0.001 0.014 0.601 0.000 0.002 0.742 0.975 0.000 0.000 0.060 0.001 0.505 0.001 0.097 0.008 0.012 0.002 0.000 
37 cello_vis 30 0.003 0.004 0.001 0.009 0.056 0.995 0.000 0.980 0.856 0.005 0.000 0.004 0.015 0.001 0.000 0.002 0.001 0.047 0.000 0.000 0.001 0.000 0.001 0.027 0.004 0.000 0.004 0.000 0.063 0.013 0.007 0.001 0.003 0.002 0.000 0.000 0.000 0.000 0.001 0.000 0.002 0.006 0.883 0.001 0.005 0.916 0.550 0.001 0.001 0.113 0.002 0.383 0.001 0.007 0.005 0.002 0.001 0.000 
38 flute_vis 30 0.006 0.001 0.001 0.001 0.135 0.995 0.000 0.868 0.580 0.025 0.000 0.002 0.002 0.001 0.000 0.001 0.002 0.056 0.000 0.000 0.001 0.000 0.001 0.008 0.001 0.000 0.003 0.000 0.084 0.010 0.015 0.001 0.006 0.003 0.000 0.000 0.000 0.000 0.001 0.000 0.002 0.009 0.724 0.003 0.001 0.767 0.205 0.000 0.004 0.042 0.004 0.065 0.001 0.018 0.008 0.002 0.002 0.000 
39 guitar_vis 30 0.005 0.002 0.001 0.010 0.103 0.996 0.000 0.968 0.898 0.026 0.000 0.003 0.018 0.001 0.000 0.005 0.002 0.101 0.000 0.000 0.004 0.000 0.002 0.073 0.003 0.000 0.004 0.000 0.094 0.017 0.036 0.001 0.011 0.002 0.000 0.000 0.000 0.000 0.001 0.000 0.001 0.009 0.495 0.001 0.002 0.908 0.863 0.000 0.001 0.601 0.001 0.492 0.001 0.074 0.004 0.008 0.002 0.000 
40 piano_vis 30 0.003 0.004 0.001 0.011 0.055 0.995 0.000 0.968 0.938 0.007 0.000 0.003 0.017 0.001 0.000 0.002 0.002 0.048 0.000 0.000 0.001 0.000 0.001 0.036 0.003 0.000 0.004 0.000 0.067 0.012 0.006 0.001 0.003 0.002 0.000 0.000 0.000 0.000 0.001 0.000 0.001 0.004 0.762 0.001 0.005 0.915 0.843 0.001 0.000 0.341 0.002 0.482 0.001 0.015 0.004 0.002 0.001 0.000 
41 trumpet_vis 30 0.003 0.003 0.001 0.006 0.079 0.995 0.000 0.978 0.843 0.013 0.000 0.002 0.010 0.001 0.000 0.002 0.001 0.032 0.000 0.000 0.001 0.000 0.001 0.022 0.003 0.000 0.003 0.000 0.054 0.012 0.006 0.001 0.003 0.002 0.000 0.000 0.000 0.000 0.001 0.000 0.002 0.006 0.856 0.001 0.004 0.890 0.658 0.000 0.000 0.135 0.001 0.381 0.001 0.014 0.006 0.002 0.001 0.000 
42 fork_vis 30 0.028 0.001 0.001 0.001 0.944 0.994 0.000 0.012 0.001 0.995 0.001 0.000 0.000 0.001 0.004 0.000 0.002 0.000 0.000 0.001 0.001 0.001 0.001 0.001 0.001 0.000 0.002 0.001 0.020 0.021 0.001 0.001 0.015 0.868 0.000 0.001 0.003 0.007 0.000 0.012 0.002 0.001 0.768 0.000 0.001 0.001 0.008 0.000 0.000 0.001 0.001 0.001 0.106 0.027 0.963 0.001 0.936 0.012 
43 spoon_vis 30 0.017 0.001 0.001 0.001 0.923 0.995 0.000 0.010 0.003 0.995 0.001 0.000 0.000 0.001 0.004 0.000 0.006 0.000 0.000 0.001 0.000 0.001 0.001 0.002 0.001 0.000 0.002 0.001 0.011 0.060 0.001 0.000 0.005 0.835 0.000 0.001 0.002 0.013 0.001 0.021 0.003 0.002 0.912 0.000 0.001 0.001 0.023 0.001 0.000 0.001 0.002 0.002 0.218 0.070 0.983 0.002 0.914 0.005 
44 tongs_vis 30 0.030 0.001 0.004 0.001 0.939 0.994 0.001 0.021 0.001 0.993 0.001 0.000 0.000 0.001 0.012 0.000 0.001 0.000 0.000 0.006 0.006 0.032 0.001 0.001 0.001 0.000 0.001 0.001 0.026 0.015 0.004 0.001 0.122 0.927 0.000 0.024 0.001 0.058 0.000 0.105 0.002 0.001 0.701 0.002 0.001 0.001 0.002 0.000 0.000 0.000 0.001 0.001 0.067 0.003 0.889 0.007 0.881 0.737 
45 ladle_vis 30 0.029 0.001 0.001 0.001 0.902 0.995 0.000 0.971 0.001 0.717 0.000 0.000 0.000 0.001 0.004 0.000 0.006 0.000 0.000 0.002 0.001 0.001 0.001 0.002 0.000 0.000 0.002 0.001 0.005 0.015 0.005 0.000 0.159 0.810 0.000 0.001 0.001 0.001 0.000 0.000 0.010 0.002 0.985 0.023 0.001 0.003 0.009 0.000 0.000 0.000 0.000 0.004 0.009 0.012 0.470 0.002 0.307 0.018 
46 knife_vis 30 0.035 0.001 0.004 0.001 0.934 0.995 0.002 0.018 0.001 0.994 0.001 0.000 0.000 0.001 0.024 0.000 0.003 0.000 0.000 0.004 0.012 0.018 0.001 0.001 0.001 0.000 0.002 0.001 0.021 0.016 0.005 0.001 0.111 0.940 0.000 0.018 0.002 0.042 0.000 0.057 0.002 0.001 0.663 0.001 0.001 0.001 0.005 0.000 0.000 0.001 0.001 0.001 0.064 0.012 0.851 0.004 0.967 0.536 
47 chopsticks_vis 30 0.028 0.001 0.001 0.001 0.942 0.994 0.000 0.013 0.001 0.994 0.001 0.000 0.000 0.001 0.004 0.000 0.002 0.000 0.000 0.001 0.001 0.001 0.001 0.001 0.001 0.000 0.002 0.001 0.016 0.012 0.001 0.001 0.023 0.857 0.000 0.001 0.001 0.010 0.000 0.019 0.002 0.001 0.730 0.000 0.001 0.001 0.004 0.000 0.000 0.000 0.001 0.001 0.078 0.005 0.965 0.001 0.911 0.027 
