0 beaver_vis 30 0.629 0.000 0.022 0.927 0.004 0.154 0.001 0.001 0.993 0.000 0.000 0.000 0.000 0.000 0.000 0.000 0.711 0.000 0.001 0.002 0.000 0.000 0.046 0.001 0.001 0.089 0.000 0.000 0.000 0.004 0.000 0.000 0.001 0.006 0.000 0.009 0.001 0.000 0.000 0.055 0.000 0.004 0.001 0.003 0.002 0.000 0.170 0.001 0.001 0.001 0.989 0.001 0.001 0.000 0.000 0.000 0.002 0.000 
1 bear_vis 30 0.118 0.000 0.071 0.528 0.005 0.769 0.001 0.001 0.995 0.000 0.000 0.000 0.000 0.000 0.000 0.000 0.931 0.000 0.001 0.009 0.001 0.000 0.064 0.001 0.008 0.090 0.000 0.000 0.000 0.015 0.000 0.001 0.003 0.016 0.000 0.010 0.001 0.000 0.000 0.771 0.000 0.031 0.001 0.004 0.005 0.001 0.865 0.004 0.001 0.001 0.991 0.001 0.010 0.001 0.000 0.000 0.006 0.000 
2 sheep_vis 30 0.838 0.000 0.019 0.948 0.005 0.040 0.001 0.001 0.988 0.000 0.000 0.000 0.000 0.000 0.000 0.000 0.498 0.000 0.001 0.001 0.000 0.000 0.105 0.001 0.001 0.111 0.000 0.000 0.000 0.004 0.000 0.000 0.001 0.006 0.000 0.011 0.001 0.000 0.001 0.002 0.000 0.000 0.001 0.002 0.003 0.000 0.008 0.001 0.001 0.005 0.986 0.001 0.001 0.000 0.000 0.000 0.001 0.000 
3 buffalo_vis 30 0.178 0.000 0.049 0.472 0.006 0.532 0.002 0.001 0.994 0.000 0.000 0.000 0.001 0.000 0.000 0.000 0.718 0.000 0.001 0.005 0.000 0.000 0.077 0.001 0.002 0.067 0.000 0.001 0.000 0.011 0.000 0.001 0.005 0.023 0.000 0.015 0.001 0.000 0.001 0.059 0.000 0.001 0.004 0.005 0.008 0.002 0.230 0.002 0.001 0.011 0.990 0.001 0.002 0.001 0.000 0.000 0.003 0.000 
4 poodle_vis 30 0.154 0.000 0.052 0.584 0.004 0.613 0.001 0.001 0.995 0.000 0.000 0.000 0.000 0.000 0.000 0.000 0.882 0.000 0.001 0.004 0.000 0.000 0.044 0.001 0.003 0.076 0.000 0.000 0.000 0.008 0.000 0.001 0.002 0.015 0.000 0.011 0.001 0.000 0.000 0.549 0.000 0.011 0.001 0.005 0.003 0.001 0.697 0.002 0.001 0.001 0.990 0.001 0.005 0.001 0.000 0.000 0.003 0.000 
5 giraffe_vis 30 0.221 0.000 0.076 0.608 0.005 0.832 0.002 0.001 0.996 0.000 0.000 0.000 0.000 0.000 0.000 0.000 0.941 0.000 0.001 0.010 0.000 0.000 0.044 0.001 0.010 0.170 0.000 0.000 0.000 0.012 0.000 0.001 0.003 0.011 0.000 0.014 0.001 0.000 0.000 0.799 0.000 0.022 0.001 0.004 0.004 0.001 0.859 0.004 0.001 0.001 0.991 0.001 0.007 0.001 0.000 0.000 0.004 0.000 
6 robin_vis 30 0.989 0.000 0.062 0.985 0.052 0.003 0.004 0.001 0.134 0.000 0.000 0.000 0.000 0.000 0.001 0.000 0.848 0.000 0.001 0.001 0.000 0.000 0.382 0.002 0.002 0.184 0.000 0.000 0.000 0.012 0.000 0.000 0.002 0.082 0.000 0.082 0.000 0.002 0.001 0.009 0.000 0.000 0.001 0.000 0.005 0.000 0.003 0.001 0.000 0.000 0.533 0.001 0.007 0.006 0.000 0.000 0.000 0.000 
7 swan_vis 30 0.816 0.000 0.042 0.894 0.008 0.014 0.002 0.001 0.936 0.000 0.000 0.000 0.000 0.000 0.000 0.000 0.399 0.000 0.001 0.002 0.000 0.000 0.022 0.001 0.002 0.176 0.000 0.001 0.000 0.003 0.000 0.001 0.002 0.045 0.000 0.024 0.001 0.001 0.001 0.003 0.000 0.000 0.003 0.002 0.003 0.001 0.005 0.001 0.000 0.001 0.983 0.001 0.001 0.001 0.000 0.000 0.000 0.000 
8 woodpecker_vis 30 0.555 0.000 0.024 0.947 0.004 0.358 0.001 0.001 0.994 0.000 0.000 0.000 0.000 0.000 0.000 0.000 0.805 0.000 0.001 0.001 0.000 0.000 0.035 0.001 0.001 0.066 0.000 0.000 0.000 0.003 0.000 0.000 0.001 0.005 0.000 0.007 0.001 0.000 0.000 0.367 0.000 0.033 0.001 0.004 0.001 0.000 0.599 0.001 0.002 0.001 0.989 0.001 0.002 0.000 0.000 0.000 0.004 0.000 
9 peacock_vis 30 0.403 0.000 0.031 0.888 0.004 0.317 0.001 0.001 0.994 0.000 0.000 0.000 0.000 0.000 0.000 0.000 0.771 0.000 0.001 0.001 0.000 0.000 0.017 0.001 0.001 0.090 0.000 0.000 0.000 0.003 0.000 0.000 0.002 0.010 0.000 0.008 0.001 0.000 0.000 0.442 0.000 0.010 0.001 0.004 0.002 0.000 0.542 0.001 0.001 0.001 0.989 0.001 0.002 0.000 0.000 0.000 0.002 0.000 
10 crow_vis 30 0.168 0.000 0.046 0.260 0.006 0.776 0.009 0.001 0.993 0.000 0.000 0.000 0.001 0.000 0.000 0.000 0.562 0.000 0.001 0.018 0.000 0.000 0.043 0.001 0.005 0.156 0.000 0.001 0.000 0.020 0.000 0.003 0.003 0.013 0.000 0.081 0.002 0.001 0.009 0.011 0.000 0.000 0.060 0.009 0.008 0.002 0.029 0.002 0.002 0.072 0.990 0.001 0.001 0.001 0.000 0.000 0.001 0.000 
11 eagle_vis 30 0.516 0.000 0.034 0.825 0.005 0.084 0.002 0.001 0.986 0.000 0.000 0.000 0.000 0.000 0.000 0.000 0.431 0.000 0.001 0.002 0.000 0.000 0.016 0.001 0.001 0.133 0.000 0.000 0.000 0.004 0.000 0.000 0.002 0.022 0.000 0.016 0.001 0.001 0.000 0.009 0.000 0.000 0.003 0.004 0.003 0.001 0.022 0.001 0.000 0.001 0.988 0.001 0.001 0.000 0.000 0.000 0.000 0.000 
12 tuna_vis 30 0.181 0.000 0.097 0.793 0.005 0.873 0.001 0.001 0.996 0.000 0.000 0.000 0.000 0.000 0.000 0.000 0.919 0.000 0.001 0.004 0.000 0.000 0.029 0.001 0.003 0.129 0.000 0.000 0.000 0.005 0.001 0.001 0.002 0.017 0.000 0.014 0.001 0.000 0.000 0.788 0.000 0.022 0.001 0.004 0.003 0.001 0.847 0.003 0.001 0.001 0.991 0.001 0.006 0.001 0.000 0.000 0.003 0.000 
13 goldfish_vis 30 0.653 0.000 0.061 0.826 0.007 0.769 0.002 0.001 0.995 0.000 0.000 0.000 0.000 0.000 0.000 0.000 0.881 0.000 0.001 0.004 0.000 0.000 0.024 0.001 0.005 0.207 0.000 0.000 0.000 0.006 0.000 0.001 0.002 0.012 0.000 0.011 0.001 0.000 0.000 0.777 0.000 0.020 0.001 0.003 0.003 0.000 0.817 0.003 0.001 0.001 0.992 0.001 0.004 0.001 0.000 0.000 0.003 0.000 
14 salmon_vis 30 0.708 0.000 0.019 0.943 0.004 0.147 0.001 0.001 0.993 0.000 0.000 0.000 0.000 0.000 0.000 0.000 0.662 0.000 0.000 0.001 0.000 0.000 0.059 0.001 0.001 0.095 0.000 0.000 0.000 0.002 0.000 0.000 0.001 0.005 0.000 0.007 0.001 0.000 0.000 0.029 0.000 0.004 0.001 0.003 0.002 0.000 0.119 0.001 0.001 0.001 0.990 0.001 0.001 0.000 0.000 0.000 0.002 0.000 
15 sardine_vis 30 0.757 0.000 0.020 0.941 0.005 0.090 0.001 0.001 0.991 0.000 0.000 0.000 0.000 0.000 0.000 0.000 0.497 0.000 0.001 0.001 0.000 0.000 0.079 0.001 0.001 0.086 0.000 0.000 0.000 0.003 0.000 0.000 0.001 0.006 0.000 0.009 0.001 0.000 0.000 0.003 0.000 0.001 0.001 0.003 0.002 0.000 0.017 0.001 0.001 0.003 0.988 0.001 0.001 0.000 0.000 0.000 0.001 0.000 
16 catfish_vis 30 0.155 0.000 0.075 0.498 0.005 0.823 0.002 0.001 0.995 0.000 0.000 0.000 0.001 0.000 0.000 0.000 0.931 0.000 0.001 0.017 0.000 0.000 0.045 0.001 0.013 0.152 0.000 0.000 0.000 0.016 0.000 0.002 0.003 0.013 0.000 0.013 0.001 0.000 0.000 0.759 0.000 0.021 0.001 0.004 0.005 0.001 0.841 0.004 0.001 0.001 0.991 0.001 0.007 0.001 0.000 0.000 0.005 0.000 
17 cod_vis 30 0.600 0.000 0.021 0.912 0.005 0.262 0.001 0.001 0.993 0.000 0.000 0.000 0.000 0.000 0.000 0.000 0.500 0.000 0.001 0.001 0.000 0.000 0.103 0.001 0.001 0.059 0.000 0.000 0.000 0.004 0.000 0.000 0.001 0.005 0.000 0.009 0.001 0.000 0.001 0.004 0.000 0.001 0.001 0.004 0.002 0.001 0.026 0.001 0.003 0.008 0.989 0.001 0.001 0.000 0.000 0.000 0.002 0.000 
18 turtle_vis 30 0.229 0.000 0.045 0.717 0.004 0.431 0.001 0.001 0.994 0.000 0.000 0.000 0.000 0.000 0.000 0.000 0.816 0.000 0.001 0.003 0.000 0.000 0.029 0.000 0.002 0.080 0.000 0.000 0.000 0.004 0.000 0.001 0.002 0.018 0.000 0.009 0.001 0.000 0.000 0.462 0.000 0.009 0.001 0.004 0.003 0.001 0.608 0.001 0.001 0.001 0.990 0.001 0.004 0.001 0.000 0.000 0.003 0.000 
19 rattlesnake_vis 30 0.145 0.000 0.109 0.564 0.006 0.896 0.002 0.001 0.996 0.000 0.000 0.000 0.001 0.000 0.000 0.000 0.963 0.000 0.001 0.023 0.001 0.000 0.065 0.001 0.022 0.193 0.000 0.000 0.000 0.023 0.000 0.002 0.003 0.014 0.000 0.014 0.001 0.000 0.000 0.892 0.000 0.037 0.001 0.004 0.006 0.001 0.944 0.007 0.001 0.001 0.991 0.002 0.013 0.001 0.000 0.000 0.005 0.000 
20 crab_vis 30 0.610 0.000 0.025 0.959 0.004 0.393 0.001 0.001 0.994 0.000 0.000 0.000 0.000 0.000 0.000 0.000 0.829 0.000 0.000 0.001 0.000 0.000 0.032 0.001 0.001 0.072 0.000 0.000 0.000 0.002 0.000 0.000 0.001 0.005 0.000 0.006 0.001 0.000 0.000 0.450 0.000 0.043 0.001 0.003 0.001 0.000 0.660 0.001 0.002 0.000 0.990 0.001 0.002 0.000 0.000 0.000 0.004 0.000 
21 frog_vis 30 0.859 0.000 0.017 0.957 0.006 0.039 0.001 0.001 0.988 0.000 0.000 0.000 0.000 0.000 0.000 0.000 0.511 0.000 0.001 0.001 0.000 0.000 0.122 0.001 0.001 0.107 0.000 0.000 0.000 0.003 0.000 0.000 0.001 0.005 0.000 0.010 0.001 0.000 0.000 0.002 0.000 0.000 0.001 0.002 0.002 0.000 0.009 0.001 0.001 0.004 0.986 0.001 0.001 0.000 0.000 0.000 0.001 0.000 
22 gecko_vis 30 0.648 0.000 0.022 0.964 0.004 0.370 0.001 0.001 0.994 0.000 0.000 0.000 0.000 0.000 0.000 0.000 0.833 0.000 0.001 0.001 0.000 0.000 0.041 0.001 0.001 0.068 0.000 0.000 0.000 0.002 0.000 0.000 0.001 0.004 0.000 0.006 0.001 0.000 0.000 0.397 0.000 0.050 0.001 0.003 0.001 0.000 0.633 0.001 0.002 0.000 0.990 0.001 0.002 0.000 0.000 0.000 0.005 0.000 
23 crocodile_vis 30 0.501 0.000 0.029 0.933 0.004 0.331 0.001 0.001 0.994 0.000 0.000 0.000 0.000 0.000 0.000 0.000 0.814 0.000 0.000 0.001 0.000 0.000 0.014 0.000 0.001 0.095 0.000 0.000 0.000 0.002 0.000 0.000 0.001 0.008 0.000 0.006 0.001 0.000 0.000 0.591 0.000 0.022 0.001 0.004 0.001 0.000 0.687 0.001 0.001 0.000 0.990 0.001 0.002 0.000 0.000 0.000 0.002 0.000 
24 axe_vis 30 0.348 0.000 0.015 0.059 0.490 0.508 0.001 0.001 0.995 0.000 0.000 0.002 0.047 0.000 0.002 0.000 0.295 0.000 0.001 0.005 0.001 0.000 0.015 0.000 0.004 0.041 0.000 0.000 0.000 0.588 0.006 0.094 0.006 0.066 0.000 0.031 0.001 0.001 0.003 0.004 0.000 0.001 0.237 0.002 0.003 0.196 0.152 0.002 0.001 0.010 0.988 0.066 0.003 0.002 0.000 0.000 0.001 0.002 
25 hammer_vis 30 0.009 0.000 0.004 0.010 0.010 0.986 0.792 0.001 0.750 0.000 0.000 0.000 0.001 0.001 0.000 0.000 0.036 0.000 0.001 0.004 0.000 0.000 0.001 0.000 0.001 0.042 0.000 0.001 0.000 0.006 0.005 0.008 0.003 0.001 0.000 0.875 0.030 0.001 0.017 0.007 0.000 0.000 0.412 0.001 0.001 0.000 0.002 0.001 0.001 0.042 0.968 0.001 0.000 0.001 0.001 0.000 0.001 0.002 
26 screwdriver_vis 30 0.353 0.000 0.022 0.562 0.010 0.296 0.001 0.001 0.994 0.000 0.000 0.000 0.000 0.000 0.000 0.000 0.526 0.000 0.001 0.003 0.000 0.000 0.050 0.001 0.001 0.061 0.000 0.000 0.000 0.006 0.000 0.001 0.004 0.023 0.000 0.013 0.001 0.000 0.001 0.034 0.000 0.003 0.005 0.003 0.003 0.001 0.249 0.002 0.001 0.003 0.989 0.002 0.002 0.001 0.000 0.000 0.004 0.000 
27 chisel_vis 30 0.098 0.000 0.008 0.018 0.736 0.967 0.018 0.001 0.993 0.000 0.000 0.003 0.034 0.000 0.000 0.000 0.203 0.000 0.001 0.005 0.001 0.000 0.004 0.000 0.002 0.028 0.000 0.000 0.001 0.100 0.222 0.065 0.057 0.070 0.000 0.427 0.009 0.000 0.001 0.242 0.000 0.004 0.213 0.001 0.003 0.002 0.042 0.036 0.000 0.012 0.990 0.001 0.015 0.001 0.001 0.000 0.015 0.000 
28 saw_vis 30 0.327 0.000 0.032 0.476 0.012 0.523 0.001 0.001 0.994 0.000 0.000 0.000 0.001 0.000 0.000 0.000 0.468 0.000 0.001 0.003 0.000 0.000 0.025 0.000 0.001 0.070 0.000 0.001 0.000 0.073 0.000 0.001 0.002 0.020 0.000 0.027 0.001 0.002 0.001 0.004 0.000 0.001 0.043 0.018 0.002 0.030 0.139 0.001 0.001 0.006 0.986 0.037 0.001 0.001 0.000 0.000 0.000 0.000 
29 drill_vis 30 0.660 0.000 0.006 0.091 0.401 0.025 0.001 0.001 0.949 0.000 0.000 0.000 0.004 0.000 0.000 0.000 0.118 0.000 0.001 0.002 0.000 0.000 0.003 0.000 0.001 0.020 0.000 0.000 0.000 0.005 0.017 0.017 0.017 0.112 0.000 0.008 0.001 0.000 0.000 0.255 0.000 0.023 0.002 0.001 0.001 0.001 0.378 0.001 0.000 0.000 0.989 0.001 0.005 0.001 0.000 0.000 0.023 0.000 
30 clamp_vis 30 0.005 0.000 0.005 0.008 0.003 0.992 0.903 0.001 0.962 0.000 0.000 0.000 0.000 0.000 0.000 0.000 0.049 0.000 0.001 0.009 0.000 0.000 0.003 0.001 0.001 0.182 0.000 0.001 0.000 0.004 0.000 0.001 0.002 0.001 0.000 0.945 0.043 0.001 0.004 0.008 0.000 0.000 0.123 0.001 0.002 0.000 0.002 0.003 0.001 0.068 0.965 0.001 0.001 0.001 0.001 0.000 0.000 0.001 
31 hoe_vis 30 0.104 0.000 0.517 0.425 0.129 0.990 0.051 0.001 0.996 0.000 0.000 0.000 0.001 0.000 0.000 0.000 0.972 0.000 0.001 0.028 0.004 0.000 0.071 0.001 0.019 0.260 0.000 0.001 0.000 0.056 0.012 0.002 0.009 0.033 0.000 0.894 0.027 0.000 0.000 0.916 0.000 0.025 0.015 0.001 0.008 0.001 0.816 0.577 0.001 0.002 0.992 0.001 0.068 0.001 0.001 0.000 0.003 0.000 
32 rake_vis 30 0.006 0.000 0.007 0.010 0.003 0.990 0.932 0.001 0.972 0.000 0.000 0.000 0.000 0.000 0.000 0.000 0.067 0.000 0.001 0.011 0.000 0.000 0.003 0.001 0.001 0.224 0.000 0.001 0.000 0.005 0.000 0.001 0.002 0.001 0.000 0.963 0.062 0.001 0.004 0.008 0.000 0.000 0.169 0.001 0.002 0.000 0.002 0.003 0.001 0.087 0.975 0.001 0.001 0.001 0.001 0.000 0.000 0.001 
33 shovel_vis 30 0.008 0.000 0.010 0.013 0.003 0.989 0.932 0.001 0.979 0.000 0.000 0.000 0.000 0.000 0.000 0.000 0.090 0.000 0.001 0.011 0.000 0.000 0.004 0.001 0.001 0.228 0.000 0.001 0.000 0.005 0.001 0.001 0.002 0.001 0.000 0.967 0.081 0.001 0.003 0.010 0.000 0.000 0.212 0.001 0.002 0.000 0.002 0.004 0.001 0.097 0.981 0.001 0.001 0.001 0.001 0.000 0.000 0.001 
34 spade_vis 30 0.812 0.000 0.378 0.879 0.022 0.970 0.007 0.001 0.995 0.000 0.000 0.000 0.000 0.000 0.000 0.000 0.622 0.000 0.001 0.007 0.001 0.000 0.019 0.001 0.002 0.510 0.000 0.001 0.000 0.005 0.001 0.001 0.004 0.022 0.000 0.811 0.026 0.000 0.000 0.083 0.000 0.000 0.023 0.001 0.006 0.001 0.015 0.099 0.000 0.004 0.991 0.001 0.002 0.001 0.001 0.000 0.000 0.000 
35 wrench_vis 30 0.389 0.000 0.073 0.122 0.154 0.955 0.009 0.001 0.995 0.000 0.000 0.000 0.005 0.000 0.000 0.000 0.530 0.000 0.001 0.019 0.001 0.000 0.041 0.001 0.009 0.150 0.000 0.001 0.000 0.041 0.004 0.008 0.006 0.027 0.000 0.568 0.007 0.000 0.000 0.020 0.000 0.000 0.183 0.001 0.009 0.004 0.036 0.025 0.000 0.024 0.991 0.001 0.003 0.001 0.000 0.000 0.001 0.000 
36 accordion_vis 30 0.462 0.000 0.167 0.649 0.039 0.989 0.002 0.001 0.996 0.000 0.000 0.000 0.001 0.000 0.000 0.000 0.952 0.000 0.001 0.020 0.001 0.000 0.038 0.001 0.019 0.287 0.000 0.000 0.000 0.040 0.002 0.004 0.004 0.022 0.000 0.095 0.001 0.000 0.000 0.897 0.000 0.030 0.002 0.002 0.004 0.001 0.923 0.022 0.001 0.001 0.992 0.004 0.015 0.001 0.000 0.000 0.003 0.000 
37 cello_vis 30 0.006 0.000 0.030 0.017 0.004 0.991 0.924 0.001 0.994 0.000 0.000 0.000 0.000 0.001 0.000 0.000 0.328 0.000 0.001 0.018 0.001 0.000 0.005 0.001 0.002 0.234 0.000 0.000 0.000 0.016 0.001 0.001 0.002 0.001 0.000 0.971 0.355 0.001 0.005 0.077 0.000 0.000 0.666 0.005 0.003 0.000 0.009 0.010 0.004 0.131 0.991 0.001 0.001 0.000 0.001 0.000 0.001 0.001 
38 flute_vis 30 0.607 0.000 0.010 0.014 0.805 0.769 0.002 0.001 0.995 0.000 0.000 0.007 0.143 0.000 0.002 0.000 0.262 0.000 0.001 0.004 0.001 0.000 0.012 0.001 0.004 0.013 0.000 0.001 0.002 0.398 0.056 0.320 0.025 0.086 0.000 0.100 0.001 0.000 0.000 0.039 0.000 0.002 0.129 0.001 0.002 0.025 0.121 0.008 0.001 0.005 0.991 0.004 0.008 0.001 0.000 0.000 0.004 0.000 
39 guitar_vis 30 0.418 0.000 0.022 0.045 0.632 0.987 0.001 0.002 0.996 0.000 0.000 0.001 0.029 0.000 0.001 0.000 0.639 0.000 0.001 0.008 0.001 0.000 0.022 0.001 0.008 0.048 0.000 0.000 0.001 0.843 0.016 0.126 0.005 0.030 0.000 0.183 0.001 0.002 0.000 0.096 0.000 0.014 0.170 0.004 0.002 0.144 0.736 0.002 0.001 0.003 0.990 0.226 0.010 0.005 0.000 0.000 0.001 0.001 
40 piano_vis 30 0.183 0.000 0.459 0.622 0.017 0.988 0.011 0.001 0.996 0.000 0.000 0.000 0.000 0.000 0.000 0.000 0.959 0.000 0.001 0.030 0.001 0.000 0.045 0.001 0.012 0.364 0.000 0.000 0.000 0.024 0.002 0.001 0.004 0.013 0.000 0.725 0.018 0.000 0.000 0.870 0.000 0.014 0.010 0.003 0.008 0.001 0.709 0.193 0.001 0.002 0.992 0.001 0.015 0.001 0.001 0.000 0.002 0.000 
41 trumpet_vis 30 0.005 0.000 0.011 0.012 0.003 0.992 0.908 0.001 0.986 0.000 0.000 0.000 0.000 0.000 0.000 0.000 0.102 0.000 0.001 0.011 0.000 0.000 0.005 0.001 0.001 0.234 0.000 0.001 0.000 0.006 0.000 0.001 0.003 0.001 0.000 0.961 0.068 0.000 0.003 0.015 0.000 0.000 0.198 0.002 0.002 0.000 0.005 0.005 0.002 0.096 0.980 0.001 0.001 0.001 0.001 0.000 0.000 0.001 
42 fork_vis 30 0.172 0.000 0.085 0.131 0.157 0.979 0.004 0.001 0.996 0.000 0.000 0.000 0.001 0.000 0.000 0.000 0.898 0.000 0.001 0.006 0.001 0.000 0.021 0.000 0.005 0.063 0.000 0.000 0.000 0.020 0.016 0.002 0.008 0.038 0.000 0.330 0.005 0.000 0.000 0.884 0.000 0.026 0.006 0.001 0.003 0.001 0.651 0.071 0.000 0.001 0.991 0.001 0.026 0.001 0.000 0.000 0.005 0.000 
43 spoon_vis 30 0.059 0.000 0.428 0.412 0.067 0.990 0.014 0.001 0.996 0.000 0.000 0.000 0.001 0.000 0.000 0.000 0.981 0.000 0.001 0.035 0.003 0.000 0.121 0.000 0.032 0.221 0.000 0.000 0.000 0.086 0.006 0.002 0.008 0.037 0.000 0.572 0.005 0.000 0.000 0.947 0.000 0.042 0.005 0.001 0.009 0.001 0.947 0.290 0.001 0.001 0.992 0.002 0.074 0.002 0.000 0.000 0.005 0.000 
44 tongs_vis 30 0.021 0.000 0.036 0.022 0.310 0.990 0.671 0.001 0.994 0.000 0.000 0.000 0.002 0.002 0.000 0.000 0.562 0.000 0.001 0.005 0.001 0.000 0.008 0.000 0.003 0.035 0.000 0.001 0.000 0.029 0.097 0.008 0.011 0.007 0.000 0.917 0.062 0.000 0.001 0.944 0.000 0.015 0.110 0.001 0.002 0.000 0.098 0.038 0.001 0.002 0.991 0.001 0.009 0.001 0.001 0.000 0.028 0.000 
45 ladle_vis 30 0.196 0.000 0.056 0.040 0.652 0.992 0.011 0.001 0.996 0.000 0.000 0.001 0.009 0.000 0.000 0.000 0.877 0.000 0.001 0.007 0.002 0.000 0.025 0.000 0.008 0.036 0.000 0.000 0.000 0.206 0.168 0.028 0.029 0.073 0.000 0.702 0.004 0.000 0.000 0.912 0.000 0.066 0.028 0.001 0.003 0.004 0.831 0.132 0.001 0.001 0.992 0.002 0.074 0.002 0.000 0.000 0.012 0.000 
46 knife_vis 30 0.088 0.000 0.044 0.064 0.509 0.982 0.002 0.001 0.996 0.000 0.000 0.001 0.021 0.000 0.000 0.000 0.925 0.000 0.001 0.011 0.001 0.000 0.060 0.000 0.022 0.036 0.000 0.000 0.000 0.271 0.047 0.069 0.035 0.124 0.000 0.028 0.001 0.000 0.000 0.923 0.000 0.101 0.003 0.001 0.004 0.003 0.971 0.016 0.001 0.001 0.992 0.003 0.085 0.005 0.000 0.000 0.036 0.000 
47 chopsticks_vis 30 0.009 0.000 0.098 0.054 0.005 0.987 0.782 0.001 0.995 0.000 0.000 0.000 0.000 0.002 0.000 0.000 0.901 0.000 0.001 0.016 0.001 0.000 0.012 0.000 0.005 0.177 0.000 0.000 0.000 0.018 0.002 0.001 0.002 0.002 0.000 0.879 0.236 0.000 0.000 0.956 0.000 0.009 0.114 0.009 0.003 0.000 0.142 0.015 0.013 0.003 0.991 0.001 0.004 0.001 0.001 0.000 0.005 0.000 
