0 beaver_vis 30 0.888 0.004 0.001 0.005 0.004 0.884 0.000 0.991 0.000 0.000 0.000 0.000 0.316 0.001 0.001 0.000 0.003 0.000 0.001 0.000 0.001 0.001 0.000 0.000 0.002 0.000 0.001 0.591 0.200 0.164 0.001 0.002 0.000 0.000 0.000 0.000 0.001 0.002 0.000 0.084 0.002 0.001 0.837 0.012 0.002 0.496 0.000 0.000 0.000 0.000 0.094 0.000 0.000 0.000 0.001 0.001 0.000 0.000 
1 bear_vis 30 0.529 0.004 0.001 0.005 0.098 0.751 0.000 0.991 0.001 0.000 0.000 0.000 0.136 0.001 0.002 0.000 0.002 0.000 0.001 0.000 0.001 0.001 0.000 0.000 0.002 0.000 0.004 0.325 0.127 0.227 0.002 0.002 0.000 0.000 0.000 0.000 0.003 0.002 0.000 0.029 0.003 0.001 0.943 0.057 0.010 0.045 0.000 0.020 0.000 0.000 0.097 0.000 0.000 0.000 0.001 0.001 0.000 0.000 
2 sheep_vis 30 0.840 0.004 0.002 0.004 0.002 0.912 0.000 0.992 0.000 0.000 0.000 0.000 0.324 0.001 0.001 0.000 0.005 0.000 0.001 0.000 0.001 0.001 0.000 0.000 0.002 0.000 0.001 0.562 0.195 0.136 0.001 0.002 0.000 0.000 0.000 0.001 0.001 0.002 0.000 0.057 0.002 0.001 0.764 0.011 0.002 0.593 0.000 0.000 0.000 0.000 0.059 0.000 0.000 0.000 0.001 0.001 0.000 0.000 
3 buffalo_vis 30 0.353 0.005 0.001 0.001 0.646 0.338 0.000 0.995 0.000 0.000 0.000 0.000 0.011 0.001 0.010 0.000 0.002 0.000 0.001 0.000 0.001 0.002 0.000 0.000 0.001 0.000 0.004 0.012 0.194 0.379 0.043 0.002 0.000 0.000 0.000 0.000 0.007 0.002 0.000 0.001 0.008 0.003 0.992 0.096 0.010 0.010 0.000 0.351 0.000 0.000 0.001 0.000 0.000 0.000 0.001 0.001 0.000 0.000 
4 poodle_vis 30 0.712 0.004 0.001 0.004 0.046 0.781 0.000 0.990 0.000 0.000 0.000 0.000 0.183 0.001 0.002 0.000 0.002 0.000 0.001 0.000 0.001 0.001 0.000 0.000 0.002 0.000 0.002 0.407 0.147 0.203 0.001 0.002 0.000 0.000 0.000 0.000 0.003 0.002 0.000 0.039 0.002 0.001 0.905 0.047 0.004 0.113 0.000 0.006 0.000 0.000 0.080 0.000 0.000 0.000 0.001 0.001 0.000 0.000 
5 giraffe_vis 30 0.422 0.004 0.001 0.001 0.286 0.502 0.000 0.992 0.000 0.000 0.000 0.000 0.038 0.001 0.004 0.000 0.002 0.000 0.001 0.000 0.001 0.002 0.000 0.000 0.001 0.000 0.005 0.091 0.165 0.304 0.007 0.002 0.000 0.000 0.000 0.000 0.004 0.002 0.000 0.003 0.004 0.001 0.979 0.075 0.010 0.012 0.000 0.098 0.000 0.000 0.014 0.000 0.000 0.000 0.001 0.001 0.000 0.000 
6 robin_vis 30 0.131 0.002 0.002 0.001 0.002 0.970 0.000 0.996 0.002 0.000 0.000 0.000 0.292 0.001 0.001 0.000 0.058 0.000 0.001 0.000 0.007 0.001 0.000 0.000 0.001 0.000 0.001 0.217 0.082 0.039 0.001 0.001 0.000 0.000 0.000 0.024 0.001 0.003 0.000 0.004 0.036 0.001 0.187 0.074 0.001 0.936 0.000 0.000 0.064 0.002 0.004 0.000 0.000 0.000 0.001 0.002 0.000 0.001 
7 swan_vis 30 0.269 0.003 0.002 0.001 0.032 0.906 0.000 0.996 0.002 0.000 0.000 0.000 0.122 0.001 0.002 0.000 0.004 0.000 0.001 0.000 0.002 0.002 0.000 0.000 0.001 0.000 0.002 0.152 0.134 0.160 0.001 0.002 0.000 0.000 0.000 0.001 0.005 0.003 0.000 0.003 0.012 0.001 0.874 0.081 0.006 0.414 0.000 0.007 0.003 0.000 0.016 0.000 0.000 0.000 0.001 0.001 0.000 0.000 
8 woodpecker_vis 30 0.473 0.003 0.002 0.003 0.003 0.969 0.000 0.996 0.004 0.000 0.000 0.000 0.305 0.001 0.001 0.000 0.008 0.000 0.001 0.000 0.002 0.001 0.000 0.000 0.002 0.000 0.001 0.438 0.132 0.135 0.001 0.002 0.000 0.000 0.000 0.002 0.004 0.003 0.000 0.051 0.005 0.001 0.876 0.029 0.005 0.867 0.000 0.000 0.005 0.001 0.137 0.000 0.000 0.000 0.001 0.001 0.000 0.001 
9 peacock_vis 30 0.676 0.004 0.001 0.004 0.004 0.964 0.000 0.995 0.001 0.000 0.000 0.000 0.302 0.001 0.001 0.000 0.005 0.000 0.001 0.000 0.001 0.001 0.000 0.000 0.002 0.000 0.001 0.506 0.151 0.154 0.001 0.002 0.000 0.000 0.000 0.001 0.004 0.002 0.000 0.065 0.002 0.001 0.868 0.022 0.004 0.728 0.000 0.000 0.001 0.000 0.136 0.000 0.000 0.000 0.001 0.001 0.000 0.000 
10 crow_vis 30 0.286 0.004 0.002 0.001 0.309 0.529 0.000 0.994 0.000 0.000 0.000 0.000 0.018 0.001 0.006 0.000 0.002 0.000 0.001 0.000 0.002 0.002 0.000 0.000 0.001 0.000 0.005 0.026 0.164 0.285 0.016 0.002 0.000 0.000 0.000 0.000 0.004 0.003 0.000 0.001 0.008 0.002 0.985 0.094 0.008 0.013 0.000 0.142 0.000 0.000 0.002 0.000 0.000 0.000 0.001 0.001 0.000 0.000 
11 eagle_vis 30 0.187 0.003 0.002 0.001 0.007 0.951 0.000 0.996 0.004 0.000 0.000 0.000 0.222 0.001 0.001 0.000 0.021 0.000 0.001 0.000 0.003 0.001 0.000 0.000 0.001 0.000 0.001 0.198 0.093 0.079 0.001 0.001 0.000 0.000 0.000 0.010 0.002 0.004 0.000 0.004 0.041 0.001 0.485 0.052 0.002 0.834 0.000 0.001 0.034 0.002 0.009 0.000 0.000 0.000 0.001 0.002 0.000 0.001 
12 tuna_vis 30 0.860 0.004 0.001 0.007 0.003 0.935 0.000 0.993 0.001 0.000 0.000 0.000 0.331 0.001 0.001 0.000 0.004 0.000 0.001 0.000 0.001 0.001 0.000 0.000 0.002 0.000 0.001 0.602 0.174 0.185 0.001 0.002 0.000 0.000 0.000 0.000 0.002 0.002 0.000 0.127 0.002 0.001 0.907 0.011 0.003 0.594 0.000 0.000 0.000 0.000 0.194 0.000 0.000 0.000 0.001 0.001 0.000 0.000 
13 goldfish_vis 30 0.840 0.004 0.001 0.004 0.004 0.895 0.000 0.990 0.000 0.000 0.000 0.000 0.315 0.001 0.001 0.000 0.003 0.000 0.001 0.000 0.001 0.001 0.000 0.000 0.002 0.000 0.001 0.571 0.167 0.147 0.001 0.002 0.000 0.000 0.000 0.000 0.001 0.002 0.000 0.066 0.002 0.001 0.794 0.011 0.002 0.468 0.000 0.000 0.000 0.000 0.075 0.000 0.000 0.000 0.001 0.001 0.000 0.000 
14 salmon_vis 30 0.228 0.003 0.002 0.001 0.003 0.964 0.000 0.996 0.001 0.000 0.000 0.000 0.297 0.001 0.001 0.000 0.032 0.000 0.001 0.000 0.004 0.001 0.000 0.000 0.002 0.000 0.001 0.284 0.101 0.057 0.001 0.001 0.000 0.000 0.000 0.010 0.001 0.003 0.000 0.010 0.016 0.001 0.315 0.048 0.001 0.896 0.000 0.000 0.027 0.001 0.011 0.000 0.000 0.000 0.001 0.001 0.000 0.001 
15 sardine_vis 30 0.806 0.004 0.001 0.004 0.003 0.907 0.000 0.991 0.000 0.000 0.000 0.000 0.320 0.001 0.001 0.000 0.004 0.000 0.001 0.000 0.001 0.001 0.000 0.000 0.002 0.000 0.001 0.554 0.176 0.134 0.001 0.002 0.000 0.000 0.000 0.001 0.001 0.002 0.000 0.055 0.002 0.001 0.751 0.011 0.002 0.558 0.000 0.000 0.000 0.000 0.060 0.000 0.000 0.000 0.001 0.001 0.000 0.000 
16 catfish_vis 30 0.514 0.003 0.001 0.002 0.003 0.948 0.000 0.994 0.001 0.000 0.000 0.000 0.311 0.001 0.001 0.000 0.009 0.000 0.001 0.000 0.002 0.001 0.000 0.000 0.002 0.000 0.001 0.432 0.145 0.093 0.001 0.002 0.000 0.000 0.000 0.001 0.001 0.002 0.000 0.027 0.003 0.001 0.555 0.019 0.001 0.766 0.000 0.000 0.003 0.000 0.030 0.000 0.000 0.000 0.001 0.001 0.000 0.000 
17 cod_vis 30 0.834 0.004 0.001 0.004 0.003 0.900 0.000 0.991 0.000 0.000 0.000 0.000 0.319 0.001 0.001 0.000 0.004 0.000 0.001 0.000 0.001 0.001 0.000 0.000 0.002 0.000 0.001 0.567 0.178 0.141 0.001 0.002 0.000 0.000 0.000 0.000 0.001 0.002 0.000 0.060 0.002 0.001 0.774 0.010 0.002 0.522 0.000 0.000 0.000 0.000 0.067 0.000 0.000 0.000 0.001 0.001 0.000 0.000 
18 turtle_vis 30 0.835 0.004 0.002 0.004 0.003 0.898 0.000 0.991 0.000 0.000 0.000 0.000 0.312 0.001 0.001 0.000 0.004 0.000 0.001 0.000 0.001 0.001 0.000 0.000 0.002 0.000 0.001 0.562 0.172 0.141 0.001 0.002 0.000 0.000 0.000 0.000 0.001 0.002 0.000 0.058 0.002 0.001 0.781 0.011 0.002 0.490 0.000 0.000 0.000 0.000 0.066 0.000 0.000 0.000 0.001 0.001 0.000 0.000 
19 rattlesnake_vis 30 0.891 0.004 0.002 0.005 0.003 0.866 0.000 0.989 0.000 0.000 0.000 0.000 0.320 0.001 0.001 0.000 0.003 0.000 0.001 0.000 0.001 0.001 0.000 0.000 0.002 0.000 0.001 0.601 0.192 0.160 0.001 0.002 0.000 0.000 0.000 0.000 0.001 0.002 0.000 0.083 0.002 0.001 0.818 0.010 0.002 0.448 0.000 0.000 0.000 0.000 0.088 0.000 0.000 0.000 0.001 0.001 0.000 0.000 
20 crab_vis 30 0.873 0.004 0.002 0.005 0.004 0.887 0.000 0.990 0.000 0.000 0.000 0.000 0.317 0.001 0.001 0.000 0.003 0.000 0.001 0.000 0.001 0.001 0.000 0.000 0.002 0.000 0.001 0.579 0.165 0.171 0.001 0.002 0.000 0.000 0.000 0.000 0.001 0.002 0.000 0.092 0.002 0.001 0.846 0.011 0.002 0.422 0.000 0.000 0.000 0.000 0.109 0.000 0.000 0.000 0.001 0.001 0.000 0.000 
21 frog_vis 30 0.895 0.004 0.002 0.005 0.002 0.871 0.000 0.990 0.000 0.000 0.000 0.000 0.327 0.001 0.001 0.000 0.004 0.000 0.001 0.000 0.001 0.001 0.000 0.000 0.002 0.000 0.001 0.604 0.206 0.157 0.001 0.002 0.000 0.000 0.000 0.000 0.001 0.002 0.000 0.082 0.002 0.001 0.812 0.009 0.002 0.497 0.000 0.000 0.000 0.000 0.084 0.000 0.000 0.000 0.001 0.001 0.000 0.000 
22 gecko_vis 30 0.896 0.004 0.002 0.005 0.003 0.864 0.000 0.989 0.000 0.000 0.000 0.000 0.323 0.001 0.001 0.000 0.003 0.000 0.001 0.000 0.001 0.001 0.000 0.000 0.002 0.000 0.001 0.602 0.187 0.166 0.001 0.002 0.000 0.000 0.000 0.000 0.001 0.002 0.000 0.091 0.002 0.001 0.825 0.009 0.002 0.430 0.000 0.000 0.000 0.000 0.095 0.000 0.000 0.000 0.001 0.001 0.000 0.000 
23 crocodile_vis 30 0.906 0.004 0.002 0.005 0.002 0.863 0.000 0.990 0.000 0.000 0.000 0.000 0.329 0.001 0.001 0.000 0.004 0.000 0.001 0.000 0.001 0.001 0.000 0.000 0.002 0.000 0.001 0.615 0.211 0.165 0.001 0.002 0.000 0.000 0.000 0.000 0.001 0.002 0.000 0.095 0.002 0.001 0.831 0.009 0.002 0.487 0.000 0.000 0.000 0.000 0.097 0.000 0.000 0.000 0.001 0.001 0.000 0.000 
24 axe_vis 30 0.107 0.002 0.002 0.001 0.003 0.971 0.000 0.996 0.002 0.000 0.000 0.000 0.292 0.001 0.001 0.000 0.070 0.000 0.001 0.000 0.008 0.002 0.000 0.000 0.001 0.000 0.001 0.198 0.074 0.036 0.001 0.001 0.000 0.000 0.000 0.033 0.001 0.003 0.000 0.003 0.050 0.001 0.167 0.083 0.001 0.939 0.000 0.000 0.083 0.003 0.003 0.000 0.000 0.000 0.001 0.002 0.000 0.001 
25 hammer_vis 30 0.292 0.003 0.002 0.001 0.003 0.953 0.000 0.995 0.001 0.000 0.000 0.000 0.299 0.001 0.001 0.000 0.019 0.000 0.001 0.000 0.002 0.002 0.000 0.000 0.002 0.000 0.001 0.332 0.107 0.065 0.001 0.001 0.000 0.000 0.000 0.005 0.001 0.002 0.000 0.011 0.007 0.001 0.365 0.030 0.001 0.831 0.000 0.000 0.010 0.001 0.012 0.000 0.000 0.000 0.001 0.001 0.000 0.000 
26 screwdriver_vis 30 0.155 0.002 0.002 0.001 0.003 0.966 0.000 0.996 0.002 0.000 0.000 0.000 0.293 0.001 0.001 0.000 0.051 0.000 0.001 0.000 0.006 0.002 0.000 0.000 0.001 0.000 0.001 0.233 0.085 0.043 0.001 0.001 0.000 0.000 0.000 0.021 0.001 0.003 0.000 0.005 0.030 0.001 0.213 0.065 0.001 0.915 0.000 0.000 0.053 0.002 0.005 0.000 0.000 0.000 0.001 0.002 0.000 0.001 
27 chisel_vis 30 0.238 0.003 0.002 0.001 0.003 0.958 0.000 0.995 0.001 0.000 0.000 0.000 0.293 0.001 0.001 0.000 0.027 0.000 0.001 0.000 0.003 0.002 0.000 0.000 0.001 0.000 0.001 0.291 0.099 0.058 0.001 0.001 0.000 0.000 0.000 0.008 0.001 0.002 0.000 0.009 0.013 0.001 0.316 0.041 0.001 0.866 0.000 0.000 0.020 0.001 0.010 0.000 0.000 0.000 0.001 0.001 0.000 0.000 
28 saw_vis 30 0.253 0.003 0.002 0.001 0.003 0.959 0.000 0.995 0.001 0.000 0.000 0.000 0.298 0.001 0.001 0.000 0.027 0.000 0.001 0.000 0.003 0.002 0.000 0.000 0.002 0.000 0.001 0.300 0.105 0.056 0.001 0.001 0.000 0.000 0.000 0.008 0.001 0.002 0.000 0.009 0.011 0.001 0.293 0.040 0.001 0.868 0.000 0.000 0.019 0.001 0.009 0.000 0.000 0.000 0.001 0.001 0.000 0.000 
29 drill_vis 30 0.507 0.003 0.002 0.002 0.003 0.944 0.000 0.994 0.001 0.000 0.000 0.000 0.313 0.001 0.001 0.000 0.009 0.000 0.001 0.000 0.002 0.001 0.000 0.000 0.002 0.000 0.001 0.437 0.139 0.088 0.001 0.001 0.000 0.000 0.000 0.001 0.001 0.002 0.000 0.025 0.003 0.001 0.514 0.017 0.001 0.740 0.000 0.000 0.002 0.000 0.025 0.000 0.000 0.000 0.001 0.001 0.000 0.000 
30 clamp_vis 30 0.207 0.002 0.002 0.001 0.002 0.962 0.000 0.996 0.001 0.000 0.000 0.000 0.298 0.001 0.001 0.000 0.043 0.000 0.001 0.000 0.005 0.002 0.000 0.000 0.002 0.000 0.001 0.264 0.099 0.048 0.001 0.001 0.000 0.000 0.000 0.015 0.001 0.003 0.000 0.008 0.021 0.001 0.234 0.057 0.001 0.900 0.000 0.000 0.039 0.001 0.007 0.000 0.000 0.000 0.001 0.001 0.000 0.001 
31 hoe_vis 30 0.182 0.002 0.002 0.001 0.003 0.966 0.000 0.996 0.001 0.000 0.000 0.000 0.291 0.001 0.001 0.000 0.044 0.000 0.001 0.000 0.005 0.001 0.000 0.000 0.001 0.000 0.001 0.245 0.093 0.045 0.001 0.001 0.000 0.000 0.000 0.016 0.001 0.003 0.000 0.005 0.022 0.001 0.221 0.059 0.001 0.906 0.000 0.000 0.041 0.002 0.005 0.000 0.000 0.000 0.001 0.001 0.000 0.001 
32 rake_vis 30 0.294 0.003 0.002 0.001 0.002 0.959 0.000 0.995 0.001 0.000 0.000 0.000 0.305 0.001 0.001 0.000 0.026 0.000 0.001 0.000 0.003 0.001 0.000 0.000 0.002 0.000 0.001 0.320 0.119 0.060 0.001 0.001 0.000 0.000 0.000 0.007 0.001 0.002 0.000 0.013 0.009 0.001 0.317 0.040 0.001 0.873 0.000 0.000 0.016 0.001 0.011 0.000 0.000 0.000 0.001 0.001 0.000 0.000 
33 shovel_vis 30 0.184 0.002 0.002 0.001 0.003 0.963 0.000 0.996 0.001 0.000 0.000 0.000 0.291 0.001 0.001 0.000 0.044 0.000 0.001 0.000 0.005 0.002 0.000 0.000 0.001 0.000 0.001 0.248 0.093 0.046 0.001 0.001 0.000 0.000 0.000 0.016 0.001 0.003 0.000 0.006 0.023 0.001 0.221 0.058 0.001 0.900 0.000 0.000 0.041 0.002 0.005 0.000 0.000 0.000 0.001 0.001 0.000 0.001 
34 spade_vis 30 0.289 0.003 0.002 0.001 0.002 0.961 0.000 0.995 0.001 0.000 0.000 0.000 0.304 0.001 0.001 0.000 0.025 0.000 0.001 0.000 0.003 0.001 0.000 0.000 0.002 0.000 0.001 0.318 0.119 0.059 0.001 0.001 0.000 0.000 0.000 0.006 0.001 0.002 0.000 0.012 0.008 0.001 0.314 0.039 0.001 0.878 0.000 0.000 0.015 0.001 0.011 0.000 0.000 0.000 0.001 0.001 0.000 0.000 
35 wrench_vis 30 0.156 0.002 0.002 0.001 0.003 0.965 0.000 0.996 0.002 0.000 0.000 0.000 0.293 0.001 0.001 0.000 0.056 0.000 0.001 0.000 0.006 0.001 0.000 0.000 0.001 0.000 0.001 0.230 0.087 0.042 0.001 0.001 0.000 0.000 0.000 0.023 0.001 0.003 0.000 0.005 0.032 0.001 0.193 0.068 0.001 0.918 0.000 0.000 0.058 0.002 0.005 0.000 0.000 0.000 0.001 0.002 0.000 0.001 
36 accordion_vis 30 0.241 0.003 0.001 0.001 0.002 0.966 0.000 0.996 0.001 0.000 0.000 0.000 0.300 0.001 0.001 0.000 0.025 0.000 0.001 0.000 0.003 0.001 0.000 0.000 0.002 0.000 0.001 0.298 0.108 0.055 0.001 0.001 0.000 0.000 0.000 0.007 0.001 0.002 0.000 0.009 0.009 0.001 0.314 0.042 0.001 0.896 0.000 0.000 0.016 0.001 0.009 0.000 0.000 0.000 0.001 0.001 0.000 0.000 
37 cello_vis 30 0.626 0.003 0.001 0.003 0.002 0.945 0.000 0.994 0.001 0.000 0.000 0.000 0.319 0.001 0.001 0.000 0.007 0.000 0.001 0.000 0.001 0.001 0.000 0.000 0.002 0.000 0.001 0.475 0.167 0.104 0.001 0.002 0.000 0.000 0.000 0.001 0.001 0.002 0.000 0.036 0.002 0.000 0.631 0.016 0.002 0.750 0.000 0.000 0.001 0.000 0.038 0.000 0.000 0.000 0.001 0.001 0.000 0.000 
38 flute_vis 30 0.201 0.002 0.001 0.001 0.003 0.963 0.000 0.996 0.001 0.000 0.000 0.000 0.295 0.001 0.001 0.000 0.036 0.000 0.001 0.000 0.004 0.001 0.000 0.000 0.001 0.000 0.001 0.267 0.096 0.050 0.001 0.001 0.000 0.000 0.000 0.012 0.001 0.002 0.000 0.007 0.018 0.001 0.270 0.052 0.001 0.901 0.000 0.000 0.032 0.001 0.007 0.000 0.000 0.000 0.001 0.001 0.000 0.001 
39 guitar_vis 30 0.278 0.003 0.001 0.001 0.002 0.966 0.000 0.995 0.001 0.000 0.000 0.000 0.301 0.001 0.001 0.000 0.018 0.000 0.001 0.000 0.002 0.001 0.000 0.000 0.002 0.000 0.001 0.324 0.115 0.059 0.001 0.001 0.000 0.000 0.000 0.004 0.001 0.002 0.000 0.009 0.005 0.001 0.357 0.033 0.001 0.878 0.000 0.000 0.008 0.001 0.010 0.000 0.000 0.000 0.001 0.001 0.000 0.000 
40 piano_vis 30 0.493 0.003 0.001 0.002 0.002 0.953 0.000 0.995 0.001 0.000 0.000 0.000 0.316 0.001 0.001 0.000 0.011 0.000 0.001 0.000 0.002 0.001 0.000 0.000 0.002 0.000 0.001 0.423 0.151 0.090 0.001 0.002 0.000 0.000 0.000 0.002 0.001 0.002 0.000 0.029 0.003 0.000 0.541 0.022 0.001 0.811 0.000 0.000 0.004 0.000 0.030 0.000 0.000 0.000 0.001 0.001 0.000 0.000 
41 trumpet_vis 30 0.205 0.003 0.001 0.001 0.002 0.965 0.000 0.996 0.001 0.000 0.000 0.000 0.304 0.001 0.001 0.000 0.043 0.000 0.001 0.000 0.005 0.001 0.000 0.000 0.002 0.000 0.001 0.271 0.102 0.050 0.001 0.001 0.000 0.000 0.000 0.015 0.001 0.002 0.000 0.011 0.020 0.000 0.251 0.060 0.001 0.919 0.000 0.000 0.040 0.001 0.009 0.000 0.000 0.000 0.001 0.001 0.000 0.001 
42 fork_vis 30 0.218 0.002 0.002 0.001 0.002 0.973 0.000 0.996 0.001 0.000 0.000 0.000 0.299 0.001 0.001 0.000 0.035 0.000 0.001 0.000 0.004 0.001 0.000 0.000 0.002 0.000 0.001 0.273 0.106 0.048 0.001 0.001 0.000 0.000 0.000 0.010 0.001 0.002 0.000 0.007 0.014 0.001 0.261 0.055 0.001 0.918 0.000 0.000 0.027 0.001 0.007 0.000 0.000 0.000 0.001 0.001 0.000 0.001 
43 spoon_vis 30 0.447 0.003 0.002 0.001 0.002 0.970 0.000 0.995 0.001 0.000 0.000 0.000 0.307 0.001 0.001 0.000 0.012 0.000 0.001 0.000 0.002 0.001 0.000 0.000 0.002 0.000 0.001 0.382 0.147 0.073 0.001 0.001 0.000 0.000 0.000 0.002 0.001 0.002 0.000 0.013 0.003 0.001 0.490 0.028 0.001 0.855 0.000 0.000 0.003 0.000 0.015 0.000 0.000 0.000 0.001 0.001 0.000 0.000 
44 tongs_vis 30 0.195 0.002 0.002 0.001 0.002 0.965 0.000 0.996 0.001 0.000 0.000 0.000 0.297 0.001 0.001 0.000 0.040 0.000 0.001 0.000 0.005 0.002 0.000 0.000 0.002 0.000 0.001 0.263 0.095 0.047 0.001 0.001 0.000 0.000 0.000 0.014 0.001 0.003 0.000 0.007 0.019 0.001 0.232 0.053 0.001 0.902 0.000 0.000 0.034 0.001 0.006 0.000 0.000 0.000 0.001 0.001 0.000 0.001 
45 ladle_vis 30 0.087 0.002 0.002 0.001 0.002 0.981 0.000 0.996 0.002 0.000 0.000 0.000 0.306 0.001 0.001 0.000 0.099 0.000 0.001 0.000 0.012 0.001 0.000 0.000 0.001 0.000 0.001 0.187 0.076 0.028 0.001 0.001 0.000 0.000 0.000 0.047 0.001 0.003 0.000 0.002 0.058 0.001 0.123 0.118 0.001 0.966 0.000 0.000 0.113 0.004 0.002 0.000 0.000 0.000 0.001 0.002 0.000 0.001 
46 knife_vis 30 0.725 0.003 0.002 0.002 0.002 0.957 0.000 0.994 0.001 0.000 0.000 0.000 0.313 0.001 0.001 0.000 0.006 0.000 0.001 0.000 0.002 0.001 0.000 0.000 0.002 0.000 0.001 0.477 0.186 0.103 0.001 0.002 0.000 0.000 0.000 0.001 0.001 0.002 0.000 0.026 0.002 0.001 0.669 0.018 0.001 0.746 0.000 0.000 0.001 0.000 0.029 0.000 0.000 0.000 0.001 0.001 0.000 0.000 
47 chopsticks_vis 30 0.641 0.003 0.002 0.002 0.002 0.958 0.000 0.994 0.001 0.000 0.000 0.000 0.315 0.001 0.001 0.000 0.007 0.000 0.001 0.000 0.002 0.001 0.000 0.000 0.002 0.000 0.001 0.459 0.170 0.098 0.001 0.002 0.000 0.000 0.000 0.001 0.001 0.002 0.000 0.025 0.002 0.001 0.646 0.018 0.001 0.781 0.000 0.000 0.001 0.000 0.029 0.000 0.000 0.000 0.001 0.001 0.000 0.000 
