0 beaver_vis 30 0.199 0.001 0.003 0.002 0.064 0.306 0.001 0.148 0.000 0.005 0.000 0.000 0.000 0.001 0.000 0.015 0.000 0.000 0.001 0.001 0.417 0.000 0.018 0.014 0.002 0.001 0.000 0.007 0.000 0.048 0.003 0.002 0.148 0.931 0.000 0.000 0.020 0.001 0.001 0.001 0.001 0.876 0.019 0.005 0.012 0.000 0.005 0.000 0.000 0.001 0.040 0.002 0.001 0.019 0.001 0.005 0.001 0.000 
1 bear_vis 30 0.163 0.001 0.001 0.002 0.123 0.413 0.001 0.080 0.000 0.006 0.000 0.000 0.000 0.001 0.000 0.015 0.000 0.000 0.001 0.001 0.251 0.000 0.015 0.010 0.002 0.001 0.000 0.006 0.000 0.066 0.003 0.002 0.165 0.930 0.000 0.000 0.028 0.001 0.001 0.001 0.001 0.885 0.014 0.004 0.011 0.000 0.006 0.000 0.000 0.001 0.058 0.005 0.001 0.025 0.001 0.004 0.001 0.000 
2 sheep_vis 30 0.203 0.001 0.003 0.002 0.075 0.285 0.001 0.152 0.000 0.005 0.000 0.000 0.000 0.001 0.000 0.016 0.000 0.000 0.001 0.001 0.470 0.000 0.020 0.015 0.002 0.001 0.000 0.007 0.000 0.052 0.003 0.002 0.158 0.929 0.000 0.000 0.018 0.001 0.001 0.001 0.001 0.852 0.019 0.005 0.012 0.000 0.005 0.000 0.000 0.001 0.035 0.002 0.001 0.019 0.001 0.005 0.001 0.000 
3 buffalo_vis 30 0.003 0.001 0.002 0.001 0.002 0.843 0.001 0.337 0.000 0.008 0.000 0.000 0.000 0.001 0.000 0.011 0.000 0.000 0.001 0.001 0.127 0.000 0.004 0.005 0.002 0.001 0.000 0.009 0.000 0.014 0.000 0.002 0.051 0.841 0.000 0.001 0.061 0.001 0.002 0.001 0.001 0.860 0.038 0.007 0.016 0.000 0.009 0.000 0.000 0.001 0.085 0.002 0.001 0.011 0.001 0.009 0.001 0.000 
4 poodle_vis 30 0.160 0.000 0.004 0.002 0.032 0.309 0.001 0.191 0.000 0.005 0.000 0.000 0.000 0.001 0.000 0.013 0.000 0.000 0.001 0.001 0.439 0.000 0.017 0.014 0.002 0.001 0.000 0.007 0.000 0.034 0.002 0.001 0.123 0.928 0.000 0.000 0.018 0.001 0.001 0.001 0.001 0.868 0.021 0.005 0.012 0.000 0.005 0.000 0.000 0.001 0.036 0.002 0.001 0.017 0.001 0.005 0.001 0.000 
5 giraffe_vis 30 0.156 0.000 0.003 0.002 0.040 0.328 0.001 0.165 0.000 0.005 0.000 0.000 0.000 0.001 0.000 0.013 0.000 0.000 0.001 0.001 0.402 0.000 0.017 0.014 0.002 0.001 0.000 0.007 0.000 0.039 0.002 0.002 0.131 0.928 0.000 0.000 0.020 0.001 0.001 0.001 0.001 0.873 0.020 0.005 0.012 0.000 0.005 0.000 0.000 0.001 0.040 0.002 0.001 0.018 0.001 0.005 0.001 0.000 
6 robin_vis 30 0.187 0.001 0.002 0.002 0.071 0.311 0.001 0.135 0.000 0.005 0.000 0.000 0.000 0.001 0.000 0.015 0.000 0.000 0.001 0.001 0.413 0.000 0.017 0.013 0.002 0.001 0.000 0.006 0.000 0.049 0.003 0.002 0.147 0.931 0.000 0.000 0.019 0.001 0.001 0.001 0.001 0.862 0.018 0.005 0.012 0.000 0.005 0.000 0.000 0.001 0.038 0.002 0.001 0.019 0.001 0.005 0.001 0.000 
7 swan_vis 30 0.073 0.000 0.002 0.002 0.015 0.438 0.001 0.165 0.000 0.005 0.000 0.000 0.000 0.001 0.000 0.011 0.000 0.000 0.001 0.001 0.277 0.000 0.010 0.009 0.002 0.001 0.000 0.007 0.000 0.027 0.001 0.002 0.094 0.920 0.000 0.000 0.026 0.001 0.001 0.001 0.001 0.882 0.020 0.005 0.012 0.000 0.006 0.000 0.000 0.001 0.050 0.002 0.001 0.016 0.001 0.005 0.001 0.000 
8 woodpecker_vis 30 0.185 0.001 0.001 0.002 0.108 0.363 0.001 0.096 0.000 0.005 0.000 0.000 0.000 0.001 0.000 0.015 0.000 0.000 0.001 0.001 0.313 0.000 0.015 0.011 0.002 0.001 0.000 0.006 0.000 0.058 0.003 0.002 0.152 0.934 0.000 0.000 0.022 0.001 0.001 0.001 0.001 0.878 0.015 0.004 0.011 0.000 0.005 0.000 0.000 0.001 0.046 0.003 0.001 0.022 0.001 0.004 0.001 0.000 
9 peacock_vis 30 0.196 0.001 0.002 0.002 0.094 0.311 0.001 0.121 0.000 0.005 0.000 0.000 0.000 0.001 0.000 0.016 0.000 0.000 0.001 0.001 0.413 0.000 0.017 0.012 0.002 0.001 0.000 0.006 0.000 0.056 0.003 0.002 0.156 0.931 0.000 0.000 0.019 0.001 0.001 0.001 0.001 0.855 0.017 0.005 0.012 0.000 0.005 0.000 0.000 0.001 0.038 0.002 0.001 0.019 0.001 0.004 0.001 0.000 
10 crow_vis 30 0.002 0.000 0.003 0.001 0.001 0.838 0.001 0.402 0.000 0.007 0.000 0.000 0.000 0.001 0.000 0.010 0.000 0.000 0.001 0.001 0.114 0.000 0.003 0.004 0.002 0.001 0.000 0.009 0.000 0.009 0.000 0.002 0.034 0.810 0.000 0.001 0.055 0.001 0.002 0.001 0.001 0.851 0.042 0.008 0.016 0.000 0.008 0.000 0.000 0.001 0.070 0.001 0.001 0.007 0.001 0.010 0.001 0.000 
11 eagle_vis 30 0.186 0.001 0.003 0.002 0.054 0.322 0.001 0.145 0.000 0.005 0.000 0.000 0.000 0.001 0.000 0.013 0.000 0.000 0.001 0.001 0.388 0.000 0.017 0.013 0.002 0.001 0.000 0.006 0.000 0.042 0.003 0.002 0.134 0.933 0.000 0.000 0.019 0.001 0.001 0.001 0.001 0.884 0.018 0.005 0.012 0.000 0.005 0.000 0.000 0.001 0.041 0.002 0.001 0.019 0.001 0.004 0.001 0.000 
12 tuna_vis 30 0.131 0.001 0.000 0.002 0.225 0.630 0.001 0.045 0.000 0.007 0.000 0.000 0.000 0.001 0.000 0.014 0.000 0.000 0.001 0.001 0.105 0.000 0.010 0.007 0.002 0.001 0.000 0.006 0.000 0.081 0.002 0.004 0.164 0.936 0.000 0.000 0.035 0.001 0.001 0.001 0.001 0.909 0.010 0.003 0.011 0.000 0.007 0.000 0.000 0.001 0.092 0.016 0.001 0.031 0.000 0.003 0.001 0.000 
13 goldfish_vis 30 0.132 0.001 0.001 0.002 0.206 0.605 0.001 0.049 0.000 0.007 0.000 0.000 0.000 0.001 0.000 0.014 0.000 0.000 0.001 0.001 0.114 0.000 0.010 0.007 0.002 0.001 0.000 0.006 0.000 0.077 0.002 0.003 0.160 0.935 0.000 0.000 0.033 0.001 0.001 0.001 0.001 0.906 0.010 0.003 0.011 0.000 0.006 0.000 0.000 0.001 0.087 0.014 0.001 0.031 0.000 0.003 0.001 0.000 
14 salmon_vis 30 0.128 0.001 0.000 0.002 0.204 0.620 0.001 0.048 0.000 0.007 0.000 0.000 0.000 0.001 0.000 0.013 0.000 0.000 0.001 0.001 0.110 0.000 0.010 0.007 0.002 0.001 0.000 0.006 0.000 0.076 0.002 0.003 0.159 0.935 0.000 0.000 0.034 0.001 0.001 0.001 0.001 0.908 0.010 0.003 0.011 0.000 0.007 0.000 0.000 0.001 0.089 0.015 0.001 0.031 0.000 0.003 0.001 0.000 
15 sardine_vis 30 0.118 0.001 0.001 0.002 0.090 0.535 0.001 0.073 0.000 0.006 0.000 0.000 0.000 0.001 0.000 0.012 0.000 0.000 0.001 0.001 0.159 0.000 0.010 0.008 0.002 0.001 0.000 0.006 0.000 0.050 0.002 0.002 0.128 0.933 0.000 0.000 0.026 0.001 0.001 0.001 0.001 0.898 0.012 0.004 0.012 0.000 0.006 0.000 0.000 0.001 0.065 0.007 0.001 0.025 0.001 0.003 0.001 0.000 
16 catfish_vis 30 0.133 0.001 0.001 0.002 0.183 0.591 0.001 0.052 0.000 0.007 0.000 0.000 0.000 0.001 0.000 0.013 0.000 0.000 0.001 0.001 0.118 0.000 0.010 0.007 0.002 0.001 0.000 0.006 0.000 0.071 0.002 0.003 0.154 0.935 0.000 0.000 0.032 0.001 0.001 0.001 0.001 0.904 0.010 0.003 0.011 0.000 0.006 0.000 0.000 0.001 0.082 0.012 0.001 0.029 0.000 0.003 0.001 0.000 
17 cod_vis 30 0.103 0.001 0.001 0.002 0.060 0.588 0.001 0.084 0.000 0.007 0.000 0.000 0.000 0.001 0.000 0.011 0.000 0.000 0.001 0.001 0.137 0.000 0.010 0.008 0.002 0.001 0.000 0.006 0.000 0.043 0.002 0.003 0.117 0.935 0.000 0.000 0.027 0.001 0.001 0.001 0.001 0.917 0.013 0.004 0.011 0.000 0.006 0.000 0.000 0.001 0.075 0.008 0.001 0.024 0.000 0.003 0.001 0.000 
18 turtle_vis 30 0.238 0.001 0.001 0.002 0.341 0.377 0.001 0.061 0.000 0.006 0.000 0.000 0.000 0.001 0.000 0.022 0.000 0.000 0.001 0.001 0.251 0.000 0.019 0.011 0.002 0.001 0.000 0.006 0.000 0.137 0.005 0.004 0.246 0.930 0.000 0.000 0.029 0.001 0.001 0.001 0.001 0.871 0.012 0.004 0.012 0.000 0.006 0.000 0.000 0.001 0.063 0.008 0.001 0.034 0.001 0.003 0.001 0.000 
19 rattlesnake_vis 30 0.157 0.000 0.002 0.002 0.043 0.364 0.001 0.150 0.000 0.005 0.000 0.000 0.000 0.001 0.000 0.012 0.000 0.000 0.001 0.001 0.323 0.000 0.015 0.013 0.002 0.001 0.000 0.006 0.000 0.038 0.002 0.002 0.122 0.931 0.000 0.000 0.019 0.001 0.001 0.001 0.001 0.891 0.017 0.005 0.012 0.000 0.005 0.000 0.000 0.001 0.045 0.003 0.001 0.020 0.001 0.004 0.001 0.000 
20 crab_vis 30 0.184 0.001 0.001 0.002 0.307 0.487 0.001 0.051 0.000 0.007 0.000 0.000 0.000 0.001 0.000 0.018 0.000 0.000 0.001 0.001 0.165 0.000 0.014 0.008 0.002 0.001 0.000 0.006 0.000 0.114 0.004 0.004 0.213 0.931 0.000 0.000 0.033 0.001 0.001 0.001 0.001 0.889 0.011 0.003 0.011 0.000 0.006 0.000 0.000 0.001 0.080 0.013 0.001 0.035 0.001 0.003 0.001 0.000 
21 frog_vis 30 0.159 0.001 0.001 0.002 0.060 0.362 0.001 0.128 0.000 0.005 0.000 0.000 0.000 0.001 0.000 0.013 0.000 0.000 0.001 0.001 0.301 0.000 0.015 0.012 0.002 0.001 0.000 0.006 0.000 0.043 0.002 0.002 0.130 0.929 0.000 0.000 0.019 0.001 0.001 0.001 0.001 0.875 0.016 0.005 0.013 0.000 0.005 0.000 0.000 0.001 0.044 0.003 0.001 0.021 0.001 0.005 0.001 0.000 
22 gecko_vis 30 0.198 0.001 0.001 0.002 0.206 0.394 0.001 0.074 0.000 0.006 0.000 0.000 0.000 0.001 0.000 0.017 0.000 0.000 0.001 0.001 0.255 0.000 0.016 0.010 0.002 0.001 0.000 0.006 0.000 0.084 0.004 0.003 0.187 0.932 0.000 0.000 0.025 0.001 0.001 0.001 0.001 0.881 0.013 0.004 0.012 0.000 0.006 0.000 0.000 0.001 0.057 0.006 0.001 0.028 0.001 0.004 0.001 0.000 
23 crocodile_vis 30 0.155 0.001 0.001 0.002 0.078 0.414 0.001 0.101 0.000 0.006 0.000 0.000 0.000 0.001 0.000 0.013 0.000 0.000 0.001 0.001 0.224 0.000 0.014 0.011 0.002 0.001 0.000 0.006 0.000 0.050 0.002 0.002 0.138 0.930 0.000 0.000 0.023 0.001 0.001 0.001 0.001 0.892 0.014 0.004 0.012 0.000 0.006 0.000 0.000 0.001 0.055 0.004 0.001 0.024 0.001 0.004 0.001 0.000 
24 axe_vis 30 0.326 0.001 0.002 0.003 0.315 0.220 0.001 0.124 0.000 0.004 0.000 0.000 0.000 0.001 0.000 0.031 0.000 0.000 0.001 0.001 0.572 0.000 0.034 0.019 0.002 0.002 0.000 0.007 0.000 0.152 0.009 0.002 0.290 0.928 0.000 0.000 0.016 0.001 0.001 0.001 0.001 0.791 0.018 0.006 0.012 0.000 0.004 0.000 0.000 0.001 0.029 0.002 0.001 0.025 0.001 0.005 0.001 0.000 
25 hammer_vis 30 0.314 0.001 0.007 0.003 0.142 0.188 0.001 0.215 0.000 0.004 0.000 0.000 0.000 0.001 0.000 0.024 0.000 0.000 0.002 0.002 0.656 0.000 0.035 0.025 0.002 0.002 0.000 0.008 0.000 0.075 0.007 0.001 0.211 0.926 0.000 0.000 0.012 0.001 0.001 0.001 0.001 0.781 0.024 0.006 0.012 0.000 0.004 0.000 0.000 0.001 0.019 0.001 0.001 0.017 0.001 0.006 0.001 0.000 
26 screwdriver_vis 30 0.322 0.001 0.003 0.003 0.274 0.211 0.001 0.141 0.000 0.004 0.000 0.000 0.000 0.001 0.000 0.031 0.000 0.000 0.002 0.001 0.602 0.000 0.034 0.020 0.002 0.002 0.000 0.007 0.000 0.133 0.009 0.002 0.274 0.928 0.000 0.000 0.016 0.001 0.001 0.001 0.001 0.789 0.020 0.006 0.012 0.000 0.004 0.000 0.000 0.001 0.027 0.002 0.001 0.023 0.001 0.005 0.001 0.000 
27 chisel_vis 30 0.294 0.001 0.006 0.003 0.132 0.202 0.001 0.201 0.000 0.004 0.000 0.000 0.000 0.001 0.000 0.023 0.000 0.000 0.002 0.002 0.627 0.000 0.032 0.022 0.002 0.002 0.000 0.007 0.000 0.072 0.006 0.001 0.204 0.926 0.000 0.000 0.013 0.001 0.001 0.001 0.001 0.795 0.023 0.006 0.012 0.000 0.004 0.000 0.000 0.001 0.022 0.001 0.001 0.017 0.001 0.006 0.001 0.000 
28 saw_vis 30 0.324 0.001 0.003 0.003 0.256 0.202 0.001 0.159 0.000 0.004 0.000 0.000 0.000 0.001 0.000 0.031 0.000 0.000 0.002 0.002 0.635 0.000 0.036 0.022 0.002 0.002 0.000 0.007 0.000 0.126 0.009 0.002 0.270 0.928 0.000 0.000 0.013 0.001 0.001 0.001 0.001 0.777 0.021 0.006 0.012 0.000 0.004 0.000 0.000 0.001 0.023 0.001 0.001 0.022 0.001 0.006 0.001 0.000 
29 drill_vis 30 0.350 0.001 0.004 0.003 0.293 0.188 0.001 0.161 0.000 0.004 0.000 0.000 0.000 0.001 0.000 0.035 0.000 0.000 0.002 0.002 0.661 0.000 0.040 0.024 0.002 0.002 0.000 0.008 0.000 0.148 0.011 0.002 0.296 0.927 0.000 0.000 0.013 0.001 0.001 0.001 0.001 0.764 0.022 0.006 0.012 0.000 0.004 0.000 0.000 0.001 0.022 0.001 0.001 0.023 0.001 0.006 0.001 0.000 
30 clamp_vis 30 0.087 0.000 0.001 0.002 0.015 0.460 0.001 0.206 0.000 0.004 0.000 0.000 0.000 0.001 0.000 0.006 0.000 0.000 0.001 0.001 0.154 0.000 0.011 0.012 0.002 0.001 0.000 0.006 0.000 0.018 0.001 0.001 0.070 0.932 0.000 0.000 0.010 0.001 0.001 0.001 0.001 0.902 0.016 0.005 0.015 0.000 0.004 0.000 0.000 0.001 0.037 0.002 0.001 0.019 0.001 0.006 0.001 0.000 
31 hoe_vis 30 0.085 0.000 0.002 0.002 0.012 0.438 0.001 0.185 0.000 0.005 0.000 0.000 0.000 0.001 0.000 0.008 0.000 0.000 0.001 0.001 0.258 0.000 0.010 0.009 0.002 0.001 0.000 0.006 0.000 0.019 0.001 0.001 0.073 0.929 0.000 0.000 0.015 0.001 0.001 0.001 0.001 0.887 0.018 0.005 0.013 0.000 0.005 0.000 0.000 0.001 0.040 0.002 0.001 0.016 0.001 0.005 0.001 0.000 
32 rake_vis 30 0.075 0.000 0.001 0.002 0.010 0.469 0.001 0.206 0.000 0.005 0.000 0.000 0.000 0.001 0.000 0.006 0.000 0.000 0.001 0.001 0.173 0.000 0.010 0.010 0.002 0.001 0.000 0.005 0.000 0.016 0.001 0.001 0.064 0.931 0.000 0.000 0.011 0.001 0.001 0.001 0.001 0.894 0.017 0.005 0.014 0.000 0.004 0.000 0.000 0.001 0.037 0.002 0.001 0.017 0.001 0.006 0.001 0.000 
33 shovel_vis 30 0.091 0.000 0.001 0.002 0.024 0.503 0.001 0.164 0.000 0.005 0.000 0.000 0.000 0.001 0.000 0.007 0.000 0.000 0.001 0.001 0.123 0.000 0.011 0.011 0.002 0.001 0.000 0.006 0.000 0.022 0.002 0.001 0.079 0.932 0.000 0.000 0.012 0.001 0.001 0.001 0.001 0.906 0.014 0.005 0.014 0.000 0.004 0.000 0.000 0.001 0.043 0.003 0.001 0.021 0.001 0.005 0.001 0.000 
34 spade_vis 30 0.099 0.000 0.003 0.002 0.011 0.378 0.001 0.212 0.000 0.005 0.000 0.000 0.000 0.001 0.000 0.009 0.000 0.000 0.001 0.001 0.347 0.000 0.011 0.010 0.002 0.001 0.000 0.006 0.000 0.019 0.001 0.001 0.076 0.929 0.000 0.000 0.014 0.001 0.001 0.001 0.001 0.876 0.020 0.005 0.013 0.000 0.004 0.000 0.000 0.001 0.035 0.002 0.001 0.015 0.001 0.006 0.001 0.000 
35 wrench_vis 30 0.067 0.000 0.001 0.002 0.013 0.563 0.001 0.182 0.000 0.005 0.000 0.000 0.000 0.001 0.000 0.006 0.000 0.000 0.001 0.001 0.115 0.000 0.009 0.009 0.002 0.001 0.000 0.006 0.000 0.018 0.001 0.001 0.066 0.931 0.000 0.000 0.013 0.001 0.001 0.001 0.001 0.910 0.015 0.005 0.014 0.000 0.005 0.000 0.000 0.001 0.046 0.003 0.001 0.019 0.001 0.005 0.001 0.000 
36 accordion_vis 30 0.079 0.000 0.002 0.002 0.016 0.465 0.001 0.160 0.000 0.006 0.000 0.000 0.000 0.001 0.000 0.010 0.000 0.000 0.001 0.001 0.259 0.000 0.010 0.009 0.002 0.001 0.000 0.006 0.000 0.024 0.001 0.002 0.086 0.925 0.000 0.000 0.020 0.001 0.001 0.001 0.001 0.887 0.018 0.005 0.013 0.000 0.005 0.000 0.000 0.001 0.047 0.003 0.001 0.017 0.001 0.005 0.001 0.000 
37 cello_vis 30 0.176 0.000 0.003 0.002 0.044 0.297 0.001 0.179 0.000 0.005 0.000 0.000 0.000 0.001 0.000 0.014 0.000 0.000 0.001 0.001 0.467 0.000 0.017 0.014 0.002 0.001 0.000 0.006 0.000 0.038 0.003 0.001 0.129 0.929 0.000 0.000 0.016 0.001 0.001 0.001 0.001 0.858 0.020 0.005 0.012 0.000 0.005 0.000 0.000 0.001 0.033 0.002 0.001 0.017 0.001 0.005 0.001 0.000 
38 flute_vis 30 0.249 0.001 0.002 0.002 0.157 0.258 0.001 0.133 0.000 0.005 0.000 0.000 0.000 0.001 0.000 0.021 0.000 0.000 0.001 0.001 0.511 0.000 0.023 0.015 0.002 0.001 0.000 0.007 0.000 0.078 0.005 0.002 0.195 0.928 0.000 0.000 0.016 0.001 0.001 0.001 0.001 0.808 0.018 0.005 0.012 0.000 0.004 0.000 0.000 0.001 0.030 0.002 0.001 0.020 0.001 0.005 0.001 0.000 
39 guitar_vis 30 0.176 0.000 0.003 0.002 0.047 0.300 0.001 0.165 0.000 0.005 0.000 0.000 0.000 0.001 0.000 0.014 0.000 0.000 0.001 0.001 0.459 0.000 0.016 0.013 0.002 0.001 0.000 0.006 0.000 0.037 0.003 0.001 0.124 0.929 0.000 0.000 0.014 0.001 0.001 0.001 0.001 0.842 0.019 0.005 0.012 0.000 0.004 0.000 0.000 0.001 0.031 0.002 0.001 0.017 0.001 0.005 0.001 0.000 
40 piano_vis 30 0.078 0.000 0.001 0.002 0.020 0.475 0.001 0.154 0.000 0.006 0.000 0.000 0.000 0.001 0.000 0.011 0.000 0.000 0.001 0.001 0.259 0.000 0.010 0.009 0.002 0.001 0.000 0.006 0.000 0.029 0.001 0.002 0.098 0.924 0.000 0.000 0.023 0.001 0.001 0.001 0.001 0.893 0.019 0.005 0.012 0.000 0.006 0.000 0.000 0.001 0.053 0.003 0.001 0.019 0.001 0.005 0.001 0.000 
41 trumpet_vis 30 0.110 0.000 0.001 0.002 0.031 0.429 0.001 0.138 0.000 0.006 0.000 0.000 0.000 0.001 0.000 0.011 0.000 0.000 0.001 0.001 0.277 0.000 0.012 0.010 0.002 0.001 0.000 0.006 0.000 0.033 0.002 0.002 0.108 0.929 0.000 0.000 0.021 0.001 0.001 0.001 0.001 0.891 0.017 0.004 0.012 0.000 0.005 0.000 0.000 0.001 0.049 0.003 0.001 0.019 0.001 0.004 0.001 0.000 
42 fork_vis 30 0.131 0.000 0.004 0.002 0.014 0.321 0.001 0.230 0.000 0.004 0.000 0.000 0.000 0.001 0.000 0.009 0.000 0.000 0.001 0.001 0.396 0.000 0.013 0.012 0.002 0.001 0.000 0.006 0.000 0.019 0.002 0.001 0.080 0.930 0.000 0.000 0.010 0.001 0.001 0.001 0.001 0.859 0.020 0.005 0.014 0.000 0.004 0.000 0.000 0.001 0.028 0.001 0.001 0.015 0.001 0.006 0.001 0.000 
43 spoon_vis 30 0.097 0.000 0.002 0.002 0.011 0.390 0.001 0.207 0.000 0.004 0.000 0.000 0.000 0.001 0.000 0.007 0.000 0.000 0.001 0.001 0.254 0.000 0.011 0.010 0.002 0.001 0.000 0.005 0.000 0.016 0.001 0.001 0.068 0.930 0.000 0.000 0.011 0.001 0.001 0.001 0.001 0.874 0.018 0.005 0.014 0.000 0.004 0.000 0.000 0.001 0.031 0.002 0.001 0.015 0.001 0.006 0.001 0.000 
44 tongs_vis 30 0.167 0.000 0.004 0.002 0.030 0.252 0.001 0.235 0.000 0.004 0.000 0.000 0.000 0.001 0.000 0.012 0.000 0.000 0.001 0.001 0.472 0.000 0.019 0.015 0.002 0.001 0.000 0.006 0.000 0.028 0.003 0.001 0.107 0.927 0.000 0.000 0.010 0.001 0.001 0.001 0.001 0.815 0.022 0.006 0.013 0.000 0.004 0.000 0.000 0.001 0.022 0.001 0.001 0.015 0.001 0.007 0.001 0.000 
45 ladle_vis 30 0.073 0.000 0.001 0.002 0.009 0.480 0.001 0.198 0.000 0.005 0.000 0.000 0.000 0.001 0.000 0.006 0.000 0.000 0.001 0.001 0.178 0.000 0.009 0.009 0.002 0.001 0.000 0.005 0.000 0.015 0.001 0.001 0.060 0.931 0.000 0.000 0.011 0.001 0.001 0.001 0.001 0.892 0.017 0.005 0.014 0.000 0.004 0.000 0.000 0.001 0.037 0.002 0.001 0.016 0.001 0.006 0.001 0.000 
46 knife_vis 30 0.192 0.000 0.007 0.002 0.033 0.244 0.001 0.240 0.000 0.004 0.000 0.000 0.000 0.001 0.000 0.013 0.000 0.000 0.002 0.001 0.538 0.000 0.020 0.016 0.002 0.002 0.000 0.006 0.000 0.031 0.003 0.001 0.117 0.927 0.000 0.000 0.012 0.001 0.001 0.001 0.001 0.813 0.023 0.006 0.012 0.000 0.004 0.000 0.000 0.001 0.023 0.001 0.001 0.014 0.001 0.007 0.001 0.000 
47 chopsticks_vis 30 0.159 0.000 0.006 0.002 0.023 0.255 0.001 0.251 0.000 0.004 0.000 0.000 0.000 0.001 0.000 0.011 0.000 0.000 0.001 0.001 0.485 0.000 0.018 0.015 0.002 0.001 0.000 0.006 0.000 0.025 0.003 0.001 0.101 0.927 0.000 0.000 0.010 0.001 0.001 0.001 0.001 0.819 0.022 0.006 0.013 0.000 0.004 0.000 0.000 0.001 0.022 0.001 0.001 0.014 0.001 0.007 0.001 0.000 
