0 beaver_vis 30 0.990 0.002 0.000 0.984 0.457 0.001 0.030 0.086 0.000 0.000 0.001 0.916 0.000 0.002 0.000 0.004 0.000 0.001 0.009 0.160 0.001 0.001 0.000 0.085 0.022 0.986 0.962 0.751 0.815 0.001 0.000 0.975 0.050 0.229 0.968 0.001 0.000 0.595 0.020 0.001 0.088 0.000 0.009 0.117 0.080 0.945 0.000 0.000 0.001 0.001 0.000 0.001 0.000 0.000 0.001 0.001 0.000 0.000 
1 bear_vis 30 0.992 0.002 0.000 0.985 0.515 0.001 0.020 0.098 0.000 0.000 0.001 0.940 0.000 0.003 0.000 0.004 0.000 0.001 0.011 0.233 0.001 0.002 0.000 0.072 0.040 0.988 0.969 0.898 0.892 0.001 0.000 0.979 0.034 0.213 0.959 0.001 0.000 0.667 0.013 0.001 0.099 0.000 0.016 0.156 0.107 0.943 0.000 0.000 0.001 0.001 0.000 0.001 0.000 0.000 0.001 0.001 0.000 0.000 
2 sheep_vis 30 0.991 0.002 0.000 0.985 0.403 0.001 0.018 0.073 0.000 0.000 0.001 0.941 0.000 0.002 0.000 0.004 0.000 0.001 0.011 0.190 0.001 0.002 0.000 0.070 0.030 0.989 0.969 0.826 0.874 0.001 0.000 0.981 0.034 0.195 0.948 0.001 0.000 0.642 0.013 0.001 0.097 0.000 0.010 0.123 0.097 0.940 0.000 0.000 0.001 0.001 0.000 0.001 0.000 0.000 0.001 0.001 0.000 0.000 
3 buffalo_vis 30 0.992 0.001 0.000 0.986 0.199 0.001 0.015 0.043 0.000 0.000 0.001 0.863 0.000 0.004 0.000 0.003 0.000 0.001 0.014 0.050 0.001 0.001 0.000 0.056 0.018 0.988 0.960 0.682 0.745 0.001 0.000 0.971 0.019 0.089 0.770 0.001 0.001 0.637 0.011 0.001 0.154 0.000 0.011 0.100 0.019 0.843 0.000 0.000 0.000 0.000 0.000 0.001 0.000 0.000 0.001 0.001 0.000 0.000 
4 poodle_vis 30 0.991 0.002 0.000 0.985 0.322 0.001 0.026 0.056 0.000 0.000 0.001 0.923 0.000 0.004 0.000 0.004 0.000 0.001 0.012 0.137 0.001 0.002 0.000 0.070 0.029 0.984 0.970 0.858 0.885 0.001 0.000 0.969 0.019 0.169 0.921 0.001 0.000 0.578 0.017 0.001 0.087 0.000 0.005 0.100 0.081 0.918 0.000 0.000 0.000 0.001 0.000 0.001 0.000 0.000 0.001 0.001 0.000 0.000 
5 giraffe_vis 30 0.992 0.002 0.000 0.985 0.286 0.001 0.016 0.052 0.000 0.000 0.001 0.927 0.000 0.003 0.000 0.004 0.000 0.001 0.018 0.133 0.001 0.002 0.000 0.054 0.025 0.987 0.969 0.811 0.873 0.001 0.000 0.976 0.019 0.152 0.885 0.001 0.000 0.578 0.014 0.001 0.093 0.000 0.005 0.090 0.077 0.910 0.000 0.000 0.000 0.000 0.000 0.001 0.000 0.000 0.000 0.001 0.000 0.000 
6 robin_vis 30 0.990 0.001 0.000 0.984 0.089 0.001 0.021 0.040 0.000 0.000 0.001 0.654 0.000 0.004 0.000 0.003 0.000 0.002 0.025 0.008 0.001 0.001 0.000 0.107 0.009 0.988 0.935 0.402 0.327 0.001 0.000 0.957 0.050 0.013 0.135 0.001 0.001 0.300 0.022 0.001 0.278 0.000 0.025 0.043 0.017 0.153 0.000 0.000 0.000 0.000 0.000 0.000 0.000 0.000 0.002 0.000 0.000 0.000 
7 swan_vis 30 0.992 0.002 0.000 0.961 0.195 0.001 0.003 0.010 0.000 0.000 0.001 0.482 0.000 0.009 0.000 0.001 0.000 0.004 0.001 0.002 0.001 0.001 0.000 0.044 0.012 0.985 0.507 0.777 0.325 0.001 0.003 0.871 0.064 0.001 0.143 0.001 0.001 0.069 0.007 0.020 0.093 0.000 0.105 0.038 0.001 0.067 0.000 0.000 0.001 0.000 0.000 0.000 0.000 0.000 0.002 0.000 0.000 0.000 
8 woodpecker_vis 30 0.988 0.002 0.000 0.980 0.381 0.001 0.032 0.076 0.000 0.000 0.002 0.959 0.000 0.002 0.000 0.007 0.000 0.001 0.009 0.219 0.001 0.003 0.000 0.210 0.029 0.986 0.951 0.757 0.816 0.001 0.000 0.973 0.130 0.119 0.924 0.001 0.001 0.254 0.041 0.001 0.055 0.001 0.004 0.061 0.333 0.855 0.000 0.000 0.000 0.001 0.000 0.001 0.000 0.000 0.001 0.001 0.000 0.000 
9 peacock_vis 30 0.991 0.024 0.009 0.644 0.911 0.001 0.003 0.002 0.000 0.000 0.002 0.789 0.000 0.007 0.000 0.039 0.000 0.039 0.008 0.043 0.001 0.001 0.000 0.014 0.001 0.972 0.322 0.059 0.447 0.001 0.011 0.972 0.114 0.003 0.007 0.001 0.001 0.010 0.009 0.013 0.013 0.001 0.009 0.003 0.001 0.003 0.000 0.000 0.001 0.000 0.000 0.000 0.000 0.000 0.002 0.000 0.000 0.000 
10 crow_vis 30 0.992 0.001 0.000 0.974 0.110 0.001 0.005 0.016 0.000 0.000 0.001 0.423 0.000 0.010 0.000 0.001 0.000 0.003 0.001 0.001 0.002 0.001 0.000 0.067 0.018 0.986 0.503 0.878 0.340 0.001 0.002 0.763 0.054 0.001 0.196 0.001 0.001 0.097 0.008 0.018 0.114 0.000 0.122 0.061 0.001 0.101 0.000 0.000 0.000 0.000 0.000 0.000 0.000 0.000 0.001 0.000 0.000 0.000 
11 eagle_vis 30 0.991 0.002 0.000 0.976 0.096 0.001 0.010 0.026 0.000 0.000 0.001 0.626 0.000 0.005 0.000 0.003 0.000 0.008 0.002 0.005 0.001 0.001 0.000 0.112 0.021 0.986 0.869 0.590 0.176 0.001 0.001 0.947 0.069 0.002 0.231 0.001 0.001 0.078 0.023 0.010 0.146 0.001 0.122 0.034 0.011 0.093 0.000 0.000 0.000 0.000 0.000 0.000 0.000 0.000 0.008 0.000 0.000 0.000 
12 tuna_vis 30 0.992 0.009 0.001 0.918 0.467 0.001 0.003 0.004 0.000 0.000 0.002 0.678 0.000 0.004 0.000 0.013 0.000 0.029 0.003 0.016 0.001 0.001 0.000 0.022 0.004 0.985 0.640 0.150 0.232 0.001 0.003 0.975 0.069 0.001 0.038 0.001 0.001 0.020 0.005 0.024 0.051 0.000 0.064 0.008 0.003 0.013 0.000 0.000 0.001 0.000 0.000 0.000 0.000 0.000 0.008 0.000 0.000 0.000 
13 goldfish_vis 30 0.992 0.003 0.000 0.968 0.166 0.001 0.004 0.012 0.000 0.000 0.001 0.579 0.000 0.005 0.000 0.004 0.000 0.015 0.002 0.006 0.001 0.001 0.000 0.050 0.015 0.988 0.793 0.426 0.156 0.001 0.002 0.965 0.051 0.001 0.119 0.001 0.001 0.044 0.006 0.025 0.122 0.000 0.158 0.023 0.004 0.040 0.000 0.000 0.001 0.000 0.000 0.000 0.000 0.000 0.011 0.000 0.000 0.000 
14 salmon_vis 30 0.992 0.004 0.001 0.944 0.308 0.001 0.003 0.006 0.000 0.000 0.001 0.591 0.000 0.005 0.000 0.003 0.000 0.012 0.002 0.004 0.001 0.001 0.000 0.035 0.010 0.986 0.556 0.527 0.270 0.001 0.003 0.955 0.071 0.001 0.051 0.001 0.001 0.011 0.006 0.035 0.052 0.000 0.086 0.013 0.003 0.012 0.000 0.000 0.001 0.000 0.000 0.000 0.000 0.000 0.003 0.000 0.000 0.000 
15 sardine_vis 30 0.992 0.002 0.000 0.979 0.083 0.001 0.007 0.021 0.000 0.000 0.001 0.565 0.000 0.005 0.000 0.003 0.000 0.013 0.001 0.004 0.001 0.000 0.000 0.095 0.030 0.990 0.840 0.650 0.135 0.001 0.001 0.953 0.048 0.001 0.208 0.001 0.001 0.036 0.007 0.034 0.136 0.000 0.218 0.029 0.007 0.056 0.000 0.000 0.000 0.000 0.000 0.000 0.000 0.000 0.012 0.000 0.000 0.000 
16 catfish_vis 30 0.992 0.002 0.000 0.976 0.105 0.001 0.005 0.018 0.000 0.000 0.001 0.559 0.000 0.005 0.000 0.003 0.000 0.012 0.002 0.004 0.001 0.001 0.000 0.069 0.023 0.989 0.822 0.594 0.156 0.001 0.001 0.954 0.044 0.001 0.180 0.001 0.001 0.056 0.006 0.024 0.143 0.000 0.187 0.030 0.005 0.062 0.000 0.000 0.000 0.000 0.000 0.000 0.000 0.000 0.010 0.000 0.000 0.000 
17 cod_vis 30 0.992 0.003 0.001 0.943 0.306 0.001 0.003 0.005 0.000 0.000 0.001 0.520 0.000 0.006 0.000 0.002 0.000 0.009 0.002 0.002 0.001 0.001 0.000 0.035 0.008 0.985 0.412 0.623 0.285 0.001 0.004 0.925 0.074 0.001 0.035 0.001 0.001 0.010 0.006 0.046 0.050 0.000 0.084 0.014 0.002 0.008 0.000 0.000 0.001 0.000 0.000 0.000 0.000 0.000 0.002 0.000 0.000 0.000 
18 turtle_vis 30 0.992 0.002 0.000 0.966 0.169 0.001 0.004 0.012 0.000 0.000 0.001 0.542 0.000 0.007 0.000 0.001 0.000 0.007 0.001 0.003 0.001 0.001 0.000 0.049 0.016 0.987 0.663 0.709 0.272 0.001 0.002 0.929 0.056 0.001 0.207 0.001 0.001 0.080 0.006 0.018 0.108 0.000 0.130 0.036 0.002 0.096 0.000 0.000 0.001 0.000 0.000 0.000 0.000 0.000 0.004 0.000 0.000 0.000 
19 rattlesnake_vis 30 0.992 0.002 0.001 0.938 0.288 0.001 0.003 0.006 0.000 0.000 0.001 0.434 0.000 0.010 0.000 0.001 0.000 0.004 0.001 0.001 0.002 0.001 0.000 0.036 0.008 0.980 0.262 0.840 0.402 0.001 0.005 0.793 0.080 0.001 0.039 0.001 0.001 0.016 0.006 0.033 0.053 0.000 0.073 0.024 0.001 0.012 0.000 0.000 0.001 0.000 0.000 0.000 0.000 0.000 0.001 0.000 0.000 0.000 
20 crab_vis 30 0.992 0.007 0.001 0.920 0.455 0.001 0.002 0.004 0.000 0.000 0.001 0.664 0.000 0.005 0.000 0.009 0.000 0.023 0.003 0.013 0.001 0.001 0.000 0.020 0.005 0.985 0.621 0.206 0.265 0.001 0.004 0.975 0.065 0.001 0.045 0.001 0.001 0.023 0.005 0.022 0.051 0.000 0.065 0.010 0.002 0.016 0.000 0.000 0.001 0.000 0.000 0.000 0.000 0.000 0.006 0.000 0.000 0.000 
21 frog_vis 30 0.992 0.001 0.000 0.982 0.101 0.001 0.007 0.026 0.000 0.000 0.001 0.633 0.000 0.005 0.000 0.002 0.000 0.005 0.001 0.008 0.001 0.001 0.000 0.066 0.023 0.989 0.868 0.650 0.305 0.001 0.001 0.950 0.034 0.008 0.619 0.001 0.001 0.438 0.007 0.005 0.197 0.000 0.142 0.093 0.003 0.526 0.000 0.000 0.001 0.000 0.000 0.000 0.000 0.000 0.005 0.000 0.000 0.000 
22 gecko_vis 30 0.992 0.012 0.003 0.817 0.753 0.001 0.002 0.002 0.000 0.000 0.001 0.691 0.000 0.006 0.000 0.014 0.000 0.029 0.004 0.016 0.001 0.001 0.000 0.012 0.001 0.979 0.376 0.121 0.362 0.001 0.006 0.973 0.081 0.002 0.013 0.001 0.001 0.015 0.005 0.023 0.024 0.000 0.026 0.005 0.001 0.006 0.000 0.000 0.001 0.000 0.000 0.000 0.000 0.000 0.003 0.000 0.000 0.000 
23 crocodile_vis 30 0.992 0.009 0.002 0.871 0.646 0.001 0.002 0.002 0.000 0.000 0.001 0.674 0.000 0.006 0.000 0.009 0.000 0.023 0.003 0.011 0.001 0.001 0.000 0.015 0.002 0.981 0.426 0.181 0.350 0.001 0.006 0.971 0.080 0.001 0.019 0.001 0.001 0.014 0.005 0.023 0.029 0.000 0.034 0.006 0.002 0.008 0.000 0.000 0.001 0.000 0.000 0.000 0.000 0.000 0.003 0.000 0.000 0.000 
24 axe_vis 30 0.991 0.004 0.001 0.984 0.844 0.001 0.031 0.003 0.000 0.000 0.002 0.296 0.000 0.003 0.000 0.006 0.000 0.139 0.000 0.004 0.032 0.000 0.001 0.077 0.054 0.978 0.887 0.272 0.921 0.003 0.000 0.909 0.010 0.051 0.197 0.008 0.000 0.916 0.002 0.003 0.896 0.000 0.006 0.003 0.005 0.659 0.000 0.000 0.001 0.000 0.000 0.005 0.000 0.000 0.003 0.001 0.000 0.000 
25 hammer_vis 30 0.989 0.002 0.000 0.932 0.533 0.001 0.026 0.002 0.000 0.000 0.001 0.155 0.000 0.003 0.000 0.002 0.000 0.026 0.000 0.001 0.011 0.000 0.001 0.049 0.019 0.900 0.835 0.051 0.734 0.002 0.000 0.655 0.010 0.024 0.202 0.001 0.000 0.625 0.003 0.004 0.635 0.000 0.001 0.001 0.009 0.546 0.000 0.000 0.000 0.000 0.000 0.002 0.000 0.000 0.001 0.001 0.000 0.000 
26 screwdriver_vis 30 0.992 0.002 0.001 0.976 0.751 0.001 0.016 0.002 0.000 0.000 0.001 0.196 0.000 0.003 0.000 0.002 0.000 0.083 0.000 0.002 0.024 0.000 0.000 0.044 0.042 0.968 0.841 0.168 0.880 0.002 0.000 0.850 0.007 0.023 0.117 0.005 0.000 0.844 0.002 0.002 0.842 0.000 0.003 0.002 0.003 0.557 0.000 0.000 0.001 0.000 0.000 0.003 0.000 0.000 0.002 0.001 0.000 0.000 
27 chisel_vis 30 0.991 0.002 0.001 0.972 0.744 0.001 0.019 0.002 0.000 0.000 0.001 0.170 0.000 0.002 0.000 0.003 0.000 0.068 0.000 0.002 0.022 0.000 0.000 0.043 0.036 0.962 0.828 0.115 0.854 0.002 0.000 0.828 0.008 0.027 0.124 0.004 0.000 0.804 0.002 0.002 0.814 0.000 0.002 0.002 0.004 0.557 0.000 0.000 0.001 0.000 0.000 0.003 0.000 0.000 0.002 0.001 0.000 0.000 
28 saw_vis 30 0.991 0.002 0.000 0.977 0.701 0.001 0.027 0.002 0.000 0.000 0.002 0.250 0.000 0.005 0.000 0.003 0.000 0.078 0.000 0.002 0.028 0.000 0.000 0.066 0.042 0.969 0.848 0.198 0.906 0.002 0.000 0.832 0.010 0.023 0.081 0.005 0.000 0.832 0.003 0.002 0.833 0.000 0.002 0.002 0.003 0.518 0.000 0.000 0.001 0.000 0.000 0.003 0.000 0.000 0.001 0.001 0.000 0.000 
29 drill_vis 30 0.990 0.002 0.000 0.952 0.655 0.001 0.033 0.002 0.000 0.000 0.002 0.177 0.000 0.003 0.000 0.005 0.000 0.041 0.000 0.001 0.011 0.000 0.001 0.069 0.018 0.910 0.833 0.063 0.720 0.002 0.000 0.676 0.009 0.036 0.368 0.002 0.000 0.781 0.002 0.012 0.743 0.000 0.001 0.002 0.004 0.605 0.000 0.000 0.001 0.000 0.000 0.002 0.000 0.000 0.001 0.001 0.000 0.001 
30 clamp_vis 30 0.989 0.004 0.000 0.976 0.594 0.001 0.038 0.002 0.000 0.000 0.000 0.025 0.000 0.006 0.000 0.046 0.000 0.065 0.000 0.000 0.006 0.000 0.002 0.289 0.089 0.272 0.962 0.224 0.546 0.039 0.001 0.174 0.002 0.435 0.089 0.013 0.000 0.872 0.003 0.004 0.835 0.000 0.001 0.002 0.001 0.423 0.000 0.001 0.001 0.000 0.000 0.008 0.001 0.000 0.002 0.001 0.000 0.002 
31 hoe_vis 30 0.992 0.002 0.000 0.982 0.061 0.001 0.020 0.009 0.000 0.000 0.003 0.570 0.000 0.005 0.000 0.007 0.000 0.188 0.001 0.001 0.003 0.000 0.000 0.218 0.040 0.986 0.899 0.471 0.304 0.001 0.001 0.880 0.023 0.001 0.016 0.001 0.001 0.134 0.006 0.269 0.636 0.000 0.058 0.007 0.002 0.006 0.000 0.000 0.000 0.000 0.000 0.000 0.000 0.000 0.007 0.000 0.000 0.000 
32 rake_vis 30 0.988 0.001 0.000 0.906 0.486 0.001 0.037 0.003 0.000 0.000 0.000 0.069 0.000 0.009 0.000 0.001 0.000 0.007 0.000 0.000 0.036 0.000 0.001 0.087 0.020 0.655 0.330 0.460 0.899 0.004 0.001 0.095 0.006 0.034 0.026 0.002 0.000 0.481 0.005 0.002 0.616 0.000 0.001 0.003 0.001 0.150 0.000 0.000 0.001 0.000 0.000 0.003 0.000 0.000 0.000 0.001 0.000 0.000 
33 shovel_vis 30 0.992 0.003 0.001 0.981 0.788 0.001 0.025 0.002 0.000 0.000 0.001 0.240 0.000 0.005 0.000 0.004 0.000 0.109 0.000 0.002 0.026 0.000 0.000 0.069 0.047 0.973 0.858 0.231 0.897 0.003 0.001 0.872 0.008 0.031 0.148 0.007 0.000 0.879 0.003 0.003 0.873 0.000 0.005 0.003 0.003 0.570 0.000 0.000 0.001 0.000 0.000 0.003 0.000 0.000 0.002 0.001 0.000 0.000 
34 spade_vis 30 0.991 0.003 0.000 0.984 0.077 0.001 0.042 0.003 0.000 0.000 0.012 0.762 0.000 0.011 0.000 0.012 0.000 0.673 0.001 0.000 0.039 0.000 0.000 0.341 0.230 0.986 0.911 0.853 0.891 0.001 0.003 0.793 0.029 0.001 0.003 0.005 0.001 0.159 0.007 0.463 0.819 0.000 0.012 0.002 0.003 0.002 0.000 0.001 0.000 0.000 0.000 0.000 0.000 0.000 0.001 0.000 0.000 0.001 
35 wrench_vis 30 0.988 0.007 0.001 0.985 0.860 0.001 0.134 0.007 0.000 0.000 0.004 0.677 0.001 0.006 0.000 0.058 0.000 0.215 0.001 0.012 0.041 0.001 0.001 0.311 0.137 0.979 0.977 0.724 0.968 0.004 0.001 0.962 0.013 0.290 0.377 0.007 0.000 0.953 0.006 0.002 0.887 0.000 0.004 0.008 0.021 0.829 0.000 0.000 0.001 0.000 0.000 0.015 0.000 0.000 0.002 0.001 0.000 0.000 
36 accordion_vis 30 0.992 0.001 0.000 0.872 0.267 0.008 0.026 0.072 0.000 0.000 0.000 0.116 0.000 0.004 0.000 0.001 0.000 0.001 0.001 0.002 0.000 0.000 0.000 0.042 0.001 0.873 0.259 0.043 0.036 0.001 0.001 0.594 0.059 0.093 0.961 0.001 0.000 0.271 0.007 0.069 0.084 0.000 0.001 0.020 0.001 0.853 0.000 0.000 0.001 0.000 0.000 0.000 0.000 0.000 0.042 0.001 0.000 0.000 
37 cello_vis 30 0.984 0.005 0.001 0.982 0.885 0.002 0.144 0.007 0.000 0.000 0.005 0.613 0.000 0.005 0.000 0.026 0.000 0.159 0.001 0.008 0.037 0.001 0.001 0.283 0.053 0.975 0.958 0.455 0.959 0.005 0.001 0.945 0.030 0.238 0.406 0.004 0.000 0.951 0.005 0.003 0.900 0.000 0.002 0.005 0.018 0.798 0.000 0.000 0.001 0.001 0.000 0.011 0.000 0.000 0.002 0.003 0.000 0.000 
38 flute_vis 30 0.990 0.003 0.001 0.980 0.868 0.001 0.039 0.004 0.000 0.000 0.001 0.226 0.000 0.003 0.000 0.006 0.000 0.073 0.000 0.004 0.024 0.000 0.001 0.089 0.035 0.969 0.854 0.162 0.875 0.004 0.000 0.874 0.016 0.079 0.319 0.005 0.000 0.862 0.003 0.002 0.847 0.000 0.003 0.003 0.007 0.669 0.000 0.000 0.001 0.000 0.000 0.004 0.000 0.000 0.003 0.001 0.000 0.001 
39 guitar_vis 30 0.984 0.001 0.000 0.928 0.449 0.011 0.111 0.137 0.000 0.000 0.000 0.319 0.000 0.001 0.000 0.001 0.000 0.000 0.001 0.044 0.000 0.001 0.001 0.080 0.001 0.844 0.663 0.025 0.048 0.001 0.000 0.873 0.240 0.247 0.987 0.000 0.000 0.031 0.234 0.002 0.009 0.003 0.001 0.010 0.052 0.961 0.000 0.000 0.000 0.002 0.000 0.000 0.000 0.001 0.001 0.022 0.000 0.000 
40 piano_vis 30 0.989 0.004 0.000 0.984 0.104 0.001 0.084 0.003 0.000 0.000 0.018 0.812 0.001 0.012 0.000 0.022 0.000 0.761 0.001 0.000 0.043 0.000 0.000 0.426 0.217 0.984 0.962 0.786 0.915 0.002 0.004 0.855 0.026 0.001 0.003 0.006 0.001 0.252 0.007 0.496 0.885 0.000 0.007 0.002 0.006 0.003 0.000 0.001 0.001 0.000 0.000 0.000 0.000 0.000 0.001 0.000 0.000 0.001 
41 trumpet_vis 30 0.987 0.004 0.000 0.984 0.174 0.001 0.107 0.006 0.000 0.000 0.012 0.852 0.001 0.010 0.000 0.021 0.000 0.589 0.001 0.001 0.034 0.001 0.001 0.462 0.245 0.981 0.968 0.884 0.920 0.002 0.002 0.923 0.026 0.008 0.034 0.005 0.001 0.297 0.009 0.266 0.780 0.000 0.014 0.005 0.015 0.029 0.000 0.001 0.001 0.000 0.000 0.001 0.000 0.000 0.002 0.000 0.000 0.000 
42 fork_vis 30 0.978 0.001 0.000 0.927 0.525 0.031 0.116 0.161 0.000 0.000 0.000 0.453 0.000 0.001 0.000 0.001 0.000 0.000 0.001 0.060 0.000 0.001 0.001 0.049 0.001 0.917 0.603 0.011 0.027 0.001 0.000 0.889 0.463 0.383 0.987 0.001 0.000 0.018 0.393 0.001 0.008 0.004 0.001 0.008 0.145 0.956 0.000 0.000 0.001 0.003 0.000 0.000 0.000 0.003 0.002 0.056 0.000 0.000 
43 spoon_vis 30 0.985 0.001 0.000 0.950 0.468 0.013 0.134 0.173 0.000 0.000 0.000 0.650 0.000 0.001 0.000 0.001 0.000 0.000 0.001 0.056 0.000 0.001 0.001 0.059 0.001 0.964 0.797 0.027 0.068 0.001 0.000 0.939 0.358 0.229 0.985 0.000 0.001 0.023 0.408 0.003 0.007 0.003 0.000 0.009 0.087 0.925 0.000 0.000 0.000 0.003 0.000 0.000 0.000 0.003 0.001 0.017 0.000 0.000 
44 tongs_vis 30 0.987 0.002 0.000 0.936 0.695 0.006 0.055 0.005 0.000 0.000 0.001 0.190 0.000 0.001 0.000 0.003 0.000 0.006 0.000 0.004 0.006 0.001 0.001 0.060 0.011 0.873 0.851 0.042 0.639 0.006 0.000 0.695 0.030 0.076 0.795 0.001 0.000 0.384 0.011 0.003 0.347 0.000 0.001 0.002 0.037 0.760 0.000 0.000 0.001 0.000 0.000 0.002 0.001 0.000 0.001 0.014 0.000 0.000 
45 ladle_vis 30 0.987 0.001 0.000 0.869 0.510 0.020 0.067 0.159 0.000 0.000 0.000 0.329 0.000 0.001 0.000 0.001 0.000 0.000 0.001 0.035 0.000 0.001 0.001 0.024 0.001 0.886 0.452 0.009 0.020 0.001 0.000 0.836 0.440 0.251 0.984 0.000 0.001 0.007 0.417 0.002 0.005 0.005 0.000 0.006 0.110 0.928 0.000 0.000 0.000 0.002 0.000 0.000 0.000 0.002 0.002 0.051 0.000 0.000 
46 knife_vis 30 0.501 0.001 0.000 0.047 0.421 0.708 0.830 0.601 0.000 0.001 0.000 0.713 0.000 0.001 0.000 0.000 0.000 0.000 0.001 0.005 0.000 0.000 0.000 0.023 0.000 0.894 0.342 0.005 0.011 0.028 0.000 0.901 0.753 0.068 0.989 0.000 0.001 0.007 0.866 0.002 0.009 0.004 0.000 0.006 0.805 0.968 0.000 0.000 0.000 0.002 0.000 0.000 0.002 0.027 0.113 0.210 0.000 0.000 
47 chopsticks_vis 30 0.365 0.001 0.000 0.032 0.304 0.790 0.811 0.441 0.000 0.001 0.000 0.659 0.000 0.001 0.000 0.000 0.000 0.000 0.001 0.004 0.000 0.000 0.000 0.018 0.001 0.846 0.353 0.006 0.008 0.024 0.000 0.874 0.644 0.052 0.990 0.000 0.000 0.010 0.751 0.001 0.007 0.002 0.000 0.005 0.751 0.970 0.000 0.000 0.000 0.002 0.000 0.000 0.001 0.024 0.102 0.134 0.000 0.000 
