0 beaver_vis 30 0.996 0.029 0.016 0.947 0.001 0.001 0.014 0.000 0.000 0.000 0.001 0.000 0.022 0.001 0.001 0.002 0.068 0.000 0.001 0.000 0.004 0.001 0.000 0.001 0.865 0.003 0.116 0.038 0.058 0.001 0.000 0.002 0.000 0.000 0.001 0.097 0.000 0.002 0.001 0.001 0.000 0.001 0.000 0.001 0.000 0.000 0.000 0.000 0.001 0.001 0.000 0.000 0.000 0.000 0.015 0.001 0.001 0.000 
1 bear_vis 30 0.991 0.003 0.673 0.030 0.000 0.484 0.572 0.001 0.001 0.001 0.001 0.000 0.003 0.001 0.001 0.001 0.987 0.000 0.002 0.000 0.036 0.001 0.001 0.000 0.399 0.001 0.106 0.000 0.001 0.001 0.000 0.001 0.000 0.000 0.019 0.009 0.002 0.140 0.001 0.000 0.000 0.000 0.001 0.098 0.000 0.000 0.000 0.000 0.001 0.001 0.000 0.000 0.003 0.001 0.001 0.003 0.016 0.161 
2 sheep_vis 30 0.996 0.014 0.589 0.605 0.000 0.001 0.011 0.000 0.001 0.001 0.001 0.000 0.015 0.001 0.001 0.001 0.838 0.000 0.003 0.000 0.093 0.003 0.006 0.000 0.689 0.002 0.080 0.003 0.002 0.001 0.000 0.001 0.001 0.000 0.002 0.002 0.000 0.001 0.001 0.001 0.000 0.000 0.000 0.001 0.000 0.000 0.000 0.000 0.001 0.001 0.000 0.000 0.001 0.001 0.001 0.001 0.001 0.023 
3 buffalo_vis 30 0.996 0.005 0.809 0.058 0.000 0.007 0.056 0.001 0.000 0.001 0.001 0.000 0.005 0.001 0.001 0.001 0.978 0.000 0.002 0.000 0.081 0.002 0.001 0.000 0.353 0.001 0.035 0.000 0.001 0.001 0.000 0.001 0.001 0.000 0.003 0.001 0.001 0.044 0.001 0.001 0.000 0.000 0.001 0.013 0.000 0.000 0.000 0.000 0.001 0.001 0.000 0.000 0.001 0.000 0.001 0.003 0.007 0.017 
4 poodle_vis 30 0.996 0.023 0.019 0.899 0.001 0.001 0.078 0.000 0.000 0.000 0.001 0.000 0.023 0.001 0.001 0.001 0.130 0.000 0.001 0.000 0.005 0.001 0.000 0.000 0.905 0.002 0.033 0.024 0.028 0.001 0.000 0.001 0.001 0.000 0.001 0.047 0.000 0.010 0.001 0.001 0.000 0.000 0.001 0.001 0.000 0.000 0.000 0.000 0.001 0.001 0.000 0.000 0.000 0.000 0.015 0.001 0.001 0.001 
5 giraffe_vis 30 0.996 0.006 0.700 0.096 0.000 0.087 0.052 0.001 0.000 0.001 0.001 0.000 0.005 0.001 0.001 0.001 0.969 0.000 0.001 0.000 0.078 0.001 0.001 0.000 0.447 0.001 0.037 0.001 0.001 0.001 0.000 0.001 0.001 0.000 0.003 0.002 0.001 0.056 0.001 0.001 0.000 0.000 0.001 0.021 0.000 0.000 0.000 0.000 0.001 0.001 0.000 0.000 0.001 0.000 0.001 0.004 0.007 0.043 
6 robin_vis 30 0.982 0.002 0.684 0.006 0.000 0.614 0.531 0.001 0.001 0.001 0.001 0.000 0.003 0.000 0.001 0.000 0.991 0.000 0.005 0.000 0.012 0.001 0.003 0.000 0.316 0.001 0.061 0.000 0.000 0.000 0.000 0.001 0.000 0.000 0.026 0.003 0.002 0.040 0.001 0.000 0.000 0.000 0.000 0.045 0.000 0.000 0.000 0.000 0.001 0.001 0.000 0.000 0.002 0.001 0.000 0.001 0.019 0.190 
7 swan_vis 30 0.992 0.002 0.728 0.009 0.000 0.335 0.334 0.000 0.000 0.001 0.001 0.000 0.002 0.001 0.001 0.000 0.988 0.000 0.003 0.000 0.020 0.002 0.002 0.000 0.304 0.001 0.051 0.000 0.000 0.000 0.000 0.001 0.000 0.000 0.013 0.002 0.001 0.025 0.001 0.000 0.000 0.000 0.000 0.028 0.000 0.000 0.000 0.000 0.000 0.001 0.000 0.000 0.002 0.000 0.001 0.001 0.013 0.123 
8 woodpecker_vis 30 0.965 0.002 0.635 0.002 0.000 0.821 0.707 0.001 0.001 0.001 0.001 0.000 0.002 0.000 0.001 0.000 0.992 0.000 0.005 0.000 0.009 0.001 0.002 0.000 0.299 0.001 0.083 0.000 0.000 0.000 0.000 0.001 0.000 0.000 0.037 0.007 0.003 0.066 0.001 0.000 0.000 0.000 0.000 0.095 0.000 0.000 0.000 0.000 0.001 0.001 0.000 0.000 0.002 0.001 0.001 0.002 0.022 0.278 
9 peacock_vis 30 0.973 0.001 0.684 0.005 0.000 0.652 0.583 0.001 0.000 0.001 0.001 0.000 0.001 0.000 0.001 0.000 0.992 0.000 0.005 0.000 0.014 0.001 0.004 0.000 0.377 0.001 0.101 0.000 0.000 0.000 0.000 0.001 0.000 0.000 0.041 0.004 0.001 0.018 0.002 0.000 0.000 0.000 0.000 0.025 0.000 0.000 0.000 0.000 0.001 0.001 0.000 0.000 0.003 0.001 0.001 0.001 0.016 0.353 
10 crow_vis 30 0.979 0.002 0.667 0.002 0.000 0.714 0.599 0.001 0.001 0.001 0.001 0.000 0.002 0.001 0.001 0.000 0.991 0.000 0.004 0.000 0.009 0.002 0.001 0.000 0.241 0.001 0.057 0.000 0.000 0.000 0.000 0.001 0.000 0.000 0.019 0.004 0.003 0.059 0.001 0.000 0.000 0.000 0.000 0.063 0.000 0.000 0.000 0.000 0.001 0.001 0.000 0.000 0.002 0.001 0.001 0.002 0.023 0.181 
11 eagle_vis 30 0.988 0.002 0.731 0.006 0.000 0.318 0.320 0.000 0.000 0.000 0.001 0.000 0.002 0.001 0.001 0.000 0.989 0.000 0.007 0.000 0.013 0.002 0.006 0.000 0.430 0.002 0.039 0.000 0.000 0.000 0.000 0.001 0.000 0.000 0.082 0.000 0.001 0.003 0.002 0.000 0.000 0.000 0.000 0.003 0.000 0.000 0.000 0.000 0.000 0.001 0.000 0.000 0.001 0.001 0.001 0.000 0.021 0.144 
12 tuna_vis 30 0.994 0.001 0.792 0.111 0.000 0.060 0.137 0.001 0.000 0.005 0.000 0.000 0.001 0.000 0.001 0.000 0.986 0.000 0.004 0.000 0.082 0.001 0.013 0.000 0.501 0.002 0.273 0.000 0.001 0.000 0.000 0.001 0.000 0.000 0.007 0.029 0.000 0.003 0.003 0.000 0.001 0.000 0.000 0.008 0.000 0.000 0.000 0.000 0.001 0.001 0.000 0.000 0.016 0.000 0.001 0.001 0.002 0.485 
13 goldfish_vis 30 0.996 0.001 0.845 0.414 0.000 0.001 0.006 0.001 0.000 0.001 0.000 0.000 0.001 0.000 0.001 0.000 0.983 0.000 0.001 0.000 0.230 0.001 0.005 0.000 0.454 0.001 0.099 0.001 0.001 0.001 0.000 0.001 0.001 0.000 0.002 0.003 0.000 0.008 0.001 0.000 0.001 0.001 0.001 0.004 0.000 0.000 0.000 0.000 0.001 0.001 0.000 0.000 0.002 0.000 0.001 0.002 0.002 0.029 
14 salmon_vis 30 0.996 0.001 0.862 0.381 0.000 0.001 0.009 0.000 0.000 0.001 0.001 0.000 0.002 0.000 0.001 0.000 0.983 0.000 0.002 0.000 0.216 0.002 0.008 0.000 0.482 0.001 0.105 0.000 0.001 0.000 0.000 0.001 0.001 0.000 0.002 0.002 0.000 0.004 0.001 0.000 0.000 0.000 0.000 0.003 0.000 0.000 0.000 0.000 0.001 0.001 0.000 0.000 0.003 0.000 0.001 0.001 0.002 0.055 
15 sardine_vis 30 0.996 0.008 0.027 0.945 0.000 0.001 0.031 0.001 0.001 0.000 0.001 0.000 0.010 0.001 0.001 0.001 0.148 0.000 0.001 0.000 0.009 0.001 0.000 0.001 0.908 0.003 0.062 0.026 0.024 0.001 0.000 0.001 0.001 0.000 0.001 0.079 0.000 0.003 0.001 0.000 0.001 0.001 0.001 0.001 0.000 0.000 0.000 0.000 0.001 0.001 0.000 0.000 0.001 0.000 0.014 0.000 0.001 0.001 
16 catfish_vis 30 0.996 0.001 0.873 0.828 0.000 0.001 0.003 0.000 0.000 0.004 0.000 0.000 0.002 0.000 0.001 0.001 0.961 0.000 0.002 0.000 0.354 0.003 0.015 0.000 0.578 0.001 0.243 0.001 0.002 0.001 0.000 0.001 0.001 0.000 0.001 0.011 0.000 0.001 0.001 0.000 0.000 0.001 0.001 0.001 0.000 0.000 0.000 0.000 0.001 0.001 0.000 0.000 0.010 0.000 0.002 0.001 0.001 0.080 
17 cod_vis 30 0.995 0.002 0.774 0.205 0.000 0.014 0.061 0.001 0.001 0.001 0.001 0.000 0.002 0.000 0.001 0.000 0.978 0.000 0.002 0.000 0.100 0.001 0.005 0.000 0.499 0.002 0.103 0.001 0.001 0.000 0.000 0.001 0.000 0.000 0.004 0.004 0.000 0.006 0.001 0.000 0.001 0.000 0.000 0.007 0.000 0.000 0.000 0.000 0.001 0.001 0.000 0.000 0.003 0.000 0.001 0.001 0.003 0.094 
18 turtle_vis 30 0.996 0.003 0.799 0.843 0.000 0.001 0.002 0.001 0.000 0.002 0.001 0.000 0.002 0.001 0.001 0.001 0.916 0.000 0.001 0.000 0.243 0.002 0.011 0.000 0.564 0.001 0.292 0.002 0.004 0.001 0.000 0.001 0.001 0.000 0.001 0.009 0.000 0.001 0.001 0.000 0.001 0.001 0.001 0.001 0.000 0.000 0.000 0.000 0.001 0.001 0.000 0.000 0.005 0.000 0.002 0.002 0.001 0.035 
19 rattlesnake_vis 30 0.995 0.029 0.014 0.003 0.341 0.001 0.001 0.001 0.001 0.001 0.000 0.000 0.002 0.015 0.001 0.012 0.002 0.000 0.001 0.001 0.015 0.002 0.000 0.000 0.041 0.001 0.006 0.000 0.691 0.010 0.001 0.027 0.001 0.000 0.001 0.003 0.001 0.009 0.000 0.001 0.001 0.001 0.001 0.003 0.000 0.001 0.001 0.001 0.001 0.000 0.001 0.000 0.001 0.000 0.004 0.001 0.001 0.000 
20 crab_vis 30 0.996 0.001 0.879 0.506 0.000 0.001 0.010 0.001 0.000 0.011 0.000 0.000 0.001 0.001 0.001 0.000 0.978 0.000 0.003 0.001 0.276 0.002 0.021 0.000 0.579 0.002 0.310 0.000 0.001 0.000 0.000 0.001 0.001 0.000 0.003 0.026 0.000 0.001 0.002 0.000 0.001 0.001 0.001 0.001 0.000 0.000 0.000 0.000 0.001 0.001 0.000 0.000 0.026 0.000 0.001 0.001 0.001 0.338 
21 frog_vis 30 0.996 0.009 0.577 0.871 0.000 0.001 0.003 0.001 0.000 0.001 0.001 0.000 0.006 0.001 0.001 0.001 0.772 0.000 0.001 0.000 0.089 0.002 0.005 0.000 0.592 0.001 0.307 0.006 0.008 0.001 0.000 0.001 0.001 0.000 0.001 0.011 0.000 0.001 0.001 0.001 0.000 0.002 0.001 0.001 0.000 0.000 0.000 0.000 0.001 0.001 0.000 0.000 0.002 0.000 0.002 0.003 0.001 0.007 
22 gecko_vis 30 0.984 0.003 0.670 0.015 0.000 0.129 0.223 0.001 0.001 0.001 0.001 0.000 0.003 0.001 0.001 0.001 0.968 0.000 0.014 0.001 0.019 0.001 0.016 0.000 0.567 0.009 0.252 0.000 0.001 0.000 0.000 0.001 0.000 0.000 0.046 0.011 0.000 0.001 0.023 0.001 0.001 0.000 0.001 0.002 0.000 0.000 0.000 0.000 0.001 0.001 0.000 0.000 0.006 0.001 0.001 0.001 0.002 0.580 
23 crocodile_vis 30 0.995 0.002 0.797 0.140 0.000 0.008 0.073 0.001 0.000 0.031 0.000 0.000 0.002 0.001 0.001 0.001 0.972 0.000 0.005 0.000 0.098 0.001 0.014 0.000 0.567 0.002 0.455 0.000 0.001 0.000 0.000 0.001 0.000 0.000 0.005 0.193 0.000 0.001 0.007 0.000 0.001 0.001 0.001 0.002 0.000 0.000 0.000 0.000 0.001 0.001 0.000 0.000 0.077 0.000 0.002 0.001 0.001 0.665 
24 axe_vis 30 0.511 0.001 0.226 0.002 0.000 0.994 0.021 0.001 0.002 0.309 0.000 0.000 0.001 0.000 0.001 0.000 0.992 0.000 0.002 0.000 0.079 0.000 0.001 0.000 0.801 0.001 0.128 0.000 0.000 0.000 0.000 0.001 0.000 0.000 0.281 0.001 0.000 0.133 0.001 0.000 0.001 0.001 0.001 0.210 0.000 0.010 0.000 0.000 0.070 0.024 0.000 0.000 0.000 0.001 0.005 0.018 0.198 0.925 
25 hammer_vis 30 0.459 0.001 0.144 0.002 0.000 0.977 0.052 0.001 0.001 0.231 0.000 0.000 0.001 0.000 0.001 0.000 0.990 0.000 0.002 0.000 0.017 0.000 0.001 0.000 0.555 0.001 0.045 0.000 0.000 0.000 0.000 0.001 0.000 0.000 0.016 0.007 0.000 0.132 0.002 0.001 0.001 0.001 0.001 0.135 0.000 0.001 0.000 0.000 0.008 0.006 0.000 0.000 0.002 0.000 0.003 0.011 0.102 0.886 
26 screwdriver_vis 30 0.472 0.005 0.002 0.003 0.000 0.993 0.686 0.003 0.020 0.001 0.000 0.000 0.021 0.001 0.001 0.001 0.734 0.000 0.002 0.000 0.001 0.000 0.000 0.000 0.959 0.002 0.024 0.000 0.011 0.001 0.000 0.005 0.000 0.000 0.090 0.001 0.000 0.795 0.001 0.001 0.001 0.000 0.001 0.050 0.000 0.013 0.000 0.000 0.220 0.076 0.000 0.000 0.000 0.000 0.090 0.001 0.076 0.004 
27 chisel_vis 30 0.393 0.002 0.002 0.002 0.000 0.993 0.048 0.003 0.072 0.002 0.000 0.000 0.016 0.001 0.001 0.001 0.796 0.000 0.001 0.000 0.001 0.000 0.000 0.000 0.960 0.001 0.039 0.000 0.011 0.000 0.000 0.003 0.000 0.000 0.040 0.001 0.000 0.606 0.001 0.000 0.001 0.001 0.002 0.364 0.000 0.021 0.000 0.000 0.415 0.234 0.000 0.000 0.000 0.000 0.142 0.004 0.010 0.015 
28 saw_vis 30 0.266 0.001 0.141 0.002 0.000 0.992 0.070 0.002 0.002 0.687 0.000 0.000 0.001 0.000 0.001 0.001 0.955 0.000 0.005 0.000 0.018 0.000 0.001 0.000 0.790 0.001 0.014 0.000 0.000 0.000 0.000 0.001 0.000 0.000 0.016 0.019 0.000 0.406 0.008 0.001 0.001 0.001 0.001 0.157 0.000 0.001 0.000 0.001 0.008 0.012 0.001 0.000 0.003 0.001 0.021 0.020 0.120 0.968 
29 drill_vis 30 0.950 0.002 0.571 0.002 0.000 0.919 0.837 0.001 0.001 0.010 0.000 0.000 0.002 0.000 0.001 0.001 0.986 0.000 0.005 0.000 0.008 0.000 0.001 0.000 0.297 0.001 0.117 0.000 0.000 0.000 0.000 0.001 0.000 0.000 0.025 0.049 0.003 0.141 0.004 0.002 0.001 0.000 0.001 0.129 0.000 0.000 0.000 0.000 0.001 0.001 0.001 0.000 0.015 0.001 0.001 0.003 0.033 0.433 
30 clamp_vis 30 0.939 0.001 0.445 0.001 0.000 0.155 0.001 0.348 0.000 0.001 0.000 0.000 0.001 0.001 0.000 0.002 0.157 0.020 0.001 0.005 0.123 0.000 0.000 0.000 0.002 0.001 0.051 0.000 0.004 0.002 0.000 0.003 0.000 0.000 0.001 0.002 0.000 0.009 0.001 0.000 0.001 0.001 0.002 0.068 0.000 0.019 0.000 0.002 0.001 0.000 0.000 0.001 0.045 0.000 0.001 0.010 0.001 0.024 
31 hoe_vis 30 0.226 0.002 0.002 0.001 0.000 0.942 0.009 0.063 0.015 0.002 0.000 0.000 0.002 0.001 0.000 0.002 0.113 0.000 0.001 0.000 0.001 0.000 0.000 0.000 0.503 0.001 0.020 0.000 0.062 0.001 0.000 0.006 0.000 0.000 0.012 0.001 0.000 0.320 0.000 0.000 0.001 0.001 0.007 0.394 0.000 0.084 0.000 0.002 0.201 0.060 0.000 0.000 0.000 0.000 0.105 0.005 0.007 0.006 
32 rake_vis 30 0.104 0.001 0.003 0.001 0.001 0.857 0.001 0.749 0.001 0.001 0.000 0.000 0.000 0.003 0.000 0.002 0.001 0.001 0.001 0.001 0.004 0.000 0.000 0.000 0.002 0.001 0.005 0.000 0.021 0.004 0.002 0.002 0.000 0.000 0.001 0.001 0.000 0.014 0.000 0.000 0.001 0.001 0.016 0.143 0.001 0.122 0.000 0.001 0.001 0.001 0.000 0.003 0.001 0.000 0.003 0.002 0.001 0.003 
33 shovel_vis 30 0.081 0.001 0.002 0.001 0.000 0.980 0.001 0.922 0.007 0.001 0.001 0.000 0.000 0.001 0.001 0.001 0.009 0.000 0.001 0.000 0.002 0.000 0.000 0.008 0.008 0.001 0.196 0.000 0.009 0.006 0.000 0.002 0.000 0.000 0.008 0.001 0.000 0.064 0.000 0.000 0.005 0.001 0.191 0.938 0.000 0.159 0.000 0.001 0.134 0.010 0.000 0.008 0.000 0.000 0.002 0.001 0.003 0.005 
34 spade_vis 30 0.994 0.003 0.168 0.001 0.513 0.001 0.001 0.031 0.001 0.001 0.001 0.000 0.001 0.005 0.000 0.008 0.007 0.010 0.001 0.003 0.100 0.000 0.000 0.000 0.003 0.001 0.094 0.000 0.631 0.216 0.001 0.082 0.000 0.000 0.000 0.003 0.000 0.003 0.001 0.000 0.001 0.016 0.003 0.003 0.000 0.007 0.000 0.003 0.001 0.000 0.000 0.000 0.018 0.000 0.001 0.021 0.001 0.003 
35 wrench_vis 30 0.021 0.001 0.001 0.001 0.002 0.987 0.000 0.961 0.004 0.001 0.001 0.000 0.000 0.002 0.000 0.002 0.001 0.001 0.001 0.001 0.001 0.000 0.000 0.000 0.001 0.000 0.004 0.000 0.068 0.050 0.001 0.011 0.000 0.000 0.000 0.000 0.000 0.007 0.000 0.000 0.001 0.038 0.013 0.082 0.000 0.946 0.001 0.011 0.002 0.013 0.000 0.018 0.000 0.000 0.002 0.056 0.001 0.001 
36 accordion_vis 30 0.063 0.045 0.002 0.001 0.000 0.994 0.001 0.001 0.994 0.001 0.000 0.001 0.054 0.001 0.010 0.002 0.001 0.000 0.016 0.001 0.000 0.000 0.000 0.000 0.003 0.001 0.001 0.000 0.000 0.000 0.000 0.002 0.000 0.000 0.000 0.000 0.004 0.002 0.000 0.001 0.000 0.000 0.001 0.001 0.000 0.001 0.073 0.001 0.408 0.006 0.003 0.005 0.000 0.001 0.003 0.001 0.003 0.001 
37 cello_vis 30 0.027 0.005 0.002 0.001 0.000 0.991 0.001 0.001 0.331 0.073 0.000 0.000 0.002 0.001 0.001 0.008 0.001 0.000 0.002 0.002 0.000 0.000 0.000 0.000 0.003 0.001 0.001 0.000 0.001 0.000 0.000 0.003 0.001 0.000 0.000 0.002 0.001 0.201 0.000 0.001 0.000 0.000 0.001 0.003 0.000 0.006 0.004 0.005 0.065 0.003 0.007 0.001 0.000 0.001 0.157 0.026 0.001 0.001 
38 flute_vis 30 0.045 0.013 0.002 0.001 0.000 0.994 0.007 0.001 0.803 0.002 0.000 0.000 0.025 0.001 0.006 0.002 0.006 0.000 0.005 0.001 0.000 0.000 0.000 0.000 0.017 0.001 0.001 0.000 0.000 0.000 0.000 0.002 0.000 0.000 0.001 0.001 0.005 0.075 0.000 0.000 0.000 0.000 0.001 0.072 0.000 0.002 0.005 0.001 0.588 0.030 0.001 0.001 0.000 0.001 0.008 0.002 0.014 0.001 
39 guitar_vis 30 0.008 0.001 0.002 0.001 0.000 0.994 0.005 0.001 0.387 0.002 0.000 0.000 0.001 0.001 0.001 0.001 0.002 0.000 0.001 0.001 0.001 0.000 0.000 0.000 0.038 0.001 0.001 0.000 0.001 0.000 0.000 0.004 0.000 0.000 0.001 0.001 0.001 0.147 0.000 0.000 0.000 0.001 0.001 0.029 0.000 0.007 0.003 0.002 0.036 0.200 0.001 0.001 0.000 0.001 0.011 0.004 0.004 0.003 
40 piano_vis 30 0.036 0.008 0.003 0.001 0.000 0.989 0.001 0.001 0.252 0.010 0.000 0.000 0.003 0.001 0.002 0.006 0.001 0.000 0.004 0.002 0.000 0.000 0.000 0.000 0.008 0.001 0.001 0.000 0.001 0.000 0.000 0.002 0.001 0.000 0.000 0.001 0.000 0.018 0.000 0.001 0.000 0.000 0.001 0.001 0.000 0.001 0.003 0.003 0.016 0.007 0.011 0.001 0.000 0.001 0.019 0.002 0.001 0.002 
41 trumpet_vis 30 0.164 0.004 0.001 0.001 0.000 0.919 0.000 0.053 0.020 0.001 0.000 0.000 0.001 0.001 0.001 0.009 0.001 0.000 0.001 0.001 0.001 0.000 0.000 0.000 0.003 0.001 0.001 0.000 0.031 0.000 0.000 0.009 0.000 0.000 0.000 0.002 0.000 0.139 0.000 0.000 0.000 0.001 0.001 0.029 0.000 0.050 0.001 0.005 0.002 0.001 0.001 0.003 0.000 0.000 0.024 0.010 0.001 0.001 
42 fork_vis 30 0.964 0.003 0.523 0.004 0.000 0.506 0.603 0.001 0.001 0.020 0.001 0.000 0.003 0.001 0.001 0.001 0.977 0.000 0.006 0.000 0.013 0.001 0.002 0.000 0.398 0.001 0.365 0.000 0.001 0.000 0.000 0.001 0.000 0.000 0.015 0.481 0.001 0.006 0.004 0.001 0.001 0.001 0.001 0.032 0.000 0.000 0.000 0.000 0.001 0.001 0.001 0.000 0.057 0.001 0.003 0.002 0.003 0.684 
43 spoon_vis 30 0.796 0.454 0.002 0.001 0.000 0.963 0.002 0.001 0.114 0.005 0.002 0.001 0.740 0.004 0.002 0.001 0.006 0.000 0.008 0.000 0.000 0.001 0.000 0.000 0.044 0.001 0.001 0.000 0.001 0.000 0.000 0.001 0.000 0.000 0.001 0.002 0.003 0.001 0.001 0.001 0.001 0.001 0.002 0.001 0.001 0.000 0.004 0.000 0.009 0.001 0.000 0.000 0.000 0.017 0.017 0.001 0.003 0.001 
44 tongs_vis 30 0.206 0.004 0.002 0.003 0.000 0.989 0.579 0.017 0.404 0.021 0.000 0.000 0.022 0.001 0.001 0.001 0.278 0.000 0.001 0.000 0.001 0.000 0.000 0.000 0.966 0.001 0.020 0.000 0.014 0.000 0.000 0.002 0.000 0.000 0.514 0.016 0.001 0.781 0.001 0.001 0.001 0.001 0.012 0.468 0.000 0.100 0.001 0.000 0.672 0.508 0.000 0.000 0.000 0.001 0.758 0.006 0.052 0.049 
45 ladle_vis 30 0.588 0.005 0.001 0.029 0.000 0.792 0.066 0.002 0.028 0.010 0.000 0.000 0.011 0.001 0.001 0.001 0.018 0.000 0.002 0.000 0.001 0.000 0.000 0.000 0.815 0.001 0.024 0.000 0.004 0.000 0.000 0.001 0.000 0.000 0.001 0.575 0.000 0.009 0.001 0.001 0.001 0.003 0.002 0.010 0.000 0.001 0.001 0.000 0.004 0.006 0.000 0.000 0.000 0.002 0.341 0.001 0.001 0.031 
46 knife_vis 30 0.038 0.004 0.001 0.001 0.000 0.994 0.029 0.003 0.357 0.003 0.000 0.000 0.015 0.001 0.001 0.001 0.091 0.000 0.001 0.000 0.001 0.000 0.000 0.000 0.453 0.001 0.002 0.000 0.001 0.000 0.000 0.001 0.000 0.000 0.020 0.001 0.001 0.197 0.000 0.000 0.001 0.001 0.001 0.120 0.000 0.004 0.001 0.000 0.246 0.188 0.000 0.000 0.000 0.001 0.026 0.002 0.012 0.004 
47 chopsticks_vis 30 0.216 0.001 0.004 0.007 0.000 0.967 0.651 0.001 0.002 0.008 0.000 0.000 0.002 0.001 0.001 0.001 0.117 0.000 0.001 0.000 0.001 0.000 0.000 0.001 0.193 0.001 0.018 0.000 0.001 0.001 0.000 0.001 0.000 0.000 0.002 0.690 0.004 0.113 0.001 0.001 0.001 0.001 0.002 0.138 0.000 0.000 0.000 0.000 0.002 0.006 0.000 0.000 0.001 0.001 0.027 0.002 0.001 0.044 
