0 beaver_vis 30 0.002 0.000 0.003 0.007 0.001 0.998 0.926 0.001 0.995 0.000 0.000 0.001 0.000 0.006 0.000 0.001 0.071 0.000 0.001 0.055 0.000 0.000 0.000 0.002 0.000 0.879 0.000 0.000 0.001 0.001 0.001 0.004 0.001 0.000 0.000 0.969 0.396 0.000 0.000 0.283 0.000 0.001 0.133 0.013 0.000 0.000 0.005 0.011 0.086 0.003 0.988 0.001 0.000 0.000 0.005 0.000 0.001 0.000 
1 bear_vis 30 0.002 0.000 0.001 0.003 0.001 0.998 0.927 0.001 0.994 0.000 0.000 0.001 0.000 0.004 0.000 0.001 0.061 0.000 0.001 0.029 0.000 0.000 0.000 0.001 0.000 0.810 0.000 0.000 0.000 0.001 0.001 0.002 0.001 0.000 0.000 0.965 0.214 0.000 0.000 0.232 0.000 0.001 0.062 0.007 0.000 0.000 0.002 0.005 0.056 0.002 0.983 0.001 0.000 0.000 0.003 0.000 0.001 0.000 
2 sheep_vis 30 0.002 0.000 0.003 0.008 0.001 0.998 0.913 0.001 0.995 0.000 0.000 0.001 0.000 0.005 0.000 0.001 0.035 0.000 0.001 0.091 0.000 0.000 0.000 0.002 0.000 0.927 0.001 0.000 0.001 0.001 0.001 0.005 0.001 0.000 0.000 0.967 0.548 0.000 0.000 0.082 0.000 0.001 0.296 0.016 0.000 0.000 0.004 0.018 0.085 0.008 0.988 0.001 0.000 0.000 0.006 0.000 0.001 0.000 
3 buffalo_vis 30 0.002 0.000 0.001 0.003 0.001 0.998 0.926 0.001 0.994 0.000 0.000 0.001 0.000 0.004 0.000 0.001 0.060 0.000 0.001 0.029 0.000 0.000 0.000 0.001 0.000 0.807 0.000 0.000 0.000 0.001 0.001 0.002 0.001 0.000 0.000 0.965 0.210 0.000 0.000 0.208 0.000 0.001 0.064 0.007 0.000 0.000 0.002 0.005 0.054 0.002 0.984 0.001 0.000 0.000 0.003 0.000 0.001 0.000 
4 poodle_vis 30 0.002 0.000 0.002 0.004 0.001 0.998 0.927 0.001 0.995 0.000 0.000 0.001 0.000 0.005 0.000 0.001 0.057 0.000 0.001 0.041 0.000 0.000 0.000 0.002 0.000 0.847 0.000 0.000 0.000 0.001 0.001 0.003 0.001 0.000 0.000 0.968 0.303 0.000 0.000 0.206 0.000 0.001 0.098 0.010 0.000 0.000 0.003 0.008 0.070 0.003 0.986 0.001 0.000 0.000 0.004 0.000 0.001 0.000 
5 giraffe_vis 30 0.002 0.000 0.001 0.003 0.001 0.998 0.927 0.001 0.994 0.000 0.000 0.001 0.000 0.004 0.000 0.001 0.053 0.000 0.001 0.028 0.000 0.000 0.000 0.001 0.000 0.795 0.000 0.000 0.000 0.001 0.001 0.002 0.001 0.000 0.000 0.965 0.210 0.000 0.000 0.180 0.000 0.001 0.066 0.007 0.000 0.000 0.002 0.005 0.053 0.003 0.983 0.001 0.000 0.000 0.003 0.000 0.001 0.000 
6 robin_vis 30 0.002 0.000 0.003 0.007 0.001 0.998 0.929 0.001 0.995 0.000 0.000 0.001 0.000 0.006 0.000 0.001 0.069 0.000 0.001 0.059 0.000 0.000 0.000 0.002 0.000 0.885 0.000 0.000 0.001 0.001 0.001 0.004 0.001 0.000 0.000 0.970 0.407 0.000 0.000 0.268 0.000 0.001 0.143 0.014 0.000 0.000 0.005 0.011 0.087 0.003 0.989 0.001 0.000 0.000 0.005 0.000 0.001 0.000 
7 swan_vis 30 0.002 0.000 0.002 0.004 0.001 0.998 0.929 0.001 0.995 0.000 0.000 0.001 0.000 0.005 0.000 0.001 0.072 0.000 0.001 0.037 0.000 0.000 0.000 0.002 0.000 0.844 0.000 0.000 0.000 0.001 0.001 0.003 0.001 0.000 0.000 0.967 0.269 0.000 0.000 0.254 0.000 0.001 0.083 0.009 0.000 0.000 0.003 0.006 0.065 0.003 0.987 0.001 0.000 0.000 0.003 0.000 0.001 0.000 
8 woodpecker_vis 30 0.002 0.000 0.002 0.004 0.001 0.998 0.932 0.001 0.995 0.000 0.000 0.001 0.000 0.005 0.000 0.001 0.073 0.000 0.001 0.040 0.000 0.000 0.000 0.002 0.000 0.855 0.000 0.000 0.000 0.001 0.001 0.003 0.001 0.000 0.000 0.969 0.287 0.000 0.000 0.267 0.000 0.001 0.088 0.010 0.000 0.000 0.003 0.007 0.068 0.003 0.987 0.001 0.000 0.000 0.004 0.000 0.001 0.000 
9 peacock_vis 30 0.002 0.000 0.001 0.003 0.001 0.998 0.926 0.001 0.994 0.000 0.000 0.001 0.000 0.004 0.000 0.001 0.070 0.000 0.001 0.030 0.000 0.000 0.000 0.001 0.000 0.823 0.000 0.000 0.000 0.001 0.001 0.003 0.001 0.000 0.000 0.965 0.218 0.000 0.000 0.259 0.000 0.001 0.062 0.008 0.000 0.000 0.002 0.005 0.058 0.002 0.984 0.001 0.000 0.000 0.003 0.000 0.001 0.000 
10 crow_vis 30 0.002 0.000 0.002 0.003 0.001 0.998 0.929 0.001 0.994 0.000 0.000 0.001 0.000 0.004 0.000 0.001 0.070 0.000 0.001 0.030 0.000 0.000 0.000 0.001 0.000 0.815 0.000 0.000 0.000 0.001 0.001 0.002 0.001 0.000 0.000 0.966 0.224 0.000 0.000 0.268 0.000 0.001 0.065 0.008 0.000 0.000 0.002 0.005 0.057 0.002 0.985 0.001 0.000 0.000 0.003 0.000 0.001 0.000 
11 eagle_vis 30 0.002 0.000 0.002 0.006 0.001 0.998 0.929 0.001 0.995 0.000 0.000 0.001 0.000 0.006 0.000 0.001 0.069 0.000 0.001 0.054 0.000 0.000 0.000 0.002 0.000 0.882 0.000 0.000 0.001 0.001 0.001 0.003 0.001 0.000 0.000 0.970 0.376 0.000 0.000 0.259 0.000 0.001 0.128 0.013 0.000 0.000 0.004 0.010 0.083 0.003 0.988 0.001 0.000 0.000 0.005 0.000 0.001 0.000 
12 tuna_vis 30 0.002 0.000 0.001 0.003 0.001 0.998 0.926 0.001 0.994 0.000 0.000 0.001 0.000 0.004 0.000 0.001 0.072 0.000 0.001 0.029 0.000 0.000 0.000 0.001 0.000 0.816 0.000 0.000 0.000 0.001 0.001 0.002 0.001 0.000 0.000 0.965 0.214 0.000 0.000 0.262 0.000 0.001 0.061 0.007 0.000 0.000 0.002 0.005 0.056 0.002 0.984 0.001 0.000 0.000 0.003 0.000 0.001 0.000 
13 goldfish_vis 30 0.002 0.000 0.001 0.003 0.001 0.998 0.924 0.001 0.994 0.000 0.000 0.001 0.000 0.004 0.000 0.001 0.047 0.000 0.001 0.029 0.000 0.000 0.000 0.001 0.000 0.800 0.000 0.000 0.000 0.001 0.001 0.003 0.001 0.000 0.000 0.964 0.207 0.000 0.000 0.133 0.000 0.001 0.075 0.007 0.000 0.000 0.002 0.005 0.049 0.003 0.983 0.001 0.000 0.000 0.003 0.000 0.001 0.000 
14 salmon_vis 30 0.002 0.000 0.001 0.003 0.001 0.998 0.924 0.001 0.994 0.000 0.000 0.001 0.000 0.004 0.000 0.001 0.068 0.000 0.001 0.030 0.000 0.000 0.000 0.001 0.000 0.813 0.000 0.000 0.000 0.001 0.001 0.002 0.001 0.000 0.000 0.964 0.223 0.000 0.000 0.256 0.000 0.001 0.064 0.007 0.000 0.000 0.002 0.005 0.056 0.002 0.984 0.001 0.000 0.000 0.003 0.000 0.001 0.000 
15 sardine_vis 30 0.002 0.000 0.001 0.003 0.001 0.998 0.922 0.001 0.994 0.000 0.000 0.001 0.000 0.004 0.000 0.001 0.052 0.000 0.001 0.034 0.000 0.000 0.000 0.002 0.000 0.825 0.000 0.000 0.001 0.001 0.001 0.003 0.001 0.000 0.000 0.963 0.256 0.000 0.000 0.175 0.000 0.001 0.087 0.007 0.000 0.000 0.002 0.007 0.054 0.003 0.983 0.001 0.000 0.000 0.003 0.000 0.001 0.000 
16 catfish_vis 30 0.002 0.000 0.001 0.003 0.001 0.998 0.925 0.001 0.994 0.000 0.000 0.001 0.000 0.004 0.000 0.001 0.040 0.000 0.001 0.030 0.000 0.000 0.000 0.001 0.000 0.805 0.000 0.000 0.000 0.001 0.001 0.003 0.001 0.000 0.000 0.965 0.214 0.000 0.000 0.105 0.000 0.001 0.084 0.007 0.000 0.000 0.002 0.005 0.048 0.004 0.982 0.001 0.000 0.000 0.003 0.000 0.001 0.000 
17 cod_vis 30 0.002 0.000 0.001 0.003 0.001 0.998 0.924 0.001 0.994 0.000 0.000 0.001 0.000 0.004 0.000 0.001 0.050 0.000 0.001 0.031 0.000 0.000 0.000 0.001 0.000 0.816 0.000 0.000 0.000 0.001 0.001 0.003 0.001 0.000 0.000 0.964 0.230 0.000 0.000 0.154 0.000 0.001 0.081 0.007 0.000 0.000 0.002 0.006 0.051 0.003 0.983 0.001 0.000 0.000 0.003 0.000 0.001 0.000 
18 turtle_vis 30 0.002 0.000 0.001 0.003 0.001 0.998 0.931 0.001 0.994 0.000 0.000 0.001 0.000 0.003 0.000 0.001 0.023 0.000 0.001 0.032 0.000 0.000 0.000 0.001 0.000 0.801 0.000 0.000 0.000 0.001 0.001 0.003 0.001 0.000 0.000 0.968 0.230 0.000 0.000 0.035 0.000 0.000 0.122 0.007 0.000 0.000 0.002 0.007 0.042 0.006 0.980 0.001 0.000 0.000 0.003 0.000 0.001 0.000 
19 rattlesnake_vis 30 0.002 0.000 0.001 0.003 0.001 0.998 0.929 0.001 0.994 0.000 0.000 0.001 0.000 0.004 0.000 0.001 0.036 0.000 0.001 0.030 0.000 0.000 0.000 0.001 0.000 0.800 0.000 0.000 0.000 0.001 0.001 0.003 0.001 0.000 0.000 0.967 0.220 0.000 0.000 0.090 0.000 0.001 0.084 0.007 0.000 0.000 0.002 0.006 0.049 0.003 0.983 0.001 0.000 0.000 0.003 0.000 0.001 0.000 
20 crab_vis 30 0.002 0.000 0.001 0.003 0.001 0.998 0.928 0.001 0.994 0.000 0.000 0.001 0.000 0.004 0.000 0.001 0.043 0.000 0.001 0.030 0.000 0.000 0.000 0.001 0.000 0.801 0.000 0.000 0.000 0.001 0.001 0.003 0.001 0.000 0.000 0.966 0.218 0.000 0.000 0.129 0.000 0.001 0.077 0.007 0.000 0.000 0.002 0.006 0.051 0.003 0.983 0.001 0.000 0.000 0.003 0.000 0.001 0.000 
21 frog_vis 30 0.002 0.000 0.001 0.003 0.001 0.998 0.918 0.001 0.994 0.000 0.000 0.001 0.000 0.003 0.000 0.001 0.025 0.000 0.001 0.038 0.000 0.000 0.000 0.002 0.000 0.841 0.000 0.000 0.001 0.001 0.001 0.003 0.001 0.000 0.000 0.963 0.285 0.000 0.000 0.057 0.000 0.000 0.147 0.007 0.000 0.000 0.001 0.008 0.043 0.008 0.979 0.001 0.000 0.000 0.003 0.000 0.001 0.000 
22 gecko_vis 30 0.002 0.000 0.001 0.003 0.001 0.998 0.929 0.001 0.994 0.000 0.000 0.001 0.000 0.004 0.000 0.001 0.039 0.000 0.001 0.030 0.000 0.000 0.000 0.001 0.000 0.801 0.000 0.000 0.000 0.001 0.001 0.003 0.001 0.000 0.000 0.966 0.219 0.000 0.000 0.104 0.000 0.001 0.081 0.007 0.000 0.000 0.002 0.006 0.050 0.003 0.983 0.001 0.000 0.000 0.003 0.000 0.001 0.000 
23 crocodile_vis 30 0.002 0.000 0.001 0.003 0.001 0.998 0.929 0.001 0.994 0.000 0.000 0.001 0.000 0.004 0.000 0.001 0.050 0.000 0.001 0.030 0.000 0.000 0.000 0.001 0.000 0.805 0.000 0.000 0.000 0.001 0.001 0.003 0.001 0.000 0.000 0.966 0.221 0.000 0.000 0.174 0.000 0.001 0.073 0.007 0.000 0.000 0.002 0.006 0.053 0.003 0.983 0.001 0.000 0.000 0.003 0.000 0.001 0.000 
24 axe_vis 30 0.002 0.000 0.001 0.003 0.001 0.998 0.926 0.001 0.994 0.000 0.000 0.001 0.000 0.004 0.000 0.001 0.050 0.000 0.001 0.035 0.000 0.000 0.000 0.001 0.000 0.848 0.000 0.000 0.000 0.001 0.001 0.003 0.001 0.000 0.000 0.966 0.240 0.000 0.000 0.152 0.000 0.001 0.090 0.007 0.000 0.000 0.002 0.005 0.052 0.004 0.983 0.001 0.000 0.000 0.003 0.000 0.001 0.000 
25 hammer_vis 30 0.002 0.000 0.002 0.006 0.001 0.998 0.926 0.001 0.995 0.000 0.000 0.001 0.000 0.005 0.000 0.001 0.019 0.000 0.001 0.077 0.000 0.000 0.000 0.002 0.000 0.913 0.000 0.000 0.001 0.001 0.001 0.005 0.001 0.000 0.000 0.971 0.462 0.000 0.000 0.016 0.000 0.000 0.320 0.014 0.000 0.000 0.003 0.013 0.070 0.013 0.987 0.001 0.000 0.000 0.005 0.000 0.001 0.000 
26 screwdriver_vis 30 0.002 0.000 0.001 0.003 0.001 0.998 0.929 0.001 0.994 0.000 0.000 0.001 0.000 0.004 0.000 0.001 0.057 0.000 0.001 0.033 0.000 0.000 0.000 0.001 0.000 0.828 0.000 0.000 0.000 0.001 0.001 0.003 0.001 0.000 0.000 0.966 0.243 0.000 0.000 0.206 0.000 0.001 0.082 0.007 0.000 0.000 0.002 0.006 0.054 0.003 0.984 0.001 0.000 0.000 0.003 0.000 0.001 0.000 
27 chisel_vis 30 0.002 0.000 0.002 0.005 0.001 0.998 0.924 0.001 0.995 0.000 0.000 0.001 0.000 0.004 0.000 0.001 0.033 0.000 0.001 0.072 0.000 0.000 0.000 0.002 0.000 0.919 0.000 0.000 0.001 0.001 0.001 0.005 0.001 0.000 0.000 0.969 0.420 0.000 0.000 0.070 0.000 0.000 0.225 0.011 0.000 0.000 0.002 0.010 0.065 0.009 0.986 0.001 0.000 0.000 0.004 0.000 0.001 0.000 
28 saw_vis 30 0.002 0.000 0.001 0.003 0.001 0.998 0.932 0.001 0.994 0.000 0.000 0.001 0.000 0.003 0.000 0.001 0.017 0.000 0.001 0.037 0.000 0.000 0.000 0.001 0.000 0.829 0.000 0.000 0.000 0.001 0.001 0.003 0.001 0.000 0.000 0.969 0.257 0.000 0.000 0.013 0.000 0.000 0.165 0.007 0.000 0.000 0.001 0.007 0.044 0.009 0.982 0.001 0.000 0.000 0.003 0.000 0.001 0.000 
29 drill_vis 30 0.002 0.000 0.001 0.003 0.001 0.998 0.932 0.001 0.994 0.000 0.000 0.001 0.000 0.003 0.000 0.001 0.022 0.000 0.001 0.038 0.000 0.000 0.000 0.002 0.000 0.831 0.000 0.000 0.000 0.001 0.001 0.003 0.001 0.000 0.000 0.969 0.266 0.000 0.000 0.024 0.000 0.000 0.145 0.007 0.000 0.000 0.002 0.007 0.049 0.007 0.983 0.001 0.000 0.000 0.003 0.000 0.001 0.000 
30 clamp_vis 30 0.002 0.000 0.002 0.004 0.001 0.998 0.929 0.001 0.995 0.000 0.000 0.001 0.000 0.005 0.000 0.001 0.065 0.000 0.001 0.042 0.000 0.000 0.000 0.002 0.000 0.862 0.000 0.000 0.000 0.001 0.001 0.003 0.001 0.000 0.000 0.968 0.289 0.000 0.000 0.202 0.000 0.001 0.102 0.009 0.000 0.000 0.003 0.006 0.065 0.003 0.987 0.001 0.000 0.000 0.003 0.000 0.001 0.000 
31 hoe_vis 30 0.002 0.000 0.001 0.003 0.001 0.998 0.925 0.001 0.994 0.000 0.000 0.001 0.000 0.004 0.000 0.001 0.063 0.000 0.001 0.035 0.000 0.000 0.000 0.002 0.000 0.846 0.000 0.000 0.000 0.001 0.001 0.003 0.001 0.000 0.000 0.965 0.241 0.000 0.000 0.199 0.000 0.001 0.082 0.008 0.000 0.000 0.002 0.005 0.057 0.003 0.985 0.001 0.000 0.000 0.003 0.000 0.001 0.000 
32 rake_vis 30 0.002 0.000 0.002 0.004 0.001 0.998 0.927 0.001 0.995 0.000 0.000 0.001 0.000 0.005 0.000 0.001 0.063 0.000 0.001 0.041 0.000 0.000 0.000 0.002 0.000 0.867 0.000 0.000 0.000 0.001 0.001 0.003 0.001 0.000 0.000 0.967 0.279 0.000 0.000 0.184 0.000 0.001 0.100 0.009 0.000 0.000 0.002 0.006 0.063 0.003 0.987 0.001 0.000 0.000 0.003 0.000 0.001 0.000 
33 shovel_vis 30 0.002 0.000 0.001 0.003 0.001 0.998 0.925 0.001 0.994 0.000 0.000 0.001 0.000 0.004 0.000 0.001 0.062 0.000 0.001 0.034 0.000 0.000 0.000 0.002 0.000 0.850 0.000 0.000 0.000 0.001 0.001 0.003 0.001 0.000 0.000 0.965 0.233 0.000 0.000 0.183 0.000 0.001 0.080 0.008 0.000 0.000 0.002 0.005 0.056 0.003 0.985 0.001 0.000 0.000 0.003 0.000 0.001 0.000 
34 spade_vis 30 0.002 0.000 0.002 0.004 0.001 0.998 0.929 0.001 0.994 0.000 0.000 0.001 0.000 0.004 0.000 0.001 0.059 0.000 0.001 0.036 0.000 0.000 0.000 0.002 0.000 0.826 0.000 0.000 0.000 0.001 0.001 0.003 0.001 0.000 0.000 0.967 0.263 0.000 0.000 0.205 0.000 0.001 0.093 0.008 0.000 0.000 0.002 0.007 0.055 0.004 0.985 0.001 0.000 0.000 0.003 0.000 0.001 0.000 
35 wrench_vis 30 0.002 0.000 0.001 0.003 0.001 0.998 0.923 0.001 0.993 0.000 0.000 0.001 0.000 0.003 0.000 0.001 0.025 0.000 0.001 0.043 0.000 0.000 0.000 0.002 0.000 0.881 0.000 0.000 0.001 0.001 0.001 0.004 0.001 0.000 0.000 0.966 0.250 0.000 0.000 0.032 0.000 0.000 0.154 0.007 0.000 0.000 0.001 0.005 0.042 0.009 0.981 0.001 0.000 0.000 0.002 0.000 0.001 0.000 
36 accordion_vis 30 0.002 0.000 0.001 0.003 0.001 0.998 0.921 0.001 0.994 0.000 0.000 0.001 0.000 0.004 0.000 0.001 0.037 0.000 0.001 0.051 0.000 0.000 0.000 0.002 0.000 0.894 0.000 0.000 0.001 0.001 0.001 0.004 0.001 0.000 0.000 0.965 0.325 0.000 0.000 0.076 0.000 0.000 0.161 0.008 0.000 0.000 0.002 0.007 0.054 0.007 0.984 0.001 0.000 0.000 0.003 0.000 0.001 0.000 
37 cello_vis 30 0.002 0.000 0.003 0.009 0.001 0.998 0.916 0.001 0.995 0.000 0.000 0.001 0.000 0.008 0.000 0.001 0.045 0.000 0.001 0.099 0.000 0.000 0.000 0.002 0.000 0.937 0.001 0.000 0.001 0.002 0.001 0.006 0.001 0.000 0.000 0.968 0.554 0.000 0.000 0.104 0.000 0.001 0.286 0.021 0.000 0.000 0.005 0.014 0.106 0.006 0.989 0.001 0.000 0.000 0.006 0.000 0.001 0.000 
38 flute_vis 30 0.002 0.000 0.002 0.005 0.001 0.998 0.926 0.001 0.995 0.000 0.000 0.001 0.000 0.004 0.000 0.001 0.039 0.000 0.001 0.070 0.000 0.000 0.000 0.002 0.000 0.917 0.000 0.000 0.001 0.001 0.001 0.005 0.001 0.000 0.000 0.970 0.411 0.000 0.000 0.078 0.000 0.001 0.217 0.012 0.000 0.000 0.003 0.009 0.066 0.008 0.987 0.001 0.000 0.000 0.004 0.000 0.001 0.000 
39 guitar_vis 30 0.002 0.000 0.002 0.005 0.001 0.998 0.924 0.001 0.995 0.000 0.000 0.001 0.000 0.004 0.000 0.001 0.032 0.000 0.001 0.075 0.000 0.000 0.000 0.002 0.000 0.926 0.000 0.000 0.001 0.001 0.001 0.005 0.001 0.000 0.000 0.970 0.416 0.000 0.000 0.052 0.000 0.000 0.240 0.011 0.000 0.000 0.002 0.009 0.062 0.010 0.987 0.001 0.000 0.000 0.004 0.000 0.001 0.000 
40 piano_vis 30 0.003 0.000 0.002 0.006 0.001 0.998 0.890 0.001 0.994 0.000 0.000 0.001 0.000 0.004 0.000 0.001 0.008 0.000 0.001 0.160 0.000 0.000 0.000 0.002 0.000 0.961 0.001 0.000 0.001 0.002 0.001 0.010 0.001 0.000 0.000 0.962 0.690 0.000 0.000 0.002 0.000 0.000 0.671 0.016 0.000 0.000 0.002 0.021 0.062 0.067 0.985 0.001 0.000 0.000 0.006 0.000 0.001 0.000 
41 trumpet_vis 30 0.004 0.000 0.005 0.013 0.001 0.998 0.905 0.001 0.995 0.000 0.000 0.001 0.000 0.006 0.000 0.001 0.017 0.000 0.001 0.178 0.000 0.000 0.000 0.002 0.000 0.965 0.001 0.000 0.001 0.002 0.001 0.009 0.001 0.000 0.000 0.968 0.737 0.000 0.000 0.005 0.000 0.000 0.674 0.025 0.000 0.000 0.003 0.027 0.084 0.044 0.989 0.001 0.000 0.000 0.007 0.000 0.001 0.000 
42 fork_vis 30 0.002 0.000 0.002 0.003 0.001 0.998 0.928 0.001 0.994 0.000 0.000 0.001 0.000 0.004 0.000 0.001 0.069 0.000 0.001 0.035 0.000 0.000 0.000 0.002 0.000 0.850 0.000 0.000 0.000 0.001 0.001 0.003 0.001 0.000 0.000 0.966 0.239 0.000 0.000 0.212 0.000 0.001 0.079 0.008 0.000 0.000 0.002 0.005 0.057 0.003 0.986 0.001 0.000 0.000 0.003 0.000 0.001 0.000 
43 spoon_vis 30 0.002 0.000 0.001 0.003 0.001 0.998 0.927 0.001 0.994 0.000 0.000 0.001 0.000 0.004 0.000 0.001 0.069 0.000 0.001 0.034 0.000 0.000 0.000 0.002 0.000 0.853 0.000 0.000 0.000 0.001 0.001 0.003 0.001 0.000 0.000 0.966 0.231 0.000 0.000 0.201 0.000 0.001 0.077 0.008 0.000 0.000 0.002 0.004 0.056 0.003 0.986 0.001 0.000 0.000 0.003 0.000 0.001 0.000 
44 tongs_vis 30 0.002 0.000 0.003 0.007 0.001 0.998 0.925 0.001 0.995 0.000 0.000 0.001 0.000 0.007 0.000 0.001 0.073 0.000 0.001 0.071 0.000 0.000 0.000 0.002 0.000 0.915 0.000 0.000 0.001 0.001 0.001 0.005 0.001 0.000 0.000 0.970 0.440 0.000 0.000 0.228 0.000 0.001 0.178 0.016 0.000 0.000 0.005 0.010 0.096 0.004 0.990 0.001 0.000 0.000 0.005 0.000 0.001 0.000 
45 ladle_vis 30 0.002 0.000 0.001 0.003 0.001 0.998 0.926 0.001 0.994 0.000 0.000 0.001 0.000 0.004 0.000 0.001 0.067 0.000 0.001 0.034 0.000 0.000 0.000 0.002 0.000 0.851 0.000 0.000 0.000 0.001 0.001 0.003 0.001 0.000 0.000 0.965 0.230 0.000 0.000 0.196 0.000 0.001 0.078 0.008 0.000 0.000 0.002 0.004 0.056 0.003 0.985 0.001 0.000 0.000 0.003 0.000 0.001 0.000 
46 knife_vis 30 0.002 0.000 0.002 0.004 0.001 0.998 0.928 0.001 0.995 0.000 0.000 0.001 0.000 0.005 0.000 0.001 0.065 0.000 0.001 0.045 0.000 0.000 0.000 0.002 0.000 0.877 0.000 0.000 0.000 0.001 0.001 0.003 0.001 0.000 0.000 0.968 0.295 0.000 0.000 0.181 0.000 0.001 0.108 0.010 0.000 0.000 0.003 0.006 0.065 0.004 0.987 0.001 0.000 0.000 0.003 0.000 0.001 0.000 
47 chopsticks_vis 30 0.002 0.000 0.003 0.006 0.001 0.998 0.925 0.001 0.995 0.000 0.000 0.001 0.000 0.007 0.000 0.001 0.071 0.000 0.001 0.068 0.000 0.000 0.000 0.002 0.000 0.913 0.000 0.000 0.001 0.001 0.001 0.005 0.001 0.000 0.000 0.969 0.422 0.000 0.000 0.211 0.000 0.001 0.169 0.015 0.000 0.000 0.005 0.009 0.092 0.004 0.989 0.001 0.000 0.000 0.005 0.000 0.001 0.000 
