0 beaver_vis 30 0.022 0.004 0.016 0.000 0.108 0.993 0.140 0.004 0.990 0.009 0.002 0.001 0.001 0.007 0.001 0.001 0.001 0.014 0.003 0.001 0.027 0.020 0.001 0.004 0.000 0.033 0.000 0.000 0.001 0.002 0.002 0.054 0.012 0.014 0.010 0.010 0.221 0.042 0.012 0.001 0.003 0.001 0.006 0.054 0.001 0.006 0.886 0.018 0.012 0.082 0.433 0.023 0.001 0.028 0.012 0.001 0.033 0.000 
1 bear_vis 30 0.019 0.009 0.012 0.000 0.158 0.992 0.796 0.004 0.956 0.017 0.005 0.000 0.005 0.001 0.005 0.003 0.001 0.249 0.002 0.001 0.019 0.018 0.001 0.000 0.000 0.260 0.000 0.000 0.023 0.002 0.006 0.131 0.016 0.010 0.334 0.007 0.861 0.028 0.010 0.001 0.003 0.001 0.005 0.027 0.001 0.004 0.776 0.026 0.001 0.107 0.610 0.010 0.001 0.019 0.049 0.000 0.695 0.000 
2 sheep_vis 30 0.016 0.008 0.013 0.000 0.148 0.992 0.340 0.006 0.970 0.013 0.005 0.000 0.003 0.001 0.002 0.001 0.001 0.085 0.003 0.001 0.020 0.010 0.001 0.001 0.000 0.163 0.000 0.000 0.010 0.003 0.005 0.107 0.013 0.008 0.153 0.005 0.698 0.025 0.007 0.001 0.006 0.001 0.006 0.039 0.001 0.008 0.847 0.014 0.003 0.065 0.485 0.022 0.001 0.018 0.036 0.000 0.360 0.000 
3 buffalo_vis 30 0.025 0.006 0.015 0.000 0.148 0.993 0.857 0.003 0.968 0.006 0.005 0.000 0.003 0.001 0.005 0.003 0.001 0.239 0.003 0.001 0.030 0.021 0.001 0.000 0.000 0.190 0.000 0.000 0.014 0.002 0.007 0.086 0.014 0.025 0.240 0.017 0.903 0.044 0.011 0.000 0.002 0.000 0.005 0.062 0.001 0.003 0.745 0.031 0.001 0.119 0.672 0.014 0.001 0.012 0.028 0.000 0.539 0.000 
4 poodle_vis 30 0.017 0.009 0.009 0.000 0.126 0.993 0.769 0.002 0.874 0.007 0.008 0.000 0.003 0.000 0.007 0.004 0.001 0.221 0.002 0.001 0.017 0.015 0.001 0.000 0.000 0.222 0.000 0.000 0.017 0.002 0.016 0.102 0.011 0.013 0.348 0.015 0.902 0.025 0.010 0.001 0.001 0.000 0.005 0.033 0.001 0.003 0.722 0.020 0.001 0.053 0.494 0.009 0.001 0.011 0.037 0.000 0.555 0.000 
5 giraffe_vis 30 0.021 0.008 0.011 0.000 0.143 0.992 0.803 0.003 0.933 0.009 0.006 0.000 0.004 0.001 0.006 0.004 0.001 0.237 0.002 0.001 0.021 0.019 0.001 0.000 0.000 0.230 0.000 0.000 0.018 0.002 0.010 0.108 0.013 0.016 0.321 0.013 0.891 0.030 0.009 0.000 0.002 0.000 0.004 0.037 0.001 0.003 0.742 0.025 0.001 0.078 0.567 0.010 0.001 0.014 0.038 0.000 0.597 0.000 
6 robin_vis 30 0.022 0.007 0.014 0.001 0.125 0.993 0.734 0.002 0.895 0.007 0.005 0.001 0.004 0.000 0.005 0.003 0.001 0.251 0.002 0.001 0.016 0.014 0.001 0.000 0.000 0.256 0.000 0.000 0.022 0.001 0.006 0.113 0.016 0.014 0.296 0.011 0.860 0.019 0.010 0.000 0.001 0.000 0.004 0.034 0.001 0.002 0.768 0.019 0.001 0.076 0.537 0.007 0.001 0.013 0.037 0.000 0.592 0.000 
7 swan_vis 30 0.246 0.000 0.029 0.007 0.052 0.992 0.937 0.013 0.105 0.000 0.055 0.001 0.000 0.000 0.001 0.001 0.001 0.029 0.010 0.001 0.023 0.025 0.005 0.001 0.000 0.009 0.000 0.000 0.000 0.002 0.004 0.001 0.003 0.063 0.010 0.111 0.624 0.175 0.032 0.000 0.001 0.000 0.006 0.950 0.001 0.014 0.015 0.003 0.000 0.006 0.181 0.008 0.001 0.000 0.000 0.000 0.000 0.000 
8 woodpecker_vis 30 0.017 0.009 0.011 0.000 0.082 0.994 0.984 0.002 0.634 0.000 0.071 0.001 0.000 0.000 0.012 0.006 0.001 0.060 0.002 0.001 0.021 0.012 0.001 0.001 0.000 0.013 0.000 0.000 0.000 0.003 0.237 0.004 0.001 0.020 0.309 0.026 0.989 0.034 0.013 0.001 0.001 0.000 0.006 0.061 0.001 0.003 0.111 0.011 0.010 0.019 0.357 0.012 0.003 0.000 0.005 0.000 0.013 0.000 
9 peacock_vis 30 0.895 0.002 0.013 0.003 0.913 0.462 0.087 0.002 0.091 0.000 0.011 0.000 0.000 0.000 0.002 0.016 0.001 0.044 0.001 0.001 0.017 0.013 0.002 0.001 0.000 0.031 0.001 0.000 0.002 0.007 0.459 0.028 0.027 0.086 0.002 0.006 0.548 0.013 0.005 0.000 0.001 0.000 0.004 0.058 0.001 0.001 0.041 0.004 0.000 0.009 0.077 0.006 0.001 0.000 0.000 0.000 0.003 0.000 
10 crow_vis 30 0.197 0.000 0.049 0.014 0.018 0.992 0.975 0.044 0.066 0.000 0.064 0.001 0.000 0.000 0.001 0.001 0.001 0.034 0.027 0.001 0.017 0.030 0.009 0.001 0.000 0.015 0.001 0.000 0.000 0.002 0.002 0.000 0.001 0.045 0.015 0.176 0.515 0.197 0.080 0.000 0.001 0.000 0.004 0.978 0.000 0.018 0.016 0.002 0.000 0.003 0.096 0.009 0.001 0.000 0.000 0.000 0.000 0.000 
11 eagle_vis 30 0.029 0.004 0.010 0.001 0.031 0.993 0.985 0.001 0.204 0.000 0.132 0.001 0.000 0.000 0.007 0.004 0.001 0.038 0.002 0.001 0.017 0.012 0.001 0.001 0.000 0.008 0.000 0.000 0.000 0.003 0.200 0.001 0.001 0.021 0.242 0.021 0.979 0.033 0.008 0.001 0.001 0.000 0.005 0.068 0.000 0.004 0.027 0.005 0.006 0.008 0.166 0.008 0.005 0.000 0.002 0.000 0.005 0.000 
12 tuna_vis 30 0.022 0.005 0.032 0.001 0.261 0.991 0.002 0.254 0.994 0.336 0.001 0.001 0.005 0.570 0.000 0.000 0.001 0.002 0.004 0.002 0.016 0.007 0.002 0.030 0.001 0.015 0.000 0.000 0.002 0.001 0.000 0.249 0.010 0.002 0.005 0.002 0.005 0.008 0.010 0.009 0.291 0.375 0.040 0.045 0.002 0.007 0.689 0.005 0.147 0.080 0.859 0.204 0.001 0.113 0.048 0.190 0.001 0.001 
13 goldfish_vis 30 0.019 0.007 0.021 0.001 0.150 0.992 0.004 0.012 0.994 0.050 0.001 0.001 0.004 0.240 0.000 0.000 0.001 0.002 0.003 0.002 0.014 0.007 0.002 0.039 0.001 0.019 0.001 0.000 0.002 0.001 0.001 0.077 0.023 0.004 0.002 0.002 0.014 0.008 0.013 0.009 0.011 0.159 0.015 0.049 0.001 0.003 0.454 0.003 0.046 0.053 0.904 0.098 0.001 0.009 0.022 0.010 0.001 0.001 
14 salmon_vis 30 0.028 0.004 0.037 0.000 0.421 0.992 0.004 0.397 0.994 0.425 0.001 0.001 0.002 0.464 0.000 0.000 0.001 0.002 0.004 0.001 0.027 0.007 0.001 0.016 0.000 0.008 0.000 0.000 0.001 0.003 0.001 0.340 0.002 0.003 0.021 0.002 0.039 0.013 0.009 0.007 0.644 0.158 0.036 0.082 0.002 0.023 0.863 0.006 0.272 0.091 0.781 0.302 0.001 0.238 0.056 0.218 0.001 0.001 
15 sardine_vis 30 0.021 0.007 0.027 0.001 0.150 0.991 0.002 0.027 0.994 0.053 0.001 0.002 0.003 0.421 0.000 0.000 0.001 0.001 0.004 0.002 0.015 0.007 0.002 0.068 0.001 0.016 0.001 0.000 0.002 0.001 0.000 0.084 0.025 0.003 0.001 0.002 0.007 0.007 0.013 0.009 0.026 0.243 0.020 0.058 0.001 0.004 0.533 0.004 0.084 0.060 0.901 0.187 0.001 0.010 0.021 0.019 0.001 0.000 
16 catfish_vis 30 0.019 0.012 0.026 0.001 0.224 0.992 0.833 0.004 0.985 0.035 0.002 0.000 0.014 0.001 0.004 0.003 0.001 0.318 0.003 0.001 0.020 0.017 0.003 0.000 0.001 0.373 0.000 0.000 0.065 0.001 0.003 0.211 0.045 0.007 0.321 0.003 0.741 0.018 0.020 0.001 0.004 0.001 0.004 0.021 0.001 0.002 0.744 0.020 0.001 0.207 0.803 0.008 0.001 0.020 0.078 0.000 0.618 0.000 
17 cod_vis 30 0.024 0.002 0.017 0.000 0.153 0.992 0.013 0.022 0.993 0.034 0.003 0.001 0.000 0.022 0.000 0.000 0.001 0.001 0.003 0.001 0.021 0.005 0.001 0.008 0.000 0.003 0.000 0.000 0.000 0.004 0.002 0.024 0.002 0.005 0.002 0.003 0.207 0.011 0.005 0.001 0.009 0.001 0.017 0.121 0.001 0.030 0.928 0.004 0.091 0.031 0.346 0.274 0.001 0.041 0.005 0.011 0.004 0.000 
18 turtle_vis 30 0.037 0.008 0.033 0.001 0.231 0.992 0.832 0.003 0.983 0.013 0.002 0.000 0.008 0.001 0.004 0.003 0.001 0.345 0.003 0.001 0.025 0.024 0.004 0.000 0.001 0.352 0.000 0.000 0.049 0.001 0.003 0.178 0.053 0.013 0.254 0.004 0.751 0.022 0.016 0.000 0.002 0.001 0.003 0.027 0.001 0.002 0.749 0.024 0.000 0.210 0.773 0.006 0.001 0.017 0.049 0.000 0.570 0.000 
19 rattlesnake_vis 30 0.014 0.007 0.012 0.000 0.088 0.994 0.984 0.002 0.547 0.000 0.060 0.001 0.000 0.000 0.012 0.038 0.001 0.038 0.002 0.001 0.025 0.012 0.001 0.001 0.000 0.002 0.000 0.000 0.000 0.005 0.538 0.001 0.001 0.027 0.171 0.030 0.989 0.055 0.011 0.001 0.001 0.000 0.005 0.064 0.001 0.009 0.042 0.013 0.052 0.019 0.338 0.011 0.011 0.000 0.001 0.000 0.003 0.000 
20 crab_vis 30 0.018 0.010 0.032 0.000 0.203 0.992 0.867 0.005 0.988 0.022 0.002 0.000 0.008 0.001 0.004 0.003 0.001 0.303 0.003 0.001 0.025 0.018 0.002 0.000 0.000 0.307 0.000 0.000 0.038 0.001 0.003 0.160 0.035 0.008 0.289 0.003 0.788 0.026 0.021 0.001 0.006 0.001 0.004 0.031 0.001 0.003 0.763 0.026 0.001 0.241 0.812 0.011 0.001 0.019 0.059 0.000 0.602 0.000 
21 frog_vis 30 0.021 0.010 0.033 0.001 0.213 0.992 0.868 0.003 0.988 0.032 0.002 0.000 0.011 0.001 0.004 0.003 0.001 0.339 0.003 0.001 0.024 0.022 0.003 0.000 0.001 0.352 0.000 0.000 0.054 0.001 0.003 0.184 0.046 0.009 0.287 0.004 0.745 0.026 0.024 0.001 0.002 0.001 0.004 0.025 0.001 0.002 0.766 0.028 0.000 0.271 0.832 0.007 0.001 0.022 0.067 0.000 0.670 0.000 
22 gecko_vis 30 0.016 0.008 0.023 0.000 0.185 0.992 0.827 0.005 0.983 0.023 0.003 0.000 0.006 0.001 0.004 0.003 0.001 0.280 0.003 0.001 0.024 0.014 0.001 0.000 0.000 0.277 0.000 0.000 0.026 0.002 0.003 0.138 0.023 0.009 0.275 0.005 0.818 0.030 0.012 0.001 0.006 0.001 0.005 0.033 0.001 0.004 0.815 0.031 0.001 0.203 0.729 0.013 0.001 0.024 0.050 0.000 0.712 0.000 
23 crocodile_vis 30 0.018 0.009 0.028 0.000 0.199 0.992 0.859 0.004 0.986 0.029 0.003 0.000 0.008 0.001 0.005 0.003 0.001 0.319 0.003 0.001 0.023 0.019 0.002 0.000 0.001 0.319 0.000 0.000 0.038 0.001 0.003 0.158 0.034 0.009 0.286 0.005 0.783 0.025 0.018 0.001 0.003 0.001 0.004 0.026 0.001 0.002 0.789 0.029 0.000 0.245 0.785 0.008 0.001 0.024 0.059 0.000 0.727 0.000 
24 axe_vis 30 0.019 0.002 0.013 0.000 0.046 0.994 0.092 0.003 0.964 0.000 0.035 0.001 0.000 0.002 0.001 0.001 0.001 0.002 0.003 0.001 0.021 0.007 0.001 0.028 0.000 0.000 0.000 0.000 0.000 0.004 0.033 0.001 0.000 0.015 0.001 0.013 0.686 0.019 0.009 0.001 0.001 0.000 0.026 0.318 0.001 0.037 0.316 0.004 0.398 0.017 0.183 0.369 0.003 0.000 0.000 0.000 0.000 0.000 
25 hammer_vis 30 0.026 0.002 0.019 0.000 0.065 0.994 0.249 0.002 0.990 0.000 0.031 0.001 0.000 0.002 0.002 0.001 0.001 0.007 0.003 0.001 0.041 0.014 0.001 0.027 0.000 0.001 0.000 0.000 0.000 0.005 0.035 0.001 0.001 0.036 0.003 0.027 0.930 0.045 0.012 0.001 0.001 0.000 0.007 0.298 0.000 0.019 0.643 0.011 0.332 0.039 0.291 0.299 0.002 0.000 0.001 0.000 0.000 0.000 
26 screwdriver_vis 30 0.014 0.002 0.010 0.001 0.016 0.994 0.084 0.036 0.401 0.000 0.107 0.001 0.000 0.001 0.001 0.001 0.001 0.001 0.003 0.002 0.013 0.006 0.001 0.162 0.000 0.001 0.000 0.000 0.000 0.003 0.026 0.001 0.000 0.011 0.004 0.012 0.427 0.014 0.010 0.003 0.001 0.001 0.012 0.409 0.001 0.024 0.148 0.002 0.335 0.009 0.071 0.107 0.004 0.000 0.001 0.001 0.000 0.000 
27 chisel_vis 30 0.014 0.005 0.012 0.000 0.056 0.994 0.979 0.002 0.549 0.000 0.055 0.001 0.000 0.000 0.006 0.016 0.001 0.022 0.002 0.001 0.026 0.011 0.001 0.001 0.000 0.002 0.000 0.000 0.000 0.005 0.359 0.001 0.000 0.027 0.096 0.027 0.988 0.049 0.011 0.001 0.001 0.000 0.005 0.095 0.000 0.011 0.064 0.010 0.062 0.022 0.259 0.016 0.009 0.000 0.001 0.000 0.002 0.000 
28 saw_vis 30 0.033 0.001 0.023 0.000 0.069 0.994 0.273 0.002 0.992 0.000 0.014 0.001 0.000 0.001 0.002 0.001 0.001 0.008 0.004 0.001 0.051 0.018 0.001 0.009 0.000 0.001 0.000 0.000 0.000 0.004 0.013 0.001 0.001 0.042 0.001 0.030 0.838 0.055 0.017 0.001 0.001 0.000 0.009 0.353 0.001 0.018 0.713 0.014 0.126 0.061 0.401 0.319 0.001 0.001 0.000 0.000 0.000 0.000 
29 drill_vis 30 0.016 0.003 0.012 0.000 0.068 0.994 0.860 0.002 0.763 0.000 0.028 0.001 0.000 0.000 0.006 0.007 0.001 0.025 0.002 0.001 0.034 0.017 0.001 0.001 0.000 0.001 0.000 0.000 0.000 0.004 0.204 0.001 0.000 0.033 0.035 0.035 0.973 0.063 0.014 0.001 0.001 0.000 0.007 0.111 0.000 0.020 0.062 0.018 0.057 0.035 0.375 0.016 0.006 0.000 0.000 0.000 0.001 0.000 
30 clamp_vis 30 0.030 0.002 0.023 0.000 0.067 0.994 0.333 0.002 0.991 0.000 0.016 0.001 0.000 0.001 0.001 0.001 0.001 0.012 0.004 0.001 0.053 0.017 0.001 0.012 0.000 0.001 0.000 0.000 0.000 0.005 0.014 0.002 0.001 0.045 0.003 0.034 0.844 0.067 0.012 0.001 0.001 0.000 0.007 0.316 0.000 0.019 0.769 0.021 0.142 0.055 0.352 0.238 0.001 0.001 0.001 0.000 0.000 0.000 
31 hoe_vis 30 0.019 0.001 0.014 0.001 0.022 0.994 0.114 0.097 0.522 0.000 0.040 0.001 0.000 0.001 0.001 0.001 0.001 0.003 0.004 0.001 0.022 0.010 0.001 0.034 0.000 0.001 0.000 0.000 0.000 0.003 0.008 0.001 0.000 0.018 0.002 0.016 0.343 0.023 0.012 0.001 0.001 0.001 0.046 0.438 0.001 0.031 0.262 0.005 0.083 0.019 0.137 0.140 0.002 0.000 0.001 0.001 0.000 0.000 
32 rake_vis 30 0.025 0.002 0.017 0.000 0.065 0.994 0.165 0.002 0.990 0.000 0.012 0.001 0.000 0.003 0.001 0.001 0.001 0.004 0.004 0.001 0.034 0.011 0.001 0.015 0.000 0.002 0.000 0.000 0.000 0.004 0.010 0.003 0.001 0.026 0.002 0.021 0.627 0.033 0.010 0.001 0.001 0.000 0.006 0.238 0.000 0.016 0.836 0.009 0.174 0.031 0.263 0.265 0.001 0.002 0.001 0.000 0.000 0.000 
33 shovel_vis 30 0.021 0.003 0.014 0.000 0.063 0.994 0.097 0.002 0.985 0.000 0.036 0.001 0.000 0.003 0.001 0.001 0.001 0.002 0.003 0.001 0.023 0.008 0.001 0.039 0.000 0.000 0.000 0.000 0.000 0.005 0.043 0.001 0.001 0.016 0.001 0.013 0.847 0.019 0.009 0.001 0.001 0.000 0.010 0.255 0.001 0.026 0.504 0.004 0.472 0.019 0.198 0.388 0.002 0.000 0.001 0.000 0.000 0.000 
34 spade_vis 30 0.023 0.003 0.015 0.000 0.061 0.994 0.137 0.002 0.987 0.000 0.030 0.001 0.000 0.002 0.001 0.001 0.001 0.003 0.003 0.001 0.028 0.009 0.001 0.037 0.000 0.001 0.000 0.000 0.000 0.005 0.029 0.001 0.001 0.022 0.002 0.018 0.855 0.026 0.009 0.001 0.001 0.000 0.007 0.249 0.000 0.019 0.680 0.006 0.397 0.023 0.222 0.330 0.002 0.001 0.001 0.000 0.000 0.000 
35 wrench_vis 30 0.020 0.002 0.013 0.000 0.048 0.994 0.086 0.002 0.975 0.000 0.031 0.001 0.000 0.002 0.001 0.001 0.001 0.002 0.003 0.001 0.021 0.007 0.001 0.028 0.000 0.000 0.000 0.000 0.000 0.004 0.031 0.001 0.001 0.016 0.001 0.013 0.747 0.017 0.009 0.001 0.001 0.000 0.017 0.323 0.000 0.033 0.395 0.004 0.399 0.016 0.200 0.405 0.002 0.000 0.000 0.000 0.000 0.000 
36 accordion_vis 30 0.022 0.001 0.012 0.000 0.065 0.994 0.013 0.007 0.990 0.000 0.016 0.001 0.000 0.002 0.001 0.001 0.001 0.000 0.003 0.002 0.015 0.003 0.001 0.011 0.000 0.000 0.000 0.000 0.000 0.004 0.017 0.000 0.001 0.007 0.000 0.006 0.544 0.005 0.008 0.001 0.001 0.000 0.191 0.553 0.001 0.050 0.332 0.001 0.215 0.011 0.404 0.655 0.004 0.000 0.000 0.000 0.000 0.000 
37 cello_vis 30 0.018 0.003 0.011 0.000 0.085 0.994 0.035 0.003 0.989 0.000 0.014 0.001 0.000 0.006 0.001 0.001 0.001 0.001 0.003 0.001 0.017 0.004 0.001 0.029 0.000 0.001 0.000 0.000 0.000 0.004 0.014 0.002 0.001 0.009 0.001 0.008 0.494 0.008 0.006 0.001 0.001 0.000 0.012 0.169 0.000 0.018 0.681 0.002 0.354 0.012 0.215 0.355 0.002 0.001 0.001 0.001 0.000 0.000 
38 flute_vis 30 0.019 0.003 0.010 0.000 0.077 0.994 0.017 0.004 0.988 0.000 0.030 0.001 0.000 0.004 0.001 0.001 0.001 0.000 0.003 0.002 0.014 0.003 0.001 0.045 0.000 0.000 0.000 0.000 0.000 0.005 0.049 0.001 0.001 0.007 0.001 0.006 0.753 0.005 0.006 0.001 0.001 0.000 0.028 0.281 0.001 0.029 0.404 0.001 0.525 0.009 0.216 0.513 0.003 0.000 0.000 0.000 0.000 0.000 
39 guitar_vis 30 0.020 0.002 0.011 0.000 0.085 0.994 0.015 0.004 0.990 0.001 0.011 0.001 0.000 0.006 0.001 0.001 0.001 0.001 0.003 0.001 0.015 0.003 0.001 0.021 0.000 0.001 0.000 0.000 0.000 0.004 0.010 0.002 0.001 0.007 0.001 0.005 0.430 0.005 0.006 0.001 0.001 0.000 0.017 0.207 0.001 0.019 0.734 0.001 0.249 0.011 0.270 0.397 0.002 0.002 0.001 0.001 0.000 0.000 
40 piano_vis 30 0.021 0.002 0.012 0.000 0.068 0.994 0.015 0.006 0.989 0.000 0.019 0.001 0.000 0.003 0.001 0.001 0.001 0.000 0.003 0.002 0.015 0.003 0.001 0.016 0.000 0.000 0.000 0.000 0.000 0.004 0.022 0.000 0.001 0.007 0.000 0.006 0.582 0.005 0.007 0.001 0.001 0.000 0.131 0.466 0.001 0.043 0.349 0.001 0.283 0.011 0.343 0.609 0.004 0.000 0.000 0.000 0.000 0.000 
41 trumpet_vis 30 0.019 0.003 0.012 0.000 0.078 0.994 0.075 0.002 0.989 0.000 0.023 0.001 0.000 0.004 0.001 0.001 0.001 0.001 0.003 0.001 0.022 0.006 0.001 0.033 0.000 0.000 0.000 0.000 0.000 0.005 0.028 0.001 0.001 0.014 0.001 0.013 0.741 0.015 0.007 0.001 0.001 0.000 0.010 0.208 0.000 0.020 0.631 0.004 0.440 0.015 0.210 0.379 0.002 0.001 0.001 0.000 0.000 0.000 
42 fork_vis 30 0.011 0.015 0.010 0.000 0.116 0.994 0.991 0.002 0.674 0.000 0.084 0.001 0.000 0.000 0.014 0.060 0.001 0.064 0.002 0.001 0.022 0.010 0.001 0.001 0.000 0.003 0.000 0.000 0.000 0.006 0.675 0.002 0.000 0.022 0.426 0.029 0.991 0.043 0.011 0.002 0.001 0.000 0.005 0.054 0.000 0.005 0.041 0.014 0.129 0.016 0.265 0.011 0.009 0.000 0.002 0.000 0.004 0.000 
43 spoon_vis 30 0.049 0.000 0.031 0.024 0.000 0.994 0.089 0.942 0.010 0.000 0.024 0.001 0.000 0.000 0.001 0.000 0.001 0.001 0.020 0.005 0.003 0.004 0.004 0.006 0.000 0.002 0.000 0.000 0.000 0.001 0.000 0.000 0.000 0.002 0.002 0.018 0.009 0.022 0.068 0.001 0.001 0.003 0.014 0.983 0.001 0.337 0.018 0.001 0.001 0.001 0.005 0.033 0.001 0.000 0.000 0.000 0.000 0.000 
44 tongs_vis 30 0.009 0.014 0.009 0.000 0.117 0.994 0.992 0.001 0.646 0.000 0.061 0.001 0.000 0.000 0.013 0.078 0.001 0.056 0.001 0.001 0.024 0.008 0.001 0.001 0.000 0.003 0.000 0.000 0.000 0.008 0.651 0.002 0.000 0.021 0.379 0.032 0.992 0.038 0.006 0.001 0.001 0.000 0.005 0.038 0.000 0.004 0.032 0.020 0.153 0.013 0.263 0.009 0.009 0.000 0.001 0.000 0.003 0.000 
45 ladle_vis 30 0.018 0.000 0.018 0.008 0.000 0.994 0.054 0.934 0.011 0.000 0.001 0.004 0.000 0.000 0.001 0.000 0.001 0.001 0.004 0.048 0.003 0.004 0.002 0.000 0.000 0.000 0.001 0.000 0.000 0.001 0.000 0.000 0.000 0.003 0.000 0.025 0.013 0.078 0.023 0.001 0.001 0.376 0.042 0.506 0.001 0.293 0.001 0.001 0.001 0.002 0.008 0.008 0.001 0.000 0.000 0.001 0.000 0.000 
46 knife_vis 30 0.008 0.001 0.007 0.002 0.001 0.994 0.991 0.005 0.037 0.055 0.189 0.001 0.000 0.000 0.001 0.001 0.007 0.269 0.002 0.001 0.007 0.007 0.001 0.001 0.000 0.047 0.002 0.000 0.000 0.001 0.009 0.000 0.000 0.007 0.948 0.031 0.343 0.686 0.012 0.012 0.001 0.001 0.006 0.044 0.001 0.419 0.004 0.002 0.015 0.005 0.028 0.006 0.105 0.000 0.005 0.008 0.496 0.017 
47 chopsticks_vis 30 0.009 0.019 0.009 0.000 0.130 0.994 0.992 0.002 0.683 0.000 0.086 0.001 0.000 0.000 0.018 0.069 0.001 0.073 0.002 0.001 0.023 0.008 0.001 0.001 0.000 0.004 0.000 0.000 0.000 0.008 0.701 0.003 0.000 0.021 0.501 0.031 0.992 0.036 0.007 0.001 0.001 0.000 0.005 0.039 0.000 0.004 0.041 0.020 0.165 0.012 0.261 0.010 0.009 0.000 0.002 0.000 0.003 0.000 
