0 beaver_vis 30 0.996 0.992 0.010 0.000 0.016 0.001 0.397 0.000 0.000 0.000 0.133 0.988 0.002 0.011 0.000 0.013 0.000 0.000 0.004 0.184 0.000 0.000 0.000 0.000 0.000 0.000 0.000 0.000 0.042 0.000 0.004 0.002 0.000 0.001 0.002 0.405 0.000 0.000 0.074 0.025 0.001 0.000 0.000 0.000 0.000 0.002 0.000 0.018 0.000 0.000 0.000 0.000 0.000 0.002 0.000 0.000 0.000 0.091 
1 bear_vis 30 0.995 0.992 0.017 0.000 0.012 0.001 0.286 0.000 0.000 0.000 0.161 0.991 0.003 0.024 0.000 0.023 0.000 0.000 0.005 0.238 0.000 0.000 0.000 0.000 0.000 0.000 0.000 0.000 0.047 0.000 0.004 0.003 0.001 0.001 0.002 0.331 0.000 0.000 0.086 0.022 0.001 0.000 0.000 0.000 0.000 0.002 0.000 0.012 0.000 0.000 0.000 0.000 0.001 0.002 0.000 0.000 0.000 0.072 
2 sheep_vis 30 0.996 0.991 0.014 0.000 0.022 0.001 0.723 0.000 0.001 0.000 0.072 0.986 0.003 0.005 0.000 0.009 0.000 0.000 0.004 0.142 0.000 0.000 0.000 0.000 0.000 0.000 0.000 0.000 0.040 0.000 0.004 0.002 0.000 0.001 0.002 0.679 0.000 0.000 0.061 0.115 0.002 0.000 0.000 0.000 0.000 0.001 0.000 0.021 0.000 0.000 0.000 0.000 0.000 0.001 0.001 0.000 0.000 0.178 
3 buffalo_vis 30 0.996 0.992 0.014 0.000 0.017 0.001 0.698 0.000 0.000 0.000 0.076 0.989 0.002 0.007 0.000 0.009 0.000 0.000 0.003 0.159 0.000 0.000 0.000 0.000 0.000 0.000 0.000 0.000 0.039 0.000 0.004 0.001 0.000 0.001 0.002 0.604 0.000 0.000 0.072 0.088 0.001 0.000 0.000 0.000 0.000 0.002 0.000 0.022 0.000 0.000 0.000 0.000 0.000 0.001 0.001 0.000 0.000 0.178 
4 poodle_vis 30 0.996 0.991 0.005 0.000 0.008 0.001 0.108 0.000 0.000 0.000 0.057 0.985 0.001 0.041 0.000 0.042 0.000 0.000 0.001 0.104 0.000 0.000 0.000 0.000 0.000 0.000 0.000 0.000 0.009 0.000 0.002 0.020 0.001 0.001 0.001 0.109 0.001 0.000 0.116 0.010 0.000 0.000 0.000 0.000 0.000 0.001 0.000 0.002 0.000 0.000 0.000 0.000 0.000 0.002 0.000 0.000 0.000 0.013 
5 giraffe_vis 30 0.995 0.992 0.017 0.000 0.011 0.001 0.252 0.000 0.000 0.000 0.136 0.990 0.003 0.023 0.000 0.025 0.000 0.000 0.003 0.215 0.001 0.000 0.000 0.000 0.000 0.000 0.000 0.000 0.031 0.000 0.003 0.003 0.001 0.001 0.001 0.265 0.000 0.000 0.085 0.020 0.001 0.000 0.000 0.000 0.000 0.001 0.000 0.007 0.000 0.000 0.000 0.000 0.001 0.002 0.000 0.000 0.000 0.050 
6 robin_vis 30 0.996 0.989 0.011 0.000 0.029 0.001 0.702 0.000 0.001 0.000 0.065 0.983 0.003 0.005 0.000 0.007 0.000 0.000 0.004 0.128 0.000 0.000 0.000 0.000 0.000 0.000 0.001 0.000 0.046 0.000 0.005 0.002 0.001 0.001 0.001 0.658 0.000 0.000 0.057 0.108 0.001 0.000 0.000 0.000 0.000 0.001 0.000 0.022 0.000 0.000 0.000 0.001 0.000 0.001 0.001 0.000 0.000 0.153 
7 swan_vis 30 0.996 0.989 0.005 0.001 0.027 0.002 0.496 0.000 0.001 0.001 0.027 0.970 0.002 0.013 0.000 0.006 0.000 0.000 0.001 0.057 0.000 0.000 0.000 0.000 0.000 0.000 0.002 0.000 0.033 0.000 0.004 0.001 0.000 0.001 0.002 0.257 0.000 0.000 0.037 0.099 0.001 0.000 0.000 0.000 0.000 0.002 0.000 0.013 0.000 0.000 0.000 0.000 0.000 0.003 0.001 0.000 0.000 0.081 
8 woodpecker_vis 30 0.995 0.985 0.006 0.000 0.045 0.001 0.343 0.000 0.001 0.000 0.066 0.987 0.002 0.010 0.000 0.010 0.000 0.000 0.004 0.147 0.000 0.000 0.000 0.000 0.000 0.000 0.000 0.000 0.058 0.000 0.007 0.002 0.002 0.001 0.002 0.291 0.000 0.000 0.050 0.024 0.002 0.000 0.000 0.000 0.000 0.002 0.000 0.019 0.000 0.000 0.000 0.001 0.000 0.002 0.001 0.000 0.000 0.066 
9 peacock_vis 30 0.995 0.990 0.012 0.000 0.020 0.002 0.586 0.000 0.001 0.001 0.076 0.989 0.002 0.007 0.000 0.008 0.000 0.000 0.003 0.161 0.000 0.000 0.000 0.000 0.000 0.000 0.000 0.000 0.037 0.000 0.005 0.001 0.001 0.001 0.002 0.476 0.000 0.000 0.069 0.062 0.002 0.000 0.000 0.000 0.000 0.002 0.000 0.025 0.000 0.000 0.000 0.000 0.000 0.002 0.001 0.000 0.000 0.182 
10 crow_vis 30 0.995 0.991 0.002 0.000 0.003 0.341 0.002 0.000 0.001 0.249 0.035 0.220 0.004 0.178 0.003 0.001 0.000 0.000 0.000 0.001 0.001 0.001 0.000 0.000 0.000 0.000 0.001 0.000 0.002 0.000 0.001 0.000 0.000 0.000 0.000 0.038 0.000 0.000 0.009 0.056 0.000 0.000 0.000 0.000 0.000 0.001 0.000 0.004 0.000 0.000 0.000 0.000 0.003 0.193 0.016 0.000 0.002 0.255 
11 eagle_vis 30 0.996 0.988 0.001 0.000 0.021 0.034 0.019 0.000 0.001 0.012 0.008 0.534 0.006 0.139 0.003 0.001 0.000 0.000 0.001 0.009 0.000 0.000 0.000 0.000 0.000 0.000 0.001 0.000 0.007 0.000 0.005 0.001 0.001 0.001 0.000 0.024 0.000 0.000 0.008 0.030 0.001 0.000 0.000 0.000 0.000 0.001 0.000 0.007 0.000 0.000 0.000 0.001 0.004 0.018 0.005 0.000 0.000 0.047 
12 tuna_vis 30 0.996 0.039 0.000 0.006 0.994 0.003 0.000 0.000 0.016 0.000 0.001 0.275 0.011 0.000 0.000 0.000 0.000 0.000 0.018 0.000 0.000 0.000 0.068 0.000 0.000 0.001 0.002 0.000 0.114 0.001 0.864 0.004 0.126 0.030 0.001 0.001 0.000 0.001 0.003 0.009 0.035 0.000 0.000 0.000 0.000 0.001 0.000 0.136 0.000 0.040 0.000 0.021 0.000 0.002 0.001 0.000 0.000 0.021 
13 goldfish_vis 30 0.996 0.182 0.000 0.042 0.993 0.001 0.017 0.000 0.008 0.000 0.001 0.791 0.033 0.002 0.000 0.001 0.000 0.000 0.057 0.001 0.000 0.000 0.003 0.000 0.003 0.012 0.140 0.000 0.919 0.001 0.071 0.299 0.022 0.004 0.001 0.019 0.000 0.004 0.070 0.243 0.020 0.000 0.000 0.000 0.000 0.000 0.000 0.139 0.000 0.003 0.000 0.001 0.000 0.000 0.001 0.000 0.000 0.004 
14 salmon_vis 30 0.996 0.103 0.000 0.044 0.994 0.001 0.004 0.000 0.017 0.000 0.001 0.815 0.045 0.004 0.000 0.000 0.000 0.000 0.129 0.001 0.000 0.000 0.003 0.000 0.002 0.028 0.233 0.000 0.953 0.001 0.142 0.460 0.007 0.009 0.000 0.037 0.000 0.002 0.003 0.327 0.047 0.000 0.000 0.000 0.000 0.000 0.000 0.203 0.000 0.002 0.000 0.002 0.000 0.001 0.000 0.000 0.000 0.002 
15 sardine_vis 30 0.996 0.121 0.000 0.072 0.993 0.001 0.002 0.000 0.012 0.000 0.002 0.767 0.069 0.007 0.000 0.001 0.000 0.000 0.142 0.001 0.000 0.000 0.003 0.000 0.007 0.049 0.301 0.000 0.976 0.001 0.115 0.613 0.011 0.004 0.000 0.032 0.000 0.002 0.006 0.291 0.029 0.000 0.000 0.000 0.000 0.000 0.000 0.132 0.001 0.002 0.001 0.002 0.000 0.001 0.001 0.000 0.000 0.001 
16 catfish_vis 30 0.996 0.104 0.000 0.029 0.993 0.001 0.009 0.000 0.032 0.000 0.001 0.515 0.042 0.001 0.000 0.000 0.000 0.000 0.031 0.000 0.000 0.000 0.003 0.000 0.000 0.008 0.054 0.000 0.896 0.001 0.145 0.100 0.009 0.006 0.001 0.003 0.000 0.007 0.015 0.136 0.008 0.000 0.000 0.000 0.000 0.000 0.000 0.058 0.001 0.007 0.000 0.003 0.000 0.001 0.001 0.000 0.000 0.002 
17 cod_vis 30 0.996 0.112 0.000 0.048 0.993 0.001 0.004 0.000 0.022 0.000 0.002 0.698 0.052 0.003 0.000 0.000 0.000 0.000 0.078 0.001 0.000 0.000 0.002 0.000 0.001 0.027 0.204 0.000 0.962 0.001 0.096 0.364 0.004 0.003 0.000 0.019 0.000 0.003 0.002 0.299 0.017 0.000 0.000 0.000 0.000 0.000 0.000 0.082 0.001 0.002 0.000 0.001 0.000 0.000 0.001 0.000 0.000 0.001 
18 turtle_vis 30 0.996 0.162 0.000 0.043 0.993 0.001 0.043 0.000 0.039 0.000 0.002 0.659 0.053 0.001 0.000 0.001 0.000 0.000 0.051 0.001 0.000 0.000 0.002 0.000 0.001 0.012 0.109 0.000 0.949 0.001 0.072 0.223 0.021 0.005 0.003 0.017 0.000 0.006 0.115 0.141 0.009 0.000 0.000 0.000 0.000 0.001 0.000 0.204 0.001 0.006 0.001 0.003 0.000 0.000 0.001 0.000 0.000 0.004 
19 rattlesnake_vis 30 0.995 0.107 0.000 0.021 0.993 0.001 0.007 0.000 0.076 0.000 0.001 0.126 0.051 0.000 0.000 0.001 0.000 0.000 0.011 0.000 0.000 0.000 0.001 0.001 0.000 0.006 0.014 0.000 0.849 0.004 0.165 0.019 0.006 0.005 0.006 0.001 0.000 0.019 0.017 0.043 0.001 0.000 0.000 0.000 0.000 0.001 0.000 0.014 0.003 0.028 0.001 0.005 0.000 0.000 0.001 0.000 0.000 0.001 
20 crab_vis 30 0.996 0.203 0.000 0.037 0.993 0.001 0.039 0.000 0.024 0.000 0.002 0.754 0.036 0.002 0.000 0.001 0.000 0.000 0.046 0.001 0.000 0.000 0.002 0.000 0.002 0.009 0.111 0.000 0.938 0.001 0.062 0.231 0.026 0.005 0.002 0.023 0.000 0.004 0.145 0.125 0.013 0.000 0.000 0.000 0.000 0.001 0.000 0.276 0.000 0.006 0.001 0.002 0.000 0.000 0.001 0.000 0.000 0.005 
21 frog_vis 30 0.996 0.106 0.000 0.047 0.993 0.001 0.016 0.000 0.034 0.000 0.001 0.443 0.071 0.001 0.000 0.001 0.000 0.000 0.027 0.001 0.000 0.000 0.001 0.000 0.001 0.016 0.079 0.000 0.961 0.001 0.041 0.148 0.007 0.001 0.002 0.005 0.000 0.026 0.022 0.247 0.003 0.000 0.000 0.000 0.000 0.000 0.000 0.018 0.003 0.010 0.001 0.002 0.000 0.000 0.001 0.000 0.000 0.001 
22 gecko_vis 30 0.995 0.179 0.000 0.038 0.993 0.001 0.073 0.000 0.052 0.000 0.002 0.667 0.046 0.001 0.000 0.001 0.000 0.000 0.041 0.001 0.000 0.000 0.002 0.000 0.001 0.007 0.081 0.000 0.930 0.001 0.067 0.167 0.033 0.005 0.005 0.017 0.000 0.007 0.231 0.107 0.009 0.000 0.000 0.000 0.000 0.001 0.000 0.293 0.000 0.009 0.001 0.003 0.000 0.000 0.001 0.000 0.000 0.006 
23 crocodile_vis 30 0.996 0.034 0.000 0.005 0.994 0.016 0.000 0.000 0.020 0.000 0.001 0.033 0.013 0.000 0.000 0.001 0.000 0.000 0.009 0.000 0.000 0.000 0.135 0.000 0.000 0.001 0.001 0.000 0.042 0.002 0.925 0.001 0.052 0.045 0.001 0.001 0.000 0.001 0.001 0.004 0.008 0.000 0.000 0.000 0.000 0.001 0.000 0.058 0.000 0.058 0.000 0.035 0.000 0.004 0.001 0.000 0.000 0.012 
24 axe_vis 30 0.002 0.003 0.002 0.000 0.001 0.993 0.889 0.097 0.002 0.011 0.000 0.029 0.001 0.003 0.000 0.002 0.000 0.000 0.001 0.101 0.000 0.000 0.000 0.000 0.002 0.000 0.000 0.000 0.000 0.000 0.000 0.000 0.001 0.000 0.002 0.220 0.010 0.015 0.046 0.016 0.002 0.003 0.000 0.000 0.010 0.001 0.001 0.001 0.001 0.000 0.001 0.001 0.081 0.002 0.008 0.000 0.000 0.003 
25 hammer_vis 30 0.005 0.003 0.004 0.000 0.001 0.994 0.987 0.131 0.001 0.035 0.000 0.038 0.000 0.002 0.000 0.002 0.000 0.000 0.000 0.180 0.000 0.000 0.000 0.000 0.008 0.000 0.000 0.000 0.000 0.000 0.000 0.000 0.001 0.000 0.000 0.960 0.032 0.076 0.023 0.030 0.037 0.022 0.000 0.000 0.010 0.000 0.000 0.000 0.001 0.000 0.004 0.001 0.147 0.002 0.025 0.000 0.000 0.002 
26 screwdriver_vis 30 0.002 0.002 0.001 0.000 0.001 0.993 0.978 0.012 0.003 0.010 0.000 0.017 0.002 0.002 0.000 0.002 0.000 0.000 0.001 0.032 0.000 0.000 0.000 0.000 0.001 0.000 0.000 0.000 0.000 0.000 0.000 0.000 0.001 0.000 0.001 0.817 0.037 0.045 0.011 0.018 0.003 0.003 0.000 0.000 0.002 0.000 0.001 0.001 0.002 0.000 0.001 0.001 0.169 0.001 0.008 0.000 0.000 0.002 
27 chisel_vis 30 0.002 0.001 0.001 0.000 0.001 0.994 0.988 0.013 0.005 0.002 0.000 0.001 0.001 0.000 0.000 0.000 0.000 0.000 0.001 0.000 0.000 0.000 0.000 0.000 0.002 0.000 0.000 0.000 0.000 0.000 0.000 0.000 0.000 0.000 0.001 0.102 0.027 0.835 0.002 0.048 0.006 0.002 0.000 0.099 0.007 0.000 0.001 0.001 0.006 0.001 0.001 0.002 0.008 0.000 0.005 0.000 0.000 0.001 
28 saw_vis 30 0.497 0.707 0.002 0.000 0.002 0.199 0.258 0.000 0.001 0.010 0.001 0.953 0.001 0.831 0.000 0.240 0.000 0.000 0.001 0.535 0.018 0.000 0.001 0.000 0.562 0.000 0.000 0.000 0.000 0.000 0.000 0.192 0.526 0.001 0.001 0.084 0.002 0.001 0.802 0.070 0.001 0.000 0.000 0.000 0.002 0.000 0.000 0.001 0.000 0.000 0.001 0.000 0.036 0.396 0.003 0.000 0.000 0.008 
29 drill_vis 30 0.187 0.698 0.006 0.000 0.000 0.294 0.498 0.000 0.001 0.010 0.001 0.891 0.001 0.393 0.000 0.094 0.000 0.000 0.001 0.110 0.007 0.000 0.000 0.000 0.054 0.000 0.000 0.000 0.000 0.000 0.000 0.002 0.123 0.000 0.002 0.067 0.001 0.001 0.775 0.128 0.001 0.000 0.000 0.000 0.000 0.000 0.000 0.001 0.000 0.000 0.000 0.000 0.068 0.020 0.002 0.000 0.000 0.014 
30 clamp_vis 30 0.004 0.000 0.000 0.001 0.000 0.995 0.005 0.001 0.001 0.922 0.000 0.000 0.000 0.000 0.000 0.000 0.000 0.000 0.000 0.000 0.000 0.001 0.025 0.000 0.001 0.000 0.000 0.000 0.000 0.000 0.000 0.000 0.001 0.000 0.001 0.001 0.000 0.228 0.000 0.004 0.003 0.000 0.000 0.003 0.001 0.001 0.000 0.000 0.001 0.000 0.000 0.002 0.007 0.004 0.534 0.011 0.001 0.015 
31 hoe_vis 30 0.004 0.001 0.000 0.001 0.005 0.993 0.057 0.001 0.172 0.006 0.000 0.001 0.003 0.000 0.000 0.000 0.000 0.000 0.000 0.000 0.000 0.000 0.005 0.001 0.000 0.000 0.000 0.000 0.001 0.001 0.003 0.000 0.030 0.000 0.024 0.003 0.001 0.025 0.045 0.025 0.007 0.001 0.000 0.002 0.002 0.003 0.001 0.002 0.019 0.016 0.001 0.069 0.000 0.007 0.046 0.001 0.001 0.004 
32 rake_vis 30 0.004 0.000 0.000 0.001 0.001 0.994 0.178 0.028 0.004 0.006 0.000 0.000 0.000 0.000 0.000 0.000 0.000 0.000 0.000 0.000 0.000 0.000 0.001 0.000 0.000 0.000 0.000 0.000 0.000 0.000 0.000 0.000 0.008 0.000 0.001 0.001 0.000 0.289 0.001 0.003 0.005 0.000 0.000 0.008 0.001 0.002 0.001 0.001 0.001 0.001 0.001 0.003 0.000 0.000 0.026 0.000 0.000 0.001 
33 shovel_vis 30 0.003 0.000 0.000 0.002 0.000 0.994 0.001 0.020 0.002 0.913 0.000 0.000 0.000 0.000 0.000 0.000 0.001 0.000 0.000 0.000 0.000 0.004 0.051 0.001 0.006 0.000 0.000 0.000 0.000 0.000 0.000 0.000 0.002 0.000 0.002 0.001 0.000 0.045 0.005 0.001 0.007 0.001 0.001 0.093 0.014 0.003 0.001 0.001 0.001 0.001 0.001 0.001 0.001 0.002 0.168 0.610 0.002 0.001 
34 spade_vis 30 0.004 0.000 0.000 0.001 0.002 0.992 0.035 0.175 0.031 0.002 0.000 0.000 0.000 0.000 0.000 0.000 0.000 0.000 0.001 0.000 0.000 0.000 0.002 0.000 0.000 0.000 0.000 0.000 0.001 0.001 0.000 0.000 0.014 0.000 0.002 0.002 0.001 0.077 0.004 0.001 0.005 0.000 0.001 0.023 0.057 0.002 0.002 0.001 0.006 0.004 0.001 0.007 0.000 0.001 0.031 0.002 0.000 0.001 
35 wrench_vis 30 0.032 0.000 0.022 0.010 0.000 0.994 0.000 0.768 0.006 0.955 0.000 0.000 0.000 0.000 0.261 0.000 0.686 0.001 0.000 0.001 0.293 0.000 0.015 0.459 0.000 0.000 0.000 0.000 0.000 0.001 0.001 0.000 0.000 0.000 0.027 0.001 0.000 0.002 0.000 0.000 0.002 0.003 0.054 0.019 0.005 0.973 0.003 0.001 0.009 0.001 0.001 0.004 0.039 0.042 0.779 0.185 0.005 0.003 
36 accordion_vis 30 0.346 0.006 0.000 0.006 0.743 0.236 0.004 0.001 0.301 0.001 0.005 0.001 0.005 0.003 0.001 0.033 0.000 0.000 0.012 0.001 0.011 0.000 0.002 0.004 0.002 0.018 0.001 0.025 0.006 0.369 0.012 0.175 0.344 0.726 0.001 0.018 0.008 0.001 0.001 0.001 0.001 0.006 0.001 0.000 0.001 0.004 0.004 0.138 0.023 0.002 0.319 0.010 0.000 0.001 0.001 0.001 0.000 0.001 
37 cello_vis 30 0.718 0.009 0.000 0.003 0.815 0.423 0.001 0.002 0.342 0.001 0.001 0.001 0.013 0.000 0.002 0.058 0.000 0.000 0.004 0.001 0.001 0.000 0.007 0.254 0.000 0.007 0.000 0.000 0.004 0.655 0.514 0.002 0.018 0.092 0.000 0.007 0.001 0.001 0.000 0.000 0.001 0.002 0.000 0.001 0.000 0.046 0.001 0.012 0.024 0.019 0.002 0.131 0.000 0.009 0.002 0.000 0.000 0.001 
38 flute_vis 30 0.003 0.001 0.000 0.003 0.005 0.993 0.093 0.000 0.993 0.001 0.000 0.000 0.024 0.000 0.009 0.002 0.011 0.000 0.001 0.000 0.000 0.000 0.000 0.010 0.000 0.006 0.000 0.001 0.024 0.038 0.000 0.000 0.000 0.000 0.102 0.005 0.015 0.024 0.004 0.004 0.000 0.001 0.000 0.006 0.004 0.019 0.417 0.007 0.947 0.054 0.004 0.018 0.001 0.001 0.007 0.001 0.002 0.001 
39 guitar_vis 30 0.749 0.030 0.000 0.004 0.821 0.272 0.001 0.002 0.320 0.003 0.009 0.003 0.016 0.001 0.002 0.024 0.000 0.000 0.027 0.001 0.008 0.000 0.021 0.028 0.000 0.007 0.000 0.001 0.006 0.391 0.595 0.004 0.200 0.524 0.000 0.012 0.001 0.000 0.000 0.001 0.002 0.004 0.002 0.000 0.000 0.056 0.001 0.362 0.025 0.012 0.003 0.117 0.000 0.020 0.003 0.000 0.000 0.002 
40 piano_vis 30 0.761 0.018 0.000 0.006 0.907 0.167 0.001 0.002 0.230 0.001 0.003 0.001 0.012 0.001 0.000 0.047 0.000 0.000 0.019 0.000 0.008 0.000 0.008 0.033 0.000 0.009 0.000 0.002 0.004 0.659 0.257 0.023 0.245 0.768 0.001 0.007 0.003 0.001 0.000 0.001 0.005 0.003 0.001 0.001 0.000 0.007 0.001 0.222 0.011 0.005 0.017 0.054 0.000 0.002 0.001 0.001 0.000 0.003 
41 trumpet_vis 30 0.941 0.006 0.000 0.005 0.948 0.738 0.001 0.003 0.582 0.001 0.000 0.000 0.016 0.000 0.000 0.002 0.000 0.000 0.003 0.000 0.000 0.000 0.004 0.259 0.000 0.002 0.000 0.000 0.051 0.219 0.913 0.000 0.000 0.152 0.000 0.003 0.006 0.009 0.000 0.001 0.006 0.021 0.001 0.003 0.000 0.011 0.000 0.003 0.051 0.009 0.001 0.976 0.000 0.001 0.002 0.000 0.000 0.001 
42 fork_vis 30 0.308 0.667 0.005 0.000 0.000 0.250 0.302 0.000 0.001 0.009 0.001 0.853 0.001 0.313 0.000 0.064 0.000 0.000 0.000 0.074 0.005 0.000 0.000 0.000 0.040 0.000 0.000 0.000 0.000 0.000 0.000 0.002 0.062 0.000 0.001 0.142 0.001 0.001 0.376 0.098 0.001 0.000 0.000 0.000 0.000 0.000 0.000 0.001 0.000 0.000 0.000 0.000 0.032 0.005 0.001 0.000 0.000 0.009 
43 spoon_vis 30 0.382 0.092 0.079 0.000 0.000 0.315 0.008 0.000 0.001 0.228 0.000 0.002 0.000 0.656 0.001 0.000 0.000 0.000 0.000 0.026 0.028 0.005 0.001 0.000 0.454 0.000 0.000 0.001 0.000 0.000 0.000 0.000 0.004 0.000 0.000 0.009 0.001 0.000 0.072 0.023 0.000 0.000 0.000 0.000 0.000 0.000 0.000 0.001 0.000 0.000 0.000 0.000 0.143 0.019 0.005 0.002 0.001 0.018 
44 tongs_vis 30 0.044 0.030 0.000 0.000 0.007 0.834 0.019 0.000 0.001 0.318 0.001 0.002 0.013 0.000 0.000 0.000 0.000 0.000 0.000 0.000 0.002 0.000 0.002 0.000 0.000 0.000 0.000 0.000 0.000 0.008 0.000 0.000 0.032 0.001 0.001 0.002 0.001 0.005 0.001 0.004 0.001 0.000 0.001 0.000 0.000 0.001 0.000 0.000 0.000 0.000 0.000 0.001 0.010 0.018 0.168 0.000 0.001 0.040 
45 ladle_vis 30 0.006 0.001 0.000 0.140 0.000 0.994 0.001 0.016 0.001 0.894 0.000 0.000 0.000 0.001 0.003 0.000 0.002 0.000 0.000 0.000 0.005 0.000 0.042 0.181 0.000 0.000 0.000 0.004 0.000 0.001 0.000 0.000 0.001 0.000 0.000 0.001 0.000 0.001 0.001 0.001 0.000 0.056 0.006 0.003 0.005 0.000 0.002 0.001 0.000 0.002 0.000 0.001 0.003 0.038 0.007 0.854 0.022 0.006 
46 knife_vis 30 0.843 0.542 0.000 0.267 0.373 0.151 0.001 0.000 0.002 0.087 0.020 0.001 0.167 0.323 0.012 0.000 0.001 0.000 0.000 0.000 0.007 0.013 0.023 0.000 0.244 0.000 0.012 0.095 0.002 0.049 0.000 0.006 0.097 0.000 0.000 0.002 0.000 0.000 0.087 0.004 0.000 0.000 0.000 0.000 0.000 0.002 0.001 0.003 0.001 0.001 0.001 0.001 0.005 0.014 0.012 0.003 0.002 0.029 
47 chopsticks_vis 30 0.266 0.667 0.001 0.000 0.001 0.144 0.623 0.000 0.001 0.002 0.001 0.576 0.002 0.067 0.000 0.021 0.000 0.000 0.000 0.007 0.000 0.000 0.000 0.000 0.012 0.000 0.000 0.000 0.000 0.000 0.000 0.003 0.210 0.000 0.001 0.009 0.001 0.001 0.663 0.126 0.000 0.000 0.000 0.000 0.000 0.000 0.000 0.001 0.000 0.000 0.000 0.001 0.001 0.001 0.001 0.000 0.000 0.007 
