0 beaver_vis 30 0.837 0.096 0.972 0.001 0.000 0.429 0.010 0.277 0.000 0.977 0.017 0.000 0.007 0.038 0.726 0.001 0.912 0.958 0.001 0.206 0.958 0.829 0.007 0.018 0.007 0.000 0.004 0.312 0.000 0.001 0.000 0.000 0.000 0.001 0.021 0.009 0.005 0.006 0.020 0.002 0.001 0.002 0.368 0.004 0.003 0.668 0.002 0.000 0.001 0.000 0.000 0.000 0.972 0.005 0.613 0.619 0.027 0.038 
1 bear_vis 30 0.797 0.090 0.981 0.001 0.000 0.394 0.016 0.281 0.000 0.980 0.023 0.000 0.008 0.036 0.684 0.001 0.932 0.968 0.001 0.207 0.966 0.886 0.006 0.015 0.007 0.000 0.003 0.333 0.000 0.000 0.000 0.000 0.000 0.001 0.038 0.008 0.007 0.006 0.022 0.002 0.001 0.002 0.461 0.005 0.003 0.630 0.002 0.000 0.000 0.000 0.000 0.000 0.978 0.004 0.601 0.662 0.032 0.044 
2 sheep_vis 30 0.874 0.118 0.959 0.004 0.000 0.260 0.005 0.192 0.000 0.974 0.014 0.000 0.007 0.051 0.745 0.001 0.901 0.942 0.001 0.194 0.946 0.806 0.011 0.033 0.009 0.000 0.007 0.362 0.000 0.001 0.000 0.000 0.000 0.001 0.009 0.008 0.005 0.007 0.010 0.002 0.001 0.004 0.221 0.004 0.003 0.610 0.002 0.000 0.001 0.000 0.000 0.000 0.964 0.005 0.559 0.519 0.026 0.024 
3 buffalo_vis 30 0.867 0.260 0.963 0.001 0.000 0.260 0.008 0.084 0.000 0.974 0.021 0.000 0.015 0.054 0.759 0.001 0.897 0.943 0.000 0.192 0.956 0.859 0.007 0.020 0.005 0.000 0.004 0.311 0.000 0.001 0.000 0.000 0.000 0.001 0.019 0.008 0.007 0.006 0.006 0.003 0.001 0.002 0.124 0.002 0.001 0.476 0.001 0.000 0.001 0.000 0.000 0.000 0.974 0.004 0.372 0.365 0.047 0.038 
4 poodle_vis 30 0.787 0.225 0.960 0.001 0.000 0.508 0.049 0.115 0.000 0.965 0.022 0.001 0.031 0.039 0.727 0.001 0.851 0.916 0.001 0.135 0.935 0.853 0.004 0.013 0.002 0.000 0.002 0.180 0.000 0.001 0.000 0.000 0.000 0.001 0.077 0.008 0.023 0.006 0.011 0.007 0.001 0.002 0.109 0.003 0.001 0.519 0.001 0.000 0.001 0.000 0.000 0.000 0.967 0.005 0.367 0.407 0.068 0.065 
5 giraffe_vis 30 0.790 0.158 0.968 0.001 0.000 0.429 0.033 0.162 0.000 0.972 0.022 0.001 0.023 0.040 0.689 0.001 0.892 0.942 0.001 0.172 0.947 0.894 0.005 0.014 0.004 0.000 0.003 0.268 0.000 0.001 0.000 0.000 0.000 0.001 0.061 0.008 0.016 0.007 0.011 0.005 0.001 0.002 0.215 0.004 0.001 0.530 0.001 0.000 0.001 0.000 0.000 0.000 0.972 0.004 0.427 0.525 0.059 0.053 
6 robin_vis 30 0.854 0.058 0.974 0.008 0.000 0.430 0.008 0.359 0.000 0.978 0.012 0.000 0.003 0.025 0.693 0.001 0.925 0.962 0.001 0.153 0.955 0.781 0.013 0.031 0.013 0.000 0.006 0.362 0.000 0.001 0.000 0.000 0.000 0.001 0.022 0.007 0.002 0.010 0.059 0.001 0.001 0.003 0.595 0.007 0.009 0.668 0.005 0.001 0.001 0.000 0.000 0.000 0.967 0.004 0.714 0.732 0.024 0.042 
7 swan_vis 30 0.788 0.047 0.982 0.003 0.000 0.596 0.010 0.442 0.000 0.982 0.015 0.000 0.002 0.023 0.694 0.000 0.933 0.972 0.001 0.173 0.966 0.817 0.010 0.021 0.011 0.000 0.004 0.333 0.000 0.000 0.000 0.000 0.000 0.001 0.029 0.008 0.002 0.009 0.066 0.001 0.001 0.002 0.673 0.007 0.009 0.710 0.005 0.000 0.000 0.000 0.000 0.000 0.975 0.005 0.743 0.796 0.028 0.057 
8 woodpecker_vis 30 0.642 0.040 0.974 0.001 0.000 0.634 0.018 0.511 0.000 0.956 0.020 0.000 0.004 0.035 0.661 0.001 0.910 0.958 0.002 0.260 0.945 0.801 0.005 0.016 0.008 0.000 0.003 0.302 0.000 0.001 0.000 0.000 0.000 0.001 0.026 0.012 0.006 0.007 0.037 0.001 0.001 0.003 0.588 0.007 0.007 0.750 0.004 0.001 0.001 0.000 0.000 0.000 0.955 0.009 0.700 0.743 0.017 0.045 
9 peacock_vis 30 0.786 0.066 0.970 0.002 0.000 0.486 0.013 0.344 0.000 0.972 0.019 0.000 0.007 0.038 0.683 0.001 0.915 0.956 0.001 0.206 0.950 0.846 0.007 0.019 0.009 0.000 0.004 0.348 0.000 0.001 0.000 0.000 0.000 0.001 0.022 0.010 0.007 0.007 0.026 0.002 0.001 0.002 0.479 0.005 0.005 0.667 0.003 0.001 0.001 0.000 0.000 0.000 0.965 0.005 0.649 0.689 0.024 0.041 
10 crow_vis 30 0.830 0.174 0.955 0.001 0.000 0.317 0.013 0.116 0.000 0.970 0.019 0.001 0.017 0.048 0.716 0.001 0.886 0.933 0.001 0.164 0.942 0.860 0.008 0.020 0.005 0.000 0.004 0.299 0.000 0.001 0.000 0.000 0.000 0.001 0.026 0.008 0.010 0.007 0.008 0.004 0.001 0.003 0.159 0.004 0.001 0.493 0.001 0.000 0.001 0.000 0.000 0.000 0.965 0.004 0.419 0.451 0.049 0.040 
11 eagle_vis 30 0.772 0.047 0.981 0.002 0.000 0.632 0.012 0.449 0.000 0.978 0.015 0.000 0.003 0.024 0.693 0.001 0.925 0.969 0.001 0.187 0.962 0.808 0.007 0.017 0.009 0.000 0.003 0.312 0.000 0.000 0.000 0.000 0.000 0.001 0.028 0.008 0.003 0.008 0.056 0.001 0.001 0.002 0.641 0.006 0.008 0.723 0.005 0.001 0.000 0.000 0.000 0.000 0.972 0.006 0.725 0.783 0.026 0.055 
12 tuna_vis 30 0.396 0.006 0.979 0.003 0.000 0.660 0.009 0.868 0.000 0.917 0.015 0.000 0.001 0.007 0.307 0.001 0.833 0.960 0.004 0.212 0.935 0.670 0.039 0.036 0.009 0.001 0.001 0.127 0.000 0.000 0.000 0.000 0.000 0.001 0.021 0.003 0.002 0.009 0.011 0.001 0.005 0.010 0.798 0.020 0.011 0.696 0.002 0.001 0.000 0.000 0.000 0.000 0.918 0.072 0.561 0.821 0.015 0.084 
13 goldfish_vis 30 0.055 0.001 0.966 0.023 0.000 0.622 0.005 0.964 0.000 0.304 0.001 0.000 0.001 0.001 0.001 0.003 0.292 0.876 0.075 0.294 0.892 0.252 0.189 0.111 0.008 0.004 0.002 0.035 0.000 0.001 0.038 0.000 0.001 0.117 0.088 0.002 0.003 0.014 0.002 0.001 0.186 0.096 0.911 0.253 0.041 0.397 0.003 0.001 0.001 0.000 0.001 0.000 0.049 0.012 0.029 0.564 0.008 0.025 
14 salmon_vis 30 0.931 0.001 0.977 0.962 0.002 0.012 0.001 0.140 0.000 0.135 0.001 0.000 0.001 0.017 0.122 0.000 0.954 0.891 0.002 0.006 0.911 0.893 0.855 0.934 0.343 0.011 0.734 0.940 0.000 0.006 0.003 0.000 0.001 0.019 0.001 0.001 0.001 0.011 0.001 0.001 0.003 0.047 0.167 0.034 0.036 0.011 0.003 0.001 0.000 0.000 0.001 0.000 0.032 0.001 0.131 0.668 0.004 0.001 
15 sardine_vis 30 0.613 0.009 0.944 0.055 0.000 0.104 0.006 0.450 0.000 0.863 0.007 0.000 0.002 0.031 0.315 0.001 0.907 0.907 0.002 0.105 0.863 0.816 0.037 0.161 0.047 0.001 0.015 0.587 0.000 0.001 0.001 0.000 0.001 0.001 0.008 0.004 0.005 0.027 0.009 0.001 0.003 0.018 0.445 0.076 0.029 0.274 0.008 0.001 0.001 0.001 0.001 0.001 0.837 0.003 0.448 0.721 0.015 0.006 
16 catfish_vis 30 0.933 0.004 0.978 0.956 0.001 0.013 0.001 0.074 0.000 0.154 0.001 0.000 0.001 0.027 0.276 0.000 0.953 0.869 0.001 0.012 0.900 0.672 0.643 0.867 0.238 0.006 0.758 0.947 0.000 0.003 0.001 0.000 0.001 0.006 0.001 0.001 0.001 0.012 0.002 0.001 0.002 0.030 0.141 0.022 0.029 0.015 0.006 0.001 0.000 0.000 0.000 0.000 0.067 0.001 0.187 0.534 0.004 0.001 
17 cod_vis 30 0.824 0.006 0.967 0.806 0.000 0.034 0.003 0.220 0.000 0.491 0.003 0.000 0.001 0.044 0.364 0.001 0.939 0.915 0.002 0.043 0.903 0.692 0.355 0.661 0.188 0.002 0.400 0.871 0.000 0.001 0.001 0.000 0.001 0.002 0.004 0.002 0.002 0.020 0.004 0.001 0.003 0.021 0.324 0.049 0.038 0.081 0.008 0.001 0.001 0.000 0.001 0.000 0.298 0.001 0.410 0.634 0.009 0.002 
18 turtle_vis 30 0.258 0.009 0.822 0.131 0.001 0.303 0.016 0.776 0.001 0.657 0.003 0.002 0.007 0.012 0.126 0.006 0.689 0.735 0.005 0.143 0.632 0.338 0.076 0.263 0.035 0.009 0.025 0.248 0.001 0.005 0.002 0.000 0.001 0.003 0.021 0.007 0.014 0.044 0.008 0.005 0.019 0.093 0.454 0.067 0.115 0.511 0.019 0.002 0.011 0.002 0.001 0.001 0.573 0.023 0.494 0.598 0.018 0.008 
19 rattlesnake_vis 30 0.003 0.039 0.321 0.000 0.001 0.958 0.502 0.262 0.001 0.009 0.000 0.002 0.048 0.001 0.047 0.092 0.368 0.002 0.020 0.035 0.002 0.002 0.001 0.009 0.000 0.004 0.000 0.000 0.001 0.012 0.002 0.000 0.001 0.001 0.817 0.004 0.158 0.050 0.002 0.011 0.001 0.002 0.001 0.192 0.001 0.626 0.021 0.001 0.612 0.003 0.000 0.001 0.144 0.005 0.007 0.002 0.051 0.001 
20 crab_vis 30 0.031 0.004 0.867 0.026 0.001 0.358 0.028 0.882 0.001 0.081 0.002 0.002 0.005 0.002 0.004 0.016 0.217 0.717 0.092 0.599 0.594 0.032 0.028 0.064 0.006 0.055 0.004 0.020 0.001 0.003 0.012 0.001 0.002 0.051 0.062 0.007 0.012 0.040 0.007 0.004 0.241 0.234 0.742 0.174 0.124 0.589 0.013 0.004 0.005 0.002 0.002 0.002 0.057 0.010 0.046 0.194 0.008 0.009 
21 frog_vis 30 0.354 0.020 0.813 0.005 0.000 0.909 0.005 0.073 0.000 0.915 0.001 0.001 0.007 0.030 0.871 0.004 0.897 0.082 0.001 0.009 0.666 0.091 0.007 0.471 0.001 0.000 0.002 0.017 0.000 0.006 0.001 0.000 0.001 0.001 0.012 0.001 0.011 0.135 0.002 0.003 0.001 0.004 0.001 0.079 0.003 0.590 0.043 0.000 0.033 0.001 0.000 0.001 0.913 0.040 0.757 0.091 0.083 0.002 
22 gecko_vis 30 0.004 0.016 0.119 0.001 0.001 0.926 0.294 0.192 0.010 0.008 0.001 0.002 0.038 0.002 0.026 0.033 0.396 0.002 0.075 0.005 0.002 0.003 0.001 0.039 0.000 0.022 0.001 0.001 0.003 0.013 0.002 0.000 0.001 0.001 0.711 0.004 0.094 0.075 0.002 0.010 0.001 0.003 0.001 0.551 0.002 0.336 0.033 0.002 0.693 0.004 0.001 0.001 0.042 0.005 0.008 0.004 0.032 0.002 
23 crocodile_vis 30 0.074 0.004 0.882 0.074 0.001 0.432 0.011 0.887 0.000 0.314 0.002 0.001 0.004 0.002 0.008 0.007 0.314 0.760 0.017 0.474 0.690 0.063 0.066 0.138 0.012 0.022 0.009 0.054 0.001 0.003 0.008 0.000 0.002 0.039 0.021 0.005 0.008 0.031 0.005 0.003 0.155 0.244 0.736 0.108 0.135 0.615 0.013 0.003 0.004 0.001 0.001 0.001 0.116 0.020 0.121 0.406 0.008 0.010 
24 axe_vis 30 0.002 0.009 0.878 0.000 0.000 0.982 0.240 0.854 0.000 0.006 0.002 0.001 0.017 0.000 0.001 0.018 0.079 0.291 0.036 0.610 0.214 0.004 0.000 0.001 0.000 0.002 0.000 0.001 0.000 0.001 0.001 0.000 0.000 0.001 0.415 0.028 0.031 0.003 0.003 0.004 0.015 0.003 0.352 0.009 0.001 0.881 0.001 0.312 0.012 0.000 0.000 0.000 0.055 0.001 0.003 0.014 0.008 0.007 
25 hammer_vis 30 0.002 0.009 0.708 0.000 0.000 0.988 0.272 0.874 0.000 0.006 0.001 0.001 0.019 0.000 0.009 0.072 0.297 0.008 0.022 0.314 0.007 0.004 0.000 0.003 0.000 0.003 0.000 0.000 0.000 0.001 0.000 0.000 0.000 0.000 0.565 0.010 0.052 0.011 0.003 0.004 0.001 0.001 0.006 0.038 0.001 0.926 0.011 0.003 0.145 0.000 0.000 0.000 0.138 0.001 0.007 0.001 0.010 0.005 
26 screwdriver_vis 30 0.001 0.010 0.748 0.000 0.000 0.984 0.281 0.818 0.000 0.004 0.001 0.001 0.020 0.000 0.003 0.036 0.175 0.025 0.033 0.345 0.011 0.005 0.000 0.001 0.000 0.003 0.000 0.000 0.000 0.001 0.000 0.000 0.000 0.000 0.602 0.013 0.035 0.004 0.004 0.004 0.001 0.001 0.014 0.011 0.001 0.881 0.002 0.019 0.024 0.000 0.000 0.000 0.085 0.001 0.004 0.003 0.009 0.006 
27 chisel_vis 30 0.002 0.008 0.728 0.000 0.000 0.987 0.256 0.885 0.000 0.006 0.001 0.001 0.016 0.000 0.009 0.072 0.306 0.010 0.021 0.322 0.009 0.004 0.000 0.003 0.000 0.003 0.000 0.000 0.000 0.001 0.000 0.000 0.000 0.000 0.539 0.010 0.049 0.011 0.003 0.003 0.001 0.002 0.007 0.040 0.001 0.926 0.012 0.003 0.130 0.000 0.000 0.000 0.143 0.001 0.008 0.002 0.009 0.004 
28 saw_vis 30 0.002 0.009 0.686 0.000 0.000 0.986 0.262 0.860 0.000 0.005 0.001 0.001 0.018 0.000 0.006 0.068 0.241 0.008 0.024 0.288 0.009 0.004 0.000 0.003 0.000 0.003 0.000 0.000 0.000 0.001 0.000 0.000 0.000 0.000 0.541 0.008 0.042 0.006 0.003 0.004 0.001 0.001 0.006 0.026 0.001 0.911 0.006 0.004 0.096 0.000 0.000 0.000 0.097 0.001 0.006 0.002 0.009 0.005 
29 drill_vis 30 0.002 0.010 0.615 0.000 0.000 0.988 0.264 0.852 0.000 0.005 0.001 0.001 0.017 0.000 0.007 0.075 0.235 0.004 0.016 0.224 0.011 0.002 0.000 0.004 0.000 0.002 0.000 0.000 0.000 0.001 0.000 0.000 0.000 0.000 0.488 0.005 0.046 0.009 0.003 0.004 0.001 0.002 0.004 0.039 0.001 0.911 0.007 0.002 0.139 0.000 0.000 0.000 0.080 0.001 0.007 0.001 0.011 0.004 
30 clamp_vis 30 0.002 0.006 0.626 0.000 0.000 0.988 0.249 0.871 0.001 0.004 0.000 0.001 0.018 0.000 0.007 0.068 0.292 0.004 0.026 0.213 0.008 0.002 0.000 0.005 0.000 0.003 0.000 0.000 0.000 0.001 0.001 0.000 0.000 0.000 0.497 0.005 0.068 0.019 0.001 0.003 0.001 0.002 0.003 0.101 0.001 0.909 0.012 0.002 0.199 0.000 0.000 0.000 0.077 0.001 0.006 0.001 0.009 0.002 
31 hoe_vis 30 0.002 0.007 0.587 0.000 0.000 0.988 0.313 0.831 0.001 0.004 0.000 0.001 0.025 0.000 0.006 0.063 0.327 0.003 0.030 0.129 0.008 0.001 0.000 0.008 0.000 0.003 0.000 0.000 0.000 0.002 0.001 0.000 0.000 0.000 0.518 0.003 0.098 0.029 0.001 0.004 0.001 0.002 0.003 0.198 0.001 0.855 0.014 0.001 0.261 0.001 0.000 0.000 0.055 0.001 0.005 0.001 0.015 0.001 
32 rake_vis 30 0.002 0.006 0.566 0.000 0.000 0.988 0.326 0.829 0.001 0.004 0.000 0.001 0.027 0.000 0.006 0.058 0.332 0.003 0.034 0.114 0.007 0.001 0.000 0.009 0.000 0.003 0.000 0.000 0.000 0.002 0.001 0.000 0.000 0.000 0.490 0.004 0.102 0.031 0.001 0.004 0.001 0.002 0.003 0.221 0.001 0.860 0.014 0.001 0.294 0.001 0.000 0.000 0.046 0.001 0.005 0.001 0.014 0.001 
33 shovel_vis 30 0.002 0.006 0.671 0.000 0.000 0.987 0.236 0.887 0.000 0.005 0.001 0.001 0.015 0.000 0.008 0.072 0.303 0.006 0.024 0.270 0.008 0.003 0.000 0.004 0.000 0.004 0.000 0.000 0.000 0.001 0.000 0.000 0.000 0.000 0.504 0.007 0.059 0.016 0.001 0.003 0.001 0.002 0.004 0.078 0.001 0.920 0.013 0.002 0.169 0.000 0.000 0.000 0.103 0.001 0.007 0.001 0.008 0.002 
34 spade_vis 30 0.002 0.006 0.566 0.000 0.000 0.989 0.318 0.827 0.001 0.004 0.000 0.001 0.027 0.000 0.006 0.057 0.326 0.002 0.034 0.113 0.007 0.001 0.000 0.009 0.000 0.003 0.000 0.000 0.000 0.002 0.001 0.000 0.000 0.000 0.497 0.003 0.095 0.029 0.001 0.004 0.001 0.002 0.003 0.216 0.001 0.858 0.012 0.001 0.279 0.001 0.000 0.000 0.044 0.001 0.005 0.001 0.014 0.001 
35 wrench_vis 30 0.002 0.006 0.566 0.000 0.000 0.988 0.372 0.816 0.001 0.005 0.000 0.000 0.030 0.000 0.006 0.052 0.373 0.002 0.040 0.093 0.005 0.001 0.000 0.009 0.000 0.004 0.000 0.000 0.000 0.003 0.001 0.000 0.000 0.000 0.522 0.003 0.127 0.042 0.001 0.004 0.001 0.002 0.002 0.285 0.001 0.829 0.020 0.001 0.338 0.001 0.000 0.000 0.048 0.001 0.005 0.001 0.017 0.001 
36 accordion_vis 30 0.002 0.010 0.305 0.000 0.000 0.984 0.582 0.400 0.002 0.004 0.000 0.001 0.030 0.001 0.010 0.048 0.351 0.002 0.020 0.031 0.001 0.001 0.001 0.005 0.000 0.003 0.000 0.000 0.000 0.006 0.001 0.000 0.000 0.000 0.753 0.004 0.143 0.024 0.001 0.005 0.001 0.001 0.001 0.199 0.001 0.638 0.018 0.001 0.480 0.001 0.000 0.000 0.065 0.001 0.003 0.001 0.020 0.001 
37 cello_vis 30 0.002 0.008 0.440 0.000 0.000 0.987 0.465 0.650 0.001 0.004 0.000 0.000 0.021 0.000 0.009 0.048 0.368 0.002 0.019 0.058 0.002 0.001 0.000 0.006 0.000 0.003 0.000 0.000 0.000 0.004 0.000 0.000 0.000 0.000 0.615 0.003 0.113 0.024 0.001 0.004 0.001 0.002 0.001 0.228 0.001 0.736 0.015 0.001 0.367 0.001 0.000 0.000 0.060 0.001 0.003 0.001 0.020 0.001 
38 flute_vis 30 0.002 0.009 0.477 0.000 0.000 0.986 0.414 0.751 0.001 0.005 0.000 0.001 0.021 0.000 0.009 0.082 0.332 0.002 0.014 0.106 0.003 0.001 0.000 0.005 0.000 0.003 0.000 0.000 0.000 0.003 0.000 0.000 0.000 0.000 0.443 0.004 0.129 0.027 0.001 0.004 0.001 0.002 0.002 0.184 0.001 0.822 0.027 0.001 0.345 0.001 0.000 0.000 0.071 0.001 0.005 0.001 0.018 0.001 
39 guitar_vis 30 0.002 0.011 0.482 0.000 0.000 0.986 0.453 0.726 0.001 0.006 0.000 0.001 0.022 0.000 0.009 0.081 0.349 0.002 0.015 0.095 0.003 0.001 0.000 0.005 0.000 0.003 0.000 0.000 0.000 0.003 0.000 0.000 0.000 0.000 0.486 0.004 0.139 0.027 0.001 0.004 0.001 0.002 0.002 0.207 0.001 0.791 0.028 0.001 0.357 0.001 0.000 0.000 0.077 0.001 0.004 0.001 0.020 0.001 
40 piano_vis 30 0.001 0.007 0.361 0.000 0.000 0.985 0.470 0.536 0.001 0.003 0.000 0.001 0.027 0.000 0.008 0.032 0.359 0.002 0.026 0.033 0.001 0.001 0.000 0.006 0.000 0.004 0.000 0.000 0.000 0.005 0.001 0.000 0.000 0.000 0.740 0.003 0.110 0.027 0.001 0.005 0.001 0.001 0.001 0.230 0.001 0.700 0.012 0.001 0.387 0.001 0.000 0.000 0.048 0.001 0.003 0.001 0.019 0.001 
41 trumpet_vis 30 0.001 0.010 0.071 0.000 0.000 0.989 0.318 0.691 0.001 0.008 0.000 0.000 0.025 0.001 0.008 0.241 0.145 0.000 0.002 0.026 0.007 0.001 0.000 0.004 0.000 0.002 0.000 0.001 0.000 0.005 0.000 0.000 0.000 0.000 0.088 0.002 0.360 0.021 0.001 0.004 0.000 0.018 0.001 0.228 0.007 0.192 0.388 0.000 0.143 0.000 0.001 0.000 0.061 0.001 0.001 0.001 0.023 0.001 
42 fork_vis 30 0.001 0.009 0.300 0.000 0.000 0.989 0.345 0.569 0.000 0.003 0.001 0.001 0.022 0.000 0.003 0.017 0.192 0.003 0.016 0.051 0.002 0.002 0.000 0.002 0.000 0.002 0.000 0.000 0.000 0.001 0.000 0.000 0.000 0.000 0.714 0.003 0.028 0.006 0.004 0.004 0.001 0.001 0.002 0.018 0.000 0.813 0.002 0.006 0.103 0.000 0.000 0.000 0.038 0.001 0.003 0.002 0.012 0.004 
43 spoon_vis 30 0.001 0.013 0.053 0.000 0.000 0.989 0.322 0.205 0.001 0.005 0.001 0.001 0.030 0.000 0.004 0.040 0.089 0.001 0.007 0.011 0.002 0.001 0.000 0.001 0.000 0.001 0.000 0.000 0.000 0.001 0.000 0.000 0.000 0.000 0.567 0.002 0.037 0.006 0.006 0.004 0.000 0.001 0.001 0.009 0.000 0.696 0.003 0.002 0.102 0.000 0.000 0.000 0.032 0.001 0.002 0.001 0.016 0.004 
44 tongs_vis 30 0.001 0.010 0.440 0.000 0.000 0.989 0.395 0.734 0.001 0.004 0.001 0.001 0.024 0.000 0.005 0.033 0.253 0.002 0.011 0.126 0.002 0.001 0.000 0.002 0.000 0.002 0.000 0.000 0.000 0.001 0.000 0.000 0.000 0.000 0.594 0.005 0.046 0.013 0.007 0.004 0.001 0.001 0.003 0.022 0.001 0.882 0.008 0.002 0.162 0.000 0.000 0.000 0.061 0.001 0.005 0.001 0.015 0.005 
45 ladle_vis 30 0.004 0.900 0.001 0.000 0.000 0.992 0.098 0.000 0.000 0.975 0.000 0.000 0.022 0.037 0.776 0.005 0.042 0.000 0.000 0.000 0.006 0.004 0.000 0.000 0.000 0.000 0.000 0.001 0.000 0.064 0.000 0.000 0.000 0.000 0.022 0.000 0.300 0.021 0.083 0.002 0.000 0.000 0.000 0.001 0.000 0.000 0.574 0.000 0.003 0.000 0.000 0.000 0.945 0.012 0.040 0.001 0.413 0.002 
46 knife_vis 30 0.001 0.013 0.398 0.000 0.000 0.989 0.494 0.621 0.001 0.005 0.001 0.001 0.026 0.000 0.006 0.028 0.287 0.002 0.008 0.105 0.001 0.001 0.000 0.001 0.000 0.002 0.000 0.000 0.000 0.001 0.000 0.000 0.000 0.000 0.724 0.004 0.048 0.012 0.008 0.004 0.000 0.001 0.002 0.016 0.001 0.841 0.009 0.002 0.181 0.000 0.000 0.000 0.075 0.001 0.005 0.001 0.018 0.004 
47 chopsticks_vis 30 0.001 0.011 0.437 0.000 0.000 0.989 0.422 0.692 0.001 0.004 0.001 0.001 0.024 0.000 0.005 0.030 0.270 0.002 0.011 0.118 0.002 0.002 0.000 0.002 0.000 0.002 0.000 0.000 0.000 0.001 0.000 0.000 0.000 0.000 0.630 0.005 0.044 0.011 0.006 0.004 0.001 0.001 0.002 0.023 0.000 0.866 0.006 0.002 0.169 0.000 0.000 0.000 0.063 0.001 0.005 0.001 0.015 0.005 
