0 beaver_vis 30 0.993 0.007 0.010 0.985 0.007 0.001 0.001 0.000 0.001 0.001 0.004 0.000 0.011 0.001 0.003 0.001 0.006 0.017 0.123 0.002 0.000 0.001 0.011 0.000 0.931 0.227 0.105 0.007 0.003 0.001 0.000 0.012 0.015 0.000 0.001 0.002 0.005 0.000 0.000 0.001 0.000 0.000 0.000 0.000 0.000 0.000 0.002 0.000 0.001 0.000 0.045 0.001 0.001 0.003 0.000 0.001 0.000 0.001 
1 bear_vis 30 0.994 0.002 0.006 0.989 0.009 0.001 0.002 0.000 0.004 0.000 0.000 0.045 0.001 0.004 0.001 0.008 0.002 0.003 0.253 0.004 0.002 0.000 0.001 0.098 0.124 0.977 0.048 0.000 0.075 0.001 0.000 0.020 0.016 0.000 0.000 0.009 0.001 0.000 0.016 0.003 0.000 0.000 0.000 0.000 0.000 0.000 0.000 0.001 0.003 0.015 0.000 0.001 0.000 0.002 0.000 0.000 0.000 0.001 
2 sheep_vis 30 0.985 0.001 0.002 0.992 0.009 0.015 0.002 0.000 0.001 0.013 0.000 0.001 0.005 0.000 0.001 0.000 0.001 0.004 0.030 0.001 0.000 0.000 0.005 0.005 0.796 0.434 0.003 0.002 0.001 0.001 0.000 0.007 0.082 0.000 0.001 0.007 0.003 0.000 0.000 0.000 0.000 0.000 0.000 0.000 0.000 0.000 0.001 0.000 0.001 0.002 0.001 0.001 0.000 0.001 0.016 0.000 0.000 0.000 
3 buffalo_vis 30 0.994 0.001 0.003 0.991 0.012 0.001 0.002 0.000 0.002 0.000 0.000 0.068 0.001 0.002 0.001 0.010 0.002 0.003 0.090 0.002 0.001 0.000 0.003 0.124 0.140 0.967 0.138 0.001 0.102 0.001 0.000 0.014 0.017 0.000 0.000 0.005 0.001 0.000 0.010 0.001 0.000 0.000 0.000 0.000 0.001 0.000 0.000 0.001 0.003 0.010 0.001 0.000 0.000 0.003 0.000 0.000 0.000 0.000 
4 poodle_vis 30 0.985 0.009 0.007 0.990 0.012 0.013 0.003 0.000 0.001 0.019 0.001 0.000 0.010 0.001 0.005 0.001 0.002 0.003 0.004 0.002 0.001 0.001 0.040 0.001 0.961 0.068 0.005 0.002 0.001 0.002 0.000 0.003 0.042 0.000 0.001 0.003 0.008 0.000 0.000 0.001 0.000 0.000 0.000 0.000 0.000 0.000 0.001 0.000 0.001 0.000 0.014 0.000 0.001 0.013 0.002 0.003 0.000 0.000 
5 giraffe_vis 30 0.994 0.002 0.004 0.991 0.011 0.001 0.002 0.000 0.003 0.000 0.000 0.056 0.001 0.002 0.001 0.008 0.002 0.004 0.139 0.002 0.001 0.000 0.002 0.109 0.150 0.977 0.090 0.001 0.100 0.001 0.000 0.019 0.017 0.000 0.000 0.007 0.001 0.000 0.015 0.001 0.000 0.000 0.000 0.000 0.000 0.000 0.000 0.001 0.003 0.014 0.001 0.000 0.000 0.002 0.000 0.000 0.000 0.001 
6 robin_vis 30 0.995 0.009 0.989 0.001 0.058 0.001 0.006 0.000 0.001 0.001 0.001 0.000 0.660 0.000 0.004 0.000 0.002 0.895 0.001 0.008 0.041 0.579 0.000 0.000 0.090 0.004 0.000 0.003 0.001 0.021 0.006 0.001 0.058 0.000 0.056 0.001 0.229 0.000 0.000 0.001 0.000 0.000 0.000 0.000 0.000 0.000 0.006 0.000 0.001 0.000 0.000 0.001 0.002 0.001 0.000 0.087 0.000 0.010 
7 swan_vis 30 0.990 0.002 0.002 0.991 0.010 0.002 0.004 0.000 0.001 0.002 0.001 0.002 0.004 0.000 0.002 0.001 0.002 0.012 0.107 0.001 0.000 0.000 0.002 0.009 0.720 0.695 0.014 0.007 0.003 0.001 0.000 0.015 0.057 0.000 0.001 0.008 0.004 0.000 0.001 0.001 0.000 0.000 0.000 0.000 0.000 0.000 0.001 0.000 0.001 0.008 0.002 0.000 0.000 0.001 0.002 0.000 0.000 0.000 
8 woodpecker_vis 30 0.995 0.005 0.984 0.001 0.009 0.001 0.001 0.000 0.001 0.001 0.000 0.001 0.017 0.001 0.001 0.000 0.001 0.188 0.032 0.015 0.040 0.002 0.000 0.000 0.002 0.071 0.000 0.000 0.004 0.001 0.001 0.001 0.009 0.000 0.000 0.000 0.001 0.000 0.003 0.001 0.000 0.000 0.000 0.000 0.000 0.000 0.001 0.000 0.001 0.000 0.000 0.001 0.000 0.001 0.000 0.000 0.000 0.045 
9 peacock_vis 30 0.995 0.014 0.980 0.012 0.018 0.002 0.001 0.000 0.001 0.034 0.001 0.000 0.040 0.001 0.004 0.000 0.001 0.005 0.009 0.004 0.013 0.096 0.002 0.000 0.054 0.004 0.000 0.000 0.000 0.002 0.000 0.001 0.340 0.000 0.001 0.001 0.006 0.000 0.000 0.001 0.000 0.000 0.000 0.000 0.000 0.000 0.003 0.000 0.001 0.001 0.000 0.000 0.001 0.007 0.001 0.030 0.001 0.001 
10 crow_vis 30 0.995 0.084 0.929 0.039 0.001 0.001 0.001 0.000 0.001 0.001 0.014 0.169 0.063 0.001 0.003 0.002 0.003 0.119 0.864 0.004 0.002 0.001 0.001 0.000 0.035 0.901 0.001 0.001 0.007 0.001 0.000 0.001 0.002 0.000 0.001 0.001 0.004 0.000 0.000 0.001 0.000 0.000 0.000 0.000 0.000 0.000 0.002 0.001 0.001 0.005 0.000 0.000 0.001 0.003 0.000 0.001 0.000 0.373 
11 eagle_vis 30 0.991 0.003 0.004 0.990 0.018 0.001 0.012 0.000 0.001 0.001 0.002 0.000 0.012 0.000 0.003 0.001 0.004 0.013 0.024 0.002 0.000 0.001 0.017 0.001 0.940 0.250 0.166 0.019 0.004 0.002 0.000 0.010 0.016 0.000 0.004 0.002 0.006 0.000 0.000 0.001 0.000 0.000 0.000 0.000 0.000 0.000 0.001 0.000 0.001 0.000 0.051 0.002 0.001 0.001 0.000 0.001 0.000 0.001 
12 tuna_vis 30 0.985 0.001 0.001 0.993 0.010 0.024 0.011 0.000 0.001 0.021 0.000 0.001 0.002 0.001 0.001 0.000 0.001 0.001 0.038 0.001 0.000 0.000 0.014 0.014 0.723 0.499 0.003 0.001 0.001 0.001 0.000 0.007 0.136 0.000 0.001 0.011 0.002 0.000 0.001 0.001 0.000 0.000 0.000 0.000 0.000 0.000 0.000 0.000 0.004 0.006 0.001 0.001 0.000 0.002 0.036 0.000 0.001 0.000 
13 goldfish_vis 30 0.991 0.001 0.002 0.993 0.008 0.001 0.002 0.000 0.004 0.001 0.000 0.016 0.002 0.001 0.001 0.000 0.001 0.001 0.319 0.001 0.001 0.000 0.005 0.026 0.729 0.794 0.056 0.001 0.007 0.001 0.000 0.035 0.105 0.001 0.000 0.011 0.001 0.000 0.002 0.000 0.000 0.000 0.000 0.000 0.000 0.000 0.000 0.000 0.001 0.081 0.001 0.000 0.000 0.001 0.002 0.000 0.000 0.000 
14 salmon_vis 30 0.986 0.001 0.001 0.993 0.009 0.011 0.003 0.000 0.001 0.011 0.000 0.001 0.003 0.000 0.001 0.000 0.001 0.001 0.040 0.001 0.000 0.000 0.012 0.007 0.779 0.469 0.004 0.001 0.001 0.001 0.000 0.009 0.104 0.000 0.001 0.008 0.002 0.000 0.000 0.000 0.000 0.000 0.000 0.000 0.000 0.000 0.001 0.000 0.002 0.003 0.001 0.001 0.000 0.002 0.014 0.000 0.000 0.000 
15 sardine_vis 30 0.990 0.001 0.002 0.993 0.008 0.001 0.002 0.000 0.002 0.001 0.000 0.010 0.002 0.000 0.001 0.000 0.001 0.001 0.249 0.001 0.000 0.000 0.005 0.018 0.748 0.763 0.040 0.001 0.005 0.001 0.000 0.029 0.098 0.000 0.001 0.009 0.001 0.000 0.001 0.000 0.000 0.000 0.000 0.000 0.000 0.000 0.000 0.000 0.001 0.049 0.001 0.000 0.000 0.001 0.002 0.000 0.000 0.000 
16 catfish_vis 30 0.992 0.001 0.002 0.993 0.009 0.001 0.002 0.000 0.003 0.001 0.000 0.013 0.003 0.000 0.001 0.000 0.001 0.003 0.313 0.001 0.000 0.000 0.004 0.016 0.793 0.803 0.085 0.001 0.010 0.001 0.000 0.041 0.086 0.001 0.001 0.009 0.001 0.000 0.001 0.000 0.000 0.000 0.000 0.000 0.000 0.000 0.000 0.000 0.001 0.055 0.001 0.000 0.000 0.001 0.001 0.000 0.000 0.000 
17 cod_vis 30 0.991 0.001 0.001 0.990 0.013 0.019 0.004 0.001 0.001 0.002 0.000 0.004 0.003 0.000 0.001 0.000 0.001 0.001 0.002 0.001 0.000 0.000 0.009 0.253 0.084 0.081 0.008 0.003 0.001 0.001 0.001 0.002 0.021 0.000 0.001 0.002 0.002 0.000 0.001 0.000 0.000 0.000 0.000 0.000 0.039 0.001 0.000 0.000 0.001 0.001 0.001 0.001 0.000 0.001 0.030 0.000 0.000 0.000 
18 turtle_vis 30 0.991 0.001 0.002 0.993 0.013 0.001 0.002 0.000 0.002 0.001 0.000 0.006 0.002 0.000 0.001 0.001 0.001 0.007 0.225 0.001 0.000 0.000 0.003 0.006 0.864 0.750 0.105 0.004 0.009 0.001 0.000 0.041 0.058 0.001 0.001 0.007 0.002 0.000 0.001 0.000 0.000 0.000 0.000 0.000 0.000 0.000 0.001 0.000 0.001 0.018 0.005 0.000 0.000 0.001 0.000 0.000 0.000 0.000 
19 rattlesnake_vis 30 0.989 0.001 0.001 0.989 0.025 0.131 0.002 0.003 0.006 0.000 0.000 0.003 0.002 0.000 0.001 0.000 0.001 0.001 0.000 0.001 0.000 0.000 0.005 0.230 0.033 0.023 0.007 0.008 0.000 0.003 0.001 0.004 0.004 0.001 0.002 0.001 0.003 0.000 0.000 0.000 0.000 0.001 0.001 0.000 0.037 0.001 0.004 0.000 0.002 0.000 0.014 0.001 0.000 0.001 0.020 0.000 0.000 0.000 
20 crab_vis 30 0.991 0.001 0.002 0.993 0.010 0.002 0.004 0.000 0.003 0.001 0.000 0.011 0.002 0.000 0.001 0.000 0.001 0.002 0.261 0.001 0.000 0.000 0.004 0.020 0.757 0.764 0.045 0.001 0.006 0.001 0.000 0.031 0.105 0.000 0.001 0.010 0.002 0.000 0.002 0.001 0.000 0.000 0.000 0.000 0.000 0.000 0.000 0.000 0.001 0.059 0.001 0.000 0.000 0.001 0.003 0.000 0.000 0.000 
21 frog_vis 30 0.989 0.000 0.001 0.992 0.015 0.002 0.001 0.000 0.002 0.001 0.000 0.002 0.001 0.000 0.000 0.000 0.001 0.002 0.092 0.001 0.000 0.000 0.004 0.004 0.864 0.531 0.046 0.001 0.003 0.001 0.000 0.028 0.051 0.001 0.000 0.005 0.001 0.000 0.000 0.000 0.000 0.000 0.000 0.000 0.000 0.000 0.001 0.000 0.001 0.006 0.008 0.001 0.000 0.000 0.001 0.000 0.000 0.000 
22 gecko_vis 30 0.981 0.001 0.001 0.993 0.015 0.028 0.016 0.000 0.001 0.022 0.000 0.000 0.007 0.000 0.001 0.000 0.001 0.001 0.010 0.001 0.000 0.000 0.018 0.002 0.924 0.222 0.002 0.002 0.000 0.002 0.000 0.006 0.089 0.000 0.006 0.006 0.005 0.000 0.000 0.001 0.000 0.000 0.000 0.000 0.000 0.000 0.001 0.000 0.002 0.001 0.002 0.001 0.001 0.001 0.013 0.002 0.000 0.000 
23 crocodile_vis 30 0.975 0.001 0.001 0.990 0.038 0.764 0.002 0.000 0.127 0.000 0.000 0.002 0.002 0.000 0.001 0.000 0.001 0.001 0.001 0.001 0.000 0.000 0.002 0.071 0.122 0.047 0.002 0.001 0.000 0.002 0.000 0.034 0.008 0.001 0.001 0.001 0.003 0.000 0.000 0.000 0.000 0.000 0.000 0.000 0.000 0.011 0.005 0.000 0.003 0.007 0.055 0.006 0.000 0.001 0.057 0.000 0.000 0.000 
24 axe_vis 30 0.003 0.000 0.000 0.056 0.006 0.995 0.989 0.001 0.015 0.007 0.000 0.000 0.004 0.000 0.001 0.000 0.001 0.000 0.000 0.000 0.000 0.001 0.003 0.001 0.023 0.005 0.000 0.003 0.000 0.012 0.000 0.001 0.004 0.000 0.093 0.164 0.165 0.004 0.035 0.001 0.001 0.002 0.002 0.001 0.000 0.001 0.001 0.000 0.004 0.000 0.016 0.029 0.015 0.001 0.010 0.026 0.001 0.000 
25 hammer_vis 30 0.002 0.000 0.000 0.030 0.014 0.995 0.995 0.001 0.992 0.002 0.000 0.001 0.002 0.001 0.001 0.000 0.000 0.000 0.000 0.001 0.002 0.000 0.000 0.091 0.001 0.011 0.000 0.000 0.000 0.006 0.000 0.002 0.003 0.000 0.004 0.046 0.057 0.028 0.918 0.164 0.021 0.000 0.001 0.000 0.000 0.287 0.000 0.066 0.304 0.000 0.003 0.941 0.003 0.000 0.006 0.000 0.003 0.001 
26 screwdriver_vis 30 0.004 0.000 0.000 0.081 0.011 0.993 0.994 0.001 0.013 0.001 0.000 0.000 0.099 0.000 0.004 0.000 0.001 0.007 0.000 0.000 0.001 0.001 0.001 0.001 0.067 0.002 0.000 0.107 0.000 0.029 0.003 0.000 0.003 0.000 0.403 0.016 0.989 0.019 0.094 0.007 0.001 0.000 0.003 0.026 0.000 0.001 0.001 0.000 0.004 0.000 0.012 0.021 0.015 0.001 0.001 0.057 0.000 0.000 
27 chisel_vis 30 0.004 0.000 0.000 0.048 0.006 0.994 0.991 0.001 0.004 0.004 0.000 0.000 0.008 0.000 0.002 0.000 0.000 0.001 0.000 0.000 0.001 0.000 0.002 0.002 0.015 0.019 0.000 0.012 0.000 0.007 0.001 0.000 0.004 0.000 0.137 0.096 0.104 0.004 0.523 0.002 0.001 0.001 0.002 0.002 0.001 0.001 0.001 0.000 0.002 0.000 0.003 0.054 0.011 0.001 0.008 0.014 0.000 0.001 
28 saw_vis 30 0.004 0.000 0.000 0.101 0.011 0.994 0.995 0.001 0.006 0.001 0.000 0.000 0.078 0.000 0.014 0.000 0.001 0.007 0.000 0.000 0.001 0.001 0.002 0.001 0.080 0.002 0.000 0.133 0.000 0.030 0.004 0.000 0.004 0.000 0.409 0.086 0.991 0.032 0.090 0.026 0.001 0.000 0.002 0.068 0.000 0.000 0.000 0.000 0.006 0.000 0.011 0.012 0.038 0.001 0.001 0.056 0.000 0.000 
29 drill_vis 30 0.005 0.000 0.000 0.110 0.013 0.995 0.995 0.001 0.460 0.003 0.000 0.000 0.000 0.007 0.022 0.000 0.002 0.000 0.000 0.001 0.018 0.000 0.002 0.027 0.002 0.004 0.000 0.003 0.000 0.014 0.006 0.000 0.023 0.000 0.037 0.978 0.423 0.658 0.841 0.980 0.265 0.000 0.001 0.013 0.000 0.000 0.000 0.044 0.310 0.000 0.002 0.177 0.044 0.001 0.001 0.000 0.014 0.003 
30 clamp_vis 30 0.009 0.004 0.000 0.004 0.004 0.996 0.012 0.985 0.030 0.001 0.000 0.000 0.000 0.000 0.001 0.046 0.000 0.000 0.000 0.000 0.000 0.000 0.001 0.002 0.000 0.000 0.000 0.001 0.000 0.006 0.000 0.000 0.000 0.000 0.006 0.002 0.001 0.002 0.000 0.005 0.864 0.001 0.137 0.002 0.000 0.065 0.000 0.065 0.002 0.000 0.003 0.164 0.002 0.000 0.002 0.000 0.000 0.001 
31 hoe_vis 30 0.007 0.004 0.000 0.009 0.003 0.995 0.003 0.981 0.001 0.002 0.000 0.000 0.001 0.000 0.000 0.000 0.000 0.000 0.000 0.000 0.000 0.000 0.008 0.001 0.001 0.000 0.000 0.001 0.000 0.013 0.000 0.000 0.001 0.002 0.009 0.001 0.023 0.009 0.000 0.000 0.002 0.693 0.033 0.007 0.002 0.027 0.027 0.000 0.001 0.000 0.007 0.001 0.001 0.000 0.010 0.018 0.000 0.000 
32 rake_vis 30 0.010 0.026 0.000 0.003 0.004 0.996 0.004 0.992 0.001 0.001 0.001 0.000 0.000 0.000 0.001 0.005 0.000 0.000 0.000 0.000 0.000 0.000 0.000 0.001 0.000 0.000 0.000 0.002 0.000 0.010 0.001 0.000 0.000 0.001 0.010 0.001 0.005 0.001 0.000 0.000 0.029 0.008 0.916 0.010 0.017 0.099 0.002 0.001 0.001 0.000 0.005 0.028 0.002 0.000 0.003 0.000 0.000 0.000 
33 shovel_vis 30 0.012 0.001 0.000 0.006 0.003 0.996 0.023 0.969 0.001 0.001 0.000 0.001 0.001 0.000 0.001 0.000 0.000 0.000 0.000 0.000 0.000 0.000 0.003 0.001 0.000 0.000 0.000 0.008 0.000 0.005 0.002 0.000 0.001 0.001 0.016 0.001 0.009 0.014 0.000 0.000 0.008 0.009 0.050 0.054 0.006 0.038 0.000 0.000 0.001 0.000 0.001 0.002 0.001 0.000 0.004 0.001 0.000 0.000 
34 spade_vis 30 0.023 0.009 0.000 0.006 0.002 0.994 0.009 0.990 0.001 0.011 0.001 0.001 0.003 0.000 0.001 0.001 0.000 0.000 0.000 0.000 0.000 0.000 0.004 0.001 0.000 0.000 0.001 0.014 0.000 0.004 0.003 0.000 0.001 0.001 0.025 0.001 0.003 0.008 0.000 0.000 0.004 0.049 0.442 0.410 0.600 0.006 0.000 0.000 0.001 0.000 0.001 0.001 0.002 0.000 0.005 0.002 0.000 0.000 
35 wrench_vis 30 0.015 0.004 0.000 0.002 0.001 0.996 0.003 0.955 0.013 0.007 0.000 0.008 0.001 0.000 0.000 0.000 0.000 0.000 0.000 0.000 0.000 0.000 0.001 0.002 0.000 0.000 0.000 0.000 0.000 0.002 0.000 0.000 0.000 0.001 0.005 0.000 0.001 0.009 0.000 0.000 0.002 0.026 0.002 0.001 0.007 0.974 0.001 0.000 0.001 0.011 0.000 0.007 0.001 0.000 0.029 0.001 0.000 0.000 
36 accordion_vis 30 0.002 0.001 0.001 0.007 0.003 0.995 0.002 0.002 0.949 0.031 0.000 0.000 0.000 0.000 0.001 0.000 0.000 0.000 0.000 0.001 0.000 0.001 0.000 0.000 0.011 0.000 0.000 0.000 0.000 0.008 0.000 0.006 0.001 0.000 0.002 0.001 0.004 0.000 0.000 0.001 0.000 0.015 0.002 0.000 0.000 0.036 0.035 0.000 0.015 0.006 0.314 0.244 0.002 0.003 0.020 0.016 0.002 0.000 
37 cello_vis 30 0.004 0.000 0.001 0.002 0.002 0.996 0.011 0.001 0.973 0.008 0.000 0.001 0.002 0.000 0.000 0.000 0.000 0.000 0.000 0.001 0.000 0.000 0.000 0.002 0.000 0.008 0.000 0.000 0.000 0.002 0.000 0.002 0.001 0.000 0.006 0.001 0.000 0.000 0.021 0.001 0.001 0.000 0.002 0.000 0.000 0.625 0.001 0.088 0.004 0.074 0.001 0.938 0.001 0.000 0.050 0.000 0.001 0.445 
38 flute_vis 30 0.002 0.000 0.000 0.009 0.006 0.996 0.606 0.001 0.974 0.007 0.000 0.000 0.000 0.000 0.000 0.000 0.000 0.000 0.000 0.001 0.000 0.000 0.000 0.004 0.001 0.004 0.000 0.000 0.000 0.002 0.000 0.003 0.002 0.000 0.006 0.012 0.001 0.003 0.034 0.002 0.002 0.000 0.001 0.000 0.000 0.047 0.000 0.005 0.018 0.003 0.003 0.912 0.002 0.000 0.030 0.000 0.003 0.000 
39 guitar_vis 30 0.002 0.000 0.001 0.001 0.001 0.996 0.004 0.001 0.991 0.702 0.000 0.000 0.000 0.000 0.000 0.000 0.000 0.000 0.001 0.001 0.000 0.000 0.000 0.001 0.001 0.001 0.000 0.000 0.000 0.002 0.000 0.002 0.001 0.000 0.003 0.001 0.001 0.001 0.000 0.001 0.001 0.001 0.000 0.000 0.000 0.731 0.002 0.000 0.008 0.699 0.001 0.680 0.001 0.000 0.544 0.007 0.018 0.001 
40 piano_vis 30 0.014 0.000 0.001 0.005 0.011 0.995 0.307 0.001 0.057 0.003 0.000 0.000 0.000 0.000 0.000 0.000 0.000 0.000 0.000 0.001 0.001 0.000 0.000 0.001 0.001 0.008 0.000 0.000 0.000 0.003 0.000 0.001 0.001 0.000 0.006 0.032 0.001 0.001 0.113 0.001 0.001 0.001 0.001 0.000 0.000 0.008 0.001 0.001 0.008 0.002 0.002 0.276 0.002 0.001 0.007 0.001 0.001 0.001 
41 trumpet_vis 30 0.002 0.000 0.000 0.004 0.004 0.996 0.007 0.003 0.985 0.187 0.000 0.000 0.000 0.000 0.000 0.000 0.000 0.000 0.000 0.000 0.000 0.000 0.000 0.002 0.000 0.004 0.000 0.000 0.000 0.002 0.000 0.003 0.001 0.000 0.003 0.003 0.000 0.000 0.004 0.001 0.003 0.000 0.010 0.000 0.000 0.464 0.000 0.007 0.003 0.131 0.007 0.949 0.002 0.000 0.219 0.000 0.003 0.002 
42 fork_vis 30 0.004 0.001 0.001 0.048 0.003 0.995 0.138 0.006 0.009 0.994 0.000 0.000 0.001 0.000 0.003 0.000 0.001 0.000 0.001 0.001 0.000 0.007 0.052 0.000 0.049 0.000 0.000 0.000 0.000 0.019 0.000 0.000 0.007 0.000 0.264 0.026 0.014 0.001 0.000 0.001 0.000 0.036 0.002 0.001 0.008 0.001 0.016 0.000 0.003 0.001 0.103 0.006 0.564 0.021 0.050 0.328 0.009 0.001 
43 spoon_vis 30 0.011 0.002 0.003 0.002 0.001 0.995 0.017 0.003 0.002 0.994 0.000 0.000 0.001 0.000 0.007 0.000 0.002 0.000 0.002 0.000 0.000 0.031 0.033 0.000 0.013 0.000 0.000 0.000 0.000 0.015 0.000 0.000 0.003 0.000 0.070 0.004 0.013 0.001 0.000 0.001 0.000 0.011 0.000 0.000 0.005 0.000 0.010 0.000 0.002 0.001 0.005 0.002 0.923 0.374 0.003 0.301 0.065 0.006 
44 tongs_vis 30 0.036 0.010 0.000 0.023 0.004 0.995 0.021 0.986 0.001 0.009 0.000 0.004 0.004 0.000 0.001 0.000 0.000 0.000 0.000 0.000 0.000 0.000 0.020 0.001 0.001 0.000 0.001 0.010 0.000 0.006 0.004 0.000 0.001 0.001 0.027 0.001 0.014 0.025 0.000 0.001 0.011 0.055 0.035 0.546 0.108 0.003 0.000 0.000 0.001 0.000 0.001 0.001 0.005 0.000 0.017 0.004 0.000 0.000 
45 ladle_vis 30 0.806 0.000 0.001 0.916 0.003 0.736 0.018 0.001 0.001 0.247 0.000 0.000 0.020 0.000 0.001 0.000 0.000 0.001 0.003 0.000 0.000 0.001 0.024 0.000 0.883 0.023 0.000 0.001 0.000 0.004 0.000 0.002 0.012 0.000 0.038 0.001 0.006 0.001 0.000 0.000 0.000 0.008 0.000 0.000 0.001 0.001 0.003 0.000 0.001 0.000 0.012 0.002 0.007 0.001 0.022 0.080 0.001 0.000 
46 knife_vis 30 0.010 0.001 0.005 0.004 0.001 0.995 0.041 0.001 0.002 0.993 0.000 0.000 0.004 0.000 0.003 0.000 0.000 0.000 0.015 0.000 0.000 0.010 0.017 0.000 0.029 0.000 0.000 0.000 0.000 0.007 0.000 0.000 0.003 0.000 0.063 0.002 0.010 0.001 0.000 0.001 0.000 0.012 0.000 0.000 0.004 0.000 0.009 0.000 0.002 0.003 0.005 0.001 0.204 0.021 0.006 0.743 0.010 0.002 
47 chopsticks_vis 30 0.006 0.000 0.001 0.017 0.002 0.995 0.056 0.001 0.003 0.991 0.000 0.000 0.002 0.000 0.001 0.000 0.000 0.000 0.017 0.000 0.000 0.001 0.013 0.000 0.030 0.001 0.000 0.000 0.000 0.005 0.000 0.000 0.007 0.000 0.078 0.003 0.005 0.003 0.000 0.001 0.000 0.009 0.001 0.001 0.013 0.002 0.001 0.000 0.002 0.032 0.008 0.005 0.026 0.001 0.440 0.269 0.034 0.004 
