0 beaver_vis 30 0.008 0.002 0.993 0.000 0.000 0.994 0.000 0.003 0.001 0.484 0.001 0.000 0.001 0.001 0.006 0.001 0.317 0.004 0.266 0.314 0.022 0.833 0.071 0.000 0.000 0.000 0.000 0.000 0.000 0.000 0.086 0.000 0.000 0.001 0.000 0.000 0.001 0.006 0.000 0.000 0.031 0.000 0.005 0.006 0.033 0.005 0.001 0.523 0.000 0.002 0.000 0.103 0.002 0.006 0.059 0.826 0.001 0.001 
1 bear_vis 30 0.009 0.002 0.993 0.000 0.000 0.994 0.000 0.002 0.001 0.463 0.001 0.000 0.001 0.001 0.007 0.001 0.337 0.004 0.277 0.317 0.023 0.838 0.075 0.000 0.000 0.000 0.000 0.000 0.000 0.000 0.087 0.000 0.000 0.001 0.000 0.000 0.001 0.006 0.000 0.000 0.032 0.000 0.005 0.005 0.031 0.005 0.001 0.512 0.000 0.002 0.000 0.100 0.002 0.006 0.056 0.822 0.001 0.001 
2 sheep_vis 30 0.008 0.002 0.993 0.000 0.000 0.994 0.000 0.003 0.001 0.464 0.001 0.000 0.001 0.001 0.006 0.001 0.327 0.004 0.270 0.311 0.022 0.836 0.071 0.000 0.000 0.000 0.000 0.000 0.000 0.000 0.090 0.000 0.000 0.001 0.000 0.000 0.001 0.006 0.000 0.000 0.029 0.000 0.005 0.006 0.033 0.005 0.001 0.512 0.000 0.002 0.000 0.100 0.002 0.005 0.055 0.820 0.001 0.001 
3 buffalo_vis 30 0.008 0.002 0.993 0.000 0.000 0.994 0.000 0.003 0.001 0.482 0.001 0.000 0.001 0.001 0.007 0.001 0.325 0.004 0.273 0.321 0.022 0.834 0.077 0.000 0.000 0.000 0.000 0.000 0.000 0.000 0.091 0.000 0.000 0.001 0.000 0.000 0.001 0.007 0.000 0.000 0.033 0.000 0.005 0.006 0.034 0.005 0.001 0.526 0.000 0.002 0.000 0.102 0.002 0.006 0.059 0.825 0.001 0.001 
4 poodle_vis 30 0.008 0.002 0.993 0.000 0.000 0.994 0.000 0.003 0.001 0.496 0.001 0.000 0.001 0.001 0.006 0.001 0.313 0.004 0.267 0.321 0.021 0.830 0.076 0.000 0.000 0.000 0.000 0.000 0.000 0.000 0.093 0.000 0.000 0.001 0.000 0.000 0.001 0.007 0.000 0.000 0.032 0.000 0.006 0.006 0.037 0.005 0.001 0.534 0.000 0.002 0.000 0.104 0.002 0.006 0.061 0.828 0.001 0.001 
5 giraffe_vis 30 0.008 0.002 0.993 0.000 0.000 0.994 0.000 0.003 0.001 0.478 0.001 0.000 0.001 0.001 0.007 0.001 0.326 0.004 0.273 0.320 0.022 0.834 0.076 0.000 0.000 0.000 0.000 0.000 0.000 0.000 0.091 0.000 0.000 0.001 0.000 0.000 0.001 0.006 0.000 0.000 0.032 0.000 0.005 0.006 0.034 0.005 0.001 0.523 0.000 0.002 0.000 0.102 0.002 0.006 0.059 0.824 0.001 0.001 
6 robin_vis 30 0.008 0.002 0.993 0.000 0.000 0.994 0.000 0.003 0.001 0.472 0.001 0.000 0.001 0.001 0.006 0.001 0.326 0.004 0.269 0.313 0.022 0.834 0.073 0.000 0.000 0.000 0.000 0.000 0.000 0.000 0.093 0.000 0.000 0.001 0.000 0.000 0.001 0.006 0.000 0.000 0.030 0.000 0.005 0.006 0.034 0.005 0.001 0.520 0.000 0.002 0.000 0.102 0.002 0.005 0.056 0.823 0.001 0.001 
7 swan_vis 30 0.008 0.002 0.993 0.000 0.000 0.994 0.000 0.003 0.001 0.483 0.001 0.000 0.001 0.001 0.006 0.001 0.323 0.004 0.269 0.319 0.022 0.833 0.076 0.000 0.000 0.000 0.000 0.000 0.000 0.000 0.093 0.000 0.000 0.001 0.000 0.000 0.001 0.007 0.000 0.000 0.032 0.000 0.005 0.006 0.035 0.005 0.001 0.527 0.000 0.002 0.000 0.103 0.002 0.006 0.059 0.825 0.001 0.001 
8 woodpecker_vis 30 0.015 0.002 0.993 0.000 0.000 0.994 0.000 0.001 0.001 0.280 0.001 0.000 0.001 0.001 0.008 0.001 0.469 0.005 0.353 0.296 0.035 0.868 0.081 0.000 0.000 0.000 0.000 0.001 0.001 0.000 0.104 0.000 0.001 0.001 0.000 0.000 0.001 0.004 0.000 0.000 0.023 0.000 0.003 0.003 0.018 0.005 0.001 0.373 0.000 0.002 0.000 0.072 0.002 0.005 0.034 0.743 0.001 0.002 
9 peacock_vis 30 0.008 0.002 0.993 0.000 0.000 0.994 0.000 0.002 0.001 0.458 0.001 0.000 0.001 0.001 0.006 0.001 0.337 0.004 0.277 0.315 0.023 0.838 0.075 0.000 0.000 0.000 0.000 0.000 0.000 0.000 0.092 0.000 0.000 0.001 0.000 0.000 0.001 0.006 0.000 0.000 0.031 0.000 0.005 0.006 0.032 0.005 0.001 0.511 0.000 0.002 0.000 0.100 0.002 0.005 0.056 0.819 0.001 0.001 
10 crow_vis 30 0.008 0.002 0.993 0.000 0.000 0.994 0.000 0.003 0.001 0.487 0.001 0.000 0.001 0.001 0.006 0.001 0.321 0.004 0.269 0.320 0.022 0.832 0.077 0.000 0.000 0.000 0.000 0.000 0.000 0.000 0.094 0.000 0.000 0.001 0.000 0.000 0.001 0.007 0.000 0.000 0.032 0.000 0.005 0.006 0.036 0.005 0.001 0.530 0.000 0.002 0.000 0.103 0.002 0.006 0.060 0.826 0.001 0.001 
11 eagle_vis 30 0.008 0.002 0.993 0.000 0.000 0.994 0.000 0.003 0.001 0.481 0.001 0.000 0.001 0.001 0.006 0.001 0.325 0.004 0.271 0.318 0.022 0.834 0.076 0.000 0.000 0.000 0.000 0.000 0.000 0.000 0.093 0.000 0.000 0.001 0.000 0.000 0.001 0.006 0.000 0.000 0.032 0.000 0.005 0.006 0.035 0.005 0.001 0.526 0.000 0.002 0.000 0.102 0.002 0.006 0.059 0.825 0.001 0.001 
12 tuna_vis 30 0.009 0.002 0.993 0.000 0.000 0.994 0.000 0.002 0.001 0.433 0.001 0.000 0.001 0.001 0.007 0.001 0.351 0.004 0.285 0.313 0.024 0.842 0.076 0.000 0.000 0.000 0.000 0.000 0.001 0.000 0.088 0.000 0.000 0.001 0.000 0.000 0.001 0.006 0.000 0.000 0.031 0.000 0.005 0.005 0.028 0.005 0.001 0.492 0.000 0.002 0.000 0.096 0.002 0.006 0.055 0.810 0.001 0.001 
13 goldfish_vis 30 0.010 0.002 0.993 0.000 0.000 0.994 0.000 0.002 0.001 0.420 0.001 0.000 0.001 0.001 0.007 0.001 0.368 0.004 0.295 0.316 0.026 0.845 0.079 0.000 0.000 0.000 0.000 0.000 0.001 0.000 0.091 0.000 0.000 0.001 0.000 0.000 0.001 0.006 0.000 0.000 0.031 0.000 0.005 0.005 0.027 0.005 0.001 0.487 0.000 0.002 0.000 0.094 0.002 0.006 0.052 0.809 0.001 0.002 
14 salmon_vis 30 0.011 0.002 0.993 0.000 0.000 0.994 0.000 0.002 0.001 0.353 0.001 0.000 0.001 0.001 0.007 0.001 0.409 0.005 0.314 0.302 0.029 0.856 0.075 0.000 0.000 0.000 0.000 0.000 0.001 0.000 0.094 0.000 0.000 0.001 0.000 0.000 0.001 0.005 0.000 0.000 0.026 0.000 0.004 0.004 0.022 0.005 0.001 0.436 0.000 0.002 0.000 0.084 0.002 0.005 0.042 0.785 0.001 0.002 
15 sardine_vis 30 0.009 0.002 0.993 0.000 0.000 0.994 0.000 0.002 0.001 0.457 0.001 0.000 0.001 0.001 0.007 0.001 0.343 0.004 0.280 0.318 0.024 0.839 0.078 0.000 0.000 0.000 0.000 0.000 0.000 0.000 0.092 0.000 0.000 0.001 0.000 0.000 0.001 0.006 0.000 0.000 0.033 0.000 0.005 0.006 0.031 0.005 0.001 0.511 0.000 0.002 0.000 0.100 0.002 0.006 0.057 0.818 0.001 0.001 
16 catfish_vis 30 0.010 0.002 0.993 0.000 0.000 0.994 0.000 0.002 0.001 0.386 0.001 0.000 0.001 0.001 0.007 0.001 0.386 0.005 0.304 0.309 0.027 0.850 0.076 0.000 0.000 0.000 0.000 0.000 0.001 0.000 0.090 0.000 0.000 0.001 0.000 0.000 0.001 0.005 0.000 0.000 0.029 0.000 0.004 0.004 0.024 0.005 0.001 0.461 0.000 0.002 0.000 0.089 0.002 0.005 0.047 0.798 0.001 0.002 
17 cod_vis 30 0.009 0.002 0.993 0.000 0.000 0.994 0.000 0.002 0.001 0.459 0.001 0.000 0.001 0.001 0.007 0.001 0.343 0.004 0.281 0.320 0.024 0.839 0.079 0.000 0.000 0.000 0.000 0.000 0.000 0.000 0.092 0.000 0.000 0.001 0.000 0.000 0.001 0.006 0.000 0.000 0.033 0.000 0.005 0.006 0.031 0.005 0.001 0.513 0.000 0.002 0.000 0.100 0.002 0.006 0.058 0.819 0.001 0.001 
18 turtle_vis 30 0.008 0.002 0.993 0.000 0.000 0.994 0.000 0.003 0.001 0.456 0.001 0.000 0.001 0.001 0.007 0.001 0.338 0.004 0.279 0.316 0.023 0.837 0.076 0.000 0.000 0.000 0.000 0.000 0.001 0.000 0.094 0.000 0.000 0.001 0.000 0.000 0.001 0.006 0.000 0.000 0.031 0.000 0.005 0.006 0.033 0.005 0.001 0.510 0.000 0.002 0.000 0.098 0.002 0.005 0.055 0.819 0.001 0.001 
19 rattlesnake_vis 30 0.008 0.002 0.993 0.000 0.000 0.994 0.000 0.003 0.001 0.487 0.001 0.000 0.001 0.001 0.006 0.001 0.316 0.004 0.270 0.321 0.022 0.831 0.078 0.000 0.000 0.000 0.000 0.000 0.000 0.000 0.099 0.000 0.000 0.001 0.000 0.000 0.001 0.007 0.000 0.000 0.032 0.000 0.006 0.007 0.039 0.004 0.001 0.530 0.000 0.002 0.000 0.102 0.002 0.005 0.061 0.824 0.001 0.001 
20 crab_vis 30 0.009 0.002 0.993 0.000 0.000 0.994 0.000 0.002 0.001 0.426 0.001 0.000 0.001 0.001 0.007 0.001 0.364 0.004 0.293 0.316 0.025 0.844 0.078 0.000 0.000 0.000 0.000 0.000 0.001 0.000 0.092 0.000 0.000 0.001 0.000 0.000 0.001 0.006 0.000 0.000 0.031 0.000 0.005 0.005 0.028 0.005 0.001 0.491 0.000 0.002 0.000 0.095 0.002 0.006 0.052 0.810 0.001 0.002 
21 frog_vis 30 0.008 0.002 0.993 0.000 0.000 0.994 0.000 0.003 0.001 0.477 0.001 0.000 0.001 0.001 0.006 0.001 0.326 0.004 0.272 0.319 0.022 0.834 0.077 0.000 0.000 0.000 0.000 0.000 0.000 0.000 0.095 0.000 0.000 0.001 0.000 0.000 0.001 0.006 0.000 0.000 0.032 0.000 0.005 0.006 0.035 0.005 0.001 0.524 0.000 0.002 0.000 0.102 0.002 0.006 0.059 0.823 0.001 0.001 
22 gecko_vis 30 0.008 0.002 0.993 0.000 0.000 0.994 0.000 0.003 0.001 0.468 0.001 0.000 0.001 0.001 0.007 0.001 0.336 0.004 0.278 0.320 0.023 0.837 0.079 0.000 0.000 0.000 0.000 0.000 0.000 0.000 0.093 0.000 0.000 0.001 0.000 0.000 0.001 0.006 0.000 0.000 0.033 0.000 0.005 0.006 0.033 0.005 0.001 0.519 0.000 0.002 0.000 0.101 0.002 0.006 0.058 0.821 0.001 0.001 
23 crocodile_vis 30 0.008 0.002 0.993 0.000 0.000 0.994 0.000 0.003 0.001 0.470 0.001 0.000 0.001 0.001 0.006 0.001 0.330 0.004 0.274 0.317 0.023 0.836 0.076 0.000 0.000 0.000 0.000 0.000 0.000 0.000 0.091 0.000 0.000 0.001 0.000 0.000 0.001 0.006 0.000 0.000 0.032 0.000 0.005 0.006 0.033 0.005 0.001 0.518 0.000 0.002 0.000 0.101 0.002 0.006 0.058 0.822 0.001 0.001 
24 axe_vis 30 0.007 0.004 0.991 0.000 0.000 0.993 0.000 0.004 0.001 0.492 0.002 0.000 0.002 0.001 0.007 0.001 0.292 0.003 0.273 0.329 0.020 0.823 0.087 0.000 0.000 0.000 0.000 0.001 0.000 0.000 0.119 0.000 0.000 0.001 0.000 0.000 0.001 0.008 0.000 0.000 0.031 0.000 0.009 0.009 0.053 0.004 0.001 0.534 0.000 0.002 0.000 0.098 0.002 0.005 0.067 0.816 0.001 0.001 
25 hammer_vis 30 0.007 0.004 0.991 0.000 0.000 0.993 0.000 0.004 0.001 0.485 0.002 0.000 0.002 0.001 0.007 0.001 0.291 0.003 0.274 0.327 0.020 0.824 0.085 0.000 0.000 0.000 0.000 0.001 0.000 0.000 0.112 0.000 0.000 0.001 0.000 0.000 0.001 0.007 0.000 0.000 0.031 0.000 0.009 0.009 0.050 0.004 0.001 0.526 0.000 0.002 0.000 0.097 0.002 0.005 0.068 0.813 0.001 0.001 
26 screwdriver_vis 30 0.007 0.004 0.991 0.000 0.000 0.993 0.000 0.004 0.001 0.491 0.002 0.000 0.002 0.001 0.007 0.001 0.294 0.003 0.274 0.329 0.020 0.824 0.087 0.000 0.000 0.000 0.000 0.001 0.000 0.000 0.117 0.000 0.000 0.001 0.000 0.000 0.001 0.008 0.000 0.000 0.032 0.000 0.008 0.009 0.052 0.004 0.001 0.533 0.000 0.002 0.000 0.098 0.002 0.005 0.067 0.817 0.001 0.001 
27 chisel_vis 30 0.007 0.004 0.991 0.000 0.000 0.993 0.000 0.004 0.001 0.487 0.002 0.000 0.002 0.001 0.007 0.001 0.291 0.003 0.274 0.327 0.020 0.824 0.086 0.000 0.000 0.000 0.000 0.001 0.000 0.000 0.115 0.000 0.000 0.001 0.000 0.000 0.001 0.008 0.000 0.000 0.031 0.000 0.009 0.009 0.051 0.004 0.001 0.529 0.000 0.002 0.000 0.098 0.002 0.005 0.067 0.814 0.001 0.001 
28 saw_vis 30 0.007 0.004 0.991 0.000 0.000 0.993 0.000 0.004 0.001 0.491 0.002 0.000 0.002 0.001 0.007 0.001 0.294 0.003 0.275 0.330 0.021 0.824 0.088 0.000 0.000 0.000 0.000 0.001 0.000 0.000 0.116 0.000 0.000 0.001 0.000 0.000 0.001 0.008 0.000 0.000 0.032 0.000 0.009 0.009 0.052 0.004 0.001 0.533 0.000 0.002 0.000 0.099 0.002 0.005 0.067 0.817 0.001 0.001 
29 drill_vis 30 0.007 0.004 0.991 0.000 0.000 0.993 0.000 0.004 0.001 0.493 0.002 0.000 0.002 0.001 0.007 0.001 0.295 0.003 0.277 0.332 0.021 0.824 0.089 0.000 0.000 0.000 0.000 0.001 0.000 0.000 0.116 0.000 0.000 0.001 0.000 0.000 0.001 0.008 0.000 0.000 0.033 0.000 0.009 0.009 0.052 0.004 0.001 0.534 0.000 0.002 0.000 0.098 0.002 0.005 0.068 0.817 0.001 0.001 
30 clamp_vis 30 0.006 0.004 0.991 0.000 0.000 0.994 0.000 0.005 0.001 0.481 0.002 0.000 0.002 0.001 0.007 0.001 0.285 0.003 0.268 0.321 0.020 0.822 0.085 0.000 0.000 0.000 0.000 0.001 0.000 0.000 0.125 0.000 0.000 0.001 0.000 0.000 0.001 0.007 0.000 0.000 0.029 0.000 0.008 0.009 0.054 0.003 0.001 0.526 0.000 0.002 0.000 0.097 0.002 0.005 0.065 0.810 0.001 0.001 
31 hoe_vis 30 0.006 0.004 0.991 0.000 0.000 0.993 0.000 0.005 0.001 0.487 0.002 0.000 0.002 0.001 0.007 0.001 0.288 0.003 0.270 0.325 0.020 0.822 0.088 0.000 0.000 0.000 0.000 0.001 0.000 0.000 0.129 0.000 0.000 0.001 0.000 0.000 0.001 0.008 0.000 0.000 0.030 0.000 0.009 0.010 0.056 0.003 0.001 0.533 0.000 0.002 0.000 0.098 0.002 0.005 0.065 0.813 0.001 0.001 
32 rake_vis 30 0.006 0.004 0.991 0.000 0.000 0.993 0.000 0.005 0.001 0.479 0.002 0.000 0.002 0.001 0.007 0.001 0.288 0.003 0.271 0.323 0.020 0.823 0.087 0.000 0.000 0.000 0.000 0.001 0.000 0.000 0.126 0.000 0.000 0.001 0.000 0.000 0.001 0.007 0.000 0.000 0.029 0.000 0.009 0.009 0.055 0.003 0.001 0.525 0.000 0.002 0.000 0.096 0.002 0.005 0.065 0.809 0.001 0.001 
33 shovel_vis 30 0.006 0.003 0.991 0.000 0.000 0.994 0.000 0.005 0.001 0.484 0.002 0.000 0.002 0.001 0.007 0.001 0.282 0.003 0.265 0.319 0.020 0.822 0.083 0.000 0.000 0.000 0.000 0.001 0.000 0.000 0.123 0.000 0.000 0.001 0.000 0.000 0.001 0.007 0.000 0.000 0.028 0.000 0.008 0.009 0.054 0.003 0.001 0.528 0.000 0.002 0.000 0.098 0.002 0.005 0.064 0.811 0.001 0.001 
34 spade_vis 30 0.006 0.004 0.991 0.000 0.000 0.993 0.000 0.005 0.001 0.484 0.002 0.000 0.002 0.001 0.007 0.001 0.290 0.003 0.271 0.325 0.020 0.823 0.088 0.000 0.000 0.000 0.000 0.001 0.000 0.000 0.129 0.000 0.000 0.001 0.000 0.000 0.001 0.007 0.000 0.000 0.030 0.000 0.009 0.010 0.056 0.003 0.001 0.531 0.000 0.002 0.000 0.097 0.002 0.005 0.065 0.812 0.001 0.001 
35 wrench_vis 30 0.006 0.003 0.991 0.000 0.000 0.994 0.000 0.005 0.001 0.482 0.002 0.000 0.002 0.001 0.006 0.001 0.284 0.003 0.265 0.319 0.020 0.822 0.084 0.000 0.000 0.000 0.000 0.001 0.000 0.000 0.126 0.000 0.000 0.001 0.000 0.000 0.001 0.007 0.000 0.000 0.028 0.000 0.008 0.009 0.055 0.003 0.001 0.527 0.000 0.002 0.000 0.097 0.002 0.005 0.064 0.810 0.001 0.001 
36 accordion_vis 30 0.007 0.004 0.991 0.000 0.000 0.993 0.000 0.004 0.001 0.481 0.002 0.000 0.002 0.001 0.007 0.001 0.297 0.003 0.278 0.329 0.021 0.825 0.089 0.000 0.000 0.000 0.000 0.001 0.000 0.000 0.120 0.000 0.000 0.001 0.000 0.000 0.001 0.008 0.000 0.000 0.031 0.000 0.009 0.009 0.052 0.003 0.001 0.527 0.000 0.002 0.000 0.097 0.002 0.005 0.067 0.811 0.001 0.001 
37 cello_vis 30 0.008 0.004 0.991 0.000 0.000 0.993 0.000 0.004 0.001 0.464 0.002 0.000 0.002 0.001 0.008 0.001 0.304 0.003 0.285 0.330 0.022 0.827 0.092 0.000 0.000 0.000 0.000 0.001 0.000 0.000 0.123 0.000 0.000 0.001 0.000 0.000 0.001 0.008 0.000 0.000 0.032 0.000 0.009 0.009 0.052 0.003 0.001 0.516 0.000 0.002 0.000 0.094 0.002 0.005 0.068 0.804 0.001 0.001 
38 flute_vis 30 0.007 0.004 0.991 0.000 0.000 0.993 0.000 0.004 0.001 0.488 0.002 0.000 0.002 0.001 0.007 0.001 0.287 0.003 0.271 0.325 0.020 0.823 0.085 0.000 0.000 0.000 0.000 0.001 0.000 0.000 0.115 0.000 0.000 0.001 0.000 0.000 0.001 0.007 0.000 0.000 0.030 0.000 0.009 0.009 0.052 0.003 0.001 0.528 0.000 0.002 0.000 0.098 0.002 0.005 0.068 0.813 0.001 0.001 
39 guitar_vis 30 0.007 0.004 0.991 0.000 0.000 0.993 0.000 0.004 0.001 0.479 0.002 0.000 0.002 0.001 0.007 0.001 0.295 0.003 0.277 0.327 0.021 0.825 0.087 0.000 0.000 0.000 0.000 0.001 0.000 0.000 0.116 0.000 0.000 0.001 0.000 0.000 0.001 0.007 0.000 0.000 0.031 0.000 0.009 0.009 0.051 0.003 0.001 0.523 0.000 0.002 0.000 0.097 0.002 0.005 0.068 0.810 0.001 0.001 
40 piano_vis 30 0.007 0.004 0.991 0.000 0.000 0.993 0.000 0.004 0.001 0.467 0.002 0.000 0.002 0.001 0.007 0.001 0.302 0.003 0.282 0.329 0.022 0.827 0.091 0.000 0.000 0.000 0.000 0.001 0.000 0.000 0.124 0.000 0.000 0.001 0.000 0.000 0.001 0.008 0.000 0.000 0.031 0.000 0.009 0.009 0.052 0.003 0.001 0.518 0.000 0.002 0.000 0.095 0.002 0.005 0.067 0.805 0.001 0.001 
41 trumpet_vis 30 0.007 0.004 0.991 0.000 0.000 0.993 0.000 0.005 0.001 0.467 0.002 0.000 0.002 0.001 0.007 0.001 0.294 0.003 0.277 0.324 0.021 0.825 0.090 0.000 0.000 0.000 0.000 0.001 0.000 0.000 0.130 0.000 0.000 0.001 0.000 0.000 0.001 0.007 0.000 0.000 0.030 0.000 0.009 0.009 0.055 0.003 0.001 0.520 0.000 0.002 0.000 0.095 0.002 0.005 0.065 0.804 0.001 0.001 
42 fork_vis 30 0.008 0.004 0.991 0.000 0.000 0.993 0.000 0.004 0.001 0.487 0.002 0.000 0.002 0.001 0.007 0.001 0.299 0.003 0.281 0.333 0.021 0.825 0.091 0.000 0.000 0.000 0.000 0.001 0.000 0.000 0.117 0.000 0.000 0.001 0.000 0.000 0.001 0.008 0.000 0.000 0.033 0.000 0.009 0.009 0.051 0.004 0.001 0.531 0.000 0.002 0.000 0.097 0.002 0.005 0.069 0.815 0.001 0.001 
43 spoon_vis 30 0.008 0.004 0.991 0.000 0.000 0.993 0.000 0.004 0.001 0.489 0.002 0.000 0.002 0.001 0.007 0.001 0.298 0.003 0.280 0.334 0.021 0.825 0.091 0.000 0.000 0.000 0.000 0.001 0.000 0.000 0.118 0.000 0.000 0.001 0.000 0.000 0.001 0.008 0.000 0.000 0.033 0.000 0.009 0.009 0.052 0.004 0.001 0.533 0.000 0.002 0.000 0.098 0.002 0.005 0.069 0.815 0.001 0.001 
44 tongs_vis 30 0.007 0.004 0.991 0.000 0.000 0.993 0.000 0.004 0.001 0.485 0.002 0.000 0.002 0.001 0.007 0.001 0.292 0.003 0.275 0.328 0.020 0.824 0.087 0.000 0.000 0.000 0.000 0.001 0.000 0.000 0.116 0.000 0.000 0.001 0.000 0.000 0.001 0.008 0.000 0.000 0.031 0.000 0.009 0.009 0.052 0.003 0.001 0.528 0.000 0.002 0.000 0.097 0.002 0.005 0.067 0.813 0.001 0.001 
45 ladle_vis 30 0.007 0.004 0.991 0.000 0.000 0.993 0.000 0.004 0.001 0.489 0.002 0.000 0.002 0.001 0.007 0.001 0.293 0.003 0.276 0.330 0.021 0.823 0.090 0.000 0.000 0.000 0.000 0.001 0.000 0.000 0.123 0.000 0.000 0.001 0.000 0.000 0.001 0.008 0.000 0.000 0.032 0.000 0.009 0.009 0.055 0.003 0.001 0.534 0.000 0.002 0.000 0.098 0.002 0.005 0.068 0.814 0.001 0.001 
46 knife_vis 30 0.008 0.004 0.991 0.000 0.000 0.993 0.000 0.004 0.001 0.484 0.002 0.000 0.002 0.001 0.007 0.001 0.297 0.003 0.281 0.332 0.021 0.825 0.090 0.000 0.000 0.000 0.000 0.001 0.000 0.000 0.114 0.000 0.000 0.001 0.000 0.000 0.001 0.008 0.000 0.000 0.033 0.000 0.009 0.009 0.051 0.004 0.001 0.527 0.000 0.002 0.000 0.097 0.002 0.005 0.069 0.814 0.001 0.001 
47 chopsticks_vis 30 0.008 0.004 0.991 0.000 0.000 0.993 0.000 0.004 0.001 0.478 0.002 0.000 0.002 0.001 0.007 0.001 0.296 0.003 0.280 0.329 0.021 0.825 0.089 0.000 0.000 0.000 0.000 0.001 0.000 0.000 0.115 0.000 0.000 0.001 0.000 0.000 0.001 0.008 0.000 0.000 0.032 0.000 0.009 0.009 0.051 0.003 0.001 0.522 0.000 0.002 0.000 0.096 0.002 0.005 0.068 0.810 0.001 0.001 
