0 beaver_vis 30 0.994 0.127 0.013 0.001 0.993 0.001 0.003 0.000 0.001 0.001 0.000 0.000 0.000 0.971 0.026 0.001 0.000 0.001 0.023 0.000 0.093 0.000 0.000 0.001 0.002 0.001 0.001 0.453 0.001 0.983 0.015 0.028 0.725 0.006 0.303 0.001 0.000 0.855 0.003 0.000 0.000 0.001 0.001 0.003 0.003 0.060 0.012 0.000 0.357 0.000 0.001 0.065 0.001 0.001 0.005 0.000 0.003 0.001 
1 bear_vis 30 0.994 0.024 0.030 0.001 0.994 0.001 0.002 0.000 0.000 0.002 0.000 0.000 0.000 0.956 0.004 0.002 0.000 0.002 0.056 0.001 0.336 0.000 0.001 0.001 0.002 0.001 0.001 0.090 0.001 0.977 0.035 0.014 0.932 0.017 0.821 0.001 0.000 0.231 0.001 0.000 0.000 0.003 0.001 0.001 0.027 0.062 0.004 0.000 0.096 0.000 0.000 0.009 0.003 0.001 0.117 0.000 0.008 0.001 
2 sheep_vis 30 0.994 0.140 0.010 0.001 0.993 0.001 0.006 0.000 0.001 0.001 0.000 0.001 0.000 0.953 0.045 0.001 0.000 0.001 0.013 0.000 0.045 0.000 0.000 0.001 0.001 0.001 0.001 0.882 0.001 0.972 0.011 0.027 0.774 0.003 0.015 0.003 0.000 0.965 0.027 0.000 0.000 0.001 0.003 0.086 0.001 0.005 0.003 0.000 0.439 0.000 0.001 0.309 0.001 0.000 0.001 0.000 0.002 0.000 
3 buffalo_vis 30 0.994 0.078 0.020 0.001 0.994 0.001 0.002 0.000 0.001 0.001 0.000 0.000 0.000 0.971 0.016 0.001 0.000 0.001 0.043 0.000 0.187 0.000 0.001 0.001 0.002 0.001 0.001 0.156 0.001 0.984 0.017 0.016 0.840 0.009 0.777 0.001 0.000 0.510 0.001 0.000 0.000 0.001 0.001 0.001 0.011 0.137 0.012 0.000 0.269 0.000 0.001 0.018 0.002 0.001 0.044 0.000 0.003 0.000 
4 poodle_vis 30 0.994 0.179 0.011 0.001 0.993 0.001 0.003 0.000 0.001 0.001 0.000 0.001 0.000 0.974 0.031 0.001 0.000 0.001 0.018 0.000 0.058 0.000 0.000 0.001 0.003 0.001 0.001 0.588 0.001 0.974 0.021 0.047 0.512 0.005 0.073 0.001 0.000 0.868 0.015 0.000 0.000 0.001 0.002 0.008 0.001 0.014 0.011 0.000 0.220 0.000 0.001 0.078 0.001 0.001 0.001 0.000 0.003 0.001 
5 giraffe_vis 30 0.994 0.116 0.015 0.001 0.994 0.001 0.002 0.000 0.001 0.001 0.000 0.000 0.000 0.977 0.022 0.001 0.000 0.001 0.033 0.000 0.149 0.000 0.001 0.001 0.002 0.001 0.001 0.196 0.001 0.987 0.014 0.018 0.765 0.009 0.818 0.001 0.000 0.698 0.001 0.000 0.000 0.002 0.001 0.001 0.007 0.260 0.020 0.000 0.380 0.000 0.000 0.024 0.002 0.001 0.025 0.000 0.003 0.000 
6 robin_vis 30 0.994 0.122 0.012 0.001 0.993 0.001 0.004 0.000 0.001 0.001 0.000 0.000 0.000 0.962 0.034 0.001 0.000 0.001 0.019 0.000 0.066 0.000 0.000 0.001 0.001 0.001 0.001 0.682 0.001 0.979 0.011 0.021 0.794 0.003 0.083 0.002 0.000 0.925 0.007 0.000 0.000 0.001 0.001 0.012 0.001 0.020 0.005 0.000 0.407 0.000 0.001 0.126 0.001 0.000 0.002 0.000 0.002 0.000 
7 swan_vis 30 0.994 0.048 0.027 0.001 0.993 0.001 0.002 0.000 0.000 0.001 0.000 0.001 0.000 0.966 0.011 0.001 0.000 0.001 0.059 0.001 0.246 0.000 0.001 0.001 0.001 0.001 0.001 0.059 0.001 0.981 0.020 0.012 0.907 0.015 0.877 0.001 0.000 0.268 0.001 0.000 0.000 0.002 0.001 0.001 0.020 0.134 0.008 0.000 0.180 0.000 0.000 0.007 0.002 0.001 0.099 0.000 0.002 0.000 
8 woodpecker_vis 30 0.994 0.128 0.012 0.001 0.993 0.001 0.004 0.000 0.000 0.001 0.000 0.000 0.000 0.966 0.034 0.001 0.000 0.001 0.017 0.000 0.105 0.000 0.001 0.001 0.002 0.001 0.001 0.703 0.001 0.983 0.013 0.029 0.752 0.006 0.200 0.002 0.000 0.920 0.005 0.000 0.000 0.001 0.001 0.008 0.002 0.050 0.006 0.000 0.419 0.000 0.001 0.100 0.001 0.001 0.004 0.000 0.006 0.000 
9 peacock_vis 30 0.994 0.019 0.034 0.001 0.993 0.001 0.002 0.000 0.000 0.002 0.000 0.001 0.000 0.950 0.004 0.001 0.000 0.003 0.065 0.001 0.343 0.000 0.002 0.001 0.001 0.001 0.001 0.059 0.001 0.974 0.034 0.011 0.954 0.018 0.820 0.001 0.000 0.168 0.001 0.000 0.000 0.002 0.001 0.001 0.031 0.046 0.003 0.000 0.088 0.000 0.001 0.007 0.002 0.001 0.147 0.000 0.003 0.001 
10 crow_vis 30 0.994 0.027 0.031 0.001 0.994 0.001 0.002 0.000 0.001 0.001 0.000 0.000 0.000 0.960 0.007 0.001 0.000 0.002 0.068 0.001 0.279 0.000 0.001 0.001 0.001 0.001 0.001 0.037 0.001 0.980 0.023 0.007 0.954 0.015 0.876 0.001 0.000 0.183 0.001 0.000 0.000 0.002 0.000 0.001 0.027 0.088 0.004 0.000 0.138 0.000 0.000 0.006 0.002 0.001 0.130 0.000 0.002 0.000 
11 eagle_vis 30 0.994 0.056 0.025 0.001 0.993 0.001 0.002 0.000 0.000 0.001 0.000 0.001 0.000 0.968 0.013 0.001 0.000 0.001 0.055 0.001 0.234 0.000 0.001 0.001 0.002 0.001 0.001 0.075 0.001 0.982 0.019 0.013 0.890 0.014 0.870 0.001 0.000 0.325 0.001 0.000 0.000 0.002 0.001 0.001 0.018 0.153 0.010 0.000 0.206 0.000 0.000 0.009 0.002 0.001 0.087 0.000 0.002 0.001 
12 tuna_vis 30 0.994 0.080 0.011 0.001 0.993 0.001 0.006 0.000 0.000 0.001 0.000 0.000 0.000 0.938 0.025 0.002 0.000 0.001 0.011 0.000 0.097 0.000 0.000 0.001 0.002 0.001 0.001 0.891 0.001 0.970 0.016 0.034 0.838 0.005 0.025 0.004 0.000 0.957 0.018 0.000 0.000 0.001 0.003 0.050 0.001 0.006 0.002 0.000 0.321 0.000 0.001 0.262 0.001 0.001 0.002 0.000 0.009 0.000 
13 goldfish_vis 30 0.994 0.105 0.014 0.001 0.994 0.001 0.002 0.000 0.001 0.001 0.000 0.000 0.000 0.972 0.021 0.001 0.000 0.001 0.027 0.000 0.122 0.000 0.000 0.001 0.001 0.001 0.001 0.310 0.001 0.986 0.014 0.021 0.791 0.007 0.557 0.001 0.000 0.794 0.002 0.000 0.000 0.001 0.001 0.001 0.005 0.119 0.012 0.000 0.365 0.000 0.000 0.046 0.002 0.000 0.012 0.000 0.003 0.000 
14 salmon_vis 30 0.994 0.114 0.011 0.001 0.992 0.001 0.005 0.000 0.001 0.001 0.000 0.000 0.000 0.948 0.035 0.001 0.000 0.001 0.013 0.000 0.046 0.000 0.000 0.001 0.002 0.001 0.000 0.859 0.001 0.964 0.012 0.024 0.803 0.002 0.010 0.003 0.000 0.958 0.026 0.000 0.000 0.001 0.003 0.067 0.001 0.003 0.003 0.000 0.371 0.000 0.002 0.265 0.001 0.001 0.001 0.000 0.002 0.000 
15 sardine_vis 30 0.994 0.112 0.010 0.001 0.993 0.001 0.006 0.000 0.001 0.001 0.000 0.000 0.000 0.946 0.034 0.001 0.000 0.001 0.013 0.000 0.044 0.000 0.000 0.001 0.001 0.001 0.000 0.871 0.001 0.966 0.012 0.024 0.820 0.002 0.009 0.003 0.000 0.967 0.025 0.000 0.000 0.001 0.003 0.075 0.001 0.004 0.003 0.000 0.394 0.000 0.002 0.327 0.001 0.000 0.001 0.000 0.002 0.000 
16 catfish_vis 30 0.994 0.197 0.011 0.001 0.993 0.001 0.002 0.000 0.001 0.001 0.000 0.000 0.001 0.982 0.016 0.001 0.000 0.001 0.025 0.000 0.075 0.000 0.000 0.001 0.007 0.001 0.001 0.166 0.001 0.978 0.029 0.066 0.299 0.009 0.542 0.000 0.000 0.645 0.004 0.000 0.000 0.001 0.001 0.001 0.004 0.112 0.094 0.000 0.142 0.000 0.001 0.022 0.002 0.001 0.002 0.000 0.006 0.001 
17 cod_vis 30 0.994 0.078 0.012 0.001 0.993 0.001 0.005 0.000 0.001 0.001 0.000 0.000 0.000 0.934 0.024 0.001 0.000 0.001 0.015 0.000 0.054 0.000 0.000 0.001 0.001 0.001 0.000 0.830 0.001 0.954 0.013 0.021 0.873 0.002 0.010 0.003 0.000 0.951 0.021 0.000 0.000 0.001 0.003 0.051 0.001 0.003 0.002 0.000 0.310 0.000 0.001 0.257 0.001 0.001 0.001 0.000 0.002 0.000 
18 turtle_vis 30 0.994 0.105 0.010 0.001 0.994 0.001 0.001 0.000 0.003 0.001 0.000 0.000 0.001 0.979 0.005 0.001 0.000 0.001 0.028 0.000 0.066 0.000 0.000 0.001 0.002 0.001 0.001 0.116 0.001 0.986 0.022 0.053 0.421 0.004 0.585 0.001 0.000 0.723 0.001 0.000 0.000 0.003 0.001 0.001 0.030 0.138 0.218 0.000 0.197 0.000 0.000 0.178 0.006 0.000 0.004 0.000 0.003 0.000 
19 rattlesnake_vis 30 0.994 0.109 0.010 0.001 0.993 0.001 0.004 0.000 0.001 0.001 0.000 0.000 0.000 0.954 0.021 0.001 0.000 0.001 0.015 0.000 0.044 0.000 0.000 0.001 0.001 0.001 0.000 0.790 0.001 0.969 0.014 0.029 0.753 0.002 0.029 0.002 0.000 0.955 0.013 0.000 0.000 0.001 0.003 0.036 0.002 0.007 0.006 0.000 0.336 0.000 0.001 0.384 0.001 0.000 0.001 0.000 0.002 0.000 
20 crab_vis 30 0.994 0.008 0.042 0.001 0.994 0.001 0.001 0.000 0.000 0.002 0.000 0.000 0.000 0.932 0.002 0.001 0.000 0.005 0.075 0.001 0.420 0.000 0.002 0.001 0.001 0.001 0.001 0.037 0.002 0.968 0.052 0.007 0.981 0.019 0.812 0.001 0.000 0.099 0.001 0.000 0.000 0.004 0.000 0.000 0.052 0.024 0.001 0.000 0.053 0.000 0.000 0.008 0.004 0.001 0.206 0.000 0.003 0.000 
21 frog_vis 30 0.994 0.076 0.009 0.001 0.993 0.001 0.002 0.000 0.003 0.001 0.000 0.000 0.000 0.951 0.006 0.001 0.000 0.000 0.015 0.000 0.028 0.000 0.000 0.001 0.001 0.001 0.000 0.676 0.001 0.950 0.022 0.046 0.663 0.002 0.012 0.001 0.000 0.941 0.008 0.000 0.000 0.001 0.006 0.017 0.003 0.003 0.009 0.000 0.173 0.000 0.002 0.613 0.002 0.000 0.001 0.000 0.001 0.000 
22 gecko_vis 30 0.994 0.027 0.027 0.001 0.994 0.001 0.002 0.000 0.000 0.002 0.000 0.000 0.000 0.956 0.005 0.001 0.000 0.002 0.054 0.001 0.259 0.000 0.001 0.001 0.001 0.001 0.001 0.106 0.001 0.978 0.029 0.013 0.944 0.010 0.709 0.001 0.000 0.322 0.001 0.000 0.000 0.002 0.001 0.001 0.022 0.046 0.004 0.000 0.137 0.000 0.000 0.024 0.002 0.001 0.075 0.000 0.003 0.000 
23 crocodile_vis 30 0.994 0.150 0.012 0.001 0.994 0.001 0.002 0.000 0.001 0.001 0.000 0.000 0.000 0.975 0.026 0.001 0.000 0.001 0.023 0.000 0.089 0.000 0.000 0.001 0.002 0.001 0.001 0.424 0.001 0.986 0.014 0.027 0.659 0.005 0.440 0.001 0.000 0.866 0.002 0.000 0.000 0.001 0.001 0.002 0.004 0.121 0.023 0.000 0.417 0.000 0.001 0.081 0.002 0.001 0.006 0.000 0.003 0.000 
24 axe_vis 30 0.993 0.082 0.010 0.001 0.992 0.004 0.004 0.000 0.004 0.001 0.000 0.001 0.000 0.947 0.011 0.001 0.000 0.001 0.017 0.000 0.035 0.000 0.000 0.001 0.001 0.001 0.000 0.757 0.001 0.956 0.020 0.046 0.720 0.002 0.014 0.002 0.000 0.959 0.011 0.000 0.000 0.001 0.006 0.034 0.003 0.004 0.009 0.000 0.249 0.000 0.002 0.593 0.001 0.000 0.001 0.000 0.001 0.000 
25 hammer_vis 30 0.992 0.054 0.009 0.001 0.992 0.008 0.004 0.000 0.010 0.001 0.000 0.000 0.000 0.936 0.005 0.001 0.000 0.001 0.015 0.000 0.026 0.000 0.000 0.001 0.001 0.001 0.000 0.685 0.001 0.939 0.028 0.063 0.655 0.001 0.008 0.002 0.000 0.957 0.009 0.000 0.000 0.001 0.011 0.023 0.005 0.002 0.015 0.001 0.163 0.000 0.002 0.732 0.002 0.000 0.001 0.000 0.001 0.000 
26 screwdriver_vis 30 0.993 0.044 0.009 0.001 0.993 0.006 0.003 0.000 0.009 0.001 0.000 0.000 0.000 0.940 0.003 0.001 0.000 0.001 0.018 0.000 0.026 0.000 0.000 0.001 0.001 0.001 0.000 0.568 0.001 0.919 0.039 0.077 0.631 0.001 0.009 0.001 0.000 0.943 0.005 0.000 0.000 0.001 0.012 0.011 0.007 0.002 0.015 0.000 0.098 0.000 0.002 0.820 0.003 0.000 0.001 0.000 0.001 0.000 
27 chisel_vis 30 0.992 0.082 0.011 0.001 0.992 0.007 0.006 0.000 0.006 0.001 0.000 0.001 0.000 0.944 0.014 0.001 0.000 0.001 0.017 0.000 0.035 0.000 0.000 0.001 0.001 0.001 0.000 0.795 0.000 0.959 0.018 0.048 0.734 0.001 0.012 0.002 0.000 0.968 0.014 0.000 0.000 0.001 0.007 0.044 0.002 0.004 0.009 0.000 0.287 0.000 0.002 0.603 0.001 0.000 0.001 0.000 0.001 0.000 
28 saw_vis 30 0.992 0.038 0.009 0.001 0.993 0.010 0.003 0.000 0.014 0.001 0.000 0.000 0.000 0.935 0.002 0.001 0.000 0.001 0.017 0.000 0.024 0.000 0.000 0.001 0.001 0.001 0.000 0.528 0.001 0.910 0.046 0.090 0.611 0.001 0.008 0.001 0.000 0.941 0.004 0.000 0.000 0.001 0.015 0.010 0.010 0.002 0.022 0.001 0.082 0.000 0.002 0.847 0.004 0.000 0.001 0.000 0.001 0.000 
29 drill_vis 30 0.955 0.004 0.006 0.001 0.986 0.129 0.029 0.001 0.194 0.001 0.000 0.000 0.000 0.431 0.001 0.001 0.000 0.001 0.011 0.000 0.023 0.000 0.000 0.001 0.001 0.001 0.000 0.418 0.001 0.842 0.042 0.059 0.146 0.001 0.024 0.004 0.000 0.980 0.013 0.000 0.000 0.001 0.081 0.021 0.197 0.004 0.190 0.003 0.086 0.000 0.007 0.948 0.030 0.000 0.001 0.000 0.002 0.000 
30 clamp_vis 30 0.993 0.029 0.008 0.001 0.993 0.002 0.002 0.000 0.013 0.001 0.000 0.000 0.001 0.937 0.001 0.001 0.000 0.001 0.016 0.000 0.018 0.000 0.000 0.001 0.001 0.001 0.000 0.328 0.001 0.863 0.064 0.104 0.510 0.001 0.008 0.001 0.000 0.887 0.002 0.000 0.000 0.001 0.022 0.003 0.019 0.002 0.031 0.001 0.036 0.000 0.002 0.879 0.008 0.000 0.001 0.000 0.001 0.000 
31 hoe_vis 30 0.993 0.082 0.013 0.001 0.992 0.001 0.005 0.000 0.001 0.001 0.000 0.001 0.000 0.946 0.024 0.001 0.000 0.001 0.018 0.000 0.078 0.000 0.000 0.001 0.001 0.001 0.001 0.763 0.001 0.969 0.016 0.021 0.861 0.003 0.045 0.002 0.000 0.932 0.012 0.000 0.000 0.001 0.002 0.023 0.001 0.009 0.003 0.000 0.334 0.000 0.001 0.174 0.001 0.001 0.002 0.000 0.002 0.000 
32 rake_vis 30 0.993 0.064 0.010 0.001 0.993 0.001 0.002 0.000 0.002 0.001 0.000 0.000 0.000 0.948 0.005 0.001 0.000 0.001 0.016 0.000 0.033 0.000 0.000 0.001 0.001 0.001 0.001 0.609 0.001 0.943 0.025 0.049 0.661 0.003 0.022 0.001 0.000 0.927 0.005 0.000 0.000 0.001 0.007 0.011 0.004 0.004 0.008 0.000 0.139 0.000 0.001 0.625 0.002 0.000 0.001 0.000 0.001 0.000 
33 shovel_vis 30 0.992 0.127 0.010 0.001 0.992 0.003 0.007 0.000 0.002 0.001 0.000 0.000 0.000 0.950 0.044 0.001 0.000 0.001 0.015 0.000 0.046 0.000 0.000 0.001 0.001 0.001 0.000 0.850 0.001 0.974 0.009 0.025 0.772 0.002 0.032 0.003 0.000 0.969 0.021 0.000 0.000 0.001 0.003 0.075 0.001 0.010 0.004 0.000 0.476 0.000 0.001 0.330 0.001 0.000 0.002 0.000 0.001 0.000 
34 spade_vis 30 0.993 0.083 0.012 0.001 0.993 0.001 0.005 0.000 0.001 0.001 0.000 0.000 0.000 0.942 0.024 0.001 0.000 0.001 0.014 0.000 0.075 0.000 0.000 0.001 0.001 0.001 0.001 0.830 0.001 0.969 0.016 0.026 0.844 0.004 0.034 0.003 0.000 0.944 0.014 0.000 0.000 0.001 0.002 0.037 0.002 0.006 0.003 0.000 0.336 0.000 0.001 0.255 0.001 0.001 0.002 0.000 0.002 0.000 
35 wrench_vis 30 0.993 0.079 0.015 0.001 0.992 0.001 0.005 0.000 0.001 0.001 0.000 0.001 0.000 0.942 0.028 0.001 0.000 0.001 0.019 0.000 0.079 0.000 0.001 0.001 0.001 0.001 0.001 0.766 0.001 0.967 0.013 0.019 0.886 0.004 0.056 0.003 0.000 0.935 0.013 0.000 0.000 0.001 0.001 0.027 0.001 0.012 0.003 0.000 0.348 0.000 0.001 0.164 0.001 0.001 0.003 0.000 0.002 0.000 
36 accordion_vis 30 0.993 0.033 0.023 0.001 0.992 0.001 0.003 0.000 0.001 0.001 0.000 0.001 0.000 0.940 0.010 0.001 0.000 0.001 0.036 0.000 0.173 0.000 0.001 0.001 0.001 0.001 0.001 0.267 0.001 0.967 0.022 0.014 0.941 0.006 0.218 0.002 0.000 0.608 0.003 0.000 0.000 0.001 0.001 0.002 0.005 0.015 0.004 0.000 0.179 0.000 0.001 0.036 0.001 0.001 0.015 0.000 0.002 0.000 
37 cello_vis 30 0.993 0.125 0.011 0.001 0.993 0.001 0.003 0.000 0.001 0.001 0.000 0.000 0.000 0.966 0.019 0.001 0.000 0.001 0.018 0.000 0.062 0.000 0.000 0.001 0.002 0.001 0.001 0.551 0.001 0.978 0.014 0.039 0.647 0.007 0.146 0.001 0.000 0.901 0.004 0.000 0.000 0.001 0.002 0.005 0.003 0.031 0.012 0.000 0.324 0.000 0.001 0.191 0.001 0.001 0.002 0.000 0.003 0.000 
38 flute_vis 30 0.993 0.160 0.013 0.001 0.992 0.001 0.004 0.000 0.001 0.001 0.000 0.001 0.000 0.968 0.051 0.001 0.000 0.001 0.023 0.000 0.078 0.000 0.001 0.001 0.001 0.001 0.001 0.602 0.001 0.982 0.009 0.022 0.727 0.005 0.286 0.001 0.000 0.899 0.007 0.000 0.000 0.001 0.001 0.013 0.002 0.077 0.010 0.000 0.519 0.000 0.001 0.087 0.001 0.001 0.005 0.000 0.002 0.000 
39 guitar_vis 30 0.993 0.054 0.025 0.001 0.992 0.001 0.002 0.000 0.001 0.001 0.000 0.001 0.000 0.965 0.014 0.001 0.000 0.001 0.050 0.000 0.202 0.000 0.001 0.001 0.002 0.001 0.001 0.102 0.001 0.978 0.020 0.016 0.894 0.012 0.748 0.001 0.000 0.354 0.002 0.000 0.000 0.001 0.001 0.001 0.008 0.067 0.007 0.000 0.173 0.000 0.001 0.009 0.001 0.001 0.038 0.000 0.003 0.000 
40 piano_vis 30 0.993 0.048 0.022 0.001 0.992 0.001 0.002 0.000 0.001 0.001 0.000 0.000 0.000 0.959 0.009 0.001 0.000 0.001 0.043 0.001 0.195 0.000 0.001 0.001 0.002 0.001 0.001 0.166 0.001 0.979 0.021 0.022 0.884 0.010 0.651 0.001 0.000 0.477 0.001 0.000 0.000 0.002 0.001 0.001 0.013 0.062 0.007 0.000 0.198 0.000 0.001 0.033 0.002 0.001 0.041 0.000 0.004 0.000 
41 trumpet_vis 30 0.993 0.101 0.011 0.001 0.993 0.001 0.004 0.000 0.001 0.001 0.000 0.000 0.000 0.950 0.019 0.001 0.000 0.001 0.014 0.000 0.054 0.000 0.000 0.001 0.001 0.001 0.001 0.769 0.001 0.968 0.015 0.034 0.750 0.006 0.046 0.002 0.000 0.939 0.012 0.000 0.000 0.001 0.003 0.030 0.002 0.008 0.004 0.000 0.307 0.000 0.001 0.349 0.001 0.000 0.002 0.000 0.003 0.000 
42 fork_vis 30 0.993 0.259 0.012 0.001 0.992 0.001 0.002 0.000 0.001 0.001 0.000 0.001 0.001 0.982 0.030 0.002 0.000 0.001 0.028 0.000 0.080 0.000 0.000 0.001 0.009 0.001 0.001 0.092 0.001 0.979 0.023 0.074 0.197 0.014 0.813 0.000 0.000 0.441 0.004 0.000 0.000 0.002 0.001 0.001 0.002 0.210 0.153 0.000 0.123 0.000 0.001 0.004 0.002 0.001 0.004 0.000 0.011 0.000 
43 spoon_vis 30 0.992 0.074 0.008 0.001 0.990 0.004 0.012 0.001 0.004 0.001 0.000 0.001 0.001 0.930 0.018 0.001 0.000 0.001 0.018 0.000 0.059 0.000 0.000 0.000 0.003 0.001 0.001 0.113 0.001 0.981 0.011 0.021 0.162 0.003 0.889 0.001 0.000 0.670 0.011 0.000 0.000 0.033 0.001 0.004 0.002 0.179 0.165 0.000 0.582 0.001 0.001 0.008 0.001 0.002 0.028 0.000 0.020 0.000 
44 tongs_vis 30 0.994 0.084 0.009 0.001 0.992 0.001 0.001 0.000 0.018 0.001 0.000 0.001 0.005 0.977 0.001 0.002 0.000 0.001 0.030 0.000 0.024 0.000 0.000 0.000 0.018 0.001 0.001 0.015 0.001 0.911 0.132 0.231 0.091 0.006 0.139 0.000 0.000 0.199 0.002 0.000 0.000 0.002 0.004 0.001 0.065 0.008 0.678 0.001 0.007 0.000 0.001 0.179 0.036 0.000 0.001 0.000 0.006 0.000 
45 ladle_vis 30 0.993 0.114 0.010 0.001 0.991 0.002 0.005 0.000 0.002 0.001 0.000 0.001 0.000 0.967 0.028 0.001 0.000 0.001 0.022 0.000 0.081 0.000 0.000 0.001 0.003 0.001 0.001 0.150 0.001 0.984 0.012 0.025 0.249 0.005 0.890 0.001 0.000 0.698 0.005 0.000 0.000 0.009 0.001 0.002 0.003 0.302 0.122 0.000 0.524 0.001 0.001 0.009 0.001 0.001 0.022 0.000 0.012 0.000 
46 knife_vis 30 0.993 0.192 0.012 0.001 0.989 0.001 0.001 0.000 0.003 0.001 0.000 0.001 0.001 0.984 0.004 0.004 0.000 0.001 0.027 0.000 0.023 0.000 0.000 0.001 0.109 0.001 0.003 0.004 0.001 0.585 0.060 0.121 0.016 0.009 0.434 0.000 0.000 0.007 0.328 0.000 0.000 0.043 0.002 0.001 0.000 0.001 0.414 0.000 0.004 0.010 0.034 0.001 0.002 0.038 0.001 0.000 0.321 0.000 
47 chopsticks_vis 30 0.994 0.210 0.013 0.001 0.992 0.001 0.001 0.000 0.008 0.001 0.000 0.001 0.014 0.984 0.001 0.006 0.001 0.001 0.036 0.000 0.027 0.000 0.000 0.001 0.262 0.001 0.004 0.005 0.002 0.676 0.457 0.454 0.013 0.010 0.085 0.000 0.000 0.020 0.022 0.000 0.000 0.001 0.003 0.000 0.004 0.002 0.735 0.002 0.001 0.000 0.003 0.001 0.024 0.001 0.000 0.000 0.032 0.000 
