0 beaver_vis 30 0.995 0.002 0.960 0.092 0.358 0.002 0.001 0.001 0.000 0.217 0.000 0.000 0.000 0.003 0.003 0.003 0.005 0.001 0.925 0.162 0.052 0.013 0.879 0.000 0.001 0.001 0.000 0.030 0.002 0.002 0.001 0.000 0.894 0.016 0.000 0.005 0.001 0.002 0.824 0.008 0.015 0.000 0.004 0.000 0.001 0.000 0.000 0.000 0.000 0.069 0.000 0.000 0.001 0.004 0.133 0.001 0.007 0.348 
1 bear_vis 30 0.996 0.006 0.970 0.062 0.384 0.002 0.002 0.001 0.000 0.145 0.000 0.000 0.000 0.002 0.004 0.002 0.005 0.001 0.911 0.114 0.037 0.007 0.885 0.000 0.001 0.001 0.000 0.018 0.002 0.002 0.001 0.000 0.819 0.014 0.000 0.022 0.007 0.001 0.579 0.117 0.012 0.000 0.001 0.000 0.001 0.000 0.000 0.000 0.000 0.028 0.000 0.000 0.001 0.002 0.051 0.001 0.007 0.237 
2 sheep_vis 30 0.995 0.022 0.985 0.026 0.002 0.003 0.001 0.001 0.000 0.028 0.000 0.000 0.004 0.001 0.001 0.002 0.002 0.001 0.939 0.015 0.011 0.441 0.801 0.000 0.001 0.000 0.000 0.013 0.001 0.001 0.000 0.000 0.030 0.001 0.001 0.003 0.001 0.001 0.099 0.005 0.003 0.000 0.004 0.000 0.002 0.000 0.000 0.000 0.000 0.012 0.000 0.000 0.001 0.002 0.009 0.001 0.002 0.022 
3 buffalo_vis 30 0.995 0.004 0.957 0.047 0.334 0.003 0.002 0.001 0.000 0.121 0.000 0.000 0.000 0.003 0.001 0.002 0.006 0.001 0.716 0.040 0.041 0.006 0.747 0.000 0.000 0.001 0.000 0.017 0.001 0.005 0.001 0.000 0.775 0.011 0.000 0.020 0.024 0.002 0.179 0.477 0.005 0.000 0.002 0.000 0.000 0.000 0.000 0.000 0.000 0.004 0.000 0.000 0.001 0.003 0.018 0.001 0.011 0.044 
4 poodle_vis 30 0.995 0.017 0.989 0.002 0.017 0.003 0.001 0.001 0.000 0.071 0.000 0.000 0.000 0.005 0.023 0.007 0.013 0.001 0.984 0.276 0.007 0.014 0.386 0.000 0.000 0.000 0.000 0.005 0.002 0.002 0.000 0.000 0.348 0.005 0.000 0.007 0.001 0.001 0.455 0.004 0.003 0.000 0.005 0.000 0.001 0.000 0.000 0.000 0.000 0.094 0.000 0.000 0.000 0.006 0.069 0.001 0.002 0.187 
5 giraffe_vis 30 0.995 0.001 0.931 0.821 0.029 0.002 0.002 0.001 0.000 0.042 0.000 0.000 0.000 0.000 0.000 0.001 0.001 0.002 0.295 0.006 0.065 0.136 0.982 0.000 0.003 0.001 0.000 0.034 0.001 0.001 0.001 0.000 0.323 0.002 0.000 0.018 0.001 0.001 0.104 0.810 0.008 0.000 0.001 0.000 0.001 0.000 0.000 0.000 0.000 0.001 0.000 0.000 0.001 0.001 0.006 0.001 0.004 0.013 
6 robin_vis 30 0.995 0.001 0.972 0.002 0.014 0.036 0.001 0.001 0.000 0.020 0.000 0.000 0.000 0.000 0.000 0.003 0.006 0.002 0.019 0.051 0.081 0.008 0.088 0.000 0.000 0.001 0.000 0.006 0.000 0.001 0.004 0.000 0.067 0.037 0.000 0.003 0.001 0.002 0.002 0.278 0.003 0.000 0.102 0.000 0.001 0.000 0.000 0.000 0.000 0.000 0.000 0.004 0.001 0.004 0.019 0.001 0.001 0.003 
7 swan_vis 30 0.995 0.002 0.952 0.204 0.001 0.004 0.003 0.001 0.000 0.028 0.000 0.000 0.000 0.001 0.000 0.001 0.001 0.009 0.125 0.004 0.036 0.092 0.679 0.000 0.001 0.001 0.000 0.021 0.000 0.001 0.000 0.000 0.110 0.001 0.001 0.013 0.001 0.001 0.025 0.861 0.005 0.000 0.002 0.000 0.001 0.000 0.000 0.000 0.000 0.001 0.000 0.000 0.004 0.001 0.003 0.001 0.002 0.008 
8 woodpecker_vis 30 0.995 0.006 0.973 0.021 0.313 0.003 0.001 0.001 0.000 0.169 0.000 0.000 0.000 0.007 0.006 0.005 0.014 0.001 0.933 0.179 0.044 0.004 0.588 0.000 0.000 0.000 0.000 0.024 0.002 0.005 0.001 0.000 0.853 0.015 0.000 0.006 0.002 0.004 0.455 0.011 0.005 0.000 0.007 0.000 0.001 0.000 0.000 0.000 0.000 0.039 0.000 0.000 0.001 0.011 0.055 0.001 0.011 0.137 
9 peacock_vis 30 0.994 0.010 0.991 0.002 0.015 0.014 0.004 0.001 0.000 0.127 0.000 0.000 0.000 0.009 0.024 0.016 0.040 0.001 0.970 0.244 0.010 0.018 0.282 0.000 0.000 0.000 0.000 0.007 0.001 0.002 0.001 0.000 0.560 0.005 0.000 0.067 0.008 0.004 0.183 0.114 0.006 0.000 0.008 0.000 0.001 0.000 0.000 0.000 0.000 0.025 0.001 0.001 0.001 0.024 0.033 0.001 0.004 0.108 
10 crow_vis 30 0.994 0.000 0.871 0.886 0.006 0.004 0.001 0.001 0.000 0.014 0.000 0.000 0.000 0.000 0.000 0.001 0.001 0.001 0.004 0.010 0.467 0.011 0.970 0.000 0.001 0.008 0.000 0.033 0.000 0.001 0.001 0.000 0.149 0.017 0.000 0.006 0.001 0.001 0.004 0.485 0.046 0.000 0.002 0.000 0.001 0.000 0.000 0.000 0.000 0.000 0.000 0.000 0.001 0.000 0.014 0.001 0.001 0.002 
11 eagle_vis 30 0.995 0.009 0.989 0.022 0.004 0.004 0.002 0.001 0.000 0.046 0.000 0.000 0.000 0.002 0.008 0.003 0.004 0.001 0.954 0.086 0.014 0.040 0.484 0.000 0.000 0.000 0.000 0.009 0.000 0.001 0.000 0.000 0.258 0.002 0.001 0.022 0.002 0.001 0.148 0.069 0.004 0.000 0.002 0.000 0.001 0.000 0.000 0.000 0.000 0.015 0.000 0.000 0.001 0.002 0.014 0.001 0.002 0.050 
12 tuna_vis 30 0.995 0.000 0.458 0.991 0.009 0.002 0.004 0.001 0.000 0.017 0.000 0.000 0.000 0.000 0.000 0.000 0.001 0.002 0.221 0.003 0.102 0.106 0.994 0.044 0.024 0.001 0.000 0.068 0.001 0.001 0.001 0.000 0.625 0.001 0.000 0.003 0.001 0.001 0.394 0.378 0.008 0.000 0.001 0.000 0.001 0.000 0.000 0.000 0.000 0.000 0.000 0.000 0.002 0.000 0.003 0.001 0.001 0.005 
13 goldfish_vis 30 0.995 0.000 0.326 0.986 0.011 0.002 0.001 0.001 0.000 0.017 0.000 0.000 0.000 0.000 0.000 0.000 0.001 0.002 0.240 0.005 0.103 0.100 0.987 0.057 0.029 0.003 0.001 0.037 0.002 0.001 0.001 0.000 0.476 0.001 0.000 0.001 0.001 0.001 0.192 0.046 0.003 0.000 0.001 0.000 0.001 0.000 0.000 0.000 0.000 0.000 0.000 0.000 0.004 0.000 0.003 0.001 0.001 0.005 
14 salmon_vis 30 0.995 0.000 0.478 0.987 0.010 0.002 0.001 0.001 0.000 0.035 0.000 0.000 0.000 0.000 0.000 0.000 0.001 0.002 0.161 0.005 0.142 0.150 0.981 0.009 0.049 0.006 0.001 0.054 0.002 0.001 0.001 0.000 0.296 0.001 0.001 0.001 0.001 0.001 0.093 0.045 0.011 0.000 0.001 0.000 0.000 0.000 0.000 0.000 0.000 0.000 0.000 0.000 0.008 0.000 0.009 0.001 0.003 0.011 
15 sardine_vis 30 0.995 0.000 0.618 0.991 0.011 0.002 0.004 0.001 0.000 0.017 0.000 0.000 0.000 0.000 0.000 0.000 0.001 0.002 0.146 0.007 0.125 0.087 0.993 0.008 0.015 0.003 0.001 0.087 0.001 0.001 0.001 0.000 0.565 0.002 0.000 0.006 0.001 0.001 0.289 0.606 0.013 0.000 0.001 0.000 0.001 0.000 0.000 0.000 0.000 0.000 0.000 0.000 0.002 0.000 0.004 0.001 0.002 0.006 
16 catfish_vis 30 0.996 0.000 0.730 0.984 0.045 0.002 0.001 0.001 0.000 0.033 0.000 0.000 0.000 0.000 0.000 0.001 0.001 0.002 0.067 0.054 0.299 0.072 0.981 0.002 0.011 0.012 0.001 0.164 0.003 0.001 0.001 0.001 0.273 0.008 0.000 0.009 0.001 0.013 0.068 0.016 0.029 0.000 0.002 0.001 0.000 0.000 0.000 0.000 0.000 0.000 0.000 0.000 0.004 0.000 0.027 0.001 0.004 0.018 
17 cod_vis 30 0.995 0.000 0.472 0.990 0.010 0.002 0.002 0.001 0.000 0.016 0.000 0.000 0.000 0.000 0.000 0.000 0.001 0.002 0.194 0.006 0.112 0.098 0.993 0.034 0.020 0.003 0.001 0.063 0.001 0.001 0.001 0.000 0.561 0.001 0.000 0.004 0.001 0.001 0.292 0.325 0.009 0.000 0.001 0.000 0.001 0.000 0.000 0.000 0.000 0.000 0.000 0.000 0.002 0.000 0.004 0.001 0.002 0.006 
18 turtle_vis 30 0.995 0.000 0.827 0.981 0.027 0.003 0.002 0.001 0.000 0.044 0.000 0.000 0.000 0.000 0.000 0.001 0.001 0.002 0.132 0.025 0.216 0.060 0.988 0.001 0.007 0.003 0.001 0.154 0.001 0.001 0.001 0.000 0.577 0.006 0.001 0.012 0.001 0.005 0.327 0.225 0.037 0.000 0.002 0.001 0.000 0.000 0.000 0.000 0.000 0.001 0.000 0.000 0.002 0.000 0.027 0.001 0.003 0.013 
19 rattlesnake_vis 30 0.995 0.003 0.136 0.991 0.041 0.003 0.083 0.001 0.000 0.009 0.000 0.000 0.001 0.000 0.000 0.001 0.001 0.002 0.020 0.009 0.048 0.014 0.978 0.006 0.064 0.004 0.001 0.304 0.001 0.002 0.001 0.000 0.226 0.005 0.001 0.062 0.003 0.002 0.442 0.916 0.175 0.000 0.001 0.000 0.001 0.000 0.000 0.000 0.000 0.003 0.000 0.000 0.001 0.000 0.008 0.001 0.002 0.006 
20 crab_vis 30 0.996 0.000 0.775 0.976 0.064 0.002 0.001 0.001 0.000 0.064 0.000 0.000 0.000 0.000 0.000 0.001 0.001 0.001 0.195 0.030 0.270 0.058 0.989 0.003 0.009 0.004 0.000 0.189 0.001 0.001 0.001 0.001 0.748 0.011 0.000 0.007 0.001 0.004 0.496 0.092 0.035 0.000 0.002 0.000 0.000 0.000 0.000 0.000 0.000 0.001 0.000 0.000 0.002 0.000 0.023 0.001 0.004 0.021 
21 frog_vis 30 0.995 0.000 0.838 0.988 0.119 0.003 0.009 0.001 0.000 0.049 0.000 0.000 0.000 0.000 0.000 0.001 0.001 0.003 0.059 0.041 0.238 0.025 0.989 0.001 0.008 0.008 0.001 0.151 0.001 0.001 0.001 0.001 0.792 0.011 0.000 0.063 0.002 0.005 0.151 0.844 0.030 0.000 0.002 0.000 0.000 0.000 0.000 0.000 0.000 0.000 0.000 0.000 0.002 0.000 0.010 0.001 0.006 0.019 
22 gecko_vis 30 0.996 0.000 0.836 0.989 0.014 0.002 0.004 0.001 0.000 0.026 0.000 0.000 0.000 0.000 0.000 0.001 0.001 0.002 0.050 0.015 0.174 0.046 0.992 0.001 0.007 0.007 0.001 0.100 0.001 0.001 0.001 0.000 0.536 0.004 0.000 0.038 0.001 0.002 0.098 0.853 0.025 0.000 0.001 0.000 0.000 0.000 0.000 0.000 0.000 0.000 0.000 0.000 0.002 0.000 0.006 0.001 0.003 0.006 
23 crocodile_vis 30 0.995 0.000 0.885 0.988 0.046 0.003 0.007 0.001 0.000 0.025 0.000 0.000 0.000 0.000 0.000 0.001 0.001 0.004 0.043 0.055 0.237 0.030 0.984 0.001 0.004 0.016 0.001 0.198 0.001 0.001 0.001 0.002 0.508 0.013 0.000 0.144 0.002 0.007 0.107 0.750 0.051 0.000 0.001 0.000 0.000 0.000 0.000 0.000 0.000 0.000 0.000 0.000 0.001 0.000 0.012 0.001 0.003 0.016 
24 axe_vis 30 0.014 0.001 0.319 0.002 0.001 0.995 0.645 0.001 0.001 0.976 0.000 0.000 0.001 0.007 0.001 0.001 0.001 0.003 0.759 0.219 0.002 0.496 0.296 0.000 0.000 0.000 0.000 0.004 0.000 0.001 0.000 0.000 0.013 0.001 0.004 0.033 0.003 0.010 0.920 0.024 0.012 0.000 0.007 0.001 0.134 0.001 0.000 0.012 0.001 0.011 0.001 0.001 0.014 0.399 0.036 0.001 0.003 0.904 
25 hammer_vis 30 0.008 0.123 0.003 0.034 0.001 0.993 0.990 0.014 0.001 0.024 0.001 0.000 0.082 0.016 0.000 0.001 0.000 0.005 0.004 0.002 0.001 0.016 0.045 0.015 0.000 0.001 0.000 0.009 0.000 0.001 0.000 0.000 0.002 0.001 0.003 0.259 0.003 0.002 0.299 0.913 0.036 0.000 0.003 0.001 0.061 0.001 0.000 0.001 0.000 0.031 0.050 0.000 0.015 0.002 0.006 0.001 0.001 0.024 
26 screwdriver_vis 30 0.029 0.001 0.416 0.009 0.001 0.977 0.636 0.002 0.000 0.987 0.000 0.001 0.004 0.016 0.000 0.001 0.001 0.046 0.698 0.115 0.004 0.822 0.559 0.002 0.000 0.000 0.000 0.006 0.000 0.001 0.000 0.000 0.031 0.001 0.003 0.093 0.002 0.002 0.876 0.572 0.012 0.000 0.032 0.000 0.687 0.000 0.000 0.004 0.000 0.002 0.001 0.000 0.212 0.849 0.034 0.001 0.002 0.615 
27 chisel_vis 30 0.010 0.005 0.007 0.021 0.001 0.994 0.804 0.002 0.001 0.107 0.000 0.000 0.012 0.001 0.000 0.001 0.000 0.002 0.037 0.004 0.002 0.204 0.085 0.001 0.000 0.001 0.000 0.006 0.000 0.001 0.000 0.000 0.002 0.001 0.003 0.100 0.003 0.003 0.424 0.058 0.049 0.000 0.003 0.001 0.011 0.001 0.000 0.002 0.000 0.239 0.001 0.000 0.012 0.001 0.007 0.001 0.002 0.249 
28 saw_vis 30 0.029 0.001 0.402 0.023 0.001 0.965 0.710 0.006 0.000 0.982 0.001 0.000 0.009 0.005 0.000 0.001 0.000 0.070 0.651 0.027 0.005 0.927 0.763 0.002 0.000 0.001 0.000 0.009 0.000 0.001 0.000 0.000 0.012 0.001 0.005 0.094 0.001 0.001 0.874 0.731 0.015 0.000 0.017 0.001 0.758 0.000 0.000 0.002 0.000 0.001 0.001 0.000 0.364 0.737 0.020 0.001 0.002 0.470 
29 drill_vis 30 0.023 0.001 0.392 0.036 0.001 0.960 0.770 0.009 0.000 0.982 0.001 0.000 0.009 0.004 0.000 0.000 0.000 0.075 0.656 0.025 0.007 0.935 0.813 0.003 0.001 0.001 0.000 0.009 0.000 0.001 0.000 0.000 0.014 0.000 0.008 0.088 0.001 0.001 0.893 0.798 0.011 0.000 0.011 0.001 0.791 0.000 0.000 0.001 0.000 0.001 0.000 0.000 0.372 0.701 0.017 0.001 0.001 0.458 
30 clamp_vis 30 0.003 0.007 0.001 0.004 0.001 0.996 0.001 0.989 0.002 0.002 0.002 0.000 0.000 0.000 0.000 0.002 0.000 0.000 0.000 0.001 0.002 0.001 0.002 0.000 0.000 0.011 0.000 0.004 0.000 0.000 0.001 0.000 0.000 0.007 0.000 0.022 0.001 0.001 0.001 0.001 0.370 0.001 0.354 0.010 0.071 0.017 0.000 0.000 0.000 0.002 0.000 0.094 0.001 0.000 0.006 0.000 0.000 0.000 
31 hoe_vis 30 0.004 0.005 0.005 0.001 0.001 0.996 0.001 0.986 0.001 0.020 0.001 0.000 0.000 0.000 0.000 0.001 0.000 0.001 0.001 0.002 0.002 0.013 0.003 0.000 0.000 0.001 0.000 0.002 0.000 0.000 0.001 0.000 0.000 0.002 0.000 0.008 0.001 0.001 0.001 0.001 0.022 0.003 0.747 0.003 0.111 0.009 0.000 0.000 0.000 0.001 0.000 0.009 0.003 0.001 0.010 0.001 0.001 0.001 
32 rake_vis 30 0.009 0.030 0.002 0.003 0.001 0.996 0.001 0.995 0.003 0.006 0.008 0.000 0.000 0.000 0.000 0.011 0.000 0.001 0.000 0.003 0.003 0.002 0.002 0.000 0.000 0.011 0.000 0.009 0.000 0.000 0.001 0.000 0.000 0.012 0.000 0.125 0.001 0.001 0.001 0.001 0.431 0.008 0.985 0.011 0.414 0.034 0.001 0.000 0.000 0.002 0.001 0.107 0.002 0.000 0.014 0.001 0.001 0.000 
33 shovel_vis 30 0.002 0.029 0.002 0.001 0.001 0.996 0.001 0.989 0.001 0.002 0.002 0.000 0.004 0.000 0.000 0.000 0.000 0.000 0.000 0.001 0.001 0.022 0.002 0.000 0.000 0.001 0.000 0.003 0.000 0.000 0.002 0.000 0.000 0.002 0.000 0.002 0.001 0.001 0.001 0.001 0.106 0.001 0.143 0.022 0.053 0.015 0.000 0.001 0.000 0.002 0.000 0.011 0.001 0.000 0.007 0.001 0.000 0.000 
34 spade_vis 30 0.005 0.038 0.004 0.002 0.001 0.996 0.001 0.993 0.012 0.019 0.002 0.000 0.005 0.000 0.000 0.002 0.000 0.001 0.001 0.002 0.004 0.042 0.010 0.000 0.000 0.007 0.000 0.004 0.000 0.000 0.001 0.000 0.000 0.006 0.000 0.035 0.001 0.001 0.027 0.001 0.879 0.001 0.939 0.005 0.440 0.024 0.001 0.001 0.000 0.206 0.001 0.015 0.003 0.000 0.021 0.001 0.001 0.000 
35 wrench_vis 30 0.003 0.007 0.002 0.001 0.001 0.996 0.001 0.980 0.002 0.002 0.003 0.000 0.000 0.000 0.001 0.001 0.000 0.000 0.000 0.002 0.001 0.002 0.001 0.000 0.000 0.002 0.000 0.003 0.000 0.001 0.001 0.000 0.000 0.002 0.000 0.006 0.001 0.002 0.001 0.001 0.231 0.001 0.306 0.016 0.042 0.036 0.000 0.001 0.001 0.002 0.000 0.040 0.001 0.000 0.010 0.001 0.001 0.000 
36 accordion_vis 30 0.049 0.001 0.761 0.002 0.001 0.989 0.828 0.005 0.000 0.989 0.001 0.000 0.003 0.002 0.001 0.003 0.001 0.080 0.718 0.083 0.003 0.908 0.691 0.000 0.000 0.000 0.000 0.003 0.000 0.001 0.000 0.000 0.009 0.001 0.003 0.572 0.001 0.003 0.804 0.910 0.014 0.000 0.030 0.000 0.759 0.001 0.000 0.012 0.000 0.022 0.004 0.001 0.162 0.707 0.125 0.002 0.002 0.644 
37 cello_vis 30 0.038 0.052 0.010 0.013 0.001 0.992 0.831 0.050 0.000 0.354 0.002 0.000 0.030 0.080 0.000 0.005 0.000 0.140 0.014 0.003 0.002 0.118 0.026 0.044 0.000 0.001 0.000 0.017 0.000 0.001 0.000 0.000 0.005 0.001 0.002 0.182 0.001 0.002 0.133 0.923 0.019 0.001 0.310 0.001 0.161 0.002 0.001 0.001 0.000 0.007 0.030 0.001 0.455 0.621 0.008 0.001 0.001 0.012 
38 flute_vis 30 0.032 0.001 0.782 0.001 0.001 0.995 0.838 0.002 0.022 0.977 0.000 0.000 0.000 0.000 0.113 0.001 0.011 0.001 0.026 0.643 0.002 0.036 0.005 0.000 0.000 0.000 0.000 0.003 0.003 0.003 0.000 0.000 0.001 0.001 0.098 0.005 0.011 0.976 0.074 0.001 0.013 0.000 0.006 0.001 0.001 0.011 0.001 0.670 0.026 0.051 0.000 0.009 0.002 0.001 0.803 0.301 0.047 0.960 
39 guitar_vis 30 0.041 0.000 0.959 0.001 0.001 0.995 0.169 0.002 0.011 0.956 0.001 0.000 0.000 0.000 0.042 0.001 0.003 0.001 0.003 0.926 0.004 0.018 0.007 0.000 0.000 0.000 0.000 0.004 0.001 0.001 0.001 0.000 0.001 0.003 0.030 0.009 0.003 0.980 0.014 0.001 0.053 0.000 0.049 0.024 0.002 0.037 0.000 0.758 0.003 0.007 0.000 0.693 0.003 0.001 0.972 0.328 0.011 0.454 
40 piano_vis 30 0.020 0.001 0.365 0.008 0.001 0.988 0.747 0.007 0.000 0.965 0.001 0.000 0.006 0.002 0.000 0.001 0.000 0.049 0.545 0.017 0.003 0.932 0.666 0.001 0.000 0.000 0.000 0.005 0.000 0.000 0.000 0.000 0.003 0.000 0.002 0.104 0.001 0.001 0.744 0.617 0.010 0.000 0.006 0.001 0.608 0.001 0.000 0.001 0.000 0.001 0.000 0.000 0.214 0.385 0.013 0.001 0.001 0.418 
41 trumpet_vis 30 0.005 0.012 0.002 0.002 0.001 0.996 0.002 0.992 0.006 0.003 0.004 0.000 0.000 0.000 0.000 0.008 0.000 0.001 0.000 0.002 0.002 0.002 0.002 0.000 0.000 0.009 0.000 0.006 0.000 0.000 0.001 0.000 0.000 0.009 0.001 0.078 0.001 0.001 0.001 0.001 0.752 0.001 0.921 0.012 0.101 0.066 0.000 0.001 0.000 0.006 0.000 0.153 0.001 0.000 0.011 0.001 0.001 0.000 
42 fork_vis 30 0.052 0.001 0.627 0.015 0.001 0.950 0.729 0.017 0.000 0.988 0.002 0.000 0.016 0.003 0.000 0.000 0.001 0.068 0.752 0.047 0.009 0.976 0.856 0.001 0.000 0.000 0.000 0.011 0.000 0.000 0.000 0.000 0.004 0.000 0.024 0.085 0.001 0.002 0.911 0.613 0.010 0.000 0.024 0.001 0.874 0.001 0.000 0.005 0.000 0.001 0.000 0.000 0.413 0.675 0.069 0.001 0.002 0.704 
43 spoon_vis 30 0.086 0.001 0.714 0.007 0.001 0.955 0.719 0.023 0.000 0.989 0.003 0.000 0.016 0.003 0.000 0.001 0.001 0.082 0.711 0.059 0.009 0.975 0.822 0.001 0.000 0.000 0.000 0.014 0.000 0.001 0.000 0.000 0.003 0.001 0.033 0.098 0.001 0.004 0.856 0.620 0.008 0.000 0.060 0.001 0.861 0.003 0.000 0.012 0.000 0.001 0.000 0.000 0.467 0.692 0.123 0.003 0.003 0.706 
44 tongs_vis 30 0.034 0.000 0.629 0.019 0.001 0.996 0.925 0.013 0.000 0.938 0.001 0.000 0.001 0.000 0.001 0.000 0.001 0.009 0.005 0.019 0.021 0.859 0.192 0.000 0.001 0.000 0.001 0.024 0.000 0.001 0.000 0.000 0.001 0.001 0.244 0.015 0.001 0.130 0.036 0.007 0.019 0.000 0.006 0.004 0.002 0.015 0.000 0.071 0.000 0.002 0.000 0.000 0.175 0.001 0.138 0.010 0.006 0.562 
45 ladle_vis 30 0.020 0.000 0.831 0.002 0.001 0.996 0.003 0.990 0.000 0.993 0.000 0.000 0.000 0.000 0.000 0.000 0.058 0.011 0.001 0.012 0.104 0.756 0.051 0.000 0.000 0.000 0.000 0.005 0.000 0.001 0.007 0.000 0.001 0.001 0.002 0.003 0.002 0.003 0.001 0.085 0.012 0.010 0.966 0.025 0.409 0.026 0.001 0.017 0.000 0.000 0.000 0.001 0.899 0.196 0.644 0.897 0.001 0.004 
46 knife_vis 30 0.058 0.000 0.759 0.003 0.001 0.996 0.900 0.008 0.002 0.978 0.001 0.000 0.000 0.000 0.017 0.001 0.004 0.006 0.109 0.300 0.007 0.243 0.045 0.000 0.000 0.000 0.000 0.010 0.001 0.001 0.000 0.000 0.001 0.001 0.079 0.016 0.003 0.673 0.243 0.003 0.010 0.000 0.010 0.001 0.003 0.019 0.000 0.412 0.001 0.029 0.000 0.001 0.026 0.003 0.472 0.048 0.010 0.956 
47 chopsticks_vis 30 0.046 0.000 0.504 0.009 0.001 0.996 0.849 0.017 0.000 0.890 0.001 0.000 0.003 0.000 0.000 0.000 0.001 0.019 0.077 0.018 0.009 0.946 0.369 0.000 0.000 0.000 0.000 0.016 0.000 0.001 0.000 0.000 0.001 0.000 0.089 0.019 0.001 0.011 0.166 0.026 0.012 0.000 0.009 0.001 0.027 0.011 0.000 0.016 0.000 0.001 0.000 0.000 0.208 0.003 0.100 0.005 0.003 0.450 
