0 beaver_vis 30 0.996 0.000 0.001 0.924 0.001 0.063 0.000 0.103 0.000 0.000 0.000 0.000 0.033 0.000 0.000 0.000 0.000 0.000 0.021 0.000 0.000 0.000 0.001 0.185 0.714 0.000 0.000 0.112 0.001 0.000 0.005 0.000 0.000 0.000 0.000 0.000 0.000 0.016 0.000 0.001 0.000 0.125 0.000 0.000 0.000 0.001 0.000 0.000 0.000 0.000 0.011 0.000 0.000 0.000 0.000 0.000 0.000 0.000 
1 bear_vis 30 0.984 0.963 0.011 0.000 0.001 0.002 0.000 0.000 0.002 0.000 0.002 0.214 0.013 0.001 0.022 0.001 0.061 0.002 0.001 0.000 0.000 0.000 0.000 0.000 0.001 0.000 0.000 0.000 0.001 0.004 0.000 0.000 0.000 0.000 0.004 0.000 0.000 0.002 0.000 0.000 0.000 0.000 0.000 0.000 0.000 0.000 0.052 0.001 0.000 0.001 0.006 0.000 0.003 0.000 0.000 0.006 0.000 0.000 
2 sheep_vis 30 0.996 0.000 0.005 0.851 0.001 0.075 0.000 0.078 0.000 0.000 0.000 0.000 0.029 0.000 0.000 0.000 0.000 0.000 0.024 0.000 0.000 0.002 0.000 0.047 0.808 0.000 0.000 0.153 0.000 0.000 0.001 0.000 0.000 0.000 0.000 0.000 0.000 0.019 0.000 0.004 0.000 0.122 0.001 0.000 0.000 0.000 0.000 0.000 0.000 0.000 0.007 0.000 0.000 0.000 0.000 0.000 0.000 0.000 
3 buffalo_vis 30 0.994 0.215 0.024 0.053 0.048 0.001 0.000 0.001 0.000 0.000 0.003 0.000 0.436 0.001 0.051 0.000 0.019 0.000 0.209 0.000 0.000 0.000 0.000 0.004 0.405 0.000 0.000 0.117 0.004 0.065 0.002 0.000 0.000 0.001 0.006 0.000 0.000 0.006 0.000 0.000 0.000 0.085 0.000 0.000 0.000 0.000 0.000 0.000 0.000 0.000 0.050 0.000 0.000 0.000 0.000 0.002 0.000 0.000 
4 poodle_vis 30 0.741 0.759 0.000 0.000 0.030 0.005 0.001 0.000 0.002 0.000 0.003 0.003 0.049 0.002 0.365 0.000 0.004 0.000 0.001 0.000 0.000 0.000 0.000 0.001 0.009 0.000 0.000 0.000 0.005 0.260 0.001 0.000 0.000 0.000 0.131 0.000 0.000 0.010 0.000 0.000 0.000 0.004 0.000 0.000 0.000 0.000 0.061 0.001 0.000 0.000 0.148 0.000 0.002 0.000 0.000 0.004 0.000 0.000 
5 giraffe_vis 30 0.994 0.365 0.008 0.004 0.006 0.002 0.000 0.000 0.000 0.000 0.004 0.001 0.337 0.001 0.034 0.000 0.012 0.000 0.082 0.000 0.000 0.000 0.000 0.005 0.174 0.000 0.000 0.013 0.003 0.019 0.000 0.000 0.000 0.000 0.002 0.000 0.000 0.004 0.000 0.000 0.000 0.026 0.000 0.000 0.000 0.000 0.001 0.000 0.000 0.000 0.055 0.000 0.000 0.000 0.000 0.002 0.000 0.000 
6 robin_vis 30 0.994 0.044 0.974 0.000 0.001 0.004 0.000 0.000 0.000 0.001 0.000 0.054 0.000 0.000 0.000 0.000 0.725 0.029 0.052 0.001 0.000 0.001 0.000 0.000 0.000 0.000 0.000 0.000 0.000 0.000 0.000 0.000 0.000 0.000 0.000 0.000 0.000 0.001 0.000 0.000 0.000 0.001 0.000 0.000 0.000 0.003 0.001 0.000 0.000 0.000 0.000 0.000 0.000 0.001 0.000 0.049 0.000 0.000 
7 swan_vis 30 0.995 0.001 0.181 0.130 0.001 0.025 0.000 0.013 0.000 0.000 0.000 0.001 0.058 0.000 0.000 0.000 0.017 0.001 0.255 0.000 0.000 0.001 0.000 0.005 0.291 0.000 0.000 0.071 0.000 0.000 0.000 0.000 0.000 0.000 0.000 0.000 0.000 0.003 0.000 0.000 0.000 0.079 0.002 0.000 0.000 0.001 0.000 0.000 0.000 0.000 0.003 0.000 0.000 0.000 0.000 0.002 0.000 0.000 
8 woodpecker_vis 30 0.992 0.000 0.001 0.000 0.001 0.849 0.000 0.000 0.000 0.000 0.000 0.000 0.000 0.000 0.000 0.000 0.000 0.000 0.000 0.000 0.000 0.000 0.000 0.000 0.000 0.000 0.000 0.000 0.000 0.000 0.000 0.000 0.000 0.000 0.000 0.000 0.000 0.004 0.000 0.000 0.000 0.000 0.000 0.000 0.000 0.000 0.000 0.000 0.000 0.000 0.000 0.000 0.000 0.000 0.000 0.000 0.000 0.000 
9 peacock_vis 30 0.992 0.000 0.001 0.000 0.001 0.740 0.000 0.000 0.000 0.000 0.000 0.000 0.000 0.000 0.000 0.000 0.000 0.000 0.000 0.000 0.000 0.000 0.000 0.000 0.000 0.000 0.000 0.000 0.000 0.000 0.000 0.000 0.000 0.000 0.000 0.000 0.000 0.005 0.000 0.000 0.000 0.000 0.000 0.000 0.000 0.000 0.000 0.000 0.000 0.000 0.000 0.000 0.000 0.000 0.000 0.000 0.000 0.000 
10 crow_vis 30 0.992 0.329 0.063 0.000 0.001 0.226 0.000 0.000 0.000 0.001 0.000 0.035 0.000 0.001 0.000 0.070 0.005 0.060 0.000 0.001 0.002 0.000 0.000 0.000 0.000 0.002 0.000 0.000 0.000 0.000 0.000 0.002 0.001 0.000 0.000 0.000 0.000 0.002 0.000 0.000 0.000 0.000 0.000 0.000 0.000 0.000 0.000 0.001 0.000 0.008 0.000 0.000 0.001 0.000 0.000 0.001 0.000 0.013 
11 eagle_vis 30 0.996 0.000 0.007 0.871 0.001 0.013 0.000 0.122 0.000 0.000 0.000 0.000 0.082 0.000 0.000 0.000 0.001 0.000 0.102 0.000 0.000 0.001 0.000 0.157 0.760 0.000 0.000 0.152 0.001 0.000 0.001 0.000 0.000 0.000 0.000 0.000 0.000 0.009 0.000 0.000 0.000 0.171 0.000 0.000 0.000 0.001 0.000 0.000 0.000 0.000 0.014 0.000 0.000 0.000 0.000 0.000 0.000 0.000 
12 tuna_vis 30 0.008 0.000 0.000 0.000 0.001 0.990 0.082 0.000 0.842 0.000 0.000 0.001 0.000 0.000 0.000 0.000 0.001 0.000 0.000 0.000 0.000 0.000 0.000 0.003 0.000 0.000 0.000 0.000 0.013 0.125 0.000 0.000 0.000 0.000 0.331 0.000 0.039 0.169 0.000 0.000 0.000 0.093 0.000 0.000 0.000 0.007 0.270 0.010 0.000 0.000 0.692 0.000 0.004 0.000 0.000 0.024 0.000 0.000 
13 goldfish_vis 30 0.993 0.020 0.000 0.003 0.975 0.006 0.051 0.000 0.000 0.000 0.006 0.000 0.017 0.000 0.306 0.000 0.000 0.000 0.000 0.000 0.000 0.000 0.005 0.093 0.033 0.000 0.000 0.000 0.292 0.618 0.782 0.000 0.001 0.029 0.008 0.000 0.100 0.046 0.000 0.035 0.000 0.002 0.000 0.000 0.000 0.000 0.000 0.001 0.000 0.000 0.313 0.000 0.000 0.000 0.000 0.000 0.000 0.000 
14 salmon_vis 30 0.904 0.044 0.000 0.000 0.657 0.009 0.006 0.000 0.000 0.000 0.006 0.000 0.057 0.000 0.326 0.000 0.000 0.000 0.001 0.000 0.000 0.000 0.000 0.042 0.082 0.000 0.000 0.000 0.079 0.610 0.167 0.000 0.000 0.005 0.032 0.000 0.023 0.039 0.000 0.017 0.000 0.046 0.000 0.000 0.000 0.001 0.001 0.001 0.000 0.000 0.561 0.000 0.000 0.000 0.000 0.001 0.000 0.000 
15 sardine_vis 30 0.995 0.000 0.005 0.934 0.001 0.058 0.001 0.121 0.000 0.000 0.002 0.000 0.021 0.000 0.000 0.000 0.000 0.000 0.045 0.001 0.000 0.003 0.003 0.449 0.547 0.000 0.000 0.025 0.002 0.000 0.012 0.000 0.000 0.000 0.000 0.000 0.000 0.014 0.000 0.000 0.001 0.084 0.000 0.002 0.000 0.002 0.000 0.000 0.000 0.000 0.016 0.000 0.000 0.000 0.000 0.000 0.000 0.000 
16 catfish_vis 30 0.939 0.074 0.000 0.000 0.002 0.209 0.001 0.000 0.011 0.000 0.001 0.000 0.000 0.000 0.002 0.000 0.000 0.000 0.000 0.000 0.000 0.000 0.000 0.001 0.000 0.000 0.000 0.000 0.006 0.003 0.000 0.000 0.000 0.000 0.001 0.000 0.000 0.012 0.000 0.000 0.000 0.001 0.000 0.000 0.000 0.001 0.000 0.003 0.000 0.000 0.010 0.000 0.000 0.000 0.000 0.001 0.000 0.000 
17 cod_vis 30 0.994 0.000 0.005 0.925 0.001 0.029 0.001 0.133 0.000 0.000 0.003 0.000 0.048 0.000 0.000 0.000 0.000 0.000 0.072 0.001 0.000 0.002 0.001 0.339 0.722 0.000 0.000 0.053 0.002 0.000 0.006 0.000 0.000 0.000 0.000 0.000 0.000 0.013 0.000 0.001 0.000 0.137 0.000 0.001 0.000 0.002 0.000 0.000 0.000 0.000 0.022 0.000 0.000 0.000 0.000 0.000 0.000 0.000 
18 turtle_vis 30 0.994 0.016 0.000 0.001 0.962 0.003 0.047 0.000 0.000 0.000 0.000 0.000 0.033 0.000 0.215 0.000 0.000 0.000 0.000 0.000 0.000 0.000 0.000 0.005 0.130 0.000 0.000 0.001 0.027 0.875 0.349 0.000 0.000 0.090 0.124 0.000 0.017 0.061 0.000 0.213 0.000 0.004 0.000 0.000 0.000 0.000 0.000 0.000 0.000 0.000 0.232 0.000 0.000 0.000 0.000 0.000 0.000 0.000 
19 rattlesnake_vis 30 0.829 0.005 0.000 0.000 0.698 0.024 0.158 0.000 0.000 0.000 0.000 0.000 0.004 0.000 0.052 0.000 0.000 0.000 0.000 0.000 0.000 0.000 0.000 0.001 0.020 0.000 0.000 0.000 0.005 0.606 0.050 0.000 0.000 0.035 0.147 0.000 0.024 0.050 0.000 0.145 0.000 0.009 0.000 0.000 0.000 0.000 0.000 0.000 0.000 0.000 0.156 0.000 0.000 0.000 0.000 0.000 0.000 0.000 
20 crab_vis 30 0.995 0.001 0.000 0.124 0.313 0.023 0.003 0.001 0.000 0.000 0.000 0.000 0.012 0.000 0.004 0.000 0.000 0.000 0.000 0.000 0.000 0.000 0.000 0.016 0.395 0.000 0.000 0.017 0.008 0.164 0.093 0.000 0.000 0.012 0.005 0.000 0.001 0.040 0.000 0.048 0.000 0.023 0.000 0.000 0.000 0.000 0.000 0.000 0.000 0.000 0.058 0.000 0.000 0.000 0.000 0.000 0.000 0.000 
21 frog_vis 30 0.995 0.001 0.058 0.829 0.024 0.008 0.001 0.135 0.000 0.000 0.000 0.000 0.695 0.000 0.000 0.000 0.016 0.000 0.574 0.000 0.000 0.002 0.000 0.034 0.879 0.000 0.000 0.667 0.001 0.005 0.004 0.000 0.000 0.001 0.000 0.000 0.000 0.010 0.000 0.002 0.000 0.464 0.020 0.000 0.000 0.001 0.000 0.000 0.000 0.000 0.032 0.000 0.000 0.000 0.000 0.001 0.000 0.000 
22 gecko_vis 30 0.993 0.019 0.000 0.001 0.972 0.003 0.055 0.000 0.000 0.000 0.000 0.000 0.029 0.000 0.258 0.000 0.000 0.000 0.000 0.000 0.000 0.000 0.000 0.005 0.101 0.000 0.000 0.001 0.029 0.888 0.331 0.000 0.000 0.074 0.126 0.000 0.022 0.058 0.000 0.184 0.000 0.003 0.000 0.000 0.000 0.000 0.000 0.000 0.000 0.000 0.242 0.000 0.000 0.000 0.000 0.000 0.000 0.000 
23 crocodile_vis 30 0.989 0.018 0.000 0.000 0.960 0.005 0.062 0.000 0.000 0.000 0.000 0.000 0.027 0.000 0.252 0.000 0.000 0.000 0.000 0.000 0.000 0.000 0.000 0.004 0.100 0.000 0.000 0.001 0.022 0.889 0.283 0.000 0.000 0.073 0.146 0.000 0.021 0.058 0.000 0.202 0.000 0.003 0.000 0.000 0.000 0.000 0.000 0.000 0.000 0.000 0.231 0.000 0.000 0.000 0.000 0.000 0.000 0.000 
24 axe_vis 30 0.002 0.000 0.000 0.000 0.002 0.995 0.993 0.006 0.007 0.000 0.000 0.000 0.000 0.000 0.000 0.000 0.000 0.000 0.000 0.000 0.000 0.000 0.000 0.001 0.014 0.000 0.000 0.000 0.001 0.569 0.002 0.000 0.000 0.002 0.915 0.000 0.781 0.305 0.007 0.914 0.001 0.587 0.000 0.000 0.004 0.001 0.118 0.000 0.000 0.000 0.678 0.000 0.010 0.000 0.000 0.014 0.000 0.000 
25 hammer_vis 30 0.918 0.356 0.435 0.009 0.001 0.061 0.024 0.000 0.000 0.005 0.008 0.003 0.200 0.000 0.000 0.000 0.024 0.010 0.173 0.002 0.002 0.020 0.000 0.002 0.033 0.001 0.000 0.008 0.001 0.000 0.000 0.001 0.000 0.000 0.009 0.001 0.000 0.007 0.003 0.001 0.000 0.011 0.001 0.000 0.006 0.001 0.001 0.000 0.000 0.000 0.008 0.000 0.008 0.002 0.000 0.007 0.001 0.001 
26 screwdriver_vis 30 0.002 0.000 0.000 0.000 0.039 0.994 0.993 0.002 0.001 0.001 0.000 0.000 0.000 0.000 0.000 0.000 0.000 0.000 0.000 0.000 0.000 0.000 0.001 0.000 0.001 0.000 0.125 0.002 0.000 0.248 0.001 0.020 0.000 0.412 0.951 0.002 0.229 0.268 0.931 0.951 0.026 0.008 0.000 0.000 0.805 0.000 0.016 0.000 0.005 0.000 0.002 0.000 0.244 0.001 0.000 0.001 0.005 0.000 
27 chisel_vis 30 0.002 0.000 0.000 0.000 0.001 0.995 0.951 0.496 0.000 0.001 0.000 0.000 0.000 0.000 0.000 0.000 0.000 0.000 0.000 0.000 0.000 0.000 0.000 0.000 0.004 0.000 0.020 0.006 0.000 0.008 0.000 0.001 0.000 0.024 0.429 0.000 0.002 0.201 0.146 0.915 0.074 0.093 0.001 0.000 0.673 0.000 0.002 0.000 0.000 0.000 0.001 0.000 0.028 0.001 0.000 0.003 0.002 0.000 
28 saw_vis 30 0.002 0.000 0.000 0.000 0.032 0.994 0.993 0.002 0.001 0.001 0.000 0.000 0.000 0.000 0.000 0.000 0.000 0.000 0.000 0.000 0.001 0.000 0.001 0.000 0.000 0.000 0.175 0.002 0.000 0.180 0.001 0.030 0.000 0.411 0.947 0.003 0.174 0.247 0.963 0.931 0.027 0.004 0.000 0.000 0.875 0.000 0.013 0.000 0.011 0.000 0.000 0.000 0.302 0.001 0.000 0.001 0.007 0.000 
29 drill_vis 30 0.002 0.000 0.000 0.000 0.027 0.994 0.993 0.005 0.000 0.001 0.000 0.000 0.000 0.000 0.000 0.000 0.000 0.000 0.000 0.000 0.001 0.000 0.001 0.000 0.001 0.000 0.198 0.003 0.000 0.132 0.001 0.027 0.000 0.396 0.922 0.004 0.141 0.244 0.957 0.955 0.044 0.005 0.000 0.000 0.889 0.000 0.008 0.000 0.007 0.000 0.000 0.000 0.228 0.001 0.000 0.001 0.007 0.000 
30 clamp_vis 30 0.002 0.000 0.000 0.000 0.001 0.996 0.856 0.688 0.000 0.002 0.000 0.000 0.000 0.000 0.000 0.000 0.000 0.000 0.000 0.000 0.000 0.000 0.001 0.005 0.016 0.000 0.004 0.002 0.000 0.008 0.001 0.000 0.000 0.006 0.105 0.000 0.003 0.248 0.013 0.743 0.057 0.345 0.001 0.002 0.089 0.002 0.001 0.000 0.000 0.000 0.049 0.000 0.004 0.001 0.000 0.004 0.001 0.000 
31 hoe_vis 30 0.002 0.000 0.000 0.000 0.001 0.996 0.889 0.005 0.135 0.001 0.000 0.001 0.000 0.000 0.001 0.000 0.001 0.000 0.000 0.000 0.000 0.000 0.000 0.007 0.017 0.000 0.000 0.000 0.004 0.569 0.001 0.000 0.000 0.000 0.767 0.000 0.730 0.298 0.000 0.606 0.000 0.747 0.000 0.000 0.000 0.003 0.208 0.001 0.000 0.000 0.908 0.000 0.003 0.000 0.000 0.032 0.000 0.000 
32 rake_vis 30 0.878 0.000 0.230 0.764 0.001 0.015 0.000 0.578 0.000 0.002 0.000 0.000 0.301 0.000 0.000 0.000 0.117 0.000 0.526 0.000 0.000 0.006 0.000 0.013 0.877 0.000 0.000 0.640 0.000 0.000 0.000 0.000 0.000 0.000 0.000 0.000 0.000 0.008 0.000 0.001 0.000 0.511 0.279 0.000 0.002 0.007 0.000 0.000 0.000 0.000 0.009 0.000 0.000 0.007 0.000 0.053 0.000 0.000 
33 shovel_vis 30 0.002 0.000 0.000 0.001 0.001 0.996 0.855 0.769 0.000 0.004 0.000 0.000 0.000 0.000 0.000 0.000 0.000 0.000 0.000 0.000 0.001 0.000 0.000 0.000 0.002 0.000 0.073 0.013 0.000 0.001 0.000 0.001 0.000 0.020 0.171 0.001 0.000 0.177 0.041 0.772 0.123 0.047 0.002 0.000 0.792 0.000 0.001 0.000 0.000 0.000 0.000 0.000 0.021 0.002 0.000 0.003 0.011 0.000 
34 spade_vis 30 0.966 0.008 0.795 0.001 0.001 0.114 0.001 0.000 0.002 0.007 0.000 0.002 0.000 0.000 0.000 0.000 0.002 0.308 0.000 0.013 0.417 0.214 0.000 0.000 0.000 0.249 0.001 0.000 0.000 0.000 0.000 0.008 0.001 0.000 0.000 0.000 0.000 0.002 0.000 0.000 0.000 0.000 0.006 0.000 0.001 0.000 0.000 0.000 0.000 0.000 0.000 0.001 0.000 0.005 0.066 0.001 0.004 0.022 
35 wrench_vis 30 0.002 0.000 0.000 0.000 0.001 0.996 0.872 0.217 0.001 0.000 0.000 0.000 0.000 0.000 0.000 0.000 0.001 0.000 0.001 0.000 0.000 0.000 0.000 0.004 0.025 0.000 0.000 0.000 0.001 0.095 0.000 0.000 0.000 0.000 0.464 0.000 0.154 0.241 0.000 0.718 0.001 0.854 0.000 0.000 0.001 0.003 0.042 0.000 0.000 0.000 0.716 0.000 0.002 0.000 0.000 0.041 0.000 0.000 
36 accordion_vis 30 0.002 0.000 0.000 0.000 0.001 0.996 0.013 0.000 0.990 0.001 0.005 0.031 0.000 0.000 0.000 0.001 0.001 0.000 0.000 0.047 0.000 0.000 0.000 0.018 0.000 0.000 0.000 0.000 0.171 0.005 0.000 0.000 0.000 0.000 0.011 0.000 0.044 0.094 0.000 0.000 0.000 0.019 0.000 0.007 0.000 0.251 0.154 0.740 0.000 0.045 0.657 0.046 0.003 0.000 0.000 0.066 0.000 0.000 
37 cello_vis 30 0.002 0.000 0.000 0.000 0.001 0.996 0.003 0.000 0.991 0.001 0.007 0.028 0.000 0.000 0.000 0.001 0.001 0.000 0.000 0.063 0.000 0.000 0.000 0.022 0.000 0.000 0.000 0.000 0.223 0.004 0.000 0.000 0.000 0.000 0.005 0.000 0.026 0.093 0.000 0.000 0.000 0.012 0.000 0.010 0.000 0.285 0.131 0.802 0.000 0.040 0.676 0.064 0.001 0.000 0.000 0.061 0.000 0.000 
38 flute_vis 30 0.002 0.000 0.000 0.000 0.001 0.996 0.811 0.001 0.361 0.000 0.000 0.000 0.000 0.000 0.000 0.000 0.001 0.000 0.000 0.000 0.000 0.000 0.000 0.003 0.001 0.000 0.000 0.000 0.002 0.274 0.000 0.000 0.000 0.000 0.727 0.000 0.449 0.217 0.000 0.127 0.000 0.527 0.000 0.000 0.001 0.003 0.338 0.001 0.000 0.000 0.784 0.000 0.010 0.000 0.000 0.055 0.000 0.000 
39 guitar_vis 30 0.002 0.000 0.000 0.000 0.001 0.996 0.652 0.001 0.832 0.002 0.000 0.001 0.000 0.000 0.000 0.000 0.001 0.000 0.000 0.000 0.000 0.000 0.000 0.008 0.000 0.000 0.000 0.000 0.010 0.138 0.000 0.000 0.000 0.000 0.298 0.000 0.440 0.189 0.000 0.008 0.000 0.384 0.000 0.001 0.000 0.011 0.234 0.009 0.000 0.001 0.827 0.000 0.007 0.000 0.000 0.058 0.000 0.000 
40 piano_vis 30 0.002 0.000 0.000 0.000 0.001 0.996 0.003 0.000 0.981 0.000 0.000 0.010 0.000 0.000 0.000 0.000 0.002 0.000 0.000 0.003 0.000 0.000 0.000 0.001 0.000 0.000 0.000 0.000 0.014 0.051 0.000 0.000 0.000 0.000 0.270 0.000 0.002 0.134 0.000 0.000 0.000 0.022 0.000 0.000 0.000 0.021 0.520 0.110 0.000 0.010 0.420 0.002 0.010 0.000 0.000 0.037 0.000 0.000 
41 trumpet_vis 30 0.002 0.000 0.000 0.000 0.002 0.996 0.848 0.004 0.707 0.000 0.000 0.000 0.000 0.000 0.001 0.000 0.000 0.000 0.000 0.000 0.000 0.000 0.000 0.122 0.002 0.000 0.000 0.000 0.076 0.239 0.010 0.000 0.000 0.000 0.121 0.000 0.805 0.246 0.000 0.084 0.000 0.582 0.000 0.013 0.000 0.028 0.039 0.030 0.000 0.000 0.929 0.001 0.000 0.000 0.000 0.025 0.000 0.000 
42 fork_vis 30 0.002 0.000 0.002 0.000 0.001 0.996 0.001 0.000 0.021 0.844 0.000 0.002 0.000 0.000 0.000 0.000 0.003 0.004 0.000 0.000 0.002 0.000 0.000 0.000 0.000 0.000 0.000 0.000 0.000 0.000 0.000 0.000 0.000 0.000 0.011 0.000 0.000 0.015 0.000 0.000 0.000 0.000 0.000 0.000 0.042 0.001 0.082 0.000 0.000 0.001 0.000 0.000 0.199 0.241 0.002 0.062 0.034 0.019 
43 spoon_vis 30 0.041 0.000 0.001 0.000 0.001 0.994 0.001 0.000 0.172 0.719 0.000 0.008 0.000 0.000 0.000 0.001 0.001 0.003 0.000 0.000 0.001 0.000 0.000 0.000 0.000 0.000 0.000 0.000 0.000 0.000 0.000 0.001 0.000 0.000 0.059 0.000 0.000 0.013 0.000 0.000 0.000 0.000 0.000 0.000 0.017 0.000 0.122 0.000 0.017 0.053 0.000 0.000 0.451 0.059 0.000 0.010 0.009 0.058 
44 tongs_vis 30 0.002 0.000 0.000 0.000 0.001 0.996 0.001 0.000 0.239 0.832 0.000 0.008 0.000 0.000 0.000 0.006 0.001 0.013 0.000 0.000 0.002 0.000 0.000 0.000 0.000 0.001 0.000 0.000 0.000 0.000 0.000 0.035 0.001 0.000 0.018 0.000 0.000 0.046 0.000 0.000 0.000 0.000 0.000 0.000 0.016 0.001 0.024 0.000 0.196 0.156 0.000 0.003 0.378 0.016 0.007 0.005 0.139 0.390 
45 ladle_vis 30 0.039 0.000 0.012 0.000 0.001 0.995 0.000 0.002 0.000 0.842 0.000 0.001 0.000 0.000 0.000 0.000 0.003 0.005 0.000 0.000 0.003 0.000 0.000 0.000 0.000 0.000 0.000 0.000 0.000 0.000 0.000 0.000 0.000 0.000 0.000 0.000 0.000 0.007 0.000 0.000 0.000 0.000 0.000 0.000 0.059 0.001 0.002 0.000 0.000 0.000 0.000 0.000 0.083 0.346 0.004 0.032 0.052 0.012 
46 knife_vis 30 0.002 0.000 0.002 0.000 0.001 0.996 0.000 0.002 0.010 0.990 0.000 0.003 0.000 0.000 0.000 0.000 0.013 0.002 0.000 0.000 0.000 0.000 0.000 0.000 0.000 0.000 0.000 0.000 0.000 0.000 0.000 0.000 0.000 0.000 0.002 0.000 0.000 0.012 0.000 0.000 0.000 0.000 0.000 0.000 0.019 0.002 0.090 0.000 0.000 0.001 0.000 0.000 0.195 0.615 0.001 0.306 0.007 0.004 
47 chopsticks_vis 30 0.002 0.000 0.000 0.000 0.001 0.995 0.001 0.000 0.010 0.838 0.000 0.002 0.000 0.000 0.000 0.001 0.001 0.006 0.000 0.000 0.009 0.000 0.000 0.000 0.000 0.000 0.000 0.000 0.000 0.000 0.000 0.027 0.000 0.000 0.081 0.000 0.000 0.024 0.001 0.000 0.000 0.000 0.000 0.000 0.122 0.000 0.031 0.000 0.032 0.013 0.000 0.000 0.629 0.054 0.001 0.004 0.175 0.128 
