0 beaver_vis 30 0.297 0.002 0.833 0.012 0.004 0.120 0.004 0.016 0.002 0.696 0.009 0.003 0.002 0.003 0.003 0.002 0.812 0.447 0.225 0.528 0.685 0.144 0.683 0.005 0.039 0.016 0.257 0.002 0.004 0.008 0.006 0.020 0.059 0.013 0.046 0.004 0.005 0.005 0.088 0.004 0.012 0.022 0.008 0.016 0.004 0.012 0.002 0.057 0.004 0.008 0.007 0.010 0.368 0.099 0.003 0.110 0.266 0.809 
1 bear_vis 30 0.470 0.002 0.877 0.012 0.004 0.085 0.003 0.016 0.002 0.690 0.009 0.004 0.003 0.004 0.004 0.002 0.857 0.513 0.292 0.631 0.764 0.219 0.604 0.005 0.106 0.029 0.395 0.001 0.006 0.007 0.005 0.055 0.048 0.012 0.046 0.003 0.005 0.006 0.101 0.004 0.013 0.020 0.009 0.018 0.004 0.016 0.002 0.067 0.005 0.007 0.007 0.011 0.319 0.096 0.003 0.114 0.320 0.844 
2 sheep_vis 30 0.182 0.002 0.791 0.011 0.005 0.157 0.004 0.016 0.002 0.683 0.008 0.003 0.002 0.003 0.003 0.002 0.754 0.400 0.183 0.466 0.600 0.104 0.704 0.005 0.018 0.011 0.163 0.002 0.003 0.009 0.007 0.011 0.070 0.014 0.039 0.004 0.005 0.005 0.081 0.004 0.012 0.024 0.008 0.014 0.004 0.010 0.002 0.057 0.004 0.008 0.009 0.010 0.389 0.098 0.003 0.109 0.218 0.769 
3 buffalo_vis 30 0.434 0.002 0.866 0.012 0.004 0.090 0.004 0.017 0.002 0.685 0.010 0.004 0.003 0.004 0.004 0.002 0.844 0.506 0.278 0.613 0.745 0.205 0.612 0.005 0.089 0.027 0.366 0.001 0.006 0.007 0.005 0.047 0.052 0.013 0.045 0.004 0.005 0.006 0.099 0.005 0.014 0.022 0.010 0.019 0.004 0.016 0.002 0.066 0.005 0.008 0.007 0.012 0.322 0.099 0.003 0.115 0.311 0.831 
4 poodle_vis 30 0.437 0.002 0.870 0.012 0.004 0.091 0.004 0.017 0.002 0.698 0.009 0.003 0.003 0.004 0.004 0.002 0.852 0.495 0.278 0.615 0.751 0.202 0.595 0.005 0.088 0.025 0.352 0.001 0.005 0.007 0.005 0.044 0.051 0.012 0.038 0.004 0.005 0.007 0.100 0.004 0.014 0.020 0.009 0.019 0.004 0.014 0.002 0.062 0.005 0.007 0.007 0.011 0.330 0.093 0.003 0.111 0.321 0.840 
5 giraffe_vis 30 0.445 0.002 0.871 0.012 0.004 0.088 0.004 0.017 0.002 0.695 0.009 0.004 0.003 0.004 0.004 0.002 0.850 0.508 0.283 0.624 0.756 0.213 0.609 0.005 0.096 0.028 0.374 0.001 0.006 0.007 0.005 0.050 0.051 0.013 0.046 0.004 0.005 0.006 0.101 0.005 0.014 0.020 0.010 0.019 0.004 0.016 0.002 0.066 0.005 0.007 0.007 0.011 0.326 0.098 0.003 0.112 0.320 0.839 
6 robin_vis 30 0.208 0.002 0.806 0.012 0.004 0.164 0.004 0.015 0.002 0.684 0.008 0.003 0.002 0.003 0.003 0.002 0.778 0.403 0.204 0.470 0.614 0.106 0.699 0.005 0.022 0.012 0.188 0.002 0.003 0.008 0.006 0.012 0.064 0.013 0.037 0.004 0.005 0.005 0.086 0.004 0.012 0.024 0.007 0.015 0.004 0.010 0.002 0.053 0.004 0.008 0.008 0.010 0.376 0.097 0.003 0.106 0.240 0.785 
7 swan_vis 30 0.474 0.002 0.873 0.013 0.003 0.092 0.003 0.017 0.002 0.652 0.010 0.003 0.003 0.003 0.004 0.002 0.858 0.521 0.287 0.602 0.751 0.196 0.610 0.005 0.100 0.029 0.419 0.001 0.006 0.007 0.004 0.051 0.043 0.010 0.041 0.003 0.004 0.006 0.099 0.004 0.014 0.025 0.008 0.018 0.003 0.013 0.002 0.065 0.004 0.008 0.006 0.011 0.299 0.095 0.002 0.117 0.294 0.839 
8 woodpecker_vis 30 0.216 0.002 0.814 0.010 0.005 0.151 0.004 0.014 0.002 0.696 0.008 0.003 0.002 0.003 0.003 0.002 0.779 0.412 0.198 0.490 0.618 0.115 0.686 0.004 0.023 0.012 0.178 0.002 0.003 0.008 0.006 0.013 0.068 0.013 0.032 0.004 0.005 0.005 0.087 0.004 0.011 0.026 0.006 0.013 0.004 0.010 0.002 0.060 0.003 0.008 0.008 0.010 0.383 0.093 0.003 0.118 0.226 0.787 
9 peacock_vis 30 0.488 0.002 0.885 0.011 0.003 0.085 0.003 0.015 0.002 0.684 0.009 0.003 0.003 0.003 0.003 0.002 0.868 0.509 0.294 0.631 0.766 0.216 0.578 0.004 0.110 0.028 0.399 0.001 0.006 0.006 0.004 0.056 0.046 0.010 0.036 0.003 0.004 0.006 0.104 0.004 0.012 0.022 0.008 0.017 0.003 0.014 0.002 0.069 0.004 0.008 0.006 0.010 0.312 0.089 0.003 0.121 0.309 0.850 
10 crow_vis 30 0.480 0.002 0.881 0.011 0.004 0.085 0.003 0.015 0.002 0.680 0.009 0.003 0.003 0.003 0.003 0.002 0.862 0.510 0.291 0.629 0.761 0.214 0.578 0.005 0.108 0.028 0.394 0.001 0.006 0.007 0.004 0.056 0.047 0.011 0.036 0.003 0.005 0.006 0.103 0.004 0.012 0.023 0.008 0.017 0.003 0.014 0.002 0.069 0.004 0.008 0.006 0.010 0.309 0.090 0.003 0.122 0.308 0.845 
11 eagle_vis 30 0.319 0.002 0.846 0.012 0.004 0.135 0.004 0.015 0.002 0.693 0.009 0.003 0.002 0.003 0.003 0.002 0.830 0.435 0.247 0.527 0.681 0.137 0.641 0.005 0.044 0.017 0.257 0.001 0.003 0.007 0.005 0.020 0.054 0.011 0.030 0.004 0.005 0.005 0.096 0.004 0.013 0.022 0.007 0.017 0.004 0.010 0.002 0.050 0.004 0.008 0.007 0.010 0.350 0.090 0.003 0.105 0.284 0.823 
12 tuna_vis 30 0.321 0.002 0.846 0.010 0.004 0.111 0.004 0.014 0.002 0.710 0.008 0.003 0.002 0.003 0.003 0.002 0.820 0.462 0.228 0.556 0.703 0.162 0.697 0.004 0.046 0.017 0.278 0.001 0.004 0.007 0.005 0.024 0.059 0.012 0.054 0.004 0.005 0.005 0.088 0.004 0.011 0.021 0.008 0.014 0.003 0.012 0.002 0.066 0.004 0.007 0.008 0.009 0.377 0.100 0.003 0.117 0.256 0.819 
13 goldfish_vis 30 0.460 0.002 0.878 0.011 0.003 0.090 0.003 0.015 0.002 0.698 0.009 0.003 0.003 0.003 0.003 0.002 0.859 0.504 0.289 0.624 0.758 0.211 0.600 0.004 0.098 0.027 0.376 0.001 0.005 0.006 0.004 0.049 0.048 0.011 0.039 0.003 0.005 0.006 0.101 0.004 0.012 0.020 0.008 0.017 0.004 0.014 0.002 0.064 0.005 0.007 0.007 0.010 0.325 0.094 0.003 0.114 0.315 0.847 
14 salmon_vis 30 0.254 0.002 0.831 0.009 0.004 0.135 0.004 0.013 0.002 0.711 0.007 0.003 0.002 0.003 0.003 0.002 0.803 0.425 0.206 0.511 0.662 0.130 0.705 0.004 0.029 0.013 0.211 0.002 0.003 0.007 0.005 0.015 0.063 0.012 0.044 0.004 0.005 0.005 0.087 0.004 0.010 0.021 0.006 0.013 0.003 0.010 0.002 0.059 0.003 0.007 0.008 0.009 0.393 0.094 0.003 0.113 0.236 0.808 
15 sardine_vis 30 0.155 0.002 0.788 0.009 0.005 0.170 0.004 0.014 0.002 0.703 0.007 0.003 0.002 0.003 0.003 0.002 0.744 0.386 0.173 0.462 0.586 0.101 0.711 0.004 0.015 0.009 0.134 0.002 0.003 0.008 0.007 0.009 0.076 0.014 0.038 0.004 0.005 0.005 0.079 0.004 0.011 0.022 0.007 0.012 0.004 0.010 0.002 0.056 0.003 0.007 0.009 0.010 0.413 0.096 0.003 0.110 0.212 0.770 
16 catfish_vis 30 0.389 0.002 0.865 0.010 0.003 0.103 0.004 0.014 0.002 0.705 0.008 0.003 0.002 0.003 0.003 0.002 0.846 0.469 0.255 0.573 0.727 0.173 0.635 0.004 0.064 0.019 0.309 0.001 0.004 0.007 0.005 0.029 0.052 0.010 0.037 0.004 0.005 0.005 0.096 0.004 0.011 0.020 0.007 0.015 0.003 0.011 0.002 0.059 0.004 0.007 0.007 0.009 0.351 0.091 0.003 0.112 0.281 0.837 
17 cod_vis 30 0.244 0.002 0.825 0.010 0.004 0.136 0.004 0.014 0.002 0.710 0.007 0.003 0.002 0.003 0.003 0.002 0.794 0.425 0.205 0.514 0.656 0.130 0.704 0.004 0.028 0.013 0.204 0.002 0.003 0.008 0.006 0.015 0.065 0.013 0.043 0.004 0.005 0.005 0.086 0.004 0.011 0.021 0.007 0.013 0.004 0.010 0.002 0.060 0.004 0.007 0.008 0.009 0.394 0.096 0.003 0.112 0.239 0.802 
18 turtle_vis 30 0.441 0.002 0.880 0.009 0.003 0.091 0.003 0.014 0.001 0.714 0.007 0.003 0.002 0.003 0.003 0.002 0.857 0.483 0.272 0.617 0.748 0.194 0.565 0.004 0.079 0.020 0.312 0.001 0.005 0.006 0.004 0.037 0.051 0.010 0.025 0.004 0.004 0.005 0.101 0.004 0.011 0.019 0.006 0.015 0.004 0.011 0.002 0.060 0.004 0.006 0.006 0.009 0.345 0.084 0.003 0.112 0.294 0.849 
19 rattlesnake_vis 30 0.407 0.001 0.887 0.007 0.003 0.128 0.002 0.013 0.001 0.740 0.006 0.002 0.002 0.003 0.002 0.001 0.855 0.443 0.281 0.611 0.701 0.171 0.466 0.004 0.059 0.015 0.205 0.001 0.003 0.004 0.003 0.025 0.052 0.008 0.008 0.004 0.005 0.006 0.101 0.004 0.010 0.017 0.004 0.015 0.004 0.007 0.002 0.045 0.003 0.005 0.006 0.008 0.347 0.073 0.002 0.102 0.315 0.855 
20 crab_vis 30 0.475 0.002 0.885 0.010 0.003 0.085 0.003 0.014 0.002 0.703 0.008 0.003 0.003 0.003 0.003 0.002 0.865 0.491 0.288 0.630 0.764 0.208 0.561 0.004 0.097 0.024 0.354 0.001 0.005 0.006 0.004 0.046 0.048 0.010 0.029 0.003 0.004 0.006 0.106 0.004 0.011 0.019 0.007 0.016 0.004 0.012 0.002 0.063 0.004 0.006 0.007 0.009 0.330 0.085 0.003 0.112 0.306 0.853 
21 frog_vis 30 0.203 0.002 0.825 0.006 0.003 0.180 0.003 0.014 0.002 0.740 0.007 0.002 0.002 0.003 0.002 0.001 0.765 0.422 0.206 0.518 0.585 0.116 0.607 0.004 0.017 0.008 0.116 0.001 0.002 0.005 0.005 0.009 0.071 0.010 0.011 0.004 0.006 0.004 0.078 0.004 0.010 0.020 0.004 0.013 0.005 0.007 0.002 0.045 0.003 0.005 0.008 0.009 0.404 0.090 0.002 0.108 0.251 0.795 
22 gecko_vis 30 0.255 0.001 0.836 0.008 0.004 0.125 0.004 0.013 0.002 0.730 0.006 0.003 0.002 0.003 0.002 0.002 0.802 0.432 0.202 0.534 0.676 0.140 0.708 0.003 0.029 0.012 0.200 0.002 0.003 0.007 0.006 0.015 0.067 0.013 0.045 0.004 0.004 0.004 0.086 0.003 0.009 0.020 0.007 0.012 0.003 0.010 0.002 0.064 0.003 0.006 0.008 0.008 0.415 0.093 0.003 0.116 0.234 0.814 
23 crocodile_vis 30 0.453 0.002 0.880 0.009 0.003 0.085 0.003 0.014 0.001 0.713 0.008 0.003 0.003 0.003 0.003 0.002 0.858 0.498 0.272 0.623 0.759 0.206 0.590 0.004 0.087 0.022 0.345 0.001 0.005 0.006 0.004 0.043 0.050 0.010 0.033 0.003 0.004 0.005 0.099 0.004 0.011 0.020 0.007 0.015 0.003 0.012 0.002 0.065 0.004 0.006 0.006 0.009 0.344 0.089 0.003 0.117 0.294 0.849 
24 axe_vis 30 0.040 0.002 0.692 0.007 0.003 0.601 0.003 0.014 0.002 0.748 0.007 0.002 0.002 0.003 0.003 0.001 0.528 0.264 0.193 0.336 0.209 0.047 0.460 0.006 0.004 0.004 0.020 0.001 0.001 0.004 0.003 0.003 0.094 0.008 0.002 0.007 0.011 0.006 0.054 0.006 0.013 0.020 0.003 0.018 0.013 0.003 0.003 0.019 0.004 0.005 0.009 0.014 0.374 0.098 0.002 0.091 0.307 0.710 
25 hammer_vis 30 0.047 0.002 0.736 0.007 0.003 0.549 0.002 0.014 0.002 0.765 0.007 0.002 0.002 0.003 0.002 0.001 0.591 0.290 0.201 0.383 0.268 0.053 0.494 0.005 0.004 0.004 0.024 0.001 0.001 0.004 0.003 0.003 0.096 0.008 0.002 0.007 0.010 0.006 0.062 0.006 0.013 0.019 0.003 0.017 0.012 0.004 0.002 0.022 0.004 0.005 0.009 0.013 0.400 0.093 0.002 0.094 0.313 0.743 
26 screwdriver_vis 30 0.036 0.002 0.673 0.006 0.003 0.615 0.002 0.014 0.002 0.754 0.007 0.002 0.002 0.003 0.002 0.001 0.466 0.256 0.182 0.333 0.180 0.047 0.415 0.005 0.004 0.004 0.016 0.001 0.001 0.004 0.003 0.002 0.101 0.008 0.001 0.007 0.012 0.006 0.048 0.006 0.012 0.019 0.002 0.016 0.016 0.003 0.003 0.019 0.004 0.005 0.009 0.014 0.371 0.098 0.002 0.094 0.300 0.690 
27 chisel_vis 30 0.051 0.002 0.750 0.006 0.003 0.566 0.002 0.015 0.002 0.766 0.007 0.002 0.002 0.003 0.002 0.001 0.602 0.307 0.206 0.386 0.264 0.049 0.484 0.005 0.004 0.004 0.025 0.001 0.001 0.004 0.003 0.003 0.086 0.007 0.002 0.006 0.009 0.005 0.061 0.005 0.014 0.019 0.002 0.018 0.012 0.003 0.002 0.019 0.003 0.004 0.008 0.014 0.401 0.089 0.002 0.087 0.314 0.755 
28 saw_vis 30 0.036 0.002 0.666 0.006 0.003 0.617 0.002 0.014 0.002 0.746 0.007 0.002 0.002 0.003 0.002 0.001 0.468 0.254 0.185 0.322 0.176 0.046 0.418 0.006 0.004 0.004 0.016 0.001 0.001 0.004 0.003 0.002 0.097 0.008 0.002 0.007 0.012 0.006 0.049 0.006 0.013 0.019 0.002 0.016 0.016 0.003 0.003 0.018 0.004 0.005 0.009 0.014 0.366 0.101 0.002 0.091 0.299 0.684 
29 drill_vis 30 0.044 0.002 0.710 0.007 0.003 0.567 0.003 0.014 0.002 0.750 0.008 0.002 0.002 0.003 0.003 0.001 0.550 0.281 0.199 0.356 0.226 0.052 0.468 0.006 0.004 0.004 0.022 0.001 0.001 0.004 0.003 0.003 0.095 0.008 0.002 0.007 0.011 0.006 0.056 0.006 0.013 0.019 0.003 0.017 0.013 0.003 0.003 0.020 0.004 0.005 0.009 0.014 0.387 0.099 0.002 0.093 0.307 0.711 
30 clamp_vis 30 0.477 0.002 0.861 0.012 0.003 0.091 0.002 0.027 0.001 0.622 0.012 0.004 0.002 0.004 0.004 0.002 0.830 0.535 0.262 0.609 0.741 0.165 0.547 0.007 0.076 0.026 0.357 0.001 0.005 0.006 0.006 0.038 0.039 0.012 0.021 0.003 0.004 0.005 0.090 0.004 0.019 0.020 0.010 0.024 0.006 0.011 0.002 0.047 0.004 0.005 0.006 0.016 0.300 0.081 0.002 0.082 0.286 0.829 
31 hoe_vis 30 0.250 0.002 0.820 0.009 0.003 0.225 0.002 0.024 0.002 0.673 0.011 0.003 0.002 0.003 0.003 0.001 0.764 0.454 0.243 0.505 0.555 0.095 0.510 0.007 0.020 0.011 0.139 0.001 0.002 0.005 0.004 0.010 0.046 0.009 0.005 0.004 0.006 0.005 0.075 0.005 0.018 0.020 0.005 0.022 0.008 0.006 0.002 0.029 0.004 0.004 0.006 0.017 0.326 0.089 0.002 0.076 0.293 0.790 
32 rake_vis 30 0.508 0.002 0.868 0.012 0.003 0.085 0.002 0.026 0.001 0.620 0.012 0.004 0.002 0.004 0.004 0.002 0.840 0.542 0.271 0.620 0.756 0.179 0.547 0.007 0.090 0.028 0.392 0.001 0.006 0.006 0.005 0.045 0.037 0.011 0.024 0.003 0.004 0.005 0.089 0.004 0.018 0.020 0.010 0.023 0.005 0.012 0.002 0.049 0.004 0.005 0.005 0.015 0.292 0.082 0.002 0.084 0.291 0.835 
33 shovel_vis 30 0.412 0.002 0.856 0.010 0.003 0.120 0.002 0.025 0.001 0.644 0.010 0.003 0.002 0.003 0.003 0.002 0.817 0.498 0.254 0.584 0.692 0.136 0.500 0.006 0.050 0.018 0.253 0.001 0.004 0.006 0.005 0.024 0.041 0.010 0.010 0.004 0.004 0.005 0.091 0.004 0.018 0.020 0.007 0.022 0.006 0.008 0.002 0.039 0.003 0.004 0.006 0.015 0.314 0.074 0.002 0.078 0.281 0.826 
34 spade_vis 30 0.403 0.002 0.852 0.011 0.003 0.129 0.002 0.024 0.002 0.635 0.011 0.003 0.002 0.003 0.003 0.002 0.818 0.493 0.263 0.566 0.680 0.134 0.520 0.007 0.050 0.019 0.266 0.001 0.003 0.006 0.005 0.023 0.040 0.010 0.012 0.004 0.005 0.005 0.089 0.004 0.018 0.020 0.007 0.022 0.006 0.008 0.002 0.038 0.004 0.005 0.006 0.015 0.303 0.081 0.002 0.080 0.287 0.819 
35 wrench_vis 30 0.420 0.002 0.860 0.011 0.003 0.137 0.002 0.023 0.001 0.623 0.010 0.003 0.002 0.003 0.003 0.002 0.829 0.469 0.271 0.550 0.668 0.120 0.480 0.007 0.049 0.018 0.248 0.001 0.003 0.005 0.004 0.020 0.036 0.009 0.008 0.004 0.004 0.005 0.096 0.004 0.018 0.019 0.006 0.023 0.005 0.006 0.002 0.032 0.003 0.005 0.005 0.015 0.299 0.070 0.002 0.071 0.287 0.829 
36 accordion_vis 30 0.337 0.002 0.865 0.012 0.003 0.184 0.003 0.014 0.002 0.714 0.008 0.002 0.002 0.003 0.003 0.001 0.850 0.425 0.294 0.545 0.675 0.136 0.588 0.005 0.050 0.018 0.247 0.001 0.003 0.005 0.004 0.019 0.048 0.009 0.015 0.004 0.005 0.006 0.104 0.004 0.014 0.018 0.005 0.021 0.004 0.007 0.002 0.040 0.004 0.006 0.006 0.011 0.334 0.087 0.002 0.092 0.344 0.848 
37 cello_vis 30 0.378 0.002 0.869 0.013 0.003 0.150 0.004 0.015 0.002 0.702 0.008 0.003 0.002 0.003 0.003 0.002 0.857 0.435 0.294 0.563 0.705 0.148 0.582 0.005 0.062 0.021 0.286 0.001 0.003 0.006 0.004 0.025 0.047 0.010 0.020 0.004 0.005 0.006 0.107 0.004 0.014 0.018 0.006 0.021 0.004 0.008 0.002 0.044 0.005 0.007 0.007 0.011 0.329 0.084 0.002 0.093 0.338 0.850 
38 flute_vis 30 0.148 0.002 0.827 0.009 0.003 0.313 0.003 0.014 0.002 0.756 0.007 0.002 0.002 0.003 0.003 0.001 0.774 0.348 0.240 0.480 0.493 0.082 0.544 0.005 0.013 0.008 0.074 0.001 0.002 0.005 0.003 0.006 0.072 0.009 0.004 0.005 0.007 0.006 0.094 0.005 0.013 0.019 0.004 0.019 0.006 0.005 0.002 0.031 0.004 0.005 0.008 0.011 0.395 0.075 0.002 0.092 0.321 0.817 
39 guitar_vis 30 0.275 0.002 0.858 0.010 0.003 0.230 0.003 0.013 0.002 0.733 0.007 0.002 0.002 0.002 0.003 0.001 0.835 0.398 0.283 0.521 0.617 0.114 0.566 0.005 0.032 0.013 0.172 0.001 0.002 0.005 0.003 0.012 0.052 0.008 0.009 0.004 0.006 0.006 0.102 0.004 0.013 0.018 0.004 0.019 0.004 0.006 0.002 0.034 0.004 0.006 0.007 0.011 0.350 0.084 0.002 0.089 0.340 0.841 
40 piano_vis 30 0.387 0.002 0.868 0.015 0.003 0.154 0.004 0.015 0.002 0.689 0.009 0.003 0.003 0.003 0.004 0.002 0.861 0.444 0.305 0.552 0.712 0.149 0.611 0.006 0.069 0.024 0.330 0.001 0.003 0.006 0.004 0.027 0.043 0.009 0.028 0.004 0.005 0.006 0.108 0.005 0.015 0.019 0.007 0.023 0.004 0.009 0.002 0.043 0.005 0.007 0.006 0.011 0.317 0.091 0.002 0.092 0.348 0.851 
41 trumpet_vis 30 0.353 0.002 0.855 0.011 0.003 0.157 0.003 0.019 0.002 0.675 0.009 0.003 0.002 0.003 0.003 0.002 0.826 0.438 0.264 0.548 0.654 0.121 0.516 0.006 0.040 0.016 0.208 0.001 0.003 0.006 0.004 0.017 0.045 0.009 0.009 0.004 0.005 0.006 0.096 0.004 0.016 0.019 0.006 0.022 0.005 0.007 0.002 0.036 0.004 0.005 0.006 0.013 0.331 0.073 0.002 0.082 0.300 0.831 
42 fork_vis 30 0.182 0.002 0.830 0.009 0.003 0.295 0.003 0.014 0.002 0.746 0.008 0.002 0.002 0.003 0.003 0.001 0.790 0.379 0.261 0.479 0.526 0.095 0.563 0.005 0.017 0.009 0.106 0.001 0.002 0.005 0.003 0.007 0.061 0.008 0.006 0.005 0.007 0.006 0.086 0.005 0.013 0.019 0.004 0.019 0.006 0.005 0.002 0.030 0.004 0.006 0.007 0.011 0.364 0.094 0.002 0.092 0.335 0.810 
43 spoon_vis 30 0.101 0.002 0.804 0.007 0.002 0.440 0.002 0.013 0.002 0.769 0.007 0.002 0.002 0.003 0.003 0.001 0.738 0.337 0.244 0.429 0.405 0.073 0.536 0.005 0.008 0.006 0.052 0.001 0.001 0.004 0.003 0.004 0.069 0.007 0.003 0.005 0.008 0.005 0.068 0.005 0.012 0.017 0.003 0.017 0.007 0.004 0.002 0.023 0.004 0.005 0.007 0.012 0.368 0.099 0.002 0.092 0.349 0.787 
44 tongs_vis 30 0.227 0.002 0.831 0.011 0.003 0.218 0.004 0.016 0.002 0.720 0.008 0.003 0.002 0.003 0.003 0.002 0.799 0.402 0.255 0.512 0.595 0.112 0.588 0.006 0.025 0.013 0.152 0.001 0.002 0.006 0.004 0.012 0.061 0.011 0.011 0.005 0.007 0.006 0.092 0.005 0.015 0.020 0.005 0.020 0.005 0.007 0.002 0.039 0.005 0.007 0.008 0.013 0.357 0.091 0.003 0.096 0.320 0.811 
45 ladle_vis 30 0.074 0.002 0.769 0.007 0.003 0.483 0.003 0.014 0.002 0.757 0.008 0.002 0.002 0.003 0.003 0.001 0.687 0.326 0.230 0.400 0.350 0.066 0.536 0.005 0.006 0.006 0.042 0.001 0.001 0.005 0.003 0.003 0.074 0.008 0.003 0.005 0.009 0.005 0.062 0.006 0.013 0.018 0.003 0.018 0.009 0.004 0.003 0.023 0.004 0.005 0.008 0.013 0.368 0.110 0.002 0.092 0.335 0.755 
46 knife_vis 30 0.111 0.002 0.810 0.007 0.002 0.421 0.003 0.013 0.002 0.769 0.007 0.002 0.002 0.003 0.003 0.001 0.753 0.342 0.247 0.438 0.431 0.075 0.548 0.005 0.009 0.006 0.060 0.001 0.001 0.004 0.003 0.004 0.068 0.007 0.004 0.005 0.008 0.005 0.072 0.005 0.012 0.017 0.003 0.018 0.007 0.004 0.002 0.024 0.004 0.005 0.007 0.012 0.369 0.097 0.002 0.092 0.351 0.797 
47 chopsticks_vis 30 0.247 0.002 0.845 0.010 0.003 0.228 0.003 0.014 0.002 0.731 0.008 0.003 0.002 0.003 0.003 0.002 0.816 0.401 0.270 0.517 0.600 0.114 0.576 0.005 0.027 0.012 0.154 0.001 0.002 0.005 0.004 0.012 0.057 0.009 0.009 0.005 0.006 0.006 0.096 0.005 0.014 0.019 0.005 0.019 0.005 0.006 0.002 0.036 0.004 0.006 0.007 0.011 0.358 0.088 0.002 0.092 0.331 0.826 
