0 beaver_vis 30 0.001 0.001 0.001 0.000 0.000 0.991 0.720 0.021 0.000 0.001 0.000 0.000 0.003 0.000 0.000 0.121 0.007 0.000 0.000 0.002 0.000 0.000 0.000 0.000 0.000 0.000 0.000 0.000 0.000 0.001 0.000 0.000 0.000 0.000 0.137 0.000 0.043 0.007 0.288 0.002 0.000 0.000 0.002 0.003 0.017 0.011 0.876 0.000 0.001 0.000 0.000 0.000 0.019 0.000 0.001 0.000 0.006 0.000 
1 bear_vis 30 0.001 0.001 0.001 0.000 0.000 0.993 0.939 0.043 0.000 0.007 0.000 0.001 0.001 0.000 0.000 0.001 0.000 0.000 0.000 0.011 0.000 0.000 0.000 0.000 0.000 0.000 0.000 0.000 0.000 0.000 0.000 0.000 0.002 0.000 0.028 0.000 0.008 0.033 0.942 0.008 0.000 0.000 0.000 0.003 0.411 0.002 0.172 0.000 0.000 0.000 0.000 0.000 0.026 0.001 0.014 0.001 0.003 0.000 
2 sheep_vis 30 0.001 0.004 0.001 0.000 0.000 0.991 0.610 0.007 0.000 0.001 0.000 0.000 0.003 0.000 0.001 0.249 0.003 0.000 0.000 0.001 0.000 0.000 0.000 0.000 0.000 0.000 0.000 0.000 0.000 0.001 0.000 0.000 0.000 0.000 0.110 0.000 0.047 0.005 0.308 0.002 0.000 0.001 0.001 0.002 0.008 0.008 0.809 0.000 0.001 0.000 0.000 0.000 0.022 0.000 0.001 0.000 0.006 0.000 
3 buffalo_vis 30 0.001 0.001 0.001 0.000 0.000 0.992 0.851 0.054 0.000 0.005 0.000 0.001 0.001 0.000 0.000 0.002 0.000 0.000 0.000 0.010 0.000 0.000 0.000 0.000 0.000 0.000 0.000 0.000 0.000 0.000 0.000 0.000 0.002 0.000 0.028 0.000 0.009 0.026 0.878 0.009 0.000 0.000 0.000 0.002 0.285 0.003 0.228 0.000 0.000 0.000 0.000 0.000 0.023 0.001 0.008 0.001 0.003 0.000 
4 poodle_vis 30 0.001 0.001 0.001 0.000 0.000 0.991 0.804 0.134 0.000 0.003 0.000 0.000 0.002 0.000 0.000 0.010 0.000 0.000 0.000 0.027 0.000 0.000 0.000 0.000 0.000 0.000 0.000 0.000 0.000 0.000 0.000 0.000 0.001 0.000 0.039 0.001 0.014 0.012 0.815 0.005 0.000 0.000 0.007 0.002 0.183 0.007 0.360 0.000 0.000 0.000 0.000 0.000 0.025 0.000 0.001 0.001 0.004 0.000 
5 giraffe_vis 30 0.001 0.001 0.001 0.000 0.000 0.993 0.948 0.042 0.000 0.007 0.000 0.001 0.001 0.000 0.000 0.001 0.000 0.000 0.000 0.013 0.000 0.000 0.000 0.000 0.000 0.000 0.000 0.000 0.000 0.000 0.000 0.000 0.002 0.000 0.029 0.000 0.008 0.032 0.950 0.008 0.000 0.000 0.000 0.003 0.440 0.001 0.174 0.000 0.000 0.000 0.000 0.000 0.029 0.001 0.013 0.001 0.003 0.000 
6 robin_vis 30 0.001 0.002 0.001 0.000 0.000 0.990 0.715 0.013 0.000 0.001 0.000 0.000 0.003 0.000 0.001 0.185 0.007 0.000 0.000 0.002 0.000 0.000 0.000 0.000 0.000 0.000 0.000 0.000 0.000 0.001 0.000 0.000 0.000 0.000 0.110 0.000 0.048 0.005 0.333 0.002 0.000 0.001 0.002 0.002 0.015 0.014 0.898 0.000 0.001 0.000 0.000 0.000 0.028 0.000 0.001 0.000 0.006 0.000 
7 swan_vis 30 0.001 0.007 0.001 0.000 0.000 0.986 0.159 0.038 0.000 0.002 0.001 0.001 0.003 0.000 0.000 0.357 0.001 0.000 0.000 0.015 0.024 0.000 0.000 0.000 0.000 0.000 0.000 0.001 0.000 0.001 0.000 0.000 0.001 0.001 0.013 0.001 0.039 0.002 0.085 0.003 0.000 0.001 0.009 0.001 0.004 0.005 0.069 0.000 0.000 0.000 0.001 0.000 0.009 0.001 0.000 0.001 0.002 0.000 
8 woodpecker_vis 30 0.001 0.001 0.001 0.000 0.000 0.991 0.711 0.034 0.000 0.001 0.000 0.000 0.003 0.000 0.000 0.121 0.010 0.000 0.000 0.003 0.000 0.000 0.000 0.000 0.000 0.000 0.000 0.000 0.000 0.001 0.000 0.000 0.000 0.000 0.112 0.000 0.044 0.006 0.295 0.002 0.000 0.001 0.002 0.003 0.025 0.019 0.905 0.000 0.001 0.000 0.000 0.000 0.026 0.000 0.001 0.000 0.006 0.000 
9 peacock_vis 30 0.001 0.002 0.001 0.000 0.000 0.992 0.692 0.009 0.000 0.001 0.000 0.000 0.002 0.000 0.001 0.189 0.003 0.000 0.000 0.002 0.000 0.000 0.000 0.000 0.000 0.000 0.000 0.000 0.000 0.001 0.000 0.000 0.000 0.000 0.095 0.000 0.034 0.005 0.375 0.002 0.000 0.000 0.001 0.002 0.011 0.009 0.817 0.000 0.001 0.000 0.000 0.000 0.029 0.000 0.001 0.000 0.005 0.000 
10 crow_vis 30 0.006 0.130 0.003 0.000 0.000 0.791 0.122 0.021 0.000 0.001 0.007 0.002 0.002 0.001 0.000 0.626 0.000 0.000 0.001 0.038 0.206 0.000 0.000 0.000 0.000 0.000 0.000 0.001 0.000 0.002 0.000 0.000 0.001 0.008 0.008 0.002 0.037 0.002 0.057 0.003 0.000 0.001 0.009 0.001 0.002 0.003 0.028 0.000 0.000 0.000 0.002 0.000 0.008 0.001 0.000 0.001 0.002 0.000 
11 eagle_vis 30 0.001 0.004 0.001 0.000 0.000 0.991 0.161 0.012 0.000 0.002 0.000 0.000 0.003 0.000 0.000 0.255 0.001 0.000 0.000 0.001 0.001 0.000 0.000 0.000 0.000 0.000 0.000 0.000 0.000 0.001 0.000 0.000 0.001 0.000 0.052 0.000 0.036 0.004 0.082 0.002 0.000 0.000 0.002 0.002 0.004 0.008 0.210 0.000 0.000 0.000 0.000 0.000 0.006 0.001 0.000 0.000 0.004 0.000 
12 tuna_vis 30 0.007 0.266 0.001 0.000 0.000 0.892 0.054 0.007 0.000 0.001 0.002 0.001 0.002 0.000 0.000 0.694 0.001 0.000 0.000 0.002 0.189 0.000 0.000 0.000 0.000 0.000 0.000 0.000 0.000 0.015 0.000 0.000 0.002 0.006 0.015 0.000 0.043 0.002 0.010 0.002 0.000 0.001 0.001 0.003 0.001 0.001 0.024 0.000 0.000 0.000 0.000 0.000 0.002 0.009 0.000 0.000 0.003 0.000 
13 goldfish_vis 30 0.001 0.002 0.000 0.000 0.000 0.992 0.120 0.028 0.000 0.003 0.000 0.000 0.003 0.000 0.000 0.147 0.001 0.000 0.000 0.001 0.004 0.000 0.000 0.000 0.000 0.000 0.000 0.000 0.000 0.001 0.000 0.000 0.001 0.000 0.062 0.000 0.044 0.004 0.032 0.002 0.000 0.001 0.001 0.003 0.003 0.003 0.084 0.000 0.000 0.000 0.000 0.000 0.002 0.009 0.000 0.001 0.006 0.000 
14 salmon_vis 30 0.002 0.001 0.119 0.000 0.000 0.832 0.086 0.790 0.000 0.002 0.001 0.001 0.001 0.001 0.000 0.151 0.000 0.001 0.001 0.304 0.565 0.001 0.000 0.000 0.001 0.001 0.000 0.001 0.000 0.000 0.000 0.000 0.002 0.083 0.002 0.002 0.019 0.002 0.043 0.003 0.000 0.007 0.165 0.002 0.014 0.008 0.007 0.000 0.000 0.000 0.003 0.000 0.006 0.001 0.000 0.002 0.001 0.000 
15 sardine_vis 30 0.001 0.003 0.001 0.000 0.000 0.988 0.097 0.123 0.000 0.003 0.000 0.000 0.002 0.000 0.000 0.266 0.001 0.000 0.000 0.005 0.023 0.000 0.000 0.000 0.000 0.000 0.000 0.000 0.000 0.001 0.000 0.000 0.001 0.001 0.012 0.000 0.045 0.002 0.033 0.003 0.000 0.001 0.007 0.002 0.003 0.007 0.052 0.000 0.000 0.000 0.000 0.000 0.003 0.005 0.000 0.001 0.003 0.000 
16 catfish_vis 30 0.001 0.001 0.001 0.000 0.000 0.990 0.108 0.482 0.000 0.002 0.000 0.000 0.002 0.000 0.000 0.113 0.003 0.000 0.000 0.002 0.008 0.000 0.000 0.000 0.000 0.000 0.000 0.000 0.000 0.001 0.000 0.000 0.001 0.000 0.046 0.000 0.028 0.008 0.028 0.003 0.000 0.001 0.009 0.007 0.014 0.017 0.133 0.000 0.000 0.000 0.000 0.000 0.002 0.001 0.000 0.001 0.003 0.000 
17 cod_vis 30 0.001 0.003 0.004 0.000 0.000 0.981 0.115 0.283 0.000 0.003 0.003 0.002 0.001 0.001 0.000 0.249 0.000 0.000 0.001 0.055 0.174 0.000 0.000 0.000 0.001 0.000 0.000 0.001 0.000 0.000 0.000 0.000 0.003 0.010 0.003 0.002 0.032 0.001 0.078 0.005 0.000 0.001 0.069 0.001 0.006 0.006 0.012 0.001 0.000 0.000 0.005 0.000 0.006 0.003 0.000 0.001 0.001 0.000 
18 turtle_vis 30 0.001 0.002 0.004 0.000 0.000 0.988 0.092 0.388 0.000 0.004 0.002 0.001 0.001 0.000 0.000 0.101 0.000 0.000 0.001 0.012 0.124 0.000 0.000 0.000 0.000 0.000 0.000 0.000 0.000 0.000 0.000 0.000 0.002 0.009 0.009 0.001 0.025 0.002 0.036 0.003 0.000 0.001 0.080 0.001 0.007 0.003 0.008 0.001 0.000 0.000 0.001 0.000 0.003 0.006 0.000 0.002 0.001 0.001 
19 rattlesnake_vis 30 0.001 0.001 0.004 0.000 0.000 0.988 0.104 0.637 0.000 0.003 0.001 0.001 0.002 0.000 0.000 0.103 0.000 0.000 0.001 0.033 0.124 0.000 0.000 0.000 0.000 0.000 0.000 0.001 0.000 0.000 0.000 0.000 0.001 0.005 0.009 0.001 0.024 0.002 0.053 0.004 0.000 0.001 0.135 0.001 0.009 0.010 0.013 0.001 0.000 0.000 0.001 0.000 0.004 0.002 0.000 0.002 0.002 0.000 
20 crab_vis 30 0.001 0.002 0.000 0.000 0.000 0.992 0.100 0.079 0.000 0.003 0.000 0.000 0.002 0.000 0.000 0.192 0.001 0.000 0.000 0.001 0.011 0.000 0.000 0.000 0.000 0.000 0.000 0.000 0.000 0.001 0.000 0.000 0.001 0.000 0.042 0.000 0.042 0.003 0.025 0.002 0.000 0.001 0.004 0.002 0.002 0.005 0.056 0.000 0.000 0.000 0.000 0.000 0.002 0.005 0.000 0.001 0.005 0.000 
21 frog_vis 30 0.001 0.001 0.012 0.000 0.000 0.982 0.142 0.798 0.000 0.003 0.000 0.001 0.002 0.001 0.000 0.027 0.000 0.000 0.001 0.127 0.107 0.000 0.000 0.000 0.001 0.000 0.000 0.001 0.000 0.000 0.000 0.000 0.002 0.004 0.003 0.002 0.023 0.002 0.112 0.005 0.000 0.002 0.281 0.001 0.027 0.012 0.008 0.001 0.000 0.000 0.002 0.000 0.006 0.001 0.000 0.004 0.001 0.000 
22 gecko_vis 30 0.001 0.006 0.001 0.000 0.000 0.991 0.075 0.044 0.000 0.005 0.002 0.001 0.002 0.000 0.000 0.247 0.000 0.000 0.000 0.003 0.050 0.000 0.000 0.000 0.000 0.000 0.000 0.000 0.000 0.001 0.000 0.000 0.001 0.003 0.015 0.000 0.040 0.002 0.025 0.002 0.000 0.001 0.009 0.001 0.001 0.002 0.011 0.000 0.000 0.000 0.001 0.000 0.002 0.018 0.000 0.001 0.003 0.001 
23 crocodile_vis 30 0.001 0.001 0.001 0.000 0.000 0.989 0.087 0.324 0.000 0.003 0.000 0.000 0.002 0.000 0.000 0.154 0.001 0.000 0.000 0.004 0.031 0.000 0.000 0.000 0.000 0.000 0.000 0.000 0.000 0.001 0.000 0.000 0.001 0.001 0.022 0.000 0.031 0.003 0.025 0.003 0.000 0.001 0.021 0.003 0.006 0.008 0.049 0.000 0.000 0.000 0.000 0.000 0.003 0.003 0.000 0.001 0.003 0.000 
24 axe_vis 30 0.001 0.002 0.001 0.000 0.000 0.990 0.130 0.058 0.000 0.003 0.000 0.001 0.002 0.000 0.000 0.182 0.001 0.000 0.000 0.002 0.003 0.000 0.000 0.000 0.000 0.000 0.000 0.000 0.000 0.000 0.000 0.000 0.001 0.000 0.034 0.000 0.018 0.003 0.106 0.003 0.000 0.001 0.013 0.001 0.006 0.010 0.092 0.000 0.000 0.000 0.000 0.000 0.005 0.001 0.001 0.001 0.002 0.000 
25 hammer_vis 30 0.001 0.001 0.001 0.000 0.000 0.991 0.608 0.134 0.000 0.001 0.000 0.000 0.001 0.000 0.000 0.058 0.011 0.000 0.000 0.003 0.000 0.000 0.000 0.000 0.000 0.000 0.000 0.000 0.000 0.000 0.000 0.000 0.000 0.000 0.126 0.000 0.019 0.012 0.220 0.003 0.000 0.001 0.004 0.004 0.051 0.022 0.869 0.000 0.000 0.000 0.000 0.000 0.016 0.000 0.001 0.001 0.004 0.000 
26 screwdriver_vis 30 0.001 0.001 0.001 0.000 0.000 0.991 0.504 0.067 0.000 0.001 0.000 0.000 0.002 0.000 0.000 0.096 0.007 0.000 0.000 0.002 0.000 0.000 0.000 0.000 0.000 0.000 0.000 0.000 0.000 0.000 0.000 0.000 0.001 0.000 0.115 0.000 0.026 0.008 0.203 0.003 0.000 0.001 0.003 0.002 0.025 0.017 0.813 0.000 0.001 0.000 0.000 0.000 0.014 0.000 0.001 0.001 0.005 0.000 
27 chisel_vis 30 0.001 0.001 0.001 0.000 0.000 0.991 0.663 0.223 0.000 0.001 0.000 0.000 0.002 0.000 0.000 0.037 0.021 0.000 0.000 0.004 0.000 0.000 0.000 0.000 0.000 0.000 0.000 0.000 0.000 0.000 0.000 0.000 0.000 0.000 0.162 0.000 0.023 0.014 0.200 0.002 0.000 0.001 0.007 0.005 0.074 0.025 0.891 0.000 0.001 0.000 0.000 0.000 0.015 0.000 0.001 0.001 0.005 0.000 
28 saw_vis 30 0.001 0.001 0.001 0.000 0.000 0.991 0.139 0.230 0.000 0.003 0.000 0.001 0.001 0.000 0.000 0.090 0.000 0.000 0.000 0.007 0.008 0.000 0.000 0.000 0.000 0.000 0.000 0.000 0.000 0.000 0.000 0.000 0.001 0.000 0.026 0.000 0.012 0.003 0.148 0.004 0.000 0.001 0.089 0.001 0.013 0.013 0.073 0.000 0.000 0.000 0.000 0.000 0.006 0.001 0.001 0.001 0.002 0.000 
29 drill_vis 30 0.001 0.001 0.001 0.000 0.000 0.991 0.165 0.274 0.000 0.003 0.000 0.001 0.001 0.000 0.000 0.069 0.000 0.000 0.000 0.009 0.004 0.000 0.000 0.000 0.000 0.000 0.000 0.000 0.000 0.000 0.000 0.000 0.001 0.000 0.026 0.000 0.010 0.004 0.196 0.005 0.000 0.001 0.091 0.001 0.020 0.015 0.099 0.000 0.000 0.000 0.000 0.000 0.007 0.001 0.001 0.001 0.002 0.000 
30 clamp_vis 30 0.001 0.001 0.000 0.000 0.000 0.986 0.041 0.184 0.010 0.104 0.000 0.032 0.001 0.008 0.000 0.001 0.000 0.000 0.000 0.019 0.000 0.000 0.001 0.000 0.023 0.000 0.000 0.000 0.000 0.000 0.000 0.000 0.681 0.001 0.002 0.001 0.005 0.002 0.733 0.002 0.006 0.001 0.007 0.001 0.805 0.002 0.015 0.002 0.000 0.003 0.016 0.001 0.001 0.541 0.034 0.006 0.001 0.001 
31 hoe_vis 30 0.001 0.000 0.001 0.000 0.000 0.989 0.053 0.904 0.000 0.041 0.000 0.004 0.000 0.001 0.000 0.000 0.000 0.000 0.000 0.309 0.002 0.000 0.001 0.000 0.042 0.001 0.000 0.000 0.000 0.000 0.000 0.000 0.115 0.001 0.002 0.001 0.004 0.002 0.374 0.003 0.076 0.002 0.017 0.001 0.741 0.004 0.001 0.001 0.000 0.000 0.001 0.000 0.002 0.044 0.009 0.054 0.001 0.001 
32 rake_vis 30 0.001 0.001 0.000 0.000 0.000 0.985 0.043 0.651 0.003 0.072 0.000 0.009 0.001 0.004 0.000 0.001 0.000 0.000 0.000 0.045 0.000 0.000 0.001 0.000 0.052 0.000 0.000 0.000 0.000 0.000 0.000 0.000 0.709 0.001 0.002 0.001 0.005 0.001 0.866 0.002 0.013 0.001 0.019 0.001 0.915 0.005 0.015 0.002 0.000 0.002 0.013 0.000 0.001 0.285 0.071 0.016 0.001 0.001 
33 shovel_vis 30 0.001 0.001 0.000 0.000 0.001 0.986 0.035 0.013 0.065 0.189 0.000 0.183 0.001 0.035 0.000 0.002 0.000 0.000 0.000 0.006 0.000 0.000 0.001 0.000 0.023 0.000 0.000 0.000 0.000 0.000 0.000 0.000 0.836 0.001 0.002 0.001 0.004 0.002 0.835 0.002 0.003 0.001 0.002 0.001 0.599 0.001 0.016 0.002 0.000 0.012 0.023 0.003 0.001 0.757 0.032 0.003 0.001 0.006 
34 spade_vis 30 0.001 0.001 0.001 0.000 0.000 0.987 0.051 0.845 0.000 0.057 0.000 0.006 0.000 0.002 0.000 0.000 0.000 0.000 0.000 0.112 0.000 0.000 0.001 0.000 0.085 0.001 0.000 0.000 0.000 0.000 0.000 0.000 0.605 0.001 0.002 0.001 0.004 0.002 0.823 0.003 0.030 0.001 0.031 0.001 0.928 0.006 0.003 0.002 0.000 0.001 0.003 0.000 0.002 0.158 0.066 0.038 0.001 0.001 
35 wrench_vis 30 0.001 0.001 0.000 0.000 0.000 0.985 0.060 0.715 0.002 0.034 0.000 0.004 0.001 0.002 0.000 0.002 0.000 0.000 0.000 0.068 0.001 0.000 0.001 0.000 0.022 0.001 0.000 0.000 0.000 0.000 0.000 0.000 0.398 0.001 0.003 0.002 0.008 0.002 0.749 0.003 0.008 0.001 0.045 0.001 0.864 0.009 0.024 0.002 0.000 0.001 0.015 0.000 0.002 0.093 0.037 0.018 0.001 0.001 
36 accordion_vis 30 0.001 0.002 0.005 0.000 0.000 0.987 0.139 0.700 0.000 0.007 0.000 0.004 0.001 0.001 0.000 0.015 0.000 0.000 0.001 0.197 0.057 0.000 0.000 0.000 0.001 0.000 0.000 0.000 0.000 0.000 0.000 0.000 0.003 0.002 0.004 0.004 0.013 0.001 0.226 0.003 0.001 0.001 0.124 0.001 0.025 0.007 0.004 0.001 0.000 0.000 0.002 0.000 0.008 0.002 0.001 0.004 0.001 0.001 
37 cello_vis 30 0.001 0.005 0.001 0.000 0.000 0.988 0.168 0.016 0.000 0.014 0.002 0.025 0.001 0.002 0.000 0.051 0.000 0.000 0.000 0.043 0.017 0.000 0.000 0.000 0.001 0.000 0.000 0.000 0.000 0.000 0.000 0.000 0.006 0.001 0.007 0.005 0.013 0.002 0.338 0.002 0.000 0.001 0.008 0.001 0.004 0.001 0.005 0.001 0.000 0.000 0.003 0.000 0.010 0.021 0.001 0.001 0.001 0.003 
38 flute_vis 30 0.001 0.001 0.001 0.000 0.000 0.990 0.735 0.097 0.000 0.001 0.000 0.000 0.002 0.000 0.000 0.053 0.016 0.000 0.000 0.003 0.000 0.000 0.000 0.000 0.000 0.000 0.000 0.000 0.000 0.001 0.000 0.000 0.000 0.000 0.154 0.000 0.031 0.011 0.250 0.002 0.000 0.001 0.004 0.003 0.048 0.021 0.902 0.000 0.001 0.000 0.000 0.000 0.018 0.000 0.001 0.001 0.006 0.000 
39 guitar_vis 30 0.001 0.001 0.004 0.000 0.000 0.988 0.374 0.414 0.000 0.002 0.000 0.000 0.001 0.000 0.000 0.042 0.001 0.000 0.000 0.071 0.002 0.000 0.000 0.000 0.000 0.000 0.000 0.001 0.000 0.000 0.000 0.000 0.001 0.000 0.023 0.002 0.016 0.004 0.403 0.002 0.000 0.001 0.219 0.001 0.057 0.019 0.210 0.000 0.000 0.000 0.001 0.000 0.016 0.000 0.001 0.001 0.003 0.000 
40 piano_vis 30 0.001 0.005 0.001 0.000 0.000 0.987 0.248 0.010 0.000 0.021 0.001 0.084 0.001 0.006 0.000 0.022 0.000 0.000 0.000 0.078 0.007 0.000 0.000 0.000 0.002 0.000 0.000 0.000 0.000 0.000 0.000 0.000 0.013 0.000 0.003 0.010 0.012 0.001 0.624 0.003 0.000 0.001 0.002 0.001 0.007 0.001 0.003 0.001 0.000 0.000 0.004 0.000 0.013 0.022 0.001 0.002 0.001 0.002 
41 trumpet_vis 30 0.001 0.003 0.001 0.000 0.000 0.985 0.474 0.016 0.000 0.015 0.001 0.040 0.001 0.004 0.000 0.012 0.000 0.000 0.000 0.127 0.002 0.000 0.000 0.000 0.003 0.000 0.000 0.000 0.000 0.000 0.000 0.000 0.009 0.000 0.004 0.016 0.013 0.001 0.874 0.002 0.000 0.001 0.005 0.001 0.022 0.001 0.007 0.001 0.000 0.000 0.004 0.000 0.019 0.003 0.001 0.002 0.001 0.001 
42 fork_vis 30 0.001 0.000 0.000 0.000 0.000 0.992 0.084 0.350 0.000 0.016 0.000 0.001 0.000 0.000 0.000 0.018 0.000 0.000 0.000 0.010 0.017 0.000 0.000 0.000 0.001 0.000 0.000 0.000 0.000 0.000 0.000 0.000 0.008 0.001 0.006 0.000 0.002 0.011 0.202 0.005 0.000 0.001 0.020 0.003 0.037 0.003 0.002 0.000 0.000 0.000 0.000 0.000 0.002 0.009 0.001 0.002 0.002 0.001 
43 spoon_vis 30 0.001 0.000 0.000 0.000 0.000 0.992 0.095 0.876 0.000 0.011 0.000 0.000 0.000 0.000 0.000 0.001 0.000 0.000 0.000 0.004 0.000 0.000 0.000 0.000 0.000 0.001 0.000 0.000 0.000 0.000 0.000 0.000 0.008 0.000 0.007 0.000 0.001 0.037 0.101 0.004 0.000 0.002 0.029 0.018 0.786 0.055 0.060 0.000 0.000 0.001 0.000 0.000 0.001 0.005 0.012 0.005 0.003 0.000 
44 tongs_vis 30 0.001 0.000 0.001 0.000 0.000 0.991 0.203 0.773 0.000 0.003 0.000 0.000 0.001 0.000 0.000 0.004 0.001 0.000 0.000 0.004 0.000 0.000 0.000 0.000 0.000 0.000 0.000 0.000 0.000 0.000 0.000 0.000 0.001 0.000 0.039 0.000 0.004 0.032 0.150 0.004 0.000 0.001 0.037 0.007 0.352 0.063 0.196 0.000 0.000 0.000 0.000 0.000 0.002 0.001 0.002 0.002 0.003 0.000 
45 ladle_vis 30 0.001 0.000 0.000 0.000 0.000 0.991 0.058 0.882 0.000 0.026 0.000 0.000 0.000 0.000 0.000 0.000 0.000 0.000 0.000 0.013 0.000 0.000 0.001 0.000 0.003 0.000 0.000 0.000 0.000 0.000 0.000 0.000 0.037 0.000 0.001 0.000 0.001 0.017 0.680 0.002 0.001 0.001 0.002 0.005 0.666 0.001 0.005 0.000 0.000 0.000 0.000 0.000 0.001 0.008 0.018 0.010 0.001 0.000 
46 knife_vis 30 0.001 0.000 0.000 0.000 0.000 0.992 0.111 0.861 0.000 0.015 0.000 0.000 0.000 0.000 0.000 0.000 0.000 0.000 0.000 0.001 0.000 0.000 0.000 0.000 0.000 0.001 0.000 0.000 0.000 0.000 0.000 0.000 0.005 0.000 0.013 0.000 0.002 0.051 0.143 0.004 0.000 0.003 0.001 0.014 0.890 0.021 0.124 0.000 0.000 0.004 0.000 0.000 0.001 0.008 0.066 0.006 0.003 0.000 
47 chopsticks_vis 30 0.001 0.000 0.000 0.000 0.000 0.992 0.198 0.784 0.000 0.005 0.000 0.000 0.000 0.000 0.000 0.001 0.000 0.000 0.000 0.004 0.000 0.000 0.000 0.000 0.000 0.000 0.000 0.000 0.000 0.000 0.000 0.000 0.002 0.000 0.027 0.000 0.002 0.048 0.194 0.004 0.000 0.001 0.014 0.009 0.669 0.057 0.119 0.000 0.000 0.000 0.000 0.000 0.002 0.001 0.007 0.003 0.003 0.000 
