0 beaver_vis 30 0.001 0.000 0.000 0.000 0.059 0.996 0.000 0.107 0.994 0.154 0.000 0.000 0.000 0.000 0.024 0.000 0.000 0.000 0.000 0.000 0.001 0.001 0.001 0.000 0.000 0.000 0.000 0.000 0.001 0.001 0.000 0.000 0.049 0.001 0.000 0.004 0.000 0.000 0.001 0.000 0.002 0.087 0.008 0.000 0.000 0.000 0.020 0.000 0.747 0.983 0.058 0.052 0.000 0.002 0.019 0.012 0.002 0.021 
1 bear_vis 30 0.001 0.000 0.000 0.000 0.032 0.996 0.000 0.097 0.994 0.105 0.000 0.000 0.000 0.000 0.026 0.000 0.000 0.000 0.000 0.000 0.001 0.001 0.001 0.000 0.000 0.000 0.000 0.000 0.001 0.001 0.000 0.000 0.028 0.001 0.000 0.002 0.000 0.000 0.000 0.000 0.001 0.095 0.003 0.000 0.000 0.000 0.031 0.000 0.547 0.978 0.038 0.029 0.000 0.002 0.006 0.007 0.001 0.021 
2 sheep_vis 30 0.001 0.000 0.000 0.000 0.026 0.996 0.000 0.080 0.994 0.075 0.000 0.000 0.000 0.000 0.034 0.000 0.000 0.000 0.000 0.000 0.001 0.001 0.001 0.000 0.000 0.000 0.000 0.000 0.001 0.001 0.000 0.000 0.026 0.001 0.000 0.001 0.000 0.000 0.000 0.000 0.001 0.079 0.002 0.000 0.000 0.000 0.027 0.000 0.349 0.969 0.016 0.032 0.000 0.003 0.003 0.006 0.001 0.014 
3 buffalo_vis 30 0.001 0.000 0.000 0.000 0.031 0.996 0.000 0.092 0.994 0.095 0.000 0.000 0.000 0.000 0.029 0.000 0.000 0.000 0.000 0.000 0.001 0.001 0.001 0.000 0.000 0.000 0.000 0.000 0.001 0.001 0.000 0.000 0.028 0.001 0.000 0.002 0.000 0.000 0.000 0.000 0.001 0.089 0.003 0.000 0.000 0.000 0.029 0.000 0.490 0.976 0.028 0.031 0.000 0.002 0.005 0.007 0.001 0.018 
4 poodle_vis 30 0.001 0.000 0.000 0.000 0.056 0.996 0.000 0.101 0.994 0.141 0.000 0.000 0.000 0.000 0.028 0.000 0.000 0.000 0.000 0.000 0.001 0.001 0.001 0.000 0.000 0.000 0.000 0.000 0.001 0.002 0.000 0.000 0.050 0.001 0.000 0.003 0.000 0.000 0.001 0.000 0.002 0.078 0.006 0.000 0.000 0.000 0.018 0.000 0.691 0.981 0.035 0.063 0.000 0.002 0.014 0.013 0.002 0.016 
5 giraffe_vis 30 0.001 0.000 0.000 0.000 0.027 0.996 0.000 0.089 0.994 0.087 0.000 0.000 0.000 0.000 0.030 0.000 0.000 0.000 0.000 0.000 0.001 0.001 0.001 0.000 0.000 0.000 0.000 0.000 0.001 0.001 0.000 0.000 0.026 0.001 0.000 0.002 0.000 0.000 0.000 0.000 0.001 0.089 0.002 0.000 0.000 0.000 0.031 0.000 0.426 0.974 0.024 0.029 0.000 0.002 0.004 0.006 0.001 0.017 
6 robin_vis 30 0.001 0.000 0.000 0.000 0.026 0.996 0.000 0.082 0.994 0.077 0.000 0.000 0.000 0.000 0.033 0.000 0.000 0.000 0.000 0.000 0.001 0.001 0.001 0.000 0.000 0.000 0.000 0.000 0.001 0.001 0.000 0.000 0.026 0.001 0.000 0.001 0.000 0.000 0.000 0.000 0.001 0.081 0.002 0.000 0.000 0.000 0.028 0.000 0.359 0.970 0.017 0.031 0.000 0.003 0.003 0.006 0.001 0.014 
7 swan_vis 30 0.001 0.000 0.000 0.000 0.049 0.996 0.000 0.103 0.994 0.136 0.000 0.000 0.000 0.000 0.023 0.000 0.000 0.000 0.000 0.000 0.001 0.001 0.001 0.000 0.000 0.000 0.000 0.000 0.001 0.001 0.000 0.000 0.041 0.001 0.000 0.003 0.000 0.000 0.001 0.000 0.002 0.087 0.007 0.000 0.000 0.000 0.023 0.000 0.704 0.981 0.055 0.042 0.000 0.002 0.015 0.010 0.001 0.021 
8 woodpecker_vis 30 0.001 0.000 0.000 0.000 0.028 0.996 0.000 0.084 0.994 0.084 0.000 0.000 0.000 0.000 0.032 0.000 0.000 0.000 0.000 0.000 0.001 0.001 0.001 0.000 0.000 0.000 0.000 0.000 0.001 0.001 0.000 0.000 0.028 0.001 0.000 0.001 0.000 0.000 0.000 0.000 0.001 0.082 0.002 0.000 0.000 0.000 0.027 0.000 0.413 0.972 0.020 0.033 0.000 0.002 0.004 0.007 0.001 0.015 
9 peacock_vis 30 0.001 0.000 0.000 0.000 0.048 0.996 0.000 0.104 0.994 0.137 0.000 0.000 0.000 0.000 0.024 0.000 0.000 0.000 0.000 0.000 0.001 0.001 0.001 0.000 0.000 0.000 0.000 0.000 0.001 0.001 0.000 0.000 0.040 0.001 0.000 0.003 0.000 0.000 0.001 0.000 0.002 0.091 0.006 0.000 0.000 0.000 0.024 0.000 0.697 0.982 0.054 0.041 0.000 0.002 0.014 0.009 0.001 0.022 
10 crow_vis 30 0.001 0.000 0.000 0.000 0.025 0.996 0.000 0.080 0.994 0.073 0.000 0.000 0.000 0.000 0.034 0.000 0.000 0.000 0.000 0.000 0.001 0.001 0.001 0.000 0.000 0.000 0.000 0.000 0.001 0.001 0.000 0.000 0.025 0.001 0.000 0.001 0.000 0.000 0.000 0.000 0.001 0.081 0.002 0.000 0.000 0.000 0.029 0.000 0.335 0.968 0.016 0.030 0.000 0.003 0.003 0.006 0.001 0.014 
11 eagle_vis 30 0.001 0.000 0.000 0.000 0.057 0.996 0.000 0.105 0.994 0.148 0.000 0.000 0.000 0.000 0.024 0.000 0.000 0.000 0.000 0.000 0.001 0.001 0.001 0.000 0.000 0.000 0.000 0.000 0.001 0.001 0.000 0.000 0.048 0.001 0.000 0.004 0.000 0.000 0.001 0.000 0.002 0.083 0.007 0.000 0.000 0.000 0.019 0.000 0.732 0.982 0.052 0.053 0.000 0.002 0.018 0.012 0.002 0.019 
12 tuna_vis 30 0.001 0.000 0.000 0.000 0.042 0.996 0.000 0.096 0.994 0.117 0.000 0.000 0.000 0.000 0.025 0.000 0.000 0.000 0.000 0.000 0.001 0.001 0.001 0.000 0.000 0.000 0.000 0.000 0.001 0.001 0.000 0.000 0.036 0.001 0.000 0.003 0.000 0.000 0.000 0.000 0.001 0.089 0.004 0.000 0.000 0.000 0.025 0.000 0.627 0.980 0.043 0.036 0.000 0.002 0.009 0.008 0.001 0.020 
13 goldfish_vis 30 0.001 0.000 0.000 0.000 0.025 0.996 0.000 0.086 0.994 0.081 0.000 0.000 0.000 0.000 0.031 0.000 0.000 0.000 0.000 0.000 0.001 0.001 0.001 0.000 0.000 0.000 0.000 0.000 0.001 0.001 0.000 0.000 0.024 0.001 0.000 0.001 0.000 0.000 0.000 0.000 0.001 0.090 0.002 0.000 0.000 0.000 0.033 0.000 0.387 0.972 0.023 0.027 0.000 0.003 0.003 0.006 0.001 0.017 
14 salmon_vis 30 0.001 0.000 0.000 0.000 0.019 0.996 0.000 0.074 0.994 0.060 0.000 0.000 0.000 0.000 0.036 0.000 0.000 0.000 0.000 0.000 0.001 0.001 0.001 0.000 0.000 0.000 0.000 0.000 0.001 0.001 0.000 0.000 0.020 0.001 0.000 0.001 0.000 0.000 0.000 0.000 0.001 0.083 0.001 0.000 0.000 0.000 0.035 0.000 0.230 0.962 0.014 0.023 0.000 0.003 0.002 0.005 0.001 0.014 
15 sardine_vis 30 0.001 0.001 0.000 0.000 0.016 0.996 0.000 0.070 0.994 0.051 0.000 0.000 0.000 0.000 0.038 0.000 0.000 0.000 0.000 0.000 0.001 0.001 0.001 0.000 0.000 0.000 0.000 0.000 0.001 0.001 0.000 0.000 0.017 0.001 0.000 0.001 0.000 0.000 0.000 0.000 0.001 0.083 0.001 0.000 0.000 0.000 0.038 0.000 0.170 0.956 0.013 0.019 0.000 0.003 0.001 0.004 0.001 0.014 
16 catfish_vis 30 0.001 0.000 0.000 0.000 0.065 0.996 0.000 0.119 0.994 0.179 0.000 0.000 0.000 0.000 0.017 0.000 0.000 0.000 0.000 0.000 0.001 0.001 0.001 0.000 0.000 0.000 0.000 0.000 0.001 0.001 0.000 0.000 0.046 0.001 0.000 0.007 0.000 0.000 0.001 0.000 0.002 0.108 0.015 0.000 0.000 0.000 0.026 0.000 0.829 0.987 0.140 0.035 0.001 0.001 0.037 0.010 0.002 0.034 
17 cod_vis 30 0.001 0.001 0.000 0.000 0.014 0.996 0.000 0.066 0.994 0.044 0.001 0.000 0.000 0.000 0.042 0.000 0.000 0.000 0.000 0.000 0.001 0.001 0.001 0.000 0.000 0.000 0.000 0.000 0.001 0.001 0.000 0.000 0.015 0.001 0.000 0.001 0.000 0.000 0.000 0.000 0.001 0.081 0.001 0.000 0.000 0.000 0.041 0.001 0.120 0.948 0.010 0.018 0.000 0.004 0.001 0.004 0.001 0.013 
18 turtle_vis 30 0.001 0.000 0.000 0.000 0.044 0.996 0.000 0.110 0.994 0.138 0.000 0.000 0.000 0.000 0.022 0.000 0.000 0.000 0.000 0.000 0.001 0.001 0.001 0.000 0.000 0.000 0.000 0.000 0.001 0.001 0.000 0.000 0.035 0.001 0.000 0.004 0.000 0.000 0.001 0.000 0.002 0.103 0.007 0.000 0.000 0.000 0.029 0.000 0.700 0.983 0.068 0.033 0.001 0.002 0.014 0.008 0.001 0.026 
19 rattlesnake_vis 30 0.001 0.000 0.000 0.000 0.026 0.996 0.000 0.085 0.994 0.080 0.000 0.000 0.000 0.000 0.032 0.000 0.000 0.000 0.000 0.000 0.001 0.001 0.001 0.000 0.000 0.000 0.000 0.000 0.001 0.001 0.000 0.000 0.026 0.001 0.000 0.001 0.000 0.000 0.000 0.000 0.001 0.085 0.002 0.000 0.000 0.000 0.030 0.000 0.381 0.971 0.020 0.030 0.000 0.003 0.003 0.006 0.001 0.016 
20 crab_vis 30 0.001 0.000 0.000 0.000 0.040 0.996 0.000 0.107 0.994 0.128 0.000 0.000 0.000 0.000 0.023 0.000 0.000 0.000 0.000 0.000 0.001 0.001 0.001 0.000 0.000 0.000 0.000 0.000 0.001 0.001 0.000 0.000 0.033 0.001 0.000 0.003 0.000 0.000 0.001 0.000 0.001 0.102 0.006 0.000 0.000 0.000 0.030 0.000 0.663 0.982 0.059 0.031 0.000 0.002 0.011 0.008 0.001 0.025 
21 frog_vis 30 0.001 0.000 0.000 0.000 0.037 0.996 0.000 0.096 0.994 0.110 0.000 0.000 0.000 0.000 0.025 0.000 0.000 0.000 0.000 0.000 0.001 0.001 0.001 0.000 0.000 0.000 0.000 0.000 0.001 0.001 0.000 0.000 0.032 0.001 0.000 0.002 0.000 0.000 0.000 0.000 0.001 0.092 0.004 0.000 0.000 0.000 0.028 0.000 0.585 0.979 0.040 0.032 0.000 0.002 0.008 0.007 0.001 0.020 
22 gecko_vis 30 0.001 0.000 0.000 0.000 0.027 0.996 0.000 0.087 0.994 0.084 0.000 0.000 0.000 0.000 0.031 0.000 0.000 0.000 0.000 0.000 0.001 0.001 0.001 0.000 0.000 0.000 0.000 0.000 0.001 0.001 0.000 0.000 0.026 0.001 0.000 0.001 0.000 0.000 0.000 0.000 0.001 0.087 0.002 0.000 0.000 0.000 0.030 0.000 0.406 0.973 0.022 0.030 0.000 0.003 0.004 0.006 0.001 0.016 
23 crocodile_vis 30 0.001 0.000 0.000 0.000 0.069 0.996 0.000 0.119 0.994 0.184 0.000 0.000 0.000 0.000 0.019 0.000 0.000 0.000 0.000 0.000 0.001 0.001 0.001 0.000 0.000 0.000 0.000 0.000 0.001 0.001 0.000 0.000 0.050 0.001 0.000 0.007 0.000 0.000 0.001 0.000 0.002 0.101 0.015 0.000 0.000 0.000 0.023 0.000 0.828 0.986 0.117 0.044 0.001 0.001 0.036 0.011 0.002 0.030 
24 axe_vis 30 0.002 0.024 0.000 0.000 0.002 0.996 0.000 0.217 0.994 0.009 0.004 0.001 0.001 0.000 0.240 0.000 0.000 0.000 0.000 0.000 0.000 0.002 0.000 0.000 0.000 0.000 0.000 0.000 0.000 0.001 0.000 0.000 0.001 0.000 0.000 0.001 0.000 0.000 0.000 0.000 0.000 0.471 0.000 0.000 0.000 0.002 0.905 0.026 0.001 0.808 0.003 0.000 0.001 0.547 0.000 0.000 0.000 0.059 
25 hammer_vis 30 0.002 0.025 0.000 0.000 0.002 0.996 0.000 0.220 0.994 0.008 0.004 0.001 0.001 0.000 0.248 0.000 0.000 0.000 0.000 0.000 0.000 0.002 0.000 0.000 0.000 0.000 0.000 0.000 0.000 0.001 0.000 0.000 0.001 0.000 0.000 0.001 0.000 0.000 0.000 0.000 0.000 0.474 0.000 0.000 0.000 0.002 0.909 0.027 0.001 0.805 0.003 0.000 0.001 0.559 0.000 0.000 0.000 0.058 
26 screwdriver_vis 30 0.002 0.024 0.000 0.000 0.002 0.996 0.000 0.218 0.994 0.009 0.004 0.001 0.001 0.000 0.241 0.000 0.000 0.000 0.000 0.000 0.000 0.002 0.000 0.000 0.000 0.000 0.000 0.000 0.000 0.001 0.000 0.000 0.001 0.000 0.000 0.001 0.000 0.000 0.000 0.000 0.000 0.473 0.000 0.000 0.000 0.002 0.906 0.026 0.001 0.808 0.003 0.000 0.001 0.549 0.000 0.000 0.000 0.059 
27 chisel_vis 30 0.002 0.025 0.000 0.000 0.002 0.996 0.000 0.218 0.994 0.008 0.004 0.001 0.001 0.000 0.244 0.000 0.000 0.000 0.000 0.000 0.000 0.002 0.000 0.000 0.000 0.000 0.000 0.000 0.000 0.001 0.000 0.000 0.001 0.000 0.000 0.001 0.000 0.000 0.000 0.000 0.000 0.472 0.000 0.000 0.000 0.002 0.905 0.026 0.001 0.806 0.003 0.000 0.001 0.551 0.000 0.000 0.000 0.058 
28 saw_vis 30 0.002 0.025 0.000 0.000 0.002 0.996 0.000 0.220 0.994 0.008 0.004 0.001 0.001 0.000 0.245 0.000 0.000 0.000 0.000 0.000 0.000 0.002 0.000 0.000 0.000 0.000 0.000 0.000 0.000 0.001 0.000 0.000 0.001 0.000 0.000 0.001 0.000 0.000 0.000 0.001 0.000 0.475 0.000 0.000 0.000 0.002 0.910 0.027 0.001 0.805 0.003 0.000 0.001 0.558 0.000 0.000 0.000 0.060 
29 drill_vis 30 0.002 0.024 0.000 0.000 0.002 0.996 0.000 0.220 0.994 0.009 0.004 0.001 0.001 0.000 0.238 0.000 0.000 0.000 0.000 0.000 0.000 0.002 0.000 0.000 0.000 0.000 0.000 0.000 0.000 0.001 0.000 0.000 0.001 0.000 0.000 0.001 0.000 0.000 0.000 0.001 0.000 0.477 0.000 0.000 0.000 0.002 0.908 0.026 0.002 0.810 0.003 0.000 0.001 0.546 0.000 0.000 0.000 0.061 
30 clamp_vis 30 0.002 0.001 0.001 0.000 0.002 0.996 0.004 0.009 0.521 0.786 0.001 0.000 0.000 0.000 0.016 0.000 0.001 0.000 0.000 0.001 0.000 0.019 0.000 0.000 0.000 0.000 0.000 0.000 0.000 0.001 0.000 0.000 0.001 0.000 0.002 0.001 0.001 0.000 0.000 0.001 0.000 0.051 0.000 0.000 0.000 0.000 0.118 0.001 0.001 0.191 0.002 0.000 0.001 0.727 0.000 0.002 0.000 0.594 
31 hoe_vis 30 0.001 0.001 0.000 0.000 0.006 0.995 0.000 0.067 0.994 0.025 0.001 0.000 0.000 0.000 0.056 0.000 0.000 0.000 0.000 0.000 0.001 0.001 0.001 0.000 0.000 0.000 0.000 0.000 0.000 0.001 0.000 0.000 0.006 0.000 0.000 0.001 0.000 0.000 0.000 0.000 0.000 0.112 0.000 0.000 0.000 0.000 0.124 0.001 0.026 0.908 0.006 0.006 0.000 0.010 0.001 0.002 0.001 0.015 
32 rake_vis 30 0.001 0.001 0.000 0.000 0.010 0.995 0.000 0.068 0.994 0.038 0.001 0.000 0.000 0.000 0.051 0.000 0.000 0.000 0.000 0.000 0.001 0.001 0.001 0.000 0.000 0.000 0.000 0.000 0.000 0.001 0.000 0.000 0.011 0.001 0.000 0.001 0.000 0.000 0.000 0.000 0.001 0.086 0.001 0.000 0.000 0.000 0.051 0.001 0.065 0.938 0.007 0.015 0.000 0.005 0.001 0.003 0.001 0.012 
33 shovel_vis 30 0.002 0.001 0.000 0.000 0.003 0.995 0.001 0.020 0.828 0.594 0.001 0.000 0.000 0.000 0.032 0.000 0.001 0.000 0.000 0.000 0.000 0.010 0.000 0.000 0.000 0.000 0.000 0.000 0.000 0.001 0.000 0.000 0.001 0.000 0.001 0.001 0.001 0.000 0.000 0.001 0.000 0.090 0.000 0.000 0.000 0.000 0.250 0.002 0.002 0.324 0.002 0.000 0.001 0.655 0.000 0.001 0.000 0.416 
34 spade_vis 30 0.001 0.001 0.000 0.000 0.011 0.995 0.000 0.079 0.994 0.047 0.001 0.000 0.000 0.000 0.053 0.000 0.000 0.000 0.000 0.000 0.001 0.001 0.001 0.000 0.000 0.000 0.000 0.000 0.001 0.001 0.000 0.000 0.012 0.001 0.000 0.001 0.000 0.000 0.000 0.000 0.001 0.088 0.001 0.000 0.000 0.000 0.046 0.001 0.087 0.950 0.007 0.020 0.000 0.006 0.001 0.004 0.001 0.012 
35 wrench_vis 30 0.001 0.001 0.000 0.000 0.011 0.995 0.000 0.068 0.994 0.039 0.001 0.000 0.000 0.000 0.049 0.000 0.000 0.000 0.000 0.000 0.001 0.001 0.001 0.000 0.000 0.000 0.000 0.000 0.001 0.001 0.000 0.000 0.011 0.001 0.000 0.001 0.000 0.000 0.000 0.000 0.001 0.087 0.001 0.000 0.000 0.000 0.052 0.001 0.071 0.939 0.007 0.015 0.000 0.005 0.001 0.003 0.001 0.012 
36 accordion_vis 30 0.002 0.006 0.000 0.000 0.003 0.995 0.000 0.093 0.994 0.012 0.002 0.001 0.001 0.000 0.092 0.000 0.000 0.000 0.000 0.000 0.000 0.001 0.000 0.000 0.000 0.000 0.000 0.000 0.000 0.001 0.000 0.000 0.002 0.000 0.000 0.001 0.000 0.000 0.000 0.000 0.000 0.245 0.000 0.000 0.000 0.001 0.580 0.004 0.005 0.841 0.005 0.001 0.000 0.083 0.000 0.001 0.000 0.033 
37 cello_vis 30 0.002 0.005 0.000 0.000 0.003 0.995 0.000 0.089 0.994 0.013 0.002 0.001 0.001 0.000 0.087 0.000 0.000 0.000 0.000 0.000 0.000 0.001 0.000 0.000 0.000 0.000 0.000 0.000 0.000 0.001 0.000 0.000 0.002 0.000 0.000 0.001 0.000 0.000 0.000 0.000 0.000 0.221 0.000 0.000 0.000 0.001 0.512 0.003 0.005 0.850 0.005 0.001 0.000 0.064 0.000 0.001 0.000 0.030 
38 flute_vis 30 0.002 0.006 0.000 0.000 0.003 0.995 0.000 0.090 0.994 0.013 0.002 0.001 0.001 0.000 0.088 0.000 0.000 0.000 0.000 0.000 0.000 0.001 0.000 0.000 0.000 0.000 0.000 0.000 0.000 0.001 0.000 0.000 0.002 0.000 0.000 0.001 0.000 0.000 0.000 0.000 0.000 0.236 0.000 0.000 0.000 0.001 0.555 0.004 0.006 0.844 0.005 0.001 0.000 0.076 0.000 0.001 0.000 0.033 
39 guitar_vis 30 0.002 0.005 0.000 0.000 0.003 0.995 0.000 0.088 0.994 0.013 0.002 0.001 0.001 0.000 0.086 0.000 0.000 0.000 0.000 0.000 0.000 0.001 0.000 0.000 0.000 0.000 0.000 0.000 0.000 0.001 0.000 0.000 0.002 0.000 0.000 0.001 0.000 0.000 0.000 0.000 0.000 0.223 0.000 0.000 0.000 0.001 0.519 0.003 0.006 0.848 0.005 0.001 0.000 0.065 0.000 0.001 0.000 0.030 
40 piano_vis 30 0.002 0.006 0.000 0.000 0.003 0.995 0.000 0.096 0.994 0.012 0.002 0.001 0.001 0.000 0.094 0.000 0.000 0.000 0.000 0.000 0.000 0.001 0.000 0.000 0.000 0.000 0.000 0.000 0.000 0.001 0.000 0.000 0.002 0.000 0.000 0.001 0.000 0.000 0.000 0.000 0.000 0.251 0.000 0.000 0.000 0.001 0.590 0.004 0.005 0.844 0.005 0.001 0.000 0.087 0.000 0.001 0.000 0.034 
41 trumpet_vis 30 0.001 0.001 0.000 0.000 0.006 0.995 0.000 0.067 0.994 0.025 0.001 0.000 0.000 0.000 0.059 0.000 0.000 0.000 0.000 0.000 0.001 0.001 0.001 0.000 0.000 0.000 0.000 0.000 0.000 0.001 0.000 0.000 0.005 0.000 0.000 0.001 0.000 0.000 0.000 0.000 0.000 0.107 0.000 0.000 0.000 0.000 0.106 0.001 0.021 0.910 0.006 0.007 0.000 0.010 0.000 0.002 0.001 0.014 
42 fork_vis 30 0.002 0.003 0.000 0.000 0.004 0.995 0.000 0.078 0.994 0.016 0.001 0.001 0.000 0.000 0.070 0.000 0.000 0.000 0.000 0.000 0.000 0.001 0.000 0.000 0.000 0.000 0.000 0.000 0.000 0.001 0.000 0.000 0.002 0.000 0.000 0.001 0.000 0.000 0.000 0.000 0.000 0.182 0.000 0.000 0.000 0.001 0.371 0.002 0.010 0.869 0.007 0.002 0.000 0.033 0.000 0.001 0.000 0.025 
43 spoon_vis 30 0.002 0.002 0.000 0.000 0.004 0.995 0.000 0.070 0.994 0.017 0.001 0.001 0.000 0.000 0.064 0.000 0.000 0.000 0.000 0.000 0.000 0.001 0.000 0.000 0.000 0.000 0.000 0.000 0.000 0.001 0.000 0.000 0.003 0.000 0.000 0.001 0.000 0.000 0.000 0.000 0.000 0.156 0.000 0.000 0.000 0.000 0.283 0.002 0.012 0.874 0.007 0.002 0.000 0.023 0.000 0.001 0.000 0.022 
44 tongs_vis 30 0.001 0.000 0.000 0.000 0.024 0.995 0.000 0.084 0.994 0.088 0.000 0.000 0.000 0.000 0.034 0.000 0.000 0.000 0.000 0.000 0.001 0.001 0.001 0.000 0.000 0.000 0.000 0.000 0.001 0.001 0.000 0.000 0.025 0.001 0.000 0.001 0.000 0.000 0.000 0.000 0.001 0.084 0.002 0.000 0.000 0.000 0.028 0.000 0.361 0.971 0.017 0.031 0.000 0.003 0.003 0.007 0.001 0.016 
45 ladle_vis 30 0.002 0.002 0.000 0.000 0.004 0.995 0.000 0.067 0.994 0.016 0.001 0.001 0.000 0.000 0.066 0.000 0.000 0.000 0.000 0.000 0.000 0.001 0.000 0.000 0.000 0.000 0.000 0.000 0.000 0.001 0.000 0.000 0.003 0.000 0.000 0.001 0.000 0.000 0.000 0.000 0.000 0.153 0.000 0.000 0.000 0.000 0.287 0.002 0.010 0.865 0.006 0.002 0.000 0.023 0.000 0.001 0.000 0.021 
46 knife_vis 30 0.001 0.001 0.000 0.000 0.009 0.995 0.000 0.066 0.994 0.033 0.001 0.000 0.000 0.000 0.047 0.000 0.000 0.000 0.000 0.000 0.001 0.001 0.001 0.000 0.000 0.000 0.000 0.000 0.001 0.001 0.000 0.000 0.009 0.000 0.000 0.001 0.000 0.000 0.000 0.000 0.000 0.096 0.001 0.000 0.000 0.000 0.068 0.001 0.055 0.932 0.009 0.010 0.000 0.006 0.001 0.002 0.001 0.014 
47 chopsticks_vis 30 0.001 0.000 0.000 0.000 0.019 0.995 0.000 0.076 0.994 0.060 0.000 0.000 0.000 0.000 0.038 0.000 0.000 0.000 0.000 0.000 0.001 0.001 0.001 0.000 0.000 0.000 0.000 0.000 0.001 0.001 0.000 0.000 0.020 0.001 0.000 0.001 0.000 0.000 0.000 0.000 0.001 0.084 0.001 0.000 0.000 0.000 0.034 0.000 0.220 0.962 0.013 0.024 0.000 0.003 0.002 0.005 0.001 0.014 
