0 beaver_vis 30 0.996 0.983 0.160 0.003 0.013 0.001 0.000 0.000 0.000 0.000 0.838 0.836 0.010 0.013 0.008 0.994 0.009 0.001 0.000 0.191 0.375 0.590 0.000 0.001 0.000 0.000 0.014 0.000 0.000 0.013 0.227 0.001 0.002 0.007 0.000 0.000 0.001 0.001 0.000 0.000 0.000 0.000 0.004 0.000 0.002 0.619 0.000 0.001 0.044 0.002 0.000 0.000 0.031 0.031 0.000 0.001 0.001 0.000 
1 bear_vis 30 0.996 0.987 0.216 0.003 0.013 0.001 0.001 0.000 0.000 0.000 0.842 0.689 0.017 0.027 0.002 0.994 0.035 0.001 0.000 0.114 0.449 0.668 0.000 0.001 0.000 0.000 0.010 0.001 0.000 0.018 0.251 0.001 0.002 0.007 0.000 0.000 0.001 0.003 0.000 0.000 0.000 0.000 0.008 0.000 0.010 0.887 0.000 0.002 0.081 0.003 0.000 0.000 0.049 0.237 0.000 0.006 0.002 0.000 
2 sheep_vis 30 0.996 0.966 0.001 0.004 0.096 0.001 0.000 0.000 0.000 0.000 0.172 0.282 0.003 0.014 0.001 0.990 0.002 0.000 0.000 0.187 0.010 0.249 0.001 0.001 0.001 0.000 0.019 0.000 0.000 0.013 0.278 0.000 0.002 0.060 0.000 0.000 0.000 0.000 0.000 0.000 0.000 0.000 0.001 0.000 0.798 0.875 0.000 0.041 0.459 0.002 0.000 0.001 0.007 0.013 0.000 0.061 0.000 0.000 
3 buffalo_vis 30 0.996 0.979 0.055 0.005 0.040 0.001 0.001 0.000 0.000 0.000 0.665 0.565 0.015 0.036 0.002 0.994 0.014 0.000 0.000 0.212 0.145 0.458 0.000 0.001 0.000 0.000 0.016 0.001 0.000 0.014 0.243 0.000 0.002 0.020 0.000 0.000 0.001 0.001 0.000 0.000 0.000 0.000 0.003 0.000 0.142 0.884 0.000 0.008 0.171 0.002 0.000 0.001 0.018 0.120 0.000 0.015 0.001 0.000 
4 poodle_vis 30 0.996 0.915 0.001 0.011 0.178 0.001 0.000 0.000 0.000 0.000 0.133 0.395 0.002 0.013 0.002 0.991 0.001 0.001 0.000 0.382 0.006 0.160 0.001 0.001 0.002 0.000 0.102 0.000 0.001 0.017 0.390 0.000 0.003 0.209 0.000 0.000 0.000 0.000 0.000 0.000 0.000 0.000 0.001 0.000 0.818 0.780 0.000 0.041 0.542 0.001 0.000 0.001 0.005 0.004 0.000 0.034 0.000 0.000 
5 giraffe_vis 30 0.996 0.980 0.081 0.005 0.032 0.001 0.001 0.000 0.000 0.000 0.719 0.599 0.017 0.036 0.002 0.994 0.018 0.001 0.000 0.203 0.197 0.487 0.000 0.001 0.000 0.000 0.016 0.000 0.000 0.014 0.245 0.000 0.002 0.017 0.000 0.000 0.001 0.001 0.000 0.000 0.000 0.000 0.004 0.000 0.087 0.883 0.000 0.006 0.146 0.002 0.000 0.001 0.021 0.147 0.000 0.011 0.001 0.000 
6 robin_vis 30 0.992 0.047 0.000 0.005 0.979 0.001 0.000 0.000 0.000 0.001 0.000 0.002 0.000 0.000 0.001 0.968 0.006 0.000 0.000 0.001 0.011 0.001 0.001 0.001 0.000 0.000 0.009 0.001 0.000 0.955 0.023 0.001 0.024 0.040 0.000 0.000 0.000 0.000 0.000 0.000 0.000 0.000 0.024 0.000 0.574 0.012 0.000 0.185 0.017 0.000 0.000 0.000 0.244 0.236 0.000 0.200 0.000 0.000 
7 swan_vis 30 0.993 0.091 0.000 0.007 0.913 0.001 0.000 0.000 0.000 0.000 0.000 0.005 0.000 0.000 0.002 0.992 0.001 0.000 0.000 0.001 0.007 0.001 0.001 0.001 0.001 0.000 0.012 0.001 0.000 0.860 0.018 0.001 0.053 0.099 0.000 0.000 0.000 0.000 0.000 0.000 0.000 0.000 0.003 0.000 0.297 0.002 0.000 0.078 0.018 0.000 0.000 0.000 0.077 0.012 0.000 0.027 0.000 0.000 
8 woodpecker_vis 30 0.996 0.927 0.003 0.004 0.050 0.001 0.000 0.000 0.000 0.000 0.004 0.020 0.001 0.001 0.004 0.994 0.008 0.000 0.000 0.001 0.109 0.031 0.000 0.000 0.000 0.000 0.007 0.002 0.000 0.274 0.007 0.001 0.010 0.008 0.000 0.000 0.000 0.000 0.000 0.000 0.000 0.000 0.006 0.000 0.003 0.005 0.000 0.004 0.004 0.000 0.000 0.000 0.062 0.242 0.000 0.002 0.000 0.000 
9 peacock_vis 30 0.996 0.983 0.195 0.003 0.011 0.001 0.000 0.000 0.000 0.000 0.871 0.828 0.013 0.012 0.005 0.994 0.025 0.001 0.000 0.136 0.363 0.644 0.000 0.000 0.000 0.000 0.011 0.000 0.000 0.014 0.207 0.001 0.003 0.004 0.000 0.000 0.001 0.002 0.000 0.000 0.000 0.000 0.005 0.000 0.003 0.732 0.000 0.001 0.047 0.002 0.000 0.000 0.053 0.082 0.000 0.003 0.002 0.000 
10 crow_vis 30 0.995 0.131 0.000 0.080 0.932 0.001 0.000 0.000 0.000 0.000 0.006 0.119 0.000 0.000 0.002 0.991 0.000 0.001 0.000 0.288 0.006 0.002 0.004 0.003 0.003 0.000 0.697 0.000 0.002 0.276 0.737 0.001 0.036 0.788 0.000 0.000 0.000 0.000 0.000 0.000 0.000 0.000 0.002 0.000 0.450 0.105 0.000 0.020 0.294 0.001 0.000 0.001 0.016 0.001 0.000 0.007 0.000 0.000 
11 eagle_vis 30 0.993 0.074 0.000 0.005 0.971 0.001 0.000 0.000 0.000 0.001 0.000 0.003 0.000 0.000 0.001 0.982 0.005 0.000 0.000 0.001 0.011 0.001 0.001 0.001 0.000 0.000 0.009 0.001 0.000 0.952 0.020 0.001 0.024 0.039 0.000 0.000 0.000 0.000 0.000 0.000 0.000 0.000 0.029 0.000 0.593 0.013 0.000 0.189 0.017 0.000 0.000 0.000 0.251 0.211 0.000 0.225 0.000 0.000 
12 tuna_vis 30 0.996 0.686 0.000 0.002 0.202 0.001 0.000 0.000 0.000 0.000 0.000 0.007 0.000 0.000 0.008 0.994 0.000 0.000 0.000 0.000 0.007 0.011 0.000 0.001 0.000 0.000 0.002 0.002 0.000 0.107 0.003 0.001 0.006 0.006 0.000 0.000 0.000 0.000 0.000 0.000 0.000 0.000 0.002 0.000 0.003 0.001 0.000 0.004 0.005 0.000 0.000 0.000 0.010 0.004 0.000 0.002 0.000 0.000 
13 goldfish_vis 30 0.995 0.472 0.000 0.003 0.712 0.001 0.000 0.000 0.000 0.000 0.001 0.005 0.000 0.000 0.003 0.991 0.000 0.000 0.000 0.001 0.003 0.025 0.000 0.001 0.001 0.000 0.003 0.002 0.000 0.095 0.025 0.000 0.009 0.060 0.000 0.000 0.000 0.000 0.000 0.000 0.000 0.000 0.002 0.000 0.150 0.028 0.000 0.018 0.083 0.000 0.000 0.000 0.008 0.001 0.000 0.028 0.000 0.000 
14 salmon_vis 30 0.995 0.254 0.000 0.018 0.490 0.002 0.000 0.000 0.000 0.000 0.001 0.005 0.000 0.000 0.002 0.994 0.000 0.000 0.000 0.000 0.002 0.022 0.000 0.001 0.001 0.000 0.004 0.004 0.000 0.042 0.030 0.000 0.004 0.018 0.000 0.000 0.000 0.000 0.000 0.000 0.000 0.000 0.005 0.000 0.002 0.003 0.000 0.001 0.021 0.000 0.000 0.000 0.007 0.000 0.000 0.002 0.000 0.000 
15 sardine_vis 30 0.995 0.482 0.000 0.004 0.752 0.001 0.000 0.000 0.000 0.000 0.001 0.004 0.000 0.001 0.002 0.988 0.000 0.000 0.000 0.001 0.003 0.023 0.000 0.001 0.002 0.000 0.006 0.001 0.000 0.075 0.060 0.000 0.012 0.120 0.000 0.000 0.000 0.000 0.000 0.000 0.000 0.000 0.004 0.000 0.273 0.075 0.000 0.016 0.135 0.001 0.000 0.000 0.005 0.001 0.000 0.027 0.000 0.000 
16 catfish_vis 30 0.996 0.944 0.001 0.003 0.044 0.001 0.000 0.000 0.000 0.000 0.001 0.032 0.000 0.001 0.032 0.995 0.000 0.000 0.000 0.001 0.039 0.014 0.000 0.001 0.000 0.000 0.003 0.004 0.000 0.121 0.003 0.000 0.014 0.009 0.000 0.000 0.000 0.000 0.000 0.000 0.000 0.000 0.003 0.000 0.002 0.000 0.000 0.003 0.003 0.000 0.000 0.000 0.011 0.002 0.000 0.001 0.000 0.000 
17 cod_vis 30 0.995 0.529 0.000 0.005 0.739 0.001 0.000 0.000 0.000 0.000 0.001 0.005 0.000 0.001 0.002 0.988 0.000 0.000 0.000 0.002 0.002 0.031 0.000 0.001 0.003 0.000 0.009 0.001 0.000 0.054 0.085 0.000 0.010 0.157 0.000 0.000 0.000 0.000 0.000 0.000 0.000 0.000 0.003 0.000 0.328 0.122 0.000 0.015 0.181 0.001 0.000 0.001 0.004 0.001 0.000 0.029 0.000 0.000 
18 turtle_vis 30 0.995 0.380 0.000 0.003 0.703 0.001 0.000 0.000 0.000 0.000 0.000 0.004 0.000 0.000 0.003 0.994 0.000 0.000 0.000 0.000 0.004 0.011 0.000 0.001 0.001 0.000 0.003 0.004 0.000 0.235 0.004 0.001 0.019 0.026 0.000 0.000 0.000 0.000 0.000 0.000 0.000 0.000 0.003 0.000 0.061 0.002 0.000 0.020 0.016 0.000 0.000 0.000 0.017 0.002 0.000 0.019 0.000 0.000 
19 rattlesnake_vis 30 0.992 0.093 0.000 0.003 0.913 0.001 0.000 0.000 0.000 0.000 0.000 0.002 0.000 0.000 0.001 0.990 0.001 0.000 0.000 0.001 0.005 0.001 0.000 0.001 0.000 0.000 0.005 0.001 0.000 0.761 0.009 0.001 0.034 0.054 0.000 0.000 0.000 0.000 0.000 0.000 0.000 0.000 0.003 0.000 0.221 0.001 0.000 0.069 0.012 0.000 0.000 0.000 0.050 0.016 0.000 0.033 0.000 0.000 
20 crab_vis 30 0.995 0.431 0.000 0.003 0.735 0.001 0.000 0.000 0.000 0.000 0.000 0.005 0.000 0.000 0.003 0.993 0.000 0.000 0.000 0.000 0.004 0.017 0.000 0.001 0.001 0.000 0.002 0.005 0.000 0.202 0.007 0.001 0.015 0.032 0.000 0.000 0.000 0.000 0.000 0.000 0.000 0.000 0.003 0.000 0.125 0.007 0.000 0.025 0.034 0.000 0.000 0.000 0.018 0.003 0.000 0.035 0.000 0.000 
21 frog_vis 30 0.994 0.174 0.000 0.003 0.588 0.001 0.000 0.000 0.000 0.000 0.000 0.002 0.000 0.000 0.002 0.994 0.000 0.000 0.000 0.000 0.004 0.002 0.000 0.001 0.001 0.000 0.003 0.002 0.000 0.182 0.003 0.000 0.032 0.018 0.000 0.000 0.000 0.000 0.000 0.000 0.000 0.000 0.005 0.000 0.007 0.000 0.000 0.005 0.002 0.000 0.000 0.000 0.008 0.001 0.000 0.002 0.000 0.000 
22 gecko_vis 30 0.995 0.354 0.000 0.003 0.683 0.001 0.000 0.000 0.000 0.000 0.000 0.003 0.000 0.000 0.003 0.993 0.000 0.000 0.000 0.000 0.003 0.009 0.000 0.001 0.001 0.000 0.002 0.003 0.000 0.175 0.005 0.000 0.020 0.028 0.000 0.000 0.000 0.000 0.000 0.000 0.000 0.000 0.002 0.000 0.035 0.002 0.000 0.014 0.017 0.000 0.000 0.000 0.011 0.001 0.000 0.011 0.000 0.000 
23 crocodile_vis 30 0.995 0.284 0.000 0.003 0.572 0.001 0.000 0.000 0.000 0.000 0.000 0.004 0.000 0.000 0.004 0.994 0.000 0.000 0.000 0.000 0.004 0.005 0.000 0.001 0.001 0.000 0.003 0.003 0.000 0.251 0.003 0.000 0.032 0.024 0.000 0.000 0.000 0.000 0.000 0.000 0.000 0.000 0.002 0.000 0.008 0.000 0.000 0.008 0.005 0.000 0.000 0.000 0.013 0.001 0.000 0.003 0.000 0.000 
24 axe_vis 30 0.992 0.141 0.000 0.002 0.649 0.002 0.000 0.000 0.001 0.000 0.000 0.001 0.000 0.000 0.003 0.993 0.000 0.000 0.000 0.000 0.004 0.002 0.000 0.001 0.000 0.000 0.001 0.002 0.000 0.247 0.002 0.000 0.024 0.013 0.000 0.001 0.001 0.000 0.000 0.000 0.000 0.000 0.004 0.000 0.003 0.000 0.000 0.006 0.002 0.000 0.000 0.001 0.011 0.001 0.000 0.002 0.000 0.000 
25 hammer_vis 30 0.991 0.095 0.000 0.002 0.742 0.001 0.000 0.000 0.001 0.000 0.000 0.001 0.000 0.000 0.003 0.993 0.000 0.000 0.000 0.000 0.004 0.001 0.000 0.001 0.000 0.000 0.002 0.002 0.000 0.385 0.004 0.000 0.042 0.023 0.000 0.001 0.001 0.000 0.000 0.000 0.000 0.000 0.005 0.000 0.003 0.000 0.000 0.006 0.002 0.000 0.000 0.001 0.014 0.001 0.000 0.002 0.000 0.000 
26 screwdriver_vis 30 0.992 0.128 0.000 0.002 0.435 0.002 0.000 0.000 0.001 0.000 0.000 0.001 0.000 0.000 0.005 0.993 0.000 0.000 0.000 0.000 0.003 0.002 0.000 0.001 0.000 0.000 0.001 0.002 0.000 0.113 0.003 0.000 0.034 0.016 0.000 0.001 0.001 0.000 0.000 0.000 0.000 0.000 0.002 0.000 0.002 0.000 0.000 0.003 0.002 0.000 0.000 0.001 0.006 0.000 0.000 0.001 0.000 0.000 
27 chisel_vis 30 0.992 0.166 0.000 0.002 0.554 0.001 0.000 0.000 0.001 0.000 0.000 0.001 0.000 0.000 0.006 0.993 0.000 0.000 0.000 0.000 0.004 0.002 0.000 0.001 0.001 0.000 0.002 0.002 0.000 0.242 0.003 0.000 0.049 0.026 0.000 0.001 0.001 0.000 0.000 0.000 0.000 0.000 0.003 0.000 0.003 0.000 0.000 0.005 0.002 0.000 0.000 0.001 0.009 0.001 0.000 0.001 0.000 0.000 
28 saw_vis 30 0.993 0.224 0.000 0.002 0.522 0.002 0.000 0.000 0.001 0.000 0.000 0.002 0.000 0.000 0.006 0.994 0.000 0.000 0.000 0.000 0.004 0.004 0.000 0.001 0.000 0.000 0.001 0.004 0.000 0.223 0.002 0.000 0.024 0.011 0.000 0.001 0.001 0.000 0.000 0.000 0.000 0.000 0.005 0.000 0.002 0.000 0.000 0.005 0.002 0.000 0.000 0.001 0.012 0.001 0.000 0.002 0.000 0.000 
29 drill_vis 30 0.993 0.201 0.000 0.002 0.689 0.002 0.000 0.000 0.001 0.000 0.000 0.002 0.000 0.000 0.004 0.993 0.000 0.000 0.000 0.000 0.004 0.004 0.000 0.001 0.000 0.000 0.001 0.003 0.000 0.248 0.002 0.001 0.015 0.007 0.000 0.001 0.001 0.000 0.000 0.000 0.000 0.000 0.005 0.000 0.003 0.000 0.000 0.007 0.003 0.000 0.000 0.000 0.015 0.003 0.000 0.006 0.000 0.000 
30 clamp_vis 30 0.959 0.152 0.000 0.002 0.340 0.199 0.000 0.000 0.001 0.000 0.000 0.001 0.000 0.000 0.005 0.994 0.000 0.000 0.000 0.000 0.004 0.002 0.000 0.001 0.000 0.000 0.001 0.004 0.000 0.119 0.002 0.000 0.024 0.009 0.000 0.001 0.001 0.000 0.000 0.000 0.000 0.000 0.010 0.000 0.001 0.000 0.000 0.003 0.001 0.000 0.000 0.000 0.007 0.001 0.000 0.001 0.000 0.000 
31 hoe_vis 30 0.993 0.193 0.000 0.005 0.562 0.001 0.000 0.000 0.001 0.000 0.000 0.003 0.000 0.000 0.009 0.993 0.000 0.000 0.000 0.000 0.007 0.006 0.000 0.001 0.000 0.000 0.002 0.014 0.000 0.508 0.003 0.001 0.082 0.024 0.000 0.001 0.001 0.000 0.000 0.000 0.000 0.000 0.012 0.000 0.003 0.000 0.000 0.004 0.002 0.000 0.000 0.001 0.026 0.001 0.000 0.001 0.000 0.000 
32 rake_vis 30 0.990 0.197 0.000 0.003 0.461 0.022 0.000 0.000 0.001 0.000 0.000 0.002 0.000 0.000 0.011 0.993 0.000 0.000 0.000 0.000 0.004 0.003 0.000 0.002 0.001 0.000 0.001 0.008 0.000 0.193 0.002 0.000 0.036 0.015 0.000 0.001 0.001 0.000 0.000 0.000 0.000 0.000 0.012 0.000 0.003 0.000 0.000 0.004 0.001 0.000 0.000 0.001 0.008 0.000 0.000 0.001 0.000 0.000 
33 shovel_vis 30 0.993 0.248 0.000 0.003 0.415 0.002 0.000 0.000 0.001 0.000 0.000 0.002 0.000 0.000 0.017 0.993 0.000 0.000 0.000 0.000 0.003 0.002 0.000 0.001 0.001 0.000 0.001 0.003 0.000 0.120 0.002 0.000 0.036 0.025 0.000 0.001 0.001 0.000 0.000 0.000 0.000 0.000 0.003 0.000 0.012 0.000 0.000 0.007 0.002 0.000 0.000 0.001 0.004 0.000 0.000 0.001 0.000 0.000 
34 spade_vis 30 0.976 0.219 0.000 0.003 0.405 0.031 0.000 0.000 0.001 0.000 0.000 0.001 0.000 0.000 0.009 0.993 0.000 0.000 0.000 0.000 0.004 0.003 0.000 0.002 0.001 0.000 0.001 0.003 0.000 0.228 0.002 0.000 0.026 0.015 0.000 0.001 0.001 0.000 0.000 0.000 0.000 0.000 0.028 0.000 0.006 0.000 0.000 0.007 0.002 0.000 0.000 0.001 0.013 0.001 0.000 0.003 0.000 0.000 
35 wrench_vis 30 0.991 0.291 0.000 0.003 0.372 0.002 0.000 0.000 0.001 0.000 0.000 0.002 0.000 0.000 0.022 0.993 0.000 0.000 0.000 0.000 0.003 0.003 0.000 0.002 0.002 0.000 0.001 0.002 0.000 0.177 0.002 0.000 0.037 0.034 0.000 0.001 0.001 0.000 0.000 0.000 0.000 0.000 0.006 0.000 0.025 0.000 0.000 0.012 0.002 0.000 0.000 0.001 0.008 0.001 0.000 0.002 0.000 0.000 
36 accordion_vis 30 0.991 0.344 0.000 0.004 0.513 0.002 0.001 0.000 0.001 0.000 0.001 0.001 0.000 0.000 0.055 0.986 0.001 0.000 0.000 0.000 0.003 0.001 0.001 0.005 0.004 0.000 0.001 0.001 0.000 0.207 0.003 0.000 0.029 0.047 0.000 0.002 0.001 0.000 0.000 0.001 0.000 0.000 0.018 0.000 0.247 0.000 0.000 0.074 0.006 0.000 0.000 0.001 0.008 0.001 0.000 0.009 0.000 0.000 
37 cello_vis 30 0.992 0.216 0.000 0.003 0.526 0.002 0.001 0.000 0.001 0.000 0.001 0.001 0.000 0.000 0.029 0.991 0.000 0.000 0.000 0.000 0.003 0.003 0.000 0.004 0.001 0.000 0.001 0.003 0.000 0.208 0.003 0.000 0.033 0.025 0.000 0.002 0.001 0.000 0.000 0.001 0.000 0.000 0.010 0.000 0.027 0.000 0.000 0.018 0.002 0.000 0.000 0.001 0.009 0.001 0.000 0.002 0.000 0.000 
38 flute_vis 30 0.989 0.072 0.000 0.002 0.711 0.002 0.000 0.000 0.001 0.000 0.000 0.001 0.000 0.000 0.007 0.991 0.000 0.000 0.000 0.000 0.003 0.001 0.000 0.002 0.001 0.000 0.001 0.001 0.000 0.197 0.003 0.000 0.027 0.028 0.000 0.001 0.001 0.000 0.000 0.000 0.000 0.000 0.003 0.000 0.019 0.000 0.000 0.013 0.002 0.000 0.000 0.001 0.005 0.001 0.000 0.001 0.000 0.000 
39 guitar_vis 30 0.987 0.068 0.000 0.002 0.805 0.002 0.000 0.000 0.001 0.000 0.001 0.001 0.000 0.000 0.015 0.984 0.000 0.000 0.000 0.000 0.003 0.001 0.000 0.003 0.001 0.000 0.001 0.001 0.000 0.184 0.003 0.000 0.029 0.035 0.000 0.001 0.001 0.000 0.000 0.000 0.000 0.000 0.007 0.000 0.040 0.000 0.000 0.022 0.003 0.000 0.000 0.001 0.005 0.001 0.000 0.002 0.000 0.000 
40 piano_vis 30 0.991 0.280 0.000 0.003 0.717 0.002 0.001 0.000 0.001 0.000 0.001 0.001 0.000 0.000 0.047 0.989 0.001 0.000 0.000 0.000 0.003 0.003 0.000 0.005 0.001 0.000 0.001 0.002 0.000 0.334 0.003 0.000 0.021 0.027 0.000 0.002 0.001 0.000 0.000 0.001 0.000 0.000 0.020 0.000 0.139 0.001 0.000 0.060 0.004 0.000 0.000 0.001 0.018 0.005 0.000 0.021 0.000 0.000 
41 trumpet_vis 30 0.993 0.524 0.000 0.007 0.560 0.002 0.001 0.000 0.001 0.000 0.001 0.002 0.000 0.000 0.143 0.990 0.001 0.000 0.000 0.000 0.003 0.005 0.001 0.007 0.006 0.000 0.001 0.005 0.000 0.448 0.003 0.000 0.054 0.068 0.000 0.003 0.001 0.000 0.000 0.001 0.000 0.000 0.058 0.000 0.280 0.001 0.000 0.098 0.003 0.000 0.000 0.001 0.019 0.001 0.000 0.013 0.000 0.000 
42 fork_vis 30 0.988 0.033 0.000 0.002 0.861 0.006 0.000 0.000 0.001 0.000 0.000 0.001 0.000 0.000 0.001 0.993 0.000 0.000 0.000 0.000 0.006 0.001 0.000 0.001 0.000 0.000 0.001 0.002 0.000 0.294 0.003 0.001 0.027 0.008 0.000 0.001 0.001 0.000 0.000 0.000 0.000 0.000 0.014 0.000 0.001 0.000 0.000 0.003 0.001 0.000 0.000 0.000 0.012 0.001 0.000 0.001 0.000 0.000 
43 spoon_vis 30 0.970 0.004 0.000 0.003 0.982 0.001 0.000 0.000 0.001 0.000 0.000 0.001 0.000 0.000 0.001 0.955 0.001 0.000 0.000 0.000 0.011 0.000 0.000 0.001 0.000 0.000 0.003 0.003 0.000 0.842 0.018 0.006 0.023 0.007 0.000 0.001 0.000 0.000 0.000 0.000 0.000 0.000 0.003 0.000 0.001 0.000 0.000 0.002 0.003 0.000 0.000 0.000 0.059 0.019 0.000 0.003 0.000 0.000 
44 tongs_vis 30 0.991 0.082 0.000 0.002 0.685 0.002 0.000 0.000 0.001 0.000 0.000 0.001 0.000 0.000 0.002 0.993 0.000 0.000 0.000 0.000 0.005 0.001 0.000 0.001 0.000 0.000 0.001 0.002 0.000 0.260 0.003 0.000 0.031 0.011 0.000 0.001 0.001 0.000 0.000 0.000 0.000 0.000 0.006 0.000 0.001 0.000 0.000 0.004 0.002 0.000 0.000 0.000 0.012 0.001 0.000 0.001 0.000 0.000 
45 ladle_vis 30 0.960 0.003 0.000 0.002 0.988 0.005 0.000 0.000 0.001 0.001 0.000 0.001 0.000 0.000 0.001 0.787 0.001 0.000 0.000 0.000 0.008 0.000 0.000 0.001 0.000 0.000 0.001 0.002 0.000 0.521 0.085 0.009 0.013 0.004 0.000 0.001 0.001 0.001 0.000 0.000 0.000 0.000 0.006 0.000 0.001 0.001 0.000 0.002 0.006 0.000 0.000 0.000 0.025 0.017 0.000 0.003 0.000 0.000 
46 knife_vis 30 0.984 0.012 0.000 0.002 0.871 0.003 0.000 0.000 0.001 0.000 0.000 0.001 0.000 0.000 0.001 0.993 0.000 0.000 0.000 0.000 0.006 0.001 0.000 0.001 0.000 0.000 0.002 0.003 0.000 0.384 0.004 0.001 0.038 0.008 0.000 0.001 0.000 0.000 0.000 0.000 0.000 0.000 0.003 0.000 0.001 0.000 0.000 0.002 0.001 0.000 0.000 0.000 0.014 0.001 0.000 0.001 0.000 0.000 
47 chopsticks_vis 30 0.988 0.033 0.000 0.002 0.835 0.004 0.000 0.000 0.001 0.000 0.000 0.001 0.000 0.000 0.001 0.993 0.000 0.000 0.000 0.000 0.007 0.001 0.000 0.001 0.000 0.000 0.002 0.003 0.000 0.333 0.003 0.001 0.041 0.010 0.000 0.001 0.000 0.000 0.000 0.000 0.000 0.000 0.013 0.000 0.001 0.000 0.000 0.003 0.001 0.000 0.000 0.000 0.015 0.001 0.000 0.001 0.000 0.000 
