0 beaver_vis 30 0.997 0.036 0.000 0.571 0.997 0.001 0.563 0.000 0.000 0.000 0.001 0.000 0.000 0.353 0.012 0.052 0.000 0.000 0.000 0.000 0.004 0.000 0.907 0.005 0.000 0.549 0.668 0.001 0.158 0.093 0.928 0.859 0.979 0.964 0.001 0.940 0.017 0.034 0.108 0.007 0.001 0.000 0.000 0.001 0.001 0.000 0.000 0.000 0.073 0.000 0.000 0.154 0.000 0.000 0.000 0.000 0.000 0.000 
1 bear_vis 30 0.997 0.035 0.000 0.599 0.997 0.001 0.588 0.000 0.000 0.000 0.001 0.000 0.000 0.358 0.012 0.050 0.000 0.000 0.000 0.000 0.004 0.000 0.912 0.005 0.000 0.546 0.677 0.002 0.160 0.096 0.934 0.858 0.979 0.966 0.001 0.941 0.018 0.034 0.113 0.008 0.001 0.000 0.000 0.001 0.001 0.000 0.000 0.000 0.071 0.000 0.000 0.150 0.000 0.000 0.000 0.000 0.000 0.000 
2 sheep_vis 30 0.997 0.036 0.000 0.568 0.997 0.001 0.560 0.000 0.000 0.000 0.001 0.000 0.000 0.353 0.012 0.053 0.000 0.000 0.000 0.000 0.004 0.000 0.907 0.005 0.000 0.549 0.667 0.001 0.158 0.092 0.928 0.860 0.979 0.964 0.001 0.940 0.016 0.034 0.108 0.007 0.001 0.000 0.000 0.001 0.001 0.000 0.000 0.000 0.074 0.000 0.000 0.154 0.000 0.000 0.000 0.000 0.000 0.000 
3 buffalo_vis 30 0.997 0.035 0.000 0.610 0.997 0.001 0.596 0.000 0.000 0.000 0.001 0.000 0.000 0.361 0.012 0.049 0.000 0.000 0.000 0.000 0.004 0.000 0.914 0.005 0.000 0.547 0.682 0.002 0.161 0.097 0.937 0.859 0.979 0.966 0.001 0.942 0.018 0.034 0.115 0.008 0.001 0.000 0.000 0.001 0.001 0.000 0.000 0.000 0.070 0.000 0.000 0.150 0.000 0.000 0.000 0.000 0.000 0.000 
4 poodle_vis 30 0.997 0.036 0.000 0.565 0.997 0.001 0.558 0.000 0.000 0.000 0.001 0.000 0.000 0.352 0.012 0.053 0.000 0.000 0.000 0.000 0.004 0.000 0.906 0.005 0.000 0.549 0.666 0.001 0.158 0.092 0.927 0.859 0.979 0.963 0.001 0.940 0.016 0.034 0.107 0.007 0.001 0.000 0.000 0.001 0.001 0.000 0.000 0.000 0.074 0.000 0.000 0.154 0.000 0.000 0.000 0.000 0.000 0.000 
5 giraffe_vis 30 0.997 0.035 0.000 0.607 0.997 0.001 0.594 0.000 0.000 0.000 0.001 0.000 0.000 0.360 0.012 0.049 0.000 0.000 0.000 0.000 0.004 0.000 0.914 0.005 0.000 0.546 0.680 0.002 0.161 0.097 0.936 0.859 0.979 0.966 0.001 0.942 0.018 0.034 0.114 0.008 0.001 0.000 0.000 0.001 0.001 0.000 0.000 0.000 0.070 0.000 0.000 0.150 0.000 0.000 0.000 0.000 0.000 0.000 
6 robin_vis 30 0.997 0.035 0.000 0.623 0.997 0.001 0.608 0.000 0.000 0.000 0.001 0.000 0.000 0.363 0.013 0.048 0.000 0.000 0.000 0.000 0.004 0.000 0.917 0.005 0.000 0.545 0.686 0.002 0.162 0.098 0.939 0.859 0.979 0.967 0.001 0.943 0.019 0.034 0.117 0.008 0.001 0.000 0.000 0.002 0.001 0.000 0.000 0.000 0.069 0.000 0.000 0.148 0.000 0.000 0.000 0.000 0.000 0.000 
7 swan_vis 30 0.997 0.035 0.000 0.626 0.997 0.001 0.609 0.000 0.000 0.000 0.001 0.000 0.000 0.364 0.013 0.048 0.000 0.000 0.000 0.000 0.004 0.000 0.917 0.005 0.000 0.546 0.687 0.002 0.162 0.099 0.940 0.859 0.979 0.967 0.001 0.943 0.019 0.035 0.118 0.008 0.001 0.000 0.000 0.002 0.001 0.000 0.000 0.000 0.069 0.000 0.000 0.148 0.000 0.000 0.000 0.000 0.000 0.000 
8 woodpecker_vis 30 0.997 0.036 0.000 0.563 0.997 0.001 0.557 0.000 0.000 0.000 0.001 0.000 0.000 0.352 0.012 0.053 0.000 0.000 0.000 0.000 0.004 0.000 0.906 0.005 0.000 0.548 0.665 0.001 0.158 0.092 0.926 0.859 0.979 0.963 0.001 0.940 0.016 0.034 0.107 0.007 0.001 0.000 0.000 0.001 0.001 0.000 0.000 0.000 0.074 0.000 0.000 0.153 0.000 0.000 0.000 0.000 0.000 0.000 
9 peacock_vis 30 0.997 0.036 0.000 0.551 0.997 0.001 0.547 0.000 0.000 0.000 0.001 0.000 0.000 0.350 0.011 0.054 0.000 0.000 0.000 0.000 0.004 0.000 0.903 0.005 0.000 0.549 0.662 0.001 0.156 0.091 0.924 0.860 0.979 0.963 0.001 0.939 0.016 0.034 0.106 0.006 0.001 0.000 0.000 0.001 0.001 0.000 0.000 0.000 0.075 0.000 0.000 0.154 0.000 0.000 0.000 0.000 0.000 0.000 
10 crow_vis 30 0.997 0.035 0.000 0.620 0.997 0.001 0.605 0.000 0.000 0.000 0.001 0.000 0.000 0.363 0.012 0.048 0.000 0.000 0.000 0.000 0.004 0.000 0.916 0.005 0.000 0.546 0.685 0.002 0.162 0.098 0.939 0.859 0.979 0.967 0.001 0.943 0.019 0.034 0.117 0.008 0.001 0.000 0.000 0.002 0.001 0.000 0.000 0.000 0.069 0.000 0.000 0.149 0.000 0.000 0.000 0.000 0.000 0.000 
11 eagle_vis 30 0.997 0.035 0.000 0.605 0.997 0.001 0.593 0.000 0.000 0.000 0.001 0.000 0.000 0.359 0.012 0.049 0.000 0.000 0.000 0.000 0.004 0.000 0.914 0.005 0.000 0.546 0.680 0.002 0.161 0.097 0.936 0.859 0.979 0.966 0.001 0.942 0.018 0.034 0.114 0.008 0.001 0.000 0.000 0.001 0.001 0.000 0.000 0.000 0.070 0.000 0.000 0.150 0.000 0.000 0.000 0.000 0.000 0.000 
12 tuna_vis 30 0.997 0.037 0.000 0.547 0.997 0.001 0.543 0.000 0.000 0.000 0.001 0.000 0.000 0.350 0.011 0.054 0.000 0.000 0.000 0.000 0.004 0.000 0.903 0.005 0.000 0.549 0.661 0.001 0.156 0.090 0.923 0.860 0.979 0.962 0.001 0.938 0.016 0.034 0.105 0.006 0.001 0.000 0.000 0.001 0.001 0.000 0.000 0.000 0.075 0.000 0.000 0.154 0.000 0.000 0.000 0.000 0.000 0.000 
13 goldfish_vis 30 0.997 0.037 0.000 0.549 0.997 0.001 0.544 0.000 0.000 0.000 0.001 0.000 0.000 0.351 0.011 0.054 0.000 0.000 0.000 0.000 0.004 0.000 0.903 0.005 0.000 0.550 0.662 0.001 0.156 0.091 0.923 0.860 0.979 0.963 0.001 0.939 0.016 0.034 0.105 0.006 0.001 0.000 0.000 0.001 0.001 0.000 0.000 0.000 0.075 0.000 0.000 0.154 0.000 0.000 0.000 0.000 0.000 0.000 
14 salmon_vis 30 0.997 0.037 0.000 0.548 0.997 0.001 0.543 0.000 0.000 0.000 0.001 0.000 0.000 0.350 0.011 0.054 0.000 0.000 0.000 0.000 0.004 0.000 0.903 0.005 0.000 0.549 0.661 0.001 0.156 0.090 0.923 0.860 0.979 0.963 0.001 0.938 0.016 0.034 0.105 0.006 0.001 0.000 0.000 0.001 0.001 0.000 0.000 0.000 0.075 0.000 0.000 0.154 0.000 0.000 0.000 0.000 0.000 0.000 
15 sardine_vis 30 0.997 0.037 0.000 0.548 0.997 0.001 0.542 0.000 0.000 0.000 0.001 0.000 0.000 0.351 0.011 0.054 0.000 0.000 0.000 0.000 0.004 0.000 0.903 0.005 0.000 0.551 0.662 0.001 0.156 0.090 0.923 0.861 0.979 0.963 0.001 0.939 0.015 0.033 0.105 0.006 0.001 0.000 0.000 0.001 0.001 0.000 0.000 0.000 0.076 0.000 0.000 0.155 0.000 0.000 0.000 0.000 0.000 0.000 
16 catfish_vis 30 0.997 0.037 0.000 0.550 0.997 0.001 0.545 0.000 0.000 0.000 0.001 0.000 0.000 0.351 0.011 0.054 0.000 0.000 0.000 0.000 0.004 0.000 0.903 0.005 0.000 0.550 0.662 0.001 0.156 0.091 0.923 0.860 0.979 0.963 0.001 0.939 0.016 0.034 0.106 0.006 0.001 0.000 0.000 0.001 0.001 0.000 0.000 0.000 0.075 0.000 0.000 0.154 0.000 0.000 0.000 0.000 0.000 0.000 
17 cod_vis 30 0.997 0.037 0.000 0.547 0.997 0.001 0.542 0.000 0.000 0.000 0.001 0.000 0.000 0.351 0.011 0.055 0.000 0.000 0.000 0.000 0.004 0.000 0.903 0.005 0.000 0.551 0.662 0.001 0.156 0.090 0.922 0.861 0.979 0.963 0.001 0.939 0.015 0.033 0.105 0.006 0.001 0.000 0.000 0.001 0.001 0.000 0.000 0.000 0.076 0.000 0.000 0.155 0.000 0.000 0.000 0.000 0.000 0.000 
18 turtle_vis 30 0.997 0.036 0.000 0.549 0.997 0.001 0.544 0.000 0.000 0.000 0.001 0.000 0.000 0.350 0.011 0.054 0.000 0.000 0.000 0.000 0.004 0.000 0.903 0.005 0.000 0.550 0.661 0.001 0.157 0.090 0.923 0.860 0.979 0.962 0.001 0.939 0.016 0.034 0.105 0.006 0.001 0.000 0.000 0.001 0.001 0.000 0.000 0.000 0.075 0.000 0.000 0.155 0.000 0.000 0.000 0.000 0.000 0.000 
19 rattlesnake_vis 30 0.997 0.037 0.000 0.546 0.997 0.001 0.542 0.000 0.000 0.000 0.001 0.000 0.000 0.350 0.011 0.055 0.000 0.000 0.000 0.000 0.004 0.000 0.903 0.005 0.000 0.550 0.660 0.001 0.156 0.090 0.922 0.860 0.979 0.962 0.001 0.939 0.016 0.034 0.105 0.006 0.001 0.000 0.000 0.001 0.001 0.000 0.000 0.000 0.075 0.000 0.000 0.155 0.000 0.000 0.000 0.000 0.000 0.000 
20 crab_vis 30 0.997 0.037 0.000 0.546 0.997 0.001 0.542 0.000 0.000 0.000 0.001 0.000 0.000 0.350 0.011 0.054 0.000 0.000 0.000 0.000 0.004 0.000 0.902 0.005 0.000 0.549 0.660 0.001 0.156 0.090 0.922 0.860 0.979 0.962 0.001 0.938 0.016 0.034 0.105 0.006 0.001 0.000 0.000 0.001 0.001 0.000 0.000 0.000 0.075 0.000 0.000 0.154 0.000 0.000 0.000 0.000 0.000 0.000 
21 frog_vis 30 0.997 0.037 0.000 0.544 0.997 0.001 0.540 0.000 0.000 0.000 0.001 0.000 0.000 0.350 0.011 0.055 0.000 0.000 0.000 0.000 0.004 0.000 0.902 0.005 0.000 0.550 0.660 0.001 0.156 0.090 0.922 0.860 0.979 0.962 0.001 0.938 0.015 0.033 0.105 0.006 0.001 0.000 0.000 0.001 0.001 0.000 0.000 0.000 0.076 0.000 0.000 0.155 0.000 0.000 0.000 0.000 0.000 0.000 
22 gecko_vis 30 0.997 0.036 0.000 0.547 0.997 0.001 0.543 0.000 0.000 0.000 0.001 0.000 0.000 0.350 0.011 0.054 0.000 0.000 0.000 0.000 0.004 0.000 0.902 0.005 0.000 0.549 0.660 0.001 0.156 0.090 0.922 0.860 0.979 0.962 0.001 0.938 0.016 0.034 0.105 0.006 0.001 0.000 0.000 0.001 0.001 0.000 0.000 0.000 0.075 0.000 0.000 0.154 0.000 0.000 0.000 0.000 0.000 0.000 
23 crocodile_vis 30 0.997 0.037 0.000 0.546 0.997 0.001 0.542 0.000 0.000 0.000 0.001 0.000 0.000 0.350 0.011 0.054 0.000 0.000 0.000 0.000 0.004 0.000 0.903 0.005 0.000 0.550 0.660 0.001 0.156 0.090 0.922 0.860 0.979 0.962 0.001 0.938 0.016 0.034 0.105 0.006 0.001 0.000 0.000 0.001 0.001 0.000 0.000 0.000 0.075 0.000 0.000 0.155 0.000 0.000 0.000 0.000 0.000 0.000 
24 axe_vis 30 0.997 0.036 0.000 0.578 0.997 0.001 0.564 0.000 0.000 0.000 0.001 0.000 0.000 0.352 0.012 0.053 0.000 0.000 0.000 0.000 0.004 0.000 0.911 0.005 0.000 0.557 0.667 0.001 0.163 0.092 0.930 0.859 0.980 0.964 0.001 0.944 0.017 0.034 0.107 0.007 0.001 0.000 0.000 0.001 0.001 0.000 0.000 0.000 0.074 0.000 0.000 0.161 0.000 0.000 0.000 0.000 0.000 0.000 
25 hammer_vis 30 0.997 0.037 0.000 0.535 0.997 0.001 0.531 0.000 0.000 0.000 0.001 0.000 0.000 0.350 0.011 0.056 0.000 0.000 0.000 0.000 0.004 0.000 0.901 0.005 0.000 0.554 0.659 0.001 0.155 0.089 0.920 0.862 0.979 0.962 0.001 0.939 0.015 0.033 0.104 0.006 0.001 0.000 0.000 0.001 0.001 0.000 0.000 0.000 0.077 0.000 0.000 0.156 0.000 0.000 0.000 0.000 0.000 0.000 
26 screwdriver_vis 30 0.997 0.036 0.000 0.550 0.997 0.001 0.545 0.000 0.000 0.000 0.001 0.000 0.000 0.350 0.011 0.054 0.000 0.000 0.000 0.000 0.004 0.000 0.903 0.005 0.000 0.550 0.661 0.001 0.157 0.090 0.923 0.860 0.979 0.962 0.001 0.939 0.016 0.034 0.105 0.006 0.001 0.000 0.000 0.001 0.001 0.000 0.000 0.000 0.075 0.000 0.000 0.155 0.000 0.000 0.000 0.000 0.000 0.000 
27 chisel_vis 30 0.997 0.035 0.000 0.641 0.997 0.001 0.619 0.000 0.000 0.000 0.001 0.000 0.000 0.364 0.013 0.048 0.000 0.000 0.000 0.000 0.004 0.000 0.922 0.006 0.000 0.553 0.689 0.002 0.168 0.099 0.944 0.858 0.980 0.968 0.001 0.947 0.021 0.035 0.117 0.009 0.001 0.000 0.000 0.002 0.001 0.000 0.000 0.000 0.069 0.000 0.000 0.156 0.000 0.000 0.000 0.000 0.000 0.000 
28 saw_vis 30 0.997 0.037 0.000 0.543 0.997 0.001 0.539 0.000 0.000 0.000 0.001 0.000 0.000 0.350 0.011 0.055 0.000 0.000 0.000 0.000 0.004 0.000 0.902 0.005 0.000 0.550 0.660 0.001 0.156 0.090 0.921 0.861 0.979 0.962 0.001 0.938 0.015 0.033 0.105 0.006 0.001 0.000 0.000 0.001 0.001 0.000 0.000 0.000 0.076 0.000 0.000 0.155 0.000 0.000 0.000 0.000 0.000 0.000 
29 drill_vis 30 0.997 0.037 0.000 0.547 0.997 0.001 0.543 0.000 0.000 0.000 0.001 0.000 0.000 0.350 0.011 0.054 0.000 0.000 0.000 0.000 0.004 0.000 0.903 0.005 0.000 0.549 0.661 0.001 0.156 0.090 0.923 0.860 0.979 0.962 0.001 0.938 0.016 0.034 0.105 0.006 0.001 0.000 0.000 0.001 0.001 0.000 0.000 0.000 0.075 0.000 0.000 0.154 0.000 0.000 0.000 0.000 0.000 0.000 
30 clamp_vis 30 0.997 0.036 0.000 0.580 0.997 0.001 0.564 0.000 0.000 0.000 0.001 0.000 0.000 0.357 0.012 0.053 0.000 0.000 0.000 0.000 0.004 0.000 0.911 0.005 0.000 0.558 0.673 0.001 0.161 0.092 0.930 0.862 0.980 0.965 0.001 0.943 0.017 0.034 0.109 0.007 0.001 0.000 0.000 0.001 0.001 0.000 0.000 0.000 0.075 0.000 0.000 0.158 0.000 0.000 0.000 0.000 0.000 0.000 
31 hoe_vis 30 0.997 0.036 0.000 0.572 0.997 0.001 0.561 0.000 0.000 0.000 0.001 0.000 0.000 0.352 0.012 0.053 0.000 0.000 0.000 0.000 0.004 0.000 0.909 0.005 0.000 0.553 0.667 0.001 0.160 0.092 0.929 0.859 0.979 0.964 0.001 0.942 0.017 0.034 0.107 0.007 0.001 0.000 0.000 0.001 0.001 0.000 0.000 0.000 0.074 0.000 0.000 0.157 0.000 0.000 0.000 0.000 0.000 0.000 
32 rake_vis 30 0.997 0.037 0.000 0.542 0.997 0.001 0.536 0.000 0.000 0.000 0.001 0.000 0.000 0.351 0.011 0.055 0.000 0.000 0.000 0.000 0.004 0.000 0.902 0.005 0.000 0.554 0.662 0.001 0.155 0.089 0.921 0.863 0.979 0.962 0.001 0.939 0.015 0.033 0.105 0.006 0.001 0.000 0.000 0.001 0.001 0.000 0.000 0.000 0.077 0.000 0.000 0.156 0.000 0.000 0.000 0.000 0.000 0.000 
33 shovel_vis 30 0.997 0.036 0.000 0.572 0.997 0.001 0.556 0.000 0.000 0.000 0.001 0.000 0.000 0.353 0.012 0.055 0.000 0.000 0.000 0.001 0.004 0.000 0.911 0.005 0.000 0.561 0.667 0.001 0.163 0.090 0.929 0.861 0.980 0.963 0.001 0.944 0.017 0.034 0.106 0.007 0.001 0.000 0.000 0.001 0.001 0.000 0.000 0.000 0.076 0.000 0.000 0.164 0.000 0.000 0.000 0.000 0.000 0.000 
34 spade_vis 30 0.997 0.037 0.000 0.544 0.997 0.001 0.539 0.000 0.000 0.000 0.001 0.000 0.000 0.350 0.011 0.055 0.000 0.000 0.000 0.000 0.004 0.000 0.902 0.005 0.000 0.551 0.661 0.001 0.156 0.090 0.922 0.861 0.979 0.962 0.001 0.939 0.015 0.033 0.105 0.006 0.001 0.000 0.000 0.001 0.001 0.000 0.000 0.000 0.076 0.000 0.000 0.155 0.000 0.000 0.000 0.000 0.000 0.000 
35 wrench_vis 30 0.997 0.035 0.000 0.646 0.997 0.001 0.622 0.000 0.000 0.000 0.001 0.000 0.000 0.365 0.013 0.048 0.000 0.000 0.000 0.000 0.004 0.000 0.923 0.006 0.000 0.555 0.691 0.002 0.169 0.099 0.945 0.859 0.980 0.968 0.001 0.948 0.021 0.035 0.118 0.009 0.001 0.000 0.000 0.002 0.001 0.000 0.000 0.000 0.069 0.000 0.000 0.157 0.000 0.000 0.000 0.000 0.000 0.000 
36 accordion_vis 30 0.997 0.035 0.000 0.651 0.997 0.001 0.628 0.000 0.000 0.000 0.001 0.000 0.000 0.365 0.013 0.047 0.000 0.000 0.000 0.000 0.004 0.000 0.924 0.006 0.000 0.553 0.691 0.002 0.170 0.100 0.945 0.857 0.980 0.968 0.001 0.948 0.021 0.035 0.118 0.009 0.001 0.000 0.000 0.002 0.001 0.000 0.000 0.000 0.068 0.000 0.000 0.156 0.000 0.000 0.000 0.000 0.000 0.000 
37 cello_vis 30 0.997 0.035 0.000 0.639 0.997 0.001 0.617 0.000 0.000 0.000 0.001 0.000 0.000 0.363 0.013 0.048 0.000 0.000 0.000 0.000 0.004 0.000 0.922 0.006 0.000 0.554 0.688 0.002 0.168 0.098 0.943 0.858 0.980 0.967 0.001 0.947 0.020 0.035 0.117 0.009 0.001 0.000 0.000 0.002 0.001 0.000 0.000 0.000 0.069 0.000 0.000 0.156 0.000 0.000 0.000 0.000 0.000 0.000 
38 flute_vis 30 0.997 0.035 0.000 0.649 0.997 0.001 0.626 0.000 0.000 0.000 0.001 0.000 0.000 0.365 0.013 0.047 0.000 0.000 0.000 0.000 0.004 0.000 0.924 0.006 0.000 0.553 0.691 0.002 0.169 0.100 0.945 0.858 0.980 0.968 0.001 0.948 0.021 0.035 0.118 0.009 0.001 0.000 0.000 0.002 0.001 0.000 0.000 0.000 0.068 0.000 0.000 0.156 0.000 0.000 0.000 0.000 0.000 0.000 
39 guitar_vis 30 0.997 0.035 0.000 0.653 0.997 0.001 0.629 0.000 0.000 0.000 0.001 0.000 0.000 0.365 0.013 0.047 0.000 0.000 0.000 0.000 0.004 0.000 0.924 0.006 0.000 0.553 0.692 0.002 0.170 0.100 0.946 0.857 0.980 0.968 0.001 0.948 0.021 0.035 0.119 0.009 0.002 0.000 0.000 0.002 0.001 0.000 0.000 0.000 0.068 0.000 0.000 0.156 0.000 0.000 0.000 0.000 0.000 0.000 
40 piano_vis 30 0.997 0.035 0.000 0.629 0.997 0.001 0.610 0.000 0.000 0.000 0.001 0.000 0.000 0.362 0.013 0.048 0.000 0.000 0.000 0.000 0.004 0.000 0.919 0.005 0.000 0.551 0.685 0.002 0.166 0.098 0.941 0.858 0.979 0.967 0.001 0.945 0.020 0.034 0.116 0.008 0.001 0.000 0.000 0.002 0.001 0.000 0.000 0.000 0.069 0.000 0.000 0.155 0.000 0.000 0.000 0.000 0.000 0.000 
41 trumpet_vis 30 0.997 0.035 0.000 0.637 0.997 0.001 0.614 0.000 0.000 0.000 0.001 0.000 0.000 0.364 0.013 0.049 0.000 0.000 0.000 0.000 0.004 0.000 0.922 0.006 0.000 0.556 0.688 0.002 0.168 0.098 0.943 0.859 0.980 0.967 0.001 0.947 0.020 0.034 0.116 0.008 0.001 0.000 0.000 0.002 0.001 0.000 0.000 0.000 0.070 0.000 0.000 0.157 0.000 0.000 0.000 0.000 0.000 0.000 
42 fork_vis 30 0.997 0.036 0.000 0.547 0.997 0.001 0.543 0.000 0.000 0.000 0.001 0.000 0.000 0.350 0.011 0.054 0.000 0.000 0.000 0.000 0.004 0.000 0.903 0.005 0.000 0.549 0.660 0.001 0.156 0.090 0.923 0.860 0.979 0.962 0.001 0.938 0.016 0.034 0.105 0.006 0.001 0.000 0.000 0.001 0.001 0.000 0.000 0.000 0.075 0.000 0.000 0.154 0.000 0.000 0.000 0.000 0.000 0.000 
43 spoon_vis 30 0.997 0.036 0.000 0.551 0.997 0.001 0.547 0.000 0.000 0.000 0.001 0.000 0.000 0.350 0.011 0.054 0.000 0.000 0.000 0.000 0.004 0.000 0.903 0.005 0.000 0.548 0.661 0.001 0.156 0.091 0.923 0.860 0.979 0.963 0.001 0.939 0.016 0.034 0.106 0.006 0.001 0.000 0.000 0.001 0.001 0.000 0.000 0.000 0.075 0.000 0.000 0.154 0.000 0.000 0.000 0.000 0.000 0.000 
44 tongs_vis 30 0.997 0.037 0.000 0.539 0.997 0.001 0.534 0.000 0.000 0.000 0.001 0.000 0.000 0.350 0.011 0.055 0.000 0.000 0.000 0.000 0.004 0.000 0.901 0.005 0.000 0.552 0.660 0.001 0.155 0.089 0.920 0.862 0.979 0.962 0.001 0.939 0.015 0.033 0.104 0.006 0.001 0.000 0.000 0.001 0.001 0.000 0.000 0.000 0.077 0.000 0.000 0.155 0.000 0.000 0.000 0.000 0.000 0.000 
45 ladle_vis 30 0.997 0.036 0.000 0.553 0.997 0.001 0.548 0.000 0.000 0.000 0.001 0.000 0.000 0.351 0.011 0.054 0.000 0.000 0.000 0.000 0.004 0.000 0.904 0.005 0.000 0.548 0.662 0.001 0.156 0.091 0.924 0.860 0.979 0.963 0.001 0.939 0.016 0.034 0.106 0.006 0.001 0.000 0.000 0.001 0.001 0.000 0.000 0.000 0.075 0.000 0.000 0.153 0.000 0.000 0.000 0.000 0.000 0.000 
46 knife_vis 30 0.997 0.036 0.000 0.553 0.997 0.001 0.548 0.000 0.000 0.000 0.001 0.000 0.000 0.351 0.011 0.054 0.000 0.000 0.000 0.000 0.004 0.000 0.904 0.005 0.000 0.549 0.662 0.001 0.157 0.091 0.924 0.860 0.979 0.963 0.001 0.939 0.016 0.034 0.106 0.006 0.001 0.000 0.000 0.001 0.001 0.000 0.000 0.000 0.075 0.000 0.000 0.154 0.000 0.000 0.000 0.000 0.000 0.000 
47 chopsticks_vis 30 0.997 0.037 0.000 0.548 0.997 0.001 0.543 0.000 0.000 0.000 0.001 0.000 0.000 0.351 0.011 0.054 0.000 0.000 0.000 0.000 0.004 0.000 0.903 0.005 0.000 0.550 0.661 0.001 0.156 0.090 0.923 0.861 0.979 0.963 0.001 0.939 0.016 0.034 0.105 0.006 0.001 0.000 0.000 0.001 0.001 0.000 0.000 0.000 0.076 0.000 0.000 0.154 0.000 0.000 0.000 0.000 0.000 0.000 
