0 beaver_vis 30 0.995 0.851 0.005 0.001 0.001 0.001 0.001 0.001 0.001 0.003 0.006 0.005 0.430 0.000 0.003 0.003 0.049 0.001 0.001 0.005 0.001 0.002 0.000 0.000 0.001 0.002 0.001 0.017 0.000 0.001 0.001 0.001 0.000 0.012 0.001 0.001 0.000 0.000 0.001 0.001 0.001 0.001 0.001 0.001 0.001 0.001 0.001 0.001 0.001 0.000 0.001 0.001 0.005 0.001 0.003 0.001 0.001 0.002 
1 bear_vis 30 0.995 0.003 0.007 0.030 0.002 0.001 0.001 0.001 0.001 0.003 0.000 0.000 0.001 0.001 0.001 0.001 0.000 0.001 0.001 0.015 0.002 0.003 0.000 0.027 0.001 0.002 0.001 0.001 0.000 0.000 0.001 0.001 0.000 0.001 0.001 0.000 0.000 0.000 0.001 0.001 0.001 0.001 0.001 0.001 0.000 0.001 0.001 0.001 0.001 0.000 0.001 0.001 0.000 0.001 0.002 0.002 0.001 0.000 
2 sheep_vis 30 0.994 0.723 0.013 0.001 0.001 0.001 0.001 0.002 0.001 0.004 0.004 0.005 0.163 0.001 0.002 0.004 0.044 0.001 0.002 0.010 0.002 0.006 0.000 0.000 0.001 0.003 0.001 0.018 0.000 0.001 0.001 0.001 0.000 0.003 0.001 0.001 0.000 0.000 0.001 0.001 0.001 0.001 0.001 0.001 0.001 0.001 0.001 0.001 0.001 0.000 0.001 0.001 0.004 0.002 0.003 0.002 0.001 0.003 
3 buffalo_vis 30 0.995 0.187 0.004 0.005 0.001 0.001 0.001 0.001 0.001 0.003 0.001 0.004 0.004 0.004 0.003 0.001 0.003 0.001 0.003 0.006 0.002 0.004 0.000 0.013 0.001 0.002 0.001 0.013 0.000 0.008 0.001 0.001 0.000 0.001 0.001 0.001 0.000 0.000 0.001 0.001 0.001 0.001 0.001 0.001 0.000 0.001 0.001 0.001 0.001 0.001 0.001 0.001 0.001 0.001 0.002 0.002 0.001 0.002 
4 poodle_vis 30 0.994 0.636 0.004 0.001 0.001 0.001 0.001 0.001 0.001 0.004 0.003 0.005 0.088 0.001 0.002 0.002 0.018 0.001 0.002 0.012 0.001 0.002 0.000 0.000 0.001 0.002 0.001 0.013 0.000 0.002 0.000 0.001 0.000 0.001 0.001 0.001 0.000 0.000 0.001 0.001 0.001 0.001 0.001 0.001 0.001 0.001 0.001 0.001 0.001 0.000 0.001 0.001 0.002 0.002 0.004 0.001 0.001 0.003 
5 giraffe_vis 30 0.995 0.577 0.004 0.001 0.001 0.001 0.001 0.001 0.001 0.003 0.001 0.004 0.002 0.005 0.020 0.001 0.002 0.001 0.001 0.012 0.001 0.003 0.000 0.015 0.001 0.003 0.001 0.001 0.000 0.004 0.000 0.001 0.000 0.000 0.001 0.001 0.000 0.000 0.001 0.001 0.001 0.001 0.001 0.001 0.000 0.001 0.001 0.001 0.001 0.000 0.001 0.001 0.001 0.001 0.002 0.001 0.001 0.005 
6 robin_vis 30 0.992 0.101 0.122 0.001 0.001 0.186 0.001 0.002 0.023 0.011 0.002 0.001 0.003 0.000 0.003 0.006 0.566 0.025 0.002 0.011 0.002 0.005 0.000 0.000 0.001 0.001 0.001 0.004 0.001 0.003 0.001 0.001 0.000 0.025 0.001 0.001 0.000 0.000 0.002 0.001 0.001 0.003 0.002 0.001 0.001 0.001 0.004 0.001 0.001 0.000 0.001 0.049 0.061 0.001 0.013 0.003 0.001 0.003 
7 swan_vis 30 0.993 0.001 0.931 0.001 0.239 0.346 0.001 0.002 0.001 0.015 0.000 0.000 0.005 0.000 0.001 0.001 0.009 0.456 0.002 0.064 0.002 0.006 0.000 0.000 0.001 0.001 0.001 0.000 0.001 0.001 0.001 0.004 0.001 0.687 0.001 0.001 0.000 0.000 0.001 0.001 0.001 0.001 0.001 0.001 0.001 0.001 0.021 0.001 0.003 0.000 0.001 0.027 0.046 0.000 0.034 0.004 0.001 0.001 
8 woodpecker_vis 30 0.992 0.154 0.096 0.001 0.001 0.049 0.001 0.003 0.001 0.021 0.001 0.002 0.011 0.000 0.009 0.000 0.224 0.018 0.004 0.017 0.003 0.007 0.000 0.000 0.001 0.001 0.001 0.001 0.001 0.010 0.001 0.001 0.001 0.015 0.001 0.001 0.001 0.001 0.003 0.001 0.001 0.001 0.002 0.001 0.001 0.001 0.003 0.001 0.001 0.000 0.001 0.002 0.047 0.002 0.012 0.006 0.001 0.072 
9 peacock_vis 30 0.991 0.001 0.309 0.001 0.581 0.003 0.001 0.002 0.001 0.036 0.000 0.000 0.010 0.000 0.001 0.000 0.001 0.111 0.003 0.080 0.003 0.005 0.000 0.000 0.001 0.001 0.002 0.000 0.002 0.001 0.009 0.007 0.001 0.720 0.001 0.001 0.001 0.000 0.001 0.002 0.003 0.001 0.001 0.001 0.001 0.001 0.007 0.002 0.001 0.000 0.001 0.005 0.006 0.001 0.026 0.008 0.001 0.002 
10 crow_vis 30 0.991 0.001 0.074 0.001 0.011 0.002 0.001 0.002 0.001 0.062 0.000 0.001 0.001 0.001 0.007 0.000 0.008 0.036 0.033 0.009 0.009 0.012 0.000 0.000 0.001 0.001 0.001 0.000 0.002 0.119 0.000 0.030 0.001 0.001 0.001 0.001 0.001 0.000 0.001 0.001 0.001 0.001 0.001 0.001 0.001 0.001 0.004 0.001 0.001 0.000 0.001 0.001 0.003 0.003 0.006 0.011 0.001 0.092 
11 eagle_vis 30 0.993 0.023 0.087 0.001 0.003 0.004 0.001 0.002 0.001 0.015 0.001 0.000 0.005 0.000 0.001 0.000 0.003 0.017 0.001 0.025 0.002 0.004 0.000 0.000 0.000 0.001 0.001 0.000 0.001 0.001 0.001 0.003 0.000 0.013 0.001 0.001 0.000 0.000 0.001 0.001 0.002 0.001 0.001 0.001 0.001 0.001 0.002 0.001 0.001 0.000 0.001 0.005 0.017 0.001 0.028 0.003 0.001 0.001 
12 tuna_vis 30 0.993 0.001 0.001 0.938 0.011 0.001 0.001 0.022 0.001 0.002 0.001 0.001 0.001 0.000 0.001 0.000 0.000 0.001 0.002 0.003 0.002 0.001 0.014 0.001 0.007 0.039 0.005 0.003 0.001 0.001 0.005 0.010 0.001 0.002 0.003 0.001 0.001 0.001 0.001 0.001 0.003 0.030 0.002 0.001 0.019 0.004 0.001 0.002 0.007 0.001 0.001 0.001 0.000 0.000 0.011 0.002 0.000 0.000 
13 goldfish_vis 30 0.995 0.001 0.001 0.208 0.036 0.001 0.001 0.002 0.001 0.001 0.000 0.000 0.005 0.001 0.000 0.000 0.000 0.001 0.001 0.002 0.002 0.001 0.001 0.001 0.027 0.004 0.002 0.025 0.001 0.000 0.269 0.001 0.001 0.006 0.001 0.001 0.001 0.000 0.001 0.000 0.001 0.001 0.001 0.001 0.001 0.001 0.001 0.001 0.001 0.000 0.001 0.001 0.000 0.000 0.002 0.002 0.001 0.000 
14 salmon_vis 30 0.994 0.001 0.001 0.611 0.116 0.001 0.001 0.006 0.001 0.001 0.000 0.000 0.001 0.001 0.000 0.000 0.000 0.001 0.001 0.001 0.002 0.001 0.001 0.001 0.009 0.007 0.006 0.025 0.002 0.001 0.128 0.001 0.001 0.003 0.003 0.001 0.001 0.001 0.001 0.001 0.002 0.001 0.002 0.002 0.001 0.003 0.001 0.001 0.001 0.000 0.002 0.001 0.000 0.000 0.002 0.002 0.000 0.000 
15 sardine_vis 30 0.994 0.001 0.001 0.784 0.081 0.001 0.001 0.004 0.001 0.002 0.000 0.000 0.001 0.001 0.000 0.000 0.000 0.001 0.002 0.002 0.002 0.001 0.001 0.003 0.003 0.005 0.003 0.029 0.001 0.001 0.011 0.001 0.001 0.005 0.001 0.001 0.001 0.001 0.001 0.001 0.001 0.002 0.003 0.001 0.001 0.002 0.001 0.001 0.001 0.001 0.001 0.001 0.000 0.000 0.002 0.003 0.001 0.000 
16 catfish_vis 30 0.994 0.002 0.007 0.051 0.810 0.001 0.001 0.004 0.001 0.007 0.000 0.000 0.023 0.000 0.002 0.000 0.000 0.002 0.001 0.025 0.002 0.001 0.000 0.001 0.008 0.005 0.001 0.009 0.001 0.001 0.757 0.024 0.001 0.640 0.001 0.001 0.000 0.001 0.001 0.004 0.012 0.004 0.001 0.001 0.002 0.001 0.002 0.001 0.002 0.000 0.001 0.002 0.002 0.000 0.010 0.002 0.001 0.001 
17 cod_vis 30 0.994 0.001 0.001 0.480 0.192 0.001 0.001 0.005 0.001 0.002 0.000 0.000 0.001 0.001 0.000 0.000 0.000 0.001 0.001 0.001 0.003 0.001 0.001 0.001 0.002 0.002 0.004 0.014 0.001 0.001 0.031 0.001 0.001 0.010 0.002 0.001 0.001 0.001 0.001 0.001 0.001 0.001 0.002 0.002 0.001 0.002 0.001 0.001 0.001 0.000 0.002 0.001 0.000 0.000 0.003 0.004 0.001 0.000 
18 turtle_vis 30 0.994 0.001 0.003 0.003 0.933 0.001 0.001 0.005 0.001 0.003 0.000 0.000 0.006 0.000 0.001 0.000 0.000 0.002 0.001 0.001 0.002 0.001 0.000 0.000 0.001 0.001 0.002 0.018 0.003 0.002 0.135 0.007 0.004 0.563 0.005 0.001 0.000 0.001 0.001 0.001 0.003 0.001 0.001 0.001 0.001 0.001 0.001 0.001 0.002 0.000 0.001 0.001 0.001 0.000 0.003 0.001 0.000 0.001 
19 rattlesnake_vis 30 0.992 0.001 0.063 0.001 0.988 0.003 0.001 0.187 0.001 0.004 0.000 0.000 0.008 0.000 0.003 0.000 0.001 0.003 0.001 0.055 0.001 0.001 0.000 0.000 0.001 0.002 0.002 0.001 0.005 0.004 0.199 0.265 0.022 0.946 0.004 0.001 0.001 0.001 0.001 0.058 0.043 0.047 0.002 0.001 0.067 0.001 0.002 0.001 0.006 0.001 0.001 0.007 0.012 0.000 0.024 0.001 0.000 0.002 
20 crab_vis 30 0.994 0.001 0.002 0.001 0.980 0.001 0.001 0.007 0.001 0.002 0.000 0.000 0.004 0.000 0.001 0.000 0.000 0.001 0.001 0.001 0.003 0.001 0.000 0.000 0.001 0.001 0.003 0.008 0.008 0.002 0.008 0.010 0.014 0.696 0.021 0.001 0.001 0.001 0.001 0.001 0.003 0.001 0.001 0.001 0.002 0.001 0.001 0.001 0.002 0.000 0.001 0.001 0.000 0.000 0.002 0.002 0.000 0.000 
21 frog_vis 30 0.993 0.001 0.422 0.001 0.876 0.006 0.001 0.022 0.001 0.007 0.000 0.000 0.018 0.000 0.001 0.000 0.002 0.012 0.002 0.063 0.002 0.001 0.000 0.000 0.001 0.001 0.003 0.000 0.002 0.002 0.010 0.048 0.004 0.738 0.003 0.001 0.001 0.001 0.001 0.003 0.006 0.027 0.001 0.001 0.008 0.001 0.001 0.001 0.004 0.000 0.001 0.001 0.052 0.000 0.036 0.002 0.000 0.002 
22 gecko_vis 30 0.991 0.001 0.001 0.004 0.982 0.006 0.001 0.218 0.002 0.002 0.000 0.000 0.006 0.000 0.001 0.000 0.000 0.001 0.001 0.002 0.002 0.001 0.001 0.000 0.001 0.001 0.005 0.009 0.005 0.009 0.116 0.019 0.010 0.951 0.027 0.002 0.001 0.001 0.001 0.008 0.023 0.068 0.001 0.002 0.050 0.004 0.001 0.001 0.044 0.001 0.002 0.001 0.002 0.000 0.008 0.003 0.000 0.001 
23 crocodile_vis 30 0.992 0.001 0.007 0.002 0.990 0.002 0.001 0.242 0.001 0.002 0.000 0.000 0.019 0.000 0.002 0.000 0.000 0.002 0.001 0.015 0.002 0.001 0.000 0.000 0.001 0.002 0.003 0.004 0.004 0.005 0.410 0.191 0.021 0.975 0.006 0.001 0.001 0.001 0.001 0.026 0.062 0.108 0.001 0.001 0.093 0.002 0.001 0.001 0.080 0.001 0.001 0.005 0.005 0.000 0.008 0.001 0.000 0.001 
24 axe_vis 30 0.005 0.001 0.001 0.003 0.008 0.971 0.903 0.011 0.003 0.004 0.001 0.000 0.001 0.002 0.010 0.000 0.000 0.002 0.001 0.000 0.011 0.000 0.001 0.009 0.001 0.001 0.074 0.005 0.015 0.033 0.001 0.019 0.001 0.003 0.955 0.017 0.011 0.008 0.001 0.001 0.014 0.001 0.001 0.002 0.006 0.012 0.000 0.001 0.009 0.001 0.016 0.001 0.002 0.000 0.002 0.013 0.001 0.011 
25 hammer_vis 30 0.002 0.027 0.001 0.001 0.001 0.994 0.677 0.005 0.001 0.987 0.919 0.000 0.001 0.000 0.007 0.000 0.001 0.119 0.000 0.000 0.003 0.000 0.001 0.000 0.000 0.001 0.026 0.000 0.001 0.001 0.001 0.002 0.000 0.000 0.107 0.156 0.000 0.079 0.100 0.000 0.525 0.001 0.001 0.001 0.001 0.001 0.000 0.002 0.002 0.000 0.001 0.001 0.829 0.000 0.028 0.035 0.009 0.510 
26 screwdriver_vis 30 0.004 0.002 0.001 0.003 0.009 0.976 0.977 0.004 0.004 0.004 0.001 0.000 0.001 0.002 0.024 0.000 0.000 0.002 0.001 0.000 0.008 0.000 0.001 0.017 0.001 0.001 0.054 0.010 0.019 0.060 0.001 0.023 0.001 0.004 0.984 0.031 0.014 0.009 0.001 0.001 0.009 0.001 0.001 0.002 0.008 0.003 0.000 0.001 0.012 0.001 0.017 0.001 0.003 0.000 0.001 0.008 0.001 0.026 
27 chisel_vis 30 0.010 0.001 0.001 0.003 0.004 0.993 0.141 0.924 0.001 0.031 0.003 0.000 0.001 0.000 0.000 0.000 0.000 0.038 0.001 0.000 0.251 0.000 0.001 0.000 0.001 0.001 0.125 0.000 0.002 0.001 0.353 0.003 0.001 0.001 0.332 0.009 0.001 0.765 0.001 0.000 0.968 0.001 0.001 0.004 0.009 0.970 0.000 0.007 0.294 0.001 0.002 0.001 0.004 0.000 0.005 0.051 0.005 0.000 
28 saw_vis 30 0.002 0.002 0.001 0.003 0.003 0.993 0.992 0.004 0.001 0.013 0.105 0.000 0.001 0.001 0.011 0.000 0.000 0.003 0.000 0.000 0.003 0.000 0.001 0.015 0.000 0.001 0.072 0.003 0.006 0.013 0.003 0.008 0.000 0.004 0.891 0.489 0.001 0.125 0.013 0.001 0.104 0.001 0.001 0.002 0.002 0.001 0.000 0.001 0.018 0.001 0.009 0.001 0.039 0.000 0.002 0.002 0.004 0.011 
29 drill_vis 30 0.004 0.002 0.001 0.002 0.011 0.982 0.991 0.002 0.003 0.003 0.002 0.000 0.001 0.001 0.049 0.000 0.000 0.002 0.000 0.000 0.004 0.000 0.000 0.024 0.000 0.001 0.044 0.010 0.020 0.074 0.001 0.030 0.001 0.004 0.990 0.075 0.010 0.010 0.001 0.001 0.011 0.001 0.001 0.001 0.010 0.001 0.000 0.001 0.011 0.001 0.013 0.001 0.004 0.000 0.001 0.004 0.000 0.047 
30 clamp_vis 30 0.074 0.001 0.069 0.001 0.001 0.995 0.002 0.033 0.001 0.968 0.006 0.000 0.001 0.000 0.000 0.000 0.000 0.222 0.001 0.000 0.004 0.002 0.001 0.000 0.000 0.001 0.001 0.000 0.001 0.000 0.000 0.001 0.000 0.000 0.988 0.001 0.000 0.002 0.001 0.000 0.817 0.001 0.001 0.001 0.199 0.003 0.000 0.001 0.001 0.000 0.001 0.003 0.340 0.000 0.981 0.668 0.000 0.019 
31 hoe_vis 30 0.008 0.001 0.584 0.001 0.001 0.992 0.001 0.187 0.001 0.946 0.003 0.000 0.001 0.000 0.000 0.000 0.001 0.048 0.007 0.001 0.007 0.095 0.001 0.000 0.001 0.001 0.001 0.000 0.001 0.000 0.000 0.001 0.001 0.000 0.861 0.001 0.001 0.001 0.001 0.000 0.007 0.103 0.001 0.002 0.027 0.050 0.000 0.001 0.001 0.000 0.001 0.004 0.048 0.000 0.963 0.956 0.001 0.001 
32 rake_vis 30 0.088 0.001 0.074 0.001 0.001 0.994 0.002 0.029 0.001 0.966 0.003 0.000 0.001 0.000 0.000 0.000 0.000 0.233 0.001 0.000 0.006 0.002 0.001 0.000 0.001 0.001 0.001 0.000 0.001 0.000 0.000 0.001 0.000 0.000 0.989 0.001 0.001 0.003 0.001 0.000 0.869 0.001 0.001 0.001 0.182 0.004 0.000 0.001 0.002 0.000 0.001 0.003 0.288 0.000 0.977 0.649 0.000 0.023 
33 shovel_vis 30 0.003 0.001 0.060 0.059 0.001 0.993 0.002 0.994 0.002 0.011 0.043 0.000 0.001 0.000 0.000 0.000 0.000 0.006 0.003 0.000 0.007 0.002 0.006 0.000 0.005 0.001 0.002 0.001 0.003 0.000 0.001 0.001 0.001 0.000 0.134 0.001 0.001 0.003 0.001 0.000 0.142 0.274 0.005 0.075 0.028 0.957 0.000 0.002 0.010 0.001 0.003 0.022 0.002 0.000 0.085 0.049 0.006 0.000 
34 spade_vis 30 0.054 0.001 0.207 0.001 0.001 0.993 0.002 0.113 0.001 0.944 0.002 0.000 0.001 0.000 0.000 0.000 0.000 0.186 0.001 0.000 0.006 0.004 0.001 0.000 0.001 0.001 0.001 0.000 0.002 0.000 0.000 0.001 0.000 0.000 0.985 0.001 0.001 0.001 0.001 0.000 0.209 0.004 0.001 0.002 0.233 0.014 0.000 0.001 0.001 0.000 0.001 0.003 0.100 0.000 0.983 0.839 0.000 0.003 
35 wrench_vis 30 0.008 0.001 0.843 0.001 0.001 0.992 0.001 0.694 0.001 0.808 0.002 0.000 0.001 0.000 0.000 0.000 0.000 0.122 0.036 0.001 0.030 0.073 0.002 0.000 0.002 0.001 0.002 0.000 0.001 0.000 0.000 0.001 0.001 0.000 0.532 0.001 0.001 0.001 0.001 0.000 0.004 0.097 0.002 0.002 0.024 0.705 0.000 0.005 0.001 0.001 0.002 0.005 0.002 0.000 0.939 0.956 0.003 0.000 
36 accordion_vis 30 0.003 0.002 0.001 0.010 0.006 0.803 0.970 0.004 0.018 0.004 0.001 0.001 0.002 0.013 0.034 0.000 0.001 0.001 0.003 0.000 0.023 0.001 0.003 0.041 0.001 0.001 0.078 0.017 0.037 0.035 0.001 0.018 0.002 0.001 0.980 0.072 0.047 0.005 0.001 0.001 0.003 0.001 0.001 0.002 0.004 0.011 0.001 0.001 0.003 0.005 0.045 0.001 0.001 0.000 0.001 0.022 0.001 0.042 
37 cello_vis 30 0.003 0.002 0.001 0.010 0.003 0.804 0.980 0.004 0.046 0.010 0.018 0.001 0.001 0.002 0.071 0.000 0.000 0.018 0.004 0.000 0.025 0.000 0.007 0.053 0.001 0.001 0.252 0.003 0.063 0.017 0.000 0.012 0.001 0.001 0.973 0.350 0.023 0.005 0.005 0.001 0.012 0.001 0.002 0.002 0.006 0.009 0.000 0.033 0.004 0.003 0.103 0.001 0.001 0.000 0.004 0.020 0.001 0.137 
38 flute_vis 30 0.004 0.001 0.003 0.049 0.001 0.975 0.003 0.122 0.593 0.010 0.001 0.001 0.001 0.002 0.000 0.000 0.000 0.126 0.007 0.001 0.290 0.001 0.015 0.000 0.001 0.005 0.520 0.000 0.005 0.001 0.001 0.001 0.002 0.000 0.534 0.002 0.086 0.002 0.001 0.000 0.011 0.003 0.002 0.003 0.021 0.895 0.000 0.885 0.289 0.001 0.216 0.001 0.000 0.000 0.032 0.774 0.002 0.000 
39 guitar_vis 30 0.004 0.022 0.006 0.001 0.001 0.993 0.003 0.023 0.002 0.921 0.001 0.001 0.001 0.091 0.000 0.000 0.002 0.018 0.006 0.009 0.107 0.002 0.001 0.000 0.001 0.001 0.006 0.000 0.001 0.001 0.000 0.001 0.001 0.000 0.026 0.001 0.006 0.002 0.001 0.000 0.002 0.002 0.001 0.001 0.001 0.117 0.001 0.003 0.002 0.001 0.002 0.001 0.003 0.001 0.007 0.823 0.806 0.001 
40 piano_vis 30 0.002 0.002 0.001 0.034 0.001 0.983 0.838 0.003 0.968 0.002 0.020 0.001 0.001 0.009 0.001 0.000 0.001 0.074 0.004 0.000 0.027 0.000 0.006 0.005 0.001 0.002 0.186 0.002 0.009 0.004 0.000 0.001 0.001 0.001 0.730 0.026 0.104 0.001 0.034 0.001 0.002 0.001 0.001 0.002 0.003 0.004 0.001 0.406 0.064 0.002 0.819 0.006 0.000 0.000 0.002 0.016 0.001 0.012 
41 trumpet_vis 30 0.018 0.001 0.062 0.001 0.001 0.993 0.006 0.010 0.001 0.971 0.045 0.000 0.001 0.000 0.000 0.000 0.000 0.446 0.001 0.000 0.002 0.009 0.001 0.000 0.001 0.001 0.002 0.000 0.003 0.000 0.000 0.001 0.000 0.000 0.982 0.001 0.001 0.001 0.001 0.000 0.282 0.001 0.001 0.002 0.072 0.002 0.000 0.001 0.001 0.000 0.001 0.005 0.292 0.000 0.984 0.478 0.000 0.043 
42 fork_vis 30 0.004 0.004 0.002 0.001 0.001 0.995 0.016 0.032 0.001 0.988 0.122 0.000 0.004 0.000 0.002 0.000 0.215 0.006 0.000 0.000 0.001 0.001 0.000 0.000 0.000 0.001 0.001 0.001 0.001 0.001 0.000 0.001 0.000 0.000 0.014 0.012 0.000 0.004 0.008 0.000 0.024 0.027 0.004 0.001 0.001 0.001 0.000 0.001 0.001 0.000 0.001 0.001 0.965 0.001 0.010 0.010 0.443 0.024 
43 spoon_vis 30 0.003 0.002 0.014 0.001 0.001 0.995 0.003 0.121 0.001 0.978 0.032 0.000 0.003 0.000 0.001 0.000 0.164 0.005 0.000 0.000 0.002 0.002 0.000 0.000 0.000 0.001 0.001 0.001 0.000 0.000 0.001 0.001 0.000 0.000 0.008 0.001 0.000 0.010 0.001 0.000 0.008 0.066 0.001 0.003 0.001 0.001 0.000 0.001 0.002 0.000 0.001 0.001 0.921 0.000 0.005 0.119 0.804 0.001 
44 tongs_vis 30 0.022 0.003 0.153 0.001 0.001 0.995 0.007 0.275 0.001 0.994 0.980 0.000 0.001 0.000 0.000 0.000 0.003 0.923 0.001 0.000 0.001 0.005 0.001 0.000 0.000 0.001 0.002 0.000 0.002 0.000 0.000 0.001 0.000 0.000 0.075 0.031 0.000 0.049 0.005 0.000 0.893 0.001 0.010 0.015 0.003 0.001 0.000 0.001 0.001 0.000 0.001 0.030 0.981 0.000 0.936 0.228 0.005 0.029 
45 ladle_vis 30 0.004 0.001 0.260 0.001 0.001 0.995 0.001 0.842 0.001 0.959 0.002 0.000 0.001 0.000 0.000 0.000 0.009 0.005 0.001 0.001 0.002 0.107 0.000 0.000 0.001 0.001 0.001 0.000 0.001 0.000 0.000 0.001 0.000 0.000 0.003 0.001 0.000 0.001 0.001 0.000 0.003 0.450 0.001 0.029 0.001 0.004 0.000 0.001 0.001 0.000 0.002 0.003 0.612 0.000 0.031 0.294 0.656 0.000 
46 knife_vis 30 0.004 0.007 0.007 0.001 0.000 0.995 0.001 0.022 0.001 0.988 0.001 0.001 0.003 0.002 0.001 0.000 0.001 0.008 0.000 0.003 0.114 0.001 0.000 0.000 0.000 0.001 0.001 0.000 0.000 0.001 0.004 0.001 0.001 0.000 0.001 0.001 0.000 0.196 0.001 0.000 0.029 0.007 0.001 0.002 0.001 0.036 0.000 0.001 0.005 0.000 0.001 0.001 0.189 0.000 0.005 0.773 0.970 0.001 
47 chopsticks_vis 30 0.036 0.003 0.185 0.001 0.000 0.995 0.002 0.505 0.001 0.994 0.896 0.001 0.001 0.000 0.001 0.000 0.001 0.944 0.001 0.000 0.002 0.020 0.000 0.000 0.000 0.001 0.004 0.000 0.002 0.001 0.000 0.001 0.000 0.000 0.025 0.006 0.000 0.014 0.004 0.000 0.952 0.001 0.006 0.039 0.001 0.002 0.000 0.002 0.001 0.000 0.001 0.018 0.972 0.000 0.968 0.304 0.003 0.009 
