0 beaver_vis 30 0.992 0.631 0.001 0.491 0.986 0.004 0.031 0.114 0.004 0.001 0.447 0.005 0.019 0.008 0.001 0.476 0.000 0.005 0.000 0.001 0.322 0.000 0.051 0.130 0.162 0.001 0.282 0.001 0.943 0.967 0.054 0.152 0.001 0.017 0.000 0.004 0.001 0.776 0.004 0.011 0.896 0.023 0.004 0.001 0.001 0.228 0.008 0.001 0.001 0.000 0.000 0.956 0.007 0.000 0.001 0.000 0.001 0.037 
1 bear_vis 30 0.995 0.947 0.006 0.003 0.731 0.003 0.001 0.002 0.076 0.001 0.212 0.044 0.002 0.373 0.811 0.602 0.042 0.000 0.013 0.004 0.003 0.000 0.002 0.192 0.007 0.043 0.000 0.001 0.301 0.982 0.001 0.774 0.002 0.000 0.000 0.020 0.000 0.092 0.000 0.001 0.093 0.001 0.023 0.000 0.000 0.033 0.039 0.001 0.001 0.011 0.000 0.598 0.001 0.019 0.006 0.001 0.000 0.002 
2 sheep_vis 30 0.994 0.801 0.001 0.649 0.992 0.003 0.029 0.120 0.023 0.001 0.759 0.005 0.132 0.056 0.004 0.005 0.001 0.000 0.000 0.000 0.102 0.000 0.006 0.036 0.958 0.031 0.014 0.009 0.951 0.929 0.472 0.877 0.001 0.004 0.000 0.347 0.001 0.517 0.002 0.009 0.879 0.028 0.284 0.001 0.001 0.145 0.005 0.004 0.001 0.000 0.001 0.991 0.004 0.000 0.001 0.000 0.001 0.210 
3 buffalo_vis 30 0.995 0.984 0.031 0.001 0.191 0.003 0.001 0.001 0.020 0.002 0.396 0.024 0.001 0.317 0.864 0.578 0.020 0.000 0.022 0.002 0.005 0.000 0.001 0.104 0.001 0.005 0.000 0.001 0.056 0.602 0.001 0.189 0.001 0.000 0.000 0.003 0.000 0.041 0.000 0.001 0.026 0.001 0.001 0.000 0.000 0.032 0.019 0.001 0.001 0.013 0.000 0.236 0.001 0.007 0.005 0.001 0.000 0.002 
4 poodle_vis 30 0.994 0.835 0.001 0.286 0.982 0.003 0.002 0.011 0.026 0.001 0.138 0.001 0.006 0.219 0.293 0.684 0.002 0.000 0.000 0.000 0.017 0.000 0.040 0.725 0.133 0.027 0.002 0.001 0.958 0.980 0.003 0.602 0.001 0.001 0.000 0.021 0.000 0.394 0.001 0.002 0.637 0.047 0.013 0.000 0.001 0.027 0.008 0.001 0.007 0.000 0.000 0.922 0.002 0.001 0.001 0.000 0.001 0.010 
5 giraffe_vis 30 0.995 0.956 0.015 0.003 0.608 0.003 0.001 0.002 0.107 0.002 0.303 0.036 0.001 0.398 0.872 0.800 0.052 0.000 0.021 0.004 0.004 0.000 0.003 0.269 0.002 0.020 0.000 0.001 0.261 0.984 0.001 0.617 0.002 0.000 0.000 0.012 0.000 0.118 0.000 0.001 0.084 0.001 0.007 0.000 0.000 0.045 0.050 0.000 0.002 0.020 0.000 0.622 0.001 0.024 0.007 0.001 0.000 0.002 
6 robin_vis 30 0.085 0.000 0.001 0.399 0.003 0.967 0.001 0.012 0.941 0.001 0.001 0.000 0.000 0.000 0.000 0.002 0.000 0.002 0.000 0.102 0.052 0.000 0.016 0.001 0.020 0.256 0.498 0.001 0.011 0.051 0.002 0.001 0.000 0.000 0.000 0.002 0.001 0.291 0.000 0.001 0.002 0.002 0.001 0.150 0.002 0.009 0.050 0.007 0.004 0.000 0.000 0.989 0.001 0.000 0.001 0.000 0.000 0.002 
7 swan_vis 30 0.400 0.000 0.001 0.215 0.002 0.862 0.001 0.009 0.798 0.001 0.001 0.001 0.000 0.000 0.000 0.008 0.000 0.004 0.000 0.260 0.034 0.000 0.010 0.001 0.004 0.274 0.603 0.001 0.016 0.058 0.001 0.006 0.000 0.000 0.000 0.001 0.001 0.202 0.000 0.001 0.001 0.001 0.001 0.080 0.001 0.009 0.037 0.002 0.002 0.000 0.000 0.950 0.001 0.000 0.000 0.000 0.000 0.001 
8 woodpecker_vis 30 0.151 0.000 0.001 0.002 0.011 0.556 0.001 0.007 0.951 0.001 0.002 0.003 0.000 0.001 0.000 0.001 0.000 0.000 0.000 0.000 0.016 0.000 0.003 0.000 0.005 0.007 0.001 0.001 0.050 0.127 0.005 0.465 0.001 0.000 0.000 0.002 0.001 0.012 0.000 0.004 0.001 0.083 0.002 0.002 0.001 0.009 0.739 0.003 0.004 0.000 0.001 0.962 0.001 0.000 0.001 0.000 0.002 0.001 
9 peacock_vis 30 0.642 0.001 0.001 0.001 0.143 0.317 0.001 0.019 0.869 0.001 0.008 0.004 0.001 0.001 0.000 0.001 0.000 0.000 0.000 0.000 0.086 0.000 0.005 0.000 0.006 0.005 0.001 0.001 0.223 0.323 0.023 0.479 0.001 0.002 0.000 0.001 0.001 0.019 0.000 0.016 0.004 0.171 0.003 0.002 0.000 0.090 0.722 0.002 0.004 0.000 0.002 0.958 0.002 0.000 0.001 0.000 0.009 0.002 
10 crow_vis 30 0.557 0.000 0.001 0.010 0.004 0.328 0.001 0.008 0.921 0.001 0.001 0.017 0.000 0.000 0.000 0.001 0.000 0.000 0.000 0.009 0.011 0.000 0.005 0.001 0.002 0.161 0.018 0.001 0.026 0.113 0.001 0.588 0.000 0.000 0.000 0.001 0.001 0.034 0.000 0.001 0.001 0.003 0.004 0.013 0.001 0.004 0.230 0.002 0.002 0.000 0.000 0.891 0.001 0.000 0.000 0.000 0.000 0.001 
11 eagle_vis 30 0.117 0.000 0.001 0.034 0.002 0.835 0.001 0.012 0.976 0.001 0.001 0.001 0.000 0.000 0.000 0.001 0.000 0.000 0.000 0.007 0.017 0.000 0.009 0.000 0.004 0.042 0.043 0.001 0.012 0.059 0.001 0.177 0.000 0.000 0.000 0.002 0.001 0.074 0.000 0.007 0.001 0.037 0.001 0.052 0.001 0.003 0.786 0.005 0.008 0.000 0.000 0.959 0.001 0.000 0.000 0.000 0.001 0.001 
12 tuna_vis 30 0.284 0.000 0.001 0.002 0.010 0.268 0.001 0.004 0.954 0.001 0.001 0.005 0.000 0.001 0.000 0.000 0.000 0.000 0.000 0.000 0.001 0.000 0.001 0.000 0.003 0.018 0.000 0.001 0.040 0.101 0.002 0.805 0.001 0.000 0.000 0.001 0.001 0.003 0.000 0.002 0.001 0.035 0.002 0.001 0.000 0.002 0.686 0.002 0.003 0.000 0.001 0.917 0.001 0.000 0.001 0.000 0.001 0.001 
13 goldfish_vis 30 0.791 0.001 0.001 0.001 0.039 0.064 0.001 0.002 0.973 0.001 0.001 0.023 0.000 0.001 0.000 0.001 0.000 0.000 0.000 0.001 0.001 0.000 0.001 0.001 0.001 0.072 0.000 0.001 0.022 0.305 0.001 0.926 0.001 0.000 0.000 0.001 0.000 0.002 0.000 0.001 0.001 0.016 0.006 0.001 0.000 0.002 0.803 0.001 0.003 0.000 0.001 0.775 0.001 0.000 0.001 0.000 0.001 0.001 
14 salmon_vis 30 0.993 0.628 0.001 0.201 0.988 0.003 0.005 0.041 0.007 0.001 0.709 0.005 0.141 0.110 0.002 0.002 0.001 0.000 0.000 0.000 0.044 0.000 0.003 0.008 0.959 0.011 0.005 0.007 0.944 0.822 0.537 0.878 0.001 0.002 0.000 0.071 0.000 0.165 0.000 0.087 0.647 0.244 0.136 0.000 0.001 0.031 0.020 0.004 0.001 0.000 0.001 0.981 0.005 0.000 0.001 0.000 0.002 0.015 
15 sardine_vis 30 0.992 0.477 0.001 0.545 0.989 0.004 0.007 0.160 0.068 0.004 0.654 0.003 0.055 0.224 0.000 0.001 0.002 0.000 0.000 0.000 0.038 0.000 0.002 0.012 0.966 0.019 0.007 0.007 0.912 0.844 0.787 0.878 0.001 0.002 0.000 0.167 0.000 0.160 0.000 0.885 0.483 0.937 0.038 0.001 0.001 0.016 0.472 0.007 0.003 0.000 0.001 0.989 0.017 0.001 0.001 0.000 0.004 0.003 
16 catfish_vis 30 0.662 0.001 0.001 0.001 0.131 0.092 0.001 0.003 0.966 0.001 0.001 0.010 0.001 0.002 0.001 0.001 0.001 0.000 0.000 0.001 0.001 0.000 0.001 0.001 0.004 0.045 0.000 0.001 0.029 0.525 0.003 0.784 0.001 0.000 0.000 0.002 0.000 0.002 0.000 0.004 0.001 0.066 0.011 0.000 0.000 0.004 0.506 0.001 0.006 0.000 0.003 0.763 0.001 0.000 0.001 0.000 0.001 0.001 
17 cod_vis 30 0.991 0.039 0.001 0.003 0.631 0.007 0.001 0.004 0.958 0.001 0.003 0.005 0.001 0.015 0.030 0.008 0.001 0.000 0.000 0.000 0.001 0.000 0.001 0.019 0.010 0.086 0.000 0.001 0.309 0.856 0.005 0.889 0.001 0.000 0.000 0.003 0.000 0.005 0.000 0.004 0.002 0.037 0.204 0.001 0.000 0.034 0.238 0.001 0.025 0.001 0.037 0.826 0.001 0.000 0.001 0.000 0.001 0.001 
18 turtle_vis 30 0.993 0.201 0.001 0.689 0.992 0.003 0.005 0.007 0.006 0.003 0.476 0.002 0.053 0.195 0.000 0.001 0.001 0.000 0.000 0.000 0.015 0.000 0.002 0.009 0.937 0.011 0.006 0.007 0.869 0.063 0.934 0.877 0.006 0.006 0.000 0.008 0.000 0.002 0.000 0.877 0.013 0.705 0.002 0.000 0.002 0.002 0.090 0.066 0.000 0.000 0.006 0.171 0.020 0.001 0.002 0.000 0.043 0.001 
19 rattlesnake_vis 30 0.008 0.001 0.001 0.001 0.075 0.872 0.001 0.006 0.988 0.001 0.001 0.002 0.000 0.001 0.000 0.000 0.001 0.000 0.000 0.000 0.004 0.000 0.001 0.000 0.003 0.002 0.000 0.001 0.006 0.336 0.043 0.257 0.004 0.001 0.000 0.001 0.000 0.002 0.000 0.011 0.001 0.149 0.003 0.000 0.000 0.005 0.967 0.003 0.004 0.000 0.001 0.909 0.002 0.001 0.001 0.000 0.004 0.001 
20 crab_vis 30 0.383 0.003 0.001 0.008 0.962 0.808 0.003 0.051 0.972 0.004 0.063 0.001 0.003 0.004 0.000 0.000 0.003 0.000 0.000 0.000 0.387 0.000 0.008 0.000 0.739 0.001 0.000 0.001 0.192 0.313 0.982 0.098 0.008 0.004 0.000 0.013 0.002 0.004 0.000 0.810 0.006 0.930 0.056 0.001 0.002 0.028 0.960 0.817 0.019 0.000 0.621 0.970 0.058 0.001 0.003 0.000 0.504 0.003 
21 frog_vis 30 0.990 0.041 0.002 0.296 0.994 0.372 0.120 0.730 0.621 0.224 0.185 0.002 0.010 0.010 0.000 0.001 0.013 0.000 0.000 0.000 0.809 0.000 0.030 0.001 0.936 0.001 0.003 0.001 0.451 0.958 0.979 0.208 0.004 0.050 0.000 0.301 0.001 0.294 0.000 0.962 0.665 0.961 0.037 0.001 0.001 0.094 0.917 0.023 0.001 0.000 0.004 0.990 0.446 0.005 0.005 0.000 0.007 0.045 
22 gecko_vis 30 0.017 0.001 0.001 0.001 0.157 0.956 0.001 0.013 0.987 0.001 0.017 0.001 0.001 0.001 0.000 0.000 0.000 0.000 0.000 0.000 0.027 0.000 0.002 0.000 0.113 0.000 0.000 0.001 0.055 0.168 0.600 0.050 0.002 0.001 0.000 0.002 0.001 0.003 0.000 0.067 0.001 0.780 0.010 0.001 0.001 0.016 0.911 0.070 0.015 0.000 0.003 0.990 0.004 0.000 0.001 0.000 0.052 0.001 
23 crocodile_vis 30 0.453 0.003 0.001 0.011 0.969 0.893 0.003 0.120 0.964 0.002 0.055 0.001 0.002 0.002 0.000 0.000 0.002 0.000 0.000 0.000 0.481 0.000 0.009 0.000 0.652 0.000 0.000 0.001 0.187 0.544 0.969 0.060 0.003 0.003 0.000 0.020 0.003 0.012 0.000 0.812 0.012 0.950 0.092 0.002 0.001 0.101 0.968 0.661 0.040 0.000 0.502 0.988 0.047 0.001 0.002 0.000 0.298 0.003 
24 axe_vis 30 0.002 0.001 0.001 0.001 0.003 0.996 0.001 0.005 0.722 0.006 0.017 0.001 0.000 0.009 0.000 0.001 0.000 0.000 0.000 0.000 0.002 0.000 0.001 0.000 0.000 0.000 0.000 0.001 0.005 0.033 0.005 0.001 0.001 0.000 0.000 0.001 0.001 0.009 0.000 0.006 0.001 0.367 0.001 0.001 0.000 0.004 0.402 0.001 0.391 0.001 0.000 0.523 0.001 0.002 0.001 0.000 0.387 0.001 
25 hammer_vis 30 0.002 0.000 0.001 0.002 0.004 0.996 0.382 0.008 0.015 0.001 0.001 0.000 0.000 0.002 0.000 0.001 0.000 0.001 0.000 0.002 0.003 0.000 0.001 0.000 0.001 0.000 0.052 0.001 0.021 0.023 0.005 0.001 0.001 0.000 0.000 0.001 0.001 0.646 0.000 0.079 0.002 0.040 0.001 0.018 0.000 0.002 0.013 0.001 0.011 0.000 0.000 0.108 0.001 0.000 0.001 0.000 0.002 0.001 
26 screwdriver_vis 30 0.002 0.000 0.001 0.001 0.004 0.996 0.001 0.691 0.013 0.001 0.002 0.000 0.000 0.005 0.000 0.001 0.000 0.000 0.000 0.000 0.002 0.000 0.001 0.000 0.000 0.000 0.000 0.001 0.008 0.011 0.003 0.001 0.001 0.000 0.000 0.001 0.001 0.002 0.000 0.005 0.008 0.628 0.006 0.024 0.001 0.003 0.024 0.001 0.020 0.000 0.000 0.041 0.001 0.000 0.005 0.001 0.004 0.001 
27 chisel_vis 30 0.002 0.004 0.001 0.001 0.003 0.994 0.001 0.006 0.913 0.003 0.036 0.017 0.000 0.000 0.000 0.004 0.000 0.000 0.000 0.001 0.013 0.000 0.001 0.000 0.000 0.000 0.000 0.001 0.003 0.110 0.002 0.000 0.001 0.000 0.000 0.001 0.001 0.004 0.000 0.003 0.001 0.031 0.001 0.001 0.000 0.025 0.958 0.001 0.002 0.001 0.000 0.833 0.002 0.001 0.001 0.000 0.043 0.001 
28 saw_vis 30 0.002 0.000 0.001 0.001 0.012 0.995 0.001 0.984 0.016 0.001 0.003 0.001 0.000 0.000 0.000 0.001 0.000 0.000 0.000 0.000 0.009 0.000 0.001 0.000 0.001 0.000 0.000 0.001 0.026 0.018 0.020 0.006 0.001 0.004 0.000 0.001 0.001 0.001 0.000 0.007 0.023 0.965 0.003 0.006 0.020 0.150 0.616 0.001 0.001 0.000 0.000 0.463 0.018 0.000 0.001 0.000 0.001 0.001 
29 drill_vis 30 0.003 0.001 0.001 0.001 0.093 0.960 0.001 0.726 0.025 0.167 0.006 0.001 0.000 0.001 0.000 0.000 0.000 0.000 0.000 0.000 0.029 0.000 0.001 0.000 0.018 0.000 0.000 0.001 0.069 0.029 0.440 0.027 0.001 0.008 0.000 0.001 0.001 0.001 0.000 0.069 0.124 0.916 0.001 0.000 0.069 0.002 0.093 0.003 0.001 0.000 0.001 0.164 0.177 0.000 0.047 0.000 0.004 0.001 
30 clamp_vis 30 0.001 0.000 0.001 0.002 0.002 0.997 0.001 0.995 0.047 0.001 0.001 0.001 0.000 0.000 0.000 0.002 0.000 0.002 0.000 0.000 0.002 0.000 0.002 0.000 0.000 0.000 0.010 0.010 0.005 0.007 0.002 0.001 0.001 0.017 0.000 0.001 0.001 0.001 0.000 0.013 0.042 0.980 0.002 0.593 0.160 0.672 0.923 0.001 0.002 0.000 0.000 0.395 0.020 0.000 0.002 0.001 0.001 0.000 
31 hoe_vis 30 0.001 0.001 0.001 0.001 0.002 0.997 0.001 0.961 0.140 0.032 0.000 0.008 0.000 0.001 0.001 0.000 0.000 0.000 0.000 0.000 0.000 0.000 0.001 0.000 0.000 0.000 0.000 0.001 0.001 0.018 0.001 0.006 0.008 0.001 0.000 0.001 0.001 0.001 0.000 0.002 0.003 0.818 0.026 0.007 0.006 0.510 0.864 0.001 0.009 0.000 0.001 0.017 0.030 0.022 0.009 0.001 0.002 0.000 
32 rake_vis 30 0.001 0.000 0.001 0.003 0.002 0.997 0.001 0.995 0.120 0.001 0.001 0.000 0.000 0.000 0.000 0.001 0.000 0.001 0.000 0.000 0.002 0.000 0.002 0.000 0.000 0.000 0.005 0.012 0.004 0.007 0.002 0.001 0.001 0.007 0.000 0.001 0.001 0.001 0.000 0.013 0.039 0.982 0.004 0.613 0.261 0.531 0.906 0.001 0.004 0.000 0.000 0.536 0.017 0.000 0.003 0.001 0.001 0.000 
33 shovel_vis 30 0.001 0.000 0.001 0.017 0.001 0.997 0.001 0.995 0.284 0.001 0.001 0.000 0.000 0.000 0.000 0.001 0.000 0.004 0.000 0.000 0.001 0.000 0.004 0.001 0.000 0.000 0.022 0.061 0.001 0.004 0.001 0.000 0.001 0.009 0.000 0.001 0.001 0.004 0.000 0.027 0.028 0.976 0.003 0.916 0.393 0.504 0.945 0.001 0.016 0.000 0.000 0.445 0.013 0.000 0.003 0.007 0.001 0.000 
34 spade_vis 30 0.002 0.000 0.001 0.001 0.006 0.997 0.001 0.993 0.009 0.001 0.003 0.000 0.000 0.001 0.000 0.000 0.000 0.000 0.000 0.000 0.004 0.000 0.001 0.000 0.001 0.000 0.000 0.001 0.015 0.009 0.029 0.009 0.001 0.002 0.000 0.001 0.000 0.001 0.000 0.005 0.034 0.976 0.034 0.013 0.028 0.091 0.368 0.001 0.001 0.000 0.000 0.373 0.011 0.000 0.004 0.000 0.001 0.000 
35 wrench_vis 30 0.001 0.000 0.001 0.001 0.006 0.997 0.001 0.993 0.047 0.001 0.003 0.000 0.000 0.000 0.000 0.000 0.000 0.000 0.000 0.000 0.002 0.000 0.001 0.000 0.002 0.000 0.000 0.001 0.011 0.010 0.059 0.021 0.001 0.002 0.000 0.001 0.000 0.001 0.000 0.004 0.027 0.984 0.051 0.010 0.071 0.147 0.630 0.001 0.001 0.000 0.000 0.702 0.019 0.000 0.003 0.000 0.001 0.000 
36 accordion_vis 30 0.001 0.000 0.001 0.001 0.037 0.993 0.001 0.009 0.995 0.001 0.001 0.080 0.000 0.001 0.000 0.000 0.000 0.000 0.000 0.000 0.000 0.000 0.001 0.000 0.000 0.000 0.000 0.012 0.001 0.292 0.025 0.230 0.419 0.000 0.000 0.001 0.001 0.002 0.000 0.003 0.000 0.483 0.008 0.001 0.000 0.014 0.992 0.003 0.078 0.000 0.001 0.911 0.001 0.017 0.001 0.000 0.012 0.001 
37 cello_vis 30 0.002 0.001 0.001 0.001 0.014 0.996 0.001 0.017 0.994 0.004 0.013 0.007 0.001 0.001 0.000 0.000 0.000 0.000 0.000 0.000 0.001 0.000 0.001 0.000 0.001 0.000 0.000 0.010 0.005 0.072 0.201 0.027 0.058 0.000 0.000 0.001 0.001 0.004 0.000 0.010 0.000 0.850 0.004 0.001 0.001 0.039 0.984 0.043 0.140 0.000 0.001 0.987 0.002 0.002 0.001 0.000 0.318 0.001 
38 flute_vis 30 0.001 0.000 0.001 0.001 0.001 0.997 0.006 0.004 0.750 0.001 0.001 0.000 0.000 0.029 0.000 0.000 0.000 0.000 0.000 0.000 0.000 0.000 0.001 0.000 0.000 0.000 0.000 0.002 0.002 0.010 0.026 0.003 0.001 0.000 0.001 0.002 0.001 0.061 0.001 0.028 0.000 0.580 0.042 0.019 0.000 0.001 0.059 0.001 0.924 0.001 0.001 0.602 0.000 0.001 0.001 0.000 0.271 0.001 
39 guitar_vis 30 0.001 0.000 0.001 0.001 0.009 0.996 0.001 0.020 0.994 0.002 0.002 0.002 0.000 0.001 0.000 0.000 0.000 0.000 0.000 0.000 0.000 0.000 0.001 0.000 0.001 0.000 0.000 0.011 0.004 0.073 0.102 0.024 0.032 0.000 0.000 0.001 0.001 0.008 0.000 0.013 0.000 0.881 0.005 0.003 0.000 0.014 0.974 0.025 0.232 0.000 0.001 0.981 0.001 0.002 0.001 0.000 0.130 0.001 
40 piano_vis 30 0.002 0.001 0.001 0.001 0.046 0.995 0.001 0.034 0.994 0.002 0.006 0.007 0.001 0.001 0.000 0.000 0.000 0.000 0.000 0.000 0.001 0.000 0.001 0.000 0.001 0.000 0.000 0.024 0.009 0.095 0.323 0.066 0.126 0.000 0.000 0.001 0.001 0.004 0.000 0.013 0.000 0.937 0.007 0.001 0.001 0.033 0.986 0.044 0.189 0.000 0.001 0.986 0.001 0.002 0.001 0.000 0.261 0.001 
41 trumpet_vis 30 0.002 0.001 0.001 0.001 0.005 0.996 0.001 0.018 0.994 0.013 0.009 0.010 0.001 0.001 0.000 0.000 0.000 0.000 0.000 0.000 0.001 0.000 0.001 0.000 0.001 0.000 0.000 0.011 0.002 0.054 0.087 0.012 0.050 0.000 0.000 0.001 0.001 0.004 0.000 0.008 0.000 0.763 0.003 0.002 0.001 0.081 0.984 0.032 0.105 0.001 0.001 0.983 0.003 0.005 0.001 0.000 0.291 0.001 
42 fork_vis 30 0.001 0.001 0.001 0.001 0.002 0.997 0.001 0.988 0.004 0.011 0.001 0.000 0.000 0.389 0.000 0.003 0.000 0.000 0.000 0.000 0.000 0.000 0.000 0.007 0.000 0.000 0.000 0.001 0.005 0.007 0.001 0.002 0.001 0.000 0.001 0.001 0.001 0.001 0.001 0.003 0.015 0.991 0.232 0.062 0.004 0.002 0.015 0.001 0.914 0.000 0.000 0.003 0.001 0.001 0.054 0.018 0.022 0.000 
43 spoon_vis 30 0.001 0.001 0.001 0.001 0.002 0.997 0.001 0.984 0.009 0.010 0.000 0.000 0.000 0.385 0.000 0.003 0.000 0.000 0.000 0.000 0.000 0.000 0.000 0.008 0.000 0.000 0.000 0.000 0.003 0.009 0.001 0.002 0.002 0.000 0.001 0.001 0.001 0.001 0.001 0.002 0.012 0.990 0.238 0.061 0.002 0.002 0.020 0.000 0.923 0.000 0.001 0.003 0.001 0.003 0.044 0.020 0.015 0.000 
44 tongs_vis 30 0.002 0.000 0.001 0.001 0.003 0.997 0.002 0.989 0.003 0.014 0.001 0.000 0.000 0.009 0.000 0.000 0.000 0.000 0.000 0.000 0.002 0.000 0.001 0.000 0.000 0.000 0.000 0.001 0.016 0.011 0.005 0.001 0.001 0.001 0.000 0.001 0.001 0.005 0.001 0.032 0.674 0.846 0.018 0.012 0.002 0.002 0.003 0.001 0.014 0.000 0.000 0.005 0.003 0.000 0.023 0.001 0.002 0.001 
45 ladle_vis 30 0.001 0.001 0.001 0.001 0.002 0.997 0.001 0.983 0.010 0.007 0.000 0.000 0.000 0.397 0.000 0.006 0.000 0.000 0.000 0.000 0.000 0.000 0.000 0.014 0.000 0.000 0.000 0.000 0.002 0.014 0.000 0.002 0.003 0.000 0.000 0.001 0.001 0.001 0.002 0.001 0.007 0.988 0.189 0.040 0.002 0.002 0.027 0.000 0.918 0.000 0.001 0.002 0.001 0.007 0.037 0.018 0.009 0.000 
46 knife_vis 30 0.001 0.001 0.001 0.001 0.001 0.997 0.001 0.928 0.017 0.028 0.000 0.000 0.000 0.246 0.001 0.002 0.000 0.000 0.000 0.000 0.000 0.000 0.000 0.006 0.000 0.000 0.000 0.000 0.001 0.014 0.001 0.001 0.002 0.000 0.000 0.001 0.001 0.001 0.003 0.001 0.003 0.976 0.057 0.012 0.001 0.002 0.020 0.001 0.773 0.001 0.000 0.004 0.001 0.037 0.016 0.067 0.017 0.000 
47 chopsticks_vis 30 0.001 0.001 0.001 0.001 0.002 0.997 0.001 0.951 0.015 0.013 0.001 0.000 0.000 0.401 0.000 0.005 0.000 0.000 0.000 0.000 0.000 0.000 0.000 0.015 0.000 0.000 0.000 0.001 0.004 0.010 0.001 0.001 0.002 0.000 0.001 0.001 0.001 0.001 0.002 0.003 0.007 0.989 0.130 0.042 0.002 0.001 0.021 0.001 0.946 0.000 0.000 0.006 0.001 0.004 0.029 0.029 0.051 0.001 
