0 beaver_vis 30 0.995 0.336 0.957 0.000 0.334 0.018 0.000 0.816 0.000 0.017 0.001 0.000 0.395 0.992 0.079 0.038 0.590 0.000 0.114 0.139 0.737 0.046 0.146 0.001 0.002 0.000 0.000 0.103 0.000 0.006 0.043 0.001 0.969 0.001 0.001 0.002 0.001 0.001 0.001 0.005 0.227 0.979 0.036 0.631 0.001 0.296 0.000 0.001 0.031 0.000 0.008 0.013 0.005 0.006 0.001 0.550 0.001 0.011 
1 bear_vis 30 0.996 0.958 0.766 0.000 0.080 0.020 0.000 0.083 0.000 0.020 0.000 0.001 0.759 0.994 0.420 0.258 0.906 0.000 0.476 0.082 0.653 0.049 0.055 0.007 0.001 0.000 0.000 0.275 0.000 0.043 0.013 0.001 0.938 0.001 0.001 0.041 0.024 0.001 0.003 0.215 0.104 0.975 0.014 0.018 0.001 0.003 0.001 0.001 0.273 0.001 0.665 0.001 0.131 0.006 0.001 0.688 0.069 0.012 
2 sheep_vis 30 0.994 0.296 0.955 0.000 0.184 0.021 0.000 0.802 0.000 0.017 0.002 0.000 0.582 0.992 0.005 0.007 0.874 0.000 0.276 0.447 0.417 0.001 0.596 0.001 0.002 0.000 0.000 0.002 0.000 0.018 0.029 0.002 0.967 0.000 0.001 0.001 0.001 0.001 0.001 0.001 0.040 0.986 0.064 0.557 0.001 0.286 0.000 0.001 0.023 0.000 0.033 0.018 0.009 0.007 0.001 0.210 0.001 0.010 
3 buffalo_vis 30 0.996 0.725 0.892 0.000 0.121 0.010 0.001 0.116 0.000 0.011 0.001 0.001 0.271 0.994 0.054 0.038 0.871 0.000 0.144 0.413 0.666 0.000 0.084 0.003 0.001 0.000 0.000 0.003 0.000 0.012 0.074 0.006 0.956 0.000 0.001 0.043 0.012 0.001 0.021 0.004 0.021 0.979 0.012 0.013 0.001 0.002 0.000 0.001 0.383 0.000 0.862 0.001 0.057 0.033 0.001 0.150 0.001 0.012 
4 poodle_vis 30 0.994 0.557 0.326 0.000 0.013 0.014 0.001 0.027 0.000 0.028 0.006 0.000 0.101 0.987 0.020 0.001 0.154 0.000 0.046 0.289 0.073 0.000 0.019 0.000 0.005 0.000 0.000 0.001 0.000 0.002 0.003 0.001 0.886 0.000 0.002 0.002 0.001 0.001 0.001 0.001 0.037 0.926 0.007 0.012 0.001 0.001 0.000 0.000 0.008 0.000 0.574 0.001 0.013 0.008 0.002 0.006 0.001 0.024 
5 giraffe_vis 30 0.995 0.876 0.857 0.000 0.171 0.013 0.001 0.093 0.000 0.015 0.001 0.001 0.509 0.994 0.227 0.152 0.893 0.000 0.252 0.144 0.714 0.017 0.052 0.004 0.001 0.000 0.000 0.079 0.000 0.023 0.028 0.002 0.952 0.001 0.001 0.040 0.019 0.001 0.004 0.114 0.077 0.977 0.011 0.017 0.001 0.003 0.000 0.001 0.293 0.001 0.759 0.001 0.101 0.007 0.001 0.587 0.030 0.012 
6 robin_vis 30 0.994 0.063 0.970 0.000 0.029 0.017 0.000 0.888 0.000 0.014 0.002 0.000 0.089 0.988 0.007 0.002 0.406 0.000 0.053 0.273 0.597 0.001 0.155 0.001 0.001 0.000 0.000 0.001 0.000 0.001 0.014 0.001 0.976 0.000 0.001 0.001 0.001 0.001 0.001 0.000 0.069 0.980 0.021 0.586 0.001 0.292 0.000 0.000 0.007 0.000 0.003 0.024 0.002 0.004 0.001 0.033 0.001 0.008 
7 swan_vis 30 0.996 0.036 0.989 0.001 0.003 0.004 0.000 0.802 0.000 0.006 0.005 0.000 0.025 0.986 0.018 0.000 0.078 0.000 0.255 0.899 0.210 0.001 0.542 0.002 0.002 0.000 0.000 0.002 0.000 0.001 0.004 0.001 0.968 0.001 0.001 0.001 0.001 0.001 0.001 0.000 0.012 0.957 0.010 0.294 0.001 0.100 0.000 0.000 0.010 0.000 0.003 0.009 0.002 0.002 0.001 0.064 0.001 0.009 
8 woodpecker_vis 30 0.994 0.224 0.960 0.000 0.060 0.097 0.000 0.972 0.000 0.011 0.021 0.000 0.977 0.990 0.002 0.002 0.950 0.000 0.774 0.351 0.054 0.004 0.911 0.001 0.001 0.000 0.000 0.001 0.000 0.089 0.001 0.001 0.980 0.000 0.000 0.000 0.000 0.001 0.001 0.001 0.007 0.991 0.058 0.829 0.001 0.683 0.000 0.000 0.001 0.000 0.003 0.082 0.018 0.003 0.001 0.266 0.001 0.008 
9 peacock_vis 30 0.995 0.048 0.978 0.000 0.007 0.009 0.000 0.840 0.000 0.010 0.007 0.000 0.054 0.951 0.025 0.001 0.109 0.000 0.089 0.386 0.393 0.013 0.195 0.001 0.004 0.000 0.000 0.020 0.000 0.001 0.003 0.001 0.974 0.001 0.001 0.000 0.001 0.001 0.001 0.001 0.056 0.931 0.010 0.554 0.001 0.132 0.000 0.000 0.003 0.000 0.001 0.007 0.005 0.002 0.001 0.149 0.001 0.016 
10 crow_vis 30 0.995 0.176 0.935 0.000 0.066 0.006 0.000 0.917 0.000 0.010 0.002 0.000 0.034 0.969 0.248 0.002 0.149 0.000 0.036 0.194 0.738 0.017 0.081 0.000 0.001 0.000 0.000 0.099 0.000 0.001 0.006 0.001 0.981 0.001 0.001 0.002 0.005 0.001 0.001 0.002 0.297 0.925 0.047 0.809 0.001 0.105 0.000 0.000 0.003 0.000 0.001 0.008 0.010 0.002 0.001 0.050 0.001 0.013 
11 eagle_vis 30 0.995 0.063 0.977 0.000 0.035 0.009 0.000 0.871 0.000 0.013 0.007 0.000 0.048 0.981 0.038 0.002 0.193 0.000 0.052 0.277 0.711 0.010 0.107 0.000 0.002 0.000 0.000 0.024 0.000 0.001 0.009 0.001 0.978 0.001 0.001 0.001 0.001 0.001 0.001 0.001 0.096 0.952 0.013 0.690 0.001 0.179 0.000 0.000 0.006 0.000 0.001 0.007 0.004 0.002 0.001 0.123 0.001 0.014 
12 tuna_vis 30 0.996 0.036 0.982 0.002 0.003 0.016 0.000 0.727 0.000 0.006 0.001 0.000 0.457 0.269 0.007 0.001 0.613 0.000 0.820 0.132 0.034 0.767 0.839 0.001 0.002 0.000 0.000 0.010 0.000 0.003 0.000 0.001 0.976 0.000 0.000 0.000 0.000 0.001 0.001 0.049 0.005 0.976 0.002 0.574 0.001 0.343 0.000 0.000 0.000 0.000 0.000 0.006 0.010 0.001 0.001 0.875 0.001 0.010 
13 goldfish_vis 30 0.996 0.986 0.898 0.001 0.203 0.016 0.000 0.174 0.000 0.158 0.001 0.000 0.931 0.992 0.889 0.613 0.969 0.000 0.755 0.020 0.835 0.308 0.074 0.047 0.001 0.000 0.000 0.858 0.000 0.262 0.008 0.002 0.963 0.002 0.001 0.081 0.186 0.001 0.053 0.693 0.269 0.972 0.063 0.028 0.001 0.002 0.001 0.000 0.109 0.008 0.812 0.001 0.485 0.007 0.001 0.857 0.708 0.017 
14 salmon_vis 30 0.995 0.032 0.981 0.000 0.001 0.010 0.000 0.003 0.000 0.012 0.001 0.000 0.142 0.048 0.009 0.000 0.121 0.000 0.344 0.168 0.024 0.690 0.230 0.000 0.002 0.000 0.000 0.002 0.000 0.001 0.000 0.001 0.809 0.000 0.001 0.000 0.000 0.001 0.001 0.085 0.001 0.739 0.001 0.019 0.001 0.003 0.000 0.000 0.001 0.001 0.000 0.001 0.013 0.002 0.001 0.766 0.001 0.014 
15 sardine_vis 30 0.996 0.973 0.934 0.001 0.375 0.065 0.000 0.900 0.000 0.010 0.001 0.000 0.877 0.992 0.735 0.437 0.942 0.000 0.769 0.050 0.827 0.315 0.409 0.021 0.001 0.000 0.000 0.854 0.000 0.120 0.027 0.002 0.980 0.003 0.001 0.050 0.003 0.001 0.001 0.149 0.639 0.980 0.568 0.815 0.001 0.325 0.000 0.000 0.164 0.000 0.074 0.023 0.050 0.002 0.001 0.887 0.040 0.033 
16 catfish_vis 30 0.996 0.040 0.989 0.001 0.002 0.006 0.001 0.127 0.000 0.023 0.005 0.000 0.126 0.039 0.074 0.000 0.610 0.000 0.854 0.724 0.088 0.922 0.771 0.000 0.002 0.000 0.001 0.083 0.000 0.002 0.000 0.001 0.950 0.006 0.001 0.001 0.001 0.001 0.001 0.520 0.007 0.667 0.001 0.621 0.001 0.001 0.000 0.000 0.000 0.000 0.000 0.001 0.338 0.002 0.001 0.156 0.013 0.043 
17 cod_vis 30 0.995 0.843 0.973 0.000 0.658 0.028 0.000 0.898 0.000 0.011 0.001 0.000 0.712 0.987 0.417 0.211 0.914 0.000 0.514 0.046 0.838 0.446 0.332 0.006 0.001 0.000 0.000 0.696 0.000 0.057 0.038 0.002 0.980 0.003 0.001 0.019 0.001 0.001 0.001 0.207 0.561 0.976 0.299 0.851 0.001 0.437 0.000 0.000 0.091 0.000 0.029 0.019 0.055 0.001 0.001 0.890 0.022 0.039 
18 turtle_vis 30 0.996 0.983 0.938 0.001 0.222 0.014 0.001 0.118 0.000 0.162 0.001 0.000 0.908 0.987 0.899 0.562 0.981 0.000 0.688 0.011 0.807 0.284 0.056 0.043 0.001 0.000 0.000 0.804 0.000 0.270 0.006 0.002 0.951 0.003 0.001 0.093 0.184 0.001 0.064 0.629 0.284 0.952 0.046 0.019 0.001 0.002 0.001 0.000 0.061 0.009 0.772 0.001 0.503 0.009 0.001 0.802 0.733 0.019 
19 rattlesnake_vis 30 0.996 0.554 0.990 0.000 0.423 0.012 0.001 0.002 0.000 0.428 0.118 0.000 0.529 0.092 0.921 0.002 0.986 0.000 0.190 0.004 0.226 0.323 0.037 0.001 0.001 0.000 0.000 0.019 0.000 0.570 0.000 0.003 0.721 0.028 0.000 0.057 0.004 0.034 0.420 0.125 0.354 0.080 0.002 0.010 0.003 0.001 0.000 0.001 0.000 0.001 0.010 0.004 0.908 0.013 0.001 0.010 0.566 0.014 
20 crab_vis 30 0.996 0.989 0.936 0.002 0.490 0.135 0.000 0.939 0.000 0.010 0.001 0.000 0.940 0.992 0.851 0.645 0.963 0.000 0.897 0.032 0.856 0.428 0.575 0.048 0.001 0.000 0.000 0.950 0.000 0.283 0.036 0.002 0.983 0.006 0.000 0.113 0.004 0.001 0.001 0.215 0.783 0.981 0.805 0.900 0.002 0.498 0.000 0.000 0.294 0.000 0.093 0.048 0.060 0.001 0.001 0.942 0.070 0.070 
21 frog_vis 30 0.996 0.985 0.865 0.001 0.220 0.056 0.001 0.801 0.000 0.016 0.001 0.000 0.917 0.988 0.867 0.445 0.961 0.000 0.775 0.027 0.716 0.314 0.309 0.027 0.001 0.000 0.000 0.872 0.000 0.186 0.009 0.001 0.966 0.003 0.001 0.072 0.008 0.001 0.002 0.255 0.589 0.962 0.496 0.567 0.001 0.095 0.000 0.000 0.069 0.000 0.195 0.009 0.147 0.001 0.001 0.814 0.142 0.025 
22 gecko_vis 30 0.996 0.325 0.981 0.000 0.757 0.063 0.000 0.959 0.000 0.006 0.017 0.000 0.980 0.970 0.043 0.030 0.968 0.000 0.667 0.028 0.531 0.867 0.787 0.002 0.001 0.000 0.000 0.137 0.000 0.262 0.001 0.001 0.987 0.001 0.000 0.001 0.000 0.001 0.001 0.465 0.123 0.985 0.084 0.921 0.001 0.741 0.000 0.000 0.001 0.001 0.003 0.036 0.072 0.001 0.001 0.954 0.006 0.026 
23 crocodile_vis 30 0.996 0.083 0.985 0.000 0.493 0.013 0.000 0.105 0.000 0.010 0.004 0.000 0.957 0.934 0.020 0.011 0.854 0.000 0.100 0.040 0.527 0.815 0.159 0.000 0.005 0.000 0.000 0.007 0.000 0.053 0.001 0.001 0.986 0.001 0.001 0.001 0.000 0.001 0.001 0.713 0.007 0.966 0.002 0.081 0.001 0.020 0.000 0.000 0.002 0.002 0.021 0.001 0.154 0.001 0.001 0.931 0.005 0.022 
24 axe_vis 30 0.884 0.178 0.888 0.000 0.001 0.147 0.004 0.003 0.000 0.209 0.005 0.000 0.566 0.006 0.547 0.000 0.848 0.000 0.275 0.018 0.040 0.340 0.026 0.000 0.001 0.000 0.000 0.014 0.000 0.001 0.000 0.001 0.481 0.000 0.002 0.001 0.003 0.003 0.010 0.096 0.003 0.007 0.001 0.056 0.002 0.001 0.000 0.001 0.000 0.000 0.000 0.001 0.430 0.004 0.003 0.002 0.007 0.056 
25 hammer_vis 30 0.903 0.533 0.800 0.000 0.001 0.897 0.005 0.002 0.000 0.646 0.002 0.000 0.923 0.002 0.803 0.000 0.507 0.000 0.018 0.003 0.040 0.011 0.001 0.000 0.031 0.000 0.000 0.001 0.000 0.012 0.000 0.001 0.013 0.000 0.001 0.001 0.001 0.253 0.003 0.001 0.001 0.002 0.001 0.005 0.002 0.001 0.000 0.001 0.000 0.001 0.000 0.001 0.018 0.017 0.003 0.002 0.015 0.019 
26 screwdriver_vis 30 0.932 0.834 0.844 0.000 0.002 0.161 0.007 0.002 0.000 0.286 0.229 0.000 0.882 0.583 0.396 0.000 0.340 0.000 0.318 0.724 0.080 0.001 0.014 0.000 0.053 0.000 0.000 0.000 0.000 0.006 0.000 0.001 0.404 0.001 0.008 0.001 0.001 0.005 0.005 0.000 0.001 0.010 0.001 0.045 0.002 0.001 0.000 0.003 0.001 0.000 0.000 0.001 0.017 0.033 0.005 0.002 0.002 0.281 
27 chisel_vis 30 0.561 0.344 0.609 0.000 0.001 0.995 0.006 0.002 0.000 0.975 0.001 0.000 0.880 0.002 0.708 0.000 0.170 0.000 0.013 0.004 0.044 0.005 0.000 0.000 0.028 0.000 0.000 0.001 0.000 0.003 0.000 0.001 0.005 0.000 0.002 0.001 0.002 0.667 0.001 0.001 0.001 0.001 0.001 0.007 0.001 0.001 0.000 0.001 0.001 0.002 0.000 0.002 0.010 0.055 0.007 0.003 0.060 0.031 
28 saw_vis 30 0.774 0.179 0.884 0.000 0.001 0.340 0.006 0.003 0.000 0.161 0.001 0.000 0.682 0.007 0.318 0.000 0.850 0.000 0.068 0.016 0.007 0.015 0.014 0.000 0.001 0.000 0.000 0.001 0.000 0.004 0.000 0.001 0.013 0.000 0.001 0.001 0.001 0.002 0.062 0.002 0.001 0.005 0.001 0.016 0.003 0.001 0.000 0.001 0.000 0.000 0.001 0.001 0.167 0.006 0.003 0.001 0.001 0.047 
29 drill_vis 30 0.013 0.028 0.813 0.000 0.001 0.996 0.041 0.002 0.000 0.991 0.001 0.000 0.144 0.003 0.055 0.000 0.706 0.000 0.023 0.011 0.004 0.001 0.002 0.000 0.001 0.000 0.000 0.001 0.000 0.001 0.000 0.001 0.001 0.000 0.002 0.001 0.005 0.003 0.947 0.002 0.001 0.004 0.001 0.008 0.011 0.001 0.000 0.001 0.000 0.001 0.001 0.001 0.914 0.829 0.003 0.001 0.002 0.028 
30 clamp_vis 30 0.657 0.398 0.770 0.000 0.001 0.686 0.000 0.993 0.000 0.071 0.016 0.000 0.790 0.267 0.138 0.000 0.403 0.000 0.750 0.611 0.030 0.008 0.726 0.000 0.001 0.000 0.000 0.007 0.000 0.001 0.000 0.001 0.624 0.000 0.001 0.000 0.001 0.005 0.002 0.001 0.001 0.873 0.003 0.990 0.037 0.003 0.000 0.000 0.000 0.000 0.000 0.004 0.032 0.001 0.001 0.002 0.002 0.288 
31 hoe_vis 30 0.910 0.200 0.898 0.000 0.001 0.305 0.000 0.993 0.000 0.044 0.055 0.000 0.480 0.183 0.085 0.000 0.346 0.000 0.495 0.608 0.074 0.007 0.689 0.000 0.002 0.000 0.000 0.003 0.000 0.001 0.000 0.001 0.870 0.000 0.001 0.000 0.001 0.002 0.001 0.001 0.001 0.882 0.002 0.990 0.011 0.011 0.000 0.000 0.000 0.000 0.000 0.001 0.007 0.001 0.001 0.003 0.002 0.127 
32 rake_vis 30 0.974 0.302 0.942 0.000 0.006 0.177 0.000 0.993 0.000 0.017 0.071 0.000 0.727 0.106 0.382 0.000 0.767 0.000 0.799 0.088 0.093 0.431 0.683 0.000 0.001 0.000 0.000 0.072 0.000 0.001 0.000 0.001 0.950 0.001 0.001 0.000 0.001 0.003 0.001 0.017 0.033 0.931 0.003 0.992 0.008 0.020 0.000 0.000 0.000 0.000 0.000 0.002 0.027 0.001 0.001 0.010 0.002 0.066 
33 shovel_vis 30 0.855 0.244 0.826 0.000 0.001 0.448 0.000 0.992 0.000 0.123 0.058 0.000 0.475 0.195 0.099 0.000 0.141 0.000 0.376 0.718 0.105 0.003 0.330 0.000 0.014 0.000 0.000 0.002 0.000 0.001 0.000 0.001 0.804 0.000 0.002 0.000 0.001 0.010 0.001 0.000 0.001 0.664 0.004 0.990 0.012 0.103 0.000 0.000 0.000 0.000 0.000 0.005 0.003 0.002 0.002 0.003 0.003 0.238 
34 spade_vis 30 0.948 0.197 0.937 0.000 0.002 0.152 0.000 0.994 0.000 0.020 0.052 0.000 0.626 0.679 0.054 0.000 0.786 0.000 0.697 0.500 0.033 0.005 0.857 0.000 0.001 0.000 0.000 0.004 0.000 0.001 0.000 0.001 0.924 0.000 0.001 0.000 0.001 0.001 0.001 0.001 0.003 0.965 0.002 0.979 0.008 0.037 0.000 0.000 0.000 0.000 0.000 0.002 0.012 0.001 0.001 0.003 0.001 0.058 
35 wrench_vis 30 0.463 0.721 0.276 0.000 0.001 0.947 0.002 0.042 0.000 0.985 0.006 0.000 0.906 0.188 0.341 0.000 0.023 0.000 0.303 0.494 0.078 0.005 0.002 0.000 0.075 0.000 0.000 0.001 0.000 0.001 0.000 0.001 0.049 0.001 0.012 0.000 0.003 0.199 0.001 0.001 0.001 0.012 0.003 0.436 0.004 0.007 0.000 0.001 0.001 0.000 0.000 0.003 0.024 0.010 0.029 0.012 0.011 0.874 
36 accordion_vis 30 0.927 0.875 0.768 0.000 0.002 0.163 0.002 0.002 0.001 0.350 0.349 0.001 0.928 0.741 0.346 0.000 0.296 0.000 0.483 0.875 0.121 0.001 0.027 0.000 0.117 0.000 0.000 0.000 0.000 0.004 0.000 0.001 0.480 0.000 0.016 0.001 0.002 0.002 0.002 0.000 0.001 0.015 0.001 0.076 0.001 0.002 0.000 0.002 0.001 0.000 0.000 0.001 0.007 0.074 0.004 0.003 0.001 0.335 
37 cello_vis 30 0.949 0.060 0.956 0.000 0.001 0.156 0.002 0.002 0.000 0.053 0.001 0.000 0.341 0.004 0.337 0.000 0.776 0.000 0.013 0.003 0.016 0.066 0.003 0.000 0.000 0.000 0.000 0.001 0.000 0.003 0.000 0.001 0.048 0.000 0.001 0.002 0.001 0.002 0.009 0.001 0.001 0.002 0.001 0.004 0.001 0.001 0.000 0.001 0.001 0.000 0.000 0.001 0.045 0.003 0.001 0.001 0.002 0.009 
38 flute_vis 30 0.847 0.639 0.648 0.000 0.001 0.920 0.003 0.002 0.000 0.751 0.002 0.000 0.945 0.003 0.799 0.000 0.272 0.000 0.025 0.008 0.060 0.013 0.000 0.000 0.060 0.000 0.000 0.001 0.000 0.009 0.000 0.001 0.014 0.000 0.002 0.001 0.002 0.399 0.001 0.000 0.001 0.001 0.001 0.008 0.001 0.001 0.000 0.001 0.001 0.001 0.000 0.001 0.007 0.016 0.006 0.003 0.031 0.048 
39 guitar_vis 30 0.898 0.537 0.841 0.000 0.001 0.530 0.003 0.002 0.000 0.640 0.018 0.000 0.845 0.022 0.352 0.000 0.639 0.000 0.046 0.043 0.019 0.000 0.001 0.000 0.023 0.000 0.000 0.000 0.000 0.014 0.000 0.001 0.017 0.000 0.002 0.001 0.002 0.053 0.002 0.000 0.001 0.001 0.001 0.004 0.001 0.001 0.000 0.002 0.001 0.001 0.000 0.008 0.007 0.317 0.006 0.002 0.007 0.043 
40 piano_vis 30 0.541 0.119 0.825 0.000 0.001 0.529 0.007 0.002 0.000 0.272 0.001 0.000 0.457 0.019 0.104 0.000 0.738 0.000 0.057 0.042 0.003 0.001 0.020 0.000 0.001 0.000 0.000 0.000 0.000 0.004 0.000 0.001 0.006 0.000 0.001 0.002 0.001 0.001 0.122 0.001 0.001 0.009 0.001 0.012 0.003 0.001 0.000 0.001 0.000 0.000 0.001 0.001 0.268 0.007 0.002 0.001 0.001 0.115 
41 trumpet_vis 30 0.955 0.809 0.070 0.000 0.001 0.070 0.001 0.002 0.000 0.058 0.001 0.000 0.772 0.003 0.143 0.000 0.061 0.000 0.012 0.003 0.004 0.021 0.003 0.000 0.001 0.000 0.000 0.002 0.000 0.003 0.000 0.001 0.027 0.000 0.001 0.001 0.001 0.007 0.001 0.002 0.001 0.007 0.001 0.007 0.003 0.001 0.000 0.001 0.000 0.000 0.000 0.001 0.026 0.001 0.002 0.002 0.002 0.037 
42 fork_vis 30 0.615 0.446 0.726 0.000 0.001 0.983 0.029 0.002 0.000 0.918 0.002 0.000 0.878 0.002 0.676 0.000 0.330 0.000 0.018 0.005 0.038 0.003 0.000 0.000 0.037 0.000 0.000 0.001 0.000 0.007 0.000 0.001 0.005 0.000 0.006 0.000 0.005 0.456 0.011 0.001 0.001 0.002 0.001 0.006 0.003 0.001 0.000 0.004 0.000 0.003 0.000 0.004 0.045 0.281 0.018 0.005 0.075 0.042 
43 spoon_vis 30 0.122 0.443 0.490 0.000 0.001 0.996 0.058 0.002 0.000 0.996 0.001 0.000 0.897 0.003 0.745 0.000 0.067 0.000 0.035 0.010 0.129 0.011 0.000 0.000 0.054 0.000 0.000 0.001 0.000 0.001 0.000 0.001 0.005 0.000 0.021 0.000 0.039 0.876 0.012 0.001 0.001 0.002 0.001 0.015 0.004 0.001 0.001 0.002 0.001 0.019 0.000 0.002 0.156 0.637 0.070 0.015 0.738 0.129 
44 tongs_vis 30 0.264 0.263 0.636 0.000 0.001 0.996 0.039 0.002 0.000 0.991 0.001 0.000 0.786 0.002 0.601 0.000 0.154 0.000 0.013 0.004 0.033 0.002 0.000 0.000 0.020 0.000 0.000 0.001 0.000 0.003 0.000 0.001 0.003 0.000 0.005 0.001 0.003 0.742 0.007 0.001 0.001 0.002 0.001 0.007 0.004 0.001 0.000 0.010 0.000 0.003 0.000 0.008 0.050 0.308 0.025 0.006 0.112 0.052 
45 ladle_vis 30 0.123 0.517 0.477 0.000 0.001 0.996 0.077 0.004 0.000 0.996 0.001 0.000 0.916 0.003 0.772 0.000 0.058 0.000 0.065 0.013 0.195 0.024 0.000 0.000 0.075 0.000 0.000 0.003 0.000 0.001 0.000 0.001 0.008 0.000 0.035 0.000 0.091 0.889 0.010 0.007 0.001 0.003 0.001 0.040 0.006 0.001 0.001 0.001 0.001 0.030 0.000 0.001 0.218 0.640 0.098 0.030 0.839 0.216 
46 knife_vis 30 0.130 0.419 0.550 0.000 0.001 0.996 0.083 0.002 0.000 0.996 0.001 0.000 0.874 0.002 0.740 0.000 0.083 0.000 0.028 0.006 0.093 0.008 0.000 0.000 0.045 0.000 0.000 0.001 0.000 0.002 0.000 0.001 0.004 0.001 0.015 0.000 0.029 0.938 0.008 0.001 0.001 0.001 0.001 0.013 0.004 0.001 0.001 0.004 0.000 0.017 0.000 0.004 0.159 0.574 0.081 0.015 0.720 0.124 
47 chopsticks_vis 30 0.214 0.267 0.639 0.000 0.001 0.996 0.057 0.002 0.001 0.994 0.001 0.000 0.795 0.002 0.641 0.000 0.144 0.000 0.014 0.003 0.041 0.003 0.000 0.000 0.022 0.000 0.000 0.001 0.000 0.003 0.000 0.001 0.002 0.001 0.007 0.001 0.007 0.841 0.010 0.001 0.001 0.001 0.001 0.006 0.003 0.001 0.000 0.013 0.000 0.006 0.000 0.009 0.065 0.352 0.036 0.008 0.212 0.059 
