0 beaver_vis 30 0.993 0.987 0.007 0.000 0.541 0.002 0.000 0.000 0.001 0.000 0.960 0.269 0.002 0.004 0.003 0.000 0.000 0.000 0.000 0.087 0.000 0.002 0.000 0.000 0.000 0.000 0.001 0.000 0.000 0.000 0.001 0.000 0.761 0.022 0.000 0.000 0.000 0.000 0.000 0.000 0.000 0.001 0.000 0.000 0.000 0.000 0.000 0.000 0.000 0.001 0.000 0.000 0.000 0.000 0.000 0.000 0.000 0.000 
1 bear_vis 30 0.994 0.979 0.281 0.000 0.842 0.001 0.000 0.000 0.000 0.000 0.185 0.021 0.002 0.353 0.421 0.002 0.000 0.000 0.000 0.001 0.176 0.083 0.016 0.000 0.000 0.000 0.000 0.000 0.000 0.004 0.002 0.000 0.873 0.024 0.000 0.000 0.000 0.000 0.000 0.000 0.000 0.001 0.000 0.000 0.000 0.000 0.000 0.000 0.000 0.001 0.000 0.000 0.000 0.000 0.000 0.000 0.000 0.000 
2 sheep_vis 30 0.992 0.973 0.000 0.000 0.909 0.002 0.000 0.001 0.000 0.000 0.037 0.095 0.310 0.000 0.000 0.000 0.000 0.000 0.000 0.004 0.000 0.000 0.000 0.000 0.001 0.000 0.021 0.000 0.000 0.000 0.000 0.706 0.003 0.065 0.000 0.000 0.000 0.000 0.000 0.000 0.000 0.001 0.000 0.000 0.000 0.000 0.000 0.000 0.000 0.001 0.001 0.000 0.000 0.000 0.000 0.000 0.000 0.000 
3 buffalo_vis 30 0.994 0.985 0.542 0.000 0.839 0.001 0.000 0.000 0.000 0.000 0.615 0.355 0.061 0.075 0.313 0.012 0.000 0.001 0.000 0.002 0.003 0.171 0.002 0.000 0.000 0.000 0.000 0.000 0.000 0.001 0.001 0.000 0.771 0.021 0.000 0.000 0.000 0.000 0.000 0.000 0.000 0.001 0.000 0.000 0.000 0.000 0.000 0.000 0.000 0.001 0.000 0.000 0.000 0.000 0.000 0.000 0.000 0.000 
4 poodle_vis 30 0.993 0.943 0.052 0.006 0.872 0.002 0.000 0.000 0.001 0.000 0.248 0.012 0.001 0.194 0.337 0.001 0.000 0.000 0.000 0.003 0.436 0.061 0.133 0.000 0.000 0.000 0.000 0.000 0.000 0.005 0.001 0.003 0.893 0.175 0.000 0.000 0.000 0.000 0.000 0.000 0.000 0.001 0.000 0.000 0.000 0.000 0.000 0.000 0.000 0.001 0.000 0.001 0.000 0.000 0.000 0.006 0.000 0.000 
5 giraffe_vis 30 0.994 0.988 0.006 0.000 0.905 0.002 0.000 0.000 0.000 0.000 0.029 0.004 0.003 0.047 0.047 0.011 0.000 0.000 0.000 0.000 0.001 0.002 0.001 0.000 0.000 0.000 0.000 0.000 0.000 0.001 0.003 0.000 0.543 0.005 0.000 0.000 0.000 0.000 0.000 0.000 0.000 0.001 0.000 0.000 0.000 0.000 0.000 0.000 0.000 0.001 0.000 0.000 0.000 0.000 0.000 0.000 0.000 0.000 
6 robin_vis 30 0.993 0.016 0.946 0.020 0.001 0.002 0.000 0.000 0.000 0.000 0.078 0.229 0.001 0.000 0.000 0.000 0.000 0.006 0.000 0.854 0.000 0.034 0.000 0.000 0.001 0.143 0.215 0.000 0.000 0.000 0.000 0.001 0.002 0.000 0.000 0.000 0.000 0.000 0.000 0.000 0.000 0.001 0.000 0.000 0.000 0.000 0.000 0.000 0.000 0.001 0.000 0.000 0.000 0.000 0.000 0.000 0.000 0.000 
7 swan_vis 30 0.994 0.008 0.971 0.003 0.001 0.001 0.000 0.000 0.000 0.000 0.039 0.181 0.001 0.000 0.000 0.000 0.000 0.002 0.000 0.858 0.001 0.114 0.000 0.000 0.000 0.002 0.013 0.000 0.000 0.000 0.000 0.000 0.012 0.000 0.000 0.000 0.000 0.000 0.000 0.000 0.000 0.001 0.000 0.000 0.000 0.000 0.000 0.000 0.000 0.001 0.000 0.000 0.000 0.000 0.000 0.000 0.000 0.000 
8 woodpecker_vis 30 0.993 0.008 0.936 0.010 0.001 0.002 0.000 0.000 0.000 0.000 0.078 0.079 0.001 0.000 0.000 0.000 0.000 0.001 0.000 0.930 0.000 0.015 0.000 0.000 0.001 0.155 0.431 0.000 0.000 0.000 0.000 0.002 0.001 0.000 0.000 0.000 0.000 0.000 0.000 0.000 0.000 0.001 0.000 0.000 0.000 0.000 0.000 0.000 0.000 0.001 0.000 0.000 0.000 0.000 0.000 0.000 0.000 0.000 
9 peacock_vis 30 0.994 0.018 0.975 0.008 0.001 0.001 0.000 0.000 0.000 0.000 0.113 0.393 0.001 0.000 0.000 0.000 0.000 0.012 0.000 0.909 0.000 0.043 0.000 0.000 0.000 0.113 0.178 0.000 0.000 0.000 0.000 0.001 0.004 0.000 0.000 0.000 0.000 0.000 0.000 0.000 0.000 0.001 0.000 0.000 0.000 0.000 0.000 0.000 0.000 0.001 0.001 0.000 0.000 0.000 0.001 0.000 0.000 0.000 
10 crow_vis 30 0.994 0.005 0.981 0.000 0.001 0.001 0.000 0.000 0.000 0.000 0.000 0.004 0.000 0.000 0.000 0.001 0.000 0.452 0.000 0.014 0.060 0.001 0.000 0.000 0.000 0.000 0.000 0.000 0.000 0.000 0.000 0.000 0.012 0.000 0.000 0.000 0.000 0.000 0.000 0.000 0.000 0.001 0.000 0.000 0.000 0.000 0.000 0.000 0.000 0.001 0.010 0.000 0.000 0.000 0.001 0.000 0.000 0.000 
11 eagle_vis 30 0.993 0.013 0.961 0.007 0.001 0.002 0.000 0.000 0.000 0.000 0.104 0.289 0.001 0.000 0.000 0.000 0.000 0.006 0.000 0.864 0.000 0.049 0.000 0.000 0.000 0.051 0.136 0.000 0.000 0.000 0.000 0.001 0.003 0.000 0.000 0.000 0.000 0.000 0.000 0.000 0.000 0.001 0.000 0.000 0.000 0.000 0.000 0.000 0.000 0.001 0.000 0.000 0.000 0.000 0.001 0.000 0.000 0.000 
12 tuna_vis 30 0.995 0.001 0.001 0.945 0.008 0.002 0.001 0.000 0.000 0.000 0.000 0.000 0.002 0.000 0.001 0.000 0.000 0.000 0.000 0.001 0.000 0.001 0.369 0.000 0.005 0.000 0.373 0.058 0.000 0.003 0.001 0.000 0.002 0.051 0.002 0.000 0.000 0.001 0.002 0.000 0.001 0.001 0.000 0.000 0.001 0.000 0.000 0.000 0.000 0.001 0.000 0.000 0.000 0.000 0.000 0.003 0.000 0.000 
13 goldfish_vis 30 0.995 0.001 0.002 0.904 0.009 0.009 0.008 0.000 0.000 0.000 0.000 0.000 0.001 0.000 0.001 0.000 0.001 0.000 0.000 0.000 0.033 0.000 0.026 0.029 0.002 0.000 0.000 0.828 0.001 0.022 0.005 0.000 0.001 0.000 0.001 0.000 0.000 0.058 0.000 0.000 0.000 0.001 0.000 0.001 0.000 0.000 0.000 0.000 0.000 0.001 0.000 0.000 0.000 0.000 0.000 0.002 0.005 0.000 
14 salmon_vis 30 0.995 0.001 0.682 0.470 0.188 0.001 0.000 0.000 0.000 0.000 0.000 0.000 0.001 0.014 0.000 0.000 0.000 0.003 0.000 0.000 0.840 0.001 0.002 0.001 0.001 0.000 0.000 0.025 0.000 0.001 0.025 0.000 0.856 0.000 0.000 0.000 0.000 0.000 0.000 0.000 0.000 0.001 0.000 0.000 0.000 0.000 0.000 0.000 0.000 0.001 0.000 0.000 0.000 0.000 0.000 0.014 0.001 0.000 
15 sardine_vis 30 0.995 0.002 0.009 0.147 0.412 0.002 0.000 0.000 0.000 0.000 0.000 0.000 0.002 0.003 0.001 0.000 0.000 0.000 0.000 0.000 0.378 0.000 0.001 0.000 0.001 0.000 0.000 0.001 0.000 0.001 0.029 0.000 0.651 0.000 0.000 0.000 0.000 0.000 0.000 0.000 0.000 0.001 0.000 0.000 0.000 0.000 0.000 0.000 0.000 0.001 0.000 0.000 0.000 0.000 0.000 0.000 0.000 0.000 
16 catfish_vis 30 0.995 0.001 0.001 0.801 0.011 0.009 0.000 0.000 0.000 0.000 0.000 0.000 0.001 0.000 0.000 0.000 0.000 0.000 0.000 0.000 0.011 0.000 0.005 0.005 0.001 0.000 0.000 0.417 0.000 0.001 0.006 0.000 0.001 0.000 0.000 0.000 0.000 0.003 0.000 0.000 0.000 0.001 0.000 0.000 0.000 0.000 0.000 0.000 0.000 0.001 0.000 0.000 0.000 0.000 0.000 0.000 0.000 0.000 
17 cod_vis 30 0.995 0.001 0.001 0.900 0.011 0.011 0.003 0.000 0.000 0.000 0.000 0.000 0.002 0.000 0.001 0.000 0.000 0.000 0.000 0.000 0.024 0.000 0.017 0.019 0.002 0.000 0.000 0.803 0.001 0.012 0.006 0.000 0.001 0.000 0.001 0.000 0.000 0.027 0.000 0.000 0.000 0.002 0.000 0.000 0.000 0.000 0.000 0.000 0.000 0.001 0.000 0.000 0.000 0.000 0.000 0.001 0.002 0.000 
18 turtle_vis 30 0.995 0.031 0.829 0.031 0.002 0.001 0.000 0.000 0.000 0.000 0.011 0.001 0.002 0.000 0.001 0.000 0.000 0.000 0.002 0.173 0.000 0.017 0.001 0.000 0.002 0.007 0.009 0.000 0.000 0.001 0.000 0.001 0.002 0.000 0.000 0.000 0.000 0.000 0.000 0.000 0.000 0.001 0.000 0.000 0.000 0.000 0.000 0.000 0.000 0.001 0.000 0.000 0.000 0.000 0.000 0.000 0.000 0.000 
19 rattlesnake_vis 30 0.995 0.986 0.068 0.000 0.985 0.001 0.000 0.000 0.000 0.000 0.789 0.062 0.804 0.031 0.780 0.000 0.000 0.000 0.000 0.000 0.007 0.285 0.025 0.000 0.003 0.000 0.000 0.000 0.000 0.101 0.000 0.000 0.321 0.503 0.000 0.000 0.000 0.000 0.000 0.000 0.000 0.023 0.000 0.000 0.000 0.000 0.000 0.000 0.000 0.001 0.000 0.000 0.000 0.000 0.000 0.000 0.000 0.000 
20 crab_vis 30 0.995 0.584 0.985 0.512 0.001 0.001 0.000 0.000 0.000 0.000 0.797 0.653 0.012 0.000 0.002 0.000 0.000 0.086 0.029 0.931 0.002 0.941 0.009 0.000 0.022 0.127 0.139 0.000 0.000 0.001 0.000 0.001 0.017 0.000 0.000 0.000 0.000 0.000 0.000 0.000 0.000 0.001 0.000 0.000 0.000 0.000 0.000 0.000 0.000 0.001 0.000 0.000 0.000 0.000 0.000 0.000 0.000 0.000 
21 frog_vis 30 0.995 0.989 0.022 0.001 0.958 0.001 0.000 0.000 0.000 0.000 0.807 0.735 0.915 0.001 0.040 0.001 0.000 0.000 0.003 0.003 0.000 0.027 0.001 0.000 0.099 0.000 0.001 0.000 0.000 0.004 0.000 0.413 0.040 0.415 0.000 0.000 0.000 0.000 0.000 0.000 0.000 0.018 0.000 0.000 0.001 0.000 0.000 0.000 0.000 0.001 0.000 0.000 0.000 0.000 0.000 0.000 0.000 0.000 
22 gecko_vis 30 0.995 0.982 0.043 0.001 0.983 0.001 0.000 0.000 0.000 0.000 0.551 0.060 0.871 0.022 0.357 0.000 0.000 0.000 0.000 0.000 0.007 0.120 0.013 0.000 0.021 0.000 0.000 0.001 0.000 0.119 0.000 0.002 0.142 0.514 0.000 0.000 0.000 0.000 0.000 0.000 0.000 0.108 0.000 0.000 0.000 0.000 0.000 0.000 0.000 0.001 0.000 0.000 0.000 0.000 0.000 0.000 0.000 0.000 
23 crocodile_vis 30 0.995 0.625 0.984 0.448 0.002 0.001 0.000 0.000 0.000 0.000 0.859 0.658 0.007 0.000 0.007 0.000 0.000 0.106 0.015 0.919 0.006 0.960 0.018 0.000 0.012 0.074 0.107 0.000 0.000 0.001 0.000 0.001 0.044 0.001 0.000 0.000 0.000 0.000 0.000 0.000 0.000 0.001 0.000 0.000 0.000 0.000 0.000 0.000 0.000 0.001 0.000 0.000 0.000 0.000 0.000 0.001 0.000 0.000 
24 axe_vis 30 0.002 0.000 0.000 0.000 0.001 0.993 0.938 0.030 0.000 0.000 0.000 0.000 0.001 0.000 0.000 0.000 0.005 0.000 0.004 0.000 0.000 0.000 0.000 0.000 0.001 0.000 0.009 0.000 0.000 0.000 0.000 0.000 0.000 0.000 0.895 0.000 0.090 0.001 0.001 0.003 0.001 0.002 0.000 0.000 0.962 0.001 0.000 0.000 0.000 0.001 0.000 0.000 0.000 0.006 0.000 0.000 0.000 0.000 
25 hammer_vis 30 0.001 0.000 0.000 0.001 0.001 0.995 0.928 0.037 0.000 0.001 0.000 0.000 0.000 0.000 0.000 0.000 0.001 0.000 0.001 0.000 0.000 0.000 0.001 0.000 0.001 0.000 0.049 0.000 0.000 0.001 0.000 0.000 0.000 0.001 0.780 0.001 0.025 0.009 0.019 0.001 0.010 0.002 0.004 0.000 0.905 0.000 0.000 0.000 0.000 0.001 0.000 0.000 0.000 0.001 0.000 0.000 0.000 0.000 
26 screwdriver_vis 30 0.002 0.000 0.000 0.000 0.001 0.989 0.677 0.359 0.000 0.000 0.000 0.000 0.001 0.000 0.000 0.000 0.005 0.000 0.006 0.000 0.000 0.000 0.000 0.000 0.002 0.000 0.003 0.000 0.000 0.000 0.000 0.000 0.000 0.002 0.694 0.000 0.109 0.001 0.001 0.007 0.004 0.003 0.001 0.000 0.960 0.001 0.000 0.001 0.000 0.001 0.000 0.000 0.000 0.003 0.000 0.000 0.000 0.000 
27 chisel_vis 30 0.003 0.000 0.000 0.000 0.001 0.994 0.923 0.178 0.000 0.001 0.000 0.000 0.001 0.000 0.000 0.000 0.003 0.000 0.000 0.000 0.000 0.000 0.000 0.000 0.001 0.000 0.000 0.000 0.000 0.001 0.000 0.000 0.000 0.000 0.497 0.000 0.299 0.002 0.001 0.002 0.001 0.005 0.001 0.001 0.020 0.004 0.000 0.000 0.000 0.001 0.000 0.000 0.000 0.016 0.000 0.000 0.000 0.000 
28 saw_vis 30 0.002 0.000 0.000 0.000 0.001 0.991 0.942 0.027 0.000 0.000 0.000 0.000 0.001 0.000 0.000 0.000 0.006 0.000 0.006 0.000 0.000 0.000 0.000 0.000 0.001 0.000 0.009 0.000 0.000 0.000 0.000 0.000 0.000 0.000 0.859 0.000 0.126 0.001 0.003 0.002 0.001 0.001 0.001 0.000 0.964 0.000 0.000 0.000 0.000 0.001 0.000 0.000 0.000 0.003 0.000 0.000 0.000 0.000 
29 drill_vis 30 0.002 0.000 0.000 0.039 0.001 0.992 0.909 0.008 0.000 0.002 0.000 0.000 0.000 0.000 0.000 0.000 0.000 0.000 0.001 0.000 0.000 0.000 0.012 0.000 0.001 0.000 0.672 0.002 0.000 0.000 0.001 0.000 0.000 0.004 0.533 0.000 0.003 0.282 0.316 0.001 0.218 0.001 0.001 0.000 0.853 0.000 0.000 0.000 0.000 0.001 0.000 0.000 0.000 0.000 0.000 0.002 0.000 0.000 
30 clamp_vis 30 0.001 0.000 0.000 0.000 0.018 0.995 0.035 0.994 0.000 0.000 0.000 0.000 0.001 0.000 0.000 0.000 0.000 0.000 0.000 0.000 0.000 0.000 0.004 0.000 0.001 0.000 0.089 0.000 0.000 0.002 0.043 0.001 0.000 0.851 0.042 0.001 0.001 0.062 0.013 0.000 0.970 0.003 0.255 0.019 0.972 0.001 0.000 0.000 0.000 0.001 0.000 0.109 0.000 0.000 0.000 0.000 0.000 0.000 
31 hoe_vis 30 0.003 0.004 0.000 0.000 0.001 0.994 0.003 0.424 0.758 0.000 0.003 0.000 0.009 0.000 0.049 0.000 0.000 0.000 0.000 0.000 0.000 0.000 0.000 0.000 0.001 0.000 0.000 0.000 0.000 0.001 0.000 0.000 0.001 0.005 0.008 0.000 0.001 0.000 0.000 0.002 0.002 0.136 0.001 0.000 0.088 0.005 0.002 0.002 0.000 0.009 0.000 0.006 0.000 0.005 0.000 0.000 0.000 0.000 
32 rake_vis 30 0.001 0.000 0.000 0.000 0.009 0.995 0.027 0.993 0.000 0.000 0.000 0.000 0.002 0.000 0.001 0.000 0.000 0.000 0.000 0.000 0.000 0.000 0.002 0.000 0.001 0.000 0.036 0.000 0.000 0.002 0.012 0.000 0.000 0.776 0.047 0.000 0.001 0.021 0.005 0.001 0.947 0.007 0.119 0.010 0.969 0.001 0.000 0.000 0.000 0.001 0.000 0.038 0.000 0.000 0.000 0.000 0.000 0.000 
33 shovel_vis 30 0.001 0.000 0.000 0.000 0.005 0.995 0.043 0.993 0.007 0.000 0.000 0.000 0.005 0.000 0.001 0.000 0.000 0.000 0.000 0.000 0.000 0.000 0.000 0.000 0.001 0.000 0.000 0.000 0.001 0.006 0.000 0.000 0.000 0.027 0.012 0.001 0.004 0.001 0.001 0.001 0.298 0.495 0.051 0.010 0.249 0.018 0.000 0.000 0.000 0.004 0.000 0.000 0.000 0.000 0.000 0.000 0.000 0.000 
34 spade_vis 30 0.002 0.015 0.000 0.000 0.001 0.991 0.006 0.992 0.000 0.000 0.003 0.000 0.041 0.000 0.001 0.000 0.000 0.000 0.000 0.000 0.000 0.000 0.000 0.000 0.001 0.000 0.001 0.000 0.000 0.001 0.000 0.000 0.000 0.108 0.055 0.000 0.009 0.000 0.000 0.006 0.007 0.029 0.003 0.000 0.978 0.016 0.000 0.006 0.000 0.001 0.000 0.000 0.000 0.000 0.000 0.000 0.000 0.000 
35 wrench_vis 30 0.017 0.002 0.000 0.000 0.037 0.995 0.002 0.153 0.875 0.000 0.001 0.000 0.004 0.000 0.026 0.000 0.000 0.000 0.000 0.000 0.000 0.000 0.001 0.000 0.000 0.000 0.000 0.000 0.000 0.001 0.000 0.000 0.061 0.004 0.005 0.000 0.001 0.000 0.000 0.001 0.002 0.088 0.001 0.000 0.030 0.003 0.001 0.000 0.001 0.020 0.000 0.043 0.000 0.001 0.000 0.002 0.000 0.000 
36 accordion_vis 30 0.117 0.003 0.000 0.000 0.092 0.995 0.002 0.080 0.915 0.000 0.001 0.000 0.002 0.000 0.006 0.000 0.000 0.000 0.000 0.000 0.000 0.000 0.000 0.000 0.000 0.000 0.000 0.000 0.000 0.001 0.000 0.000 0.209 0.002 0.001 0.000 0.002 0.000 0.000 0.001 0.000 0.041 0.000 0.000 0.005 0.006 0.001 0.000 0.001 0.003 0.000 0.010 0.000 0.000 0.000 0.001 0.000 0.000 
37 cello_vis 30 0.002 0.011 0.000 0.000 0.001 0.995 0.001 0.213 0.892 0.001 0.023 0.000 0.001 0.003 0.049 0.000 0.001 0.000 0.000 0.000 0.000 0.000 0.000 0.000 0.000 0.000 0.000 0.000 0.000 0.001 0.000 0.000 0.001 0.007 0.001 0.000 0.001 0.000 0.000 0.001 0.002 0.008 0.002 0.000 0.070 0.002 0.009 0.188 0.000 0.002 0.000 0.218 0.000 0.028 0.000 0.001 0.000 0.000 
38 flute_vis 30 0.003 0.008 0.000 0.000 0.001 0.996 0.001 0.234 0.927 0.005 0.000 0.000 0.000 0.012 0.059 0.001 0.002 0.000 0.000 0.000 0.000 0.000 0.000 0.000 0.000 0.000 0.000 0.000 0.000 0.001 0.000 0.000 0.003 0.001 0.000 0.000 0.014 0.000 0.000 0.000 0.002 0.003 0.000 0.014 0.000 0.026 0.017 0.339 0.002 0.051 0.000 0.474 0.001 0.004 0.000 0.003 0.001 0.000 
39 guitar_vis 30 0.005 0.002 0.000 0.000 0.013 0.995 0.001 0.056 0.973 0.009 0.002 0.000 0.001 0.009 0.062 0.000 0.000 0.000 0.000 0.000 0.001 0.000 0.003 0.000 0.000 0.000 0.000 0.000 0.000 0.001 0.001 0.000 0.089 0.011 0.001 0.000 0.003 0.001 0.000 0.000 0.014 0.007 0.000 0.001 0.001 0.004 0.007 0.007 0.021 0.044 0.000 0.695 0.000 0.001 0.000 0.043 0.001 0.000 
40 piano_vis 30 0.177 0.001 0.000 0.000 0.003 0.995 0.001 0.059 0.287 0.199 0.000 0.000 0.002 0.000 0.001 0.000 0.000 0.000 0.000 0.002 0.002 0.001 0.002 0.000 0.000 0.000 0.002 0.000 0.000 0.001 0.000 0.000 0.063 0.001 0.001 0.000 0.001 0.000 0.000 0.001 0.000 0.019 0.001 0.000 0.012 0.002 0.000 0.000 0.000 0.001 0.000 0.001 0.000 0.000 0.007 0.119 0.000 0.000 
41 trumpet_vis 30 0.001 0.003 0.000 0.000 0.001 0.995 0.011 0.992 0.006 0.000 0.000 0.000 0.002 0.000 0.001 0.000 0.001 0.000 0.000 0.000 0.000 0.000 0.000 0.000 0.000 0.000 0.000 0.000 0.000 0.003 0.002 0.000 0.000 0.001 0.004 0.000 0.152 0.001 0.000 0.000 0.006 0.063 0.001 0.213 0.137 0.152 0.001 0.056 0.000 0.001 0.000 0.003 0.000 0.000 0.000 0.000 0.000 0.000 
42 fork_vis 30 0.016 0.000 0.020 0.000 0.001 0.995 0.019 0.001 0.046 0.971 0.000 0.000 0.000 0.000 0.003 0.000 0.015 0.000 0.000 0.000 0.032 0.008 0.001 0.000 0.000 0.000 0.000 0.002 0.000 0.000 0.000 0.000 0.000 0.000 0.013 0.002 0.013 0.010 0.000 0.000 0.000 0.002 0.000 0.001 0.000 0.000 0.001 0.003 0.000 0.008 0.000 0.007 0.127 0.147 0.001 0.014 0.528 0.012 
43 spoon_vis 30 0.004 0.004 0.000 0.000 0.013 0.996 0.000 0.087 0.985 0.011 0.004 0.000 0.000 0.002 0.609 0.000 0.000 0.000 0.000 0.000 0.000 0.002 0.003 0.000 0.000 0.000 0.000 0.000 0.000 0.003 0.000 0.000 0.039 0.003 0.002 0.000 0.000 0.000 0.000 0.000 0.003 0.051 0.000 0.000 0.000 0.000 0.074 0.008 0.002 0.761 0.000 0.237 0.000 0.169 0.000 0.020 0.001 0.001 
44 tongs_vis 30 0.001 0.000 0.004 0.014 0.001 0.996 0.016 0.001 0.016 0.980 0.000 0.000 0.000 0.000 0.001 0.000 0.001 0.000 0.000 0.023 0.004 0.005 0.064 0.000 0.000 0.000 0.233 0.008 0.000 0.000 0.000 0.000 0.002 0.000 0.010 0.000 0.000 0.166 0.016 0.000 0.003 0.001 0.000 0.000 0.000 0.000 0.000 0.000 0.000 0.003 0.000 0.197 0.000 0.003 0.258 0.920 0.010 0.001 
45 ladle_vis 30 0.002 0.001 0.000 0.000 0.002 0.996 0.001 0.227 0.977 0.020 0.002 0.000 0.001 0.001 0.551 0.000 0.000 0.000 0.000 0.000 0.000 0.001 0.001 0.000 0.000 0.000 0.000 0.000 0.000 0.002 0.000 0.000 0.004 0.002 0.003 0.000 0.000 0.000 0.000 0.000 0.004 0.068 0.000 0.000 0.001 0.000 0.039 0.007 0.001 0.773 0.000 0.207 0.000 0.142 0.000 0.010 0.001 0.001 
46 knife_vis 30 0.020 0.004 0.000 0.000 0.002 0.995 0.001 0.037 0.904 0.030 0.006 0.000 0.001 0.002 0.728 0.000 0.002 0.000 0.000 0.000 0.000 0.011 0.004 0.000 0.000 0.000 0.000 0.000 0.000 0.003 0.000 0.000 0.008 0.002 0.022 0.000 0.001 0.000 0.000 0.000 0.004 0.044 0.000 0.000 0.001 0.000 0.028 0.004 0.000 0.579 0.000 0.190 0.000 0.410 0.000 0.028 0.001 0.001 
47 chopsticks_vis 30 0.043 0.000 0.004 0.005 0.001 0.995 0.003 0.001 0.004 0.966 0.000 0.000 0.000 0.000 0.001 0.000 0.000 0.000 0.000 0.005 0.006 0.014 0.044 0.000 0.000 0.000 0.014 0.002 0.000 0.000 0.000 0.000 0.003 0.000 0.004 0.000 0.000 0.018 0.005 0.000 0.001 0.001 0.000 0.000 0.000 0.000 0.000 0.000 0.000 0.002 0.000 0.021 0.000 0.013 0.142 0.813 0.007 0.001 
