0 beaver_vis 30 0.995 0.958 0.080 0.009 0.109 0.001 0.000 0.000 0.016 0.000 0.000 0.329 0.002 0.022 0.003 0.130 0.000 0.003 0.000 0.000 0.001 0.000 0.001 0.003 0.001 0.000 0.000 0.004 0.013 0.022 0.017 0.001 0.001 0.001 0.000 0.000 0.000 0.000 0.000 0.000 0.000 0.001 0.000 0.001 0.000 0.000 0.001 0.000 0.000 0.001 0.006 0.000 0.000 0.000 0.000 0.000 0.000 0.000 
1 bear_vis 30 0.995 0.774 0.006 0.003 0.041 0.098 0.000 0.000 0.646 0.000 0.000 0.001 0.000 0.352 0.014 0.003 0.000 0.000 0.000 0.000 0.011 0.000 0.001 0.001 0.001 0.000 0.000 0.002 0.003 0.003 0.007 0.000 0.004 0.000 0.000 0.000 0.000 0.000 0.000 0.000 0.000 0.000 0.000 0.001 0.000 0.000 0.004 0.000 0.001 0.005 0.000 0.008 0.000 0.000 0.000 0.000 0.000 0.000 
2 sheep_vis 30 0.994 0.961 0.001 0.002 0.051 0.001 0.000 0.000 0.000 0.000 0.011 0.002 0.016 0.001 0.001 0.001 0.000 0.000 0.000 0.000 0.000 0.000 0.001 0.001 0.001 0.000 0.000 0.001 0.002 0.006 0.002 0.001 0.000 0.002 0.000 0.000 0.000 0.000 0.000 0.000 0.000 0.001 0.000 0.000 0.000 0.000 0.000 0.000 0.000 0.001 0.000 0.000 0.000 0.000 0.000 0.000 0.000 0.000 
3 buffalo_vis 30 0.995 0.844 0.013 0.003 0.106 0.006 0.000 0.000 0.387 0.000 0.001 0.413 0.000 0.094 0.001 0.004 0.000 0.000 0.000 0.001 0.008 0.000 0.000 0.001 0.001 0.000 0.000 0.002 0.003 0.001 0.008 0.000 0.004 0.000 0.000 0.000 0.000 0.000 0.000 0.000 0.000 0.000 0.000 0.000 0.000 0.000 0.001 0.000 0.001 0.001 0.006 0.003 0.000 0.000 0.000 0.000 0.000 0.000 
4 poodle_vis 30 0.994 0.962 0.026 0.002 0.137 0.001 0.000 0.000 0.044 0.000 0.001 0.326 0.001 0.045 0.002 0.012 0.000 0.001 0.000 0.000 0.001 0.000 0.001 0.001 0.001 0.000 0.000 0.002 0.002 0.004 0.013 0.000 0.003 0.000 0.000 0.000 0.000 0.000 0.000 0.000 0.000 0.001 0.000 0.000 0.000 0.000 0.000 0.000 0.000 0.001 0.002 0.000 0.000 0.000 0.000 0.000 0.000 0.000 
5 giraffe_vis 30 0.995 0.186 0.003 0.011 0.056 0.048 0.000 0.000 0.007 0.000 0.000 0.000 0.000 0.065 0.000 0.003 0.000 0.000 0.000 0.000 0.003 0.000 0.001 0.001 0.001 0.000 0.000 0.003 0.005 0.001 0.023 0.000 0.001 0.000 0.000 0.000 0.000 0.000 0.000 0.000 0.000 0.000 0.000 0.001 0.000 0.000 0.000 0.000 0.002 0.000 0.000 0.002 0.000 0.000 0.000 0.000 0.000 0.000 
6 robin_vis 30 0.994 0.026 0.973 0.006 0.001 0.001 0.000 0.000 0.000 0.000 0.000 0.002 0.000 0.001 0.000 0.013 0.000 0.599 0.003 0.007 0.006 0.001 0.000 0.009 0.001 0.003 0.000 0.001 0.005 0.001 0.001 0.000 0.000 0.000 0.000 0.000 0.000 0.000 0.000 0.000 0.000 0.001 0.000 0.000 0.000 0.000 0.000 0.000 0.000 0.001 0.001 0.000 0.003 0.000 0.000 0.000 0.000 0.000 
7 swan_vis 30 0.995 0.114 0.991 0.129 0.001 0.001 0.000 0.000 0.000 0.001 0.000 0.007 0.000 0.001 0.000 0.009 0.001 0.754 0.007 0.002 0.381 0.152 0.000 0.081 0.002 0.001 0.000 0.002 0.003 0.000 0.000 0.000 0.001 0.000 0.000 0.000 0.000 0.000 0.000 0.000 0.000 0.000 0.000 0.000 0.000 0.000 0.000 0.000 0.000 0.000 0.000 0.000 0.003 0.000 0.000 0.000 0.001 0.000 
8 woodpecker_vis 30 0.994 0.014 0.948 0.004 0.002 0.001 0.000 0.000 0.000 0.000 0.000 0.005 0.000 0.001 0.000 0.003 0.000 0.294 0.001 0.028 0.002 0.001 0.000 0.004 0.001 0.004 0.000 0.000 0.004 0.001 0.001 0.000 0.000 0.000 0.000 0.000 0.000 0.000 0.000 0.000 0.000 0.001 0.000 0.000 0.000 0.000 0.000 0.000 0.000 0.001 0.001 0.000 0.001 0.000 0.000 0.000 0.000 0.000 
9 peacock_vis 30 0.995 0.021 0.989 0.011 0.003 0.001 0.000 0.000 0.000 0.000 0.000 0.002 0.000 0.003 0.000 0.002 0.000 0.188 0.000 0.001 0.067 0.008 0.000 0.007 0.001 0.000 0.000 0.001 0.003 0.001 0.001 0.000 0.001 0.000 0.000 0.000 0.000 0.000 0.000 0.000 0.000 0.000 0.000 0.000 0.000 0.000 0.000 0.000 0.000 0.001 0.000 0.000 0.001 0.000 0.000 0.000 0.000 0.000 
10 crow_vis 30 0.995 0.022 0.991 0.039 0.001 0.001 0.000 0.000 0.000 0.001 0.000 0.000 0.000 0.019 0.001 0.001 0.004 0.018 0.000 0.000 0.402 0.261 0.001 0.014 0.001 0.000 0.000 0.004 0.002 0.000 0.000 0.000 0.001 0.000 0.000 0.000 0.000 0.000 0.000 0.000 0.000 0.000 0.000 0.000 0.000 0.000 0.000 0.000 0.000 0.000 0.000 0.000 0.000 0.000 0.000 0.000 0.001 0.000 
11 eagle_vis 30 0.995 0.334 0.990 0.107 0.001 0.001 0.000 0.000 0.000 0.000 0.000 0.016 0.000 0.002 0.000 0.039 0.001 0.903 0.040 0.010 0.231 0.063 0.000 0.060 0.001 0.002 0.000 0.001 0.004 0.001 0.001 0.000 0.001 0.000 0.000 0.000 0.000 0.000 0.000 0.000 0.000 0.001 0.000 0.000 0.000 0.000 0.000 0.000 0.000 0.001 0.000 0.000 0.003 0.000 0.000 0.000 0.000 0.000 
12 tuna_vis 30 0.995 0.001 0.378 0.925 0.005 0.003 0.000 0.000 0.000 0.065 0.001 0.000 0.000 0.001 0.002 0.000 0.000 0.000 0.000 0.204 0.136 0.171 0.593 0.000 0.001 0.000 0.025 0.004 0.000 0.001 0.000 0.000 0.134 0.000 0.000 0.000 0.000 0.000 0.000 0.000 0.000 0.000 0.000 0.000 0.000 0.000 0.000 0.000 0.000 0.001 0.000 0.000 0.000 0.000 0.049 0.225 0.000 0.000 
13 goldfish_vis 30 0.995 0.001 0.003 0.911 0.001 0.021 0.000 0.000 0.000 0.000 0.000 0.000 0.000 0.000 0.000 0.000 0.000 0.000 0.000 0.000 0.001 0.000 0.002 0.001 0.001 0.000 0.000 0.051 0.001 0.000 0.008 0.000 0.000 0.000 0.000 0.000 0.000 0.000 0.000 0.000 0.000 0.000 0.000 0.000 0.000 0.000 0.000 0.000 0.000 0.000 0.000 0.000 0.000 0.000 0.000 0.000 0.000 0.000 
14 salmon_vis 30 0.995 0.001 0.003 0.961 0.002 0.001 0.000 0.000 0.000 0.000 0.000 0.000 0.000 0.000 0.000 0.000 0.000 0.000 0.000 0.001 0.000 0.000 0.082 0.001 0.002 0.001 0.240 0.005 0.001 0.001 0.010 0.000 0.000 0.001 0.000 0.000 0.000 0.000 0.000 0.000 0.000 0.000 0.000 0.000 0.000 0.000 0.000 0.000 0.000 0.000 0.000 0.000 0.000 0.000 0.000 0.000 0.000 0.000 
15 sardine_vis 30 0.995 0.001 0.006 0.817 0.001 0.017 0.000 0.000 0.000 0.000 0.000 0.000 0.000 0.000 0.000 0.000 0.000 0.000 0.000 0.000 0.001 0.000 0.001 0.005 0.003 0.005 0.000 0.012 0.001 0.001 0.002 0.000 0.000 0.000 0.000 0.000 0.000 0.000 0.000 0.000 0.000 0.000 0.000 0.000 0.000 0.000 0.000 0.000 0.000 0.000 0.000 0.000 0.000 0.000 0.000 0.000 0.000 0.000 
16 catfish_vis 30 0.995 0.001 0.003 0.912 0.001 0.008 0.000 0.000 0.000 0.000 0.000 0.000 0.000 0.000 0.000 0.000 0.000 0.000 0.000 0.000 0.001 0.000 0.002 0.001 0.001 0.000 0.000 0.057 0.001 0.000 0.049 0.000 0.000 0.000 0.000 0.000 0.000 0.000 0.000 0.000 0.000 0.000 0.000 0.000 0.000 0.000 0.000 0.000 0.000 0.000 0.000 0.000 0.000 0.000 0.000 0.000 0.000 0.000 
17 cod_vis 30 0.995 0.001 0.009 0.712 0.001 0.023 0.000 0.000 0.000 0.000 0.000 0.000 0.000 0.000 0.000 0.000 0.000 0.000 0.000 0.000 0.001 0.000 0.003 0.001 0.001 0.000 0.000 0.033 0.001 0.001 0.004 0.000 0.000 0.000 0.000 0.000 0.000 0.000 0.000 0.000 0.000 0.000 0.000 0.000 0.000 0.000 0.000 0.000 0.000 0.000 0.000 0.000 0.000 0.000 0.000 0.000 0.000 0.000 
18 turtle_vis 30 0.995 0.004 0.001 0.006 0.964 0.006 0.000 0.000 0.000 0.000 0.000 0.000 0.000 0.014 0.000 0.000 0.000 0.000 0.000 0.000 0.001 0.000 0.002 0.000 0.001 0.000 0.000 0.001 0.003 0.001 0.026 0.001 0.062 0.006 0.000 0.000 0.000 0.000 0.000 0.000 0.000 0.000 0.000 0.000 0.000 0.000 0.000 0.000 0.001 0.000 0.000 0.001 0.000 0.000 0.000 0.000 0.000 0.000 
19 rattlesnake_vis 30 0.995 0.004 0.001 0.009 0.980 0.001 0.000 0.000 0.000 0.000 0.001 0.000 0.000 0.008 0.001 0.000 0.000 0.000 0.000 0.000 0.001 0.000 0.009 0.000 0.001 0.000 0.001 0.000 0.001 0.001 0.006 0.004 0.192 0.039 0.000 0.000 0.000 0.000 0.000 0.000 0.000 0.000 0.000 0.000 0.000 0.000 0.000 0.000 0.001 0.001 0.000 0.001 0.000 0.000 0.000 0.000 0.000 0.000 
20 crab_vis 30 0.995 0.004 0.001 0.022 0.976 0.002 0.000 0.000 0.000 0.000 0.004 0.000 0.001 0.002 0.001 0.000 0.000 0.000 0.000 0.000 0.000 0.000 0.032 0.000 0.001 0.000 0.008 0.001 0.001 0.003 0.005 0.010 0.054 0.300 0.000 0.000 0.000 0.000 0.000 0.000 0.000 0.000 0.000 0.000 0.000 0.000 0.000 0.000 0.000 0.000 0.000 0.001 0.000 0.000 0.000 0.000 0.000 0.000 
21 frog_vis 30 0.995 0.005 0.001 0.008 0.978 0.002 0.000 0.000 0.000 0.000 0.000 0.000 0.000 0.007 0.001 0.000 0.000 0.000 0.000 0.000 0.001 0.000 0.003 0.000 0.001 0.000 0.000 0.001 0.001 0.003 0.016 0.002 0.022 0.010 0.000 0.000 0.000 0.000 0.000 0.000 0.000 0.000 0.000 0.000 0.000 0.000 0.000 0.000 0.000 0.000 0.000 0.001 0.000 0.000 0.000 0.000 0.000 0.000 
22 gecko_vis 30 0.995 0.004 0.001 0.039 0.986 0.001 0.000 0.000 0.000 0.000 0.008 0.000 0.001 0.001 0.003 0.000 0.000 0.000 0.000 0.000 0.000 0.001 0.124 0.000 0.001 0.000 0.022 0.001 0.000 0.004 0.001 0.016 0.027 0.667 0.000 0.000 0.000 0.000 0.000 0.000 0.000 0.001 0.000 0.000 0.000 0.000 0.000 0.000 0.000 0.001 0.000 0.000 0.000 0.000 0.000 0.000 0.000 0.000 
23 crocodile_vis 30 0.995 0.004 0.001 0.043 0.987 0.001 0.000 0.000 0.000 0.000 0.008 0.000 0.001 0.001 0.002 0.000 0.000 0.000 0.000 0.000 0.000 0.001 0.114 0.000 0.002 0.000 0.027 0.001 0.000 0.003 0.001 0.021 0.017 0.726 0.000 0.000 0.000 0.000 0.000 0.000 0.000 0.000 0.000 0.000 0.000 0.000 0.000 0.000 0.000 0.000 0.000 0.000 0.000 0.000 0.000 0.000 0.000 0.000 
24 axe_vis 30 0.004 0.000 0.000 0.050 0.000 0.990 0.948 0.197 0.000 0.106 0.000 0.000 0.000 0.000 0.001 0.000 0.001 0.000 0.000 0.000 0.000 0.000 0.133 0.000 0.012 0.000 0.002 0.016 0.001 0.001 0.000 0.000 0.000 0.000 0.747 0.003 0.008 0.145 0.223 0.000 0.166 0.001 0.001 0.003 0.002 0.000 0.000 0.000 0.000 0.001 0.000 0.000 0.000 0.001 0.000 0.015 0.002 0.000 
25 hammer_vis 30 0.001 0.000 0.000 0.146 0.000 0.993 0.959 0.092 0.000 0.138 0.000 0.000 0.000 0.000 0.000 0.000 0.000 0.000 0.000 0.000 0.000 0.000 0.006 0.004 0.007 0.000 0.003 0.007 0.002 0.000 0.000 0.000 0.000 0.000 0.033 0.223 0.012 0.155 0.231 0.001 0.014 0.001 0.007 0.013 0.000 0.001 0.000 0.000 0.001 0.001 0.000 0.000 0.003 0.000 0.010 0.001 0.003 0.000 
26 screwdriver_vis 30 0.003 0.000 0.000 0.008 0.000 0.992 0.881 0.070 0.000 0.035 0.000 0.000 0.000 0.000 0.000 0.000 0.000 0.000 0.000 0.000 0.000 0.000 0.003 0.000 0.001 0.000 0.000 0.015 0.001 0.001 0.000 0.000 0.000 0.000 0.086 0.008 0.021 0.204 0.004 0.000 0.003 0.001 0.000 0.007 0.000 0.000 0.000 0.000 0.000 0.001 0.000 0.000 0.000 0.000 0.000 0.001 0.002 0.000 
27 chisel_vis 30 0.004 0.000 0.000 0.002 0.000 0.992 0.900 0.142 0.000 0.072 0.000 0.000 0.000 0.000 0.000 0.000 0.001 0.000 0.000 0.000 0.000 0.000 0.001 0.001 0.001 0.000 0.000 0.038 0.001 0.001 0.000 0.000 0.000 0.000 0.018 0.050 0.201 0.302 0.000 0.000 0.001 0.001 0.000 0.092 0.000 0.000 0.000 0.000 0.000 0.001 0.000 0.001 0.001 0.000 0.000 0.000 0.025 0.000 
28 saw_vis 30 0.002 0.000 0.000 0.155 0.000 0.993 0.938 0.105 0.000 0.098 0.000 0.000 0.000 0.000 0.000 0.000 0.000 0.000 0.000 0.000 0.000 0.000 0.171 0.001 0.010 0.000 0.012 0.011 0.001 0.000 0.000 0.000 0.000 0.000 0.544 0.006 0.004 0.196 0.356 0.000 0.228 0.001 0.001 0.001 0.002 0.000 0.000 0.000 0.000 0.001 0.000 0.000 0.000 0.000 0.001 0.022 0.001 0.000 
29 drill_vis 30 0.002 0.000 0.000 0.100 0.000 0.993 0.361 0.002 0.000 0.848 0.000 0.000 0.000 0.000 0.000 0.000 0.000 0.000 0.000 0.000 0.000 0.001 0.161 0.001 0.002 0.000 0.016 0.008 0.000 0.000 0.000 0.000 0.000 0.000 0.061 0.004 0.001 0.052 0.080 0.000 0.011 0.001 0.000 0.000 0.000 0.000 0.000 0.000 0.000 0.001 0.000 0.002 0.000 0.001 0.078 0.388 0.002 0.000 
30 clamp_vis 30 0.001 0.000 0.000 0.000 0.017 0.993 0.021 0.985 0.116 0.000 0.000 0.000 0.000 0.000 0.004 0.000 0.000 0.000 0.000 0.000 0.000 0.000 0.018 0.000 0.003 0.000 0.000 0.001 0.002 0.021 0.000 0.000 0.000 0.069 0.029 0.010 0.001 0.007 0.011 0.001 0.893 0.146 0.288 0.081 0.009 0.001 0.000 0.000 0.002 0.088 0.000 0.011 0.000 0.000 0.000 0.000 0.000 0.000 
31 hoe_vis 30 0.003 0.004 0.000 0.000 0.001 0.991 0.002 0.978 0.058 0.000 0.000 0.000 0.021 0.000 0.001 0.000 0.000 0.000 0.000 0.000 0.000 0.000 0.000 0.000 0.004 0.000 0.000 0.001 0.001 0.002 0.000 0.000 0.000 0.000 0.001 0.002 0.002 0.001 0.000 0.029 0.001 0.815 0.013 0.005 0.001 0.028 0.006 0.000 0.000 0.008 0.000 0.000 0.000 0.000 0.000 0.000 0.001 0.000 
32 rake_vis 30 0.001 0.000 0.000 0.000 0.013 0.991 0.011 0.985 0.016 0.000 0.000 0.000 0.001 0.000 0.001 0.000 0.000 0.000 0.000 0.000 0.000 0.000 0.001 0.000 0.004 0.000 0.003 0.000 0.002 0.002 0.000 0.000 0.000 0.030 0.001 0.009 0.001 0.001 0.006 0.001 0.294 0.053 0.719 0.015 0.017 0.003 0.000 0.000 0.001 0.008 0.000 0.000 0.000 0.000 0.000 0.000 0.000 0.000 
33 shovel_vis 30 0.002 0.000 0.000 0.000 0.016 0.993 0.010 0.980 0.042 0.000 0.000 0.000 0.000 0.000 0.001 0.000 0.000 0.000 0.000 0.000 0.000 0.000 0.004 0.000 0.002 0.000 0.000 0.001 0.002 0.006 0.000 0.000 0.000 0.030 0.005 0.013 0.001 0.003 0.003 0.000 0.680 0.038 0.232 0.070 0.005 0.001 0.000 0.000 0.001 0.017 0.000 0.004 0.001 0.000 0.000 0.000 0.001 0.000 
34 spade_vis 30 0.004 0.054 0.000 0.000 0.001 0.948 0.006 0.985 0.000 0.000 0.005 0.000 0.025 0.000 0.002 0.000 0.001 0.000 0.001 0.000 0.000 0.000 0.001 0.000 0.002 0.000 0.000 0.000 0.001 0.002 0.000 0.000 0.000 0.030 0.140 0.001 0.037 0.000 0.000 0.001 0.006 0.009 0.001 0.002 0.965 0.006 0.000 0.010 0.000 0.001 0.000 0.000 0.000 0.001 0.000 0.000 0.000 0.000 
35 wrench_vis 30 0.004 0.001 0.000 0.000 0.000 0.991 0.016 0.952 0.027 0.001 0.000 0.000 0.005 0.000 0.001 0.000 0.000 0.000 0.000 0.000 0.000 0.000 0.000 0.000 0.003 0.000 0.000 0.002 0.001 0.001 0.000 0.000 0.000 0.000 0.002 0.003 0.004 0.004 0.000 0.010 0.001 0.483 0.011 0.012 0.000 0.009 0.001 0.000 0.000 0.003 0.000 0.000 0.001 0.000 0.000 0.000 0.002 0.000 
36 accordion_vis 30 0.023 0.001 0.000 0.001 0.000 0.977 0.008 0.030 0.255 0.000 0.000 0.000 0.001 0.000 0.001 0.000 0.000 0.000 0.000 0.000 0.000 0.000 0.001 0.000 0.002 0.000 0.000 0.001 0.001 0.001 0.000 0.000 0.000 0.000 0.011 0.001 0.003 0.001 0.000 0.001 0.000 0.013 0.000 0.001 0.000 0.001 0.001 0.000 0.000 0.002 0.001 0.000 0.000 0.000 0.000 0.000 0.000 0.000 
37 cello_vis 30 0.024 0.000 0.000 0.001 0.000 0.990 0.004 0.001 0.016 0.295 0.000 0.000 0.000 0.000 0.000 0.000 0.000 0.000 0.000 0.000 0.000 0.001 0.013 0.001 0.001 0.000 0.001 0.000 0.001 0.001 0.000 0.000 0.000 0.000 0.000 0.004 0.002 0.000 0.000 0.001 0.000 0.001 0.000 0.001 0.000 0.001 0.000 0.000 0.000 0.001 0.000 0.001 0.001 0.000 0.002 0.044 0.000 0.000 
38 flute_vis 30 0.072 0.000 0.000 0.001 0.000 0.992 0.104 0.007 0.000 0.008 0.000 0.000 0.000 0.000 0.000 0.000 0.000 0.000 0.000 0.000 0.000 0.000 0.000 0.001 0.001 0.000 0.000 0.001 0.002 0.001 0.000 0.000 0.000 0.000 0.001 0.026 0.005 0.002 0.000 0.000 0.000 0.001 0.000 0.003 0.000 0.001 0.000 0.000 0.000 0.001 0.000 0.000 0.001 0.000 0.000 0.000 0.001 0.000 
39 guitar_vis 30 0.016 0.000 0.000 0.002 0.000 0.988 0.147 0.008 0.000 0.009 0.000 0.000 0.000 0.000 0.000 0.000 0.001 0.000 0.000 0.000 0.000 0.000 0.002 0.000 0.005 0.000 0.000 0.006 0.001 0.001 0.000 0.000 0.000 0.000 0.035 0.002 0.004 0.011 0.001 0.001 0.000 0.001 0.000 0.003 0.000 0.000 0.000 0.000 0.000 0.001 0.000 0.000 0.000 0.000 0.000 0.001 0.003 0.000 
40 piano_vis 30 0.119 0.000 0.000 0.001 0.000 0.608 0.007 0.001 0.005 0.002 0.007 0.000 0.000 0.000 0.000 0.000 0.001 0.000 0.001 0.001 0.000 0.001 0.001 0.000 0.001 0.000 0.006 0.001 0.001 0.001 0.000 0.000 0.000 0.000 0.004 0.001 0.003 0.000 0.000 0.000 0.000 0.001 0.000 0.001 0.000 0.000 0.000 0.000 0.000 0.001 0.000 0.000 0.000 0.000 0.000 0.000 0.000 0.000 
41 trumpet_vis 30 0.003 0.000 0.000 0.000 0.002 0.992 0.003 0.322 0.581 0.000 0.000 0.000 0.000 0.000 0.001 0.000 0.000 0.000 0.000 0.000 0.000 0.000 0.000 0.000 0.001 0.000 0.000 0.000 0.002 0.001 0.000 0.000 0.000 0.000 0.000 0.006 0.001 0.000 0.000 0.001 0.000 0.011 0.002 0.002 0.000 0.001 0.000 0.000 0.002 0.018 0.000 0.000 0.001 0.000 0.000 0.000 0.000 0.000 
42 fork_vis 30 0.003 0.000 0.014 0.000 0.000 0.993 0.005 0.000 0.098 0.988 0.000 0.000 0.000 0.000 0.001 0.000 0.001 0.000 0.000 0.001 0.000 0.046 0.001 0.000 0.001 0.000 0.000 0.000 0.000 0.000 0.000 0.000 0.000 0.000 0.002 0.002 0.002 0.000 0.000 0.002 0.000 0.001 0.000 0.000 0.000 0.000 0.001 0.000 0.000 0.012 0.000 0.000 0.007 0.444 0.003 0.005 0.009 0.483 
43 spoon_vis 30 0.005 0.000 0.004 0.001 0.000 0.992 0.007 0.000 0.206 0.987 0.000 0.000 0.000 0.000 0.001 0.000 0.003 0.000 0.000 0.000 0.002 0.002 0.001 0.001 0.001 0.000 0.000 0.002 0.001 0.000 0.000 0.000 0.000 0.000 0.001 0.003 0.003 0.002 0.000 0.000 0.000 0.001 0.000 0.000 0.000 0.000 0.000 0.001 0.000 0.008 0.000 0.003 0.010 0.050 0.002 0.047 0.375 0.002 
44 tongs_vis 30 0.001 0.000 0.019 0.005 0.000 0.994 0.033 0.000 0.045 0.984 0.000 0.000 0.000 0.000 0.000 0.000 0.000 0.002 0.000 0.008 0.001 0.001 0.000 0.001 0.001 0.008 0.001 0.000 0.001 0.000 0.000 0.000 0.000 0.000 0.000 0.063 0.001 0.000 0.002 0.001 0.000 0.001 0.000 0.000 0.000 0.000 0.000 0.000 0.013 0.001 0.001 0.000 0.030 0.001 0.900 0.004 0.005 0.059 
45 ladle_vis 30 0.004 0.000 0.001 0.033 0.000 0.992 0.021 0.001 0.086 0.982 0.000 0.000 0.000 0.000 0.002 0.000 0.000 0.000 0.000 0.001 0.013 0.022 0.396 0.000 0.001 0.000 0.001 0.021 0.001 0.001 0.000 0.000 0.000 0.000 0.020 0.002 0.000 0.046 0.012 0.000 0.002 0.001 0.000 0.001 0.000 0.000 0.000 0.000 0.001 0.038 0.000 0.076 0.001 0.019 0.304 0.953 0.188 0.002 
46 knife_vis 30 0.005 0.000 0.003 0.001 0.000 0.992 0.008 0.000 0.124 0.986 0.000 0.000 0.000 0.000 0.001 0.000 0.002 0.000 0.000 0.000 0.008 0.021 0.005 0.000 0.001 0.000 0.000 0.007 0.001 0.001 0.000 0.000 0.000 0.000 0.008 0.003 0.002 0.007 0.000 0.000 0.000 0.001 0.000 0.001 0.000 0.000 0.000 0.000 0.000 0.013 0.000 0.011 0.003 0.238 0.003 0.268 0.241 0.007 
47 chopsticks_vis 30 0.002 0.000 0.015 0.001 0.000 0.993 0.006 0.000 0.242 0.986 0.000 0.000 0.000 0.000 0.000 0.000 0.001 0.000 0.000 0.004 0.000 0.043 0.001 0.000 0.001 0.000 0.000 0.000 0.000 0.000 0.000 0.000 0.000 0.000 0.001 0.003 0.001 0.000 0.000 0.038 0.000 0.001 0.000 0.000 0.000 0.000 0.010 0.000 0.000 0.034 0.001 0.000 0.020 0.352 0.032 0.003 0.001 0.786 
