0 beaver_vis 30 0.994 0.965 0.006 0.050 0.004 0.002 0.001 0.001 0.008 0.003 0.036 0.004 0.007 0.002 0.069 0.164 0.002 0.005 0.004 0.001 0.001 0.000 0.013 0.001 0.001 0.001 0.001 0.001 0.001 0.001 0.003 0.001 0.002 0.011 0.002 0.002 0.000 0.004 0.001 0.001 0.002 0.001 0.002 0.002 0.001 0.005 0.001 0.003 0.002 0.001 0.002 0.003 0.000 0.001 0.003 0.001 0.001 0.033 
1 bear_vis 30 0.994 0.972 0.002 0.035 0.056 0.002 0.001 0.001 0.006 0.002 0.001 0.011 0.003 0.002 0.001 0.886 0.001 0.003 0.003 0.001 0.000 0.000 0.003 0.001 0.000 0.001 0.155 0.001 0.001 0.002 0.004 0.121 0.002 0.077 0.003 0.001 0.000 0.004 0.001 0.001 0.002 0.001 0.001 0.001 0.001 0.002 0.001 0.001 0.003 0.001 0.001 0.002 0.000 0.001 0.006 0.001 0.001 0.012 
2 sheep_vis 30 0.994 0.946 0.003 0.057 0.012 0.002 0.001 0.001 0.008 0.001 0.013 0.002 0.007 0.107 0.400 0.067 0.003 0.002 0.003 0.001 0.002 0.000 0.017 0.001 0.001 0.001 0.001 0.001 0.001 0.001 0.016 0.001 0.004 0.008 0.001 0.003 0.001 0.001 0.001 0.002 0.001 0.002 0.001 0.001 0.001 0.001 0.001 0.007 0.001 0.001 0.010 0.001 0.001 0.001 0.001 0.001 0.001 0.026 
3 buffalo_vis 30 0.995 0.942 0.002 0.025 0.104 0.001 0.001 0.001 0.005 0.001 0.001 0.010 0.001 0.009 0.001 0.359 0.001 0.002 0.002 0.001 0.000 0.000 0.002 0.001 0.000 0.001 0.011 0.001 0.002 0.002 0.010 0.030 0.002 0.029 0.002 0.001 0.000 0.002 0.001 0.001 0.002 0.001 0.001 0.001 0.001 0.001 0.001 0.001 0.003 0.001 0.002 0.002 0.000 0.001 0.001 0.001 0.001 0.006 
4 poodle_vis 30 0.994 0.971 0.018 0.063 0.003 0.002 0.001 0.001 0.008 0.003 0.128 0.002 0.026 0.002 0.338 0.102 0.004 0.007 0.004 0.004 0.005 0.001 0.022 0.001 0.002 0.001 0.001 0.001 0.001 0.001 0.003 0.001 0.002 0.006 0.002 0.002 0.000 0.003 0.001 0.001 0.002 0.001 0.002 0.002 0.001 0.007 0.002 0.007 0.001 0.001 0.003 0.003 0.001 0.001 0.002 0.001 0.001 0.035 
5 giraffe_vis 30 0.994 0.974 0.003 0.037 0.043 0.002 0.001 0.001 0.007 0.002 0.002 0.012 0.004 0.001 0.002 0.890 0.001 0.004 0.004 0.001 0.001 0.000 0.003 0.001 0.000 0.001 0.179 0.001 0.001 0.001 0.003 0.165 0.001 0.134 0.006 0.001 0.000 0.009 0.001 0.000 0.002 0.001 0.001 0.001 0.001 0.005 0.001 0.001 0.005 0.001 0.001 0.004 0.000 0.001 0.007 0.001 0.001 0.012 
6 robin_vis 30 0.994 0.070 0.907 0.125 0.030 0.002 0.001 0.001 0.008 0.005 0.001 0.001 0.002 0.000 0.068 0.004 0.718 0.063 0.013 0.007 0.037 0.002 0.026 0.001 0.025 0.001 0.001 0.003 0.001 0.001 0.100 0.001 0.002 0.009 0.001 0.002 0.001 0.002 0.001 0.002 0.002 0.002 0.003 0.004 0.001 0.001 0.001 0.020 0.002 0.001 0.011 0.002 0.001 0.001 0.004 0.001 0.001 0.036 
7 swan_vis 30 0.995 0.054 0.964 0.081 0.049 0.002 0.001 0.001 0.006 0.008 0.002 0.001 0.002 0.000 0.004 0.009 0.074 0.099 0.022 0.068 0.054 0.001 0.011 0.001 0.005 0.002 0.003 0.001 0.002 0.001 0.006 0.004 0.006 0.009 0.001 0.001 0.001 0.003 0.001 0.001 0.002 0.001 0.003 0.005 0.001 0.004 0.001 0.003 0.002 0.001 0.003 0.002 0.001 0.001 0.011 0.002 0.001 0.011 
8 woodpecker_vis 30 0.994 0.083 0.866 0.118 0.030 0.002 0.001 0.001 0.010 0.015 0.001 0.001 0.002 0.000 0.069 0.006 0.622 0.049 0.016 0.008 0.035 0.002 0.042 0.001 0.018 0.001 0.001 0.002 0.001 0.001 0.089 0.001 0.002 0.011 0.001 0.002 0.001 0.002 0.001 0.002 0.002 0.003 0.003 0.003 0.001 0.001 0.001 0.017 0.002 0.001 0.013 0.002 0.001 0.001 0.008 0.001 0.001 0.042 
9 peacock_vis 30 0.994 0.036 0.960 0.058 0.108 0.012 0.001 0.001 0.005 0.035 0.001 0.001 0.002 0.000 0.002 0.010 0.025 0.064 0.041 0.213 0.015 0.001 0.014 0.001 0.002 0.001 0.003 0.001 0.002 0.001 0.004 0.010 0.004 0.019 0.043 0.001 0.001 0.031 0.001 0.001 0.002 0.002 0.001 0.004 0.001 0.110 0.001 0.001 0.002 0.013 0.001 0.002 0.001 0.002 0.015 0.110 0.002 0.014 
10 crow_vis 30 0.994 0.069 0.935 0.103 0.049 0.002 0.001 0.001 0.007 0.004 0.001 0.001 0.002 0.000 0.017 0.008 0.251 0.072 0.016 0.026 0.072 0.004 0.014 0.001 0.010 0.001 0.003 0.001 0.001 0.001 0.030 0.002 0.002 0.009 0.001 0.001 0.001 0.002 0.001 0.001 0.002 0.001 0.002 0.003 0.001 0.002 0.001 0.006 0.001 0.001 0.007 0.002 0.001 0.001 0.005 0.001 0.001 0.013 
11 eagle_vis 30 0.994 0.057 0.971 0.081 0.057 0.002 0.001 0.001 0.005 0.018 0.003 0.001 0.002 0.000 0.002 0.013 0.024 0.138 0.034 0.210 0.034 0.001 0.010 0.001 0.003 0.004 0.004 0.001 0.002 0.001 0.003 0.012 0.006 0.010 0.002 0.001 0.001 0.007 0.001 0.001 0.002 0.001 0.002 0.005 0.001 0.012 0.001 0.002 0.002 0.001 0.001 0.003 0.000 0.002 0.020 0.003 0.001 0.012 
12 tuna_vis 30 0.987 0.016 0.001 0.971 0.001 0.003 0.002 0.014 0.002 0.003 0.002 0.001 0.001 0.001 0.035 0.001 0.001 0.002 0.003 0.000 0.008 0.000 0.835 0.048 0.016 0.004 0.001 0.004 0.001 0.001 0.001 0.001 0.004 0.004 0.005 0.068 0.006 0.003 0.001 0.001 0.006 0.001 0.062 0.008 0.001 0.003 0.002 0.003 0.001 0.001 0.001 0.001 0.000 0.001 0.028 0.000 0.001 0.001 
13 goldfish_vis 30 0.994 0.019 0.002 0.965 0.003 0.002 0.001 0.009 0.002 0.003 0.001 0.001 0.001 0.002 0.002 0.003 0.001 0.003 0.006 0.001 0.002 0.000 0.140 0.103 0.004 0.011 0.008 0.037 0.001 0.002 0.002 0.001 0.005 0.010 0.005 0.040 0.002 0.002 0.002 0.002 0.011 0.001 0.023 0.008 0.001 0.001 0.001 0.001 0.001 0.001 0.001 0.001 0.000 0.001 0.021 0.000 0.001 0.002 
14 salmon_vis 30 0.994 0.307 0.735 0.089 0.014 0.002 0.001 0.001 0.008 0.004 0.002 0.001 0.002 0.001 0.125 0.003 0.150 0.024 0.007 0.005 0.051 0.002 0.044 0.001 0.008 0.001 0.001 0.001 0.001 0.001 0.027 0.001 0.003 0.008 0.001 0.002 0.001 0.001 0.001 0.002 0.001 0.002 0.002 0.003 0.001 0.001 0.002 0.012 0.001 0.001 0.011 0.002 0.002 0.001 0.002 0.001 0.001 0.017 
15 sardine_vis 30 0.995 0.032 0.001 0.824 0.095 0.002 0.001 0.002 0.003 0.001 0.000 0.001 0.001 0.013 0.001 0.004 0.001 0.001 0.003 0.000 0.000 0.000 0.004 0.048 0.001 0.003 0.013 0.405 0.001 0.008 0.026 0.001 0.006 0.012 0.002 0.011 0.001 0.001 0.004 0.002 0.005 0.001 0.004 0.003 0.000 0.001 0.001 0.001 0.001 0.001 0.001 0.001 0.000 0.001 0.002 0.000 0.001 0.002 
16 catfish_vis 30 0.994 0.553 0.225 0.197 0.010 0.002 0.001 0.001 0.007 0.007 0.005 0.001 0.003 0.000 0.116 0.009 0.037 0.018 0.018 0.004 0.014 0.001 0.067 0.001 0.004 0.001 0.001 0.001 0.001 0.001 0.007 0.001 0.002 0.022 0.001 0.003 0.001 0.003 0.001 0.001 0.002 0.001 0.002 0.003 0.001 0.002 0.001 0.005 0.002 0.001 0.003 0.002 0.001 0.001 0.005 0.002 0.001 0.026 
17 cod_vis 30 0.994 0.022 0.002 0.950 0.005 0.002 0.001 0.006 0.003 0.002 0.001 0.001 0.001 0.007 0.002 0.002 0.001 0.002 0.004 0.000 0.001 0.000 0.071 0.113 0.002 0.006 0.006 0.162 0.001 0.003 0.004 0.001 0.005 0.007 0.003 0.032 0.002 0.001 0.003 0.002 0.008 0.001 0.014 0.006 0.001 0.001 0.001 0.001 0.001 0.001 0.001 0.001 0.000 0.001 0.006 0.000 0.001 0.002 
18 turtle_vis 30 0.993 0.063 0.002 0.056 0.967 0.003 0.001 0.001 0.017 0.002 0.000 0.001 0.001 0.019 0.001 0.031 0.002 0.002 0.005 0.000 0.000 0.000 0.009 0.024 0.000 0.001 0.003 0.005 0.004 0.108 0.496 0.012 0.106 0.362 0.006 0.002 0.001 0.001 0.002 0.006 0.002 0.003 0.001 0.001 0.001 0.001 0.001 0.001 0.005 0.001 0.005 0.001 0.001 0.001 0.002 0.001 0.004 0.011 
19 rattlesnake_vis 30 0.887 0.020 0.001 0.003 0.947 0.111 0.004 0.002 0.029 0.034 0.000 0.003 0.001 0.039 0.001 0.011 0.001 0.001 0.002 0.000 0.000 0.001 0.002 0.035 0.000 0.001 0.002 0.006 0.003 0.658 0.152 0.011 0.299 0.055 0.097 0.003 0.006 0.001 0.104 0.238 0.003 0.017 0.001 0.002 0.002 0.001 0.003 0.002 0.010 0.001 0.017 0.001 0.032 0.005 0.032 0.003 0.037 0.097 
20 crab_vis 30 0.993 0.055 0.002 0.048 0.967 0.003 0.001 0.001 0.012 0.002 0.000 0.001 0.001 0.018 0.001 0.026 0.002 0.002 0.004 0.000 0.000 0.000 0.006 0.021 0.000 0.001 0.003 0.006 0.003 0.093 0.639 0.008 0.101 0.158 0.004 0.002 0.001 0.001 0.004 0.020 0.002 0.006 0.001 0.001 0.001 0.001 0.001 0.001 0.003 0.001 0.006 0.001 0.001 0.001 0.002 0.001 0.005 0.018 
21 frog_vis 30 0.994 0.559 0.001 0.050 0.858 0.002 0.001 0.001 0.013 0.001 0.000 0.002 0.001 0.289 0.002 0.067 0.001 0.001 0.002 0.000 0.000 0.000 0.004 0.027 0.000 0.001 0.002 0.012 0.003 0.080 0.408 0.005 0.067 0.063 0.002 0.004 0.001 0.001 0.002 0.006 0.001 0.001 0.001 0.001 0.000 0.001 0.001 0.002 0.003 0.001 0.019 0.001 0.001 0.001 0.001 0.001 0.002 0.008 
22 gecko_vis 30 0.928 0.023 0.001 0.003 0.945 0.112 0.002 0.002 0.021 0.024 0.000 0.003 0.001 0.065 0.001 0.016 0.001 0.001 0.002 0.000 0.000 0.001 0.003 0.038 0.000 0.001 0.003 0.007 0.004 0.666 0.338 0.011 0.406 0.069 0.090 0.002 0.005 0.001 0.235 0.044 0.002 0.061 0.001 0.001 0.001 0.001 0.002 0.001 0.003 0.002 0.020 0.001 0.040 0.010 0.008 0.005 0.051 0.027 
23 crocodile_vis 30 0.988 0.124 0.002 0.063 0.935 0.006 0.001 0.001 0.033 0.006 0.000 0.002 0.001 0.123 0.002 0.056 0.002 0.002 0.005 0.000 0.001 0.001 0.022 0.124 0.000 0.001 0.002 0.004 0.004 0.250 0.650 0.010 0.386 0.214 0.004 0.005 0.002 0.001 0.006 0.005 0.002 0.005 0.001 0.001 0.001 0.001 0.003 0.001 0.003 0.001 0.043 0.001 0.004 0.002 0.003 0.002 0.009 0.010 
24 axe_vis 30 0.008 0.001 0.001 0.004 0.001 0.990 0.972 0.006 0.014 0.002 0.000 0.002 0.002 0.000 0.000 0.000 0.000 0.001 0.001 0.000 0.000 0.000 0.001 0.002 0.001 0.001 0.002 0.006 0.000 0.003 0.000 0.001 0.001 0.001 0.713 0.006 0.097 0.229 0.001 0.024 0.001 0.000 0.001 0.012 0.000 0.001 0.001 0.000 0.031 0.001 0.000 0.000 0.000 0.001 0.047 0.000 0.020 0.001 
25 hammer_vis 30 0.005 0.002 0.001 0.004 0.001 0.992 0.980 0.006 0.003 0.062 0.000 0.002 0.022 0.000 0.000 0.000 0.000 0.013 0.001 0.000 0.000 0.000 0.006 0.001 0.005 0.001 0.001 0.001 0.001 0.001 0.000 0.001 0.001 0.001 0.001 0.245 0.007 0.505 0.002 0.240 0.011 0.000 0.001 0.010 0.000 0.001 0.001 0.001 0.004 0.002 0.000 0.000 0.001 0.001 0.006 0.000 0.134 0.037 
26 screwdriver_vis 30 0.006 0.001 0.001 0.004 0.001 0.990 0.960 0.004 0.007 0.003 0.000 0.001 0.002 0.000 0.000 0.000 0.000 0.001 0.001 0.000 0.000 0.000 0.001 0.001 0.001 0.001 0.001 0.004 0.000 0.002 0.000 0.001 0.001 0.001 0.704 0.006 0.190 0.085 0.001 0.014 0.001 0.000 0.001 0.009 0.000 0.001 0.001 0.000 0.014 0.001 0.000 0.000 0.000 0.001 0.053 0.000 0.030 0.001 
27 chisel_vis 30 0.004 0.001 0.001 0.005 0.001 0.993 0.963 0.008 0.002 0.102 0.000 0.001 0.007 0.000 0.000 0.000 0.000 0.017 0.001 0.000 0.000 0.000 0.007 0.001 0.004 0.001 0.001 0.001 0.000 0.001 0.000 0.001 0.001 0.001 0.001 0.289 0.005 0.806 0.002 0.144 0.042 0.000 0.001 0.014 0.000 0.001 0.001 0.001 0.009 0.003 0.000 0.000 0.000 0.000 0.006 0.000 0.163 0.059 
28 saw_vis 30 0.012 0.002 0.001 0.005 0.001 0.987 0.978 0.005 0.003 0.004 0.000 0.002 0.022 0.000 0.000 0.000 0.000 0.002 0.001 0.000 0.000 0.000 0.003 0.001 0.002 0.001 0.001 0.003 0.001 0.002 0.000 0.001 0.001 0.001 0.063 0.021 0.112 0.083 0.002 0.162 0.001 0.000 0.001 0.011 0.001 0.001 0.001 0.001 0.005 0.001 0.000 0.000 0.001 0.001 0.025 0.000 0.050 0.001 
29 drill_vis 30 0.010 0.004 0.001 0.003 0.001 0.991 0.986 0.011 0.003 0.003 0.000 0.016 0.023 0.005 0.000 0.000 0.000 0.002 0.001 0.000 0.000 0.000 0.001 0.002 0.001 0.001 0.001 0.007 0.001 0.003 0.000 0.001 0.001 0.001 0.018 0.058 0.031 0.207 0.002 0.472 0.002 0.000 0.001 0.018 0.000 0.001 0.001 0.001 0.006 0.001 0.000 0.000 0.004 0.001 0.012 0.000 0.054 0.004 
30 clamp_vis 30 0.003 0.001 0.001 0.012 0.001 0.992 0.088 0.948 0.027 0.005 0.000 0.001 0.002 0.000 0.000 0.000 0.001 0.045 0.002 0.000 0.000 0.000 0.020 0.001 0.007 0.001 0.001 0.001 0.001 0.001 0.000 0.001 0.001 0.001 0.001 0.283 0.002 0.071 0.003 0.246 0.799 0.001 0.001 0.545 0.001 0.001 0.010 0.007 0.011 0.073 0.000 0.001 0.000 0.001 0.004 0.001 0.004 0.156 
31 hoe_vis 30 0.004 0.001 0.001 0.009 0.001 0.992 0.003 0.937 0.007 0.020 0.000 0.001 0.001 0.000 0.000 0.000 0.001 0.001 0.005 0.000 0.000 0.000 0.043 0.000 0.002 0.001 0.002 0.001 0.000 0.001 0.000 0.001 0.002 0.001 0.001 0.001 0.009 0.001 0.006 0.000 0.002 0.013 0.001 0.007 0.065 0.004 0.004 0.000 0.001 0.016 0.000 0.001 0.000 0.004 0.005 0.001 0.001 0.001 
32 rake_vis 30 0.004 0.001 0.001 0.012 0.001 0.991 0.003 0.973 0.008 0.023 0.001 0.001 0.001 0.000 0.000 0.000 0.001 0.001 0.003 0.000 0.001 0.000 0.019 0.001 0.002 0.001 0.001 0.001 0.001 0.001 0.000 0.001 0.001 0.001 0.001 0.004 0.010 0.001 0.008 0.002 0.065 0.010 0.009 0.104 0.010 0.002 0.002 0.001 0.001 0.005 0.001 0.001 0.001 0.002 0.023 0.002 0.001 0.003 
33 shovel_vis 30 0.004 0.001 0.001 0.009 0.001 0.992 0.063 0.832 0.043 0.005 0.000 0.001 0.002 0.000 0.000 0.000 0.001 0.041 0.002 0.000 0.000 0.000 0.018 0.001 0.007 0.001 0.001 0.001 0.000 0.001 0.000 0.001 0.001 0.001 0.001 0.198 0.003 0.047 0.002 0.086 0.530 0.001 0.001 0.236 0.001 0.001 0.008 0.006 0.007 0.036 0.000 0.000 0.000 0.001 0.006 0.000 0.004 0.063 
34 spade_vis 30 0.004 0.001 0.001 0.023 0.001 0.991 0.002 0.957 0.015 0.118 0.001 0.001 0.001 0.000 0.000 0.001 0.001 0.001 0.003 0.002 0.001 0.000 0.037 0.001 0.007 0.002 0.065 0.001 0.001 0.001 0.000 0.001 0.002 0.001 0.001 0.001 0.002 0.001 0.007 0.000 0.004 0.012 0.002 0.002 0.931 0.076 0.007 0.001 0.001 0.015 0.001 0.001 0.001 0.127 0.069 0.002 0.001 0.001 
35 wrench_vis 30 0.004 0.001 0.001 0.005 0.001 0.991 0.005 0.897 0.039 0.008 0.000 0.001 0.001 0.000 0.000 0.000 0.001 0.001 0.011 0.000 0.000 0.000 0.013 0.001 0.001 0.001 0.001 0.001 0.001 0.001 0.000 0.001 0.002 0.001 0.002 0.003 0.280 0.001 0.006 0.001 0.003 0.004 0.002 0.279 0.009 0.002 0.007 0.001 0.002 0.026 0.001 0.001 0.000 0.003 0.009 0.001 0.001 0.001 
36 accordion_vis 30 0.005 0.002 0.006 0.001 0.002 0.991 0.001 0.016 0.940 0.241 0.000 0.001 0.001 0.000 0.001 0.001 0.004 0.001 0.002 0.002 0.000 0.001 0.006 0.000 0.000 0.001 0.001 0.001 0.001 0.001 0.001 0.001 0.007 0.001 0.003 0.001 0.003 0.001 0.001 0.000 0.001 0.042 0.001 0.001 0.020 0.028 0.010 0.002 0.001 0.320 0.039 0.002 0.023 0.165 0.006 0.001 0.004 0.001 
37 cello_vis 30 0.010 0.002 0.003 0.001 0.009 0.981 0.001 0.005 0.981 0.013 0.000 0.001 0.001 0.001 0.001 0.002 0.003 0.001 0.002 0.000 0.000 0.001 0.002 0.001 0.000 0.001 0.001 0.001 0.001 0.011 0.003 0.002 0.018 0.001 0.001 0.002 0.004 0.001 0.002 0.000 0.001 0.006 0.002 0.001 0.006 0.002 0.020 0.014 0.003 0.008 0.122 0.003 0.009 0.007 0.005 0.001 0.002 0.001 
38 flute_vis 30 0.005 0.001 0.001 0.003 0.001 0.991 0.927 0.008 0.009 0.048 0.000 0.001 0.004 0.000 0.000 0.000 0.001 0.006 0.001 0.000 0.000 0.000 0.004 0.001 0.003 0.001 0.001 0.001 0.000 0.001 0.000 0.001 0.001 0.001 0.008 0.034 0.027 0.544 0.002 0.029 0.002 0.001 0.001 0.009 0.001 0.001 0.001 0.001 0.007 0.002 0.000 0.000 0.001 0.001 0.022 0.000 0.066 0.003 
39 guitar_vis 30 0.005 0.002 0.015 0.001 0.003 0.991 0.001 0.002 0.124 0.979 0.001 0.001 0.001 0.000 0.001 0.001 0.003 0.001 0.002 0.014 0.001 0.001 0.010 0.000 0.000 0.001 0.001 0.001 0.001 0.002 0.000 0.002 0.023 0.001 0.068 0.001 0.006 0.001 0.002 0.001 0.001 0.003 0.001 0.001 0.010 0.010 0.002 0.001 0.001 0.021 0.020 0.001 0.052 0.746 0.054 0.003 0.042 0.004 
40 piano_vis 30 0.035 0.003 0.003 0.001 0.016 0.934 0.001 0.003 0.987 0.007 0.000 0.003 0.001 0.005 0.001 0.004 0.003 0.001 0.002 0.000 0.000 0.001 0.002 0.003 0.000 0.001 0.002 0.003 0.001 0.034 0.011 0.010 0.029 0.001 0.001 0.003 0.002 0.001 0.001 0.000 0.001 0.003 0.008 0.001 0.032 0.001 0.313 0.011 0.003 0.002 0.722 0.020 0.005 0.004 0.002 0.001 0.001 0.001 
41 trumpet_vis 30 0.004 0.002 0.008 0.001 0.002 0.989 0.001 0.104 0.878 0.695 0.001 0.001 0.001 0.000 0.001 0.003 0.006 0.001 0.008 0.002 0.001 0.001 0.027 0.000 0.001 0.001 0.001 0.001 0.001 0.002 0.001 0.001 0.003 0.001 0.001 0.001 0.002 0.001 0.002 0.000 0.001 0.202 0.001 0.001 0.073 0.004 0.020 0.001 0.001 0.382 0.019 0.003 0.002 0.348 0.005 0.004 0.002 0.002 
42 fork_vis 30 0.007 0.003 0.003 0.005 0.004 0.981 0.078 0.098 0.010 0.834 0.001 0.001 0.001 0.000 0.001 0.001 0.003 0.001 0.003 0.001 0.001 0.001 0.040 0.001 0.002 0.002 0.002 0.001 0.001 0.006 0.001 0.001 0.012 0.002 0.278 0.001 0.008 0.001 0.131 0.001 0.002 0.033 0.001 0.002 0.056 0.034 0.003 0.001 0.001 0.009 0.006 0.001 0.022 0.157 0.021 0.027 0.010 0.003 
43 spoon_vis 30 0.004 0.001 0.001 0.009 0.001 0.991 0.064 0.040 0.002 0.863 0.001 0.001 0.001 0.000 0.000 0.001 0.001 0.001 0.002 0.001 0.000 0.000 0.023 0.001 0.008 0.004 0.029 0.001 0.001 0.001 0.000 0.001 0.002 0.001 0.648 0.001 0.007 0.001 0.004 0.001 0.001 0.001 0.001 0.001 0.107 0.171 0.001 0.000 0.001 0.002 0.001 0.001 0.002 0.204 0.274 0.001 0.001 0.001 
44 tongs_vis 30 0.023 0.003 0.002 0.011 0.002 0.979 0.068 0.015 0.032 0.970 0.001 0.001 0.001 0.000 0.000 0.006 0.002 0.038 0.001 0.000 0.001 0.000 0.004 0.001 0.002 0.005 0.209 0.001 0.001 0.019 0.000 0.001 0.002 0.001 0.013 0.016 0.001 0.120 0.002 0.016 0.236 0.001 0.005 0.002 0.002 0.008 0.002 0.040 0.003 0.001 0.001 0.001 0.002 0.003 0.934 0.001 0.001 0.524 
45 ladle_vis 30 0.003 0.001 0.001 0.010 0.001 0.992 0.004 0.470 0.002 0.896 0.001 0.001 0.001 0.000 0.000 0.000 0.001 0.001 0.004 0.002 0.000 0.000 0.029 0.000 0.003 0.009 0.017 0.001 0.001 0.001 0.000 0.001 0.003 0.001 0.010 0.001 0.003 0.001 0.007 0.001 0.001 0.002 0.001 0.001 0.663 0.029 0.001 0.000 0.001 0.004 0.001 0.001 0.001 0.417 0.120 0.001 0.001 0.001 
46 knife_vis 30 0.004 0.001 0.001 0.004 0.001 0.993 0.546 0.009 0.002 0.805 0.000 0.001 0.001 0.000 0.000 0.000 0.001 0.013 0.002 0.000 0.000 0.000 0.014 0.000 0.003 0.001 0.001 0.001 0.001 0.001 0.000 0.001 0.001 0.001 0.001 0.096 0.005 0.153 0.002 0.025 0.014 0.001 0.001 0.003 0.000 0.001 0.001 0.001 0.001 0.002 0.000 0.000 0.001 0.001 0.016 0.001 0.052 0.028 
47 chopsticks_vis 30 0.009 0.028 0.002 0.001 0.002 0.991 0.002 0.005 0.014 0.982 0.017 0.001 0.001 0.000 0.009 0.001 0.001 0.006 0.002 0.000 0.004 0.000 0.009 0.000 0.000 0.001 0.001 0.001 0.001 0.002 0.000 0.001 0.004 0.001 0.001 0.002 0.001 0.043 0.007 0.029 0.026 0.005 0.001 0.001 0.001 0.001 0.001 0.021 0.002 0.003 0.001 0.001 0.026 0.002 0.009 0.035 0.127 0.946 
