0 beaver_vis 30 0.996 0.948 0.024 0.008 0.000 0.010 0.000 0.021 0.001 0.000 0.222 0.015 0.011 0.075 0.012 0.000 0.006 0.019 0.006 0.001 0.004 0.000 0.002 0.003 0.001 0.001 0.012 0.000 0.000 0.003 0.001 0.000 0.000 0.000 0.001 0.000 0.005 0.000 0.001 0.000 0.001 0.000 0.001 0.011 0.003 0.000 0.001 0.000 0.001 0.000 0.000 0.002 0.000 0.001 0.000 0.000 0.001 0.002 
1 bear_vis 30 0.996 0.963 0.024 0.016 0.001 0.001 0.000 0.158 0.000 0.000 0.860 0.006 0.020 0.262 0.003 0.000 0.005 0.063 0.006 0.001 0.005 0.000 0.002 0.003 0.001 0.001 0.042 0.000 0.001 0.046 0.003 0.000 0.000 0.000 0.001 0.000 0.018 0.000 0.001 0.000 0.002 0.001 0.001 0.008 0.005 0.000 0.003 0.000 0.000 0.000 0.000 0.001 0.000 0.002 0.000 0.000 0.001 0.002 
2 sheep_vis 30 0.996 0.948 0.028 0.011 0.000 0.002 0.000 0.068 0.000 0.000 0.663 0.016 0.021 0.242 0.003 0.000 0.008 0.034 0.006 0.001 0.005 0.000 0.002 0.003 0.001 0.001 0.018 0.000 0.001 0.007 0.003 0.000 0.000 0.000 0.001 0.000 0.011 0.000 0.001 0.000 0.002 0.000 0.001 0.010 0.005 0.000 0.002 0.000 0.000 0.000 0.000 0.001 0.000 0.001 0.000 0.000 0.001 0.002 
3 buffalo_vis 30 0.996 0.968 0.018 0.015 0.001 0.001 0.001 0.140 0.000 0.000 0.810 0.005 0.021 0.309 0.003 0.000 0.004 0.038 0.005 0.001 0.004 0.000 0.002 0.003 0.001 0.001 0.031 0.000 0.001 0.038 0.003 0.000 0.000 0.000 0.001 0.000 0.022 0.000 0.001 0.000 0.002 0.001 0.001 0.012 0.005 0.000 0.002 0.000 0.000 0.000 0.000 0.001 0.000 0.002 0.000 0.000 0.001 0.001 
4 poodle_vis 30 0.996 0.949 0.023 0.010 0.001 0.002 0.000 0.147 0.000 0.000 0.652 0.001 0.009 0.193 0.002 0.001 0.006 0.028 0.005 0.001 0.004 0.000 0.002 0.003 0.001 0.001 0.027 0.000 0.001 0.083 0.001 0.000 0.000 0.000 0.001 0.000 0.020 0.001 0.001 0.000 0.002 0.001 0.001 0.018 0.003 0.000 0.002 0.000 0.000 0.001 0.000 0.001 0.000 0.001 0.000 0.001 0.001 0.002 
5 giraffe_vis 30 0.996 0.967 0.019 0.016 0.001 0.001 0.001 0.118 0.000 0.000 0.838 0.013 0.026 0.307 0.004 0.000 0.004 0.051 0.005 0.001 0.005 0.000 0.002 0.003 0.001 0.001 0.031 0.000 0.001 0.020 0.004 0.000 0.000 0.000 0.001 0.000 0.017 0.000 0.001 0.000 0.002 0.001 0.001 0.008 0.006 0.000 0.003 0.000 0.000 0.000 0.000 0.001 0.000 0.002 0.000 0.000 0.001 0.002 
6 robin_vis 30 0.995 0.815 0.092 0.017 0.000 0.011 0.000 0.044 0.000 0.000 0.271 0.009 0.008 0.072 0.003 0.000 0.030 0.061 0.009 0.002 0.011 0.000 0.003 0.004 0.001 0.002 0.034 0.000 0.000 0.002 0.001 0.000 0.000 0.000 0.001 0.000 0.003 0.000 0.001 0.000 0.003 0.001 0.001 0.019 0.003 0.000 0.001 0.000 0.000 0.000 0.000 0.001 0.000 0.001 0.000 0.000 0.003 0.005 
7 swan_vis 30 0.995 0.846 0.048 0.010 0.000 0.151 0.000 0.034 0.009 0.000 0.173 0.024 0.006 0.020 0.007 0.000 0.012 0.033 0.007 0.001 0.009 0.000 0.003 0.002 0.001 0.002 0.023 0.000 0.000 0.001 0.001 0.000 0.000 0.000 0.001 0.000 0.002 0.000 0.001 0.000 0.002 0.001 0.001 0.009 0.002 0.000 0.002 0.000 0.001 0.000 0.000 0.004 0.000 0.001 0.000 0.000 0.001 0.004 
8 woodpecker_vis 30 0.996 0.704 0.128 0.016 0.000 0.025 0.000 0.023 0.001 0.000 0.210 0.014 0.002 0.013 0.005 0.000 0.020 0.118 0.012 0.002 0.011 0.000 0.004 0.002 0.001 0.002 0.039 0.000 0.000 0.002 0.001 0.000 0.000 0.000 0.001 0.000 0.002 0.000 0.001 0.000 0.002 0.001 0.001 0.006 0.001 0.000 0.001 0.000 0.000 0.000 0.000 0.002 0.001 0.001 0.000 0.000 0.001 0.004 
9 peacock_vis 30 0.995 0.907 0.044 0.013 0.001 0.002 0.000 0.141 0.000 0.000 0.687 0.001 0.008 0.135 0.002 0.000 0.007 0.057 0.004 0.002 0.008 0.000 0.003 0.002 0.001 0.001 0.044 0.000 0.001 0.056 0.002 0.000 0.000 0.000 0.001 0.000 0.012 0.000 0.001 0.000 0.002 0.001 0.001 0.010 0.003 0.000 0.002 0.000 0.000 0.001 0.000 0.001 0.001 0.001 0.000 0.001 0.001 0.003 
10 crow_vis 30 0.995 0.899 0.038 0.014 0.000 0.007 0.000 0.069 0.000 0.000 0.382 0.011 0.014 0.177 0.002 0.000 0.010 0.030 0.004 0.001 0.010 0.000 0.003 0.003 0.001 0.002 0.027 0.000 0.000 0.002 0.002 0.000 0.000 0.000 0.001 0.000 0.003 0.000 0.001 0.000 0.002 0.001 0.001 0.011 0.006 0.000 0.001 0.000 0.000 0.000 0.000 0.001 0.000 0.001 0.000 0.000 0.001 0.004 
11 eagle_vis 30 0.995 0.646 0.121 0.010 0.000 0.144 0.000 0.018 0.011 0.000 0.097 0.024 0.002 0.004 0.009 0.000 0.020 0.085 0.016 0.001 0.008 0.000 0.003 0.002 0.001 0.002 0.027 0.000 0.000 0.001 0.001 0.000 0.000 0.000 0.001 0.000 0.001 0.000 0.001 0.000 0.002 0.001 0.001 0.006 0.001 0.000 0.001 0.000 0.000 0.000 0.000 0.006 0.000 0.001 0.000 0.000 0.002 0.004 
12 tuna_vis 30 0.996 0.060 0.407 0.132 0.000 0.003 0.000 0.089 0.000 0.000 0.049 0.000 0.000 0.006 0.001 0.000 0.157 0.040 0.003 0.001 0.100 0.000 0.012 0.003 0.004 0.002 0.399 0.000 0.001 0.030 0.002 0.000 0.000 0.000 0.001 0.000 0.002 0.001 0.001 0.000 0.003 0.001 0.001 0.060 0.001 0.000 0.000 0.000 0.000 0.000 0.000 0.001 0.001 0.001 0.000 0.002 0.001 0.009 
13 goldfish_vis 30 0.996 0.001 0.388 0.538 0.002 0.002 0.001 0.102 0.000 0.000 0.007 0.000 0.000 0.001 0.001 0.000 0.205 0.024 0.003 0.001 0.160 0.000 0.016 0.005 0.013 0.003 0.852 0.000 0.002 0.012 0.003 0.001 0.000 0.000 0.002 0.001 0.000 0.001 0.001 0.000 0.004 0.006 0.001 0.079 0.001 0.000 0.000 0.000 0.000 0.001 0.000 0.001 0.001 0.001 0.000 0.001 0.001 0.011 
14 salmon_vis 30 0.996 0.599 0.096 0.034 0.000 0.104 0.000 0.071 0.003 0.000 0.098 0.000 0.001 0.013 0.001 0.001 0.019 0.029 0.003 0.001 0.019 0.000 0.006 0.003 0.001 0.002 0.101 0.000 0.000 0.027 0.001 0.000 0.000 0.000 0.001 0.000 0.002 0.000 0.001 0.000 0.002 0.002 0.001 0.015 0.001 0.000 0.001 0.000 0.000 0.001 0.000 0.002 0.001 0.001 0.000 0.002 0.001 0.004 
15 sardine_vis 30 0.996 0.175 0.075 0.349 0.002 0.002 0.002 0.099 0.000 0.000 0.020 0.000 0.000 0.014 0.001 0.000 0.045 0.008 0.003 0.001 0.059 0.000 0.005 0.007 0.027 0.003 0.269 0.000 0.006 0.004 0.004 0.000 0.000 0.000 0.002 0.001 0.001 0.002 0.001 0.000 0.002 0.001 0.001 0.137 0.001 0.000 0.000 0.000 0.000 0.000 0.000 0.001 0.000 0.001 0.000 0.000 0.001 0.006 
16 catfish_vis 30 0.996 0.341 0.219 0.071 0.000 0.003 0.000 0.098 0.000 0.000 0.141 0.000 0.001 0.018 0.001 0.000 0.075 0.034 0.003 0.001 0.051 0.000 0.008 0.003 0.003 0.002 0.226 0.000 0.001 0.053 0.001 0.000 0.000 0.000 0.002 0.000 0.004 0.001 0.001 0.000 0.002 0.001 0.001 0.038 0.001 0.000 0.000 0.000 0.000 0.000 0.000 0.001 0.001 0.001 0.000 0.002 0.001 0.006 
17 cod_vis 30 0.996 0.003 0.306 0.344 0.000 0.002 0.001 0.055 0.000 0.000 0.004 0.000 0.000 0.002 0.001 0.000 0.189 0.011 0.003 0.001 0.201 0.000 0.009 0.005 0.014 0.003 0.535 0.000 0.001 0.003 0.002 0.000 0.000 0.000 0.003 0.001 0.000 0.002 0.001 0.000 0.003 0.001 0.001 0.278 0.001 0.000 0.000 0.000 0.000 0.000 0.000 0.001 0.001 0.001 0.000 0.000 0.001 0.009 
18 turtle_vis 30 0.996 0.588 0.142 0.045 0.000 0.009 0.000 0.052 0.001 0.000 0.117 0.000 0.001 0.010 0.002 0.001 0.033 0.031 0.003 0.001 0.029 0.000 0.008 0.003 0.002 0.002 0.136 0.000 0.000 0.076 0.001 0.000 0.000 0.000 0.002 0.001 0.006 0.000 0.001 0.000 0.002 0.001 0.001 0.023 0.001 0.000 0.001 0.000 0.000 0.000 0.000 0.002 0.001 0.001 0.000 0.002 0.001 0.006 
19 rattlesnake_vis 30 0.995 0.350 0.174 0.058 0.000 0.020 0.000 0.117 0.000 0.000 0.097 0.000 0.001 0.014 0.001 0.000 0.052 0.028 0.003 0.001 0.039 0.000 0.008 0.003 0.002 0.002 0.190 0.000 0.001 0.042 0.001 0.000 0.000 0.000 0.001 0.001 0.003 0.001 0.001 0.000 0.003 0.003 0.001 0.034 0.001 0.000 0.000 0.000 0.000 0.001 0.000 0.001 0.001 0.001 0.000 0.003 0.001 0.009 
20 crab_vis 30 0.995 0.002 0.438 0.585 0.001 0.002 0.000 0.140 0.000 0.000 0.014 0.000 0.000 0.001 0.001 0.000 0.148 0.034 0.003 0.001 0.180 0.000 0.024 0.005 0.009 0.003 0.909 0.000 0.003 0.015 0.003 0.000 0.000 0.000 0.001 0.003 0.000 0.001 0.001 0.000 0.008 0.048 0.001 0.042 0.001 0.000 0.000 0.000 0.000 0.001 0.000 0.001 0.001 0.001 0.000 0.002 0.001 0.015 
21 frog_vis 30 0.996 0.641 0.142 0.026 0.000 0.003 0.000 0.057 0.000 0.000 0.414 0.001 0.002 0.028 0.001 0.000 0.030 0.075 0.004 0.001 0.019 0.000 0.005 0.002 0.002 0.002 0.083 0.000 0.000 0.026 0.001 0.000 0.000 0.000 0.001 0.000 0.005 0.000 0.001 0.000 0.002 0.001 0.001 0.011 0.001 0.000 0.001 0.000 0.000 0.000 0.000 0.001 0.001 0.001 0.000 0.001 0.001 0.005 
22 gecko_vis 30 0.995 0.001 0.614 0.695 0.001 0.002 0.000 0.080 0.000 0.000 0.009 0.000 0.000 0.001 0.001 0.000 0.324 0.048 0.004 0.001 0.284 0.000 0.034 0.004 0.012 0.004 0.941 0.000 0.002 0.005 0.003 0.001 0.001 0.000 0.002 0.001 0.000 0.000 0.001 0.000 0.005 0.014 0.001 0.032 0.001 0.000 0.000 0.000 0.000 0.001 0.000 0.001 0.001 0.001 0.000 0.001 0.001 0.016 
23 crocodile_vis 30 0.995 0.579 0.128 0.020 0.000 0.134 0.000 0.023 0.009 0.000 0.045 0.000 0.001 0.004 0.003 0.001 0.020 0.031 0.004 0.001 0.014 0.000 0.005 0.003 0.001 0.002 0.064 0.000 0.000 0.049 0.001 0.000 0.000 0.000 0.001 0.000 0.003 0.000 0.001 0.000 0.002 0.001 0.001 0.016 0.001 0.000 0.001 0.000 0.000 0.000 0.000 0.007 0.001 0.001 0.000 0.002 0.001 0.004 
24 axe_vis 30 0.943 0.000 0.751 0.010 0.000 0.915 0.821 0.073 0.000 0.001 0.002 0.000 0.000 0.000 0.000 0.000 0.963 0.007 0.036 0.001 0.060 0.000 0.018 0.001 0.578 0.008 0.174 0.000 0.000 0.000 0.000 0.000 0.000 0.000 0.831 0.003 0.002 0.025 0.013 0.000 0.005 0.001 0.001 0.112 0.001 0.000 0.000 0.000 0.000 0.001 0.000 0.001 0.001 0.001 0.000 0.000 0.030 0.719 
25 hammer_vis 30 0.994 0.000 0.539 0.213 0.000 0.012 0.002 0.037 0.000 0.000 0.001 0.000 0.000 0.000 0.000 0.000 0.497 0.009 0.003 0.001 0.462 0.000 0.015 0.002 0.025 0.004 0.482 0.000 0.000 0.000 0.002 0.000 0.000 0.000 0.022 0.000 0.000 0.001 0.001 0.000 0.002 0.001 0.001 0.168 0.001 0.000 0.000 0.000 0.000 0.000 0.000 0.001 0.000 0.001 0.000 0.000 0.003 0.035 
26 screwdriver_vis 30 0.934 0.000 0.708 0.004 0.000 0.906 0.771 0.039 0.000 0.001 0.001 0.000 0.000 0.000 0.000 0.000 0.968 0.003 0.021 0.001 0.029 0.000 0.011 0.001 0.547 0.005 0.109 0.000 0.000 0.000 0.000 0.000 0.000 0.000 0.616 0.001 0.001 0.012 0.007 0.000 0.003 0.001 0.001 0.043 0.001 0.000 0.000 0.000 0.000 0.001 0.000 0.001 0.001 0.001 0.000 0.000 0.027 0.605 
27 chisel_vis 30 0.896 0.001 0.293 0.004 0.000 0.769 0.909 0.003 0.001 0.001 0.001 0.000 0.001 0.000 0.000 0.000 0.961 0.001 0.021 0.001 0.007 0.000 0.004 0.001 0.787 0.005 0.029 0.000 0.000 0.000 0.000 0.001 0.000 0.000 0.434 0.004 0.004 0.047 0.009 0.000 0.001 0.001 0.000 0.022 0.001 0.000 0.000 0.000 0.001 0.003 0.000 0.001 0.001 0.001 0.000 0.000 0.019 0.208 
28 saw_vis 30 0.995 0.001 0.756 0.525 0.000 0.004 0.001 0.015 0.000 0.000 0.002 0.000 0.000 0.001 0.000 0.000 0.524 0.016 0.004 0.001 0.675 0.000 0.068 0.002 0.057 0.011 0.502 0.000 0.001 0.000 0.006 0.000 0.001 0.000 0.039 0.000 0.000 0.001 0.002 0.000 0.002 0.001 0.001 0.025 0.001 0.000 0.000 0.000 0.000 0.000 0.000 0.001 0.001 0.001 0.000 0.000 0.002 0.064 
29 drill_vis 30 0.995 0.001 0.710 0.511 0.000 0.003 0.001 0.020 0.000 0.000 0.002 0.000 0.000 0.001 0.000 0.000 0.471 0.021 0.004 0.001 0.667 0.000 0.060 0.003 0.028 0.011 0.628 0.000 0.001 0.000 0.006 0.000 0.001 0.000 0.024 0.000 0.000 0.001 0.001 0.000 0.003 0.001 0.001 0.064 0.001 0.000 0.000 0.000 0.000 0.000 0.000 0.001 0.001 0.001 0.000 0.000 0.002 0.051 
30 clamp_vis 30 0.994 0.095 0.194 0.010 0.000 0.653 0.002 0.262 0.000 0.000 0.112 0.001 0.001 0.005 0.001 0.000 0.097 0.121 0.020 0.001 0.012 0.000 0.003 0.001 0.002 0.002 0.051 0.000 0.000 0.000 0.001 0.000 0.000 0.000 0.008 0.000 0.008 0.000 0.001 0.000 0.002 0.001 0.001 0.066 0.003 0.000 0.000 0.000 0.000 0.000 0.000 0.001 0.000 0.001 0.000 0.000 0.012 0.012 
31 hoe_vis 30 0.959 0.000 0.359 0.005 0.000 0.950 0.504 0.444 0.000 0.000 0.003 0.000 0.000 0.000 0.000 0.000 0.937 0.014 0.009 0.001 0.045 0.000 0.009 0.001 0.069 0.013 0.659 0.000 0.000 0.000 0.000 0.000 0.000 0.000 0.757 0.001 0.001 0.004 0.004 0.000 0.005 0.001 0.001 0.641 0.001 0.000 0.000 0.000 0.000 0.001 0.000 0.002 0.001 0.001 0.000 0.000 0.013 0.443 
32 rake_vis 30 0.753 0.124 0.023 0.004 0.000 0.979 0.003 0.822 0.001 0.000 0.073 0.001 0.001 0.002 0.001 0.000 0.042 0.014 0.005 0.001 0.005 0.000 0.002 0.001 0.002 0.003 0.049 0.000 0.000 0.000 0.000 0.000 0.000 0.000 0.007 0.001 0.003 0.001 0.001 0.000 0.004 0.001 0.001 0.353 0.008 0.000 0.000 0.000 0.001 0.000 0.000 0.003 0.000 0.001 0.000 0.000 0.005 0.013 
33 shovel_vis 30 0.921 0.000 0.722 0.004 0.000 0.891 0.878 0.005 0.000 0.001 0.001 0.000 0.001 0.000 0.000 0.000 0.991 0.001 0.053 0.001 0.014 0.000 0.007 0.001 0.565 0.003 0.038 0.000 0.000 0.000 0.000 0.000 0.000 0.000 0.641 0.001 0.005 0.014 0.007 0.000 0.001 0.001 0.001 0.022 0.001 0.000 0.000 0.000 0.001 0.002 0.000 0.001 0.001 0.001 0.000 0.001 0.052 0.273 
34 spade_vis 30 0.994 0.904 0.023 0.005 0.000 0.219 0.002 0.255 0.000 0.000 0.375 0.016 0.013 0.090 0.004 0.000 0.014 0.020 0.006 0.001 0.005 0.000 0.002 0.002 0.002 0.002 0.026 0.000 0.000 0.001 0.001 0.000 0.000 0.000 0.002 0.000 0.017 0.001 0.001 0.000 0.003 0.001 0.001 0.066 0.028 0.000 0.001 0.000 0.001 0.000 0.000 0.002 0.000 0.001 0.000 0.000 0.002 0.007 
35 wrench_vis 30 0.549 0.000 0.450 0.003 0.000 0.987 0.248 0.005 0.001 0.012 0.001 0.000 0.001 0.000 0.000 0.000 0.988 0.001 0.022 0.001 0.035 0.000 0.006 0.001 0.821 0.003 0.048 0.000 0.000 0.000 0.000 0.001 0.000 0.000 0.363 0.001 0.001 0.051 0.003 0.000 0.001 0.001 0.001 0.039 0.001 0.001 0.000 0.000 0.002 0.011 0.000 0.001 0.000 0.002 0.000 0.001 0.119 0.885 
36 accordion_vis 30 0.808 0.006 0.015 0.004 0.000 0.992 0.001 0.871 0.001 0.000 0.012 0.000 0.000 0.001 0.001 0.000 0.134 0.006 0.004 0.001 0.007 0.000 0.002 0.002 0.009 0.006 0.198 0.000 0.000 0.000 0.000 0.000 0.000 0.000 0.003 0.000 0.000 0.001 0.001 0.000 0.006 0.001 0.002 0.534 0.002 0.001 0.000 0.000 0.001 0.001 0.000 0.004 0.000 0.002 0.000 0.000 0.006 0.099 
37 cello_vis 30 0.993 0.769 0.008 0.033 0.000 0.079 0.001 0.035 0.058 0.000 0.050 0.133 0.004 0.003 0.026 0.000 0.007 0.005 0.007 0.001 0.003 0.000 0.001 0.003 0.003 0.011 0.059 0.000 0.001 0.001 0.001 0.001 0.000 0.000 0.002 0.000 0.001 0.000 0.001 0.000 0.004 0.001 0.001 0.016 0.001 0.000 0.002 0.000 0.001 0.001 0.000 0.010 0.000 0.001 0.000 0.000 0.001 0.005 
38 flute_vis 30 0.294 0.000 0.027 0.003 0.000 0.995 0.003 0.199 0.003 0.001 0.001 0.000 0.000 0.000 0.000 0.000 0.887 0.002 0.005 0.001 0.018 0.000 0.001 0.001 0.537 0.003 0.098 0.000 0.000 0.000 0.000 0.000 0.000 0.000 0.098 0.000 0.000 0.012 0.001 0.000 0.003 0.001 0.001 0.171 0.001 0.001 0.000 0.000 0.003 0.019 0.000 0.002 0.000 0.002 0.000 0.001 0.058 0.788 
39 guitar_vis 30 0.258 0.000 0.249 0.006 0.000 0.995 0.020 0.017 0.005 0.068 0.001 0.000 0.001 0.000 0.001 0.000 0.986 0.001 0.014 0.001 0.063 0.000 0.002 0.001 0.878 0.003 0.046 0.000 0.000 0.000 0.000 0.000 0.000 0.000 0.432 0.001 0.000 0.061 0.002 0.000 0.002 0.001 0.001 0.070 0.001 0.003 0.000 0.000 0.014 0.058 0.000 0.001 0.000 0.002 0.001 0.002 0.248 0.961 
40 piano_vis 30 0.994 0.215 0.268 0.037 0.000 0.071 0.000 0.014 0.001 0.000 0.011 0.035 0.000 0.001 0.013 0.000 0.023 0.020 0.053 0.002 0.013 0.000 0.004 0.003 0.002 0.011 0.071 0.000 0.000 0.001 0.001 0.000 0.000 0.000 0.002 0.000 0.000 0.000 0.001 0.000 0.004 0.001 0.001 0.009 0.001 0.000 0.000 0.000 0.001 0.000 0.000 0.009 0.000 0.001 0.000 0.000 0.002 0.007 
41 trumpet_vis 30 0.470 0.033 0.006 0.003 0.000 0.978 0.001 0.762 0.001 0.000 0.035 0.000 0.000 0.001 0.001 0.000 0.008 0.005 0.003 0.001 0.002 0.000 0.001 0.001 0.003 0.002 0.031 0.000 0.000 0.000 0.000 0.000 0.000 0.000 0.001 0.000 0.001 0.001 0.001 0.000 0.003 0.001 0.001 0.411 0.002 0.001 0.000 0.000 0.001 0.001 0.000 0.003 0.000 0.001 0.000 0.000 0.002 0.005 
42 fork_vis 30 0.995 0.486 0.195 0.019 0.000 0.072 0.000 0.018 0.002 0.000 0.021 0.014 0.001 0.002 0.046 0.000 0.019 0.020 0.053 0.002 0.012 0.000 0.004 0.003 0.001 0.006 0.038 0.000 0.000 0.002 0.001 0.000 0.000 0.000 0.001 0.000 0.001 0.000 0.001 0.000 0.003 0.001 0.001 0.013 0.001 0.000 0.000 0.000 0.001 0.000 0.000 0.016 0.000 0.001 0.000 0.000 0.002 0.006 
43 spoon_vis 30 0.439 0.001 0.038 0.009 0.000 0.989 0.003 0.972 0.003 0.000 0.005 0.000 0.000 0.000 0.001 0.000 0.091 0.011 0.006 0.001 0.014 0.000 0.004 0.002 0.083 0.010 0.183 0.000 0.001 0.000 0.000 0.000 0.000 0.000 0.016 0.001 0.000 0.009 0.002 0.000 0.007 0.001 0.001 0.749 0.002 0.001 0.000 0.000 0.001 0.004 0.000 0.003 0.001 0.001 0.000 0.000 0.005 0.108 
44 tongs_vis 30 0.995 0.031 0.602 0.038 0.000 0.143 0.001 0.022 0.000 0.000 0.036 0.001 0.000 0.003 0.001 0.000 0.078 0.141 0.022 0.001 0.030 0.000 0.009 0.003 0.002 0.003 0.079 0.000 0.000 0.001 0.001 0.000 0.000 0.000 0.003 0.000 0.001 0.000 0.001 0.000 0.003 0.001 0.001 0.011 0.001 0.000 0.000 0.000 0.000 0.000 0.000 0.001 0.001 0.001 0.000 0.000 0.003 0.009 
45 ladle_vis 30 0.446 0.002 0.021 0.005 0.000 0.988 0.010 0.976 0.004 0.000 0.004 0.000 0.000 0.001 0.000 0.000 0.046 0.006 0.004 0.001 0.008 0.000 0.002 0.001 0.110 0.010 0.148 0.000 0.002 0.000 0.000 0.000 0.000 0.000 0.018 0.001 0.000 0.013 0.002 0.000 0.005 0.001 0.001 0.771 0.003 0.001 0.000 0.000 0.001 0.005 0.000 0.002 0.000 0.001 0.000 0.000 0.003 0.040 
46 knife_vis 30 0.914 0.001 0.865 0.022 0.000 0.914 0.949 0.011 0.001 0.001 0.002 0.000 0.001 0.000 0.001 0.000 0.991 0.003 0.106 0.001 0.057 0.000 0.032 0.002 0.803 0.013 0.128 0.000 0.000 0.000 0.000 0.001 0.001 0.000 0.899 0.003 0.004 0.032 0.033 0.000 0.004 0.001 0.001 0.061 0.001 0.001 0.000 0.000 0.001 0.005 0.000 0.001 0.001 0.003 0.000 0.001 0.086 0.722 
47 chopsticks_vis 30 0.994 0.742 0.086 0.032 0.000 0.021 0.001 0.072 0.000 0.000 0.280 0.003 0.004 0.051 0.002 0.000 0.026 0.060 0.006 0.001 0.017 0.000 0.006 0.004 0.002 0.004 0.066 0.000 0.000 0.002 0.002 0.000 0.000 0.000 0.003 0.000 0.005 0.000 0.001 0.000 0.004 0.001 0.001 0.025 0.003 0.000 0.000 0.000 0.001 0.000 0.000 0.002 0.000 0.001 0.000 0.000 0.002 0.008 
