0 beaver_vis 30 0.990 0.003 0.398 0.001 0.647 0.009 0.004 0.001 0.002 0.013 0.001 0.000 0.084 0.000 0.000 0.000 0.573 0.001 0.010 0.001 0.016 0.055 0.001 0.000 0.000 0.000 0.000 0.000 0.001 0.014 0.001 0.010 0.002 0.053 0.015 0.000 0.001 0.000 0.001 0.045 0.002 0.001 0.003 0.000 0.000 0.000 0.000 0.001 0.000 0.001 0.050 0.000 0.018 0.003 0.002 0.001 0.001 0.012 
1 bear_vis 30 0.992 0.014 0.001 0.969 0.003 0.006 0.001 0.001 0.001 0.010 0.000 0.074 0.001 0.004 0.002 0.000 0.000 0.002 0.000 0.000 0.000 0.001 0.138 0.033 0.037 0.001 0.009 0.296 0.002 0.001 0.012 0.000 0.000 0.001 0.000 0.002 0.000 0.007 0.018 0.006 0.000 0.010 0.001 0.000 0.003 0.001 0.000 0.000 0.005 0.009 0.001 0.000 0.000 0.003 0.007 0.001 0.003 0.000 
2 sheep_vis 30 0.013 0.000 0.002 0.004 0.004 0.990 0.990 0.016 0.017 0.003 0.000 0.000 0.000 0.001 0.012 0.000 0.001 0.001 0.000 0.009 0.014 0.000 0.000 0.006 0.003 0.000 0.022 0.001 0.036 0.002 0.001 0.003 0.000 0.001 0.029 0.941 0.409 0.005 0.039 0.109 0.002 0.000 0.026 0.008 0.002 0.006 0.001 0.001 0.019 0.000 0.070 0.000 0.001 0.000 0.018 0.000 0.012 0.002 
3 buffalo_vis 30 0.032 0.000 0.000 0.181 0.016 0.992 0.964 0.074 0.035 0.008 0.000 0.000 0.000 0.001 0.003 0.000 0.000 0.001 0.000 0.001 0.000 0.000 0.001 0.028 0.006 0.003 0.260 0.029 0.168 0.001 0.008 0.003 0.000 0.001 0.005 0.971 0.027 0.667 0.033 0.019 0.018 0.002 0.091 0.015 0.164 0.052 0.000 0.000 0.061 0.001 0.002 0.307 0.001 0.001 0.005 0.001 0.019 0.002 
4 poodle_vis 30 0.083 0.000 0.000 0.001 0.167 0.993 0.853 0.001 0.002 0.985 0.000 0.000 0.000 0.000 0.021 0.000 0.000 0.001 0.000 0.000 0.001 0.000 0.004 0.000 0.001 0.000 0.003 0.274 0.021 0.004 0.679 0.000 0.000 0.002 0.002 0.332 0.262 0.950 0.002 0.151 0.053 0.023 0.006 0.002 0.042 0.136 0.000 0.000 0.002 0.001 0.002 0.022 0.023 0.001 0.841 0.003 0.306 0.045 
5 giraffe_vis 30 0.233 0.036 0.000 0.868 0.026 0.985 0.019 0.763 0.001 0.917 0.000 0.006 0.000 0.002 0.540 0.000 0.000 0.001 0.000 0.000 0.000 0.001 0.068 0.104 0.002 0.001 0.520 0.975 0.005 0.003 0.932 0.000 0.000 0.006 0.001 0.937 0.003 0.891 0.014 0.267 0.002 0.213 0.580 0.249 0.015 0.330 0.000 0.000 0.245 0.006 0.001 0.134 0.001 0.005 0.262 0.015 0.402 0.126 
6 robin_vis 30 0.993 0.026 0.981 0.001 0.196 0.003 0.005 0.001 0.003 0.001 0.002 0.000 0.135 0.000 0.000 0.000 0.721 0.002 0.012 0.006 0.312 0.218 0.000 0.000 0.000 0.001 0.000 0.000 0.001 0.002 0.000 0.015 0.001 0.019 0.013 0.000 0.001 0.000 0.001 0.004 0.000 0.000 0.001 0.000 0.000 0.000 0.001 0.001 0.000 0.000 0.010 0.000 0.125 0.001 0.001 0.001 0.000 0.002 
7 swan_vis 30 0.994 0.001 0.969 0.001 0.005 0.003 0.006 0.001 0.002 0.001 0.000 0.001 0.002 0.000 0.000 0.007 0.111 0.003 0.483 0.005 0.004 0.003 0.000 0.000 0.000 0.043 0.000 0.000 0.001 0.000 0.000 0.007 0.000 0.001 0.004 0.000 0.001 0.000 0.001 0.001 0.000 0.015 0.001 0.000 0.000 0.000 0.001 0.001 0.000 0.001 0.002 0.000 0.001 0.000 0.000 0.000 0.000 0.000 
8 woodpecker_vis 30 0.243 0.001 0.205 0.001 0.003 0.741 0.015 0.443 0.003 0.104 0.000 0.017 0.001 0.000 0.000 0.005 0.014 0.001 0.061 0.013 0.001 0.477 0.001 0.000 0.000 0.001 0.000 0.000 0.000 0.001 0.000 0.007 0.000 0.003 0.610 0.000 0.001 0.001 0.001 0.303 0.001 0.680 0.080 0.004 0.007 0.000 0.003 0.001 0.000 0.000 0.003 0.000 0.002 0.002 0.136 0.041 0.000 0.003 
9 peacock_vis 30 0.993 0.001 0.493 0.001 0.001 0.003 0.003 0.001 0.002 0.001 0.000 0.004 0.001 0.000 0.000 0.007 0.008 0.003 0.376 0.002 0.001 0.005 0.000 0.001 0.000 0.033 0.000 0.000 0.001 0.000 0.000 0.001 0.000 0.000 0.001 0.000 0.000 0.000 0.003 0.001 0.000 0.032 0.002 0.000 0.001 0.000 0.001 0.000 0.000 0.000 0.001 0.000 0.000 0.000 0.000 0.000 0.000 0.000 
10 crow_vis 30 0.023 0.001 0.006 0.001 0.002 0.899 0.015 0.935 0.002 0.056 0.000 0.002 0.000 0.000 0.000 0.003 0.001 0.001 0.008 0.001 0.000 0.196 0.001 0.000 0.000 0.002 0.000 0.000 0.001 0.001 0.000 0.002 0.000 0.003 0.189 0.000 0.001 0.001 0.004 0.090 0.001 0.722 0.352 0.028 0.050 0.001 0.001 0.000 0.000 0.001 0.001 0.000 0.001 0.001 0.063 0.001 0.000 0.002 
11 eagle_vis 30 0.994 0.001 0.990 0.001 0.010 0.003 0.006 0.001 0.002 0.001 0.000 0.000 0.008 0.000 0.000 0.001 0.274 0.007 0.183 0.021 0.020 0.029 0.000 0.000 0.001 0.001 0.000 0.000 0.001 0.001 0.000 0.018 0.000 0.001 0.007 0.000 0.001 0.000 0.001 0.002 0.000 0.000 0.001 0.000 0.000 0.000 0.002 0.001 0.000 0.000 0.002 0.000 0.003 0.000 0.001 0.000 0.000 0.001 
12 tuna_vis 30 0.995 0.060 0.000 0.928 0.001 0.053 0.001 0.001 0.002 0.001 0.000 0.009 0.000 0.025 0.001 0.017 0.000 0.001 0.000 0.000 0.000 0.000 0.003 0.063 0.002 0.002 0.002 0.821 0.001 0.002 0.001 0.000 0.000 0.000 0.000 0.001 0.000 0.001 0.001 0.001 0.000 0.003 0.001 0.135 0.001 0.001 0.000 0.000 0.394 0.574 0.000 0.001 0.000 0.007 0.000 0.023 0.037 0.000 
13 goldfish_vis 30 0.994 0.091 0.000 0.967 0.001 0.004 0.001 0.003 0.002 0.001 0.000 0.024 0.000 0.007 0.000 0.010 0.000 0.001 0.000 0.000 0.000 0.000 0.011 0.095 0.002 0.004 0.003 0.737 0.001 0.001 0.001 0.000 0.000 0.000 0.000 0.001 0.000 0.002 0.001 0.000 0.000 0.009 0.001 0.010 0.002 0.001 0.000 0.000 0.101 0.319 0.000 0.001 0.000 0.001 0.000 0.003 0.002 0.000 
14 salmon_vis 30 0.994 0.003 0.001 0.909 0.004 0.004 0.005 0.001 0.002 0.001 0.000 0.000 0.003 0.000 0.034 0.000 0.000 0.000 0.000 0.001 0.001 0.000 0.000 0.128 0.003 0.010 0.947 0.003 0.008 0.001 0.001 0.002 0.001 0.000 0.000 0.003 0.001 0.002 0.001 0.013 0.000 0.000 0.001 0.001 0.001 0.000 0.000 0.000 0.001 0.000 0.002 0.000 0.000 0.000 0.000 0.000 0.001 0.000 
15 sardine_vis 30 0.671 0.000 0.004 0.004 0.014 0.018 0.001 0.460 0.004 0.004 0.000 0.001 0.000 0.000 0.000 0.002 0.001 0.001 0.001 0.000 0.000 0.069 0.002 0.000 0.001 0.017 0.001 0.001 0.001 0.001 0.001 0.008 0.001 0.008 0.011 0.001 0.000 0.002 0.001 0.005 0.000 0.658 0.285 0.001 0.022 0.001 0.001 0.001 0.001 0.004 0.001 0.002 0.001 0.002 0.011 0.006 0.000 0.001 
16 catfish_vis 30 0.995 0.002 0.001 0.759 0.014 0.003 0.001 0.001 0.002 0.001 0.000 0.000 0.001 0.001 0.016 0.000 0.000 0.001 0.000 0.001 0.000 0.000 0.001 0.006 0.067 0.001 0.808 0.011 0.004 0.001 0.001 0.003 0.003 0.000 0.000 0.001 0.001 0.029 0.001 0.038 0.001 0.002 0.001 0.003 0.000 0.001 0.000 0.000 0.008 0.001 0.001 0.001 0.000 0.000 0.000 0.000 0.000 0.000 
17 cod_vis 30 0.957 0.000 0.000 0.974 0.003 0.014 0.003 0.148 0.003 0.001 0.000 0.003 0.000 0.001 0.000 0.000 0.000 0.000 0.000 0.000 0.000 0.000 0.002 0.632 0.004 0.002 0.023 0.415 0.003 0.005 0.001 0.001 0.000 0.000 0.000 0.018 0.001 0.009 0.003 0.082 0.000 0.054 0.015 0.010 0.322 0.001 0.001 0.000 0.011 0.008 0.001 0.005 0.000 0.000 0.001 0.000 0.001 0.000 
18 turtle_vis 30 0.994 0.000 0.132 0.002 0.803 0.004 0.003 0.001 0.007 0.001 0.000 0.000 0.001 0.000 0.000 0.000 0.010 0.003 0.000 0.012 0.020 0.000 0.001 0.000 0.012 0.001 0.013 0.000 0.142 0.003 0.001 0.098 0.009 0.001 0.003 0.001 0.003 0.001 0.001 0.057 0.000 0.000 0.001 0.001 0.000 0.001 0.001 0.003 0.001 0.000 0.036 0.001 0.001 0.000 0.000 0.000 0.000 0.001 
19 rattlesnake_vis 30 0.994 0.000 0.149 0.003 0.990 0.003 0.002 0.001 0.011 0.001 0.000 0.000 0.002 0.000 0.000 0.000 0.038 0.023 0.000 0.001 0.003 0.000 0.010 0.000 0.005 0.150 0.004 0.000 0.052 0.003 0.004 0.772 0.903 0.053 0.005 0.002 0.001 0.002 0.000 0.001 0.020 0.000 0.040 0.001 0.000 0.001 0.001 0.277 0.001 0.001 0.011 0.027 0.002 0.000 0.001 0.002 0.000 0.006 
20 crab_vis 30 0.671 0.000 0.013 0.002 0.005 0.032 0.001 0.711 0.005 0.003 0.000 0.000 0.000 0.000 0.000 0.012 0.001 0.001 0.001 0.001 0.000 0.054 0.004 0.000 0.001 0.010 0.000 0.001 0.001 0.001 0.000 0.004 0.001 0.007 0.008 0.001 0.000 0.001 0.001 0.005 0.000 0.701 0.507 0.008 0.019 0.001 0.001 0.001 0.001 0.006 0.001 0.001 0.001 0.002 0.010 0.007 0.000 0.002 
21 frog_vis 30 0.995 0.000 0.018 0.002 0.834 0.003 0.011 0.001 0.004 0.001 0.000 0.000 0.001 0.000 0.001 0.000 0.003 0.001 0.000 0.012 0.005 0.000 0.001 0.000 0.013 0.001 0.018 0.000 0.118 0.005 0.001 0.095 0.001 0.001 0.001 0.002 0.004 0.001 0.001 0.179 0.000 0.000 0.001 0.001 0.000 0.000 0.000 0.001 0.001 0.000 0.025 0.001 0.000 0.000 0.000 0.000 0.000 0.001 
22 gecko_vis 30 0.455 0.000 0.001 0.002 0.027 0.405 0.002 0.764 0.006 0.055 0.000 0.001 0.000 0.000 0.000 0.010 0.000 0.001 0.001 0.000 0.000 0.133 0.008 0.000 0.001 0.009 0.000 0.001 0.001 0.002 0.001 0.013 0.001 0.025 0.095 0.001 0.000 0.005 0.001 0.043 0.002 0.770 0.733 0.025 0.035 0.002 0.001 0.001 0.001 0.003 0.002 0.003 0.001 0.002 0.078 0.046 0.000 0.009 
23 crocodile_vis 30 0.994 0.001 0.125 0.001 0.957 0.003 0.002 0.001 0.003 0.001 0.000 0.000 0.008 0.000 0.000 0.000 0.048 0.002 0.001 0.001 0.004 0.001 0.004 0.000 0.001 0.010 0.001 0.000 0.002 0.005 0.002 0.266 0.159 0.089 0.002 0.001 0.001 0.001 0.000 0.001 0.008 0.001 0.008 0.000 0.000 0.000 0.000 0.011 0.000 0.000 0.006 0.001 0.009 0.000 0.001 0.002 0.000 0.002 
24 axe_vis 30 0.004 0.000 0.077 0.001 0.001 0.997 0.971 0.057 0.011 0.001 0.000 0.000 0.000 0.001 0.058 0.000 0.033 0.000 0.000 0.048 0.059 0.002 0.000 0.015 0.001 0.000 0.009 0.001 0.007 0.001 0.000 0.001 0.000 0.000 0.973 0.004 0.023 0.010 0.007 0.004 0.000 0.037 0.001 0.016 0.000 0.001 0.000 0.000 0.050 0.003 0.061 0.000 0.002 0.000 0.000 0.000 0.028 0.000 
25 hammer_vis 30 0.004 0.000 0.000 0.017 0.002 0.997 0.973 0.031 0.015 0.001 0.000 0.000 0.000 0.000 0.007 0.000 0.000 0.000 0.000 0.001 0.001 0.000 0.000 0.023 0.002 0.001 0.080 0.002 0.027 0.001 0.001 0.001 0.000 0.000 0.002 0.974 0.019 0.033 0.018 0.008 0.002 0.000 0.034 0.007 0.006 0.017 0.000 0.000 0.012 0.000 0.003 0.002 0.000 0.000 0.004 0.000 0.005 0.001 
26 screwdriver_vis 30 0.003 0.000 0.002 0.001 0.001 0.997 0.995 0.001 0.004 0.008 0.000 0.000 0.000 0.001 0.009 0.000 0.001 0.000 0.000 0.047 0.028 0.000 0.000 0.000 0.008 0.000 0.001 0.000 0.008 0.001 0.000 0.001 0.000 0.000 0.007 0.047 0.981 0.008 0.009 0.044 0.054 0.000 0.000 0.002 0.003 0.001 0.000 0.000 0.004 0.000 0.005 0.000 0.001 0.000 0.110 0.000 0.015 0.000 
27 chisel_vis 30 0.003 0.000 0.000 0.002 0.001 0.997 0.987 0.010 0.007 0.001 0.000 0.000 0.000 0.000 0.009 0.000 0.000 0.000 0.000 0.001 0.001 0.000 0.000 0.012 0.001 0.000 0.044 0.003 0.005 0.000 0.001 0.000 0.000 0.000 0.005 0.037 0.018 0.956 0.012 0.004 0.023 0.021 0.001 0.010 0.045 0.021 0.000 0.000 0.022 0.000 0.001 0.041 0.000 0.000 0.001 0.000 0.010 0.000 
28 saw_vis 30 0.003 0.000 0.000 0.001 0.001 0.997 0.991 0.005 0.001 0.001 0.000 0.000 0.000 0.000 0.011 0.000 0.001 0.000 0.000 0.003 0.005 0.000 0.000 0.007 0.001 0.000 0.004 0.000 0.003 0.001 0.000 0.001 0.000 0.000 0.003 0.233 0.008 0.002 0.031 0.671 0.001 0.000 0.008 0.003 0.004 0.000 0.000 0.000 0.003 0.000 0.013 0.000 0.000 0.000 0.002 0.000 0.003 0.001 
29 drill_vis 30 0.003 0.000 0.000 0.001 0.001 0.997 0.994 0.001 0.001 0.004 0.000 0.000 0.000 0.000 0.003 0.000 0.001 0.000 0.000 0.057 0.004 0.000 0.000 0.000 0.002 0.000 0.001 0.000 0.001 0.001 0.000 0.001 0.000 0.000 0.010 0.083 0.686 0.001 0.003 0.931 0.038 0.001 0.002 0.008 0.004 0.000 0.000 0.000 0.004 0.000 0.017 0.000 0.000 0.000 0.075 0.000 0.003 0.001 
30 clamp_vis 30 0.003 0.000 0.000 0.002 0.002 0.997 0.084 0.992 0.002 0.001 0.000 0.000 0.000 0.000 0.000 0.000 0.000 0.000 0.000 0.000 0.000 0.000 0.001 0.002 0.000 0.000 0.009 0.007 0.000 0.015 0.001 0.001 0.000 0.001 0.015 0.117 0.000 0.005 0.000 0.084 0.037 0.002 0.042 0.980 0.000 0.004 0.000 0.000 0.054 0.000 0.004 0.002 0.000 0.000 0.001 0.001 0.004 0.001 
31 hoe_vis 30 0.003 0.001 0.000 0.001 0.001 0.997 0.001 0.988 0.001 0.032 0.000 0.000 0.000 0.000 0.000 0.010 0.000 0.000 0.000 0.000 0.000 0.000 0.002 0.000 0.000 0.000 0.000 0.004 0.000 0.001 0.001 0.000 0.000 0.001 0.002 0.000 0.000 0.006 0.000 0.000 0.180 0.749 0.007 0.014 0.004 0.468 0.000 0.000 0.001 0.010 0.000 0.001 0.000 0.000 0.021 0.035 0.001 0.001 
32 rake_vis 30 0.003 0.000 0.000 0.001 0.002 0.997 0.008 0.995 0.003 0.002 0.000 0.000 0.000 0.000 0.000 0.001 0.010 0.000 0.000 0.000 0.000 0.000 0.001 0.001 0.000 0.005 0.000 0.001 0.000 0.072 0.001 0.005 0.000 0.001 0.014 0.012 0.000 0.002 0.001 0.043 0.011 0.002 0.915 0.352 0.001 0.011 0.000 0.000 0.001 0.000 0.003 0.004 0.000 0.000 0.005 0.001 0.000 0.006 
33 shovel_vis 30 0.003 0.000 0.000 0.002 0.001 0.997 0.054 0.993 0.002 0.001 0.000 0.000 0.000 0.000 0.000 0.000 0.000 0.000 0.000 0.000 0.000 0.000 0.001 0.002 0.000 0.000 0.011 0.031 0.000 0.011 0.001 0.001 0.000 0.000 0.031 0.085 0.000 0.028 0.000 0.065 0.033 0.003 0.042 0.988 0.000 0.013 0.000 0.000 0.095 0.001 0.002 0.003 0.000 0.000 0.001 0.001 0.011 0.001 
34 spade_vis 30 0.002 0.000 0.000 0.002 0.001 0.996 0.011 0.964 0.003 0.006 0.000 0.014 0.000 0.000 0.000 0.000 0.000 0.000 0.049 0.000 0.000 0.000 0.001 0.001 0.000 0.003 0.000 0.000 0.000 0.000 0.000 0.001 0.000 0.001 0.001 0.000 0.000 0.001 0.003 0.001 0.002 0.060 0.013 0.000 0.914 0.001 0.000 0.001 0.000 0.001 0.000 0.002 0.001 0.000 0.275 0.001 0.000 0.001 
35 wrench_vis 30 0.003 0.004 0.000 0.003 0.001 0.997 0.001 0.936 0.479 0.040 0.001 0.000 0.000 0.001 0.000 0.119 0.000 0.003 0.000 0.000 0.000 0.000 0.003 0.001 0.000 0.003 0.000 0.016 0.000 0.000 0.001 0.000 0.000 0.001 0.001 0.001 0.000 0.003 0.000 0.000 0.004 0.002 0.005 0.005 0.001 0.878 0.000 0.000 0.002 0.242 0.000 0.033 0.000 0.001 0.001 0.012 0.005 0.003 
36 accordion_vis 30 0.004 0.001 0.008 0.004 0.001 0.996 0.014 0.002 0.988 0.003 0.000 0.008 0.000 0.153 0.000 0.001 0.000 0.033 0.007 0.005 0.000 0.000 0.001 0.073 0.002 0.006 0.000 0.000 0.000 0.001 0.000 0.000 0.000 0.000 0.001 0.025 0.001 0.000 0.174 0.000 0.000 0.000 0.013 0.000 0.004 0.001 0.937 0.003 0.160 0.009 0.015 0.001 0.000 0.013 0.000 0.000 0.003 0.002 
37 cello_vis 30 0.004 0.001 0.000 0.002 0.002 0.996 0.001 0.001 0.994 0.009 0.000 0.000 0.001 0.000 0.000 0.000 0.003 0.001 0.000 0.000 0.001 0.000 0.002 0.000 0.001 0.008 0.001 0.001 0.000 0.001 0.001 0.001 0.009 0.001 0.001 0.002 0.001 0.003 0.001 0.000 0.012 0.000 0.003 0.000 0.003 0.003 0.002 0.582 0.003 0.005 0.036 0.610 0.000 0.001 0.000 0.002 0.002 0.096 
38 flute_vis 30 0.003 0.001 0.000 0.004 0.001 0.997 0.175 0.003 0.893 0.001 0.000 0.000 0.000 0.002 0.012 0.000 0.001 0.000 0.000 0.001 0.001 0.000 0.000 0.007 0.002 0.000 0.014 0.002 0.001 0.000 0.000 0.000 0.000 0.000 0.017 0.166 0.001 0.019 0.001 0.001 0.000 0.000 0.004 0.013 0.000 0.001 0.001 0.000 0.962 0.001 0.250 0.001 0.000 0.000 0.000 0.000 0.158 0.001 
39 guitar_vis 30 0.003 0.006 0.002 0.003 0.001 0.997 0.000 0.014 0.985 0.014 0.000 0.033 0.000 0.002 0.000 0.025 0.000 0.024 0.004 0.000 0.000 0.000 0.003 0.002 0.001 0.005 0.000 0.002 0.000 0.001 0.001 0.000 0.000 0.000 0.002 0.000 0.000 0.001 0.001 0.000 0.000 0.005 0.001 0.001 0.001 0.045 0.006 0.002 0.007 0.983 0.001 0.008 0.002 0.037 0.000 0.010 0.005 0.001 
40 piano_vis 30 0.004 0.001 0.009 0.001 0.002 0.996 0.010 0.001 0.993 0.002 0.000 0.000 0.001 0.003 0.004 0.000 0.017 0.001 0.000 0.001 0.073 0.000 0.000 0.004 0.001 0.002 0.003 0.000 0.002 0.001 0.001 0.001 0.001 0.000 0.004 0.019 0.004 0.000 0.003 0.000 0.000 0.000 0.002 0.000 0.000 0.001 0.017 0.007 0.016 0.002 0.982 0.001 0.001 0.001 0.000 0.000 0.024 0.008 
41 trumpet_vis 30 0.003 0.001 0.000 0.002 0.001 0.996 0.001 0.007 0.993 0.005 0.000 0.000 0.000 0.000 0.000 0.001 0.001 0.001 0.000 0.000 0.000 0.000 0.002 0.000 0.000 0.049 0.007 0.002 0.000 0.000 0.002 0.001 0.005 0.001 0.000 0.006 0.000 0.037 0.000 0.000 0.052 0.001 0.008 0.001 0.008 0.012 0.000 0.027 0.004 0.012 0.006 0.970 0.000 0.000 0.000 0.006 0.002 0.044 
42 fork_vis 30 0.003 0.004 0.000 0.001 0.002 0.997 0.003 0.001 0.001 0.994 0.000 0.000 0.028 0.000 0.000 0.000 0.002 0.001 0.000 0.000 0.001 0.001 0.001 0.000 0.000 0.000 0.000 0.000 0.000 0.001 0.002 0.000 0.000 0.008 0.002 0.000 0.001 0.006 0.001 0.010 0.011 0.002 0.002 0.000 0.003 0.001 0.000 0.012 0.000 0.001 0.002 0.001 0.100 0.014 0.065 0.029 0.021 0.806 
43 spoon_vis 30 0.003 0.003 0.000 0.001 0.001 0.997 0.002 0.001 0.001 0.993 0.000 0.000 0.000 0.015 0.000 0.002 0.000 0.001 0.000 0.000 0.000 0.001 0.001 0.000 0.000 0.000 0.000 0.000 0.000 0.002 0.001 0.000 0.000 0.001 0.002 0.000 0.004 0.000 0.001 0.031 0.000 0.000 0.001 0.001 0.000 0.001 0.003 0.001 0.006 0.001 0.001 0.000 0.001 0.151 0.030 0.088 0.293 0.013 
44 tongs_vis 30 0.005 0.001 0.000 0.001 0.013 0.997 0.003 0.169 0.001 0.613 0.000 0.000 0.001 0.000 0.000 0.000 0.000 0.000 0.001 0.000 0.000 0.003 0.001 0.000 0.000 0.001 0.000 0.001 0.000 0.013 0.002 0.000 0.000 0.025 0.004 0.001 0.000 0.002 0.000 0.011 0.010 0.007 0.524 0.005 0.010 0.002 0.000 0.000 0.000 0.000 0.000 0.001 0.003 0.000 0.331 0.003 0.001 0.063 
45 ladle_vis 30 0.003 0.005 0.000 0.001 0.001 0.997 0.001 0.003 0.002 0.952 0.002 0.000 0.000 0.000 0.000 0.000 0.004 0.000 0.000 0.000 0.000 0.000 0.001 0.000 0.000 0.000 0.000 0.001 0.000 0.005 0.001 0.000 0.000 0.001 0.025 0.000 0.000 0.016 0.000 0.001 0.787 0.004 0.001 0.044 0.000 0.002 0.000 0.001 0.001 0.004 0.001 0.001 0.002 0.001 0.003 0.879 0.174 0.047 
46 knife_vis 30 0.002 0.007 0.000 0.001 0.001 0.997 0.001 0.001 0.002 0.962 0.001 0.000 0.000 0.001 0.001 0.000 0.003 0.000 0.000 0.000 0.000 0.000 0.001 0.000 0.000 0.000 0.000 0.002 0.000 0.003 0.001 0.000 0.000 0.001 0.011 0.000 0.002 0.009 0.000 0.002 0.358 0.001 0.001 0.058 0.000 0.001 0.000 0.000 0.008 0.002 0.002 0.000 0.001 0.001 0.001 0.633 0.567 0.015 
47 chopsticks_vis 30 0.005 0.001 0.000 0.001 0.015 0.997 0.003 0.004 0.001 0.993 0.000 0.000 0.010 0.000 0.000 0.000 0.001 0.000 0.000 0.000 0.000 0.001 0.002 0.000 0.000 0.000 0.000 0.001 0.000 0.009 0.005 0.000 0.000 0.032 0.007 0.001 0.001 0.010 0.000 0.096 0.082 0.002 0.024 0.002 0.002 0.002 0.000 0.011 0.000 0.001 0.004 0.003 0.051 0.017 0.162 0.117 0.031 0.937 
