0 beaver_vis 30 0.993 0.000 0.069 0.114 0.942 0.001 0.000 0.000 0.084 0.000 0.001 0.001 0.000 0.000 0.000 0.006 0.005 0.001 0.109 0.014 0.000 0.000 0.000 0.001 0.014 0.034 0.002 0.000 0.017 0.001 0.000 0.934 0.162 0.038 0.000 0.009 0.000 0.000 0.000 0.000 0.000 0.000 0.002 0.000 0.000 0.000 0.001 0.001 0.001 0.030 0.017 0.009 0.000 0.000 0.000 0.000 0.000 0.000 
1 bear_vis 30 0.995 0.001 0.952 0.029 0.028 0.001 0.000 0.000 0.001 0.000 0.000 0.013 0.001 0.000 0.000 0.009 0.007 0.016 0.511 0.012 0.046 0.000 0.000 0.001 0.004 0.104 0.002 0.000 0.106 0.000 0.000 0.020 0.026 0.001 0.000 0.001 0.000 0.000 0.001 0.000 0.000 0.000 0.000 0.000 0.000 0.000 0.000 0.001 0.000 0.005 0.001 0.000 0.000 0.000 0.000 0.000 0.000 0.001 
2 sheep_vis 30 0.994 0.002 0.245 0.487 0.015 0.001 0.000 0.000 0.003 0.001 0.001 0.057 0.000 0.000 0.000 0.011 0.003 0.001 0.840 0.006 0.000 0.000 0.000 0.010 0.006 0.639 0.010 0.000 0.012 0.001 0.000 0.019 0.001 0.001 0.000 0.006 0.000 0.000 0.000 0.000 0.000 0.000 0.001 0.000 0.000 0.000 0.001 0.001 0.000 0.013 0.003 0.002 0.000 0.000 0.000 0.000 0.000 0.001 
3 buffalo_vis 30 0.995 0.001 0.987 0.002 0.025 0.001 0.000 0.000 0.001 0.000 0.000 0.010 0.002 0.000 0.000 0.003 0.008 0.029 0.235 0.021 0.157 0.001 0.000 0.000 0.011 0.026 0.000 0.000 0.040 0.001 0.000 0.013 0.114 0.001 0.000 0.001 0.000 0.000 0.000 0.000 0.000 0.000 0.000 0.000 0.000 0.000 0.000 0.002 0.000 0.016 0.001 0.000 0.000 0.001 0.000 0.000 0.000 0.001 
4 poodle_vis 30 0.995 0.001 0.597 0.003 0.103 0.001 0.000 0.001 0.001 0.000 0.001 0.012 0.000 0.000 0.000 0.004 0.009 0.015 0.026 0.004 0.016 0.000 0.000 0.000 0.000 0.013 0.001 0.000 0.345 0.001 0.003 0.004 0.001 0.004 0.000 0.001 0.000 0.000 0.000 0.000 0.000 0.000 0.001 0.000 0.012 0.000 0.001 0.001 0.001 0.000 0.001 0.001 0.000 0.000 0.000 0.000 0.000 0.000 
5 giraffe_vis 30 0.995 0.001 0.986 0.002 0.027 0.001 0.000 0.000 0.001 0.000 0.001 0.021 0.003 0.000 0.000 0.004 0.014 0.266 0.208 0.056 0.448 0.000 0.000 0.000 0.003 0.095 0.000 0.000 0.150 0.001 0.001 0.012 0.018 0.001 0.000 0.001 0.000 0.000 0.000 0.000 0.000 0.000 0.000 0.000 0.000 0.000 0.000 0.003 0.000 0.004 0.001 0.000 0.000 0.000 0.000 0.000 0.000 0.005 
6 robin_vis 30 0.984 0.000 0.053 0.016 0.973 0.022 0.000 0.001 0.663 0.000 0.000 0.001 0.000 0.000 0.000 0.002 0.005 0.000 0.022 0.028 0.000 0.000 0.000 0.000 0.005 0.008 0.001 0.000 0.002 0.001 0.000 0.975 0.119 0.115 0.000 0.004 0.000 0.000 0.000 0.000 0.001 0.000 0.001 0.000 0.000 0.000 0.001 0.002 0.005 0.075 0.030 0.025 0.000 0.000 0.000 0.000 0.000 0.000 
7 swan_vis 30 0.994 0.000 0.271 0.046 0.984 0.001 0.000 0.000 0.001 0.000 0.000 0.001 0.000 0.001 0.001 0.001 0.041 0.016 0.010 0.010 0.007 0.000 0.000 0.000 0.063 0.058 0.003 0.001 0.508 0.004 0.004 0.565 0.690 0.007 0.000 0.015 0.001 0.000 0.001 0.000 0.000 0.000 0.000 0.000 0.000 0.000 0.001 0.001 0.001 0.003 0.001 0.001 0.000 0.001 0.000 0.000 0.000 0.000 
8 woodpecker_vis 30 0.994 0.000 0.515 0.135 0.566 0.001 0.000 0.000 0.011 0.000 0.000 0.004 0.000 0.000 0.000 0.003 0.007 0.001 0.266 0.012 0.000 0.000 0.000 0.001 0.007 0.142 0.002 0.000 0.131 0.000 0.000 0.387 0.030 0.004 0.000 0.012 0.000 0.000 0.000 0.000 0.000 0.000 0.000 0.000 0.000 0.000 0.000 0.001 0.001 0.015 0.002 0.003 0.000 0.000 0.000 0.000 0.000 0.000 
9 peacock_vis 30 0.994 0.013 0.029 0.002 0.298 0.012 0.000 0.001 0.002 0.001 0.000 0.000 0.000 0.019 0.001 0.001 0.003 0.001 0.000 0.005 0.017 0.001 0.005 0.000 0.002 0.001 0.000 0.000 0.000 0.024 0.029 0.005 0.040 0.004 0.000 0.001 0.001 0.027 0.000 0.000 0.001 0.001 0.000 0.000 0.001 0.003 0.003 0.001 0.002 0.001 0.001 0.001 0.000 0.001 0.000 0.000 0.001 0.000 
10 crow_vis 30 0.994 0.000 0.985 0.001 0.034 0.001 0.000 0.000 0.002 0.000 0.001 0.003 0.000 0.000 0.000 0.001 0.018 0.028 0.704 0.013 0.016 0.000 0.000 0.000 0.002 0.026 0.000 0.000 0.152 0.001 0.000 0.027 0.007 0.001 0.000 0.001 0.000 0.000 0.000 0.000 0.000 0.000 0.001 0.000 0.000 0.000 0.001 0.001 0.001 0.002 0.002 0.001 0.000 0.000 0.000 0.000 0.000 0.000 
11 eagle_vis 30 0.972 0.000 0.253 0.015 0.988 0.052 0.000 0.001 0.986 0.000 0.000 0.002 0.000 0.002 0.000 0.001 0.035 0.001 0.000 0.197 0.014 0.001 0.000 0.002 0.071 0.002 0.001 0.000 0.001 0.172 0.000 0.960 0.696 0.586 0.000 0.003 0.002 0.000 0.000 0.000 0.001 0.009 0.003 0.000 0.000 0.004 0.141 0.004 0.523 0.388 0.144 0.012 0.001 0.002 0.000 0.000 0.000 0.000 
12 tuna_vis 30 0.995 0.000 0.257 0.073 0.984 0.001 0.000 0.000 0.001 0.000 0.000 0.001 0.000 0.000 0.000 0.001 0.002 0.002 0.006 0.002 0.011 0.000 0.001 0.001 0.130 0.023 0.005 0.001 0.434 0.001 0.003 0.599 0.890 0.020 0.000 0.011 0.001 0.000 0.001 0.000 0.000 0.000 0.000 0.000 0.000 0.000 0.000 0.000 0.001 0.011 0.001 0.000 0.000 0.000 0.000 0.000 0.000 0.000 
13 goldfish_vis 30 0.995 0.000 0.092 0.076 0.978 0.001 0.000 0.000 0.001 0.000 0.000 0.001 0.000 0.000 0.000 0.002 0.007 0.005 0.025 0.001 0.002 0.000 0.000 0.001 0.031 0.071 0.005 0.000 0.471 0.001 0.002 0.446 0.575 0.005 0.000 0.023 0.000 0.000 0.001 0.000 0.000 0.000 0.000 0.000 0.000 0.000 0.000 0.001 0.000 0.002 0.000 0.000 0.000 0.000 0.000 0.000 0.000 0.000 
14 salmon_vis 30 0.995 0.000 0.186 0.059 0.983 0.001 0.000 0.000 0.001 0.000 0.000 0.001 0.000 0.000 0.000 0.001 0.010 0.004 0.054 0.002 0.002 0.000 0.000 0.000 0.039 0.067 0.005 0.000 0.721 0.001 0.001 0.789 0.489 0.007 0.000 0.030 0.000 0.000 0.000 0.000 0.000 0.000 0.000 0.000 0.000 0.000 0.000 0.001 0.001 0.003 0.001 0.000 0.000 0.000 0.000 0.000 0.000 0.000 
15 sardine_vis 30 0.995 0.000 0.521 0.027 0.925 0.001 0.000 0.000 0.002 0.000 0.000 0.001 0.000 0.000 0.000 0.001 0.056 0.017 0.050 0.006 0.004 0.000 0.000 0.000 0.006 0.219 0.003 0.000 0.500 0.001 0.001 0.690 0.056 0.004 0.000 0.011 0.000 0.000 0.002 0.000 0.000 0.000 0.000 0.000 0.000 0.000 0.000 0.001 0.000 0.003 0.001 0.001 0.000 0.000 0.000 0.000 0.000 0.000 
16 catfish_vis 30 0.995 0.000 0.347 0.041 0.965 0.001 0.000 0.000 0.001 0.000 0.000 0.002 0.000 0.000 0.000 0.001 0.050 0.017 0.034 0.004 0.004 0.000 0.000 0.001 0.008 0.210 0.005 0.000 0.590 0.001 0.002 0.680 0.085 0.005 0.000 0.015 0.000 0.000 0.002 0.000 0.000 0.000 0.000 0.000 0.000 0.000 0.000 0.002 0.000 0.002 0.000 0.001 0.000 0.000 0.000 0.000 0.000 0.000 
17 cod_vis 30 0.995 0.000 0.141 0.058 0.983 0.001 0.000 0.000 0.001 0.000 0.000 0.001 0.000 0.000 0.000 0.001 0.005 0.002 0.034 0.002 0.002 0.000 0.000 0.000 0.051 0.028 0.006 0.000 0.674 0.001 0.001 0.684 0.641 0.015 0.000 0.024 0.000 0.000 0.000 0.000 0.000 0.000 0.000 0.000 0.000 0.000 0.000 0.000 0.001 0.004 0.001 0.000 0.000 0.000 0.000 0.000 0.000 0.000 
18 turtle_vis 30 0.995 0.000 0.510 0.030 0.953 0.001 0.000 0.000 0.001 0.000 0.000 0.001 0.000 0.000 0.000 0.001 0.113 0.036 0.060 0.004 0.005 0.000 0.000 0.000 0.006 0.305 0.004 0.000 0.713 0.001 0.002 0.637 0.063 0.003 0.000 0.017 0.000 0.000 0.004 0.000 0.000 0.000 0.000 0.000 0.000 0.000 0.000 0.002 0.000 0.001 0.001 0.001 0.000 0.000 0.000 0.000 0.000 0.000 
19 rattlesnake_vis 30 0.995 0.003 0.211 0.003 0.192 0.001 0.000 0.002 0.001 0.000 0.001 0.039 0.000 0.000 0.000 0.001 0.008 0.002 0.001 0.006 0.003 0.000 0.000 0.000 0.001 0.003 0.001 0.000 0.006 0.002 0.001 0.019 0.001 0.046 0.000 0.001 0.000 0.000 0.000 0.000 0.000 0.000 0.001 0.000 0.001 0.000 0.001 0.001 0.001 0.001 0.002 0.001 0.000 0.000 0.000 0.000 0.000 0.000 
20 crab_vis 30 0.995 0.000 0.101 0.075 0.980 0.001 0.000 0.000 0.001 0.000 0.000 0.001 0.000 0.000 0.000 0.001 0.004 0.004 0.026 0.002 0.002 0.000 0.000 0.001 0.060 0.040 0.004 0.001 0.476 0.001 0.001 0.618 0.680 0.005 0.000 0.030 0.000 0.000 0.001 0.000 0.000 0.000 0.000 0.000 0.000 0.000 0.000 0.001 0.001 0.002 0.001 0.000 0.000 0.000 0.000 0.000 0.000 0.000 
21 frog_vis 30 0.995 0.000 0.258 0.047 0.983 0.001 0.000 0.000 0.001 0.000 0.000 0.001 0.000 0.000 0.000 0.001 0.086 0.024 0.051 0.003 0.004 0.000 0.000 0.000 0.013 0.286 0.005 0.000 0.916 0.001 0.002 0.717 0.190 0.003 0.000 0.032 0.000 0.000 0.003 0.000 0.000 0.000 0.000 0.000 0.000 0.000 0.000 0.001 0.000 0.001 0.001 0.001 0.000 0.000 0.000 0.000 0.000 0.000 
22 gecko_vis 30 0.995 0.000 0.002 0.033 0.992 0.001 0.006 0.001 0.001 0.000 0.000 0.000 0.000 0.015 0.001 0.001 0.003 0.002 0.000 0.003 0.010 0.000 0.006 0.040 0.002 0.001 0.001 0.021 0.008 0.081 0.824 0.011 0.131 0.011 0.002 0.001 0.001 0.067 0.002 0.001 0.025 0.000 0.000 0.007 0.017 0.001 0.001 0.001 0.001 0.000 0.002 0.002 0.000 0.000 0.001 0.000 0.000 0.000 
23 crocodile_vis 30 0.995 0.000 0.151 0.060 0.984 0.001 0.000 0.000 0.001 0.000 0.000 0.001 0.000 0.000 0.000 0.001 0.007 0.003 0.042 0.003 0.002 0.000 0.000 0.000 0.047 0.035 0.005 0.001 0.663 0.001 0.001 0.752 0.579 0.013 0.000 0.026 0.001 0.000 0.000 0.000 0.000 0.000 0.000 0.000 0.000 0.000 0.001 0.001 0.001 0.003 0.001 0.000 0.000 0.000 0.000 0.000 0.000 0.000 
24 axe_vis 30 0.003 0.000 0.000 0.036 0.004 0.993 0.937 0.024 0.004 0.002 0.000 0.000 0.015 0.000 0.000 0.001 0.001 0.000 0.000 0.001 0.000 0.001 0.023 0.000 0.169 0.000 0.000 0.001 0.000 0.007 0.000 0.000 0.005 0.001 0.001 0.065 0.903 0.052 0.000 0.000 0.003 0.004 0.012 0.004 0.000 0.001 0.001 0.001 0.003 0.000 0.011 0.003 0.007 0.001 0.001 0.386 0.000 0.000 
25 hammer_vis 30 0.004 0.000 0.000 0.081 0.030 0.993 0.956 0.004 0.988 0.000 0.000 0.000 0.000 0.011 0.001 0.006 0.006 0.000 0.000 0.004 0.049 0.000 0.000 0.033 0.001 0.018 0.000 0.000 0.000 0.006 0.001 0.003 0.004 0.000 0.000 0.926 0.056 0.019 0.499 0.839 0.504 0.000 0.005 0.000 0.000 0.002 0.000 0.747 0.751 0.000 0.083 0.484 0.002 0.001 0.000 0.000 0.003 0.002 
26 screwdriver_vis 30 0.015 0.000 0.001 0.009 0.003 0.986 0.977 0.001 0.034 0.000 0.000 0.000 0.004 0.002 0.001 0.001 0.004 0.000 0.000 0.001 0.052 0.000 0.000 0.005 0.001 0.005 0.001 0.000 0.001 0.001 0.001 0.001 0.003 0.000 0.000 0.156 0.093 0.109 0.421 0.701 0.014 0.000 0.001 0.001 0.000 0.001 0.001 0.010 0.021 0.000 0.005 0.010 0.001 0.001 0.000 0.000 0.006 0.008 
27 chisel_vis 30 0.014 0.000 0.001 0.007 0.003 0.993 0.976 0.001 0.223 0.001 0.000 0.000 0.003 0.011 0.001 0.001 0.001 0.000 0.000 0.001 0.110 0.000 0.001 0.011 0.001 0.008 0.000 0.000 0.000 0.002 0.001 0.001 0.004 0.000 0.000 0.187 0.061 0.123 0.453 0.569 0.036 0.000 0.001 0.000 0.000 0.001 0.000 0.044 0.109 0.000 0.003 0.006 0.001 0.001 0.000 0.000 0.006 0.002 
28 saw_vis 30 0.012 0.000 0.001 0.016 0.004 0.990 0.977 0.004 0.010 0.003 0.000 0.000 0.000 0.000 0.001 0.002 0.002 0.000 0.000 0.001 0.010 0.000 0.000 0.001 0.000 0.005 0.000 0.000 0.000 0.001 0.000 0.001 0.001 0.000 0.000 0.479 0.013 0.008 0.036 0.553 0.050 0.000 0.001 0.001 0.000 0.000 0.000 0.010 0.004 0.000 0.002 0.040 0.002 0.000 0.000 0.000 0.008 0.015 
29 drill_vis 30 0.011 0.000 0.001 0.008 0.003 0.989 0.990 0.002 0.049 0.001 0.000 0.000 0.001 0.006 0.008 0.001 0.003 0.000 0.000 0.001 0.043 0.000 0.001 0.011 0.001 0.004 0.000 0.000 0.000 0.003 0.002 0.000 0.006 0.000 0.001 0.385 0.131 0.302 0.608 0.889 0.031 0.000 0.001 0.002 0.000 0.001 0.000 0.015 0.050 0.000 0.001 0.032 0.003 0.003 0.000 0.000 0.012 0.004 
30 clamp_vis 30 0.011 0.186 0.000 0.002 0.003 0.995 0.001 0.994 0.001 0.001 0.003 0.000 0.000 0.000 0.082 0.106 0.004 0.000 0.000 0.000 0.000 0.000 0.000 0.000 0.000 0.000 0.000 0.001 0.000 0.074 0.000 0.000 0.000 0.000 0.000 0.001 0.145 0.000 0.000 0.001 0.567 0.005 0.960 0.111 0.001 0.002 0.004 0.008 0.001 0.000 0.010 0.014 0.098 0.000 0.000 0.000 0.000 0.000 
31 hoe_vis 30 0.007 0.015 0.000 0.002 0.002 0.994 0.000 0.991 0.001 0.001 0.000 0.000 0.002 0.000 0.000 0.000 0.000 0.000 0.000 0.000 0.000 0.000 0.000 0.000 0.000 0.000 0.000 0.000 0.000 0.008 0.000 0.000 0.000 0.002 0.000 0.000 0.039 0.000 0.000 0.000 0.001 0.914 0.042 0.004 0.001 0.022 0.098 0.000 0.001 0.000 0.004 0.002 0.001 0.000 0.001 0.045 0.000 0.000 
32 rake_vis 30 0.009 0.044 0.000 0.001 0.002 0.995 0.000 0.994 0.001 0.001 0.002 0.000 0.000 0.000 0.008 0.025 0.001 0.000 0.000 0.000 0.000 0.000 0.000 0.000 0.000 0.000 0.000 0.002 0.000 0.048 0.000 0.000 0.000 0.001 0.001 0.000 0.069 0.000 0.000 0.000 0.115 0.016 0.978 0.074 0.003 0.008 0.005 0.001 0.000 0.000 0.009 0.015 0.015 0.000 0.001 0.000 0.000 0.000 
33 shovel_vis 30 0.006 0.011 0.000 0.003 0.004 0.995 0.001 0.994 0.001 0.001 0.001 0.000 0.000 0.000 0.003 0.011 0.001 0.000 0.000 0.000 0.000 0.000 0.000 0.000 0.000 0.000 0.000 0.004 0.000 0.042 0.000 0.000 0.000 0.001 0.001 0.001 0.083 0.000 0.000 0.000 0.145 0.021 0.978 0.141 0.002 0.005 0.002 0.001 0.000 0.000 0.015 0.011 0.006 0.000 0.001 0.000 0.000 0.000 
34 spade_vis 30 0.010 0.062 0.000 0.002 0.003 0.994 0.000 0.993 0.001 0.000 0.003 0.000 0.000 0.000 0.004 0.010 0.001 0.000 0.000 0.000 0.000 0.000 0.000 0.000 0.000 0.000 0.000 0.002 0.000 0.027 0.000 0.000 0.000 0.001 0.001 0.000 0.074 0.000 0.000 0.000 0.038 0.021 0.955 0.043 0.003 0.010 0.007 0.001 0.000 0.000 0.010 0.013 0.006 0.000 0.001 0.000 0.000 0.000 
35 wrench_vis 30 0.015 0.010 0.000 0.001 0.001 0.995 0.000 0.975 0.001 0.001 0.000 0.001 0.001 0.000 0.000 0.000 0.000 0.000 0.000 0.000 0.000 0.000 0.000 0.000 0.000 0.000 0.000 0.000 0.000 0.003 0.000 0.000 0.000 0.001 0.001 0.000 0.001 0.000 0.000 0.000 0.002 0.103 0.043 0.001 0.002 0.229 0.016 0.000 0.000 0.000 0.001 0.003 0.001 0.000 0.002 0.002 0.000 0.000 
36 accordion_vis 30 0.032 0.006 0.023 0.001 0.001 0.993 0.000 0.007 0.989 0.001 0.003 0.013 0.004 0.001 0.000 0.000 0.001 0.000 0.010 0.002 0.002 0.001 0.000 0.000 0.002 0.000 0.000 0.000 0.000 0.002 0.000 0.003 0.000 0.002 0.000 0.001 0.009 0.000 0.000 0.000 0.001 0.012 0.001 0.000 0.000 0.011 0.635 0.025 0.019 0.014 0.034 0.001 0.000 0.007 0.000 0.008 0.000 0.000 
37 cello_vis 30 0.002 0.000 0.001 0.001 0.002 0.994 0.000 0.004 0.979 0.077 0.000 0.000 0.000 0.000 0.000 0.003 0.003 0.000 0.001 0.002 0.000 0.000 0.000 0.000 0.000 0.001 0.000 0.000 0.000 0.001 0.000 0.006 0.000 0.000 0.000 0.003 0.000 0.000 0.000 0.000 0.002 0.001 0.004 0.000 0.000 0.330 0.002 0.017 0.012 0.067 0.020 0.337 0.000 0.000 0.079 0.001 0.001 0.000 
38 flute_vis 30 0.003 0.000 0.001 0.025 0.008 0.994 0.345 0.005 0.995 0.001 0.000 0.024 0.001 0.006 0.000 0.001 0.002 0.000 0.001 0.011 0.022 0.000 0.000 0.066 0.006 0.005 0.000 0.000 0.000 0.003 0.000 0.025 0.010 0.010 0.000 0.033 0.023 0.058 0.012 0.007 0.035 0.001 0.001 0.000 0.000 0.150 0.004 0.071 0.981 0.030 0.029 0.034 0.001 0.002 0.003 0.001 0.007 0.000 
39 guitar_vis 30 0.005 0.000 0.003 0.002 0.001 0.994 0.000 0.003 0.995 0.004 0.000 0.015 0.000 0.000 0.000 0.001 0.001 0.000 0.029 0.002 0.000 0.000 0.000 0.001 0.001 0.004 0.000 0.000 0.000 0.001 0.000 0.064 0.001 0.003 0.000 0.001 0.000 0.000 0.000 0.000 0.001 0.001 0.001 0.000 0.000 0.061 0.016 0.032 0.051 0.964 0.025 0.007 0.000 0.001 0.001 0.000 0.002 0.000 
40 piano_vis 30 0.003 0.000 0.001 0.013 0.016 0.994 0.000 0.026 0.977 0.001 0.001 0.000 0.000 0.000 0.000 0.001 0.031 0.000 0.039 0.004 0.000 0.000 0.000 0.000 0.005 0.001 0.001 0.000 0.000 0.006 0.000 0.114 0.000 0.008 0.000 0.328 0.029 0.000 0.000 0.000 0.014 0.016 0.016 0.000 0.000 0.000 0.058 0.005 0.150 0.001 0.983 0.031 0.001 0.001 0.000 0.000 0.000 0.000 
41 trumpet_vis 30 0.002 0.000 0.000 0.004 0.004 0.995 0.002 0.007 0.973 0.070 0.000 0.000 0.000 0.000 0.000 0.001 0.001 0.000 0.000 0.001 0.000 0.000 0.000 0.002 0.000 0.004 0.000 0.000 0.000 0.002 0.000 0.004 0.000 0.000 0.001 0.002 0.000 0.000 0.003 0.000 0.003 0.000 0.019 0.000 0.000 0.205 0.001 0.009 0.003 0.018 0.015 0.957 0.001 0.000 0.078 0.000 0.002 0.001 
42 fork_vis 30 0.007 0.001 0.001 0.010 0.034 0.987 0.008 0.007 0.990 0.000 0.000 0.001 0.001 0.002 0.001 0.000 0.001 0.001 0.000 0.003 0.002 0.001 0.001 0.001 0.066 0.001 0.002 0.000 0.000 0.026 0.000 0.037 0.003 0.028 0.001 0.001 0.711 0.003 0.000 0.001 0.002 0.017 0.003 0.000 0.000 0.005 0.302 0.008 0.900 0.003 0.484 0.004 0.001 0.011 0.000 0.008 0.000 0.000 
43 spoon_vis 30 0.008 0.001 0.003 0.001 0.001 0.992 0.000 0.003 0.091 0.883 0.001 0.000 0.017 0.000 0.000 0.000 0.001 0.000 0.005 0.001 0.000 0.007 0.001 0.000 0.046 0.000 0.000 0.000 0.000 0.004 0.000 0.001 0.001 0.001 0.010 0.000 0.004 0.000 0.000 0.000 0.000 0.075 0.001 0.000 0.002 0.003 0.163 0.000 0.005 0.009 0.008 0.002 0.031 0.004 0.007 0.879 0.001 0.001 
44 tongs_vis 30 0.014 0.062 0.000 0.001 0.002 0.994 0.001 0.991 0.001 0.002 0.003 0.001 0.007 0.000 0.002 0.002 0.000 0.000 0.000 0.000 0.000 0.000 0.001 0.001 0.000 0.000 0.000 0.003 0.000 0.010 0.001 0.000 0.000 0.001 0.012 0.000 0.051 0.003 0.000 0.000 0.006 0.065 0.834 0.099 0.018 0.030 0.006 0.000 0.001 0.000 0.001 0.002 0.003 0.000 0.004 0.003 0.000 0.001 
45 ladle_vis 30 0.464 0.006 0.061 0.010 0.001 0.749 0.000 0.002 0.012 0.834 0.004 0.000 0.125 0.000 0.000 0.000 0.000 0.003 0.129 0.000 0.000 0.018 0.002 0.000 0.408 0.004 0.000 0.000 0.000 0.002 0.000 0.001 0.001 0.001 0.005 0.000 0.003 0.000 0.000 0.000 0.000 0.024 0.001 0.000 0.001 0.002 0.079 0.000 0.001 0.001 0.002 0.001 0.016 0.006 0.003 0.793 0.001 0.001 
46 knife_vis 30 0.012 0.002 0.010 0.001 0.001 0.992 0.001 0.001 0.042 0.966 0.000 0.000 0.019 0.000 0.000 0.000 0.001 0.000 0.036 0.001 0.000 0.003 0.000 0.000 0.006 0.001 0.000 0.000 0.000 0.002 0.000 0.001 0.001 0.000 0.005 0.000 0.002 0.000 0.000 0.000 0.000 0.005 0.000 0.000 0.003 0.013 0.040 0.001 0.003 0.024 0.001 0.003 0.004 0.002 0.037 0.783 0.015 0.007 
47 chopsticks_vis 30 0.009 0.001 0.004 0.001 0.002 0.991 0.002 0.005 0.943 0.003 0.000 0.001 0.005 0.000 0.001 0.000 0.001 0.001 0.001 0.001 0.003 0.001 0.000 0.000 0.002 0.003 0.000 0.000 0.000 0.004 0.000 0.004 0.001 0.000 0.013 0.001 0.002 0.000 0.001 0.001 0.001 0.001 0.015 0.000 0.000 0.040 0.108 0.050 0.002 0.015 0.021 0.170 0.001 0.000 0.002 0.005 0.001 0.039 
