0 beaver_vis 30 0.996 0.003 0.010 0.016 0.908 0.001 0.001 0.001 0.007 0.000 0.000 0.000 0.001 0.000 0.008 0.004 0.001 0.041 0.000 0.001 0.001 0.001 0.000 0.009 0.007 0.008 0.001 0.001 0.046 0.002 0.344 0.002 0.001 0.913 0.003 0.000 0.002 0.001 0.001 0.001 0.004 0.001 0.000 0.015 0.001 0.000 0.010 0.000 0.008 0.000 0.036 0.053 0.001 0.000 0.001 0.000 0.000 0.000 
1 bear_vis 30 0.996 0.001 0.205 0.018 0.731 0.001 0.001 0.001 0.468 0.000 0.000 0.000 0.001 0.001 0.001 0.693 0.001 0.014 0.002 0.630 0.007 0.001 0.000 0.005 0.005 0.658 0.002 0.000 0.016 0.012 0.002 0.006 0.069 0.277 0.001 0.000 0.084 0.001 0.002 0.001 0.001 0.006 0.001 0.038 0.001 0.000 0.543 0.062 0.002 0.000 0.020 0.015 0.000 0.000 0.000 0.001 0.000 0.000 
2 sheep_vis 30 0.996 0.023 0.003 0.026 0.898 0.001 0.001 0.001 0.005 0.000 0.000 0.000 0.002 0.000 0.014 0.005 0.000 0.025 0.000 0.001 0.002 0.000 0.000 0.027 0.013 0.014 0.002 0.001 0.036 0.002 0.825 0.003 0.001 0.973 0.004 0.000 0.001 0.001 0.001 0.001 0.013 0.001 0.000 0.007 0.001 0.000 0.006 0.000 0.138 0.000 0.010 0.031 0.000 0.000 0.001 0.000 0.000 0.000 
3 buffalo_vis 30 0.996 0.001 0.063 0.097 0.718 0.001 0.001 0.001 0.013 0.000 0.000 0.000 0.001 0.001 0.001 0.092 0.000 0.004 0.006 0.397 0.005 0.001 0.001 0.018 0.005 0.529 0.004 0.001 0.045 0.011 0.004 0.011 0.039 0.091 0.001 0.000 0.027 0.001 0.001 0.001 0.001 0.005 0.001 0.039 0.001 0.000 0.049 0.007 0.001 0.000 0.003 0.002 0.000 0.000 0.001 0.000 0.000 0.000 
4 poodle_vis 30 0.996 0.001 0.443 0.037 0.570 0.001 0.001 0.001 0.101 0.000 0.000 0.000 0.001 0.004 0.001 0.790 0.001 0.114 0.002 0.570 0.011 0.001 0.000 0.004 0.025 0.763 0.007 0.000 0.027 0.013 0.004 0.007 0.033 0.110 0.001 0.000 0.168 0.001 0.003 0.001 0.001 0.004 0.000 0.112 0.001 0.000 0.280 0.184 0.002 0.000 0.221 0.037 0.000 0.000 0.001 0.001 0.000 0.000 
5 giraffe_vis 30 0.996 0.001 0.321 0.012 0.828 0.001 0.001 0.001 0.583 0.000 0.000 0.000 0.001 0.001 0.001 0.671 0.001 0.017 0.003 0.660 0.004 0.001 0.000 0.003 0.005 0.575 0.002 0.000 0.024 0.014 0.002 0.006 0.073 0.408 0.001 0.000 0.052 0.001 0.002 0.001 0.001 0.008 0.001 0.036 0.001 0.000 0.663 0.088 0.002 0.000 0.012 0.020 0.000 0.000 0.001 0.000 0.000 0.000 
6 robin_vis 30 0.996 0.001 0.952 0.007 0.829 0.001 0.001 0.001 0.076 0.000 0.003 0.000 0.001 0.001 0.001 0.060 0.011 0.811 0.021 0.050 0.003 0.065 0.000 0.000 0.571 0.007 0.001 0.001 0.582 0.002 0.008 0.002 0.001 0.673 0.001 0.000 0.004 0.000 0.001 0.001 0.001 0.003 0.001 0.075 0.001 0.000 0.004 0.009 0.010 0.000 0.433 0.852 0.001 0.000 0.003 0.000 0.000 0.000 
7 swan_vis 30 0.996 0.003 0.352 0.451 0.465 0.001 0.001 0.001 0.058 0.000 0.000 0.000 0.000 0.043 0.001 0.729 0.001 0.120 0.003 0.138 0.019 0.008 0.000 0.019 0.341 0.779 0.049 0.000 0.075 0.003 0.102 0.004 0.006 0.089 0.001 0.000 0.028 0.000 0.001 0.001 0.001 0.001 0.000 0.041 0.001 0.000 0.024 0.191 0.005 0.000 0.738 0.040 0.000 0.000 0.001 0.000 0.000 0.000 
8 woodpecker_vis 30 0.996 0.001 0.914 0.068 0.846 0.001 0.001 0.001 0.185 0.000 0.000 0.000 0.000 0.006 0.001 0.632 0.002 0.402 0.005 0.255 0.022 0.013 0.000 0.001 0.376 0.504 0.008 0.001 0.150 0.006 0.032 0.005 0.018 0.534 0.001 0.000 0.022 0.000 0.001 0.001 0.001 0.004 0.001 0.049 0.001 0.000 0.055 0.134 0.012 0.000 0.516 0.456 0.000 0.000 0.001 0.001 0.000 0.000 
9 peacock_vis 30 0.996 0.003 0.528 0.352 0.698 0.001 0.001 0.001 0.046 0.000 0.000 0.000 0.000 0.030 0.001 0.803 0.001 0.228 0.002 0.276 0.044 0.011 0.000 0.024 0.265 0.850 0.059 0.000 0.047 0.008 0.097 0.015 0.029 0.111 0.001 0.000 0.152 0.000 0.002 0.001 0.001 0.001 0.000 0.114 0.001 0.000 0.068 0.420 0.007 0.000 0.836 0.056 0.000 0.000 0.001 0.001 0.000 0.000 
10 crow_vis 30 0.995 0.001 0.585 0.093 0.800 0.001 0.001 0.001 0.095 0.000 0.000 0.000 0.000 0.017 0.001 0.633 0.001 0.192 0.003 0.213 0.056 0.006 0.000 0.007 0.108 0.754 0.037 0.000 0.083 0.004 0.029 0.012 0.021 0.137 0.001 0.000 0.089 0.000 0.001 0.001 0.001 0.001 0.000 0.050 0.001 0.000 0.047 0.322 0.005 0.000 0.728 0.026 0.000 0.000 0.001 0.001 0.000 0.000 
11 eagle_vis 30 0.996 0.003 0.932 0.005 0.384 0.001 0.001 0.001 0.087 0.000 0.000 0.000 0.000 0.035 0.001 0.638 0.007 0.723 0.013 0.451 0.102 0.035 0.000 0.000 0.035 0.188 0.012 0.000 0.065 0.011 0.005 0.005 0.014 0.059 0.001 0.000 0.046 0.000 0.001 0.001 0.001 0.001 0.000 0.042 0.001 0.000 0.294 0.467 0.002 0.000 0.589 0.017 0.000 0.000 0.001 0.015 0.001 0.000 
12 tuna_vis 30 0.992 0.001 0.789 0.026 0.946 0.012 0.086 0.775 0.001 0.000 0.000 0.000 0.007 0.000 0.000 0.000 0.000 0.005 0.033 0.000 0.604 0.001 0.112 0.000 0.035 0.002 0.001 0.020 0.184 0.001 0.001 0.231 0.404 0.002 0.755 0.000 0.371 0.020 0.002 0.001 0.002 0.009 0.000 0.027 0.717 0.537 0.000 0.000 0.196 0.000 0.001 0.001 0.000 0.000 0.001 0.001 0.000 0.000 
13 goldfish_vis 30 0.996 0.001 0.004 0.009 0.975 0.001 0.002 0.002 0.001 0.000 0.000 0.000 0.015 0.000 0.001 0.000 0.000 0.007 0.001 0.000 0.004 0.003 0.000 0.000 0.067 0.001 0.003 0.024 0.602 0.005 0.223 0.010 0.001 0.506 0.108 0.000 0.008 0.004 0.001 0.001 0.007 0.001 0.000 0.036 0.002 0.000 0.000 0.000 0.002 0.000 0.003 0.001 0.001 0.000 0.001 0.000 0.000 0.000 
14 salmon_vis 30 0.996 0.001 0.001 0.012 0.236 0.001 0.001 0.001 0.001 0.000 0.000 0.000 0.004 0.000 0.001 0.000 0.000 0.001 0.000 0.000 0.003 0.001 0.000 0.000 0.008 0.001 0.002 0.006 0.024 0.002 0.016 0.005 0.001 0.070 0.065 0.000 0.006 0.002 0.001 0.001 0.001 0.001 0.000 0.010 0.001 0.000 0.000 0.000 0.002 0.000 0.002 0.001 0.000 0.000 0.001 0.001 0.000 0.000 
15 sardine_vis 30 0.996 0.001 0.004 0.003 0.983 0.001 0.002 0.002 0.001 0.000 0.000 0.000 0.022 0.000 0.001 0.000 0.000 0.001 0.000 0.000 0.010 0.001 0.000 0.000 0.004 0.001 0.001 0.016 0.168 0.001 0.033 0.039 0.004 0.250 0.604 0.000 0.010 0.003 0.001 0.001 0.004 0.001 0.000 0.017 0.005 0.001 0.000 0.000 0.006 0.000 0.002 0.001 0.000 0.000 0.001 0.000 0.000 0.000 
16 catfish_vis 30 0.996 0.001 0.003 0.021 0.906 0.001 0.002 0.002 0.001 0.000 0.000 0.000 0.002 0.000 0.001 0.000 0.000 0.005 0.001 0.000 0.002 0.009 0.000 0.000 0.054 0.001 0.004 0.014 0.585 0.005 0.025 0.009 0.001 0.140 0.109 0.000 0.007 0.001 0.002 0.001 0.002 0.001 0.000 0.037 0.002 0.000 0.000 0.000 0.001 0.000 0.003 0.001 0.001 0.000 0.001 0.000 0.000 0.000 
17 cod_vis 30 0.995 0.001 0.001 0.004 0.741 0.001 0.003 0.001 0.001 0.000 0.000 0.000 0.001 0.000 0.001 0.000 0.000 0.001 0.000 0.000 0.003 0.001 0.000 0.000 0.002 0.001 0.001 0.003 0.136 0.002 0.001 0.034 0.001 0.005 0.100 0.000 0.024 0.001 0.001 0.001 0.001 0.001 0.000 0.021 0.004 0.000 0.000 0.000 0.001 0.000 0.002 0.001 0.000 0.000 0.001 0.000 0.000 0.000 
18 turtle_vis 30 0.996 0.001 0.003 0.016 0.769 0.001 0.003 0.001 0.001 0.000 0.001 0.000 0.001 0.000 0.001 0.000 0.000 0.007 0.002 0.000 0.002 0.026 0.000 0.000 0.019 0.001 0.008 0.003 0.804 0.008 0.002 0.020 0.001 0.005 0.016 0.000 0.028 0.001 0.002 0.001 0.001 0.001 0.000 0.080 0.003 0.000 0.000 0.000 0.001 0.000 0.007 0.001 0.001 0.000 0.001 0.000 0.000 0.000 
19 rattlesnake_vis 30 0.990 0.001 0.003 0.004 0.960 0.001 0.010 0.002 0.001 0.000 0.000 0.000 0.001 0.000 0.001 0.000 0.000 0.001 0.001 0.000 0.068 0.001 0.000 0.000 0.001 0.002 0.002 0.001 0.047 0.004 0.001 0.267 0.110 0.001 0.003 0.000 0.757 0.001 0.002 0.001 0.001 0.001 0.000 0.049 0.015 0.000 0.000 0.000 0.001 0.000 0.002 0.001 0.000 0.000 0.000 0.001 0.000 0.000 
20 crab_vis 30 0.996 0.001 0.003 0.009 0.744 0.001 0.003 0.002 0.001 0.000 0.000 0.000 0.001 0.000 0.001 0.000 0.000 0.003 0.001 0.000 0.002 0.008 0.000 0.000 0.006 0.001 0.003 0.003 0.467 0.006 0.001 0.035 0.001 0.003 0.018 0.000 0.070 0.001 0.002 0.001 0.001 0.001 0.000 0.110 0.007 0.000 0.000 0.000 0.001 0.000 0.004 0.001 0.001 0.000 0.000 0.000 0.000 0.000 
21 frog_vis 30 0.996 0.001 0.003 0.011 0.775 0.001 0.003 0.002 0.001 0.000 0.000 0.000 0.001 0.000 0.001 0.000 0.000 0.005 0.001 0.000 0.002 0.016 0.000 0.000 0.013 0.001 0.004 0.004 0.662 0.009 0.001 0.019 0.001 0.012 0.063 0.000 0.024 0.001 0.002 0.001 0.001 0.001 0.000 0.054 0.003 0.000 0.000 0.000 0.001 0.000 0.004 0.001 0.001 0.000 0.001 0.000 0.000 0.000 
22 gecko_vis 30 0.995 0.001 0.002 0.003 0.982 0.002 0.006 0.005 0.001 0.000 0.000 0.000 0.001 0.000 0.001 0.000 0.000 0.001 0.000 0.000 0.002 0.000 0.000 0.000 0.001 0.001 0.001 0.005 0.013 0.002 0.001 0.024 0.015 0.009 0.003 0.000 0.035 0.001 0.002 0.003 0.001 0.001 0.000 0.011 0.054 0.000 0.000 0.000 0.001 0.000 0.001 0.001 0.000 0.000 0.000 0.000 0.000 0.000 
23 crocodile_vis 30 0.993 0.001 0.003 0.004 0.965 0.001 0.008 0.002 0.001 0.000 0.000 0.000 0.001 0.000 0.001 0.000 0.000 0.001 0.000 0.000 0.014 0.001 0.000 0.000 0.001 0.001 0.001 0.002 0.057 0.003 0.001 0.099 0.022 0.001 0.004 0.000 0.421 0.001 0.002 0.001 0.001 0.001 0.000 0.050 0.024 0.000 0.000 0.000 0.001 0.000 0.002 0.001 0.000 0.000 0.000 0.000 0.000 0.000 
24 axe_vis 30 0.015 0.006 0.001 0.001 0.030 0.989 0.993 0.007 0.001 0.001 0.001 0.000 0.059 0.001 0.001 0.000 0.000 0.001 0.000 0.000 0.013 0.000 0.001 0.003 0.000 0.001 0.001 0.019 0.002 0.003 0.046 0.002 0.009 0.014 0.017 0.001 0.299 0.964 0.002 0.012 0.013 0.001 0.001 0.023 0.016 0.002 0.001 0.000 0.094 0.000 0.002 0.001 0.016 0.000 0.001 0.001 0.154 0.001 
25 hammer_vis 30 0.010 0.002 0.001 0.001 0.044 0.995 0.994 0.211 0.001 0.002 0.001 0.000 0.044 0.000 0.001 0.000 0.000 0.003 0.000 0.000 0.002 0.000 0.000 0.001 0.000 0.000 0.001 0.008 0.003 0.002 0.050 0.001 0.001 0.061 0.011 0.002 0.014 0.979 0.007 0.017 0.076 0.001 0.001 0.071 0.035 0.001 0.000 0.000 0.035 0.000 0.001 0.002 0.091 0.000 0.001 0.001 0.028 0.001 
26 screwdriver_vis 30 0.008 0.002 0.001 0.006 0.016 0.986 0.994 0.002 0.003 0.001 0.000 0.000 0.001 0.012 0.001 0.000 0.001 0.001 0.001 0.000 0.009 0.000 0.001 0.004 0.000 0.001 0.008 0.027 0.004 0.068 0.000 0.005 0.003 0.001 0.156 0.001 0.987 0.067 0.005 0.032 0.001 0.001 0.000 0.016 0.158 0.001 0.001 0.000 0.002 0.001 0.021 0.001 0.001 0.000 0.001 0.043 0.004 0.001 
27 chisel_vis 30 0.026 0.002 0.001 0.001 0.051 0.992 0.964 0.144 0.001 0.001 0.001 0.000 0.040 0.000 0.001 0.000 0.000 0.004 0.000 0.000 0.002 0.000 0.000 0.000 0.000 0.001 0.001 0.005 0.003 0.002 0.072 0.001 0.001 0.048 0.006 0.001 0.021 0.958 0.001 0.006 0.057 0.001 0.001 0.071 0.018 0.001 0.001 0.000 0.028 0.000 0.001 0.001 0.077 0.000 0.001 0.001 0.022 0.000 
28 saw_vis 30 0.005 0.001 0.001 0.002 0.012 0.994 0.994 0.002 0.002 0.002 0.001 0.000 0.001 0.000 0.001 0.000 0.000 0.001 0.000 0.000 0.001 0.000 0.000 0.055 0.000 0.000 0.001 0.003 0.002 0.038 0.000 0.001 0.001 0.001 0.005 0.020 0.017 0.009 0.051 0.954 0.001 0.001 0.004 0.005 0.020 0.000 0.001 0.000 0.001 0.007 0.001 0.001 0.003 0.000 0.001 0.001 0.001 0.008 
29 drill_vis 30 0.005 0.001 0.001 0.007 0.012 0.985 0.994 0.002 0.004 0.001 0.000 0.000 0.001 0.013 0.001 0.000 0.001 0.001 0.001 0.000 0.009 0.000 0.001 0.005 0.000 0.001 0.005 0.029 0.002 0.043 0.000 0.004 0.005 0.001 0.049 0.001 0.961 0.044 0.006 0.073 0.001 0.002 0.001 0.011 0.113 0.001 0.001 0.000 0.002 0.001 0.013 0.001 0.001 0.000 0.001 0.026 0.006 0.001 
30 clamp_vis 30 0.038 0.001 0.001 0.001 0.063 0.995 0.086 0.988 0.001 0.002 0.000 0.000 0.001 0.000 0.000 0.000 0.000 0.002 0.000 0.000 0.001 0.000 0.001 0.000 0.000 0.000 0.001 0.001 0.002 0.000 0.001 0.001 0.001 0.052 0.007 0.001 0.001 0.053 0.004 0.020 0.104 0.031 0.003 0.011 0.263 0.002 0.000 0.001 0.003 0.000 0.001 0.007 0.016 0.000 0.004 0.001 0.001 0.000 
31 hoe_vis 30 0.023 0.001 0.001 0.002 0.020 0.993 0.093 0.991 0.001 0.001 0.000 0.000 0.001 0.000 0.000 0.000 0.000 0.002 0.000 0.000 0.001 0.000 0.001 0.000 0.001 0.000 0.001 0.001 0.001 0.001 0.001 0.001 0.001 0.002 0.007 0.000 0.010 0.134 0.001 0.003 0.253 0.041 0.001 0.023 0.760 0.011 0.001 0.000 0.005 0.000 0.001 0.004 0.014 0.000 0.002 0.002 0.000 0.000 
32 rake_vis 30 0.046 0.001 0.001 0.001 0.042 0.995 0.045 0.987 0.001 0.001 0.000 0.000 0.001 0.000 0.000 0.000 0.000 0.001 0.000 0.000 0.001 0.000 0.001 0.000 0.000 0.000 0.001 0.001 0.001 0.001 0.001 0.001 0.001 0.031 0.008 0.000 0.002 0.030 0.002 0.025 0.045 0.018 0.004 0.004 0.320 0.001 0.000 0.001 0.002 0.000 0.001 0.005 0.008 0.000 0.005 0.001 0.001 0.000 
33 shovel_vis 30 0.070 0.001 0.001 0.001 0.107 0.995 0.395 0.955 0.001 0.001 0.000 0.000 0.005 0.000 0.000 0.000 0.000 0.011 0.000 0.000 0.002 0.000 0.001 0.000 0.001 0.000 0.001 0.001 0.004 0.001 0.087 0.001 0.001 0.041 0.007 0.000 0.005 0.831 0.001 0.002 0.186 0.003 0.001 0.517 0.067 0.015 0.000 0.000 0.003 0.000 0.001 0.002 0.077 0.000 0.001 0.001 0.001 0.000 
34 spade_vis 30 0.093 0.001 0.001 0.001 0.036 0.995 0.019 0.128 0.054 0.001 0.000 0.000 0.000 0.000 0.000 0.000 0.000 0.013 0.000 0.000 0.001 0.000 0.000 0.000 0.000 0.000 0.001 0.000 0.001 0.001 0.000 0.001 0.001 0.025 0.007 0.000 0.003 0.002 0.001 0.032 0.008 0.009 0.002 0.003 0.763 0.001 0.000 0.001 0.043 0.000 0.001 0.028 0.001 0.000 0.004 0.001 0.000 0.000 
35 wrench_vis 30 0.059 0.001 0.005 0.004 0.115 0.994 0.598 0.994 0.002 0.005 0.001 0.000 0.002 0.000 0.000 0.000 0.000 0.009 0.001 0.000 0.007 0.000 0.005 0.000 0.002 0.001 0.001 0.001 0.002 0.001 0.002 0.001 0.003 0.006 0.018 0.001 0.013 0.425 0.001 0.063 0.271 0.026 0.016 0.073 0.899 0.235 0.001 0.001 0.036 0.000 0.001 0.008 0.006 0.000 0.004 0.005 0.001 0.000 
36 accordion_vis 30 0.006 0.001 0.001 0.008 0.008 0.994 0.005 0.001 0.994 0.001 0.000 0.003 0.001 0.002 0.000 0.014 0.001 0.001 0.004 0.001 0.002 0.000 0.001 0.025 0.001 0.001 0.001 0.004 0.001 0.039 0.000 0.000 0.017 0.048 0.001 0.003 0.029 0.001 0.003 0.045 0.001 0.002 0.006 0.002 0.002 0.001 0.966 0.006 0.030 0.218 0.020 0.006 0.000 0.003 0.001 0.001 0.002 0.002 
37 cello_vis 30 0.004 0.001 0.001 0.040 0.005 0.995 0.005 0.001 0.995 0.001 0.001 0.016 0.000 0.000 0.000 0.001 0.000 0.007 0.013 0.000 0.002 0.000 0.037 0.002 0.000 0.001 0.004 0.001 0.001 0.007 0.000 0.000 0.005 0.001 0.002 0.028 0.006 0.001 0.020 0.004 0.001 0.001 0.022 0.001 0.005 0.001 0.071 0.625 0.097 0.373 0.007 0.021 0.000 0.001 0.001 0.002 0.001 0.013 
38 flute_vis 30 0.008 0.001 0.001 0.004 0.008 0.995 0.003 0.001 0.994 0.001 0.001 0.001 0.001 0.001 0.000 0.000 0.000 0.010 0.000 0.000 0.015 0.000 0.012 0.000 0.001 0.001 0.002 0.001 0.001 0.001 0.001 0.001 0.019 0.050 0.009 0.001 0.009 0.005 0.001 0.001 0.002 0.002 0.001 0.002 0.003 0.061 0.008 0.017 0.983 0.028 0.013 0.004 0.000 0.000 0.001 0.005 0.036 0.001 
39 guitar_vis 30 0.007 0.001 0.001 0.008 0.008 0.994 0.003 0.002 0.994 0.001 0.000 0.001 0.001 0.000 0.000 0.001 0.000 0.002 0.002 0.000 0.003 0.000 0.015 0.001 0.000 0.001 0.002 0.001 0.001 0.007 0.000 0.001 0.018 0.013 0.020 0.001 0.003 0.001 0.001 0.002 0.001 0.009 0.001 0.001 0.028 0.015 0.050 0.070 0.945 0.330 0.002 0.003 0.000 0.000 0.001 0.004 0.002 0.006 
40 piano_vis 30 0.005 0.001 0.001 0.009 0.004 0.995 0.027 0.001 0.989 0.000 0.002 0.000 0.000 0.008 0.000 0.064 0.001 0.023 0.001 0.007 0.003 0.000 0.001 0.004 0.001 0.013 0.002 0.001 0.001 0.001 0.003 0.000 0.003 0.034 0.001 0.007 0.036 0.001 0.003 0.002 0.001 0.001 0.047 0.002 0.002 0.001 0.143 0.028 0.050 0.001 0.315 0.035 0.000 0.000 0.001 0.001 0.043 0.000 
41 trumpet_vis 30 0.007 0.001 0.013 0.015 0.011 0.995 0.003 0.002 0.992 0.001 0.000 0.000 0.000 0.000 0.000 0.000 0.000 0.005 0.001 0.000 0.001 0.000 0.001 0.000 0.000 0.001 0.001 0.000 0.001 0.001 0.000 0.000 0.001 0.001 0.008 0.000 0.003 0.001 0.042 0.002 0.004 0.021 0.007 0.002 0.110 0.000 0.001 0.114 0.001 0.000 0.004 0.966 0.000 0.000 0.103 0.001 0.000 0.000 
42 fork_vis 30 0.003 0.002 0.001 0.001 0.001 0.995 0.055 0.002 0.001 0.971 0.323 0.000 0.002 0.000 0.002 0.000 0.053 0.006 0.000 0.000 0.001 0.000 0.000 0.000 0.000 0.000 0.001 0.000 0.001 0.002 0.000 0.001 0.001 0.000 0.008 0.021 0.002 0.002 0.017 0.001 0.014 0.001 0.002 0.001 0.002 0.000 0.001 0.000 0.001 0.000 0.001 0.001 0.901 0.000 0.006 0.003 0.023 0.019 
43 spoon_vis 30 0.004 0.002 0.001 0.001 0.001 0.995 0.009 0.002 0.012 0.983 0.001 0.001 0.001 0.000 0.001 0.000 0.012 0.001 0.001 0.003 0.001 0.000 0.000 0.000 0.000 0.000 0.001 0.000 0.000 0.005 0.000 0.001 0.001 0.000 0.001 0.001 0.004 0.001 0.010 0.003 0.001 0.014 0.001 0.001 0.001 0.000 0.002 0.000 0.001 0.003 0.001 0.001 0.031 0.130 0.001 0.008 0.901 0.008 
44 tongs_vis 30 0.003 0.001 0.001 0.002 0.002 0.995 0.962 0.495 0.002 0.013 0.678 0.000 0.001 0.000 0.000 0.000 0.002 0.002 0.000 0.000 0.001 0.000 0.000 0.000 0.000 0.000 0.001 0.023 0.002 0.001 0.001 0.001 0.000 0.001 0.940 0.173 0.001 0.080 0.051 0.001 0.593 0.003 0.001 0.006 0.048 0.000 0.000 0.001 0.046 0.000 0.001 0.004 0.668 0.000 0.011 0.001 0.001 0.003 
45 ladle_vis 30 0.005 0.001 0.001 0.001 0.001 0.804 0.003 0.160 0.054 0.038 0.000 0.000 0.001 0.000 0.000 0.000 0.001 0.001 0.000 0.023 0.001 0.000 0.000 0.000 0.000 0.002 0.001 0.000 0.000 0.002 0.000 0.002 0.003 0.001 0.004 0.000 0.004 0.001 0.005 0.002 0.001 0.577 0.001 0.001 0.015 0.001 0.001 0.001 0.001 0.004 0.001 0.001 0.002 0.003 0.006 0.016 0.001 0.001 
46 knife_vis 30 0.007 0.009 0.001 0.001 0.001 0.995 0.002 0.002 0.019 0.973 0.001 0.002 0.002 0.000 0.001 0.000 0.002 0.001 0.000 0.000 0.001 0.000 0.000 0.000 0.000 0.000 0.001 0.000 0.000 0.005 0.000 0.001 0.001 0.003 0.003 0.002 0.001 0.005 0.002 0.001 0.004 0.003 0.001 0.001 0.001 0.000 0.002 0.001 0.015 0.004 0.001 0.001 0.181 0.002 0.002 0.004 0.925 0.067 
47 chopsticks_vis 30 0.004 0.013 0.003 0.001 0.001 0.995 0.418 0.001 0.001 0.967 0.213 0.001 0.004 0.000 0.005 0.000 0.023 0.076 0.000 0.000 0.001 0.001 0.000 0.000 0.000 0.000 0.001 0.000 0.001 0.002 0.000 0.001 0.000 0.000 0.951 0.002 0.001 0.001 0.008 0.001 0.020 0.001 0.001 0.001 0.004 0.000 0.000 0.001 0.001 0.001 0.001 0.001 0.497 0.000 0.375 0.033 0.000 0.534 
