0 beaver_vis 30 0.997 0.000 0.001 0.988 0.011 0.053 0.001 0.009 0.000 0.000 0.000 0.000 0.000 0.000 0.000 0.000 0.000 0.000 0.000 0.000 0.174 0.001 0.017 0.000 0.010 0.021 0.950 0.815 0.000 0.000 0.000 0.070 0.000 0.376 0.000 0.001 0.000 0.017 0.000 0.013 0.010 0.000 0.002 0.000 0.279 0.000 0.000 0.000 0.000 0.000 0.000 0.000 0.000 0.000 0.000 0.000 0.002 0.000 
1 bear_vis 30 0.997 0.000 0.013 0.978 0.054 0.051 0.001 0.016 0.000 0.000 0.000 0.000 0.000 0.000 0.000 0.000 0.000 0.000 0.000 0.003 0.037 0.063 0.845 0.024 0.001 0.832 0.544 0.056 0.000 0.000 0.012 0.037 0.122 0.017 0.000 0.297 0.000 0.010 0.000 0.000 0.048 0.000 0.001 0.028 0.001 0.000 0.000 0.000 0.000 0.000 0.000 0.018 0.000 0.000 0.034 0.000 0.000 0.000 
2 sheep_vis 30 0.997 0.000 0.002 0.984 0.029 0.075 0.001 0.102 0.000 0.000 0.000 0.000 0.000 0.000 0.000 0.000 0.000 0.000 0.001 0.003 0.006 0.012 0.747 0.404 0.031 0.133 0.077 0.052 0.003 0.000 0.120 0.003 0.009 0.006 0.000 0.015 0.000 0.014 0.000 0.000 0.067 0.001 0.001 0.122 0.001 0.001 0.000 0.000 0.000 0.000 0.000 0.002 0.000 0.000 0.001 0.000 0.000 0.000 
3 buffalo_vis 30 0.997 0.000 0.031 0.981 0.020 0.073 0.001 0.004 0.000 0.000 0.000 0.000 0.000 0.000 0.000 0.000 0.000 0.000 0.000 0.005 0.089 0.067 0.595 0.006 0.000 0.913 0.520 0.018 0.000 0.000 0.001 0.083 0.177 0.007 0.000 0.296 0.000 0.008 0.000 0.000 0.009 0.000 0.001 0.010 0.001 0.000 0.000 0.000 0.000 0.000 0.000 0.036 0.000 0.000 0.115 0.000 0.000 0.000 
4 poodle_vis 30 0.997 0.000 0.003 0.686 0.002 0.143 0.001 0.001 0.000 0.000 0.000 0.000 0.000 0.000 0.000 0.000 0.000 0.000 0.000 0.000 0.228 0.000 0.003 0.000 0.000 0.043 0.771 0.139 0.000 0.000 0.000 0.094 0.000 0.029 0.000 0.001 0.000 0.010 0.000 0.000 0.000 0.000 0.001 0.000 0.089 0.000 0.000 0.000 0.000 0.000 0.000 0.000 0.000 0.000 0.000 0.000 0.004 0.000 
5 giraffe_vis 30 0.997 0.000 0.025 0.972 0.017 0.079 0.001 0.003 0.000 0.000 0.000 0.000 0.000 0.000 0.000 0.000 0.000 0.001 0.000 0.004 0.084 0.052 0.565 0.005 0.000 0.899 0.492 0.016 0.000 0.000 0.001 0.083 0.170 0.006 0.000 0.258 0.000 0.007 0.000 0.000 0.005 0.000 0.001 0.007 0.001 0.000 0.000 0.000 0.000 0.000 0.000 0.036 0.000 0.000 0.111 0.000 0.000 0.000 
6 robin_vis 30 0.997 0.000 0.051 0.986 0.004 0.004 0.001 0.214 0.000 0.000 0.002 0.000 0.290 0.000 0.000 0.000 0.000 0.000 0.306 0.001 0.007 0.045 0.035 0.375 0.680 0.017 0.040 0.333 0.001 0.000 0.007 0.002 0.001 0.004 0.000 0.001 0.000 0.007 0.000 0.000 0.003 0.086 0.007 0.001 0.001 0.002 0.000 0.000 0.000 0.000 0.008 0.000 0.000 0.000 0.000 0.000 0.000 0.000 
7 swan_vis 30 0.997 0.000 0.007 0.990 0.050 0.050 0.001 0.047 0.000 0.000 0.000 0.000 0.000 0.000 0.000 0.000 0.000 0.000 0.000 0.002 0.016 0.048 0.725 0.110 0.007 0.416 0.270 0.088 0.001 0.000 0.045 0.012 0.039 0.016 0.000 0.109 0.000 0.011 0.000 0.000 0.095 0.000 0.001 0.046 0.001 0.000 0.000 0.000 0.000 0.000 0.000 0.005 0.000 0.000 0.009 0.000 0.000 0.000 
8 woodpecker_vis 30 0.997 0.000 0.059 0.951 0.001 0.002 0.001 0.195 0.000 0.000 0.001 0.000 0.536 0.000 0.000 0.000 0.003 0.000 0.489 0.000 0.000 0.014 0.001 0.109 0.855 0.000 0.000 0.520 0.000 0.000 0.001 0.000 0.000 0.000 0.000 0.001 0.000 0.006 0.000 0.000 0.000 0.271 0.013 0.000 0.000 0.001 0.000 0.000 0.000 0.000 0.015 0.000 0.000 0.000 0.000 0.001 0.000 0.000 
9 peacock_vis 30 0.932 0.001 0.003 0.812 0.002 0.016 0.001 0.158 0.000 0.000 0.024 0.000 0.090 0.000 0.000 0.000 0.003 0.000 0.256 0.008 0.000 0.004 0.025 0.770 0.518 0.000 0.000 0.011 0.025 0.001 0.066 0.001 0.000 0.000 0.002 0.001 0.000 0.011 0.000 0.000 0.001 0.171 0.000 0.060 0.001 0.017 0.002 0.001 0.000 0.000 0.141 0.000 0.001 0.000 0.000 0.006 0.000 0.000 
10 crow_vis 30 0.997 0.000 0.017 0.987 0.065 0.035 0.001 0.051 0.000 0.000 0.000 0.000 0.000 0.000 0.000 0.000 0.000 0.000 0.000 0.001 0.037 0.059 0.841 0.061 0.006 0.599 0.493 0.164 0.001 0.000 0.050 0.020 0.041 0.030 0.000 0.134 0.000 0.012 0.000 0.001 0.142 0.000 0.002 0.039 0.002 0.000 0.000 0.000 0.000 0.000 0.000 0.005 0.000 0.000 0.009 0.000 0.000 0.000 
11 eagle_vis 30 0.997 0.000 0.000 0.987 0.020 0.120 0.001 0.145 0.000 0.000 0.002 0.000 0.001 0.000 0.000 0.000 0.000 0.000 0.004 0.005 0.001 0.002 0.419 0.791 0.150 0.021 0.024 0.013 0.021 0.000 0.232 0.002 0.003 0.005 0.000 0.003 0.000 0.017 0.000 0.000 0.017 0.015 0.000 0.251 0.000 0.003 0.000 0.000 0.000 0.000 0.009 0.001 0.000 0.000 0.000 0.000 0.000 0.000 
12 tuna_vis 30 0.997 0.000 0.000 0.426 0.010 0.098 0.001 0.002 0.000 0.000 0.000 0.000 0.000 0.000 0.000 0.000 0.000 0.000 0.000 0.000 0.002 0.000 0.008 0.004 0.003 0.006 0.053 0.036 0.000 0.000 0.000 0.004 0.001 0.009 0.000 0.001 0.000 0.014 0.000 0.000 0.001 0.000 0.000 0.000 0.001 0.000 0.000 0.000 0.000 0.000 0.000 0.000 0.000 0.000 0.000 0.000 0.000 0.000 
13 goldfish_vis 30 0.997 0.000 0.000 0.946 0.420 0.029 0.001 0.001 0.000 0.000 0.000 0.000 0.000 0.000 0.000 0.000 0.000 0.000 0.000 0.003 0.001 0.002 0.604 0.115 0.001 0.134 0.036 0.005 0.008 0.000 0.107 0.016 0.113 0.031 0.000 0.049 0.000 0.015 0.000 0.000 0.004 0.000 0.000 0.023 0.000 0.000 0.000 0.000 0.000 0.000 0.000 0.009 0.000 0.000 0.001 0.000 0.000 0.000 
14 salmon_vis 30 0.997 0.000 0.001 0.964 0.006 0.123 0.001 0.088 0.000 0.000 0.000 0.000 0.001 0.000 0.000 0.000 0.000 0.000 0.001 0.000 0.007 0.001 0.121 0.317 0.100 0.014 0.061 0.043 0.002 0.000 0.027 0.004 0.001 0.005 0.000 0.001 0.000 0.016 0.000 0.001 0.010 0.008 0.001 0.009 0.005 0.001 0.000 0.000 0.000 0.000 0.001 0.000 0.000 0.000 0.000 0.000 0.000 0.000 
15 sardine_vis 30 0.997 0.000 0.006 0.984 0.016 0.085 0.001 0.004 0.000 0.000 0.000 0.000 0.000 0.000 0.000 0.000 0.000 0.000 0.000 0.001 0.032 0.015 0.364 0.006 0.000 0.584 0.333 0.032 0.000 0.000 0.001 0.028 0.031 0.011 0.000 0.037 0.000 0.009 0.000 0.000 0.005 0.000 0.001 0.004 0.002 0.000 0.000 0.000 0.000 0.000 0.000 0.004 0.000 0.000 0.011 0.000 0.000 0.000 
16 catfish_vis 30 0.996 0.012 0.000 0.007 0.974 0.003 0.118 0.000 0.000 0.000 0.000 0.000 0.006 0.005 0.042 0.000 0.000 0.000 0.000 0.000 0.001 0.000 0.003 0.001 0.019 0.002 0.011 0.003 0.008 0.633 0.248 0.023 0.007 0.487 0.072 0.001 0.005 0.046 0.001 0.176 0.000 0.000 0.000 0.000 0.000 0.000 0.000 0.000 0.000 0.000 0.007 0.000 0.000 0.000 0.000 0.000 0.000 0.000 
17 cod_vis 30 0.997 0.000 0.013 0.982 0.019 0.103 0.001 0.002 0.000 0.000 0.000 0.000 0.000 0.000 0.000 0.000 0.000 0.000 0.000 0.005 0.058 0.036 0.514 0.004 0.000 0.885 0.405 0.010 0.000 0.000 0.001 0.072 0.170 0.007 0.000 0.227 0.000 0.008 0.000 0.000 0.003 0.000 0.000 0.006 0.001 0.000 0.000 0.000 0.000 0.000 0.000 0.038 0.000 0.000 0.101 0.000 0.000 0.000 
18 turtle_vis 30 0.996 0.003 0.000 0.007 0.929 0.009 0.036 0.000 0.000 0.000 0.000 0.000 0.002 0.004 0.002 0.001 0.000 0.000 0.000 0.000 0.001 0.000 0.001 0.000 0.009 0.000 0.010 0.009 0.002 0.390 0.063 0.022 0.001 0.633 0.057 0.001 0.000 0.048 0.003 0.107 0.000 0.000 0.000 0.000 0.002 0.000 0.000 0.000 0.000 0.000 0.001 0.000 0.001 0.000 0.000 0.000 0.000 0.000 
19 rattlesnake_vis 30 0.855 0.001 0.000 0.000 0.090 0.370 0.107 0.000 0.000 0.000 0.000 0.000 0.000 0.000 0.000 0.001 0.000 0.000 0.000 0.000 0.001 0.000 0.000 0.000 0.000 0.000 0.007 0.000 0.000 0.033 0.000 0.013 0.000 0.047 0.146 0.001 0.000 0.028 0.063 0.019 0.000 0.000 0.000 0.000 0.038 0.000 0.000 0.000 0.000 0.000 0.000 0.000 0.009 0.000 0.000 0.000 0.000 0.000 
20 crab_vis 30 0.963 0.004 0.000 0.002 0.894 0.032 0.076 0.000 0.000 0.000 0.000 0.000 0.004 0.001 0.010 0.000 0.000 0.000 0.000 0.000 0.000 0.000 0.000 0.001 0.026 0.000 0.001 0.005 0.004 0.671 0.110 0.001 0.000 0.449 0.153 0.001 0.001 0.060 0.001 0.207 0.000 0.001 0.000 0.000 0.001 0.000 0.000 0.000 0.000 0.000 0.005 0.000 0.000 0.000 0.000 0.000 0.000 0.000 
21 frog_vis 30 0.980 0.001 0.000 0.016 0.361 0.081 0.001 0.000 0.000 0.000 0.000 0.000 0.000 0.005 0.000 0.000 0.000 0.000 0.000 0.000 0.060 0.000 0.001 0.000 0.000 0.004 0.621 0.022 0.000 0.003 0.000 0.503 0.001 0.492 0.020 0.001 0.000 0.025 0.009 0.001 0.000 0.000 0.000 0.000 0.111 0.000 0.000 0.000 0.001 0.000 0.000 0.000 0.003 0.000 0.000 0.000 0.004 0.000 
22 gecko_vis 30 0.853 0.002 0.000 0.000 0.037 0.216 0.046 0.000 0.000 0.000 0.000 0.000 0.000 0.003 0.000 0.003 0.000 0.001 0.000 0.000 0.024 0.000 0.000 0.000 0.000 0.001 0.017 0.000 0.000 0.003 0.000 0.384 0.001 0.014 0.087 0.001 0.000 0.017 0.036 0.002 0.000 0.000 0.000 0.000 0.050 0.000 0.001 0.000 0.006 0.000 0.000 0.000 0.040 0.000 0.000 0.000 0.002 0.002 
23 crocodile_vis 30 0.755 0.003 0.000 0.000 0.701 0.153 0.386 0.000 0.000 0.000 0.000 0.000 0.003 0.000 0.031 0.001 0.000 0.000 0.000 0.000 0.001 0.000 0.000 0.001 0.021 0.000 0.002 0.001 0.005 0.635 0.066 0.009 0.000 0.129 0.380 0.001 0.010 0.073 0.057 0.256 0.000 0.002 0.000 0.000 0.039 0.000 0.001 0.000 0.001 0.000 0.034 0.000 0.013 0.000 0.000 0.000 0.000 0.000 
24 axe_vis 30 0.983 0.014 0.000 0.010 0.985 0.017 0.455 0.000 0.000 0.000 0.000 0.000 0.003 0.053 0.017 0.000 0.000 0.000 0.000 0.000 0.000 0.000 0.002 0.000 0.010 0.000 0.046 0.023 0.002 0.806 0.180 0.027 0.001 0.948 0.322 0.002 0.002 0.064 0.083 0.475 0.000 0.000 0.000 0.000 0.006 0.000 0.000 0.000 0.000 0.000 0.000 0.000 0.000 0.000 0.000 0.000 0.000 0.000 
25 hammer_vis 30 0.823 0.002 0.000 0.009 0.892 0.199 0.871 0.001 0.000 0.000 0.000 0.000 0.000 0.041 0.002 0.000 0.000 0.000 0.000 0.000 0.001 0.000 0.006 0.000 0.003 0.000 0.288 0.021 0.001 0.583 0.083 0.144 0.002 0.892 0.404 0.014 0.020 0.109 0.542 0.679 0.008 0.000 0.000 0.001 0.072 0.000 0.000 0.000 0.002 0.000 0.000 0.000 0.004 0.000 0.000 0.000 0.001 0.000 
26 screwdriver_vis 30 0.003 0.000 0.000 0.000 0.115 0.994 0.995 0.005 0.017 0.000 0.000 0.000 0.000 0.000 0.000 0.000 0.000 0.000 0.000 0.000 0.000 0.000 0.004 0.025 0.005 0.000 0.001 0.000 0.024 0.457 0.070 0.000 0.000 0.021 0.427 0.002 0.885 0.351 0.045 0.852 0.015 0.116 0.000 0.011 0.004 0.002 0.005 0.001 0.000 0.000 0.344 0.000 0.003 0.000 0.000 0.001 0.000 0.000 
27 chisel_vis 30 0.003 0.000 0.000 0.000 0.139 0.995 0.995 0.006 0.044 0.000 0.000 0.000 0.000 0.000 0.000 0.000 0.000 0.000 0.000 0.000 0.000 0.000 0.007 0.062 0.004 0.000 0.003 0.000 0.053 0.387 0.117 0.002 0.001 0.038 0.326 0.004 0.874 0.344 0.110 0.790 0.019 0.112 0.000 0.044 0.017 0.003 0.004 0.002 0.000 0.000 0.410 0.001 0.005 0.000 0.000 0.001 0.000 0.000 
28 saw_vis 30 0.900 0.003 0.000 0.003 0.942 0.089 0.455 0.000 0.000 0.000 0.000 0.000 0.005 0.002 0.021 0.000 0.000 0.000 0.000 0.000 0.000 0.000 0.001 0.001 0.041 0.000 0.003 0.007 0.007 0.848 0.218 0.002 0.001 0.588 0.316 0.002 0.032 0.097 0.017 0.577 0.000 0.002 0.000 0.000 0.002 0.000 0.000 0.000 0.000 0.000 0.017 0.000 0.001 0.000 0.000 0.000 0.000 0.000 
29 drill_vis 30 0.003 0.000 0.000 0.000 0.175 0.994 0.994 0.013 0.246 0.000 0.001 0.000 0.000 0.000 0.001 0.000 0.000 0.000 0.000 0.001 0.000 0.000 0.030 0.438 0.010 0.000 0.001 0.000 0.298 0.363 0.420 0.001 0.002 0.009 0.098 0.016 0.957 0.346 0.015 0.622 0.034 0.358 0.000 0.379 0.003 0.023 0.003 0.021 0.000 0.000 0.820 0.009 0.001 0.000 0.000 0.003 0.000 0.000 
30 clamp_vis 30 0.004 0.000 0.000 0.010 0.092 0.995 0.958 0.109 0.000 0.000 0.000 0.000 0.000 0.000 0.000 0.000 0.000 0.000 0.000 0.000 0.001 0.000 0.019 0.001 0.002 0.001 0.132 0.005 0.001 0.067 0.011 0.021 0.001 0.261 0.304 0.052 0.185 0.295 0.607 0.906 0.240 0.011 0.008 0.005 0.268 0.000 0.001 0.000 0.002 0.000 0.002 0.001 0.010 0.000 0.001 0.000 0.005 0.000 
31 hoe_vis 30 0.002 0.000 0.000 0.001 0.001 0.996 0.001 0.991 0.000 0.000 0.000 0.000 0.000 0.000 0.000 0.000 0.004 0.000 0.102 0.000 0.000 0.000 0.000 0.032 0.410 0.000 0.000 0.003 0.000 0.000 0.000 0.000 0.000 0.000 0.001 0.001 0.000 0.147 0.000 0.258 0.058 0.981 0.035 0.002 0.002 0.058 0.000 0.000 0.000 0.000 0.250 0.000 0.000 0.000 0.000 0.152 0.000 0.000 
32 rake_vis 30 0.020 0.000 0.004 0.486 0.001 0.995 0.006 0.992 0.000 0.029 0.000 0.000 0.000 0.000 0.000 0.000 0.000 0.000 0.001 0.010 0.006 0.001 0.439 0.040 0.000 0.202 0.103 0.003 0.000 0.000 0.000 0.002 0.003 0.000 0.000 0.884 0.000 0.088 0.000 0.004 0.820 0.018 0.705 0.885 0.043 0.052 0.000 0.000 0.000 0.000 0.000 0.276 0.000 0.002 0.822 0.001 0.014 0.000 
33 shovel_vis 30 0.006 0.000 0.001 0.198 0.001 0.996 0.003 0.992 0.000 0.001 0.000 0.000 0.000 0.000 0.000 0.000 0.000 0.000 0.008 0.012 0.000 0.000 0.150 0.414 0.003 0.003 0.000 0.001 0.001 0.000 0.001 0.000 0.000 0.000 0.000 0.061 0.000 0.108 0.000 0.003 0.821 0.336 0.258 0.953 0.001 0.297 0.000 0.000 0.000 0.000 0.002 0.041 0.000 0.000 0.053 0.005 0.000 0.000 
34 spade_vis 30 0.004 0.000 0.000 0.001 0.008 0.993 0.975 0.135 0.000 0.002 0.000 0.000 0.000 0.000 0.000 0.000 0.000 0.000 0.000 0.000 0.002 0.000 0.002 0.000 0.001 0.000 0.273 0.007 0.000 0.045 0.000 0.021 0.000 0.276 0.697 0.005 0.019 0.222 0.759 0.916 0.092 0.008 0.001 0.001 0.899 0.000 0.003 0.000 0.002 0.000 0.000 0.000 0.139 0.001 0.000 0.001 0.017 0.000 
35 wrench_vis 30 0.007 0.000 0.009 0.018 0.001 0.996 0.002 0.981 0.000 0.270 0.000 0.000 0.000 0.000 0.000 0.000 0.000 0.001 0.002 0.057 0.001 0.000 0.030 0.058 0.000 0.070 0.001 0.000 0.000 0.000 0.000 0.000 0.001 0.000 0.000 0.193 0.000 0.059 0.000 0.000 0.173 0.052 0.153 0.601 0.003 0.167 0.000 0.001 0.000 0.000 0.004 0.345 0.000 0.005 0.694 0.005 0.006 0.003 
36 accordion_vis 30 0.002 0.000 0.000 0.000 0.001 0.996 0.002 0.000 0.992 0.005 0.001 0.034 0.000 0.000 0.000 0.000 0.002 0.000 0.000 0.002 0.000 0.000 0.000 0.002 0.000 0.000 0.000 0.000 0.020 0.003 0.000 0.000 0.000 0.000 0.030 0.001 0.005 0.074 0.000 0.000 0.000 0.010 0.000 0.001 0.000 0.074 0.486 0.427 0.000 0.032 0.416 0.001 0.015 0.000 0.000 0.142 0.000 0.000 
37 cello_vis 30 0.002 0.000 0.000 0.000 0.001 0.996 0.005 0.000 0.992 0.001 0.002 0.012 0.000 0.000 0.000 0.001 0.001 0.000 0.000 0.009 0.000 0.000 0.000 0.013 0.000 0.000 0.000 0.000 0.116 0.009 0.000 0.000 0.001 0.000 0.007 0.001 0.025 0.113 0.000 0.000 0.000 0.013 0.000 0.003 0.000 0.127 0.117 0.596 0.001 0.020 0.618 0.015 0.001 0.000 0.000 0.038 0.000 0.000 
38 flute_vis 30 0.003 0.000 0.000 0.000 0.001 0.996 0.002 0.000 0.987 0.696 0.000 0.077 0.000 0.000 0.000 0.538 0.000 0.035 0.000 0.003 0.001 0.000 0.000 0.000 0.000 0.004 0.000 0.000 0.001 0.000 0.000 0.134 0.027 0.000 0.029 0.005 0.000 0.055 0.003 0.000 0.000 0.000 0.000 0.000 0.001 0.001 0.070 0.021 0.961 0.921 0.000 0.211 0.417 0.004 0.018 0.002 0.036 0.900 
39 guitar_vis 30 0.002 0.000 0.000 0.000 0.001 0.996 0.001 0.000 0.992 0.019 0.005 0.103 0.000 0.000 0.000 0.066 0.001 0.002 0.000 0.148 0.000 0.000 0.000 0.009 0.000 0.001 0.000 0.000 0.165 0.002 0.000 0.001 0.009 0.000 0.001 0.002 0.006 0.074 0.000 0.000 0.000 0.002 0.000 0.006 0.000 0.222 0.092 0.882 0.053 0.373 0.271 0.345 0.004 0.000 0.002 0.032 0.000 0.052 
40 piano_vis 30 0.003 0.000 0.000 0.000 0.005 0.994 0.814 0.005 0.811 0.001 0.001 0.004 0.000 0.000 0.001 0.000 0.001 0.000 0.001 0.000 0.000 0.000 0.001 0.280 0.003 0.000 0.000 0.000 0.169 0.243 0.039 0.000 0.000 0.000 0.073 0.001 0.805 0.251 0.000 0.097 0.001 0.589 0.000 0.060 0.000 0.046 0.074 0.055 0.000 0.005 0.898 0.001 0.001 0.000 0.000 0.028 0.000 0.000 
41 trumpet_vis 30 0.003 0.000 0.000 0.000 0.018 0.995 0.896 0.003 0.967 0.000 0.028 0.000 0.000 0.000 0.001 0.000 0.000 0.000 0.001 0.016 0.000 0.000 0.003 0.811 0.000 0.000 0.000 0.000 0.777 0.108 0.093 0.000 0.001 0.000 0.004 0.003 0.968 0.256 0.000 0.003 0.001 0.354 0.000 0.739 0.000 0.276 0.004 0.600 0.000 0.000 0.969 0.045 0.000 0.000 0.000 0.010 0.000 0.000 
42 fork_vis 30 0.002 0.000 0.001 0.000 0.001 0.993 0.845 0.001 0.065 0.075 0.000 0.004 0.000 0.000 0.000 0.001 0.001 0.002 0.000 0.000 0.000 0.000 0.000 0.000 0.000 0.000 0.000 0.000 0.000 0.158 0.000 0.001 0.000 0.002 0.864 0.001 0.105 0.190 0.065 0.359 0.000 0.046 0.000 0.000 0.055 0.000 0.160 0.000 0.008 0.023 0.029 0.000 0.201 0.009 0.000 0.008 0.006 0.018 
43 spoon_vis 30 0.002 0.000 0.000 0.000 0.001 0.995 0.286 0.000 0.439 0.413 0.000 0.011 0.000 0.000 0.000 0.001 0.001 0.003 0.000 0.000 0.001 0.000 0.000 0.000 0.000 0.000 0.000 0.000 0.000 0.013 0.000 0.001 0.000 0.000 0.645 0.001 0.001 0.084 0.007 0.001 0.000 0.002 0.000 0.000 0.046 0.000 0.427 0.000 0.053 0.112 0.001 0.000 0.580 0.092 0.000 0.019 0.016 0.091 
44 tongs_vis 30 0.005 0.000 0.220 0.000 0.001 0.995 0.001 0.064 0.000 0.989 0.000 0.002 0.000 0.000 0.000 0.000 0.001 0.215 0.000 0.247 0.022 0.000 0.000 0.000 0.000 0.323 0.000 0.000 0.000 0.000 0.000 0.005 0.002 0.000 0.000 0.014 0.000 0.015 0.000 0.000 0.000 0.000 0.005 0.002 0.002 0.091 0.000 0.002 0.001 0.003 0.000 0.690 0.002 0.165 0.974 0.009 0.314 0.836 
45 ladle_vis 30 0.004 0.000 0.001 0.000 0.001 0.994 0.001 0.002 0.677 0.119 0.000 0.013 0.000 0.000 0.000 0.000 0.004 0.000 0.000 0.000 0.000 0.000 0.000 0.000 0.000 0.000 0.000 0.000 0.000 0.001 0.000 0.000 0.000 0.000 0.169 0.001 0.000 0.025 0.000 0.000 0.000 0.001 0.000 0.000 0.001 0.001 0.467 0.001 0.000 0.007 0.001 0.000 0.160 0.011 0.000 0.071 0.001 0.000 
46 knife_vis 30 0.051 0.000 0.001 0.000 0.001 0.994 0.001 0.000 0.302 0.465 0.000 0.015 0.000 0.000 0.000 0.143 0.001 0.024 0.000 0.000 0.019 0.000 0.000 0.000 0.000 0.001 0.001 0.000 0.000 0.000 0.000 0.439 0.001 0.000 0.127 0.001 0.000 0.027 0.003 0.000 0.000 0.000 0.000 0.000 0.028 0.000 0.036 0.000 0.638 0.401 0.000 0.000 0.730 0.014 0.003 0.001 0.288 0.641 
47 chopsticks_vis 30 0.002 0.000 0.000 0.000 0.002 0.995 0.339 0.000 0.439 0.231 0.000 0.011 0.000 0.000 0.000 0.027 0.000 0.005 0.000 0.000 0.001 0.000 0.000 0.000 0.000 0.000 0.002 0.000 0.000 0.021 0.000 0.054 0.001 0.003 0.548 0.001 0.000 0.126 0.213 0.001 0.000 0.000 0.000 0.000 0.066 0.000 0.101 0.000 0.295 0.222 0.000 0.001 0.584 0.002 0.001 0.001 0.046 0.171 
