0 beaver_vis 30 0.995 0.245 0.620 0.003 0.001 0.064 0.000 0.000 0.000 0.365 0.027 0.001 0.002 0.269 0.023 0.003 0.001 0.000 0.000 0.009 0.978 0.001 0.004 0.001 0.052 0.000 0.000 0.118 0.000 0.003 0.003 0.000 0.001 0.102 0.000 0.001 0.000 0.000 0.002 0.002 0.000 0.016 0.001 0.000 0.000 0.001 0.000 0.002 0.000 0.002 0.000 0.000 0.005 0.322 0.001 0.016 0.021 0.086 
1 bear_vis 30 0.995 0.993 0.008 0.000 0.004 0.003 0.001 0.000 0.000 0.001 0.006 0.043 0.006 0.006 0.030 0.953 0.001 0.000 0.000 0.004 0.004 0.000 0.000 0.000 0.000 0.000 0.000 0.000 0.004 0.014 0.002 0.002 0.000 0.000 0.002 0.001 0.187 0.000 0.000 0.001 0.000 0.000 0.000 0.000 0.000 0.004 0.006 0.000 0.002 0.001 0.000 0.000 0.002 0.004 0.000 0.000 0.001 0.001 
2 sheep_vis 30 0.995 0.984 0.008 0.000 0.003 0.913 0.000 0.000 0.000 0.561 0.002 0.000 0.005 0.021 0.473 0.087 0.002 0.000 0.000 0.000 0.906 0.000 0.001 0.002 0.000 0.000 0.000 0.000 0.000 0.440 0.001 0.000 0.000 0.001 0.001 0.001 0.008 0.000 0.000 0.005 0.000 0.001 0.000 0.000 0.000 0.001 0.001 0.001 0.001 0.006 0.000 0.000 0.005 0.812 0.001 0.000 0.512 0.018 
3 buffalo_vis 30 0.995 0.862 0.176 0.000 0.000 0.053 0.001 0.000 0.000 0.405 0.002 0.004 0.004 0.924 0.041 0.002 0.000 0.000 0.000 0.003 0.518 0.003 0.000 0.000 0.205 0.000 0.000 0.002 0.000 0.001 0.000 0.000 0.002 0.000 0.001 0.001 0.001 0.000 0.118 0.025 0.000 0.000 0.000 0.000 0.000 0.000 0.001 0.000 0.001 0.001 0.000 0.000 0.172 0.332 0.001 0.002 0.045 0.007 
4 poodle_vis 30 0.995 0.991 0.002 0.000 0.001 0.273 0.001 0.000 0.000 0.320 0.033 0.003 0.003 0.361 0.023 0.002 0.000 0.000 0.000 0.000 0.442 0.000 0.000 0.000 0.000 0.000 0.000 0.000 0.000 0.001 0.000 0.000 0.001 0.002 0.001 0.001 0.001 0.000 0.002 0.002 0.000 0.000 0.000 0.000 0.000 0.001 0.000 0.001 0.000 0.001 0.000 0.000 0.011 0.687 0.000 0.000 0.017 0.028 
5 giraffe_vis 30 0.994 0.993 0.011 0.000 0.004 0.004 0.001 0.000 0.000 0.001 0.006 0.041 0.006 0.003 0.029 0.969 0.001 0.000 0.000 0.004 0.003 0.000 0.000 0.000 0.000 0.000 0.000 0.000 0.005 0.019 0.002 0.002 0.000 0.000 0.004 0.001 0.213 0.000 0.000 0.001 0.000 0.000 0.000 0.000 0.000 0.005 0.009 0.000 0.003 0.001 0.000 0.000 0.002 0.003 0.000 0.000 0.001 0.001 
6 robin_vis 30 0.995 0.251 0.980 0.002 0.000 0.020 0.001 0.000 0.000 0.121 0.001 0.000 0.001 0.001 0.340 0.010 0.830 0.003 0.000 0.018 0.866 0.001 0.003 0.013 0.000 0.000 0.000 0.013 0.000 0.001 0.001 0.000 0.000 0.000 0.021 0.001 0.000 0.001 0.003 0.001 0.000 0.001 0.002 0.000 0.000 0.069 0.008 0.002 0.001 0.008 0.000 0.000 0.032 0.021 0.009 0.003 0.157 0.006 
7 swan_vis 30 0.995 0.116 0.986 0.002 0.000 0.004 0.002 0.002 0.000 0.068 0.041 0.000 0.001 0.004 0.015 0.020 0.420 0.302 0.006 0.537 0.975 0.005 0.003 0.000 0.001 0.000 0.001 0.123 0.000 0.000 0.001 0.000 0.000 0.001 0.009 0.056 0.000 0.000 0.006 0.001 0.000 0.005 0.185 0.000 0.000 0.101 0.001 0.267 0.000 0.002 0.000 0.000 0.021 0.012 0.002 0.008 0.005 0.022 
8 woodpecker_vis 30 0.995 0.000 0.006 0.981 0.077 0.037 0.000 0.001 0.000 0.120 0.000 0.000 0.000 0.000 0.000 0.000 0.001 0.000 0.000 0.000 0.021 0.001 0.800 0.034 0.017 0.000 0.001 0.001 0.000 0.000 0.002 0.000 0.025 0.002 0.000 0.000 0.000 0.001 0.002 0.001 0.001 0.003 0.001 0.002 0.006 0.001 0.000 0.002 0.000 0.011 0.000 0.000 0.000 0.015 0.006 0.427 0.005 0.001 
9 peacock_vis 30 0.995 0.010 0.277 0.741 0.001 0.015 0.001 0.014 0.000 0.359 0.002 0.000 0.000 0.077 0.005 0.001 0.004 0.001 0.000 0.008 0.987 0.001 0.243 0.125 0.017 0.000 0.000 0.115 0.000 0.003 0.002 0.000 0.006 0.072 0.000 0.001 0.000 0.000 0.000 0.000 0.000 0.497 0.002 0.000 0.000 0.008 0.001 0.007 0.000 0.003 0.000 0.000 0.001 0.784 0.003 0.068 0.001 0.013 
10 crow_vis 30 0.994 0.016 0.960 0.006 0.000 0.063 0.001 0.035 0.000 0.723 0.004 0.000 0.000 0.002 0.021 0.001 0.100 0.014 0.000 0.011 0.986 0.001 0.006 0.005 0.001 0.000 0.000 0.197 0.000 0.001 0.000 0.000 0.001 0.005 0.000 0.001 0.000 0.000 0.003 0.000 0.000 0.019 0.496 0.000 0.000 0.016 0.004 0.005 0.000 0.002 0.000 0.000 0.010 0.067 0.003 0.171 0.012 0.013 
11 eagle_vis 30 0.995 0.251 0.985 0.009 0.000 0.004 0.001 0.000 0.000 0.233 0.037 0.000 0.001 0.003 0.204 0.001 0.822 0.254 0.000 0.070 0.978 0.011 0.003 0.001 0.001 0.000 0.003 0.231 0.000 0.000 0.001 0.000 0.000 0.000 0.020 0.008 0.000 0.000 0.021 0.000 0.000 0.001 0.208 0.000 0.000 0.114 0.005 0.073 0.000 0.002 0.000 0.000 0.081 0.009 0.016 0.025 0.060 0.061 
12 tuna_vis 30 0.995 0.000 0.001 0.982 0.071 0.008 0.000 0.017 0.000 0.001 0.000 0.000 0.000 0.000 0.000 0.000 0.003 0.001 0.000 0.000 0.007 0.000 0.035 0.948 0.001 0.002 0.001 0.046 0.000 0.028 0.001 0.000 0.000 0.276 0.000 0.000 0.000 0.000 0.000 0.000 0.000 0.109 0.001 0.019 0.000 0.000 0.001 0.001 0.000 0.000 0.000 0.000 0.000 0.001 0.000 0.004 0.000 0.000 
13 goldfish_vis 30 0.995 0.000 0.000 0.983 0.076 0.006 0.000 0.001 0.000 0.001 0.000 0.000 0.000 0.001 0.000 0.000 0.002 0.000 0.000 0.000 0.003 0.000 0.012 0.575 0.000 0.023 0.000 0.010 0.000 0.033 0.000 0.000 0.000 0.004 0.000 0.000 0.000 0.002 0.000 0.000 0.000 0.042 0.000 0.062 0.001 0.000 0.016 0.001 0.000 0.001 0.000 0.000 0.000 0.001 0.000 0.001 0.001 0.000 
14 salmon_vis 30 0.995 0.000 0.004 0.992 0.011 0.001 0.000 0.000 0.000 0.013 0.000 0.000 0.000 0.115 0.000 0.000 0.000 0.000 0.000 0.000 0.003 0.024 0.070 0.002 0.871 0.003 0.004 0.066 0.000 0.000 0.000 0.001 0.011 0.002 0.000 0.000 0.000 0.002 0.004 0.005 0.000 0.020 0.000 0.003 0.008 0.000 0.004 0.001 0.000 0.000 0.004 0.000 0.000 0.001 0.001 0.319 0.001 0.000 
15 sardine_vis 30 0.995 0.000 0.000 0.854 0.046 0.658 0.000 0.000 0.001 0.207 0.000 0.000 0.000 0.001 0.000 0.000 0.000 0.000 0.000 0.000 0.002 0.000 0.575 0.005 0.003 0.000 0.000 0.001 0.000 0.002 0.000 0.000 0.031 0.000 0.000 0.000 0.000 0.021 0.001 0.004 0.000 0.001 0.000 0.075 0.002 0.000 0.001 0.001 0.000 0.014 0.000 0.000 0.000 0.017 0.004 0.083 0.113 0.000 
16 catfish_vis 30 0.995 0.007 0.000 0.061 0.977 0.002 0.000 0.000 0.001 0.001 0.000 0.011 0.002 0.014 0.000 0.000 0.000 0.000 0.000 0.000 0.003 0.000 0.006 0.002 0.001 0.013 0.001 0.002 0.009 0.004 0.001 0.610 0.009 0.002 0.000 0.000 0.002 0.003 0.001 0.061 0.000 0.001 0.000 0.001 0.000 0.000 0.002 0.001 0.000 0.001 0.001 0.000 0.000 0.002 0.000 0.001 0.000 0.000 
17 cod_vis 30 0.995 0.000 0.000 0.985 0.067 0.071 0.000 0.001 0.000 0.004 0.000 0.000 0.000 0.000 0.000 0.000 0.001 0.000 0.000 0.000 0.002 0.000 0.220 0.210 0.001 0.000 0.000 0.002 0.000 0.003 0.000 0.000 0.002 0.001 0.000 0.000 0.000 0.003 0.000 0.000 0.000 0.002 0.000 0.018 0.003 0.000 0.002 0.001 0.000 0.001 0.000 0.000 0.000 0.002 0.002 0.009 0.002 0.000 
18 turtle_vis 30 0.995 0.024 0.000 0.200 0.464 0.050 0.000 0.000 0.001 0.094 0.001 0.000 0.004 0.001 0.001 0.000 0.000 0.000 0.000 0.000 0.001 0.000 0.083 0.004 0.000 0.000 0.000 0.000 0.001 0.017 0.037 0.000 0.006 0.018 0.000 0.000 0.000 0.000 0.001 0.001 0.000 0.001 0.000 0.000 0.000 0.000 0.000 0.002 0.000 0.003 0.000 0.002 0.000 0.062 0.001 0.004 0.001 0.003 
19 rattlesnake_vis 30 0.995 0.600 0.000 0.016 0.884 0.376 0.000 0.000 0.002 0.468 0.047 0.000 0.002 0.001 0.005 0.000 0.000 0.000 0.000 0.000 0.005 0.000 0.114 0.001 0.000 0.000 0.002 0.000 0.000 0.005 0.227 0.000 0.001 0.202 0.000 0.000 0.000 0.000 0.000 0.001 0.000 0.001 0.000 0.000 0.000 0.002 0.000 0.096 0.000 0.118 0.000 0.006 0.000 0.576 0.002 0.001 0.005 0.399 
20 crab_vis 30 0.995 0.006 0.000 0.553 0.914 0.017 0.000 0.047 0.001 0.001 0.000 0.000 0.002 0.001 0.000 0.000 0.000 0.000 0.000 0.000 0.001 0.000 0.088 0.002 0.000 0.001 0.000 0.000 0.001 0.017 0.032 0.000 0.062 0.041 0.000 0.000 0.000 0.001 0.001 0.001 0.001 0.000 0.001 0.000 0.045 0.000 0.000 0.001 0.000 0.002 0.000 0.002 0.000 0.002 0.001 0.001 0.001 0.000 
21 frog_vis 30 0.995 0.002 0.000 0.285 0.365 0.105 0.000 0.000 0.001 0.235 0.000 0.000 0.001 0.002 0.000 0.000 0.000 0.000 0.000 0.000 0.002 0.000 0.119 0.000 0.003 0.000 0.000 0.001 0.000 0.003 0.001 0.000 0.096 0.019 0.000 0.000 0.000 0.000 0.013 0.007 0.000 0.001 0.000 0.000 0.003 0.000 0.000 0.001 0.000 0.011 0.001 0.001 0.000 0.098 0.004 0.008 0.006 0.003 
22 gecko_vis 30 0.995 0.005 0.001 0.723 0.170 0.019 0.000 0.041 0.001 0.078 0.001 0.000 0.001 0.001 0.000 0.000 0.000 0.018 0.000 0.000 0.023 0.000 0.298 0.020 0.000 0.000 0.017 0.001 0.000 0.006 0.054 0.000 0.004 0.183 0.000 0.000 0.000 0.000 0.000 0.001 0.001 0.005 0.018 0.000 0.000 0.208 0.000 0.197 0.000 0.002 0.000 0.001 0.000 0.019 0.008 0.020 0.001 0.008 
23 crocodile_vis 30 0.995 0.048 0.000 0.529 0.963 0.034 0.000 0.000 0.002 0.034 0.005 0.000 0.009 0.001 0.000 0.000 0.000 0.000 0.000 0.000 0.002 0.003 0.797 0.003 0.000 0.000 0.023 0.001 0.001 0.007 0.432 0.000 0.004 0.095 0.000 0.000 0.000 0.000 0.000 0.001 0.005 0.000 0.001 0.000 0.000 0.000 0.000 0.153 0.000 0.001 0.000 0.007 0.000 0.009 0.013 0.006 0.001 0.135 
24 axe_vis 30 0.001 0.000 0.000 0.000 0.000 0.995 0.975 0.001 0.022 0.003 0.000 0.000 0.005 0.000 0.000 0.002 0.010 0.000 0.000 0.000 0.000 0.000 0.000 0.000 0.000 0.000 0.000 0.000 0.000 0.001 0.000 0.000 0.000 0.000 0.282 0.001 0.501 0.012 0.013 0.010 0.000 0.001 0.000 0.010 0.001 0.000 0.293 0.000 0.011 0.005 0.002 0.000 0.004 0.001 0.000 0.001 0.011 0.000 
25 hammer_vis 30 0.003 0.001 0.002 0.000 0.000 0.995 0.990 0.050 0.001 0.077 0.000 0.001 0.000 0.000 0.000 0.000 0.000 0.000 0.000 0.033 0.000 0.000 0.000 0.000 0.000 0.000 0.000 0.000 0.000 0.000 0.000 0.000 0.000 0.000 0.002 0.929 0.010 0.226 0.014 0.010 0.003 0.052 0.000 0.000 0.003 0.000 0.001 0.000 0.000 0.001 0.001 0.000 0.257 0.001 0.026 0.000 0.001 0.019 
26 screwdriver_vis 30 0.001 0.001 0.000 0.000 0.000 0.995 0.982 0.000 0.011 0.002 0.000 0.000 0.010 0.000 0.000 0.005 0.003 0.000 0.000 0.000 0.000 0.000 0.000 0.000 0.000 0.000 0.000 0.000 0.000 0.001 0.000 0.000 0.000 0.000 0.040 0.005 0.902 0.011 0.001 0.029 0.000 0.001 0.000 0.010 0.000 0.000 0.032 0.000 0.012 0.002 0.003 0.000 0.005 0.000 0.000 0.000 0.007 0.000 
27 chisel_vis 30 0.001 0.000 0.000 0.000 0.000 0.995 0.987 0.000 0.014 0.028 0.000 0.000 0.006 0.000 0.000 0.000 0.003 0.000 0.000 0.000 0.000 0.000 0.000 0.000 0.000 0.000 0.000 0.000 0.000 0.000 0.000 0.000 0.000 0.000 0.611 0.002 0.559 0.042 0.012 0.043 0.000 0.001 0.000 0.001 0.000 0.000 0.126 0.000 0.009 0.002 0.001 0.000 0.023 0.001 0.001 0.001 0.060 0.001 
28 saw_vis 30 0.001 0.001 0.000 0.000 0.000 0.995 0.987 0.000 0.001 0.011 0.000 0.002 0.001 0.000 0.000 0.002 0.000 0.000 0.000 0.001 0.000 0.000 0.000 0.000 0.000 0.000 0.000 0.000 0.000 0.000 0.000 0.000 0.000 0.000 0.006 0.794 0.054 0.010 0.008 0.021 0.000 0.004 0.000 0.000 0.000 0.000 0.000 0.000 0.001 0.001 0.007 0.000 0.123 0.001 0.002 0.000 0.002 0.003 
29 drill_vis 30 0.001 0.001 0.000 0.000 0.000 0.995 0.971 0.002 0.001 0.003 0.000 0.001 0.002 0.000 0.000 0.001 0.000 0.000 0.001 0.006 0.000 0.000 0.000 0.000 0.000 0.000 0.000 0.000 0.000 0.000 0.000 0.000 0.000 0.000 0.004 0.634 0.037 0.042 0.003 0.014 0.001 0.005 0.000 0.000 0.001 0.000 0.000 0.000 0.001 0.001 0.001 0.000 0.077 0.000 0.004 0.000 0.001 0.001 
30 clamp_vis 30 0.003 0.000 0.001 0.001 0.000 0.995 0.014 0.838 0.001 0.035 0.000 0.000 0.000 0.000 0.000 0.000 0.000 0.000 0.001 0.001 0.000 0.000 0.003 0.000 0.000 0.000 0.000 0.000 0.000 0.000 0.000 0.000 0.001 0.000 0.000 0.003 0.000 0.059 0.000 0.001 0.598 0.011 0.001 0.027 0.001 0.003 0.000 0.000 0.000 0.001 0.000 0.001 0.001 0.001 0.089 0.001 0.000 0.001 
31 hoe_vis 30 0.002 0.000 0.000 0.033 0.000 0.995 0.001 0.001 0.006 0.971 0.000 0.000 0.000 0.000 0.000 0.000 0.001 0.000 0.000 0.000 0.000 0.000 0.005 0.009 0.000 0.000 0.000 0.000 0.000 0.001 0.000 0.000 0.000 0.000 0.001 0.001 0.001 0.002 0.000 0.001 0.000 0.008 0.001 0.002 0.002 0.000 0.002 0.001 0.000 0.011 0.001 0.001 0.005 0.010 0.004 0.344 0.204 0.001 
32 rake_vis 30 0.004 0.000 0.003 0.001 0.000 0.995 0.027 0.982 0.003 0.006 0.000 0.000 0.000 0.000 0.000 0.000 0.001 0.000 0.003 0.001 0.001 0.000 0.001 0.005 0.000 0.001 0.000 0.000 0.000 0.000 0.000 0.000 0.000 0.001 0.001 0.004 0.002 0.006 0.000 0.000 0.064 0.168 0.232 0.023 0.003 0.022 0.001 0.001 0.000 0.001 0.001 0.006 0.000 0.000 0.006 0.001 0.000 0.001 
33 shovel_vis 30 0.008 0.000 0.000 0.003 0.000 0.995 0.001 0.009 0.001 0.991 0.000 0.000 0.000 0.000 0.001 0.000 0.001 0.000 0.000 0.000 0.000 0.001 0.137 0.001 0.000 0.000 0.000 0.000 0.000 0.000 0.000 0.000 0.000 0.000 0.000 0.001 0.000 0.111 0.001 0.001 0.005 0.002 0.001 0.004 0.001 0.009 0.001 0.000 0.001 0.001 0.000 0.001 0.045 0.047 0.978 0.100 0.002 0.008 
34 spade_vis 30 0.002 0.000 0.000 0.001 0.000 0.995 0.008 0.324 0.011 0.006 0.000 0.000 0.000 0.000 0.000 0.000 0.000 0.000 0.000 0.000 0.000 0.000 0.001 0.000 0.000 0.000 0.000 0.000 0.000 0.000 0.000 0.000 0.008 0.000 0.002 0.001 0.000 0.005 0.021 0.000 0.001 0.001 0.001 0.003 0.083 0.001 0.002 0.001 0.001 0.005 0.001 0.002 0.000 0.002 0.005 0.010 0.001 0.000 
35 wrench_vis 30 0.016 0.000 0.000 0.234 0.000 0.995 0.000 0.199 0.002 0.985 0.000 0.000 0.000 0.000 0.001 0.000 0.005 0.000 0.000 0.000 0.001 0.000 0.003 0.287 0.000 0.000 0.000 0.002 0.000 0.001 0.000 0.000 0.000 0.000 0.000 0.001 0.000 0.018 0.000 0.000 0.000 0.816 0.009 0.003 0.009 0.004 0.049 0.001 0.001 0.002 0.001 0.004 0.008 0.021 0.390 0.053 0.002 0.000 
36 accordion_vis 30 0.002 0.000 0.000 0.019 0.001 0.995 0.001 0.000 0.818 0.916 0.000 0.000 0.000 0.000 0.001 0.000 0.000 0.000 0.000 0.000 0.000 0.000 0.003 0.125 0.000 0.000 0.000 0.001 0.000 0.165 0.000 0.000 0.001 0.000 0.000 0.001 0.004 0.001 0.000 0.001 0.000 0.399 0.000 0.001 0.000 0.000 0.005 0.001 0.001 0.037 0.007 0.031 0.001 0.202 0.001 0.026 0.070 0.001 
37 cello_vis 30 0.024 0.000 0.000 0.001 0.001 0.995 0.001 0.000 0.796 0.294 0.001 0.000 0.006 0.000 0.002 0.000 0.000 0.000 0.000 0.000 0.001 0.000 0.021 0.004 0.000 0.000 0.000 0.000 0.000 0.001 0.023 0.000 0.000 0.007 0.002 0.014 0.003 0.001 0.000 0.009 0.021 0.016 0.003 0.000 0.000 0.001 0.001 0.165 0.001 0.012 0.003 0.571 0.001 0.020 0.011 0.021 0.003 0.327 
38 flute_vis 30 0.002 0.000 0.000 0.009 0.000 0.995 0.001 0.000 0.389 0.974 0.000 0.000 0.000 0.000 0.001 0.000 0.001 0.000 0.000 0.000 0.000 0.000 0.001 0.029 0.000 0.000 0.000 0.001 0.000 0.057 0.000 0.000 0.000 0.000 0.000 0.001 0.007 0.002 0.000 0.004 0.000 0.071 0.000 0.004 0.000 0.000 0.011 0.000 0.003 0.036 0.003 0.002 0.002 0.057 0.002 0.045 0.507 0.001 
39 guitar_vis 30 0.007 0.000 0.000 0.054 0.000 0.995 0.001 0.000 0.820 0.989 0.000 0.000 0.000 0.000 0.006 0.000 0.002 0.000 0.000 0.000 0.000 0.000 0.030 0.149 0.000 0.000 0.000 0.000 0.000 0.021 0.000 0.000 0.000 0.000 0.000 0.001 0.000 0.002 0.001 0.005 0.000 0.004 0.000 0.002 0.000 0.000 0.004 0.001 0.003 0.674 0.000 0.004 0.001 0.152 0.068 0.487 0.832 0.008 
40 piano_vis 30 0.165 0.001 0.000 0.003 0.686 0.382 0.001 0.002 0.323 0.002 0.001 0.000 0.002 0.001 0.000 0.025 0.000 0.000 0.002 0.000 0.003 0.000 0.001 0.013 0.000 0.006 0.000 0.005 0.000 0.463 0.007 0.023 0.162 0.510 0.000 0.002 0.005 0.000 0.000 0.001 0.001 0.020 0.001 0.000 0.001 0.001 0.001 0.014 0.001 0.005 0.129 0.013 0.000 0.003 0.000 0.001 0.001 0.001 
41 trumpet_vis 30 0.009 0.000 0.000 0.001 0.007 0.995 0.001 0.004 0.975 0.015 0.000 0.001 0.000 0.000 0.002 0.001 0.000 0.000 0.000 0.000 0.000 0.000 0.003 0.008 0.000 0.000 0.000 0.000 0.000 0.002 0.059 0.000 0.001 0.005 0.000 0.009 0.001 0.002 0.000 0.001 0.072 0.048 0.003 0.000 0.000 0.111 0.000 0.022 0.053 0.020 0.005 0.964 0.000 0.099 0.085 0.000 0.000 0.009 
42 fork_vis 30 0.035 0.062 0.000 0.000 0.000 0.995 0.033 0.000 0.001 0.741 0.000 0.000 0.428 0.000 0.281 0.000 0.025 0.000 0.000 0.000 0.001 0.006 0.001 0.004 0.000 0.000 0.000 0.000 0.000 0.013 0.000 0.000 0.000 0.000 0.547 0.001 0.008 0.001 0.002 0.015 0.000 0.000 0.000 0.000 0.000 0.000 0.000 0.000 0.020 0.002 0.000 0.000 0.212 0.005 0.003 0.011 0.560 0.082 
43 spoon_vis 30 0.003 0.001 0.000 0.000 0.000 0.996 0.001 0.000 0.000 0.994 0.000 0.000 0.000 0.001 0.002 0.000 0.000 0.000 0.000 0.000 0.001 0.000 0.001 0.000 0.000 0.000 0.000 0.000 0.000 0.000 0.000 0.000 0.000 0.000 0.001 0.000 0.001 0.000 0.001 0.005 0.000 0.004 0.000 0.000 0.000 0.000 0.000 0.000 0.000 0.004 0.000 0.000 0.119 0.967 0.016 0.005 0.036 0.010 
44 tongs_vis 30 0.008 0.008 0.000 0.000 0.000 0.995 0.009 0.000 0.001 0.989 0.001 0.000 0.010 0.000 0.097 0.000 0.002 0.000 0.000 0.000 0.001 0.001 0.010 0.001 0.000 0.000 0.000 0.000 0.000 0.001 0.000 0.000 0.000 0.000 0.022 0.002 0.001 0.002 0.001 0.003 0.000 0.000 0.002 0.000 0.000 0.001 0.000 0.001 0.000 0.002 0.000 0.003 0.038 0.006 0.192 0.003 0.089 0.719 
45 ladle_vis 30 0.002 0.000 0.000 0.007 0.000 0.996 0.001 0.004 0.001 0.982 0.000 0.000 0.000 0.000 0.000 0.000 0.001 0.000 0.000 0.000 0.001 0.000 0.005 0.007 0.000 0.000 0.000 0.001 0.000 0.001 0.000 0.000 0.000 0.000 0.001 0.000 0.000 0.001 0.001 0.001 0.000 0.008 0.075 0.001 0.001 0.000 0.002 0.000 0.000 0.009 0.000 0.000 0.002 0.015 0.002 0.929 0.108 0.004 
46 knife_vis 30 0.002 0.001 0.000 0.000 0.000 0.996 0.003 0.000 0.001 0.992 0.000 0.000 0.002 0.000 0.001 0.000 0.000 0.000 0.000 0.000 0.000 0.000 0.001 0.000 0.000 0.000 0.000 0.000 0.000 0.008 0.000 0.000 0.000 0.000 0.003 0.000 0.022 0.002 0.001 0.047 0.000 0.000 0.000 0.000 0.000 0.000 0.000 0.000 0.000 0.008 0.000 0.000 0.012 0.028 0.003 0.010 0.963 0.016 
47 chopsticks_vis 30 0.170 0.003 0.000 0.000 0.000 0.995 0.007 0.000 0.002 0.843 0.000 0.000 0.027 0.000 0.016 0.000 0.001 0.000 0.000 0.000 0.001 0.002 0.019 0.006 0.000 0.000 0.000 0.000 0.000 0.004 0.001 0.000 0.000 0.000 0.031 0.001 0.001 0.001 0.001 0.006 0.000 0.000 0.001 0.000 0.000 0.000 0.000 0.001 0.000 0.002 0.000 0.002 0.020 0.006 0.013 0.010 0.141 0.449 
