0 beaver_vis 30 0.956 0.151 0.022 0.002 0.817 0.019 0.136 0.006 0.002 0.001 0.001 0.725 0.000 0.001 0.000 0.021 0.003 0.000 0.001 0.233 0.552 0.000 0.007 0.000 0.000 0.000 0.001 0.001 0.005 0.985 0.002 0.018 0.011 0.037 0.000 0.007 0.003 0.454 0.022 0.002 0.146 0.000 0.004 0.001 0.000 0.201 0.096 0.000 0.001 0.001 0.001 0.021 0.014 0.025 0.010 0.000 0.000 0.014 
1 bear_vis 30 0.792 0.001 0.001 0.001 0.913 0.226 0.397 0.003 0.085 0.001 0.000 0.055 0.111 0.001 0.002 0.001 0.051 0.000 0.000 0.003 0.007 0.000 0.012 0.001 0.001 0.000 0.000 0.001 0.008 0.512 0.179 0.104 0.145 0.540 0.001 0.277 0.064 0.006 0.137 0.029 0.001 0.001 0.017 0.001 0.001 0.002 0.001 0.002 0.001 0.002 0.858 0.001 0.043 0.008 0.002 0.000 0.001 0.008 
2 sheep_vis 30 0.992 0.001 0.001 0.010 0.983 0.005 0.008 0.004 0.003 0.001 0.000 0.066 0.000 0.000 0.000 0.005 0.001 0.000 0.001 0.008 0.029 0.000 0.008 0.001 0.000 0.001 0.001 0.001 0.004 0.662 0.004 0.013 0.028 0.207 0.000 0.003 0.001 0.018 0.003 0.001 0.024 0.001 0.001 0.001 0.001 0.008 0.021 0.000 0.000 0.000 0.001 0.003 0.003 0.002 0.001 0.000 0.000 0.001 
3 buffalo_vis 30 0.967 0.002 0.001 0.003 0.971 0.017 0.075 0.006 0.001 0.001 0.000 0.282 0.001 0.001 0.000 0.004 0.001 0.000 0.001 0.021 0.049 0.000 0.007 0.001 0.000 0.001 0.001 0.001 0.007 0.579 0.022 0.056 0.087 0.401 0.001 0.003 0.004 0.014 0.030 0.004 0.012 0.001 0.001 0.001 0.001 0.005 0.010 0.000 0.001 0.000 0.003 0.001 0.007 0.004 0.002 0.000 0.000 0.001 
4 poodle_vis 30 0.847 0.489 0.010 0.001 0.104 0.241 0.804 0.006 0.001 0.001 0.003 0.747 0.000 0.018 0.000 0.007 0.000 0.000 0.001 0.227 0.115 0.000 0.001 0.001 0.000 0.000 0.000 0.001 0.002 0.917 0.001 0.008 0.002 0.001 0.001 0.020 0.010 0.471 0.108 0.001 0.040 0.000 0.006 0.002 0.000 0.005 0.001 0.000 0.001 0.003 0.000 0.001 0.001 0.009 0.080 0.000 0.000 0.012 
5 giraffe_vis 30 0.013 0.000 0.001 0.002 0.009 0.996 0.856 0.004 0.003 0.001 0.000 0.002 0.000 0.002 0.000 0.002 0.000 0.000 0.000 0.003 0.002 0.000 0.001 0.001 0.000 0.000 0.001 0.001 0.013 0.012 0.001 0.000 0.001 0.001 0.001 0.009 0.750 0.010 0.010 0.020 0.001 0.001 0.001 0.002 0.000 0.001 0.001 0.001 0.002 0.000 0.105 0.001 0.000 0.001 0.003 0.000 0.003 0.001 
6 robin_vis 30 0.982 0.074 0.037 0.003 0.446 0.008 0.004 0.015 0.002 0.001 0.001 0.713 0.000 0.000 0.000 0.006 0.001 0.000 0.001 0.087 0.170 0.000 0.011 0.001 0.000 0.001 0.002 0.002 0.001 0.213 0.003 0.005 0.047 0.126 0.000 0.002 0.001 0.012 0.002 0.001 0.007 0.001 0.001 0.001 0.001 0.012 0.037 0.000 0.000 0.000 0.001 0.002 0.012 0.002 0.006 0.000 0.000 0.001 
7 swan_vis 30 0.650 0.001 0.001 0.002 0.107 0.425 0.001 0.461 0.001 0.001 0.000 0.387 0.000 0.000 0.000 0.021 0.000 0.000 0.000 0.021 0.002 0.000 0.002 0.001 0.000 0.002 0.004 0.002 0.046 0.399 0.000 0.227 0.001 0.042 0.000 0.001 0.001 0.003 0.000 0.001 0.109 0.002 0.001 0.005 0.013 0.118 0.009 0.000 0.000 0.000 0.000 0.003 0.003 0.000 0.001 0.001 0.000 0.000 
8 woodpecker_vis 30 0.991 0.002 0.001 0.010 0.985 0.004 0.003 0.002 0.002 0.001 0.000 0.186 0.000 0.001 0.000 0.008 0.000 0.000 0.001 0.001 0.001 0.000 0.006 0.001 0.000 0.000 0.001 0.002 0.002 0.081 0.006 0.009 0.633 0.736 0.000 0.001 0.003 0.001 0.054 0.001 0.003 0.001 0.000 0.000 0.001 0.003 0.012 0.000 0.000 0.000 0.002 0.001 0.003 0.002 0.001 0.000 0.000 0.000 
9 peacock_vis 30 0.990 0.001 0.001 0.012 0.982 0.006 0.004 0.010 0.001 0.001 0.000 0.047 0.000 0.000 0.000 0.032 0.001 0.000 0.001 0.003 0.011 0.000 0.014 0.001 0.000 0.000 0.001 0.001 0.006 0.282 0.002 0.006 0.068 0.349 0.000 0.001 0.001 0.004 0.007 0.001 0.009 0.001 0.001 0.001 0.001 0.007 0.015 0.000 0.000 0.000 0.001 0.001 0.005 0.002 0.001 0.000 0.000 0.000 
10 crow_vis 30 0.787 0.002 0.001 0.002 0.675 0.225 0.001 0.669 0.001 0.001 0.000 0.545 0.000 0.000 0.000 0.024 0.001 0.000 0.000 0.053 0.033 0.000 0.002 0.001 0.000 0.001 0.004 0.002 0.024 0.789 0.001 0.152 0.003 0.254 0.000 0.001 0.001 0.004 0.000 0.002 0.389 0.002 0.001 0.003 0.018 0.081 0.047 0.000 0.000 0.000 0.000 0.002 0.015 0.002 0.004 0.000 0.000 0.000 
11 eagle_vis 30 0.768 0.007 0.001 0.002 0.500 0.173 0.001 0.151 0.001 0.001 0.000 0.675 0.000 0.000 0.000 0.028 0.000 0.000 0.001 0.125 0.024 0.000 0.002 0.001 0.000 0.001 0.003 0.002 0.026 0.804 0.001 0.165 0.005 0.035 0.000 0.001 0.001 0.011 0.001 0.001 0.041 0.001 0.001 0.005 0.009 0.066 0.027 0.000 0.000 0.000 0.000 0.006 0.003 0.001 0.001 0.000 0.000 0.000 
12 tuna_vis 30 0.019 0.000 0.002 0.011 0.002 0.512 0.002 0.003 0.989 0.001 0.000 0.010 0.000 0.000 0.000 0.004 0.003 0.000 0.001 0.822 0.001 0.000 0.003 0.001 0.001 0.694 0.009 0.002 0.000 0.043 0.000 0.011 0.003 0.001 0.000 0.002 0.006 0.003 0.001 0.001 0.000 0.001 0.002 0.011 0.009 0.006 0.274 0.004 0.002 0.007 0.010 0.098 0.000 0.000 0.001 0.000 0.000 0.000 
13 goldfish_vis 30 0.005 0.000 0.001 0.002 0.002 0.995 0.021 0.004 0.897 0.001 0.000 0.001 0.000 0.001 0.000 0.001 0.001 0.000 0.001 0.005 0.000 0.000 0.001 0.001 0.000 0.046 0.000 0.002 0.000 0.010 0.000 0.013 0.002 0.000 0.000 0.037 0.022 0.007 0.001 0.002 0.000 0.001 0.010 0.014 0.001 0.001 0.012 0.001 0.055 0.001 0.035 0.003 0.000 0.000 0.001 0.000 0.001 0.000 
14 salmon_vis 30 0.447 0.002 0.003 0.003 0.877 0.018 0.003 0.005 0.983 0.001 0.000 0.170 0.001 0.001 0.001 0.003 0.004 0.000 0.001 0.030 0.012 0.000 0.008 0.001 0.002 0.004 0.001 0.003 0.005 0.843 0.029 0.394 0.192 0.008 0.000 0.004 0.015 0.003 0.002 0.001 0.001 0.001 0.351 0.002 0.002 0.095 0.851 0.005 0.004 0.023 0.832 0.150 0.001 0.001 0.001 0.000 0.002 0.001 
15 sardine_vis 30 0.033 0.000 0.002 0.003 0.200 0.118 0.003 0.004 0.987 0.001 0.000 0.050 0.000 0.000 0.000 0.001 0.001 0.000 0.001 0.024 0.003 0.000 0.003 0.001 0.001 0.007 0.001 0.003 0.002 0.759 0.003 0.214 0.026 0.001 0.000 0.003 0.005 0.003 0.001 0.001 0.001 0.001 0.061 0.002 0.001 0.020 0.758 0.002 0.002 0.004 0.057 0.459 0.001 0.001 0.001 0.000 0.000 0.000 
16 catfish_vis 30 0.003 0.000 0.001 0.002 0.002 0.996 0.703 0.005 0.044 0.001 0.000 0.000 0.000 0.001 0.000 0.001 0.000 0.001 0.000 0.002 0.001 0.000 0.001 0.001 0.000 0.000 0.002 0.002 0.001 0.002 0.000 0.000 0.001 0.000 0.001 0.007 0.477 0.007 0.002 0.020 0.001 0.001 0.001 0.015 0.000 0.001 0.001 0.002 0.008 0.001 0.033 0.001 0.000 0.000 0.001 0.000 0.003 0.000 
17 cod_vis 30 0.004 0.000 0.002 0.004 0.004 0.992 0.003 0.008 0.988 0.001 0.000 0.003 0.000 0.000 0.000 0.001 0.002 0.000 0.001 0.016 0.001 0.000 0.002 0.001 0.000 0.008 0.001 0.003 0.001 0.421 0.001 0.049 0.002 0.001 0.000 0.002 0.006 0.012 0.000 0.001 0.001 0.004 0.002 0.008 0.001 0.007 0.756 0.001 0.002 0.001 0.002 0.385 0.001 0.001 0.001 0.000 0.000 0.000 
18 turtle_vis 30 0.004 0.000 0.004 0.002 0.005 0.996 0.993 0.003 0.056 0.001 0.000 0.001 0.000 0.001 0.000 0.001 0.002 0.002 0.000 0.002 0.012 0.000 0.001 0.001 0.000 0.000 0.003 0.001 0.005 0.004 0.001 0.000 0.001 0.007 0.001 0.044 0.954 0.002 0.040 0.837 0.000 0.004 0.001 0.010 0.000 0.001 0.001 0.001 0.003 0.001 0.941 0.001 0.002 0.000 0.001 0.000 0.075 0.000 
19 rattlesnake_vis 30 0.959 0.493 0.026 0.002 0.093 0.153 0.009 0.006 0.019 0.230 0.002 0.021 0.000 0.033 0.000 0.677 0.040 0.000 0.001 0.008 0.417 0.000 0.008 0.001 0.000 0.000 0.000 0.001 0.002 0.983 0.000 0.001 0.003 0.002 0.000 0.002 0.002 0.401 0.001 0.041 0.012 0.004 0.001 0.001 0.000 0.012 0.876 0.000 0.001 0.001 0.001 0.009 0.059 0.384 0.037 0.003 0.001 0.001 
20 crab_vis 30 0.006 0.000 0.006 0.001 0.005 0.996 0.988 0.002 0.065 0.001 0.000 0.005 0.001 0.001 0.000 0.001 0.006 0.001 0.000 0.124 0.001 0.000 0.001 0.001 0.000 0.010 0.001 0.001 0.001 0.016 0.001 0.000 0.001 0.016 0.001 0.077 0.879 0.001 0.672 0.012 0.000 0.001 0.003 0.004 0.000 0.001 0.001 0.000 0.001 0.043 0.976 0.001 0.001 0.001 0.001 0.000 0.002 0.000 
21 frog_vis 30 0.993 0.009 0.001 0.087 0.984 0.004 0.003 0.002 0.002 0.001 0.000 0.056 0.073 0.003 0.001 0.001 0.001 0.000 0.001 0.001 0.001 0.000 0.002 0.001 0.001 0.030 0.000 0.005 0.015 0.026 0.007 0.886 0.052 0.095 0.000 0.002 0.001 0.001 0.004 0.001 0.001 0.000 0.002 0.000 0.001 0.001 0.005 0.000 0.000 0.000 0.010 0.001 0.001 0.001 0.001 0.000 0.000 0.000 
22 gecko_vis 30 0.975 0.048 0.001 0.002 0.904 0.008 0.004 0.002 0.003 0.001 0.000 0.795 0.002 0.001 0.000 0.011 0.000 0.000 0.001 0.005 0.002 0.000 0.002 0.001 0.000 0.000 0.001 0.001 0.004 0.080 0.002 0.069 0.065 0.557 0.000 0.001 0.003 0.001 0.034 0.002 0.002 0.001 0.000 0.000 0.001 0.007 0.012 0.000 0.000 0.000 0.007 0.001 0.003 0.004 0.001 0.000 0.001 0.000 
23 crocodile_vis 30 0.865 0.098 0.001 0.001 0.938 0.180 0.229 0.002 0.001 0.001 0.000 0.631 0.605 0.001 0.001 0.002 0.005 0.000 0.000 0.003 0.001 0.000 0.001 0.001 0.000 0.001 0.000 0.001 0.107 0.405 0.001 0.524 0.004 0.882 0.000 0.002 0.002 0.004 0.609 0.010 0.001 0.001 0.000 0.000 0.000 0.003 0.001 0.000 0.000 0.000 0.527 0.001 0.010 0.041 0.001 0.000 0.001 0.003 
24 axe_vis 30 0.003 0.000 0.001 0.002 0.001 0.997 0.859 0.003 0.001 0.001 0.000 0.001 0.000 0.001 0.000 0.002 0.000 0.046 0.000 0.002 0.002 0.000 0.001 0.001 0.000 0.000 0.026 0.009 0.075 0.001 0.001 0.000 0.000 0.000 0.157 0.003 0.775 0.017 0.032 0.004 0.001 0.001 0.001 0.008 0.001 0.001 0.001 0.005 0.005 0.001 0.001 0.001 0.000 0.000 0.002 0.000 0.012 0.002 
25 hammer_vis 30 0.002 0.000 0.001 0.002 0.004 0.997 0.080 0.983 0.001 0.002 0.001 0.001 0.000 0.001 0.000 0.001 0.000 0.001 0.000 0.000 0.027 0.000 0.001 0.000 0.000 0.000 0.002 0.001 0.104 0.014 0.002 0.001 0.000 0.004 0.001 0.002 0.002 0.047 0.007 0.001 0.963 0.002 0.021 0.025 0.008 0.002 0.001 0.000 0.001 0.000 0.000 0.001 0.001 0.000 0.051 0.003 0.000 0.001 
26 screwdriver_vis 30 0.649 0.002 0.001 0.002 0.093 0.808 0.991 0.003 0.001 0.001 0.001 0.004 0.003 0.012 0.000 0.003 0.000 0.007 0.000 0.002 0.004 0.000 0.001 0.001 0.000 0.000 0.012 0.002 0.639 0.002 0.006 0.003 0.001 0.001 0.087 0.008 0.896 0.008 0.151 0.012 0.001 0.001 0.002 0.002 0.001 0.001 0.001 0.004 0.002 0.001 0.005 0.001 0.000 0.000 0.003 0.000 0.010 0.001 
27 chisel_vis 30 0.002 0.000 0.001 0.002 0.003 0.997 0.099 0.970 0.001 0.002 0.001 0.001 0.000 0.001 0.000 0.001 0.000 0.001 0.000 0.000 0.028 0.000 0.001 0.000 0.000 0.000 0.003 0.002 0.052 0.027 0.001 0.001 0.000 0.004 0.004 0.002 0.003 0.125 0.032 0.001 0.968 0.001 0.009 0.019 0.004 0.002 0.001 0.000 0.001 0.000 0.000 0.002 0.001 0.000 0.021 0.002 0.000 0.002 
28 saw_vis 30 0.911 0.005 0.001 0.001 0.675 0.301 0.993 0.002 0.001 0.001 0.000 0.124 0.093 0.014 0.000 0.001 0.000 0.002 0.000 0.002 0.001 0.000 0.001 0.001 0.000 0.000 0.001 0.001 0.135 0.073 0.002 0.072 0.001 0.109 0.004 0.124 0.056 0.005 0.936 0.033 0.001 0.001 0.002 0.001 0.000 0.001 0.001 0.000 0.000 0.000 0.131 0.001 0.001 0.001 0.001 0.001 0.002 0.002 
29 drill_vis 30 0.006 0.000 0.027 0.020 0.003 0.997 0.994 0.009 0.003 0.004 0.000 0.000 0.001 0.001 0.000 0.001 0.005 0.005 0.000 0.001 0.099 0.000 0.006 0.000 0.000 0.000 0.005 0.001 0.006 0.038 0.002 0.000 0.001 0.014 0.001 0.526 0.717 0.255 0.037 0.943 0.001 0.043 0.000 0.010 0.000 0.001 0.001 0.001 0.001 0.000 0.545 0.001 0.016 0.001 0.001 0.001 0.025 0.005 
30 clamp_vis 30 0.002 0.000 0.001 0.002 0.001 0.997 0.006 0.987 0.001 0.001 0.001 0.001 0.000 0.001 0.000 0.001 0.000 0.001 0.000 0.000 0.004 0.000 0.001 0.000 0.000 0.000 0.002 0.002 0.017 0.007 0.001 0.000 0.000 0.003 0.001 0.001 0.001 0.023 0.057 0.001 0.657 0.003 0.035 0.144 0.010 0.021 0.001 0.000 0.001 0.000 0.000 0.002 0.001 0.000 0.004 0.006 0.000 0.001 
31 hoe_vis 30 0.001 0.000 0.001 0.002 0.001 0.997 0.001 0.989 0.008 0.027 0.000 0.000 0.000 0.006 0.000 0.000 0.000 0.000 0.000 0.000 0.000 0.000 0.001 0.001 0.000 0.000 0.000 0.002 0.002 0.001 0.010 0.002 0.002 0.002 0.000 0.001 0.001 0.001 0.002 0.027 0.002 0.987 0.070 0.055 0.049 0.007 0.009 0.001 0.046 0.000 0.001 0.002 0.005 0.001 0.017 0.016 0.092 0.000 
32 rake_vis 30 0.002 0.000 0.001 0.002 0.001 0.997 0.003 0.973 0.001 0.001 0.000 0.001 0.000 0.000 0.000 0.000 0.000 0.001 0.000 0.000 0.002 0.000 0.001 0.000 0.000 0.000 0.001 0.002 0.011 0.010 0.001 0.000 0.000 0.038 0.000 0.001 0.001 0.008 0.554 0.001 0.714 0.005 0.009 0.023 0.004 0.070 0.001 0.000 0.000 0.000 0.000 0.001 0.001 0.000 0.001 0.005 0.000 0.003 
33 shovel_vis 30 0.001 0.000 0.001 0.002 0.001 0.997 0.002 0.987 0.001 0.001 0.001 0.001 0.000 0.001 0.000 0.001 0.000 0.001 0.000 0.000 0.001 0.000 0.001 0.000 0.000 0.000 0.001 0.003 0.011 0.003 0.001 0.001 0.000 0.002 0.000 0.001 0.004 0.007 0.058 0.001 0.254 0.010 0.082 0.227 0.007 0.051 0.001 0.000 0.002 0.000 0.000 0.002 0.001 0.000 0.002 0.007 0.000 0.000 
34 spade_vis 30 0.002 0.000 0.001 0.002 0.002 0.997 0.001 0.992 0.003 0.001 0.001 0.001 0.000 0.001 0.000 0.001 0.000 0.000 0.000 0.000 0.001 0.000 0.001 0.001 0.000 0.000 0.000 0.004 0.020 0.004 0.003 0.002 0.001 0.006 0.000 0.001 0.001 0.001 0.002 0.001 0.104 0.183 0.054 0.054 0.089 0.167 0.006 0.001 0.001 0.000 0.000 0.014 0.002 0.000 0.004 0.001 0.001 0.000 
35 wrench_vis 30 0.001 0.000 0.001 0.001 0.001 0.997 0.001 0.993 0.009 0.002 0.000 0.000 0.000 0.005 0.000 0.000 0.000 0.000 0.000 0.000 0.000 0.000 0.001 0.001 0.000 0.000 0.000 0.012 0.001 0.001 0.003 0.001 0.000 0.001 0.001 0.001 0.001 0.002 0.025 0.003 0.057 0.469 0.874 0.621 0.050 0.032 0.003 0.000 0.126 0.000 0.001 0.018 0.001 0.000 0.012 0.017 0.001 0.001 
36 accordion_vis 30 0.002 0.000 0.001 0.001 0.001 0.997 0.010 0.001 0.993 0.001 0.000 0.000 0.000 0.004 0.000 0.001 0.006 0.000 0.001 0.000 0.000 0.000 0.001 0.002 0.000 0.001 0.000 0.001 0.000 0.006 0.000 0.000 0.004 0.000 0.001 0.011 0.002 0.005 0.001 0.015 0.000 0.020 0.001 0.009 0.000 0.001 0.089 0.001 0.811 0.015 0.059 0.001 0.000 0.120 0.001 0.001 0.016 0.000 
37 cello_vis 30 0.002 0.000 0.001 0.004 0.006 0.997 0.002 0.008 0.994 0.001 0.000 0.002 0.000 0.001 0.001 0.000 0.001 0.000 0.001 0.000 0.000 0.000 0.002 0.001 0.000 0.000 0.000 0.008 0.001 0.147 0.001 0.017 0.127 0.000 0.000 0.006 0.002 0.002 0.000 0.005 0.000 0.463 0.004 0.004 0.001 0.005 0.933 0.007 0.071 0.001 0.004 0.137 0.001 0.084 0.001 0.000 0.016 0.001 
38 flute_vis 30 0.002 0.000 0.001 0.002 0.001 0.997 0.003 0.957 0.050 0.008 0.000 0.000 0.000 0.093 0.000 0.007 0.000 0.000 0.000 0.000 0.000 0.000 0.001 0.012 0.000 0.000 0.000 0.001 0.001 0.012 0.000 0.000 0.001 0.000 0.000 0.002 0.002 0.005 0.002 0.005 0.005 0.969 0.020 0.169 0.002 0.001 0.013 0.000 0.837 0.001 0.001 0.003 0.001 0.004 0.006 0.193 0.014 0.000 
39 guitar_vis 30 0.002 0.000 0.001 0.001 0.001 0.997 0.004 0.184 0.924 0.001 0.000 0.000 0.000 0.011 0.000 0.001 0.004 0.000 0.001 0.000 0.000 0.000 0.001 0.008 0.000 0.001 0.000 0.001 0.000 0.024 0.000 0.000 0.001 0.000 0.000 0.009 0.002 0.032 0.002 0.006 0.000 0.509 0.004 0.146 0.001 0.001 0.058 0.000 0.936 0.007 0.007 0.002 0.000 0.321 0.001 0.071 0.004 0.000 
40 piano_vis 30 0.002 0.000 0.002 0.003 0.002 0.996 0.002 0.006 0.994 0.001 0.000 0.001 0.000 0.000 0.000 0.000 0.026 0.000 0.002 0.001 0.000 0.000 0.002 0.001 0.000 0.002 0.000 0.008 0.000 0.007 0.000 0.001 0.028 0.001 0.000 0.010 0.003 0.001 0.000 0.018 0.000 0.052 0.002 0.003 0.001 0.001 0.433 0.003 0.014 0.004 0.264 0.002 0.001 0.090 0.001 0.000 0.004 0.000 
41 trumpet_vis 30 0.002 0.000 0.001 0.003 0.006 0.997 0.001 0.995 0.071 0.002 0.002 0.004 0.000 0.000 0.000 0.001 0.000 0.000 0.001 0.000 0.001 0.000 0.001 0.001 0.000 0.000 0.000 0.013 0.015 0.009 0.012 0.003 0.002 0.049 0.000 0.001 0.001 0.001 0.000 0.002 0.052 0.968 0.036 0.078 0.103 0.845 0.655 0.002 0.002 0.000 0.001 0.307 0.018 0.000 0.003 0.001 0.001 0.000 
42 fork_vis 30 0.002 0.000 0.001 0.001 0.001 0.997 0.002 0.933 0.001 0.160 0.000 0.000 0.000 0.067 0.000 0.001 0.000 0.000 0.000 0.000 0.000 0.000 0.001 0.005 0.000 0.000 0.000 0.000 0.004 0.001 0.000 0.000 0.001 0.001 0.001 0.001 0.001 0.001 0.075 0.019 0.002 0.991 0.003 0.003 0.009 0.001 0.001 0.000 0.204 0.000 0.002 0.001 0.007 0.004 0.003 0.360 0.696 0.001 
43 spoon_vis 30 0.001 0.000 0.001 0.001 0.001 0.997 0.001 0.957 0.005 0.108 0.000 0.000 0.000 0.081 0.000 0.001 0.000 0.000 0.000 0.000 0.000 0.000 0.001 0.007 0.000 0.000 0.000 0.000 0.002 0.002 0.000 0.000 0.001 0.001 0.001 0.001 0.001 0.001 0.049 0.009 0.001 0.990 0.005 0.007 0.005 0.002 0.002 0.000 0.446 0.001 0.002 0.001 0.004 0.012 0.002 0.442 0.436 0.000 
44 tongs_vis 30 0.002 0.000 0.001 0.001 0.014 0.997 0.094 0.987 0.001 0.014 0.000 0.001 0.002 0.001 0.000 0.000 0.000 0.000 0.000 0.000 0.006 0.000 0.001 0.001 0.000 0.000 0.000 0.001 0.018 0.084 0.001 0.000 0.000 0.511 0.001 0.002 0.001 0.043 0.882 0.002 0.984 0.011 0.011 0.008 0.003 0.040 0.000 0.000 0.001 0.000 0.000 0.001 0.019 0.001 0.004 0.012 0.000 0.052 
45 ladle_vis 30 0.001 0.000 0.001 0.001 0.001 0.997 0.001 0.962 0.006 0.048 0.000 0.000 0.000 0.089 0.000 0.001 0.000 0.000 0.000 0.000 0.000 0.000 0.001 0.011 0.000 0.000 0.000 0.000 0.001 0.002 0.000 0.000 0.001 0.000 0.001 0.001 0.001 0.001 0.025 0.007 0.001 0.990 0.007 0.020 0.006 0.001 0.002 0.000 0.541 0.001 0.002 0.001 0.002 0.012 0.002 0.347 0.162 0.000 
46 knife_vis 30 0.001 0.002 0.001 0.001 0.001 0.997 0.001 0.038 0.005 0.505 0.000 0.000 0.000 0.009 0.005 0.001 0.001 0.000 0.001 0.000 0.001 0.001 0.001 0.001 0.000 0.000 0.000 0.000 0.000 0.002 0.000 0.000 0.000 0.000 0.000 0.001 0.001 0.001 0.003 0.001 0.003 0.060 0.003 0.002 0.001 0.016 0.002 0.000 0.015 0.043 0.001 0.001 0.005 0.007 0.004 0.981 0.026 0.012 
47 chopsticks_vis 30 0.002 0.001 0.001 0.001 0.001 0.997 0.002 0.933 0.001 0.013 0.000 0.000 0.001 0.004 0.000 0.000 0.000 0.000 0.000 0.000 0.000 0.000 0.001 0.001 0.000 0.000 0.000 0.001 0.002 0.003 0.006 0.003 0.000 0.001 0.000 0.002 0.001 0.001 0.077 0.001 0.067 0.161 0.802 0.006 0.004 0.016 0.001 0.000 0.006 0.001 0.001 0.002 0.001 0.001 0.003 0.022 0.003 0.006 
