0 beaver_vis 30 0.995 0.980 0.175 0.001 0.011 0.001 0.001 0.001 0.029 0.000 0.466 0.005 0.002 0.001 0.940 0.611 0.001 0.002 0.005 0.270 0.001 0.000 0.001 0.000 0.000 0.006 0.001 0.003 0.007 0.005 0.000 0.002 0.000 0.049 0.000 0.016 0.000 0.029 0.000 0.000 0.001 0.001 0.004 0.000 0.003 0.020 0.008 0.066 0.003 0.006 0.001 0.209 0.000 0.000 0.011 0.000 0.001 0.003 
1 bear_vis 30 0.995 0.242 0.805 0.001 0.013 0.001 0.001 0.001 0.002 0.001 0.001 0.002 0.001 0.004 0.014 0.677 0.002 0.005 0.210 0.631 0.002 0.000 0.001 0.000 0.000 0.008 0.000 0.001 0.001 0.002 0.001 0.004 0.007 0.062 0.000 0.042 0.000 0.001 0.001 0.001 0.000 0.000 0.003 0.000 0.001 0.000 0.000 0.000 0.000 0.014 0.002 0.054 0.000 0.013 0.001 0.000 0.002 0.022 
2 sheep_vis 30 0.995 0.934 0.072 0.002 0.004 0.001 0.001 0.001 0.003 0.001 0.013 0.001 0.004 0.003 0.283 0.071 0.002 0.002 0.011 0.011 0.001 0.001 0.001 0.002 0.000 0.001 0.000 0.007 0.002 0.005 0.001 0.000 0.001 0.006 0.001 0.002 0.000 0.001 0.001 0.001 0.000 0.000 0.011 0.000 0.003 0.002 0.003 0.013 0.000 0.004 0.000 0.003 0.000 0.000 0.003 0.000 0.001 0.001 
3 buffalo_vis 30 0.995 0.023 0.004 0.027 0.989 0.001 0.001 0.001 0.002 0.001 0.000 0.001 0.000 0.033 0.002 0.245 0.004 0.002 0.001 0.011 0.015 0.000 0.001 0.031 0.000 0.007 0.000 0.004 0.001 0.299 0.002 0.741 0.616 0.420 0.000 0.088 0.007 0.001 0.001 0.009 0.000 0.001 0.003 0.000 0.000 0.000 0.001 0.000 0.002 0.001 0.053 0.002 0.000 0.002 0.001 0.000 0.053 0.001 
4 poodle_vis 30 0.995 0.921 0.088 0.001 0.011 0.002 0.001 0.001 0.007 0.001 0.112 0.001 0.001 0.002 0.550 0.064 0.003 0.066 0.001 0.014 0.001 0.000 0.001 0.000 0.000 0.000 0.000 0.008 0.001 0.067 0.001 0.000 0.001 0.007 0.001 0.010 0.005 0.002 0.000 0.002 0.000 0.007 0.010 0.000 0.001 0.006 0.021 0.003 0.000 0.001 0.001 0.005 0.000 0.000 0.002 0.000 0.001 0.000 
5 giraffe_vis 30 0.995 0.964 0.014 0.001 0.043 0.001 0.001 0.001 0.050 0.001 0.004 0.004 0.001 0.124 0.167 0.788 0.003 0.006 0.004 0.011 0.001 0.000 0.001 0.001 0.000 0.001 0.000 0.001 0.001 0.158 0.001 0.004 0.008 0.028 0.000 0.018 0.001 0.001 0.001 0.001 0.000 0.007 0.030 0.000 0.001 0.000 0.086 0.000 0.000 0.018 0.057 0.011 0.000 0.004 0.000 0.000 0.003 0.000 
6 robin_vis 30 0.992 0.001 0.972 0.001 0.045 0.004 0.001 0.006 0.000 0.005 0.001 0.000 0.000 0.000 0.000 0.000 0.007 0.061 0.001 0.028 0.513 0.009 0.005 0.000 0.000 0.004 0.002 0.002 0.001 0.001 0.100 0.000 0.008 0.007 0.000 0.000 0.001 0.001 0.001 0.001 0.000 0.022 0.002 0.000 0.007 0.000 0.000 0.000 0.000 0.000 0.000 0.001 0.012 0.001 0.014 0.001 0.001 0.000 
7 swan_vis 30 0.994 0.000 0.979 0.032 0.002 0.325 0.001 0.007 0.000 0.002 0.000 0.000 0.000 0.000 0.000 0.000 0.001 0.012 0.000 0.007 0.482 0.002 0.038 0.000 0.000 0.001 0.000 0.014 0.000 0.001 0.003 0.000 0.009 0.006 0.000 0.005 0.001 0.000 0.001 0.085 0.000 0.000 0.016 0.000 0.001 0.000 0.000 0.000 0.000 0.000 0.000 0.000 0.002 0.000 0.002 0.000 0.001 0.000 
8 woodpecker_vis 30 0.990 0.005 0.838 0.003 0.004 0.002 0.001 0.001 0.000 0.006 0.000 0.000 0.001 0.004 0.000 0.000 0.006 0.001 0.863 0.007 0.005 0.059 0.069 0.000 0.001 0.000 0.001 0.001 0.005 0.001 0.002 0.000 0.008 0.000 0.001 0.000 0.000 0.000 0.001 0.001 0.000 0.000 0.001 0.000 0.040 0.000 0.000 0.000 0.000 0.000 0.000 0.000 0.001 0.003 0.002 0.000 0.001 0.002 
9 peacock_vis 30 0.995 0.010 0.991 0.002 0.011 0.003 0.001 0.001 0.000 0.011 0.000 0.000 0.000 0.000 0.003 0.159 0.002 0.002 0.662 0.936 0.012 0.002 0.014 0.000 0.000 0.005 0.000 0.006 0.001 0.001 0.001 0.001 0.024 0.042 0.001 0.047 0.001 0.003 0.003 0.001 0.001 0.000 0.004 0.000 0.002 0.000 0.000 0.000 0.000 0.002 0.000 0.061 0.000 0.003 0.022 0.000 0.001 0.161 
10 crow_vis 30 0.994 0.001 0.944 0.067 0.013 0.076 0.001 0.002 0.000 0.003 0.000 0.000 0.000 0.000 0.000 0.000 0.001 0.002 0.000 0.006 0.737 0.001 0.084 0.000 0.000 0.002 0.000 0.019 0.000 0.001 0.010 0.000 0.031 0.033 0.000 0.002 0.001 0.001 0.001 0.052 0.001 0.000 0.016 0.000 0.001 0.000 0.000 0.000 0.000 0.000 0.000 0.000 0.001 0.000 0.003 0.000 0.001 0.000 
11 eagle_vis 30 0.995 0.001 0.992 0.002 0.001 0.005 0.001 0.015 0.000 0.004 0.003 0.000 0.000 0.000 0.001 0.001 0.039 0.088 0.001 0.008 0.194 0.195 0.005 0.000 0.000 0.000 0.001 0.001 0.000 0.001 0.001 0.000 0.001 0.001 0.001 0.001 0.001 0.000 0.001 0.001 0.000 0.008 0.002 0.000 0.003 0.090 0.000 0.001 0.000 0.000 0.000 0.000 0.071 0.000 0.019 0.012 0.001 0.001 
12 tuna_vis 30 0.995 0.001 0.976 0.975 0.009 0.001 0.002 0.001 0.000 0.007 0.000 0.000 0.000 0.000 0.000 0.000 0.001 0.010 0.002 0.085 0.677 0.024 0.853 0.001 0.004 0.002 0.002 0.853 0.001 0.001 0.001 0.000 0.008 0.002 0.001 0.006 0.001 0.024 0.005 0.004 0.009 0.000 0.002 0.001 0.001 0.000 0.000 0.000 0.000 0.000 0.000 0.000 0.003 0.000 0.265 0.000 0.001 0.001 
13 goldfish_vis 30 0.994 0.001 0.034 0.973 0.015 0.001 0.002 0.001 0.000 0.001 0.000 0.000 0.001 0.002 0.000 0.000 0.001 0.003 0.023 0.001 0.036 0.019 0.705 0.365 0.074 0.002 0.002 0.017 0.004 0.001 0.003 0.002 0.156 0.001 0.001 0.000 0.000 0.001 0.009 0.024 0.000 0.000 0.001 0.000 0.001 0.000 0.000 0.000 0.000 0.000 0.000 0.000 0.014 0.000 0.001 0.000 0.001 0.001 
14 salmon_vis 30 0.993 0.001 0.060 0.972 0.008 0.001 0.002 0.001 0.000 0.002 0.000 0.000 0.001 0.001 0.001 0.000 0.001 0.002 0.052 0.001 0.027 0.102 0.807 0.037 0.235 0.008 0.003 0.007 0.009 0.001 0.002 0.000 0.028 0.000 0.003 0.000 0.001 0.000 0.003 0.004 0.000 0.000 0.001 0.001 0.001 0.000 0.000 0.000 0.000 0.000 0.000 0.000 0.016 0.000 0.001 0.000 0.001 0.001 
15 sardine_vis 30 0.996 0.022 0.008 0.984 0.014 0.001 0.001 0.004 0.000 0.000 0.055 0.001 0.000 0.000 0.001 0.002 0.000 0.016 0.001 0.003 0.013 0.001 0.006 0.009 0.029 0.162 0.720 0.124 0.004 0.001 0.001 0.014 0.002 0.007 0.002 0.004 0.000 0.002 0.001 0.001 0.002 0.001 0.001 0.001 0.001 0.061 0.000 0.000 0.001 0.000 0.000 0.000 0.002 0.000 0.001 0.000 0.001 0.001 
16 catfish_vis 30 0.994 0.019 0.002 0.981 0.012 0.001 0.002 0.003 0.000 0.000 0.003 0.000 0.021 0.001 0.001 0.000 0.000 0.003 0.001 0.001 0.004 0.003 0.024 0.070 0.788 0.004 0.193 0.020 0.034 0.001 0.003 0.003 0.001 0.001 0.020 0.001 0.000 0.001 0.001 0.002 0.000 0.000 0.001 0.001 0.001 0.001 0.000 0.000 0.000 0.000 0.000 0.000 0.007 0.000 0.001 0.000 0.000 0.000 
17 cod_vis 30 0.995 0.001 0.953 0.968 0.017 0.001 0.002 0.001 0.000 0.011 0.000 0.000 0.000 0.000 0.000 0.000 0.001 0.008 0.002 0.030 0.519 0.069 0.836 0.001 0.034 0.002 0.006 0.655 0.003 0.001 0.002 0.001 0.007 0.002 0.001 0.001 0.001 0.012 0.004 0.003 0.002 0.000 0.001 0.001 0.001 0.001 0.000 0.000 0.000 0.000 0.000 0.000 0.009 0.000 0.263 0.000 0.001 0.001 
18 turtle_vis 30 0.992 0.039 0.002 0.024 0.980 0.002 0.002 0.001 0.001 0.001 0.000 0.001 0.003 0.008 0.087 0.000 0.008 0.000 0.004 0.001 0.002 0.000 0.002 0.001 0.114 0.000 0.005 0.004 0.948 0.071 0.043 0.030 0.006 0.002 0.032 0.000 0.001 0.002 0.004 0.001 0.000 0.000 0.001 0.001 0.001 0.000 0.000 0.000 0.010 0.000 0.000 0.000 0.000 0.000 0.015 0.000 0.001 0.001 
19 rattlesnake_vis 30 0.995 0.044 0.003 0.059 0.994 0.002 0.443 0.001 0.003 0.001 0.000 0.000 0.000 0.019 0.444 0.001 0.075 0.000 0.001 0.001 0.013 0.000 0.011 0.001 0.016 0.000 0.000 0.755 0.017 0.991 0.065 0.001 0.666 0.011 0.022 0.001 0.972 0.044 0.015 0.403 0.000 0.000 0.209 0.001 0.000 0.000 0.017 0.000 0.015 0.001 0.001 0.000 0.001 0.000 0.026 0.000 0.036 0.000 
20 crab_vis 30 0.991 0.001 0.039 0.003 0.972 0.001 0.001 0.001 0.000 0.003 0.000 0.000 0.000 0.001 0.001 0.000 0.013 0.001 0.001 0.007 0.163 0.000 0.003 0.002 0.001 0.000 0.001 0.004 0.008 0.019 0.447 0.021 0.319 0.016 0.001 0.000 0.001 0.001 0.001 0.001 0.000 0.001 0.002 0.002 0.000 0.000 0.000 0.000 0.000 0.000 0.000 0.000 0.001 0.003 0.004 0.000 0.001 0.000 
21 frog_vis 30 0.995 0.006 0.010 0.011 0.981 0.002 0.001 0.001 0.000 0.001 0.000 0.037 0.000 0.001 0.005 0.003 0.002 0.004 0.001 0.033 0.014 0.000 0.001 0.031 0.000 0.002 0.033 0.014 0.052 0.056 0.041 0.907 0.023 0.023 0.001 0.001 0.001 0.026 0.001 0.001 0.000 0.006 0.002 0.000 0.000 0.000 0.000 0.000 0.006 0.000 0.000 0.002 0.000 0.000 0.003 0.000 0.003 0.001 
22 gecko_vis 30 0.988 0.001 0.536 0.004 0.951 0.002 0.001 0.001 0.000 0.011 0.000 0.000 0.000 0.001 0.001 0.000 0.045 0.001 0.001 0.037 0.519 0.000 0.006 0.001 0.000 0.000 0.001 0.005 0.010 0.006 0.829 0.004 0.064 0.016 0.000 0.001 0.001 0.001 0.002 0.001 0.000 0.001 0.002 0.001 0.000 0.000 0.000 0.000 0.000 0.000 0.000 0.001 0.001 0.001 0.107 0.001 0.001 0.000 
23 crocodile_vis 30 0.995 0.003 0.007 0.665 0.331 0.002 0.003 0.044 0.001 0.001 0.000 0.000 0.000 0.000 0.009 0.007 0.001 0.001 0.001 0.016 0.150 0.000 0.003 0.003 0.000 0.004 0.001 0.802 0.002 0.205 0.033 0.037 0.016 0.195 0.001 0.006 0.013 0.108 0.004 0.007 0.004 0.000 0.472 0.006 0.001 0.000 0.000 0.000 0.002 0.000 0.000 0.002 0.001 0.000 0.013 0.000 0.001 0.001 
24 axe_vis 30 0.005 0.001 0.001 0.001 0.005 0.996 0.994 0.082 0.001 0.016 0.000 0.000 0.000 0.000 0.001 0.000 0.001 0.005 0.000 0.001 0.001 0.000 0.002 0.002 0.001 0.000 0.001 0.005 0.000 0.029 0.001 0.000 0.001 0.000 0.221 0.001 0.977 0.007 0.003 0.038 0.001 0.001 0.006 0.010 0.000 0.000 0.055 0.000 0.003 0.000 0.000 0.000 0.004 0.000 0.003 0.004 0.082 0.001 
25 hammer_vis 30 0.243 0.000 0.865 0.004 0.002 0.996 0.742 0.004 0.001 0.790 0.003 0.000 0.000 0.000 0.000 0.057 0.000 0.842 0.001 0.394 0.013 0.028 0.010 0.000 0.000 0.002 0.000 0.013 0.000 0.001 0.000 0.000 0.001 0.001 0.001 0.989 0.004 0.014 0.006 0.760 0.011 0.029 0.023 0.001 0.008 0.002 0.000 0.000 0.001 0.000 0.003 0.008 0.064 0.027 0.009 0.000 0.005 0.113 
26 screwdriver_vis 30 0.006 0.000 0.006 0.001 0.059 0.996 0.993 0.001 0.001 0.969 0.000 0.000 0.000 0.000 0.000 0.000 0.003 0.002 0.000 0.010 0.006 0.000 0.010 0.000 0.000 0.000 0.000 0.002 0.001 0.024 0.004 0.001 0.029 0.000 0.016 0.004 0.990 0.068 0.009 0.050 0.001 0.000 0.003 0.001 0.000 0.000 0.001 0.000 0.005 0.000 0.001 0.000 0.002 0.001 0.005 0.249 0.742 0.003 
27 chisel_vis 30 0.024 0.000 0.273 0.001 0.005 0.996 0.976 0.001 0.001 0.287 0.000 0.000 0.000 0.000 0.001 0.001 0.000 0.384 0.000 0.702 0.004 0.000 0.001 0.000 0.000 0.000 0.000 0.005 0.000 0.001 0.001 0.001 0.001 0.001 0.002 0.082 0.851 0.563 0.003 0.002 0.003 0.078 0.004 0.002 0.001 0.001 0.001 0.000 0.007 0.000 0.000 0.006 0.001 0.000 0.006 0.396 0.089 0.007 
28 saw_vis 30 0.009 0.003 0.002 0.005 0.002 0.995 0.992 0.002 0.001 0.061 0.000 0.000 0.001 0.017 0.000 0.000 0.000 0.007 0.000 0.002 0.004 0.001 0.019 0.026 0.000 0.000 0.000 0.005 0.000 0.001 0.001 0.000 0.020 0.001 0.001 0.049 0.043 0.001 0.020 0.927 0.001 0.000 0.002 0.001 0.001 0.000 0.000 0.000 0.000 0.001 0.046 0.000 0.016 0.002 0.002 0.000 0.003 0.002 
29 drill_vis 30 0.004 0.026 0.001 0.003 0.001 0.996 0.992 0.003 0.001 0.009 0.000 0.000 0.008 0.032 0.000 0.000 0.000 0.010 0.000 0.001 0.001 0.001 0.004 0.044 0.000 0.000 0.000 0.002 0.000 0.001 0.000 0.000 0.002 0.000 0.001 0.038 0.018 0.001 0.007 0.951 0.000 0.000 0.002 0.000 0.001 0.000 0.001 0.000 0.000 0.001 0.059 0.000 0.013 0.002 0.001 0.000 0.001 0.001 
30 clamp_vis 30 0.002 0.000 0.001 0.012 0.001 0.996 0.005 0.984 0.002 0.001 0.000 0.000 0.000 0.000 0.000 0.001 0.000 0.000 0.000 0.001 0.007 0.000 0.001 0.000 0.000 0.004 0.000 0.005 0.000 0.001 0.001 0.000 0.000 0.034 0.000 0.065 0.005 0.002 0.001 0.001 0.405 0.003 0.296 0.018 0.001 0.010 0.000 0.000 0.003 0.001 0.001 0.008 0.001 0.000 0.004 0.000 0.004 0.000 
31 hoe_vis 30 0.002 0.001 0.001 0.001 0.001 0.996 0.001 0.984 0.002 0.003 0.001 0.000 0.000 0.000 0.000 0.003 0.000 0.003 0.000 0.001 0.002 0.000 0.001 0.001 0.000 0.007 0.001 0.001 0.000 0.001 0.003 0.000 0.000 0.003 0.001 0.004 0.001 0.000 0.000 0.001 0.001 0.765 0.124 0.003 0.008 0.026 0.005 0.001 0.000 0.000 0.002 0.011 0.011 0.001 0.002 0.002 0.002 0.000 
32 rake_vis 30 0.011 0.005 0.001 0.001 0.001 0.996 0.001 0.995 0.004 0.005 0.001 0.000 0.000 0.000 0.000 0.019 0.000 0.001 0.000 0.002 0.003 0.000 0.001 0.000 0.000 0.001 0.000 0.004 0.000 0.001 0.001 0.000 0.000 0.010 0.000 0.123 0.001 0.001 0.000 0.001 0.021 0.125 0.991 0.004 0.018 0.012 0.005 0.000 0.000 0.001 0.007 0.028 0.003 0.001 0.004 0.001 0.001 0.000 
33 shovel_vis 30 0.002 0.001 0.001 0.001 0.001 0.996 0.006 0.995 0.001 0.001 0.004 0.000 0.000 0.000 0.000 0.000 0.000 0.000 0.000 0.001 0.001 0.001 0.001 0.000 0.000 0.000 0.005 0.005 0.000 0.001 0.037 0.000 0.000 0.001 0.001 0.001 0.001 0.007 0.000 0.000 0.028 0.003 0.059 0.946 0.014 0.045 0.000 0.001 0.002 0.000 0.000 0.007 0.001 0.000 0.007 0.001 0.000 0.000 
34 spade_vis 30 0.002 0.004 0.001 0.001 0.001 0.996 0.012 0.992 0.001 0.003 0.001 0.000 0.000 0.000 0.000 0.000 0.000 0.002 0.000 0.001 0.001 0.001 0.001 0.005 0.000 0.001 0.000 0.002 0.000 0.000 0.014 0.000 0.000 0.001 0.001 0.009 0.001 0.001 0.001 0.809 0.001 0.074 0.285 0.004 0.799 0.001 0.000 0.001 0.000 0.000 0.068 0.002 0.029 0.008 0.004 0.001 0.000 0.000 
35 wrench_vis 30 0.002 0.001 0.001 0.004 0.001 0.996 0.001 0.983 0.004 0.001 0.001 0.000 0.000 0.000 0.001 0.001 0.000 0.000 0.000 0.001 0.001 0.000 0.001 0.000 0.000 0.012 0.001 0.001 0.000 0.001 0.001 0.000 0.000 0.014 0.001 0.019 0.001 0.001 0.000 0.000 0.731 0.003 0.103 0.025 0.003 0.075 0.001 0.001 0.003 0.001 0.000 0.031 0.001 0.000 0.004 0.001 0.001 0.000 
36 accordion_vis 30 0.003 0.006 0.001 0.000 0.001 0.994 0.001 0.002 0.989 0.005 0.000 0.000 0.001 0.027 0.001 0.001 0.001 0.001 0.000 0.001 0.000 0.000 0.001 0.000 0.000 0.000 0.000 0.000 0.000 0.002 0.001 0.000 0.000 0.000 0.001 0.001 0.039 0.000 0.000 0.001 0.000 0.011 0.001 0.000 0.001 0.001 0.255 0.003 0.004 0.016 0.607 0.002 0.001 0.006 0.001 0.001 0.004 0.001 
37 cello_vis 30 0.002 0.029 0.001 0.000 0.001 0.994 0.001 0.001 0.992 0.003 0.000 0.001 0.002 0.012 0.002 0.002 0.000 0.000 0.008 0.001 0.000 0.000 0.001 0.000 0.000 0.001 0.000 0.000 0.000 0.001 0.001 0.000 0.000 0.002 0.001 0.002 0.001 0.001 0.003 0.000 0.003 0.001 0.001 0.000 0.099 0.001 0.002 0.590 0.001 0.642 0.153 0.206 0.000 0.001 0.002 0.000 0.001 0.003 
38 flute_vis 30 0.002 0.001 0.001 0.001 0.036 0.995 0.010 0.710 0.972 0.042 0.000 0.000 0.000 0.000 0.004 0.000 0.000 0.000 0.000 0.001 0.001 0.001 0.001 0.000 0.007 0.000 0.002 0.001 0.010 0.011 0.001 0.000 0.000 0.009 0.128 0.001 0.023 0.012 0.002 0.000 0.809 0.001 0.001 0.110 0.001 0.897 0.086 0.007 0.990 0.386 0.001 0.004 0.002 0.000 0.073 0.006 0.089 0.003 
39 guitar_vis 30 0.003 0.017 0.001 0.000 0.001 0.995 0.001 0.001 0.994 0.006 0.000 0.000 0.001 0.006 0.002 0.002 0.000 0.000 0.005 0.001 0.000 0.000 0.001 0.000 0.000 0.000 0.000 0.000 0.000 0.001 0.000 0.000 0.000 0.004 0.001 0.001 0.001 0.001 0.003 0.000 0.043 0.000 0.001 0.000 0.003 0.002 0.021 0.028 0.042 0.979 0.047 0.098 0.000 0.001 0.001 0.001 0.003 0.004 
40 piano_vis 30 0.003 0.009 0.001 0.000 0.001 0.995 0.003 0.001 0.988 0.004 0.000 0.001 0.000 0.047 0.001 0.001 0.001 0.000 0.001 0.001 0.000 0.000 0.001 0.000 0.000 0.000 0.000 0.000 0.000 0.002 0.001 0.000 0.001 0.001 0.001 0.002 0.005 0.000 0.001 0.013 0.000 0.007 0.001 0.000 0.005 0.000 0.046 0.009 0.000 0.024 0.961 0.009 0.001 0.012 0.001 0.000 0.001 0.001 
41 trumpet_vis 30 0.002 0.018 0.001 0.000 0.001 0.996 0.001 0.007 0.991 0.001 0.001 0.037 0.000 0.000 0.001 0.009 0.000 0.000 0.000 0.025 0.000 0.000 0.000 0.000 0.000 0.030 0.000 0.000 0.000 0.000 0.001 0.001 0.000 0.030 0.000 0.002 0.000 0.001 0.000 0.000 0.010 0.020 0.002 0.000 0.043 0.006 0.002 0.021 0.005 0.063 0.017 0.986 0.000 0.000 0.002 0.000 0.000 0.000 
42 fork_vis 30 0.005 0.000 0.005 0.001 0.001 0.996 0.914 0.001 0.000 0.974 0.000 0.000 0.000 0.002 0.000 0.000 0.001 0.028 0.001 0.003 0.020 0.003 0.044 0.007 0.000 0.000 0.000 0.001 0.000 0.001 0.000 0.002 0.374 0.000 0.007 0.002 0.007 0.002 0.042 0.200 0.000 0.002 0.001 0.000 0.001 0.000 0.000 0.000 0.000 0.000 0.001 0.000 0.223 0.082 0.002 0.004 0.063 0.065 
43 spoon_vis 30 0.006 0.001 0.080 0.000 0.003 0.994 0.002 0.001 0.014 0.993 0.000 0.002 0.000 0.106 0.000 0.000 0.188 0.002 0.036 0.016 0.008 0.003 0.001 0.000 0.000 0.000 0.000 0.000 0.000 0.001 0.002 0.000 0.037 0.001 0.003 0.001 0.002 0.001 0.001 0.005 0.000 0.141 0.006 0.000 0.179 0.000 0.001 0.022 0.000 0.001 0.325 0.012 0.106 0.990 0.016 0.035 0.009 0.010 
44 tongs_vis 30 0.006 0.000 0.148 0.002 0.002 0.996 0.363 0.010 0.001 0.992 0.000 0.000 0.000 0.000 0.001 0.000 0.003 0.001 0.000 0.008 0.282 0.025 0.446 0.000 0.001 0.000 0.000 0.004 0.000 0.006 0.001 0.000 0.010 0.001 0.011 0.002 0.009 0.145 0.040 0.004 0.035 0.000 0.028 0.023 0.001 0.003 0.000 0.001 0.002 0.005 0.000 0.001 0.217 0.002 0.502 0.022 0.170 0.129 
45 ladle_vis 30 0.004 0.001 0.266 0.000 0.001 0.995 0.002 0.004 0.007 0.993 0.000 0.001 0.000 0.029 0.001 0.000 0.645 0.002 0.009 0.018 0.008 0.008 0.001 0.000 0.000 0.000 0.000 0.000 0.000 0.002 0.009 0.000 0.002 0.000 0.004 0.000 0.001 0.001 0.001 0.001 0.000 0.408 0.011 0.000 0.233 0.001 0.005 0.333 0.000 0.000 0.055 0.006 0.249 0.975 0.236 0.594 0.002 0.002 
46 knife_vis 30 0.005 0.000 0.003 0.000 0.007 0.996 0.003 0.001 0.030 0.986 0.000 0.000 0.000 0.013 0.000 0.000 0.001 0.001 0.017 0.016 0.001 0.001 0.002 0.000 0.000 0.000 0.000 0.000 0.001 0.001 0.000 0.003 0.013 0.000 0.003 0.001 0.003 0.001 0.004 0.001 0.000 0.001 0.001 0.000 0.000 0.000 0.001 0.000 0.008 0.197 0.002 0.001 0.002 0.075 0.002 0.012 0.901 0.190 
47 chopsticks_vis 30 0.005 0.000 0.009 0.000 0.010 0.996 0.946 0.001 0.001 0.987 0.000 0.000 0.000 0.002 0.000 0.000 0.001 0.001 0.025 0.060 0.006 0.001 0.110 0.001 0.000 0.000 0.000 0.001 0.001 0.001 0.001 0.025 0.782 0.001 0.003 0.007 0.011 0.078 0.765 0.011 0.001 0.000 0.002 0.000 0.001 0.000 0.000 0.000 0.001 0.003 0.002 0.001 0.003 0.064 0.014 0.003 0.060 0.889 
