0 beaver_vis 30 0.989 0.614 0.003 0.000 0.000 0.189 0.003 0.000 0.001 0.081 0.090 0.098 0.001 0.001 0.044 0.026 0.016 0.000 0.003 0.000 0.002 0.090 0.000 0.000 0.000 0.000 0.000 0.000 0.000 0.002 0.000 0.000 0.000 0.000 0.012 0.005 0.001 0.032 0.001 0.003 0.001 0.000 0.002 0.000 0.001 0.028 0.000 0.004 0.001 0.000 0.000 0.001 0.068 0.001 0.001 0.004 0.128 0.003 
1 bear_vis 30 0.995 0.984 0.003 0.000 0.001 0.014 0.001 0.000 0.001 0.002 0.010 0.046 0.003 0.001 0.022 0.640 0.005 0.000 0.001 0.000 0.010 0.062 0.000 0.000 0.000 0.000 0.000 0.000 0.000 0.001 0.002 0.000 0.000 0.000 0.000 0.001 0.004 0.001 0.001 0.001 0.000 0.000 0.001 0.000 0.000 0.007 0.000 0.001 0.006 0.001 0.000 0.001 0.005 0.005 0.001 0.000 0.005 0.000 
2 sheep_vis 30 0.988 0.103 0.001 0.679 0.014 0.005 0.002 0.000 0.001 0.004 0.003 0.001 0.000 0.000 0.400 0.006 0.003 0.000 0.001 0.000 0.001 0.002 0.001 0.323 0.007 0.000 0.000 0.380 0.000 0.021 0.000 0.001 0.001 0.000 0.001 0.391 0.001 0.000 0.001 0.005 0.001 0.000 0.002 0.000 0.001 0.001 0.000 0.001 0.000 0.000 0.000 0.001 0.007 0.000 0.016 0.001 0.000 0.000 
3 buffalo_vis 30 0.993 0.358 0.002 0.004 0.011 0.004 0.001 0.000 0.001 0.072 0.001 0.049 0.001 0.001 0.001 0.006 0.021 0.000 0.000 0.001 0.003 0.001 0.000 0.003 0.000 0.000 0.000 0.000 0.000 0.007 0.001 0.000 0.000 0.000 0.001 0.001 0.002 0.000 0.000 0.001 0.001 0.000 0.001 0.000 0.008 0.001 0.000 0.001 0.002 0.000 0.000 0.001 0.003 0.003 0.001 0.043 0.000 0.000 
4 poodle_vis 30 0.991 0.948 0.004 0.000 0.001 0.023 0.001 0.000 0.003 0.005 0.010 0.020 0.001 0.001 0.018 0.695 0.006 0.000 0.002 0.000 0.017 0.080 0.000 0.000 0.000 0.000 0.000 0.000 0.000 0.004 0.001 0.000 0.000 0.000 0.000 0.004 0.003 0.003 0.001 0.001 0.001 0.000 0.002 0.000 0.001 0.013 0.000 0.013 0.003 0.001 0.000 0.001 0.017 0.006 0.001 0.000 0.011 0.000 
5 giraffe_vis 30 0.994 0.958 0.001 0.000 0.001 0.003 0.001 0.000 0.001 0.021 0.002 0.056 0.002 0.001 0.004 0.035 0.012 0.000 0.001 0.000 0.001 0.003 0.000 0.000 0.000 0.000 0.000 0.000 0.000 0.002 0.001 0.000 0.000 0.000 0.000 0.001 0.001 0.000 0.001 0.001 0.001 0.000 0.001 0.000 0.001 0.001 0.000 0.001 0.001 0.000 0.000 0.001 0.006 0.001 0.001 0.001 0.000 0.000 
6 robin_vis 30 0.173 0.001 0.735 0.001 0.000 0.626 0.001 0.028 0.001 0.842 0.001 0.001 0.000 0.000 0.000 0.000 0.264 0.004 0.018 0.000 0.004 0.006 0.005 0.000 0.000 0.000 0.000 0.000 0.000 0.003 0.000 0.000 0.000 0.000 0.000 0.033 0.000 0.003 0.001 0.001 0.004 0.000 0.011 0.000 0.014 0.002 0.001 0.002 0.000 0.002 0.009 0.001 0.006 0.004 0.001 0.001 0.191 0.002 
7 swan_vis 30 0.060 0.001 0.006 0.023 0.040 0.961 0.003 0.003 0.011 0.963 0.001 0.001 0.001 0.000 0.000 0.025 0.031 0.000 0.001 0.000 0.018 0.002 0.001 0.000 0.001 0.000 0.001 0.013 0.000 0.055 0.000 0.001 0.004 0.001 0.000 0.019 0.003 0.037 0.001 0.001 0.007 0.000 0.024 0.000 0.004 0.002 0.001 0.055 0.000 0.006 0.203 0.001 0.099 0.020 0.001 0.002 0.016 0.094 
8 woodpecker_vis 30 0.009 0.001 0.013 0.000 0.025 0.980 0.001 0.001 0.032 0.982 0.000 0.001 0.005 0.000 0.001 0.001 0.029 0.001 0.001 0.000 0.011 0.003 0.001 0.000 0.000 0.000 0.000 0.001 0.000 0.021 0.000 0.003 0.005 0.001 0.000 0.015 0.001 0.001 0.001 0.001 0.003 0.000 0.037 0.000 0.003 0.001 0.031 0.046 0.000 0.001 0.308 0.001 0.056 0.198 0.017 0.004 0.672 0.003 
9 peacock_vis 30 0.988 0.953 0.009 0.000 0.000 0.627 0.002 0.000 0.002 0.032 0.026 0.041 0.001 0.000 0.034 0.608 0.010 0.000 0.003 0.000 0.018 0.114 0.000 0.000 0.000 0.000 0.000 0.000 0.000 0.004 0.001 0.000 0.000 0.000 0.001 0.010 0.017 0.015 0.001 0.002 0.001 0.000 0.003 0.000 0.001 0.058 0.000 0.008 0.006 0.002 0.000 0.001 0.065 0.011 0.001 0.000 0.089 0.000 
10 crow_vis 30 0.774 0.001 0.013 0.163 0.006 0.569 0.001 0.110 0.007 0.009 0.001 0.001 0.000 0.000 0.000 0.001 0.003 0.000 0.001 0.001 0.003 0.001 0.004 0.002 0.000 0.000 0.003 0.000 0.000 0.022 0.000 0.000 0.001 0.001 0.000 0.014 0.000 0.001 0.001 0.001 0.004 0.000 0.035 0.001 0.006 0.006 0.001 0.001 0.001 0.000 0.001 0.003 0.015 0.001 0.000 0.001 0.000 0.000 
11 eagle_vis 30 0.008 0.001 0.004 0.000 0.017 0.988 0.001 0.001 0.008 0.981 0.001 0.001 0.005 0.000 0.001 0.001 0.049 0.001 0.001 0.000 0.009 0.001 0.000 0.000 0.000 0.000 0.000 0.000 0.000 0.043 0.000 0.001 0.000 0.001 0.000 0.010 0.002 0.006 0.001 0.001 0.002 0.000 0.044 0.000 0.011 0.001 0.001 0.049 0.000 0.005 0.090 0.001 0.241 0.301 0.004 0.015 0.740 0.027 
12 tuna_vis 30 0.934 0.970 0.008 0.000 0.000 0.100 0.056 0.000 0.005 0.001 0.007 0.001 0.000 0.002 0.969 0.029 0.003 0.000 0.063 0.000 0.003 0.003 0.000 0.000 0.000 0.000 0.000 0.000 0.000 0.002 0.000 0.000 0.000 0.001 0.000 0.046 0.007 0.000 0.003 0.026 0.001 0.000 0.003 0.000 0.001 0.001 0.000 0.008 0.000 0.000 0.000 0.002 0.001 0.000 0.001 0.000 0.000 0.000 
13 goldfish_vis 30 0.984 0.198 0.001 0.002 0.946 0.005 0.003 0.000 0.001 0.001 0.001 0.001 0.000 0.001 0.002 0.018 0.003 0.000 0.000 0.000 0.001 0.001 0.000 0.003 0.000 0.000 0.000 0.004 0.000 0.427 0.008 0.018 0.002 0.002 0.001 0.001 0.002 0.001 0.001 0.001 0.005 0.000 0.001 0.000 0.001 0.001 0.000 0.056 0.002 0.000 0.000 0.001 0.004 0.001 0.001 0.001 0.000 0.001 
14 salmon_vis 30 0.013 0.001 0.001 0.041 0.000 0.790 0.001 0.001 0.001 0.973 0.001 0.001 0.002 0.000 0.004 0.000 0.047 0.000 0.004 0.000 0.001 0.001 0.002 0.018 0.015 0.006 0.000 0.018 0.000 0.002 0.000 0.002 0.001 0.000 0.001 0.021 0.000 0.000 0.001 0.002 0.002 0.000 0.004 0.000 0.007 0.001 0.003 0.001 0.000 0.000 0.001 0.001 0.025 0.002 0.847 0.038 0.039 0.001 
15 sardine_vis 30 0.569 0.001 0.645 0.003 0.001 0.449 0.001 0.234 0.001 0.337 0.001 0.001 0.000 0.000 0.000 0.000 0.045 0.002 0.003 0.000 0.002 0.001 0.002 0.000 0.000 0.000 0.000 0.000 0.000 0.002 0.000 0.001 0.000 0.000 0.001 0.001 0.000 0.001 0.001 0.001 0.075 0.003 0.002 0.000 0.038 0.002 0.003 0.001 0.000 0.000 0.000 0.001 0.001 0.059 0.001 0.020 0.001 0.001 
16 catfish_vis 30 0.994 0.863 0.001 0.001 0.068 0.004 0.002 0.000 0.001 0.002 0.001 0.002 0.001 0.001 0.001 0.584 0.003 0.000 0.000 0.000 0.004 0.003 0.000 0.000 0.000 0.000 0.000 0.001 0.000 0.007 0.003 0.003 0.000 0.001 0.001 0.001 0.002 0.002 0.000 0.001 0.002 0.000 0.001 0.000 0.001 0.001 0.000 0.002 0.005 0.000 0.000 0.001 0.004 0.007 0.000 0.001 0.000 0.001 
17 cod_vis 30 0.019 0.001 0.016 0.027 0.000 0.950 0.001 0.454 0.001 0.565 0.001 0.001 0.000 0.000 0.000 0.000 0.009 0.000 0.007 0.000 0.001 0.001 0.004 0.010 0.001 0.001 0.000 0.002 0.000 0.002 0.000 0.001 0.000 0.000 0.000 0.003 0.000 0.001 0.001 0.001 0.049 0.002 0.016 0.001 0.008 0.002 0.059 0.001 0.000 0.000 0.016 0.001 0.002 0.001 0.166 0.023 0.000 0.000 
18 turtle_vis 30 0.991 0.847 0.001 0.001 0.107 0.006 0.002 0.000 0.001 0.003 0.001 0.002 0.001 0.001 0.001 0.481 0.007 0.000 0.000 0.000 0.004 0.002 0.000 0.000 0.000 0.000 0.001 0.002 0.000 0.031 0.002 0.005 0.000 0.001 0.001 0.001 0.002 0.002 0.000 0.001 0.004 0.000 0.001 0.000 0.001 0.001 0.000 0.002 0.003 0.000 0.000 0.001 0.006 0.003 0.000 0.001 0.000 0.002 
19 rattlesnake_vis 30 0.016 0.001 0.032 0.003 0.001 0.995 0.001 0.770 0.003 0.024 0.000 0.001 0.000 0.000 0.000 0.000 0.005 0.000 0.009 0.001 0.002 0.001 0.002 0.005 0.000 0.000 0.000 0.000 0.000 0.022 0.000 0.000 0.000 0.000 0.000 0.173 0.001 0.001 0.001 0.001 0.008 0.000 0.355 0.032 0.008 0.009 0.013 0.001 0.000 0.000 0.086 0.012 0.024 0.001 0.001 0.001 0.000 0.000 
20 crab_vis 30 0.994 0.847 0.071 0.000 0.343 0.003 0.001 0.000 0.001 0.003 0.003 0.001 0.001 0.002 0.007 0.005 0.558 0.001 0.001 0.001 0.094 0.001 0.000 0.000 0.000 0.000 0.000 0.000 0.000 0.182 0.018 0.002 0.000 0.001 0.000 0.001 0.007 0.001 0.000 0.001 0.002 0.000 0.002 0.000 0.001 0.001 0.000 0.023 0.001 0.000 0.000 0.001 0.011 0.025 0.001 0.000 0.000 0.000 
21 frog_vis 30 0.981 0.001 0.009 0.013 0.827 0.003 0.001 0.002 0.001 0.033 0.001 0.001 0.000 0.000 0.000 0.001 0.035 0.001 0.000 0.000 0.035 0.003 0.003 0.000 0.000 0.000 0.000 0.001 0.000 0.255 0.000 0.004 0.003 0.076 0.000 0.001 0.000 0.017 0.001 0.001 0.010 0.000 0.003 0.000 0.002 0.001 0.000 0.042 0.000 0.000 0.001 0.001 0.003 0.001 0.001 0.002 0.000 0.003 
22 gecko_vis 30 0.005 0.009 0.003 0.000 0.623 0.993 0.009 0.001 0.815 0.970 0.001 0.001 0.000 0.000 0.004 0.001 0.056 0.000 0.001 0.000 0.024 0.001 0.000 0.000 0.000 0.000 0.000 0.000 0.000 0.805 0.002 0.017 0.001 0.002 0.001 0.070 0.363 0.001 0.001 0.020 0.002 0.000 0.869 0.000 0.005 0.003 0.036 0.251 0.014 0.001 0.811 0.002 0.881 0.711 0.142 0.082 0.004 0.000 
23 crocodile_vis 30 0.005 0.003 0.003 0.000 0.513 0.993 0.003 0.002 0.530 0.973 0.001 0.001 0.000 0.000 0.002 0.002 0.042 0.000 0.001 0.000 0.022 0.001 0.000 0.000 0.000 0.000 0.000 0.000 0.000 0.674 0.001 0.003 0.000 0.001 0.000 0.051 0.147 0.002 0.001 0.011 0.002 0.000 0.850 0.000 0.029 0.025 0.002 0.139 0.084 0.003 0.508 0.002 0.926 0.827 0.018 0.294 0.013 0.000 
24 axe_vis 30 0.001 0.002 0.001 0.001 0.000 0.996 0.486 0.001 0.001 0.369 0.001 0.001 0.000 0.000 0.001 0.001 0.003 0.000 0.000 0.000 0.001 0.001 0.000 0.009 0.002 0.000 0.001 0.000 0.000 0.002 0.000 0.000 0.000 0.000 0.008 0.002 0.001 0.005 0.001 0.652 0.001 0.001 0.002 0.000 0.038 0.002 0.000 0.001 0.004 0.000 0.000 0.001 0.134 0.000 0.003 0.014 0.001 0.008 
25 hammer_vis 30 0.004 0.001 0.003 0.005 0.000 0.994 0.960 0.005 0.001 0.002 0.001 0.001 0.000 0.000 0.023 0.000 0.018 0.001 0.005 0.000 0.001 0.002 0.001 0.024 0.000 0.000 0.000 0.000 0.000 0.006 0.000 0.000 0.000 0.001 0.001 0.906 0.019 0.031 0.005 0.051 0.001 0.001 0.006 0.001 0.001 0.001 0.000 0.002 0.000 0.000 0.006 0.001 0.019 0.000 0.049 0.000 0.000 0.001 
26 screwdriver_vis 30 0.002 0.003 0.001 0.001 0.001 0.996 0.668 0.001 0.001 0.033 0.001 0.001 0.000 0.000 0.002 0.011 0.004 0.001 0.001 0.000 0.001 0.001 0.000 0.006 0.000 0.000 0.001 0.000 0.000 0.020 0.000 0.000 0.000 0.001 0.007 0.032 0.014 0.010 0.001 0.206 0.001 0.000 0.003 0.001 0.001 0.001 0.000 0.004 0.006 0.000 0.001 0.001 0.095 0.000 0.003 0.001 0.001 0.002 
27 chisel_vis 30 0.003 0.001 0.002 0.013 0.000 0.996 0.936 0.020 0.001 0.006 0.001 0.001 0.000 0.000 0.006 0.000 0.010 0.001 0.002 0.001 0.001 0.001 0.002 0.028 0.000 0.000 0.001 0.002 0.000 0.009 0.000 0.000 0.000 0.001 0.002 0.877 0.018 0.145 0.003 0.197 0.005 0.003 0.004 0.001 0.001 0.004 0.000 0.001 0.001 0.000 0.051 0.001 0.016 0.000 0.021 0.002 0.000 0.005 
28 saw_vis 30 0.003 0.001 0.003 0.015 0.000 0.996 0.989 0.002 0.001 0.002 0.001 0.002 0.000 0.000 0.001 0.001 0.001 0.001 0.002 0.003 0.001 0.001 0.031 0.002 0.002 0.000 0.028 0.000 0.000 0.001 0.000 0.000 0.000 0.037 0.003 0.276 0.001 0.032 0.601 0.831 0.000 0.004 0.002 0.000 0.081 0.001 0.000 0.013 0.001 0.001 0.000 0.001 0.003 0.000 0.000 0.001 0.000 0.018 
29 drill_vis 30 0.001 0.005 0.001 0.003 0.000 0.996 0.868 0.001 0.001 0.172 0.001 0.003 0.000 0.000 0.001 0.001 0.001 0.001 0.000 0.001 0.001 0.001 0.000 0.039 0.008 0.000 0.006 0.000 0.000 0.001 0.001 0.000 0.000 0.000 0.011 0.002 0.001 0.002 0.005 0.972 0.000 0.001 0.001 0.000 0.091 0.001 0.000 0.001 0.010 0.000 0.000 0.000 0.030 0.000 0.003 0.021 0.001 0.010 
30 clamp_vis 30 0.015 0.001 0.069 0.048 0.000 0.894 0.002 0.921 0.002 0.009 0.001 0.001 0.000 0.000 0.000 0.000 0.005 0.000 0.396 0.000 0.001 0.001 0.181 0.056 0.008 0.000 0.000 0.000 0.000 0.002 0.000 0.000 0.002 0.000 0.001 0.007 0.001 0.001 0.008 0.004 0.007 0.001 0.084 0.001 0.590 0.001 0.014 0.001 0.000 0.000 0.000 0.021 0.002 0.001 0.009 0.004 0.000 0.000 
31 hoe_vis 30 0.002 0.001 0.001 0.003 0.000 0.996 0.000 0.010 0.001 0.994 0.000 0.015 0.003 0.000 0.000 0.000 0.001 0.000 0.000 0.000 0.001 0.000 0.000 0.001 0.001 0.000 0.000 0.000 0.000 0.001 0.000 0.000 0.000 0.000 0.000 0.000 0.000 0.000 0.000 0.001 0.001 0.009 0.003 0.000 0.015 0.001 0.000 0.000 0.001 0.000 0.000 0.000 0.011 0.245 0.006 0.637 0.019 0.011 
32 rake_vis 30 0.002 0.001 0.003 0.005 0.000 0.995 0.001 0.499 0.001 0.629 0.001 0.001 0.000 0.000 0.000 0.000 0.002 0.000 0.001 0.000 0.001 0.001 0.003 0.000 0.000 0.000 0.000 0.000 0.000 0.001 0.000 0.000 0.000 0.000 0.000 0.001 0.000 0.001 0.001 0.002 0.002 0.088 0.008 0.000 0.070 0.003 0.000 0.000 0.001 0.001 0.000 0.001 0.003 0.024 0.001 0.299 0.001 0.001 
33 shovel_vis 30 0.003 0.001 0.007 0.005 0.000 0.996 0.001 0.921 0.001 0.276 0.001 0.001 0.000 0.000 0.000 0.000 0.001 0.000 0.000 0.001 0.001 0.001 0.006 0.000 0.000 0.000 0.000 0.000 0.000 0.001 0.000 0.000 0.000 0.000 0.001 0.001 0.000 0.001 0.001 0.002 0.004 0.447 0.009 0.000 0.072 0.004 0.000 0.000 0.001 0.001 0.002 0.001 0.004 0.012 0.000 0.123 0.000 0.003 
34 spade_vis 30 0.002 0.001 0.001 0.002 0.000 0.996 0.001 0.066 0.001 0.935 0.001 0.002 0.000 0.000 0.000 0.000 0.001 0.000 0.000 0.000 0.001 0.000 0.001 0.001 0.000 0.000 0.000 0.000 0.000 0.001 0.000 0.000 0.000 0.000 0.001 0.001 0.000 0.000 0.001 0.002 0.001 0.007 0.004 0.000 0.047 0.003 0.000 0.000 0.001 0.000 0.000 0.001 0.004 0.135 0.001 0.214 0.001 0.001 
35 wrench_vis 30 0.002 0.001 0.001 0.001 0.000 0.996 0.001 0.829 0.001 0.199 0.001 0.004 0.000 0.000 0.000 0.000 0.001 0.000 0.000 0.001 0.001 0.000 0.000 0.001 0.000 0.000 0.000 0.000 0.000 0.002 0.000 0.000 0.000 0.000 0.001 0.000 0.000 0.001 0.001 0.003 0.001 0.005 0.009 0.000 0.032 0.154 0.000 0.000 0.015 0.000 0.000 0.001 0.078 0.005 0.001 0.284 0.000 0.002 
36 accordion_vis 30 0.006 0.002 0.003 0.000 0.046 0.996 0.000 0.001 0.959 0.016 0.001 0.001 0.001 0.016 0.000 0.000 0.000 0.001 0.001 0.001 0.003 0.001 0.000 0.008 0.000 0.010 0.000 0.000 0.001 0.001 0.000 0.040 0.016 0.001 0.001 0.001 0.001 0.001 0.001 0.000 0.001 0.001 0.001 0.002 0.001 0.002 0.965 0.001 0.072 0.022 0.098 0.020 0.001 0.079 0.004 0.003 0.010 0.000 
37 cello_vis 30 0.004 0.001 0.004 0.000 0.046 0.962 0.014 0.001 0.967 0.005 0.000 0.001 0.000 0.000 0.080 0.000 0.001 0.000 0.013 0.000 0.008 0.001 0.001 0.001 0.013 0.000 0.000 0.000 0.004 0.010 0.000 0.000 0.074 0.014 0.000 0.016 0.012 0.001 0.002 0.004 0.001 0.000 0.004 0.000 0.111 0.001 0.007 0.949 0.001 0.002 0.043 0.019 0.001 0.035 0.007 0.000 0.000 0.000 
38 flute_vis 30 0.003 0.002 0.001 0.000 0.046 0.996 0.001 0.001 0.991 0.001 0.000 0.004 0.000 0.001 0.000 0.001 0.000 0.000 0.000 0.013 0.002 0.001 0.000 0.002 0.000 0.000 0.002 0.000 0.000 0.001 0.005 0.000 0.000 0.002 0.000 0.001 0.004 0.001 0.001 0.001 0.001 0.000 0.001 0.000 0.026 0.523 0.002 0.003 0.988 0.192 0.000 0.080 0.001 0.046 0.000 0.004 0.000 0.000 
39 guitar_vis 30 0.003 0.001 0.001 0.000 0.051 0.996 0.001 0.001 0.992 0.012 0.000 0.066 0.001 0.004 0.000 0.004 0.000 0.001 0.000 0.039 0.004 0.001 0.000 0.001 0.000 0.000 0.047 0.000 0.002 0.001 0.001 0.001 0.004 0.006 0.000 0.000 0.002 0.001 0.002 0.001 0.001 0.020 0.001 0.000 0.001 0.020 0.005 0.001 0.976 0.740 0.002 0.053 0.001 0.026 0.000 0.002 0.001 0.001 
40 piano_vis 30 0.005 0.003 0.003 0.000 0.050 0.996 0.003 0.003 0.917 0.083 0.000 0.001 0.001 0.051 0.001 0.000 0.001 0.000 0.001 0.000 0.005 0.001 0.000 0.032 0.001 0.001 0.000 0.000 0.000 0.004 0.000 0.021 0.015 0.001 0.000 0.002 0.011 0.001 0.001 0.001 0.006 0.003 0.003 0.002 0.001 0.001 0.341 0.008 0.044 0.003 0.702 0.020 0.001 0.059 0.016 0.018 0.001 0.000 
41 trumpet_vis 30 0.003 0.002 0.002 0.000 0.047 0.996 0.001 0.003 0.992 0.039 0.000 0.001 0.000 0.003 0.001 0.000 0.001 0.000 0.020 0.000 0.003 0.001 0.000 0.119 0.008 0.000 0.000 0.000 0.001 0.008 0.000 0.000 0.138 0.001 0.000 0.001 0.001 0.001 0.001 0.001 0.002 0.000 0.009 0.000 0.602 0.002 0.491 0.227 0.002 0.001 0.001 0.396 0.001 0.554 0.016 0.007 0.000 0.000 
42 fork_vis 30 0.001 0.001 0.001 0.002 0.001 0.996 0.002 0.000 0.001 0.993 0.001 0.001 0.003 0.000 0.000 0.002 0.011 0.001 0.000 0.000 0.001 0.001 0.000 0.000 0.002 0.000 0.000 0.001 0.000 0.004 0.000 0.001 0.000 0.000 0.003 0.001 0.001 0.002 0.001 0.002 0.001 0.000 0.001 0.000 0.002 0.001 0.000 0.001 0.003 0.001 0.001 0.001 0.305 0.014 0.015 0.033 0.888 0.086 
43 spoon_vis 30 0.008 0.031 0.008 0.000 0.005 0.996 0.000 0.001 0.016 0.994 0.000 0.016 0.012 0.000 0.000 0.002 0.001 0.000 0.000 0.000 0.004 0.000 0.000 0.000 0.000 0.000 0.000 0.000 0.000 0.002 0.000 0.002 0.003 0.000 0.000 0.000 0.000 0.000 0.000 0.001 0.001 0.001 0.001 0.000 0.003 0.001 0.018 0.001 0.039 0.006 0.003 0.000 0.008 0.986 0.001 0.021 0.020 0.002 
44 tongs_vis 30 0.002 0.001 0.001 0.036 0.000 0.995 0.013 0.003 0.001 0.991 0.001 0.002 0.043 0.000 0.000 0.002 0.011 0.001 0.001 0.000 0.001 0.001 0.001 0.001 0.016 0.001 0.007 0.068 0.000 0.004 0.000 0.001 0.000 0.000 0.005 0.006 0.001 0.008 0.001 0.032 0.004 0.077 0.007 0.000 0.002 0.001 0.000 0.001 0.001 0.000 0.004 0.001 0.034 0.001 0.103 0.059 0.009 0.969 
45 ladle_vis 30 0.001 0.001 0.001 0.004 0.000 0.996 0.000 0.006 0.001 0.995 0.000 0.019 0.003 0.000 0.000 0.000 0.001 0.000 0.000 0.000 0.001 0.000 0.000 0.001 0.001 0.000 0.000 0.000 0.000 0.001 0.000 0.000 0.000 0.000 0.000 0.000 0.000 0.000 0.000 0.001 0.001 0.013 0.001 0.000 0.014 0.001 0.000 0.000 0.002 0.001 0.000 0.000 0.014 0.191 0.009 0.773 0.025 0.019 
46 knife_vis 30 0.002 0.001 0.001 0.004 0.000 0.996 0.000 0.005 0.001 0.995 0.000 0.053 0.004 0.000 0.000 0.000 0.001 0.000 0.000 0.000 0.001 0.000 0.000 0.001 0.001 0.000 0.000 0.000 0.000 0.001 0.000 0.000 0.000 0.000 0.000 0.000 0.000 0.000 0.001 0.001 0.001 0.024 0.001 0.000 0.009 0.001 0.000 0.000 0.002 0.001 0.000 0.000 0.023 0.153 0.008 0.638 0.045 0.041 
47 chopsticks_vis 30 0.001 0.001 0.001 0.024 0.000 0.996 0.003 0.001 0.001 0.994 0.000 0.003 0.017 0.000 0.000 0.002 0.009 0.001 0.000 0.000 0.001 0.001 0.001 0.000 0.006 0.000 0.002 0.024 0.000 0.001 0.000 0.001 0.000 0.000 0.002 0.005 0.000 0.015 0.001 0.012 0.002 0.026 0.002 0.000 0.002 0.001 0.000 0.000 0.001 0.001 0.024 0.000 0.061 0.001 0.030 0.024 0.137 0.963 
