0 beaver_vis 30 0.004 0.008 0.002 0.000 0.000 0.996 0.009 0.003 0.026 0.989 0.002 0.006 0.001 0.000 0.003 0.000 0.014 0.002 0.001 0.002 0.001 0.000 0.001 0.000 0.000 0.000 0.001 0.000 0.000 0.004 0.000 0.001 0.001 0.000 0.027 0.002 0.001 0.001 0.015 0.001 0.002 0.053 0.001 0.001 0.001 0.000 0.001 0.002 0.002 0.010 0.001 0.001 0.224 0.039 0.015 0.020 0.821 0.096 
1 bear_vis 30 0.005 0.023 0.007 0.001 0.000 0.996 0.002 0.001 0.971 0.165 0.001 0.021 0.001 0.002 0.001 0.113 0.014 0.010 0.010 0.018 0.003 0.000 0.001 0.000 0.000 0.000 0.001 0.000 0.000 0.003 0.000 0.001 0.001 0.001 0.007 0.001 0.001 0.001 0.002 0.002 0.001 0.002 0.001 0.001 0.001 0.000 0.897 0.002 0.001 0.031 0.001 0.001 0.001 0.272 0.004 0.019 0.038 0.045 
2 sheep_vis 30 0.008 0.106 0.003 0.001 0.001 0.996 0.032 0.001 0.014 0.919 0.001 0.009 0.006 0.000 0.008 0.000 0.002 0.004 0.001 0.000 0.007 0.000 0.001 0.000 0.000 0.000 0.001 0.000 0.000 0.006 0.000 0.002 0.001 0.001 0.325 0.001 0.001 0.004 0.002 0.005 0.003 0.001 0.001 0.001 0.008 0.001 0.001 0.001 0.023 0.041 0.001 0.001 0.005 0.003 0.029 0.042 0.010 0.925 
3 buffalo_vis 30 0.005 0.014 0.006 0.000 0.000 0.996 0.002 0.001 0.959 0.184 0.001 0.009 0.001 0.001 0.001 0.165 0.020 0.010 0.002 0.010 0.002 0.000 0.001 0.000 0.000 0.000 0.001 0.000 0.000 0.003 0.000 0.001 0.001 0.001 0.004 0.001 0.001 0.001 0.002 0.001 0.001 0.002 0.001 0.001 0.001 0.000 0.647 0.001 0.001 0.012 0.001 0.001 0.001 0.121 0.002 0.017 0.286 0.030 
4 poodle_vis 30 0.005 0.019 0.008 0.000 0.000 0.996 0.002 0.001 0.688 0.391 0.001 0.010 0.001 0.001 0.001 0.084 0.016 0.005 0.003 0.077 0.002 0.000 0.001 0.000 0.000 0.001 0.001 0.000 0.000 0.003 0.000 0.001 0.001 0.001 0.008 0.001 0.001 0.001 0.004 0.002 0.001 0.004 0.001 0.001 0.001 0.000 0.387 0.001 0.001 0.021 0.001 0.001 0.001 0.291 0.006 0.023 0.108 0.042 
5 giraffe_vis 30 0.005 0.018 0.007 0.000 0.000 0.996 0.002 0.001 0.968 0.159 0.001 0.011 0.001 0.001 0.001 0.130 0.017 0.009 0.005 0.015 0.002 0.000 0.001 0.000 0.000 0.000 0.001 0.000 0.000 0.003 0.000 0.001 0.001 0.001 0.005 0.001 0.001 0.001 0.002 0.001 0.001 0.002 0.001 0.001 0.001 0.000 0.863 0.001 0.001 0.017 0.001 0.001 0.001 0.234 0.003 0.018 0.032 0.039 
6 robin_vis 30 0.004 0.005 0.027 0.001 0.001 0.986 0.004 0.001 0.022 0.903 0.001 0.001 0.001 0.004 0.001 0.000 0.010 0.007 0.001 0.003 0.035 0.007 0.001 0.000 0.000 0.001 0.001 0.000 0.000 0.001 0.000 0.001 0.001 0.000 0.016 0.001 0.008 0.001 0.012 0.001 0.001 0.002 0.001 0.001 0.001 0.001 0.003 0.006 0.001 0.001 0.052 0.001 0.004 0.026 0.013 0.948 0.015 0.006 
7 swan_vis 30 0.004 0.003 0.006 0.001 0.001 0.952 0.003 0.001 0.031 0.972 0.000 0.002 0.001 0.001 0.001 0.000 0.003 0.001 0.003 0.013 0.007 0.001 0.000 0.000 0.000 0.001 0.001 0.000 0.000 0.002 0.000 0.001 0.001 0.000 0.002 0.000 0.009 0.001 0.008 0.001 0.001 0.002 0.001 0.001 0.001 0.000 0.017 0.002 0.001 0.001 0.001 0.001 0.001 0.752 0.015 0.220 0.006 0.042 
8 woodpecker_vis 30 0.003 0.009 0.048 0.001 0.001 0.891 0.007 0.001 0.005 0.990 0.002 0.010 0.001 0.004 0.001 0.000 0.008 0.009 0.012 0.002 0.096 0.013 0.002 0.000 0.000 0.001 0.004 0.000 0.000 0.001 0.000 0.001 0.001 0.000 0.042 0.001 0.007 0.001 0.009 0.001 0.001 0.001 0.001 0.001 0.001 0.001 0.001 0.013 0.001 0.002 0.003 0.001 0.001 0.332 0.051 0.901 0.006 0.131 
9 peacock_vis 30 0.006 0.011 0.008 0.001 0.001 0.973 0.003 0.001 0.023 0.965 0.000 0.005 0.001 0.016 0.001 0.000 0.004 0.003 0.037 0.009 0.033 0.001 0.001 0.000 0.000 0.001 0.001 0.000 0.000 0.003 0.000 0.001 0.001 0.000 0.006 0.001 0.007 0.001 0.001 0.001 0.000 0.002 0.001 0.001 0.001 0.001 0.018 0.001 0.001 0.014 0.001 0.001 0.001 0.429 0.008 0.384 0.196 0.019 
10 crow_vis 30 0.615 0.004 0.784 0.001 0.001 0.069 0.004 0.001 0.002 0.177 0.000 0.001 0.001 0.005 0.001 0.000 0.010 0.056 0.005 0.022 0.124 0.480 0.000 0.000 0.002 0.001 0.002 0.000 0.002 0.001 0.000 0.001 0.001 0.000 0.003 0.000 0.023 0.001 0.001 0.001 0.000 0.001 0.001 0.004 0.001 0.001 0.004 0.005 0.001 0.000 0.053 0.001 0.001 0.016 0.006 0.380 0.004 0.001 
11 eagle_vis 30 0.004 0.004 0.002 0.001 0.001 0.994 0.007 0.001 0.167 0.982 0.001 0.016 0.001 0.000 0.003 0.000 0.006 0.002 0.002 0.002 0.001 0.000 0.001 0.000 0.000 0.000 0.001 0.000 0.000 0.003 0.000 0.001 0.001 0.000 0.014 0.001 0.001 0.001 0.071 0.001 0.001 0.002 0.001 0.001 0.001 0.000 0.017 0.002 0.001 0.014 0.001 0.001 0.003 0.383 0.061 0.030 0.003 0.749 
12 tuna_vis 30 0.035 0.158 0.001 0.001 0.001 0.996 0.047 0.001 0.019 0.977 0.001 0.006 0.025 0.000 0.031 0.000 0.001 0.002 0.001 0.000 0.002 0.000 0.001 0.000 0.000 0.000 0.001 0.000 0.000 0.028 0.000 0.002 0.001 0.015 0.215 0.001 0.002 0.003 0.002 0.023 0.002 0.001 0.001 0.001 0.003 0.000 0.022 0.001 0.021 0.033 0.001 0.001 0.069 0.004 0.005 0.010 0.062 0.952 
13 goldfish_vis 30 0.020 0.017 0.001 0.001 0.025 0.995 0.818 0.001 0.234 0.077 0.001 0.002 0.016 0.000 0.028 0.000 0.001 0.001 0.000 0.000 0.002 0.000 0.001 0.012 0.000 0.000 0.001 0.008 0.000 0.013 0.000 0.003 0.009 0.427 0.893 0.009 0.001 0.009 0.002 0.330 0.006 0.001 0.001 0.001 0.012 0.000 0.008 0.001 0.134 0.220 0.001 0.001 0.002 0.001 0.001 0.003 0.001 0.758 
14 salmon_vis 30 0.009 0.011 0.001 0.004 0.027 0.994 0.992 0.024 0.042 0.009 0.001 0.002 0.150 0.005 0.001 0.000 0.001 0.001 0.001 0.000 0.262 0.000 0.020 0.005 0.000 0.001 0.004 0.107 0.002 0.004 0.016 0.007 0.202 0.012 0.663 0.003 0.395 0.948 0.002 0.007 0.018 0.001 0.001 0.003 0.054 0.146 0.001 0.001 0.577 0.010 0.004 0.001 0.001 0.000 0.001 0.024 0.073 0.011 
15 sardine_vis 30 0.011 0.020 0.002 0.001 0.001 0.996 0.007 0.001 0.719 0.629 0.000 0.007 0.014 0.001 0.001 0.001 0.005 0.001 0.001 0.001 0.005 0.000 0.001 0.000 0.000 0.000 0.001 0.001 0.000 0.003 0.000 0.001 0.011 0.004 0.011 0.001 0.003 0.002 0.002 0.002 0.001 0.004 0.001 0.001 0.001 0.001 0.124 0.001 0.089 0.021 0.001 0.001 0.002 0.051 0.001 0.014 0.904 0.060 
16 catfish_vis 30 0.018 0.017 0.001 0.001 0.034 0.996 0.844 0.001 0.190 0.086 0.001 0.002 0.008 0.000 0.028 0.000 0.001 0.001 0.000 0.000 0.001 0.000 0.000 0.008 0.000 0.000 0.001 0.009 0.000 0.018 0.000 0.003 0.012 0.174 0.848 0.005 0.001 0.007 0.002 0.450 0.005 0.001 0.001 0.001 0.031 0.000 0.007 0.001 0.087 0.169 0.001 0.001 0.004 0.001 0.001 0.003 0.001 0.718 
17 cod_vis 30 0.021 0.009 0.001 0.001 0.063 0.994 0.930 0.001 0.314 0.022 0.000 0.004 0.015 0.000 0.004 0.000 0.001 0.001 0.000 0.000 0.003 0.000 0.001 0.022 0.000 0.000 0.001 0.035 0.000 0.011 0.000 0.003 0.126 0.043 0.303 0.003 0.008 0.015 0.002 0.779 0.001 0.001 0.001 0.001 0.049 0.000 0.039 0.001 0.048 0.318 0.001 0.001 0.001 0.001 0.001 0.003 0.003 0.320 
18 turtle_vis 30 0.013 0.002 0.001 0.001 0.170 0.994 0.993 0.001 0.044 0.002 0.001 0.001 0.004 0.000 0.007 0.000 0.001 0.001 0.000 0.000 0.001 0.000 0.001 0.014 0.000 0.000 0.001 0.021 0.001 0.034 0.000 0.005 0.044 0.040 0.183 0.002 0.010 0.072 0.005 0.960 0.002 0.001 0.001 0.001 0.287 0.000 0.007 0.000 0.043 0.048 0.001 0.001 0.001 0.000 0.001 0.001 0.001 0.195 
19 rattlesnake_vis 30 0.010 0.002 0.001 0.001 0.097 0.995 0.993 0.003 0.017 0.002 0.000 0.001 0.003 0.000 0.003 0.000 0.001 0.001 0.000 0.000 0.001 0.000 0.000 0.011 0.000 0.000 0.001 0.015 0.001 0.030 0.000 0.003 0.049 0.019 0.018 0.001 0.023 0.188 0.004 0.972 0.001 0.001 0.001 0.001 0.213 0.000 0.005 0.000 0.025 0.021 0.001 0.001 0.001 0.000 0.001 0.001 0.004 0.050 
20 crab_vis 30 0.017 0.003 0.001 0.001 0.390 0.994 0.994 0.002 0.059 0.003 0.001 0.001 0.005 0.000 0.007 0.000 0.001 0.001 0.000 0.000 0.001 0.000 0.001 0.015 0.000 0.000 0.001 0.038 0.001 0.049 0.000 0.007 0.125 0.020 0.177 0.002 0.057 0.066 0.005 0.983 0.002 0.001 0.001 0.001 0.662 0.000 0.021 0.000 0.038 0.069 0.001 0.001 0.001 0.000 0.001 0.001 0.001 0.257 
21 frog_vis 30 0.013 0.003 0.001 0.001 0.130 0.995 0.994 0.001 0.010 0.003 0.000 0.001 0.003 0.000 0.004 0.000 0.001 0.001 0.000 0.000 0.001 0.000 0.000 0.027 0.000 0.000 0.001 0.014 0.001 0.023 0.000 0.003 0.037 0.006 0.022 0.005 0.023 0.096 0.009 0.978 0.001 0.001 0.001 0.001 0.155 0.000 0.007 0.000 0.008 0.016 0.001 0.001 0.001 0.000 0.001 0.001 0.001 0.068 
22 gecko_vis 30 0.018 0.002 0.001 0.001 0.496 0.994 0.994 0.002 0.062 0.002 0.000 0.001 0.005 0.000 0.005 0.000 0.001 0.001 0.000 0.000 0.001 0.000 0.001 0.014 0.000 0.000 0.001 0.053 0.001 0.056 0.000 0.007 0.204 0.013 0.136 0.001 0.151 0.060 0.005 0.989 0.001 0.002 0.001 0.001 0.789 0.000 0.033 0.000 0.034 0.072 0.001 0.001 0.001 0.000 0.001 0.001 0.001 0.250 
23 crocodile_vis 30 0.015 0.003 0.001 0.001 0.319 0.994 0.994 0.002 0.041 0.003 0.000 0.001 0.004 0.000 0.008 0.000 0.001 0.001 0.000 0.000 0.001 0.000 0.001 0.052 0.000 0.000 0.001 0.026 0.001 0.066 0.000 0.007 0.061 0.011 0.065 0.003 0.085 0.046 0.011 0.989 0.001 0.001 0.001 0.001 0.419 0.000 0.034 0.000 0.009 0.078 0.001 0.001 0.001 0.001 0.001 0.001 0.001 0.195 
24 axe_vis 30 0.005 0.010 0.001 0.001 0.017 0.994 0.994 0.006 0.002 0.002 0.001 0.001 0.060 0.001 0.002 0.000 0.000 0.001 0.000 0.000 0.014 0.000 0.001 0.005 0.000 0.001 0.002 0.017 0.001 0.006 0.060 0.002 0.009 0.014 0.037 0.001 0.263 0.975 0.002 0.017 0.018 0.001 0.001 0.019 0.013 0.002 0.001 0.000 0.112 0.001 0.002 0.001 0.020 0.000 0.001 0.002 0.182 0.002 
25 hammer_vis 30 0.003 0.002 0.001 0.002 0.006 0.996 0.994 0.015 0.005 0.014 0.002 0.001 0.001 0.000 0.003 0.000 0.001 0.001 0.000 0.000 0.001 0.000 0.001 0.032 0.000 0.000 0.002 0.002 0.001 0.034 0.000 0.001 0.001 0.001 0.009 0.074 0.002 0.026 0.127 0.779 0.011 0.001 0.005 0.001 0.015 0.000 0.001 0.001 0.002 0.012 0.001 0.001 0.013 0.000 0.001 0.001 0.005 0.016 
26 screwdriver_vis 30 0.004 0.003 0.001 0.010 0.009 0.987 0.994 0.002 0.005 0.002 0.001 0.001 0.001 0.023 0.002 0.000 0.001 0.001 0.001 0.000 0.012 0.000 0.001 0.005 0.000 0.001 0.010 0.035 0.003 0.079 0.000 0.005 0.004 0.001 0.169 0.001 0.989 0.046 0.006 0.039 0.001 0.002 0.001 0.017 0.155 0.001 0.001 0.000 0.002 0.001 0.030 0.001 0.001 0.000 0.001 0.072 0.007 0.002 
27 chisel_vis 30 0.007 0.015 0.001 0.001 0.074 0.995 0.994 0.021 0.002 0.004 0.001 0.001 0.101 0.000 0.004 0.000 0.000 0.002 0.000 0.000 0.008 0.000 0.001 0.009 0.000 0.000 0.002 0.017 0.001 0.007 0.101 0.004 0.007 0.035 0.044 0.005 0.146 0.987 0.003 0.107 0.074 0.001 0.001 0.025 0.024 0.001 0.001 0.001 0.164 0.001 0.002 0.001 0.080 0.000 0.001 0.002 0.099 0.003 
28 saw_vis 30 0.003 0.001 0.001 0.002 0.012 0.995 0.995 0.001 0.004 0.005 0.001 0.001 0.001 0.000 0.003 0.000 0.001 0.001 0.000 0.000 0.001 0.000 0.000 0.067 0.000 0.000 0.002 0.003 0.001 0.049 0.000 0.002 0.001 0.001 0.006 0.027 0.015 0.006 0.133 0.977 0.001 0.001 0.005 0.002 0.024 0.000 0.002 0.000 0.001 0.013 0.001 0.001 0.002 0.001 0.001 0.001 0.001 0.019 
29 drill_vis 30 0.003 0.002 0.001 0.009 0.008 0.988 0.994 0.002 0.005 0.002 0.001 0.001 0.001 0.018 0.002 0.000 0.001 0.001 0.001 0.000 0.011 0.000 0.001 0.006 0.000 0.001 0.007 0.032 0.002 0.054 0.000 0.003 0.005 0.001 0.051 0.001 0.982 0.043 0.009 0.070 0.001 0.002 0.001 0.015 0.101 0.001 0.001 0.000 0.002 0.001 0.018 0.001 0.001 0.000 0.001 0.040 0.008 0.003 
30 clamp_vis 30 0.007 0.001 0.001 0.002 0.008 0.996 0.334 0.990 0.001 0.033 0.001 0.000 0.001 0.000 0.000 0.000 0.000 0.003 0.000 0.000 0.001 0.000 0.001 0.000 0.000 0.000 0.001 0.000 0.001 0.001 0.000 0.001 0.001 0.000 0.010 0.001 0.001 0.018 0.675 0.001 0.643 0.202 0.003 0.007 0.706 0.001 0.000 0.001 0.002 0.000 0.001 0.009 0.055 0.000 0.009 0.002 0.000 0.001 
31 hoe_vis 30 0.009 0.001 0.003 0.002 0.007 0.995 0.057 0.989 0.002 0.006 0.000 0.001 0.001 0.000 0.000 0.000 0.001 0.001 0.001 0.000 0.003 0.000 0.001 0.000 0.003 0.001 0.001 0.002 0.001 0.001 0.002 0.000 0.004 0.001 0.008 0.000 0.040 0.105 0.022 0.001 0.170 0.733 0.001 0.635 0.078 0.018 0.001 0.001 0.002 0.001 0.002 0.012 0.063 0.000 0.001 0.015 0.003 0.001 
32 rake_vis 30 0.015 0.001 0.023 0.001 0.001 0.996 0.002 0.202 0.023 0.292 0.001 0.000 0.001 0.000 0.000 0.000 0.000 0.037 0.003 0.001 0.001 0.000 0.001 0.000 0.000 0.000 0.001 0.000 0.001 0.001 0.000 0.000 0.000 0.000 0.026 0.000 0.001 0.001 0.001 0.001 0.007 0.025 0.004 0.001 0.045 0.005 0.001 0.001 0.001 0.000 0.001 0.013 0.004 0.000 0.584 0.007 0.001 0.003 
33 shovel_vis 30 0.027 0.001 0.001 0.001 0.128 0.996 0.972 0.428 0.002 0.004 0.001 0.001 0.005 0.000 0.000 0.000 0.000 0.005 0.001 0.000 0.011 0.000 0.001 0.000 0.001 0.000 0.001 0.001 0.002 0.001 0.187 0.001 0.002 0.021 0.011 0.001 0.022 0.964 0.001 0.004 0.305 0.003 0.001 0.219 0.031 0.020 0.001 0.001 0.011 0.001 0.002 0.001 0.047 0.000 0.001 0.004 0.009 0.001 
34 spade_vis 30 0.009 0.001 0.001 0.002 0.007 0.996 0.031 0.992 0.002 0.004 0.000 0.000 0.001 0.000 0.000 0.000 0.000 0.001 0.001 0.000 0.001 0.000 0.001 0.000 0.000 0.000 0.001 0.000 0.001 0.001 0.000 0.001 0.001 0.000 0.010 0.000 0.003 0.002 0.008 0.002 0.069 0.387 0.005 0.003 0.825 0.001 0.001 0.001 0.001 0.000 0.001 0.008 0.026 0.000 0.011 0.002 0.001 0.000 
35 wrench_vis 30 0.039 0.001 0.009 0.004 0.034 0.995 0.819 0.992 0.005 0.011 0.001 0.001 0.003 0.000 0.000 0.000 0.000 0.055 0.001 0.000 0.062 0.000 0.017 0.000 0.003 0.001 0.002 0.001 0.004 0.001 0.019 0.001 0.004 0.001 0.038 0.001 0.009 0.917 0.001 0.001 0.577 0.010 0.002 0.407 0.679 0.746 0.001 0.001 0.068 0.001 0.002 0.003 0.015 0.000 0.004 0.020 0.010 0.001 
36 accordion_vis 30 0.003 0.002 0.001 0.004 0.002 0.995 0.009 0.001 0.995 0.001 0.000 0.002 0.001 0.003 0.001 0.005 0.001 0.001 0.003 0.000 0.002 0.000 0.001 0.012 0.000 0.001 0.001 0.003 0.001 0.015 0.000 0.000 0.007 0.015 0.003 0.002 0.009 0.001 0.002 0.009 0.001 0.001 0.001 0.001 0.001 0.000 0.919 0.003 0.020 0.098 0.021 0.002 0.000 0.001 0.001 0.002 0.002 0.002 
37 cello_vis 30 0.002 0.001 0.001 0.040 0.001 0.996 0.011 0.001 0.995 0.001 0.014 0.016 0.001 0.001 0.001 0.001 0.001 0.009 0.009 0.000 0.001 0.000 0.016 0.005 0.000 0.001 0.003 0.001 0.001 0.006 0.000 0.000 0.003 0.001 0.004 0.350 0.003 0.001 0.005 0.003 0.001 0.001 0.159 0.001 0.002 0.001 0.026 0.111 0.182 0.307 0.005 0.009 0.000 0.000 0.001 0.002 0.019 0.005 
38 flute_vis 30 0.003 0.004 0.001 0.006 0.002 0.996 0.020 0.001 0.995 0.001 0.001 0.003 0.001 0.001 0.001 0.001 0.001 0.004 0.001 0.000 0.006 0.000 0.028 0.001 0.000 0.001 0.002 0.001 0.001 0.003 0.000 0.000 0.024 0.056 0.020 0.006 0.004 0.008 0.001 0.001 0.001 0.002 0.001 0.001 0.003 0.019 0.012 0.009 0.988 0.171 0.006 0.003 0.000 0.000 0.001 0.003 0.053 0.004 
39 guitar_vis 30 0.004 0.004 0.001 0.005 0.001 0.996 0.004 0.001 0.994 0.016 0.001 0.008 0.001 0.001 0.001 0.001 0.001 0.001 0.006 0.000 0.002 0.000 0.005 0.002 0.000 0.001 0.001 0.002 0.000 0.025 0.000 0.000 0.006 0.007 0.021 0.002 0.002 0.001 0.001 0.003 0.001 0.005 0.002 0.001 0.005 0.002 0.148 0.005 0.610 0.585 0.001 0.001 0.000 0.004 0.002 0.007 0.014 0.012 
40 piano_vis 30 0.002 0.002 0.001 0.006 0.002 0.995 0.030 0.001 0.995 0.001 0.001 0.002 0.001 0.021 0.001 0.008 0.002 0.010 0.006 0.000 0.005 0.000 0.001 0.010 0.001 0.001 0.003 0.002 0.001 0.005 0.000 0.000 0.003 0.004 0.007 0.003 0.025 0.001 0.002 0.001 0.001 0.001 0.001 0.001 0.001 0.001 0.362 0.019 0.022 0.007 0.313 0.004 0.000 0.001 0.001 0.002 0.002 0.003 
41 trumpet_vis 30 0.004 0.001 0.010 0.022 0.002 0.993 0.001 0.001 0.994 0.001 0.000 0.000 0.000 0.000 0.000 0.000 0.000 0.004 0.001 0.000 0.001 0.000 0.003 0.000 0.000 0.001 0.001 0.000 0.001 0.001 0.000 0.000 0.001 0.000 0.003 0.001 0.002 0.001 0.066 0.001 0.003 0.017 0.006 0.001 0.016 0.001 0.003 0.530 0.002 0.001 0.005 0.861 0.000 0.000 0.044 0.002 0.000 0.000 
42 fork_vis 30 0.003 0.006 0.001 0.000 0.000 0.996 0.024 0.001 0.002 0.993 0.007 0.001 0.001 0.000 0.008 0.000 0.012 0.001 0.000 0.000 0.001 0.000 0.000 0.000 0.000 0.000 0.001 0.000 0.000 0.006 0.000 0.001 0.000 0.000 0.003 0.022 0.001 0.001 0.129 0.001 0.021 0.001 0.001 0.001 0.001 0.000 0.001 0.001 0.001 0.001 0.001 0.001 0.913 0.002 0.002 0.010 0.201 0.403 
43 spoon_vis 30 0.003 0.005 0.002 0.000 0.000 0.996 0.002 0.001 0.026 0.972 0.001 0.004 0.001 0.000 0.001 0.001 0.011 0.001 0.001 0.018 0.001 0.000 0.000 0.000 0.000 0.000 0.001 0.000 0.000 0.004 0.000 0.000 0.001 0.000 0.001 0.001 0.002 0.001 0.003 0.001 0.000 0.011 0.001 0.001 0.001 0.000 0.006 0.001 0.001 0.015 0.001 0.001 0.010 0.313 0.002 0.019 0.763 0.022 
44 tongs_vis 30 0.003 0.011 0.001 0.001 0.001 0.996 0.240 0.001 0.003 0.994 0.016 0.021 0.001 0.000 0.046 0.000 0.002 0.006 0.001 0.000 0.001 0.000 0.001 0.000 0.000 0.000 0.001 0.000 0.000 0.004 0.000 0.002 0.000 0.000 0.313 0.016 0.001 0.001 0.140 0.001 0.016 0.001 0.001 0.001 0.009 0.000 0.001 0.002 0.001 0.014 0.001 0.001 0.023 0.034 0.397 0.011 0.001 0.991 
45 ladle_vis 30 0.002 0.028 0.005 0.000 0.000 0.996 0.007 0.001 0.008 0.984 0.001 0.001 0.001 0.017 0.001 0.000 0.040 0.002 0.001 0.001 0.022 0.003 0.000 0.000 0.000 0.000 0.001 0.000 0.000 0.004 0.000 0.001 0.001 0.000 0.125 0.000 0.021 0.001 0.012 0.001 0.001 0.024 0.001 0.001 0.001 0.001 0.002 0.001 0.001 0.001 0.001 0.001 0.023 0.030 0.005 0.956 0.368 0.019 
46 knife_vis 30 0.003 0.006 0.001 0.000 0.000 0.996 0.001 0.002 0.043 0.972 0.001 0.004 0.001 0.001 0.001 0.000 0.006 0.001 0.002 0.002 0.001 0.000 0.000 0.000 0.000 0.000 0.001 0.000 0.000 0.005 0.000 0.000 0.001 0.001 0.002 0.001 0.001 0.001 0.001 0.001 0.001 0.007 0.002 0.000 0.001 0.001 0.003 0.001 0.002 0.024 0.001 0.001 0.013 0.021 0.002 0.009 0.980 0.015 
47 chopsticks_vis 30 0.003 0.012 0.001 0.000 0.000 0.996 0.168 0.001 0.003 0.994 0.007 0.017 0.001 0.000 0.062 0.000 0.002 0.003 0.001 0.000 0.001 0.000 0.000 0.000 0.000 0.000 0.001 0.000 0.000 0.007 0.000 0.002 0.000 0.000 0.230 0.010 0.001 0.001 0.125 0.001 0.010 0.001 0.001 0.001 0.004 0.000 0.001 0.001 0.001 0.011 0.001 0.001 0.024 0.039 0.244 0.012 0.001 0.992 
