0 beaver_vis 30 0.996 0.253 0.000 0.006 0.990 0.031 0.000 0.000 0.004 0.001 0.001 0.006 0.002 0.001 0.001 0.000 0.000 0.000 0.000 0.000 0.000 0.000 0.009 0.001 0.000 0.000 0.004 0.000 0.048 0.005 0.509 0.002 0.002 0.041 0.000 0.001 0.000 0.000 0.000 0.002 0.000 0.000 0.000 0.000 0.000 0.002 0.000 0.005 0.001 0.003 0.000 0.008 0.000 0.034 0.001 0.000 0.000 0.001 
1 bear_vis 30 0.996 0.164 0.000 0.014 0.992 0.002 0.000 0.000 0.142 0.000 0.001 0.016 0.043 0.001 0.000 0.002 0.000 0.000 0.007 0.000 0.000 0.000 0.001 0.002 0.000 0.021 0.016 0.000 0.904 0.010 0.387 0.015 0.001 0.002 0.001 0.001 0.001 0.003 0.000 0.008 0.001 0.000 0.000 0.000 0.000 0.003 0.001 0.006 0.109 0.009 0.000 0.004 0.000 0.001 0.000 0.000 0.000 0.000 
2 sheep_vis 30 0.996 0.025 0.000 0.210 0.952 0.250 0.000 0.000 0.001 0.070 0.000 0.000 0.002 0.002 0.000 0.000 0.000 0.000 0.000 0.000 0.000 0.000 0.046 0.002 0.000 0.000 0.001 0.001 0.002 0.019 0.006 0.000 0.002 0.019 0.000 0.001 0.000 0.000 0.000 0.005 0.000 0.000 0.000 0.000 0.000 0.000 0.000 0.002 0.000 0.057 0.001 0.001 0.000 0.151 0.003 0.001 0.014 0.004 
3 buffalo_vis 30 0.996 0.613 0.000 0.006 0.983 0.001 0.000 0.000 0.028 0.000 0.001 0.116 0.003 0.002 0.001 0.004 0.000 0.000 0.001 0.001 0.000 0.000 0.001 0.000 0.000 0.008 0.022 0.000 0.851 0.001 0.102 0.012 0.001 0.001 0.000 0.003 0.000 0.001 0.000 0.008 0.001 0.000 0.000 0.000 0.000 0.017 0.001 0.007 0.029 0.005 0.000 0.002 0.000 0.002 0.001 0.000 0.000 0.001 
4 poodle_vis 30 0.996 0.429 0.000 0.008 0.941 0.051 0.000 0.000 0.001 0.006 0.002 0.001 0.000 0.060 0.002 0.000 0.000 0.000 0.000 0.000 0.001 0.000 0.009 0.000 0.000 0.000 0.002 0.000 0.004 0.004 0.019 0.006 0.007 0.332 0.000 0.001 0.000 0.000 0.000 0.001 0.000 0.000 0.000 0.000 0.000 0.001 0.000 0.003 0.000 0.001 0.000 0.002 0.000 0.245 0.002 0.000 0.000 0.001 
5 giraffe_vis 30 0.996 0.149 0.000 0.015 0.992 0.002 0.000 0.000 0.176 0.000 0.001 0.007 0.059 0.001 0.001 0.002 0.000 0.000 0.008 0.000 0.000 0.000 0.001 0.003 0.000 0.023 0.015 0.000 0.905 0.015 0.437 0.013 0.000 0.002 0.001 0.001 0.001 0.003 0.000 0.006 0.000 0.000 0.000 0.001 0.000 0.003 0.001 0.004 0.142 0.009 0.000 0.005 0.000 0.001 0.000 0.000 0.000 0.000 
6 robin_vis 30 0.996 0.001 0.000 0.365 0.508 0.306 0.000 0.000 0.001 0.193 0.000 0.000 0.001 0.001 0.000 0.000 0.000 0.000 0.000 0.000 0.001 0.000 0.130 0.000 0.001 0.000 0.000 0.001 0.000 0.001 0.002 0.000 0.026 0.010 0.000 0.001 0.000 0.001 0.001 0.018 0.000 0.001 0.000 0.000 0.001 0.000 0.000 0.003 0.000 0.011 0.000 0.001 0.000 0.022 0.005 0.002 0.007 0.009 
7 swan_vis 30 0.996 0.002 0.000 0.901 0.507 0.074 0.000 0.000 0.001 0.087 0.000 0.000 0.001 0.001 0.000 0.000 0.000 0.000 0.000 0.000 0.001 0.000 0.476 0.000 0.007 0.000 0.001 0.001 0.000 0.001 0.002 0.000 0.032 0.007 0.000 0.001 0.000 0.001 0.001 0.004 0.001 0.000 0.000 0.000 0.005 0.000 0.000 0.003 0.000 0.007 0.000 0.001 0.000 0.009 0.005 0.013 0.005 0.006 
8 woodpecker_vis 30 0.996 0.004 0.000 0.777 0.203 0.025 0.000 0.006 0.001 0.168 0.001 0.000 0.001 0.001 0.000 0.000 0.000 0.000 0.000 0.000 0.001 0.001 0.587 0.001 0.001 0.000 0.007 0.001 0.000 0.001 0.024 0.000 0.005 0.005 0.000 0.001 0.000 0.000 0.001 0.001 0.006 0.000 0.005 0.000 0.001 0.015 0.000 0.026 0.000 0.002 0.000 0.001 0.000 0.010 0.307 0.014 0.001 0.043 
9 peacock_vis 30 0.995 0.195 0.000 0.079 0.454 0.328 0.000 0.000 0.002 0.145 0.001 0.042 0.000 0.001 0.000 0.000 0.000 0.000 0.000 0.000 0.000 0.000 0.096 0.000 0.000 0.000 0.001 0.000 0.002 0.001 0.147 0.000 0.003 0.021 0.000 0.002 0.000 0.000 0.000 0.001 0.012 0.001 0.000 0.000 0.000 0.003 0.000 0.020 0.000 0.004 0.001 0.045 0.000 0.136 0.556 0.000 0.000 0.063 
10 crow_vis 30 0.995 0.006 0.000 0.286 0.240 0.912 0.000 0.000 0.001 0.901 0.000 0.000 0.001 0.002 0.000 0.000 0.000 0.000 0.000 0.000 0.001 0.000 0.180 0.000 0.002 0.000 0.000 0.000 0.000 0.001 0.002 0.000 0.100 0.001 0.000 0.001 0.000 0.001 0.002 0.014 0.000 0.003 0.000 0.000 0.000 0.000 0.000 0.003 0.000 0.045 0.000 0.002 0.000 0.269 0.078 0.001 0.007 0.060 
11 eagle_vis 30 0.996 0.014 0.000 0.750 0.736 0.055 0.000 0.001 0.002 0.155 0.001 0.000 0.002 0.001 0.000 0.000 0.000 0.001 0.000 0.000 0.001 0.001 0.705 0.006 0.000 0.000 0.010 0.001 0.001 0.002 0.133 0.000 0.002 0.027 0.000 0.001 0.000 0.000 0.000 0.002 0.001 0.001 0.036 0.000 0.000 0.001 0.000 0.191 0.000 0.028 0.000 0.002 0.000 0.024 0.010 0.053 0.006 0.142 
12 tuna_vis 30 0.996 0.101 0.000 0.037 0.993 0.025 0.000 0.000 0.004 0.003 0.002 0.003 0.017 0.001 0.000 0.000 0.000 0.000 0.001 0.000 0.000 0.000 0.616 0.000 0.000 0.000 0.005 0.000 0.005 0.002 0.819 0.001 0.041 0.072 0.000 0.001 0.000 0.000 0.000 0.004 0.007 0.000 0.000 0.000 0.000 0.000 0.000 0.165 0.000 0.005 0.000 0.018 0.000 0.015 0.003 0.000 0.001 0.206 
13 goldfish_vis 30 0.996 0.035 0.000 0.007 0.993 0.048 0.000 0.000 0.041 0.000 0.001 0.002 0.021 0.001 0.000 0.000 0.000 0.000 0.004 0.000 0.000 0.000 0.025 0.008 0.000 0.001 0.001 0.001 0.078 0.037 0.959 0.001 0.001 0.024 0.000 0.001 0.000 0.001 0.000 0.001 0.001 0.000 0.000 0.001 0.000 0.002 0.000 0.008 0.001 0.039 0.000 0.047 0.000 0.004 0.000 0.000 0.000 0.001 
14 salmon_vis 30 0.996 0.005 0.000 0.010 0.993 0.008 0.000 0.000 0.002 0.000 0.000 0.072 0.001 0.002 0.000 0.000 0.000 0.000 0.002 0.000 0.000 0.000 0.016 0.000 0.002 0.001 0.000 0.001 0.001 0.001 0.018 0.201 0.648 0.871 0.000 0.001 0.000 0.000 0.001 0.069 0.006 0.001 0.000 0.000 0.000 0.000 0.000 0.002 0.000 0.001 0.005 0.004 0.000 0.006 0.000 0.000 0.000 0.000 
15 sardine_vis 30 0.996 0.004 0.000 0.058 0.691 0.266 0.000 0.000 0.001 0.183 0.000 0.000 0.001 0.002 0.000 0.000 0.000 0.000 0.000 0.000 0.001 0.000 0.050 0.000 0.001 0.000 0.000 0.001 0.000 0.002 0.001 0.000 0.065 0.022 0.000 0.000 0.000 0.000 0.003 0.012 0.000 0.001 0.000 0.000 0.001 0.000 0.000 0.002 0.000 0.005 0.000 0.001 0.000 0.098 0.003 0.001 0.003 0.004 
16 catfish_vis 30 0.996 0.048 0.000 0.011 0.993 0.012 0.000 0.000 0.046 0.000 0.001 0.010 0.033 0.001 0.000 0.000 0.000 0.000 0.007 0.000 0.000 0.000 0.005 0.002 0.000 0.004 0.005 0.001 0.482 0.008 0.794 0.005 0.001 0.003 0.000 0.001 0.000 0.002 0.000 0.007 0.001 0.000 0.000 0.001 0.000 0.001 0.000 0.006 0.005 0.023 0.001 0.010 0.000 0.002 0.000 0.000 0.000 0.000 
17 cod_vis 30 0.996 0.006 0.000 0.075 0.821 0.085 0.000 0.000 0.001 0.084 0.000 0.000 0.001 0.003 0.000 0.000 0.000 0.000 0.000 0.000 0.001 0.000 0.071 0.001 0.001 0.000 0.000 0.001 0.000 0.002 0.001 0.000 0.112 0.021 0.000 0.000 0.000 0.000 0.006 0.004 0.000 0.000 0.000 0.000 0.002 0.000 0.000 0.002 0.000 0.002 0.001 0.001 0.000 0.057 0.002 0.001 0.001 0.004 
18 turtle_vis 30 0.996 0.052 0.000 0.006 0.993 0.024 0.000 0.000 0.058 0.000 0.001 0.004 0.023 0.000 0.000 0.001 0.000 0.000 0.005 0.000 0.000 0.000 0.006 0.006 0.000 0.003 0.002 0.000 0.294 0.023 0.919 0.002 0.001 0.012 0.000 0.001 0.000 0.001 0.000 0.002 0.000 0.000 0.000 0.001 0.000 0.002 0.000 0.006 0.004 0.027 0.000 0.024 0.000 0.002 0.000 0.000 0.000 0.001 
19 rattlesnake_vis 30 0.996 0.857 0.000 0.002 0.938 0.033 0.000 0.000 0.002 0.001 0.009 0.002 0.000 0.004 0.032 0.002 0.000 0.000 0.000 0.000 0.001 0.000 0.002 0.005 0.000 0.000 0.002 0.000 0.007 0.019 0.269 0.001 0.000 0.251 0.000 0.001 0.000 0.000 0.000 0.000 0.000 0.001 0.000 0.000 0.000 0.047 0.000 0.008 0.000 0.002 0.000 0.008 0.000 0.134 0.001 0.000 0.000 0.001 
20 crab_vis 30 0.996 0.053 0.000 0.004 0.993 0.038 0.000 0.000 0.046 0.000 0.002 0.003 0.013 0.000 0.000 0.001 0.000 0.000 0.004 0.000 0.001 0.000 0.020 0.010 0.000 0.001 0.001 0.000 0.066 0.039 0.967 0.001 0.001 0.107 0.000 0.001 0.000 0.000 0.000 0.001 0.001 0.000 0.000 0.001 0.000 0.003 0.000 0.018 0.001 0.024 0.000 0.061 0.000 0.005 0.000 0.000 0.000 0.001 
21 frog_vis 30 0.996 0.190 0.000 0.021 0.890 0.283 0.000 0.000 0.001 0.448 0.001 0.001 0.001 0.080 0.000 0.000 0.000 0.000 0.000 0.000 0.001 0.000 0.033 0.001 0.001 0.000 0.000 0.001 0.000 0.002 0.001 0.001 0.182 0.018 0.000 0.000 0.000 0.000 0.010 0.003 0.000 0.000 0.000 0.000 0.000 0.000 0.000 0.002 0.000 0.003 0.001 0.001 0.000 0.653 0.008 0.001 0.001 0.007 
22 gecko_vis 30 0.996 0.510 0.000 0.009 0.987 0.042 0.000 0.000 0.005 0.014 0.054 0.002 0.003 0.002 0.001 0.000 0.000 0.000 0.001 0.000 0.001 0.000 0.182 0.001 0.000 0.000 0.004 0.000 0.004 0.003 0.802 0.000 0.005 0.306 0.000 0.001 0.000 0.000 0.000 0.001 0.002 0.000 0.000 0.000 0.000 0.003 0.000 0.324 0.000 0.007 0.000 0.019 0.000 0.133 0.002 0.000 0.000 0.228 
23 crocodile_vis 30 0.996 0.720 0.000 0.002 0.988 0.019 0.000 0.000 0.006 0.001 0.152 0.015 0.001 0.001 0.001 0.001 0.000 0.000 0.001 0.000 0.001 0.000 0.014 0.001 0.000 0.000 0.001 0.000 0.006 0.003 0.872 0.001 0.002 0.775 0.000 0.001 0.000 0.000 0.000 0.001 0.003 0.001 0.000 0.000 0.000 0.062 0.000 0.440 0.000 0.010 0.000 0.040 0.000 0.144 0.001 0.000 0.000 0.056 
24 axe_vis 30 0.016 0.001 0.000 0.001 0.005 0.992 0.915 0.000 0.124 0.002 0.000 0.000 0.060 0.000 0.000 0.001 0.001 0.000 0.002 0.000 0.000 0.000 0.000 0.000 0.000 0.000 0.000 0.000 0.001 0.001 0.000 0.000 0.000 0.000 0.082 0.056 0.562 0.020 0.000 0.267 0.000 0.002 0.000 0.021 0.000 0.000 0.001 0.003 0.185 0.005 0.002 0.004 0.004 0.001 0.001 0.000 0.002 0.002 
25 hammer_vis 30 0.009 0.001 0.002 0.000 0.001 0.993 0.991 0.010 0.001 0.016 0.000 0.000 0.001 0.000 0.000 0.000 0.000 0.000 0.002 0.000 0.000 0.000 0.000 0.000 0.007 0.000 0.000 0.000 0.000 0.000 0.000 0.000 0.000 0.000 0.002 0.583 0.007 0.373 0.004 0.069 0.024 0.008 0.001 0.008 0.003 0.000 0.000 0.001 0.000 0.000 0.002 0.001 0.007 0.000 0.004 0.002 0.001 0.013 
26 screwdriver_vis 30 0.018 0.001 0.000 0.001 0.002 0.987 0.987 0.002 0.002 0.002 0.000 0.001 0.007 0.000 0.000 0.000 0.000 0.000 0.001 0.000 0.000 0.000 0.000 0.000 0.001 0.000 0.000 0.000 0.000 0.000 0.000 0.000 0.000 0.000 0.009 0.048 0.014 0.839 0.007 0.153 0.001 0.001 0.000 0.030 0.007 0.000 0.000 0.001 0.002 0.001 0.001 0.001 0.004 0.000 0.002 0.000 0.003 0.004 
27 chisel_vis 30 0.012 0.001 0.000 0.001 0.001 0.993 0.987 0.002 0.002 0.008 0.000 0.000 0.002 0.000 0.000 0.000 0.000 0.000 0.000 0.000 0.000 0.000 0.000 0.000 0.001 0.000 0.000 0.000 0.000 0.000 0.000 0.000 0.000 0.000 0.010 0.042 0.002 0.931 0.028 0.164 0.001 0.001 0.000 0.008 0.015 0.000 0.001 0.001 0.001 0.001 0.001 0.001 0.003 0.000 0.011 0.001 0.002 0.006 
28 saw_vis 30 0.015 0.002 0.001 0.000 0.002 0.987 0.988 0.004 0.002 0.001 0.000 0.001 0.004 0.000 0.000 0.000 0.000 0.000 0.002 0.000 0.000 0.000 0.000 0.000 0.001 0.000 0.000 0.000 0.000 0.000 0.000 0.000 0.000 0.000 0.001 0.341 0.024 0.405 0.002 0.104 0.003 0.005 0.000 0.010 0.001 0.000 0.000 0.001 0.000 0.001 0.002 0.001 0.009 0.000 0.001 0.000 0.001 0.006 
29 drill_vis 30 0.012 0.002 0.001 0.000 0.002 0.985 0.981 0.008 0.002 0.001 0.000 0.001 0.005 0.000 0.000 0.000 0.000 0.000 0.003 0.002 0.000 0.000 0.000 0.000 0.001 0.000 0.000 0.000 0.001 0.000 0.000 0.000 0.000 0.000 0.001 0.487 0.048 0.284 0.002 0.059 0.003 0.007 0.000 0.005 0.002 0.000 0.000 0.002 0.001 0.000 0.003 0.001 0.026 0.000 0.003 0.000 0.000 0.002 
30 clamp_vis 30 0.006 0.000 0.002 0.001 0.000 0.995 0.050 0.826 0.002 0.010 0.000 0.000 0.000 0.000 0.000 0.000 0.000 0.000 0.011 0.000 0.000 0.000 0.004 0.000 0.001 0.000 0.000 0.000 0.000 0.000 0.000 0.000 0.002 0.000 0.000 0.007 0.000 0.032 0.000 0.003 0.514 0.004 0.003 0.390 0.001 0.001 0.000 0.001 0.000 0.000 0.001 0.004 0.000 0.000 0.013 0.004 0.000 0.002 
31 hoe_vis 30 0.010 0.000 0.001 0.002 0.002 0.994 0.001 0.942 0.073 0.009 0.000 0.000 0.000 0.000 0.000 0.000 0.000 0.000 0.000 0.006 0.000 0.000 0.002 0.013 0.000 0.001 0.000 0.000 0.000 0.001 0.004 0.000 0.000 0.001 0.000 0.004 0.000 0.007 0.000 0.000 0.270 0.120 0.002 0.004 0.000 0.507 0.000 0.004 0.004 0.003 0.002 0.108 0.001 0.002 0.100 0.000 0.000 0.001 
32 rake_vis 30 0.008 0.000 0.004 0.002 0.000 0.994 0.070 0.846 0.004 0.009 0.000 0.000 0.000 0.000 0.000 0.000 0.000 0.000 0.023 0.001 0.000 0.001 0.004 0.000 0.001 0.000 0.000 0.000 0.000 0.000 0.000 0.000 0.002 0.001 0.001 0.012 0.000 0.016 0.000 0.003 0.681 0.008 0.014 0.219 0.001 0.003 0.000 0.002 0.000 0.001 0.001 0.012 0.000 0.000 0.009 0.005 0.000 0.004 
33 shovel_vis 30 0.012 0.000 0.001 0.006 0.000 0.995 0.001 0.012 0.002 0.987 0.000 0.000 0.000 0.000 0.000 0.000 0.001 0.000 0.000 0.000 0.000 0.007 0.266 0.001 0.001 0.000 0.000 0.000 0.000 0.000 0.000 0.000 0.000 0.000 0.001 0.001 0.000 0.213 0.000 0.001 0.040 0.002 0.002 0.011 0.001 0.004 0.000 0.001 0.000 0.001 0.001 0.003 0.014 0.005 0.969 0.156 0.001 0.008 
34 spade_vis 30 0.006 0.000 0.000 0.022 0.002 0.994 0.001 0.519 0.137 0.003 0.000 0.000 0.000 0.000 0.000 0.000 0.000 0.000 0.000 0.000 0.000 0.000 0.003 0.001 0.001 0.002 0.000 0.000 0.000 0.000 0.001 0.000 0.008 0.001 0.000 0.003 0.000 0.095 0.000 0.000 0.049 0.018 0.003 0.006 0.069 0.003 0.000 0.003 0.001 0.003 0.002 0.135 0.000 0.001 0.045 0.001 0.000 0.001 
35 wrench_vis 30 0.046 0.000 0.000 0.425 0.000 0.994 0.000 0.744 0.004 0.973 0.000 0.000 0.000 0.000 0.011 0.000 0.055 0.000 0.000 0.000 0.003 0.000 0.011 0.752 0.000 0.000 0.000 0.004 0.000 0.003 0.000 0.000 0.000 0.000 0.000 0.001 0.000 0.023 0.000 0.000 0.003 0.344 0.027 0.002 0.036 0.116 0.020 0.001 0.001 0.001 0.001 0.096 0.006 0.009 0.774 0.015 0.001 0.001 
36 accordion_vis 30 0.014 0.000 0.000 0.001 0.059 0.992 0.001 0.003 0.991 0.003 0.000 0.000 0.004 0.000 0.001 0.001 0.000 0.000 0.001 0.000 0.000 0.000 0.005 0.199 0.000 0.001 0.000 0.000 0.001 0.028 0.155 0.000 0.001 0.006 0.001 0.003 0.004 0.002 0.000 0.002 0.025 0.059 0.001 0.012 0.000 0.012 0.000 0.028 0.151 0.015 0.004 0.939 0.000 0.005 0.003 0.000 0.001 0.004 
37 cello_vis 30 0.611 0.001 0.000 0.005 0.705 0.967 0.001 0.001 0.779 0.002 0.000 0.000 0.020 0.000 0.001 0.002 0.000 0.000 0.006 0.000 0.000 0.000 0.015 0.229 0.000 0.002 0.000 0.000 0.008 0.182 0.645 0.000 0.001 0.082 0.000 0.004 0.001 0.001 0.000 0.002 0.024 0.079 0.001 0.001 0.000 0.003 0.000 0.083 0.007 0.015 0.003 0.880 0.000 0.001 0.001 0.000 0.000 0.009 
38 flute_vis 30 0.038 0.000 0.000 0.020 0.003 0.994 0.000 0.000 0.979 0.985 0.000 0.000 0.003 0.000 0.067 0.000 0.002 0.000 0.000 0.000 0.000 0.000 0.172 0.180 0.000 0.000 0.000 0.000 0.000 0.017 0.001 0.000 0.000 0.000 0.005 0.001 0.000 0.003 0.000 0.015 0.000 0.001 0.001 0.001 0.000 0.001 0.000 0.008 0.057 0.899 0.001 0.039 0.001 0.286 0.277 0.379 0.901 0.220 
39 guitar_vis 30 0.053 0.000 0.000 0.020 0.002 0.994 0.000 0.000 0.976 0.986 0.000 0.000 0.004 0.000 0.081 0.000 0.001 0.000 0.000 0.000 0.000 0.000 0.144 0.234 0.000 0.000 0.000 0.000 0.000 0.020 0.001 0.000 0.000 0.000 0.001 0.001 0.000 0.003 0.000 0.010 0.000 0.003 0.001 0.001 0.000 0.001 0.000 0.011 0.066 0.305 0.001 0.280 0.002 0.156 0.148 0.070 0.514 0.114 
40 piano_vis 30 0.328 0.001 0.000 0.003 0.794 0.633 0.001 0.002 0.371 0.001 0.000 0.000 0.006 0.000 0.000 0.022 0.000 0.000 0.002 0.000 0.000 0.000 0.003 0.210 0.000 0.003 0.000 0.000 0.001 0.606 0.097 0.001 0.014 0.035 0.000 0.003 0.002 0.001 0.000 0.001 0.008 0.015 0.001 0.002 0.000 0.004 0.000 0.028 0.011 0.009 0.006 0.205 0.000 0.002 0.001 0.000 0.000 0.003 
41 trumpet_vis 30 0.037 0.000 0.000 0.001 0.092 0.992 0.001 0.004 0.975 0.020 0.000 0.001 0.001 0.000 0.000 0.000 0.000 0.000 0.001 0.000 0.000 0.000 0.022 0.006 0.000 0.000 0.000 0.000 0.001 0.003 0.087 0.000 0.002 0.006 0.000 0.006 0.002 0.042 0.000 0.017 0.379 0.018 0.002 0.006 0.000 0.009 0.000 0.012 0.091 0.023 0.002 0.973 0.000 0.058 0.134 0.000 0.000 0.006 
42 fork_vis 30 0.006 0.000 0.000 0.001 0.003 0.992 0.712 0.000 0.438 0.002 0.000 0.001 0.014 0.000 0.000 0.000 0.000 0.000 0.003 0.000 0.000 0.000 0.000 0.000 0.000 0.000 0.000 0.000 0.002 0.001 0.001 0.000 0.000 0.000 0.008 0.357 0.011 0.392 0.000 0.660 0.059 0.002 0.001 0.012 0.000 0.001 0.001 0.009 0.369 0.003 0.005 0.028 0.002 0.001 0.026 0.000 0.001 0.002 
43 spoon_vis 30 0.005 0.000 0.000 0.001 0.003 0.993 0.501 0.000 0.749 0.001 0.000 0.000 0.015 0.000 0.000 0.003 0.001 0.000 0.001 0.000 0.000 0.000 0.000 0.001 0.000 0.001 0.000 0.000 0.001 0.004 0.000 0.000 0.000 0.000 0.001 0.206 0.786 0.015 0.000 0.039 0.001 0.020 0.000 0.003 0.000 0.000 0.002 0.003 0.361 0.003 0.030 0.021 0.002 0.000 0.001 0.000 0.001 0.001 
44 tongs_vis 30 0.008 0.000 0.001 0.000 0.001 0.994 0.982 0.025 0.002 0.007 0.000 0.000 0.000 0.000 0.000 0.000 0.000 0.000 0.002 0.000 0.000 0.000 0.000 0.000 0.006 0.000 0.000 0.000 0.000 0.000 0.000 0.000 0.001 0.000 0.001 0.316 0.004 0.326 0.001 0.036 0.109 0.005 0.000 0.014 0.003 0.000 0.000 0.001 0.000 0.001 0.001 0.002 0.003 0.000 0.009 0.001 0.000 0.007 
45 ladle_vis 30 0.005 0.000 0.000 0.002 0.007 0.994 0.211 0.273 0.140 0.052 0.000 0.000 0.001 0.000 0.000 0.000 0.000 0.000 0.001 0.000 0.000 0.000 0.021 0.002 0.000 0.000 0.000 0.000 0.000 0.002 0.004 0.000 0.003 0.001 0.042 0.002 0.001 0.524 0.001 0.009 0.263 0.004 0.001 0.017 0.002 0.002 0.001 0.005 0.010 0.049 0.003 0.085 0.000 0.003 0.394 0.005 0.001 0.002 
46 knife_vis 30 0.046 0.000 0.000 0.015 0.002 0.994 0.001 0.000 0.984 0.991 0.000 0.000 0.003 0.000 0.053 0.000 0.001 0.000 0.000 0.000 0.000 0.000 0.119 0.073 0.000 0.000 0.000 0.000 0.000 0.015 0.001 0.000 0.000 0.000 0.003 0.001 0.000 0.014 0.000 0.056 0.000 0.001 0.000 0.000 0.000 0.000 0.000 0.003 0.053 0.881 0.001 0.121 0.001 0.154 0.444 0.114 0.946 0.305 
47 chopsticks_vis 30 0.026 0.001 0.000 0.001 0.002 0.991 0.672 0.000 0.833 0.005 0.000 0.000 0.067 0.000 0.002 0.001 0.005 0.000 0.005 0.000 0.000 0.000 0.000 0.001 0.000 0.001 0.000 0.000 0.004 0.001 0.001 0.000 0.000 0.000 0.605 0.018 0.021 0.002 0.001 0.082 0.001 0.001 0.001 0.008 0.000 0.010 0.001 0.120 0.563 0.010 0.001 0.001 0.001 0.000 0.001 0.002 0.006 0.027 
