0 beaver_vis 30 0.080 0.001 0.005 0.116 0.006 0.487 0.007 0.006 0.130 0.001 0.000 0.080 0.002 0.001 0.000 0.016 0.002 0.004 0.045 0.001 0.146 0.000 0.000 0.041 0.004 0.704 0.008 0.000 0.238 0.000 0.001 0.012 0.003 0.001 0.001 0.491 0.000 0.000 0.691 0.010 0.003 0.000 0.000 0.000 0.016 0.005 0.000 0.136 0.001 0.066 0.000 0.003 0.000 0.000 0.007 0.000 0.001 0.081 
1 bear_vis 30 0.047 0.001 0.009 0.001 0.001 0.986 0.982 0.001 0.005 0.001 0.000 0.008 0.142 0.001 0.000 0.000 0.000 0.001 0.001 0.001 0.201 0.000 0.000 0.009 0.001 0.011 0.000 0.000 0.001 0.000 0.003 0.000 0.002 0.000 0.001 0.004 0.038 0.024 0.832 0.130 0.001 0.000 0.000 0.000 0.002 0.003 0.000 0.003 0.001 0.003 0.000 0.005 0.000 0.000 0.005 0.011 0.002 0.080 
2 sheep_vis 30 0.860 0.001 0.304 0.536 0.484 0.020 0.001 0.005 0.073 0.001 0.000 0.214 0.001 0.001 0.000 0.205 0.032 0.016 0.818 0.054 0.044 0.000 0.000 0.124 0.013 0.856 0.033 0.000 0.732 0.000 0.003 0.542 0.046 0.007 0.000 0.352 0.000 0.000 0.317 0.002 0.002 0.000 0.000 0.000 0.027 0.005 0.000 0.072 0.001 0.093 0.001 0.019 0.000 0.000 0.008 0.000 0.001 0.035 
3 buffalo_vis 30 0.115 0.001 0.006 0.001 0.003 0.982 0.976 0.001 0.012 0.002 0.000 0.011 0.020 0.001 0.000 0.001 0.000 0.001 0.001 0.001 0.285 0.000 0.000 0.015 0.001 0.017 0.000 0.000 0.001 0.000 0.007 0.000 0.007 0.000 0.002 0.006 0.021 0.046 0.671 0.086 0.001 0.000 0.000 0.000 0.003 0.007 0.000 0.006 0.001 0.009 0.000 0.008 0.000 0.000 0.012 0.002 0.003 0.043 
4 poodle_vis 30 0.077 0.018 0.000 0.001 0.001 0.991 0.019 0.923 0.002 0.017 0.000 0.029 0.009 0.000 0.000 0.001 0.000 0.000 0.000 0.000 0.011 0.000 0.000 0.019 0.000 0.002 0.000 0.000 0.000 0.001 0.005 0.000 0.001 0.000 0.013 0.001 0.000 0.011 0.063 0.003 0.004 0.000 0.001 0.004 0.341 0.056 0.000 0.001 0.001 0.002 0.000 0.004 0.000 0.000 0.042 0.001 0.001 0.051 
5 giraffe_vis 30 0.154 0.001 0.017 0.001 0.002 0.986 0.978 0.001 0.006 0.001 0.000 0.009 0.091 0.001 0.000 0.000 0.000 0.001 0.001 0.001 0.315 0.000 0.000 0.010 0.001 0.010 0.000 0.000 0.001 0.000 0.005 0.000 0.003 0.000 0.001 0.002 0.027 0.013 0.651 0.108 0.001 0.000 0.000 0.000 0.002 0.004 0.000 0.003 0.001 0.004 0.000 0.005 0.000 0.000 0.007 0.007 0.002 0.078 
6 robin_vis 30 0.013 0.001 0.031 0.002 0.003 0.972 0.000 0.035 0.925 0.001 0.074 0.008 0.001 0.000 0.000 0.026 0.027 0.006 0.062 0.011 0.001 0.000 0.000 0.001 0.001 0.033 0.001 0.000 0.000 0.001 0.000 0.050 0.000 0.002 0.000 0.001 0.018 0.000 0.000 0.000 0.001 0.000 0.013 0.000 0.000 0.002 0.180 0.620 0.002 0.019 0.132 0.033 0.000 0.000 0.000 0.000 0.000 0.004 
7 swan_vis 30 0.399 0.001 0.490 0.003 0.003 0.604 0.151 0.002 0.143 0.001 0.000 0.122 0.009 0.032 0.001 0.002 0.001 0.006 0.004 0.012 0.895 0.000 0.000 0.041 0.002 0.059 0.002 0.000 0.025 0.001 0.008 0.003 0.009 0.002 0.000 0.036 0.018 0.014 0.399 0.289 0.013 0.000 0.000 0.000 0.002 0.003 0.001 0.184 0.024 0.016 0.001 0.002 0.000 0.002 0.002 0.001 0.004 0.012 
8 woodpecker_vis 30 0.522 0.003 0.832 0.001 0.001 0.249 0.000 0.003 0.004 0.454 0.005 0.021 0.000 0.000 0.000 0.014 0.014 0.001 0.961 0.007 0.011 0.000 0.000 0.000 0.001 0.017 0.000 0.000 0.009 0.000 0.000 0.003 0.000 0.000 0.000 0.002 0.000 0.000 0.000 0.000 0.001 0.000 0.001 0.000 0.041 0.001 0.001 0.211 0.000 0.144 0.001 0.004 0.000 0.001 0.000 0.000 0.002 0.717 
9 peacock_vis 30 0.591 0.005 0.014 0.079 0.011 0.287 0.001 0.004 0.054 0.006 0.001 0.165 0.013 0.002 0.000 0.002 0.004 0.003 0.008 0.004 0.012 0.000 0.002 0.117 0.007 0.058 0.003 0.000 0.002 0.002 0.001 0.017 0.008 0.005 0.000 0.001 0.001 0.001 0.004 0.001 0.001 0.001 0.002 0.000 0.005 0.020 0.006 0.009 0.002 0.181 0.004 0.011 0.000 0.001 0.015 0.001 0.002 0.002 
10 crow_vis 30 0.781 0.001 0.667 0.003 0.244 0.036 0.004 0.003 0.091 0.001 0.000 0.052 0.003 0.003 0.000 0.003 0.005 0.076 0.012 0.028 0.850 0.001 0.000 0.017 0.006 0.132 0.003 0.000 0.443 0.001 0.028 0.072 0.142 0.011 0.001 0.070 0.001 0.001 0.299 0.008 0.006 0.000 0.001 0.000 0.002 0.003 0.001 0.106 0.004 0.019 0.001 0.003 0.000 0.001 0.002 0.000 0.001 0.006 
11 eagle_vis 30 0.008 0.001 0.003 0.004 0.004 0.959 0.001 0.005 0.986 0.001 0.000 0.053 0.000 0.001 0.000 0.008 0.001 0.001 0.017 0.005 0.011 0.000 0.000 0.017 0.001 0.074 0.001 0.000 0.001 0.001 0.000 0.115 0.001 0.005 0.000 0.001 0.000 0.000 0.022 0.001 0.002 0.000 0.001 0.000 0.001 0.080 0.004 0.416 0.016 0.908 0.018 0.047 0.000 0.001 0.002 0.000 0.001 0.005 
12 tuna_vis 30 0.969 0.002 0.002 0.946 0.005 0.004 0.007 0.001 0.002 0.001 0.000 0.046 0.025 0.001 0.000 0.004 0.001 0.004 0.013 0.002 0.005 0.000 0.001 0.150 0.023 0.895 0.002 0.003 0.003 0.001 0.003 0.002 0.009 0.001 0.001 0.003 0.001 0.000 0.638 0.002 0.001 0.000 0.000 0.000 0.002 0.002 0.000 0.001 0.001 0.004 0.000 0.028 0.000 0.000 0.034 0.000 0.000 0.020 
13 goldfish_vis 30 0.033 0.000 0.001 0.014 0.001 0.979 0.977 0.003 0.005 0.001 0.000 0.012 0.112 0.001 0.000 0.001 0.000 0.001 0.001 0.001 0.076 0.000 0.000 0.059 0.002 0.039 0.000 0.000 0.001 0.000 0.007 0.000 0.004 0.001 0.001 0.006 0.052 0.092 0.958 0.145 0.002 0.000 0.000 0.001 0.004 0.005 0.000 0.002 0.001 0.003 0.000 0.007 0.000 0.000 0.008 0.002 0.001 0.006 
14 salmon_vis 30 0.945 0.001 0.169 0.160 0.810 0.005 0.044 0.001 0.032 0.001 0.000 0.138 0.008 0.006 0.000 0.007 0.001 0.061 0.007 0.044 0.271 0.000 0.000 0.165 0.019 0.292 0.008 0.014 0.222 0.002 0.609 0.056 0.331 0.010 0.001 0.008 0.001 0.003 0.895 0.020 0.001 0.000 0.000 0.000 0.007 0.004 0.000 0.032 0.002 0.041 0.000 0.006 0.000 0.001 0.007 0.000 0.002 0.026 
15 sardine_vis 30 0.962 0.019 0.002 0.808 0.003 0.006 0.001 0.004 0.008 0.001 0.000 0.157 0.006 0.001 0.000 0.033 0.001 0.001 0.020 0.001 0.013 0.000 0.000 0.220 0.001 0.204 0.013 0.002 0.016 0.000 0.003 0.002 0.002 0.003 0.000 0.001 0.000 0.000 0.078 0.001 0.002 0.000 0.000 0.000 0.076 0.003 0.000 0.007 0.001 0.017 0.000 0.002 0.000 0.000 0.009 0.000 0.001 0.006 
16 catfish_vis 30 0.963 0.043 0.438 0.530 0.003 0.004 0.004 0.002 0.007 0.001 0.001 0.486 0.016 0.004 0.000 0.010 0.001 0.004 0.770 0.049 0.028 0.000 0.000 0.173 0.010 0.868 0.010 0.000 0.019 0.000 0.004 0.003 0.008 0.002 0.000 0.016 0.000 0.001 0.168 0.009 0.002 0.000 0.000 0.000 0.002 0.002 0.000 0.005 0.002 0.015 0.000 0.003 0.000 0.000 0.002 0.000 0.001 0.061 
17 cod_vis 30 0.107 0.055 0.001 0.003 0.001 0.986 0.197 0.694 0.002 0.001 0.000 0.070 0.119 0.003 0.001 0.001 0.000 0.000 0.000 0.000 0.051 0.000 0.001 0.066 0.000 0.002 0.000 0.001 0.001 0.001 0.066 0.000 0.001 0.001 0.004 0.001 0.003 0.902 0.096 0.011 0.036 0.000 0.001 0.176 0.044 0.141 0.000 0.001 0.001 0.002 0.000 0.002 0.000 0.000 0.027 0.002 0.001 0.002 
18 turtle_vis 30 0.926 0.001 0.014 0.887 0.003 0.017 0.001 0.007 0.011 0.001 0.001 0.303 0.003 0.001 0.000 0.052 0.002 0.019 0.304 0.002 0.018 0.000 0.000 0.086 0.054 0.938 0.058 0.000 0.172 0.000 0.001 0.008 0.003 0.002 0.000 0.009 0.000 0.001 0.126 0.002 0.004 0.000 0.000 0.000 0.011 0.003 0.000 0.010 0.001 0.015 0.000 0.001 0.000 0.000 0.004 0.000 0.001 0.006 
19 rattlesnake_vis 30 0.047 0.041 0.001 0.001 0.001 0.990 0.001 0.979 0.002 0.010 0.000 0.057 0.002 0.000 0.000 0.002 0.000 0.000 0.000 0.000 0.001 0.000 0.000 0.008 0.000 0.001 0.000 0.000 0.000 0.001 0.002 0.000 0.000 0.001 0.001 0.001 0.000 0.002 0.007 0.000 0.003 0.001 0.056 0.001 0.511 0.913 0.000 0.004 0.000 0.007 0.000 0.032 0.000 0.000 0.024 0.000 0.000 0.121 
20 crab_vis 30 0.950 0.050 0.001 0.942 0.020 0.033 0.106 0.020 0.006 0.001 0.000 0.341 0.084 0.004 0.000 0.004 0.000 0.001 0.001 0.001 0.016 0.000 0.010 0.956 0.001 0.088 0.023 0.166 0.004 0.001 0.417 0.001 0.002 0.006 0.001 0.001 0.000 0.260 0.551 0.003 0.027 0.000 0.000 0.044 0.015 0.079 0.000 0.003 0.001 0.005 0.000 0.002 0.000 0.000 0.043 0.000 0.000 0.002 
21 frog_vis 30 0.941 0.118 0.001 0.326 0.001 0.071 0.001 0.069 0.005 0.002 0.000 0.116 0.015 0.000 0.000 0.011 0.001 0.000 0.002 0.001 0.001 0.000 0.000 0.043 0.000 0.039 0.001 0.001 0.001 0.000 0.003 0.001 0.001 0.001 0.000 0.001 0.000 0.001 0.020 0.000 0.006 0.000 0.001 0.001 0.141 0.008 0.000 0.003 0.001 0.006 0.000 0.002 0.000 0.000 0.017 0.000 0.000 0.006 
22 gecko_vis 30 0.058 0.004 0.001 0.023 0.003 0.974 0.009 0.910 0.002 0.001 0.000 0.016 0.005 0.000 0.000 0.001 0.001 0.001 0.001 0.000 0.003 0.000 0.001 0.048 0.001 0.002 0.001 0.005 0.001 0.001 0.039 0.001 0.001 0.001 0.004 0.001 0.001 0.094 0.053 0.001 0.065 0.001 0.004 0.195 0.098 0.013 0.000 0.001 0.001 0.001 0.001 0.002 0.000 0.000 0.020 0.000 0.000 0.001 
23 crocodile_vis 30 0.949 0.002 0.001 0.950 0.017 0.020 0.001 0.056 0.003 0.001 0.000 0.052 0.003 0.001 0.000 0.012 0.001 0.001 0.001 0.001 0.002 0.000 0.002 0.628 0.001 0.132 0.020 0.044 0.003 0.001 0.034 0.001 0.001 0.002 0.000 0.001 0.000 0.001 0.067 0.001 0.005 0.000 0.001 0.005 0.092 0.004 0.000 0.002 0.001 0.002 0.000 0.001 0.000 0.000 0.013 0.000 0.000 0.001 
24 axe_vis 30 0.004 0.000 0.001 0.017 0.002 0.992 0.985 0.001 0.003 0.002 0.000 0.001 0.002 0.000 0.000 0.000 0.000 0.000 0.000 0.000 0.004 0.000 0.000 0.007 0.001 0.020 0.000 0.000 0.001 0.000 0.001 0.000 0.002 0.000 0.001 0.415 0.003 0.010 0.679 0.008 0.002 0.000 0.000 0.000 0.001 0.001 0.000 0.001 0.001 0.001 0.000 0.031 0.000 0.000 0.008 0.000 0.001 0.001 
25 hammer_vis 30 0.003 0.000 0.000 0.038 0.003 0.993 0.985 0.001 0.002 0.001 0.000 0.000 0.000 0.000 0.000 0.000 0.000 0.000 0.000 0.000 0.001 0.000 0.000 0.002 0.001 0.031 0.000 0.000 0.001 0.000 0.001 0.000 0.001 0.000 0.000 0.877 0.001 0.001 0.544 0.003 0.004 0.000 0.000 0.000 0.000 0.000 0.000 0.001 0.001 0.000 0.000 0.060 0.000 0.000 0.001 0.000 0.000 0.001 
26 screwdriver_vis 30 0.009 0.000 0.001 0.007 0.001 0.988 0.987 0.001 0.005 0.000 0.000 0.001 0.035 0.000 0.000 0.000 0.000 0.001 0.000 0.000 0.047 0.000 0.000 0.018 0.002 0.014 0.000 0.000 0.001 0.000 0.003 0.000 0.003 0.000 0.001 0.036 0.061 0.135 0.952 0.184 0.002 0.000 0.000 0.001 0.000 0.001 0.000 0.001 0.002 0.000 0.000 0.012 0.000 0.000 0.001 0.002 0.001 0.003 
27 chisel_vis 30 0.004 0.000 0.000 0.008 0.001 0.994 0.990 0.001 0.006 0.014 0.000 0.000 0.000 0.000 0.000 0.000 0.000 0.000 0.000 0.000 0.002 0.000 0.000 0.001 0.001 0.003 0.000 0.000 0.000 0.000 0.000 0.000 0.002 0.000 0.000 0.910 0.002 0.008 0.046 0.146 0.019 0.000 0.000 0.000 0.000 0.000 0.000 0.002 0.004 0.000 0.000 0.038 0.002 0.000 0.002 0.000 0.006 0.001 
28 saw_vis 30 0.004 0.000 0.000 0.023 0.002 0.990 0.988 0.001 0.002 0.000 0.000 0.001 0.002 0.000 0.000 0.000 0.000 0.000 0.000 0.000 0.005 0.000 0.000 0.014 0.001 0.025 0.000 0.000 0.001 0.000 0.003 0.000 0.002 0.000 0.000 0.257 0.005 0.013 0.937 0.010 0.003 0.000 0.000 0.001 0.001 0.001 0.000 0.001 0.001 0.000 0.000 0.027 0.000 0.000 0.003 0.000 0.000 0.001 
29 drill_vis 30 0.016 0.000 0.001 0.003 0.001 0.990 0.990 0.001 0.011 0.001 0.000 0.000 0.010 0.002 0.002 0.000 0.001 0.000 0.000 0.000 0.081 0.000 0.000 0.005 0.001 0.005 0.000 0.000 0.000 0.001 0.002 0.000 0.003 0.000 0.001 0.072 0.102 0.115 0.552 0.769 0.006 0.000 0.000 0.001 0.000 0.001 0.000 0.005 0.009 0.000 0.000 0.012 0.002 0.001 0.001 0.001 0.011 0.022 
30 clamp_vis 30 0.009 0.058 0.000 0.002 0.002 0.995 0.001 0.992 0.001 0.001 0.002 0.000 0.000 0.000 0.036 0.064 0.002 0.000 0.000 0.000 0.000 0.000 0.000 0.000 0.000 0.000 0.000 0.002 0.000 0.059 0.001 0.000 0.000 0.000 0.000 0.001 0.080 0.001 0.000 0.000 0.409 0.004 0.948 0.125 0.002 0.001 0.001 0.002 0.000 0.000 0.005 0.009 0.039 0.000 0.001 0.000 0.000 0.000 
31 hoe_vis 30 0.015 0.153 0.000 0.001 0.001 0.994 0.001 0.991 0.001 0.001 0.007 0.001 0.007 0.000 0.001 0.001 0.000 0.000 0.000 0.000 0.000 0.000 0.000 0.000 0.000 0.000 0.000 0.001 0.000 0.006 0.000 0.000 0.000 0.001 0.001 0.000 0.025 0.000 0.000 0.000 0.001 0.118 0.823 0.008 0.012 0.035 0.051 0.000 0.000 0.000 0.001 0.002 0.002 0.000 0.002 0.002 0.000 0.000 
32 rake_vis 30 0.008 0.036 0.000 0.001 0.002 0.995 0.001 0.993 0.001 0.001 0.002 0.000 0.000 0.000 0.004 0.013 0.001 0.000 0.000 0.000 0.000 0.000 0.000 0.000 0.000 0.000 0.000 0.003 0.000 0.033 0.001 0.000 0.000 0.001 0.001 0.000 0.061 0.000 0.000 0.000 0.083 0.022 0.975 0.080 0.008 0.013 0.005 0.001 0.000 0.000 0.005 0.011 0.007 0.000 0.002 0.000 0.000 0.000 
33 shovel_vis 30 0.007 0.009 0.000 0.002 0.002 0.995 0.001 0.992 0.001 0.001 0.001 0.001 0.000 0.000 0.001 0.004 0.000 0.000 0.000 0.000 0.000 0.000 0.000 0.001 0.000 0.000 0.000 0.002 0.000 0.011 0.001 0.000 0.000 0.001 0.001 0.001 0.019 0.001 0.000 0.000 0.046 0.011 0.908 0.049 0.011 0.042 0.001 0.000 0.000 0.000 0.003 0.012 0.001 0.000 0.004 0.000 0.000 0.000 
34 spade_vis 30 0.011 0.082 0.000 0.001 0.001 0.994 0.001 0.992 0.001 0.001 0.004 0.000 0.001 0.000 0.006 0.009 0.001 0.000 0.000 0.000 0.000 0.000 0.000 0.000 0.000 0.000 0.000 0.002 0.000 0.022 0.001 0.000 0.000 0.001 0.002 0.000 0.068 0.000 0.000 0.000 0.029 0.024 0.958 0.042 0.011 0.012 0.008 0.001 0.000 0.000 0.002 0.007 0.008 0.000 0.002 0.000 0.000 0.000 
35 wrench_vis 30 0.074 0.080 0.000 0.001 0.001 0.995 0.001 0.988 0.002 0.046 0.000 0.027 0.003 0.000 0.000 0.002 0.000 0.000 0.000 0.000 0.001 0.000 0.000 0.002 0.000 0.000 0.000 0.000 0.000 0.001 0.000 0.000 0.000 0.000 0.001 0.000 0.000 0.001 0.000 0.000 0.002 0.001 0.029 0.001 0.861 0.482 0.000 0.001 0.000 0.002 0.000 0.018 0.000 0.000 0.013 0.000 0.000 0.173 
36 accordion_vis 30 0.013 0.001 0.037 0.001 0.001 0.990 0.000 0.005 0.985 0.001 0.007 0.004 0.001 0.000 0.000 0.001 0.001 0.000 0.045 0.003 0.001 0.001 0.000 0.001 0.004 0.003 0.000 0.000 0.000 0.001 0.000 0.012 0.001 0.002 0.000 0.001 0.002 0.000 0.000 0.000 0.001 0.006 0.001 0.000 0.000 0.006 0.686 0.074 0.011 0.040 0.033 0.008 0.000 0.006 0.001 0.012 0.001 0.001 
37 cello_vis 30 0.002 0.000 0.001 0.023 0.011 0.994 0.001 0.008 0.967 0.001 0.000 0.000 0.000 0.000 0.000 0.003 0.002 0.000 0.003 0.002 0.000 0.000 0.000 0.000 0.018 0.002 0.001 0.000 0.000 0.005 0.000 0.072 0.001 0.002 0.000 0.007 0.007 0.000 0.000 0.000 0.002 0.013 0.005 0.000 0.000 0.001 0.026 0.021 0.032 0.007 0.922 0.043 0.000 0.000 0.000 0.001 0.000 0.000 
38 flute_vis 30 0.002 0.000 0.001 0.026 0.009 0.994 0.012 0.002 0.994 0.001 0.000 0.023 0.000 0.004 0.000 0.000 0.000 0.000 0.002 0.003 0.008 0.000 0.000 0.060 0.008 0.004 0.000 0.000 0.000 0.001 0.000 0.063 0.011 0.023 0.000 0.009 0.003 0.049 0.001 0.001 0.014 0.001 0.000 0.000 0.000 0.102 0.001 0.012 0.940 0.102 0.020 0.019 0.000 0.000 0.003 0.001 0.005 0.000 
39 guitar_vis 30 0.011 0.000 0.034 0.001 0.001 0.994 0.000 0.002 0.994 0.005 0.000 0.057 0.000 0.000 0.000 0.000 0.000 0.000 0.097 0.003 0.002 0.000 0.000 0.001 0.001 0.003 0.000 0.000 0.000 0.001 0.000 0.012 0.001 0.002 0.000 0.001 0.000 0.000 0.000 0.000 0.001 0.001 0.000 0.000 0.000 0.106 0.086 0.052 0.026 0.981 0.002 0.005 0.000 0.001 0.001 0.001 0.009 0.001 
40 piano_vis 30 0.003 0.000 0.002 0.005 0.005 0.992 0.000 0.045 0.981 0.001 0.002 0.000 0.000 0.000 0.000 0.001 0.063 0.000 0.075 0.007 0.000 0.001 0.000 0.000 0.004 0.001 0.001 0.000 0.000 0.009 0.000 0.065 0.000 0.005 0.000 0.326 0.051 0.000 0.000 0.000 0.019 0.042 0.013 0.000 0.000 0.001 0.189 0.007 0.412 0.001 0.968 0.021 0.001 0.006 0.000 0.000 0.000 0.000 
41 trumpet_vis 30 0.002 0.000 0.000 0.003 0.003 0.995 0.015 0.003 0.897 0.009 0.000 0.000 0.000 0.000 0.000 0.001 0.000 0.000 0.000 0.000 0.000 0.000 0.000 0.001 0.000 0.008 0.000 0.000 0.000 0.001 0.000 0.003 0.000 0.000 0.001 0.004 0.000 0.000 0.004 0.000 0.002 0.000 0.036 0.000 0.000 0.027 0.000 0.047 0.001 0.002 0.020 0.944 0.001 0.000 0.006 0.000 0.000 0.006 
42 fork_vis 30 0.034 0.001 0.010 0.004 0.002 0.978 0.959 0.002 0.003 0.005 0.000 0.002 0.234 0.000 0.001 0.000 0.001 0.002 0.001 0.001 0.066 0.000 0.001 0.005 0.002 0.008 0.000 0.001 0.001 0.001 0.002 0.001 0.003 0.001 0.021 0.003 0.045 0.014 0.408 0.068 0.001 0.001 0.001 0.001 0.002 0.004 0.001 0.001 0.001 0.001 0.001 0.011 0.002 0.000 0.014 0.026 0.002 0.095 
43 spoon_vis 30 0.035 0.003 0.027 0.001 0.001 0.974 0.001 0.002 0.002 0.942 0.001 0.001 0.012 0.000 0.001 0.000 0.001 0.003 0.029 0.001 0.004 0.005 0.000 0.000 0.001 0.029 0.000 0.000 0.000 0.001 0.000 0.000 0.001 0.000 0.004 0.001 0.002 0.000 0.045 0.001 0.000 0.001 0.001 0.000 0.096 0.002 0.003 0.003 0.001 0.004 0.000 0.041 0.010 0.001 0.017 0.015 0.003 0.940 
44 tongs_vis 30 0.002 0.000 0.000 0.047 0.002 0.994 0.017 0.001 0.011 0.986 0.000 0.001 0.001 0.000 0.000 0.000 0.000 0.000 0.006 0.000 0.001 0.000 0.003 0.006 0.008 0.009 0.000 0.000 0.000 0.001 0.000 0.002 0.030 0.000 0.006 0.018 0.000 0.004 0.092 0.000 0.001 0.001 0.000 0.000 0.035 0.014 0.000 0.000 0.001 0.073 0.000 0.052 0.001 0.000 0.963 0.015 0.021 0.001 
45 ladle_vis 30 0.021 0.001 0.009 0.001 0.001 0.991 0.001 0.001 0.004 0.930 0.000 0.002 0.009 0.000 0.000 0.000 0.000 0.000 0.027 0.000 0.003 0.001 0.000 0.001 0.001 0.017 0.000 0.000 0.000 0.001 0.000 0.000 0.001 0.000 0.001 0.001 0.000 0.001 0.019 0.000 0.000 0.001 0.000 0.000 0.048 0.008 0.001 0.001 0.001 0.040 0.000 0.011 0.001 0.001 0.172 0.033 0.021 0.597 
46 knife_vis 30 0.041 0.001 0.028 0.000 0.001 0.988 0.003 0.001 0.003 0.893 0.000 0.003 0.015 0.000 0.000 0.000 0.000 0.001 0.051 0.001 0.011 0.000 0.000 0.001 0.000 0.026 0.000 0.000 0.000 0.000 0.000 0.000 0.001 0.000 0.003 0.000 0.000 0.000 0.051 0.003 0.000 0.000 0.000 0.000 0.062 0.007 0.000 0.003 0.001 0.020 0.000 0.015 0.001 0.000 0.013 0.005 0.007 0.969 
47 chopsticks_vis 30 0.035 0.001 0.040 0.001 0.001 0.989 0.019 0.001 0.004 0.885 0.000 0.006 0.023 0.000 0.000 0.000 0.000 0.001 0.105 0.000 0.014 0.000 0.000 0.002 0.001 0.048 0.000 0.000 0.000 0.000 0.000 0.000 0.001 0.000 0.013 0.001 0.000 0.001 0.165 0.003 0.001 0.000 0.000 0.000 0.088 0.015 0.000 0.003 0.001 0.040 0.000 0.027 0.001 0.000 0.045 0.006 0.005 0.953 
