0 beaver_vis 30 0.990 0.002 0.987 0.024 0.000 0.010 0.043 0.002 0.004 0.001 0.043 0.001 0.002 0.001 0.001 0.000 0.011 0.762 0.521 0.010 0.017 0.161 0.023 0.000 0.000 0.213 0.000 0.000 0.002 0.001 0.000 0.001 0.001 0.001 0.001 0.004 0.001 0.004 0.020 0.001 0.001 0.000 0.002 0.024 0.001 0.002 0.081 0.001 0.000 0.001 0.000 0.002 0.001 0.000 0.000 0.000 0.002 0.000 
1 bear_vis 30 0.934 0.001 0.018 0.005 0.577 0.061 0.150 0.005 0.006 0.001 0.004 0.001 0.000 0.000 0.007 0.001 0.004 0.004 0.013 0.001 0.005 0.011 0.038 0.002 0.000 0.001 0.001 0.000 0.000 0.014 0.000 0.000 0.084 0.620 0.009 0.053 0.009 0.016 0.020 0.001 0.001 0.000 0.002 0.021 0.001 0.005 0.001 0.129 0.000 0.001 0.000 0.002 0.001 0.000 0.000 0.000 0.001 0.000 
2 sheep_vis 30 0.983 0.001 0.010 0.753 0.005 0.019 0.145 0.008 0.002 0.001 0.002 0.001 0.000 0.000 0.000 0.000 0.001 0.022 0.004 0.001 0.001 0.057 0.741 0.002 0.008 0.014 0.060 0.000 0.025 0.001 0.000 0.000 0.014 0.082 0.022 0.001 0.002 0.014 0.034 0.001 0.002 0.000 0.001 0.007 0.002 0.012 0.001 0.001 0.000 0.001 0.000 0.001 0.001 0.000 0.000 0.000 0.000 0.000 
3 buffalo_vis 30 0.166 0.001 0.032 0.020 0.000 0.994 0.023 0.991 0.004 0.001 0.063 0.001 0.000 0.000 0.000 0.000 0.004 0.002 0.056 0.001 0.001 0.002 0.004 0.030 0.000 0.016 0.000 0.000 0.000 0.001 0.000 0.000 0.000 0.000 0.167 0.001 0.002 0.030 0.006 0.001 0.509 0.003 0.006 0.903 0.003 0.772 0.171 0.000 0.003 0.001 0.000 0.059 0.001 0.000 0.002 0.002 0.000 0.000 
4 poodle_vis 30 0.785 0.001 0.892 0.001 0.000 0.704 0.004 0.156 0.009 0.001 0.033 0.001 0.000 0.000 0.001 0.000 0.014 0.001 0.461 0.001 0.003 0.002 0.001 0.001 0.000 0.000 0.000 0.000 0.000 0.001 0.000 0.000 0.000 0.000 0.001 0.072 0.001 0.002 0.005 0.000 0.002 0.000 0.049 0.097 0.001 0.043 0.014 0.001 0.000 0.001 0.001 0.015 0.001 0.000 0.001 0.000 0.000 0.000 
5 giraffe_vis 30 0.062 0.001 0.027 0.010 0.000 0.995 0.013 0.988 0.008 0.001 0.023 0.001 0.000 0.000 0.000 0.000 0.004 0.001 0.134 0.001 0.001 0.002 0.004 0.052 0.000 0.002 0.000 0.000 0.000 0.001 0.000 0.000 0.000 0.000 0.007 0.002 0.001 0.003 0.008 0.001 0.059 0.001 0.023 0.657 0.022 0.531 0.081 0.001 0.001 0.001 0.000 0.137 0.001 0.000 0.001 0.002 0.000 0.000 
6 robin_vis 30 0.764 0.000 0.029 0.468 0.003 0.745 0.004 0.737 0.013 0.001 0.057 0.001 0.000 0.000 0.000 0.000 0.002 0.003 0.016 0.001 0.001 0.002 0.022 0.073 0.000 0.085 0.001 0.000 0.000 0.001 0.000 0.001 0.000 0.001 0.003 0.002 0.002 0.003 0.004 0.001 0.016 0.001 0.017 0.870 0.001 0.126 0.113 0.001 0.001 0.001 0.001 0.023 0.001 0.000 0.001 0.000 0.000 0.000 
7 swan_vis 30 0.059 0.000 0.024 0.012 0.000 0.996 0.007 0.929 0.010 0.001 0.005 0.001 0.000 0.000 0.000 0.000 0.002 0.000 0.032 0.001 0.001 0.001 0.002 0.023 0.000 0.001 0.000 0.000 0.000 0.002 0.000 0.000 0.000 0.001 0.001 0.009 0.002 0.002 0.005 0.001 0.007 0.001 0.037 0.507 0.001 0.036 0.090 0.001 0.000 0.001 0.002 0.026 0.002 0.000 0.001 0.000 0.000 0.000 
8 woodpecker_vis 30 0.050 0.001 0.045 0.006 0.002 0.995 0.011 0.788 0.146 0.001 0.013 0.001 0.000 0.000 0.001 0.000 0.002 0.001 0.021 0.003 0.007 0.004 0.001 0.002 0.000 0.001 0.000 0.000 0.000 0.001 0.000 0.000 0.001 0.002 0.001 0.008 0.015 0.007 0.048 0.001 0.001 0.008 0.643 0.829 0.001 0.217 0.068 0.005 0.000 0.007 0.140 0.080 0.001 0.000 0.001 0.001 0.002 0.000 
9 peacock_vis 30 0.525 0.001 0.040 0.004 0.047 0.260 0.403 0.003 0.014 0.001 0.001 0.001 0.000 0.000 0.008 0.000 0.016 0.006 0.044 0.001 0.003 0.009 0.056 0.003 0.000 0.001 0.000 0.000 0.000 0.006 0.000 0.000 0.016 0.054 0.001 0.432 0.023 0.015 0.031 0.001 0.001 0.000 0.007 0.045 0.007 0.002 0.004 0.222 0.000 0.002 0.003 0.003 0.001 0.000 0.001 0.000 0.001 0.000 
10 crow_vis 30 0.871 0.000 0.029 0.730 0.004 0.777 0.009 0.290 0.012 0.001 0.068 0.001 0.000 0.000 0.000 0.000 0.001 0.003 0.014 0.003 0.001 0.002 0.051 0.156 0.000 0.107 0.004 0.000 0.000 0.001 0.000 0.000 0.000 0.001 0.001 0.002 0.002 0.002 0.017 0.001 0.002 0.001 0.012 0.959 0.001 0.039 0.046 0.000 0.001 0.001 0.001 0.026 0.001 0.000 0.000 0.000 0.000 0.000 
11 eagle_vis 30 0.099 0.000 0.034 0.015 0.000 0.996 0.007 0.807 0.017 0.001 0.004 0.001 0.000 0.000 0.000 0.000 0.002 0.001 0.036 0.001 0.002 0.002 0.002 0.026 0.000 0.000 0.000 0.000 0.000 0.002 0.000 0.000 0.000 0.001 0.000 0.018 0.002 0.001 0.008 0.001 0.002 0.000 0.054 0.390 0.001 0.016 0.057 0.001 0.000 0.001 0.003 0.029 0.001 0.000 0.001 0.000 0.000 0.000 
12 tuna_vis 30 0.007 0.003 0.004 0.008 0.001 0.994 0.987 0.001 0.011 0.002 0.147 0.001 0.000 0.000 0.001 0.002 0.001 0.053 0.002 0.000 0.003 0.004 0.001 0.002 0.000 0.065 0.010 0.000 0.000 0.001 0.003 0.000 0.000 0.001 0.939 0.004 0.182 0.067 0.004 0.005 0.001 0.000 0.001 0.003 0.001 0.007 0.003 0.003 0.011 0.002 0.003 0.002 0.013 0.000 0.009 0.001 0.056 0.001 
13 goldfish_vis 30 0.956 0.001 0.015 0.847 0.010 0.137 0.533 0.051 0.001 0.001 0.001 0.001 0.000 0.000 0.000 0.002 0.001 0.270 0.001 0.015 0.002 0.035 0.305 0.000 0.000 0.027 0.827 0.000 0.000 0.001 0.001 0.001 0.000 0.128 0.038 0.001 0.002 0.951 0.003 0.001 0.031 0.013 0.001 0.174 0.001 0.018 0.000 0.000 0.001 0.001 0.000 0.001 0.001 0.000 0.000 0.000 0.000 0.002 
14 salmon_vis 30 0.981 0.015 0.001 0.889 0.029 0.009 0.062 0.001 0.001 0.001 0.143 0.001 0.002 0.000 0.001 0.000 0.003 0.020 0.001 0.000 0.001 0.011 0.006 0.073 0.004 0.800 0.003 0.105 0.001 0.001 0.002 0.076 0.003 0.000 0.232 0.001 0.002 0.001 0.001 0.001 0.001 0.000 0.001 0.000 0.001 0.001 0.000 0.001 0.000 0.000 0.000 0.001 0.001 0.000 0.047 0.001 0.001 0.000 
15 sardine_vis 30 0.191 0.001 0.045 0.050 0.001 0.994 0.088 0.989 0.005 0.001 0.029 0.001 0.000 0.001 0.000 0.000 0.004 0.003 0.037 0.001 0.001 0.003 0.005 0.056 0.000 0.024 0.000 0.000 0.000 0.001 0.000 0.001 0.000 0.000 0.450 0.001 0.004 0.247 0.012 0.001 0.953 0.065 0.003 0.952 0.001 0.556 0.084 0.000 0.010 0.001 0.001 0.055 0.001 0.000 0.003 0.002 0.000 0.000 
16 catfish_vis 30 0.982 0.001 0.012 0.871 0.030 0.032 0.546 0.005 0.001 0.001 0.001 0.001 0.000 0.000 0.000 0.002 0.002 0.362 0.000 0.013 0.002 0.042 0.277 0.000 0.000 0.036 0.859 0.000 0.000 0.001 0.003 0.001 0.000 0.134 0.041 0.001 0.004 0.974 0.002 0.001 0.017 0.015 0.001 0.095 0.000 0.006 0.000 0.001 0.001 0.001 0.000 0.001 0.001 0.000 0.000 0.000 0.000 0.007 
17 cod_vis 30 0.084 0.001 0.031 0.018 0.000 0.996 0.068 0.992 0.005 0.001 0.054 0.001 0.000 0.000 0.000 0.000 0.003 0.002 0.054 0.001 0.001 0.003 0.003 0.026 0.000 0.013 0.000 0.000 0.000 0.001 0.000 0.000 0.000 0.000 0.262 0.001 0.004 0.074 0.013 0.001 0.677 0.011 0.004 0.965 0.001 0.695 0.163 0.000 0.005 0.001 0.001 0.059 0.001 0.000 0.002 0.001 0.000 0.000 
18 turtle_vis 30 0.782 0.004 0.001 0.777 0.172 0.573 0.906 0.001 0.001 0.002 0.010 0.018 0.004 0.000 0.000 0.002 0.004 0.599 0.000 0.001 0.001 0.002 0.001 0.007 0.000 0.584 0.866 0.002 0.002 0.002 0.411 0.036 0.000 0.001 0.985 0.001 0.008 0.856 0.001 0.003 0.028 0.009 0.001 0.001 0.000 0.007 0.000 0.000 0.092 0.000 0.000 0.001 0.004 0.000 0.001 0.008 0.001 0.886 
19 rattlesnake_vis 30 0.019 0.000 0.020 0.009 0.000 0.996 0.002 0.953 0.007 0.001 0.001 0.001 0.000 0.000 0.000 0.000 0.001 0.000 0.022 0.001 0.001 0.001 0.002 0.030 0.000 0.000 0.000 0.000 0.000 0.005 0.000 0.000 0.000 0.001 0.000 0.153 0.001 0.002 0.003 0.001 0.003 0.001 0.487 0.382 0.001 0.005 0.007 0.001 0.000 0.001 0.034 0.026 0.003 0.000 0.001 0.000 0.000 0.000 
20 crab_vis 30 0.979 0.002 0.001 0.021 0.930 0.016 0.004 0.000 0.002 0.001 0.003 0.001 0.000 0.001 0.000 0.011 0.002 0.035 0.000 0.001 0.002 0.002 0.000 0.000 0.000 0.003 0.066 0.000 0.001 0.007 0.627 0.019 0.000 0.005 0.027 0.001 0.008 0.088 0.001 0.000 0.003 0.000 0.001 0.000 0.001 0.040 0.001 0.001 0.022 0.001 0.000 0.001 0.002 0.000 0.000 0.004 0.001 0.001 
21 frog_vis 30 0.031 0.001 0.027 0.022 0.001 0.994 0.989 0.603 0.003 0.001 0.001 0.001 0.000 0.000 0.000 0.000 0.010 0.533 0.001 0.002 0.003 0.079 0.014 0.000 0.000 0.008 0.210 0.000 0.000 0.001 0.001 0.001 0.000 0.011 0.923 0.002 0.059 0.987 0.082 0.002 0.624 0.547 0.001 0.091 0.001 0.238 0.001 0.001 0.006 0.074 0.001 0.001 0.002 0.000 0.000 0.001 0.001 0.899 
22 gecko_vis 30 0.007 0.005 0.004 0.001 0.007 0.994 0.965 0.001 0.036 0.001 0.029 0.001 0.000 0.000 0.005 0.003 0.001 0.017 0.001 0.000 0.003 0.003 0.001 0.002 0.000 0.008 0.000 0.000 0.000 0.002 0.023 0.001 0.000 0.002 0.255 0.006 0.827 0.007 0.003 0.002 0.001 0.000 0.001 0.002 0.001 0.001 0.006 0.005 0.004 0.001 0.064 0.002 0.009 0.000 0.010 0.000 0.005 0.000 
23 crocodile_vis 30 0.014 0.001 0.007 0.001 0.013 0.993 0.602 0.155 0.119 0.001 0.015 0.001 0.000 0.000 0.001 0.001 0.006 0.008 0.004 0.000 0.007 0.005 0.001 0.001 0.000 0.005 0.000 0.000 0.000 0.002 0.006 0.001 0.001 0.004 0.162 0.007 0.351 0.097 0.005 0.001 0.015 0.000 0.004 0.122 0.001 0.044 0.023 0.007 0.002 0.003 0.168 0.003 0.002 0.001 0.005 0.000 0.002 0.000 
24 axe_vis 30 0.002 0.006 0.001 0.006 0.000 0.996 0.988 0.002 0.001 0.016 0.002 0.002 0.000 0.000 0.000 0.001 0.001 0.005 0.001 0.001 0.001 0.001 0.000 0.057 0.008 0.000 0.076 0.000 0.000 0.001 0.001 0.000 0.000 0.001 0.107 0.001 0.001 0.010 0.012 0.952 0.001 0.001 0.002 0.001 0.031 0.005 0.000 0.001 0.052 0.001 0.000 0.001 0.007 0.000 0.002 0.010 0.002 0.023 
25 hammer_vis 30 0.124 0.001 0.011 0.005 0.000 0.980 0.993 0.380 0.001 0.001 0.061 0.001 0.000 0.000 0.000 0.000 0.009 0.016 0.006 0.001 0.001 0.669 0.004 0.000 0.000 0.003 0.000 0.000 0.000 0.001 0.000 0.000 0.000 0.002 0.904 0.091 0.359 0.966 0.135 0.002 0.005 0.001 0.002 0.540 0.001 0.518 0.001 0.001 0.000 0.004 0.001 0.001 0.002 0.000 0.001 0.000 0.017 0.001 
26 screwdriver_vis 30 0.019 0.001 0.011 0.008 0.000 0.995 0.993 0.041 0.003 0.001 0.100 0.001 0.000 0.000 0.000 0.000 0.010 0.315 0.006 0.001 0.001 0.037 0.004 0.001 0.000 0.038 0.001 0.000 0.000 0.001 0.000 0.000 0.000 0.003 0.684 0.086 0.474 0.907 0.061 0.001 0.001 0.001 0.002 0.496 0.001 0.145 0.001 0.001 0.000 0.004 0.001 0.001 0.003 0.000 0.001 0.000 0.014 0.000 
27 chisel_vis 30 0.251 0.000 0.014 0.279 0.000 0.996 0.096 0.888 0.002 0.001 0.001 0.040 0.000 0.000 0.000 0.000 0.001 0.001 0.004 0.114 0.001 0.001 0.014 0.020 0.000 0.001 0.123 0.000 0.000 0.001 0.000 0.000 0.000 0.001 0.002 0.001 0.001 0.104 0.052 0.001 0.008 0.374 0.003 0.933 0.001 0.035 0.000 0.000 0.011 0.001 0.001 0.012 0.001 0.000 0.000 0.001 0.000 0.000 
28 saw_vis 30 0.020 0.001 0.001 0.008 0.000 0.996 0.994 0.001 0.001 0.001 0.001 0.002 0.000 0.000 0.000 0.001 0.001 0.003 0.002 0.006 0.001 0.069 0.011 0.000 0.003 0.000 0.045 0.000 0.000 0.001 0.000 0.000 0.000 0.025 0.006 0.003 0.002 0.058 0.976 0.015 0.000 0.001 0.001 0.003 0.015 0.018 0.000 0.001 0.001 0.013 0.000 0.001 0.001 0.000 0.000 0.000 0.002 0.001 
29 drill_vis 30 0.002 0.008 0.001 0.015 0.000 0.996 0.993 0.001 0.001 0.011 0.002 0.005 0.000 0.000 0.001 0.001 0.001 0.005 0.001 0.002 0.001 0.001 0.000 0.066 0.017 0.000 0.195 0.000 0.000 0.001 0.001 0.000 0.000 0.001 0.096 0.002 0.001 0.003 0.074 0.986 0.000 0.001 0.001 0.001 0.042 0.002 0.000 0.000 0.046 0.000 0.000 0.001 0.006 0.000 0.001 0.011 0.002 0.017 
30 clamp_vis 30 0.012 0.001 0.016 0.007 0.000 0.945 0.004 0.992 0.003 0.001 0.001 0.001 0.000 0.000 0.000 0.000 0.017 0.000 0.101 0.001 0.001 0.001 0.006 0.438 0.000 0.000 0.000 0.000 0.000 0.005 0.000 0.000 0.000 0.000 0.001 0.010 0.001 0.002 0.004 0.041 0.962 0.003 0.061 0.005 0.588 0.007 0.001 0.001 0.001 0.000 0.000 0.159 0.001 0.000 0.016 0.024 0.000 0.000 
31 hoe_vis 30 0.011 0.000 0.047 0.105 0.000 0.996 0.001 0.975 0.005 0.004 0.000 0.008 0.000 0.000 0.000 0.000 0.000 0.001 0.001 0.013 0.001 0.001 0.087 0.000 0.000 0.001 0.017 0.000 0.000 0.001 0.000 0.000 0.000 0.000 0.000 0.000 0.000 0.016 0.018 0.001 0.014 0.987 0.002 0.006 0.006 0.012 0.000 0.000 0.001 0.088 0.002 0.001 0.001 0.001 0.000 0.008 0.001 0.113 
32 rake_vis 30 0.009 0.000 0.008 0.008 0.000 0.996 0.002 0.969 0.008 0.001 0.001 0.001 0.000 0.000 0.001 0.000 0.001 0.000 0.174 0.002 0.001 0.001 0.005 0.284 0.000 0.000 0.000 0.000 0.000 0.001 0.000 0.000 0.000 0.001 0.000 0.029 0.001 0.001 0.017 0.061 0.002 0.001 0.788 0.007 0.673 0.008 0.000 0.001 0.000 0.000 0.000 0.430 0.001 0.000 0.001 0.002 0.000 0.000 
33 shovel_vis 30 0.010 0.000 0.006 0.008 0.000 0.996 0.004 0.992 0.003 0.001 0.001 0.009 0.000 0.000 0.000 0.000 0.001 0.000 0.001 0.276 0.001 0.001 0.004 0.001 0.000 0.000 0.007 0.000 0.000 0.001 0.000 0.000 0.000 0.001 0.001 0.001 0.000 0.038 0.063 0.001 0.005 0.562 0.005 0.093 0.169 0.825 0.000 0.000 0.044 0.005 0.000 0.012 0.001 0.000 0.000 0.012 0.000 0.001 
34 spade_vis 30 0.004 0.001 0.003 0.003 0.000 0.993 0.001 0.958 0.003 0.001 0.001 0.001 0.000 0.000 0.000 0.000 0.001 0.000 0.011 0.012 0.001 0.001 0.005 0.030 0.000 0.000 0.000 0.000 0.000 0.001 0.000 0.000 0.000 0.000 0.000 0.001 0.001 0.001 0.006 0.004 0.001 0.003 0.042 0.001 0.904 0.022 0.000 0.001 0.001 0.001 0.000 0.058 0.001 0.000 0.000 0.012 0.000 0.000 
35 wrench_vis 30 0.011 0.000 0.005 0.003 0.000 0.996 0.004 0.992 0.002 0.001 0.001 0.004 0.000 0.000 0.000 0.000 0.001 0.002 0.001 0.011 0.001 0.001 0.001 0.000 0.000 0.000 0.002 0.000 0.000 0.001 0.000 0.000 0.000 0.000 0.016 0.001 0.000 0.202 0.003 0.001 0.018 0.199 0.003 0.044 0.017 0.974 0.000 0.000 0.102 0.019 0.000 0.002 0.001 0.000 0.000 0.015 0.000 0.001 
36 accordion_vis 30 0.015 0.003 0.006 0.000 0.020 0.996 0.000 0.003 0.911 0.134 0.001 0.001 0.001 0.014 0.000 0.000 0.000 0.001 0.002 0.001 0.003 0.001 0.001 0.001 0.000 0.003 0.000 0.000 0.000 0.001 0.000 0.012 0.009 0.001 0.000 0.001 0.001 0.001 0.001 0.000 0.001 0.001 0.001 0.003 0.001 0.015 0.856 0.001 0.034 0.044 0.074 0.022 0.001 0.449 0.001 0.012 0.072 0.000 
37 cello_vis 30 0.011 0.001 0.007 0.000 0.019 0.996 0.001 0.017 0.995 0.001 0.000 0.001 0.000 0.001 0.005 0.000 0.000 0.000 0.049 0.002 0.005 0.001 0.001 0.016 0.000 0.000 0.000 0.000 0.000 0.004 0.000 0.000 0.006 0.024 0.000 0.002 0.002 0.001 0.010 0.002 0.001 0.000 0.102 0.005 0.121 0.002 0.021 0.235 0.001 0.003 0.014 0.928 0.001 0.001 0.000 0.000 0.000 0.000 
38 flute_vis 30 0.016 0.000 0.016 0.000 0.015 0.996 0.001 0.004 0.995 0.001 0.000 0.001 0.000 0.002 0.000 0.000 0.000 0.001 0.004 0.092 0.005 0.001 0.006 0.000 0.001 0.000 0.002 0.000 0.019 0.001 0.000 0.000 0.067 0.013 0.000 0.000 0.001 0.001 0.249 0.000 0.001 0.004 0.001 0.002 0.129 0.013 0.185 0.008 0.032 0.963 0.002 0.645 0.001 0.011 0.000 0.000 0.001 0.000 
39 guitar_vis 30 0.006 0.004 0.004 0.000 0.064 0.996 0.000 0.002 0.983 0.010 0.001 0.001 0.002 0.046 0.000 0.000 0.000 0.001 0.001 0.001 0.003 0.001 0.001 0.031 0.000 0.029 0.000 0.000 0.002 0.001 0.000 0.062 0.027 0.001 0.001 0.000 0.002 0.001 0.001 0.000 0.001 0.001 0.001 0.001 0.001 0.003 0.964 0.001 0.196 0.050 0.039 0.024 0.000 0.080 0.010 0.003 0.004 0.000 
40 piano_vis 30 0.007 0.002 0.005 0.000 0.042 0.996 0.001 0.003 0.922 0.064 0.001 0.001 0.000 0.015 0.000 0.000 0.000 0.001 0.002 0.001 0.003 0.001 0.001 0.005 0.000 0.003 0.000 0.000 0.000 0.001 0.000 0.014 0.006 0.001 0.000 0.001 0.002 0.001 0.002 0.000 0.001 0.001 0.003 0.006 0.001 0.004 0.907 0.002 0.023 0.012 0.207 0.032 0.001 0.051 0.003 0.013 0.028 0.000 
41 trumpet_vis 30 0.011 0.001 0.009 0.000 0.004 0.996 0.001 0.112 0.991 0.001 0.000 0.001 0.000 0.001 0.002 0.000 0.000 0.000 0.136 0.001 0.002 0.001 0.001 0.059 0.000 0.000 0.000 0.000 0.000 0.003 0.000 0.000 0.004 0.003 0.000 0.002 0.001 0.001 0.007 0.004 0.001 0.000 0.291 0.002 0.442 0.003 0.020 0.058 0.001 0.002 0.002 0.953 0.001 0.001 0.000 0.000 0.000 0.000 
42 fork_vis 30 0.001 0.001 0.001 0.010 0.001 0.996 0.006 0.001 0.002 0.991 0.000 0.002 0.009 0.000 0.000 0.003 0.008 0.001 0.000 0.000 0.001 0.001 0.000 0.000 0.006 0.000 0.001 0.004 0.000 0.001 0.000 0.000 0.000 0.000 0.003 0.001 0.001 0.004 0.001 0.002 0.001 0.001 0.001 0.000 0.001 0.001 0.000 0.000 0.001 0.001 0.001 0.001 0.186 0.003 0.026 0.032 0.734 0.600 
43 spoon_vis 30 0.008 0.039 0.007 0.000 0.004 0.996 0.000 0.001 0.025 0.992 0.000 0.010 0.009 0.000 0.000 0.003 0.000 0.000 0.000 0.001 0.006 0.001 0.000 0.000 0.000 0.000 0.000 0.000 0.000 0.001 0.000 0.001 0.004 0.000 0.000 0.000 0.000 0.000 0.001 0.000 0.001 0.001 0.001 0.000 0.002 0.001 0.023 0.001 0.053 0.008 0.003 0.001 0.005 0.982 0.000 0.015 0.013 0.001 
44 tongs_vis 30 0.002 0.001 0.001 0.031 0.000 0.996 0.043 0.002 0.001 0.983 0.001 0.002 0.023 0.000 0.000 0.003 0.003 0.001 0.001 0.000 0.001 0.001 0.001 0.001 0.014 0.001 0.012 0.040 0.000 0.001 0.000 0.000 0.000 0.000 0.008 0.002 0.001 0.012 0.002 0.041 0.002 0.061 0.002 0.001 0.001 0.001 0.000 0.000 0.001 0.000 0.002 0.001 0.008 0.001 0.060 0.036 0.001 0.970 
45 ladle_vis 30 0.002 0.001 0.001 0.004 0.000 0.996 0.000 0.006 0.001 0.994 0.000 0.016 0.003 0.000 0.000 0.000 0.001 0.000 0.000 0.001 0.001 0.000 0.000 0.001 0.001 0.000 0.000 0.000 0.000 0.001 0.000 0.000 0.000 0.000 0.000 0.000 0.000 0.000 0.001 0.001 0.001 0.032 0.001 0.000 0.010 0.001 0.000 0.000 0.002 0.001 0.000 0.001 0.005 0.211 0.006 0.684 0.012 0.021 
46 knife_vis 30 0.005 0.001 0.011 0.005 0.000 0.996 0.000 0.011 0.001 0.993 0.000 0.017 0.001 0.000 0.000 0.000 0.001 0.000 0.001 0.001 0.001 0.001 0.000 0.001 0.001 0.000 0.000 0.000 0.000 0.001 0.000 0.000 0.000 0.000 0.000 0.000 0.000 0.001 0.001 0.001 0.001 0.057 0.001 0.000 0.007 0.001 0.000 0.000 0.001 0.001 0.000 0.001 0.003 0.080 0.002 0.220 0.007 0.032 
47 chopsticks_vis 30 0.001 0.001 0.001 0.026 0.000 0.996 0.272 0.001 0.001 0.987 0.000 0.004 0.004 0.000 0.000 0.002 0.003 0.001 0.000 0.000 0.001 0.001 0.001 0.003 0.009 0.000 0.018 0.005 0.000 0.001 0.000 0.000 0.000 0.000 0.003 0.018 0.000 0.016 0.004 0.631 0.001 0.020 0.001 0.000 0.002 0.001 0.000 0.000 0.001 0.001 0.002 0.001 0.042 0.000 0.013 0.010 0.009 0.920 
