0 beaver_vis 30 0.994 0.985 0.003 0.001 0.002 0.005 0.000 0.001 0.001 0.022 0.115 0.000 0.001 0.124 0.938 0.001 0.002 0.001 0.000 0.000 0.152 0.000 0.001 0.000 0.000 0.000 0.005 0.054 0.000 0.015 0.027 0.000 0.000 0.001 0.000 0.000 0.001 0.000 0.000 0.019 0.000 0.000 0.000 0.004 0.000 0.001 0.000 0.000 0.001 0.002 0.017 0.000 0.001 0.003 0.000 0.001 0.092 0.001 
1 bear_vis 30 0.995 0.372 0.001 0.409 0.001 0.004 0.000 0.001 0.001 0.003 0.000 0.178 0.001 0.002 0.016 0.001 0.000 0.003 0.000 0.000 0.000 0.000 0.004 0.065 0.000 0.001 0.021 0.347 0.000 0.000 0.008 0.000 0.000 0.001 0.000 0.000 0.000 0.011 0.001 0.001 0.000 0.068 0.000 0.001 0.000 0.002 0.000 0.000 0.002 0.032 0.000 0.000 0.000 0.002 0.000 0.002 0.002 0.001 
2 sheep_vis 30 0.995 0.078 0.001 0.184 0.977 0.004 0.001 0.001 0.001 0.019 0.055 0.000 0.001 0.007 0.383 0.000 0.000 0.045 0.000 0.000 0.044 0.001 0.009 0.000 0.001 0.000 0.083 0.651 0.165 0.021 0.976 0.000 0.088 0.006 0.000 0.006 0.003 0.046 0.000 0.001 0.000 0.000 0.001 0.005 0.000 0.043 0.000 0.000 0.001 0.003 0.013 0.001 0.009 0.001 0.001 0.001 0.158 0.004 
3 buffalo_vis 30 0.927 0.005 0.001 0.022 0.023 0.120 0.001 0.001 0.001 0.076 0.000 0.011 0.007 0.003 0.157 0.000 0.001 0.008 0.000 0.000 0.001 0.001 0.004 0.021 0.001 0.001 0.060 0.670 0.056 0.000 0.592 0.000 0.000 0.002 0.002 0.000 0.001 0.979 0.069 0.000 0.000 0.855 0.000 0.001 0.001 0.020 0.000 0.000 0.007 0.921 0.001 0.420 0.252 0.008 0.000 0.019 0.122 0.001 
4 poodle_vis 30 0.994 0.646 0.001 0.708 0.630 0.005 0.001 0.001 0.001 0.011 0.213 0.000 0.000 0.021 0.746 0.001 0.000 0.006 0.000 0.000 0.003 0.000 0.007 0.001 0.002 0.000 0.378 0.967 0.017 0.022 0.978 0.000 0.082 0.001 0.000 0.001 0.002 0.205 0.000 0.000 0.000 0.000 0.000 0.046 0.000 0.112 0.000 0.000 0.002 0.016 0.001 0.001 0.003 0.001 0.001 0.004 0.155 0.001 
5 giraffe_vis 30 0.441 0.389 0.014 0.007 0.001 0.654 0.001 0.001 0.007 0.777 0.001 0.059 0.031 0.200 0.583 0.001 0.001 0.011 0.000 0.000 0.187 0.001 0.003 0.074 0.000 0.000 0.003 0.046 0.005 0.000 0.088 0.000 0.000 0.001 0.000 0.000 0.001 0.039 0.560 0.000 0.000 0.005 0.000 0.000 0.001 0.002 0.000 0.000 0.013 0.370 0.023 0.001 0.315 0.354 0.000 0.005 0.760 0.001 
6 robin_vis 30 0.518 0.524 0.003 0.001 0.004 0.995 0.006 0.001 0.001 0.733 0.001 0.001 0.002 0.336 0.031 0.000 0.003 0.001 0.000 0.000 0.020 0.009 0.001 0.001 0.000 0.000 0.000 0.003 0.000 0.013 0.003 0.000 0.000 0.013 0.020 0.000 0.014 0.000 0.001 0.110 0.000 0.000 0.001 0.001 0.000 0.000 0.001 0.000 0.025 0.001 0.273 0.000 0.021 0.116 0.002 0.001 0.444 0.071 
7 swan_vis 30 0.994 0.024 0.979 0.001 0.009 0.005 0.010 0.001 0.001 0.023 0.001 0.001 0.005 0.001 0.036 0.000 0.042 0.005 0.000 0.067 0.840 0.008 0.000 0.000 0.001 0.000 0.001 0.000 0.009 0.001 0.007 0.000 0.000 0.001 0.001 0.000 0.035 0.001 0.003 0.118 0.000 0.000 0.000 0.000 0.000 0.000 0.000 0.000 0.000 0.000 0.017 0.000 0.033 0.002 0.001 0.000 0.006 0.001 
8 woodpecker_vis 30 0.993 0.606 0.396 0.001 0.009 0.005 0.001 0.001 0.001 0.106 0.006 0.000 0.062 0.001 0.014 0.000 0.163 0.004 0.001 0.000 0.455 0.007 0.001 0.000 0.000 0.000 0.000 0.000 0.000 0.001 0.003 0.000 0.001 0.012 0.001 0.000 0.001 0.000 0.001 0.004 0.000 0.000 0.000 0.000 0.000 0.000 0.000 0.000 0.000 0.001 0.216 0.000 0.022 0.036 0.000 0.002 0.014 0.042 
9 peacock_vis 30 0.994 0.103 0.972 0.001 0.046 0.004 0.006 0.001 0.001 0.021 0.001 0.001 0.017 0.003 0.280 0.000 0.030 0.038 0.000 0.001 0.974 0.029 0.000 0.000 0.000 0.000 0.001 0.000 0.036 0.000 0.013 0.000 0.000 0.001 0.001 0.000 0.105 0.001 0.003 0.011 0.000 0.000 0.000 0.000 0.000 0.000 0.000 0.000 0.000 0.000 0.010 0.000 0.116 0.002 0.001 0.000 0.008 0.001 
10 crow_vis 30 0.991 0.003 0.975 0.001 0.004 0.006 0.012 0.001 0.001 0.008 0.000 0.000 0.002 0.002 0.022 0.000 0.073 0.005 0.000 0.080 0.885 0.002 0.000 0.000 0.001 0.000 0.001 0.000 0.020 0.001 0.001 0.001 0.000 0.001 0.002 0.000 0.015 0.001 0.014 0.060 0.000 0.000 0.000 0.000 0.000 0.000 0.000 0.000 0.000 0.000 0.022 0.000 0.011 0.001 0.001 0.000 0.003 0.001 
11 eagle_vis 30 0.994 0.034 0.966 0.001 0.013 0.005 0.004 0.001 0.001 0.028 0.001 0.001 0.009 0.001 0.057 0.000 0.048 0.004 0.000 0.023 0.877 0.016 0.000 0.000 0.000 0.000 0.001 0.000 0.005 0.001 0.005 0.000 0.000 0.001 0.001 0.000 0.023 0.000 0.002 0.131 0.000 0.000 0.000 0.000 0.000 0.000 0.000 0.000 0.000 0.001 0.021 0.000 0.043 0.003 0.001 0.000 0.007 0.001 
12 tuna_vis 30 0.995 0.753 0.000 0.548 0.028 0.003 0.001 0.001 0.001 0.002 0.002 0.000 0.002 0.000 0.516 0.000 0.000 0.001 0.000 0.000 0.001 0.000 0.001 0.002 0.000 0.001 0.691 0.975 0.002 0.001 0.633 0.000 0.004 0.001 0.000 0.001 0.000 0.530 0.000 0.001 0.000 0.046 0.000 0.213 0.000 0.003 0.000 0.000 0.002 0.080 0.000 0.003 0.001 0.000 0.000 0.002 0.005 0.000 
13 goldfish_vis 30 0.995 0.878 0.000 0.895 0.004 0.003 0.000 0.006 0.001 0.001 0.002 0.001 0.001 0.000 0.474 0.001 0.000 0.001 0.000 0.000 0.000 0.000 0.001 0.071 0.000 0.003 0.749 0.983 0.001 0.001 0.476 0.000 0.001 0.001 0.000 0.000 0.000 0.337 0.000 0.000 0.000 0.077 0.000 0.089 0.000 0.005 0.000 0.000 0.002 0.184 0.000 0.005 0.000 0.000 0.000 0.001 0.003 0.000 
14 salmon_vis 30 0.995 0.835 0.000 0.832 0.525 0.003 0.001 0.001 0.001 0.001 0.035 0.000 0.002 0.001 0.784 0.000 0.000 0.002 0.000 0.000 0.005 0.000 0.010 0.001 0.002 0.001 0.724 0.980 0.006 0.001 0.984 0.000 0.245 0.001 0.000 0.001 0.001 0.901 0.001 0.001 0.000 0.009 0.000 0.078 0.000 0.030 0.000 0.000 0.009 0.078 0.001 0.002 0.001 0.000 0.001 0.034 0.033 0.000 
15 sardine_vis 30 0.995 0.717 0.000 0.762 0.048 0.003 0.001 0.001 0.001 0.002 0.024 0.000 0.001 0.001 0.752 0.001 0.000 0.001 0.000 0.000 0.001 0.000 0.001 0.081 0.000 0.004 0.761 0.956 0.005 0.001 0.953 0.000 0.010 0.001 0.000 0.001 0.000 0.824 0.001 0.000 0.000 0.016 0.001 0.030 0.000 0.027 0.000 0.000 0.002 0.339 0.001 0.009 0.001 0.000 0.000 0.001 0.012 0.001 
16 catfish_vis 30 0.995 0.835 0.000 0.761 0.032 0.003 0.001 0.001 0.001 0.002 0.003 0.001 0.003 0.000 0.666 0.000 0.000 0.001 0.000 0.000 0.001 0.000 0.001 0.007 0.000 0.001 0.818 0.973 0.004 0.001 0.839 0.000 0.017 0.001 0.000 0.000 0.000 0.810 0.001 0.000 0.000 0.090 0.000 0.050 0.000 0.006 0.000 0.000 0.002 0.197 0.001 0.015 0.001 0.000 0.000 0.002 0.006 0.000 
17 cod_vis 30 0.995 0.904 0.000 0.897 0.013 0.003 0.001 0.003 0.001 0.001 0.009 0.000 0.002 0.000 0.743 0.001 0.000 0.001 0.000 0.000 0.001 0.000 0.001 0.058 0.000 0.003 0.874 0.984 0.003 0.001 0.833 0.000 0.004 0.001 0.000 0.001 0.000 0.556 0.001 0.000 0.000 0.047 0.000 0.091 0.000 0.006 0.000 0.000 0.002 0.209 0.001 0.012 0.001 0.000 0.000 0.001 0.006 0.000 
18 turtle_vis 30 0.995 0.003 0.001 0.002 0.876 0.003 0.001 0.001 0.001 0.004 0.084 0.000 0.000 0.002 0.036 0.000 0.000 0.070 0.000 0.000 0.027 0.000 0.001 0.000 0.000 0.000 0.003 0.198 0.055 0.004 0.958 0.000 0.003 0.001 0.001 0.001 0.005 0.361 0.001 0.000 0.000 0.000 0.000 0.001 0.000 0.198 0.000 0.001 0.000 0.007 0.001 0.001 0.065 0.000 0.001 0.006 0.142 0.001 
19 rattlesnake_vis 30 0.698 0.000 0.000 0.001 0.982 0.519 0.001 0.092 0.002 0.485 0.001 0.000 0.000 0.000 0.000 0.000 0.001 0.001 0.000 0.000 0.000 0.005 0.006 0.000 0.000 0.000 0.000 0.087 0.001 0.987 0.061 0.005 0.000 0.097 0.007 0.001 0.000 0.008 0.001 0.001 0.735 0.106 0.005 0.049 0.006 0.015 0.000 0.147 0.000 0.051 0.003 0.125 0.823 0.002 0.067 0.232 0.041 0.006 
20 crab_vis 30 0.995 0.001 0.001 0.002 0.989 0.003 0.001 0.001 0.001 0.011 0.001 0.000 0.001 0.000 0.034 0.000 0.000 0.022 0.000 0.000 0.068 0.001 0.005 0.000 0.001 0.000 0.005 0.019 0.307 0.003 0.933 0.000 0.007 0.013 0.000 0.001 0.004 0.095 0.000 0.000 0.000 0.000 0.001 0.000 0.000 0.002 0.000 0.000 0.000 0.001 0.002 0.001 0.071 0.001 0.003 0.001 0.012 0.003 
21 frog_vis 30 0.990 0.001 0.000 0.001 0.844 0.009 0.001 0.003 0.002 0.029 0.001 0.000 0.000 0.000 0.017 0.000 0.001 0.001 0.000 0.000 0.000 0.001 0.002 0.000 0.000 0.000 0.005 0.095 0.002 0.914 0.045 0.001 0.000 0.018 0.003 0.001 0.001 0.008 0.001 0.001 0.020 0.002 0.003 0.004 0.000 0.003 0.000 0.006 0.000 0.005 0.006 0.005 0.073 0.001 0.003 0.011 0.023 0.006 
22 gecko_vis 30 0.995 0.001 0.000 0.001 0.902 0.003 0.001 0.001 0.001 0.005 0.001 0.000 0.002 0.000 0.002 0.000 0.001 0.001 0.000 0.000 0.001 0.002 0.004 0.000 0.000 0.001 0.001 0.004 0.002 0.269 0.043 0.001 0.003 0.051 0.001 0.001 0.000 0.005 0.000 0.001 0.001 0.001 0.002 0.000 0.000 0.002 0.000 0.001 0.000 0.001 0.001 0.002 0.068 0.000 0.002 0.002 0.003 0.006 
23 crocodile_vis 30 0.994 0.001 0.000 0.001 0.870 0.004 0.001 0.001 0.001 0.014 0.001 0.000 0.000 0.000 0.014 0.000 0.002 0.001 0.000 0.000 0.000 0.001 0.002 0.000 0.000 0.000 0.003 0.049 0.003 0.892 0.035 0.001 0.000 0.012 0.001 0.001 0.001 0.007 0.000 0.001 0.003 0.001 0.001 0.001 0.000 0.002 0.000 0.002 0.000 0.002 0.002 0.002 0.081 0.001 0.003 0.004 0.019 0.004 
24 axe_vis 30 0.003 0.001 0.001 0.001 0.001 0.997 0.994 0.001 0.008 0.003 0.000 0.000 0.000 0.002 0.021 0.000 0.001 0.001 0.000 0.014 0.026 0.000 0.000 0.001 0.004 0.000 0.005 0.001 0.009 0.000 0.001 0.000 0.000 0.000 0.009 0.025 0.871 0.478 0.009 0.005 0.021 0.001 0.001 0.004 0.002 0.020 0.000 0.000 0.009 0.000 0.001 0.001 0.001 0.000 0.009 0.000 0.027 0.001 
25 hammer_vis 30 0.003 0.000 0.000 0.019 0.002 0.997 0.924 0.062 0.024 0.002 0.000 0.000 0.000 0.000 0.004 0.000 0.000 0.000 0.000 0.000 0.001 0.000 0.000 0.012 0.002 0.000 0.066 0.004 0.024 0.001 0.002 0.001 0.000 0.000 0.002 0.938 0.023 0.039 0.006 0.003 0.007 0.001 0.018 0.020 0.006 0.042 0.000 0.000 0.011 0.000 0.002 0.004 0.000 0.000 0.004 0.001 0.007 0.001 
26 screwdriver_vis 30 0.003 0.000 0.001 0.001 0.001 0.997 0.994 0.001 0.006 0.007 0.000 0.000 0.000 0.001 0.009 0.000 0.000 0.000 0.000 0.027 0.019 0.000 0.000 0.000 0.010 0.000 0.002 0.001 0.009 0.000 0.001 0.000 0.000 0.000 0.003 0.070 0.977 0.022 0.005 0.017 0.051 0.000 0.001 0.003 0.003 0.003 0.000 0.000 0.004 0.000 0.002 0.000 0.001 0.000 0.107 0.000 0.014 0.001 
27 chisel_vis 30 0.003 0.000 0.000 0.002 0.001 0.997 0.117 0.973 0.003 0.002 0.000 0.000 0.000 0.000 0.001 0.000 0.001 0.000 0.000 0.000 0.000 0.000 0.000 0.007 0.000 0.000 0.011 0.032 0.000 0.002 0.001 0.000 0.000 0.000 0.007 0.031 0.001 0.085 0.001 0.007 0.024 0.002 0.005 0.965 0.000 0.055 0.000 0.000 0.058 0.000 0.001 0.004 0.000 0.000 0.001 0.001 0.027 0.001 
28 saw_vis 30 0.003 0.000 0.000 0.001 0.001 0.997 0.991 0.002 0.002 0.002 0.000 0.000 0.000 0.001 0.008 0.000 0.000 0.000 0.000 0.002 0.004 0.000 0.000 0.002 0.001 0.000 0.007 0.001 0.006 0.001 0.001 0.001 0.000 0.000 0.002 0.358 0.142 0.011 0.030 0.071 0.003 0.000 0.002 0.002 0.008 0.001 0.000 0.000 0.004 0.000 0.003 0.001 0.000 0.000 0.008 0.000 0.006 0.001 
29 drill_vis 30 0.003 0.000 0.000 0.001 0.001 0.997 0.994 0.002 0.001 0.003 0.000 0.000 0.000 0.000 0.003 0.000 0.001 0.000 0.000 0.027 0.003 0.000 0.000 0.000 0.001 0.000 0.001 0.000 0.002 0.001 0.001 0.001 0.000 0.000 0.006 0.111 0.396 0.003 0.005 0.905 0.021 0.001 0.003 0.005 0.006 0.001 0.000 0.000 0.004 0.000 0.011 0.001 0.000 0.000 0.037 0.000 0.003 0.001 
30 clamp_vis 30 0.003 0.000 0.000 0.001 0.002 0.997 0.056 0.994 0.002 0.002 0.000 0.000 0.000 0.000 0.000 0.000 0.000 0.000 0.000 0.000 0.000 0.000 0.001 0.002 0.000 0.000 0.009 0.011 0.000 0.016 0.001 0.001 0.000 0.001 0.020 0.130 0.000 0.006 0.000 0.080 0.043 0.002 0.055 0.987 0.000 0.011 0.000 0.000 0.067 0.000 0.003 0.002 0.000 0.000 0.001 0.002 0.005 0.001 
31 hoe_vis 30 0.002 0.000 0.000 0.001 0.001 0.997 0.001 0.994 0.001 0.006 0.000 0.000 0.000 0.000 0.000 0.009 0.000 0.000 0.000 0.000 0.000 0.000 0.001 0.000 0.000 0.000 0.000 0.004 0.000 0.001 0.001 0.000 0.000 0.001 0.001 0.000 0.000 0.006 0.000 0.000 0.223 0.713 0.006 0.013 0.004 0.538 0.000 0.000 0.000 0.006 0.000 0.003 0.000 0.000 0.016 0.010 0.001 0.001 
32 rake_vis 30 0.003 0.000 0.000 0.001 0.001 0.997 0.031 0.995 0.002 0.003 0.000 0.000 0.000 0.000 0.000 0.001 0.001 0.000 0.000 0.000 0.000 0.000 0.001 0.001 0.000 0.000 0.006 0.009 0.000 0.018 0.001 0.001 0.000 0.001 0.071 0.066 0.000 0.005 0.000 0.071 0.071 0.007 0.125 0.984 0.000 0.024 0.000 0.000 0.051 0.001 0.003 0.004 0.000 0.000 0.002 0.003 0.002 0.002 
33 shovel_vis 30 0.003 0.000 0.000 0.002 0.001 0.997 0.033 0.995 0.001 0.003 0.000 0.000 0.000 0.000 0.000 0.000 0.000 0.000 0.000 0.000 0.000 0.000 0.001 0.002 0.000 0.000 0.007 0.031 0.000 0.013 0.001 0.001 0.000 0.001 0.030 0.092 0.000 0.015 0.000 0.052 0.037 0.006 0.061 0.983 0.000 0.038 0.000 0.000 0.078 0.001 0.002 0.003 0.000 0.000 0.001 0.003 0.007 0.001 
34 spade_vis 30 0.002 0.000 0.000 0.003 0.001 0.997 0.001 0.994 0.002 0.002 0.000 0.000 0.000 0.000 0.000 0.001 0.000 0.000 0.000 0.000 0.000 0.000 0.002 0.000 0.000 0.003 0.000 0.001 0.000 0.001 0.001 0.000 0.000 0.001 0.001 0.000 0.000 0.002 0.000 0.000 0.116 0.342 0.035 0.001 0.221 0.171 0.000 0.000 0.000 0.001 0.000 0.003 0.000 0.000 0.088 0.001 0.000 0.001 
35 wrench_vis 30 0.002 0.002 0.000 0.004 0.001 0.997 0.000 0.990 0.087 0.040 0.003 0.000 0.000 0.001 0.000 0.102 0.000 0.006 0.000 0.000 0.000 0.000 0.003 0.001 0.000 0.005 0.000 0.024 0.000 0.000 0.002 0.000 0.000 0.001 0.001 0.000 0.000 0.007 0.001 0.000 0.003 0.006 0.007 0.006 0.001 0.954 0.000 0.000 0.001 0.094 0.000 0.054 0.000 0.000 0.002 0.013 0.002 0.003 
36 accordion_vis 30 0.004 0.001 0.012 0.002 0.001 0.996 0.004 0.003 0.993 0.005 0.000 0.005 0.000 0.057 0.000 0.002 0.000 0.075 0.015 0.004 0.000 0.000 0.002 0.012 0.003 0.011 0.000 0.001 0.000 0.001 0.001 0.000 0.000 0.000 0.001 0.007 0.001 0.000 0.032 0.000 0.000 0.000 0.016 0.000 0.006 0.004 0.950 0.012 0.055 0.009 0.012 0.001 0.000 0.021 0.000 0.001 0.003 0.005 
37 cello_vis 30 0.004 0.001 0.001 0.001 0.002 0.996 0.006 0.002 0.994 0.042 0.001 0.000 0.001 0.000 0.000 0.000 0.004 0.002 0.000 0.000 0.002 0.000 0.002 0.000 0.001 0.003 0.001 0.001 0.000 0.001 0.002 0.001 0.009 0.001 0.001 0.001 0.007 0.004 0.001 0.000 0.024 0.000 0.002 0.001 0.002 0.004 0.001 0.863 0.002 0.010 0.049 0.297 0.001 0.001 0.000 0.004 0.005 0.135 
38 flute_vis 30 0.003 0.000 0.000 0.017 0.001 0.997 0.009 0.024 0.948 0.002 0.000 0.000 0.000 0.033 0.000 0.000 0.000 0.001 0.000 0.005 0.000 0.000 0.001 0.106 0.006 0.000 0.000 0.004 0.000 0.000 0.001 0.000 0.000 0.000 0.003 0.059 0.000 0.001 0.001 0.001 0.000 0.000 0.005 0.021 0.001 0.003 0.083 0.000 0.980 0.004 0.001 0.001 0.000 0.000 0.000 0.001 0.027 0.001 
39 guitar_vis 30 0.003 0.008 0.009 0.002 0.001 0.997 0.000 0.008 0.988 0.012 0.000 0.041 0.000 0.004 0.000 0.031 0.000 0.036 0.011 0.000 0.000 0.000 0.003 0.003 0.000 0.003 0.000 0.004 0.000 0.001 0.001 0.000 0.000 0.001 0.002 0.000 0.000 0.001 0.001 0.000 0.000 0.003 0.001 0.001 0.001 0.028 0.004 0.002 0.003 0.989 0.001 0.005 0.005 0.073 0.000 0.010 0.007 0.001 
40 piano_vis 30 0.005 0.001 0.066 0.001 0.003 0.996 0.049 0.001 0.993 0.004 0.000 0.000 0.000 0.023 0.007 0.000 0.010 0.002 0.000 0.002 0.286 0.000 0.001 0.001 0.001 0.000 0.001 0.000 0.004 0.001 0.001 0.001 0.001 0.001 0.009 0.016 0.053 0.000 0.002 0.000 0.001 0.000 0.001 0.000 0.000 0.001 0.102 0.031 0.054 0.003 0.983 0.002 0.002 0.003 0.000 0.001 0.149 0.004 
41 trumpet_vis 30 0.003 0.001 0.000 0.002 0.001 0.997 0.001 0.007 0.988 0.023 0.000 0.000 0.000 0.000 0.000 0.001 0.001 0.001 0.000 0.000 0.000 0.000 0.003 0.000 0.000 0.002 0.014 0.004 0.000 0.000 0.003 0.000 0.001 0.001 0.001 0.009 0.000 0.115 0.000 0.000 0.025 0.001 0.002 0.001 0.004 0.013 0.000 0.003 0.018 0.024 0.004 0.654 0.000 0.001 0.000 0.013 0.005 0.014 
42 fork_vis 30 0.004 0.005 0.000 0.001 0.003 0.996 0.002 0.001 0.002 0.994 0.000 0.000 0.037 0.000 0.000 0.000 0.006 0.001 0.000 0.000 0.002 0.001 0.001 0.000 0.000 0.000 0.000 0.001 0.000 0.004 0.004 0.000 0.000 0.008 0.004 0.000 0.001 0.009 0.001 0.027 0.021 0.004 0.001 0.000 0.006 0.001 0.000 0.052 0.000 0.004 0.006 0.002 0.530 0.180 0.016 0.132 0.073 0.767 
43 spoon_vis 30 0.003 0.016 0.002 0.001 0.001 0.997 0.001 0.001 0.115 0.989 0.001 0.001 0.000 0.014 0.000 0.036 0.000 0.004 0.001 0.000 0.000 0.001 0.002 0.000 0.000 0.000 0.000 0.001 0.000 0.001 0.002 0.000 0.000 0.001 0.023 0.000 0.002 0.002 0.001 0.000 0.000 0.001 0.001 0.001 0.000 0.004 0.002 0.052 0.001 0.453 0.001 0.001 0.018 0.368 0.003 0.913 0.204 0.007 
44 tongs_vis 30 0.003 0.001 0.000 0.001 0.004 0.997 0.001 0.923 0.001 0.170 0.001 0.000 0.000 0.000 0.000 0.000 0.001 0.000 0.000 0.000 0.000 0.001 0.001 0.000 0.000 0.000 0.000 0.008 0.000 0.026 0.002 0.000 0.000 0.003 0.013 0.001 0.000 0.022 0.000 0.002 0.553 0.030 0.014 0.534 0.000 0.029 0.000 0.000 0.001 0.001 0.000 0.003 0.001 0.000 0.016 0.098 0.004 0.013 
45 ladle_vis 30 0.003 0.025 0.000 0.001 0.001 0.997 0.001 0.003 0.033 0.987 0.017 0.000 0.000 0.000 0.000 0.006 0.005 0.001 0.000 0.000 0.000 0.000 0.001 0.000 0.000 0.000 0.000 0.003 0.000 0.002 0.003 0.000 0.000 0.001 0.026 0.000 0.001 0.044 0.000 0.000 0.104 0.002 0.001 0.036 0.000 0.026 0.000 0.002 0.001 0.044 0.001 0.006 0.003 0.002 0.001 0.939 0.400 0.147 
46 knife_vis 30 0.003 0.023 0.000 0.001 0.001 0.997 0.001 0.002 0.015 0.988 0.002 0.000 0.000 0.016 0.000 0.094 0.000 0.001 0.000 0.000 0.000 0.000 0.001 0.000 0.000 0.000 0.000 0.003 0.000 0.001 0.002 0.000 0.000 0.001 0.005 0.000 0.002 0.005 0.000 0.000 0.001 0.001 0.001 0.009 0.000 0.025 0.000 0.005 0.006 0.053 0.001 0.001 0.001 0.034 0.004 0.951 0.247 0.007 
47 chopsticks_vis 30 0.003 0.668 0.002 0.001 0.003 0.997 0.011 0.005 0.111 0.994 0.906 0.000 0.000 0.003 0.002 0.007 0.072 0.004 0.000 0.000 0.031 0.000 0.001 0.000 0.000 0.000 0.000 0.006 0.000 0.001 0.227 0.000 0.000 0.002 0.139 0.001 0.033 0.816 0.000 0.000 0.150 0.002 0.002 0.043 0.000 0.233 0.000 0.036 0.003 0.033 0.005 0.146 0.140 0.018 0.002 0.984 0.953 0.979 
