0 beaver_vis 30 0.987 0.991 0.006 0.001 0.001 0.084 0.000 0.000 0.001 0.440 0.896 0.001 0.011 0.000 0.059 0.031 0.026 0.000 0.000 0.000 0.001 0.003 0.001 0.000 0.001 0.001 0.004 0.009 0.046 0.003 0.001 0.000 0.000 0.000 0.000 0.001 0.007 0.001 0.000 0.189 0.004 0.002 0.002 0.001 0.000 0.053 0.003 0.024 0.002 0.001 0.002 0.001 0.027 0.290 0.002 0.263 0.006 0.353 
1 bear_vis 30 0.031 0.158 0.006 0.001 0.001 0.987 0.001 0.005 0.988 0.002 0.003 0.213 0.037 0.004 0.000 0.007 0.364 0.000 0.003 0.001 0.001 0.000 0.000 0.000 0.013 0.001 0.002 0.001 0.001 0.003 0.019 0.004 0.000 0.000 0.002 0.000 0.459 0.005 0.000 0.004 0.000 0.003 0.001 0.001 0.005 0.048 0.939 0.090 0.003 0.001 0.005 0.032 0.039 0.001 0.000 0.001 0.007 0.001 
2 sheep_vis 30 0.025 0.853 0.008 0.001 0.001 0.992 0.001 0.001 0.021 0.947 0.009 0.005 0.009 0.359 0.570 0.009 0.013 0.000 0.014 0.000 0.001 0.001 0.001 0.000 0.011 0.001 0.002 0.001 0.002 0.009 0.001 0.002 0.000 0.000 0.000 0.001 0.029 0.044 0.003 0.004 0.001 0.001 0.027 0.001 0.000 0.054 0.291 0.067 0.012 0.001 0.001 0.001 0.014 0.022 0.002 0.905 0.034 0.097 
3 buffalo_vis 30 0.013 0.065 0.004 0.001 0.001 0.993 0.001 0.007 0.990 0.003 0.001 0.043 0.047 0.030 0.001 0.002 0.116 0.000 0.016 0.000 0.001 0.000 0.000 0.000 0.020 0.001 0.001 0.001 0.001 0.004 0.008 0.011 0.000 0.000 0.001 0.001 0.106 0.012 0.000 0.001 0.000 0.002 0.002 0.001 0.001 0.041 0.949 0.063 0.006 0.001 0.002 0.067 0.009 0.001 0.000 0.003 0.009 0.001 
4 poodle_vis 30 0.053 0.973 0.014 0.001 0.001 0.993 0.001 0.001 0.029 0.985 0.116 0.002 0.090 0.008 0.938 0.006 0.058 0.000 0.001 0.000 0.001 0.064 0.003 0.000 0.024 0.001 0.004 0.001 0.003 0.017 0.001 0.010 0.000 0.000 0.001 0.015 0.031 0.003 0.010 0.004 0.672 0.001 0.827 0.000 0.000 0.050 0.081 0.930 0.023 0.005 0.001 0.001 0.008 0.012 0.078 0.972 0.412 0.948 
5 giraffe_vis 30 0.305 0.800 0.024 0.001 0.001 0.990 0.002 0.004 0.983 0.007 0.667 0.238 0.627 0.001 0.001 0.045 0.959 0.000 0.000 0.002 0.001 0.000 0.000 0.000 0.008 0.012 0.025 0.001 0.209 0.003 0.012 0.004 0.000 0.001 0.001 0.002 0.681 0.001 0.000 0.035 0.022 0.022 0.232 0.001 0.001 0.075 0.797 0.985 0.001 0.026 0.005 0.060 0.038 0.001 0.000 0.002 0.081 0.007 
6 robin_vis 30 0.814 0.360 0.004 0.001 0.001 0.020 0.001 0.001 0.607 0.001 0.005 0.162 0.012 0.001 0.001 0.001 0.137 0.000 0.000 0.001 0.001 0.001 0.000 0.000 0.005 0.001 0.001 0.001 0.002 0.002 0.004 0.001 0.000 0.000 0.001 0.001 0.251 0.000 0.000 0.002 0.000 0.003 0.001 0.001 0.007 0.019 0.773 0.047 0.002 0.002 0.008 0.008 0.031 0.001 0.000 0.001 0.001 0.001 
7 swan_vis 30 0.051 0.728 0.010 0.001 0.001 0.977 0.072 0.041 0.720 0.002 0.554 0.414 0.001 0.000 0.006 0.002 0.187 0.000 0.000 0.006 0.001 0.001 0.000 0.000 0.001 0.001 0.001 0.001 0.003 0.024 0.001 0.000 0.000 0.001 0.050 0.001 0.835 0.313 0.000 0.481 0.001 0.002 0.000 0.063 0.000 0.913 0.066 0.008 0.401 0.004 0.002 0.093 0.002 0.001 0.000 0.039 0.002 0.002 
8 woodpecker_vis 30 0.011 0.145 0.005 0.001 0.001 0.982 0.002 0.017 0.987 0.002 0.001 0.059 0.010 0.100 0.012 0.001 0.037 0.000 0.039 0.000 0.001 0.001 0.000 0.000 0.018 0.001 0.001 0.001 0.001 0.008 0.001 0.009 0.000 0.000 0.036 0.001 0.111 0.036 0.000 0.001 0.000 0.001 0.001 0.001 0.006 0.193 0.925 0.012 0.097 0.004 0.001 0.031 0.005 0.001 0.000 0.009 0.005 0.001 
9 peacock_vis 30 0.988 0.805 0.004 0.001 0.001 0.006 0.001 0.000 0.111 0.001 0.020 0.214 0.023 0.001 0.000 0.005 0.324 0.000 0.000 0.002 0.001 0.000 0.000 0.000 0.004 0.001 0.002 0.001 0.016 0.002 0.003 0.001 0.000 0.001 0.000 0.001 0.471 0.000 0.000 0.002 0.000 0.004 0.001 0.001 0.002 0.009 0.190 0.033 0.001 0.002 0.008 0.004 0.016 0.001 0.000 0.001 0.001 0.001 
10 crow_vis 30 0.020 0.446 0.008 0.001 0.001 0.989 0.008 0.017 0.788 0.002 0.109 0.670 0.000 0.000 0.001 0.001 0.104 0.000 0.000 0.008 0.001 0.000 0.000 0.000 0.001 0.001 0.000 0.001 0.001 0.016 0.003 0.000 0.000 0.001 0.004 0.001 0.819 0.135 0.000 0.028 0.000 0.002 0.000 0.009 0.000 0.783 0.108 0.002 0.331 0.001 0.001 0.087 0.003 0.000 0.000 0.016 0.001 0.001 
11 eagle_vis 30 0.993 0.987 0.005 0.002 0.001 0.004 0.001 0.000 0.014 0.001 0.742 0.035 0.050 0.000 0.003 0.003 0.160 0.000 0.000 0.001 0.001 0.001 0.000 0.000 0.002 0.002 0.003 0.003 0.106 0.003 0.001 0.001 0.000 0.000 0.003 0.002 0.127 0.000 0.000 0.039 0.001 0.003 0.001 0.001 0.000 0.035 0.006 0.021 0.003 0.020 0.003 0.002 0.002 0.001 0.000 0.001 0.001 0.001 
12 tuna_vis 30 0.035 0.811 0.005 0.001 0.001 0.977 0.077 0.002 0.713 0.122 0.151 0.003 0.049 0.001 0.944 0.001 0.036 0.000 0.001 0.000 0.001 0.238 0.003 0.000 0.027 0.001 0.002 0.002 0.003 0.010 0.001 0.013 0.000 0.000 0.186 0.012 0.301 0.006 0.003 0.166 0.662 0.001 0.002 0.001 0.000 0.198 0.030 0.134 0.128 0.319 0.001 0.001 0.001 0.004 0.001 0.760 0.196 0.104 
13 goldfish_vis 30 0.719 0.045 0.046 0.006 0.584 0.547 0.926 0.000 0.012 0.012 0.049 0.000 0.050 0.002 0.553 0.000 0.003 0.500 0.001 0.000 0.001 0.045 0.007 0.043 0.017 0.005 0.206 0.003 0.163 0.052 0.001 0.919 0.008 0.383 0.928 0.012 0.001 0.007 0.015 0.512 0.003 0.001 0.003 0.001 0.001 0.001 0.002 0.122 0.001 0.002 0.001 0.001 0.009 0.001 0.001 0.001 0.010 0.239 
14 salmon_vis 30 0.015 0.890 0.004 0.001 0.001 0.994 0.001 0.001 0.007 0.988 0.067 0.000 0.015 0.001 0.939 0.001 0.007 0.000 0.000 0.000 0.001 0.093 0.002 0.000 0.010 0.000 0.001 0.001 0.002 0.003 0.001 0.002 0.000 0.000 0.001 0.003 0.049 0.004 0.002 0.048 0.219 0.001 0.006 0.000 0.000 0.012 0.004 0.040 0.007 0.003 0.001 0.001 0.002 0.006 0.001 0.983 0.391 0.705 
15 sardine_vis 30 0.016 0.012 0.001 0.050 0.001 0.992 0.012 0.948 0.007 0.009 0.011 0.001 0.004 0.001 0.453 0.000 0.009 0.000 0.001 0.000 0.001 0.006 0.326 0.000 0.236 0.002 0.014 0.004 0.001 0.003 0.001 0.001 0.000 0.000 0.175 0.003 0.097 0.001 0.001 0.019 0.943 0.004 0.013 0.001 0.001 0.884 0.005 0.022 0.002 0.110 0.001 0.001 0.001 0.002 0.002 0.214 0.005 0.011 
16 catfish_vis 30 0.994 0.562 0.028 0.002 0.748 0.411 0.001 0.000 0.000 0.750 0.017 0.000 0.592 0.007 0.011 0.368 0.010 0.010 0.000 0.000 0.001 0.001 0.000 0.000 0.021 0.005 0.497 0.001 0.164 0.013 0.001 0.905 0.000 0.183 0.001 0.001 0.001 0.001 0.000 0.002 0.000 0.001 0.384 0.000 0.000 0.000 0.006 0.188 0.000 0.000 0.001 0.000 0.154 0.001 0.003 0.001 0.601 0.327 
17 cod_vis 30 0.005 0.001 0.001 0.122 0.001 0.994 0.018 0.974 0.005 0.004 0.011 0.001 0.001 0.000 0.047 0.000 0.002 0.000 0.001 0.000 0.001 0.009 0.492 0.001 0.006 0.038 0.001 0.010 0.001 0.002 0.001 0.001 0.001 0.000 0.075 0.027 0.001 0.003 0.002 0.007 0.981 0.004 0.007 0.007 0.005 0.460 0.001 0.009 0.003 0.014 0.002 0.002 0.001 0.001 0.023 0.213 0.002 0.003 
18 turtle_vis 30 0.994 0.085 0.013 0.001 0.899 0.014 0.001 0.000 0.000 0.032 0.002 0.001 0.003 0.001 0.000 0.357 0.002 0.001 0.000 0.001 0.004 0.000 0.000 0.000 0.001 0.000 0.176 0.001 0.053 0.002 0.025 0.050 0.000 0.821 0.000 0.000 0.001 0.001 0.000 0.001 0.000 0.001 0.001 0.000 0.000 0.000 0.001 0.005 0.000 0.000 0.001 0.000 0.739 0.001 0.002 0.000 0.003 0.008 
19 rattlesnake_vis 30 0.053 0.001 0.019 0.001 0.206 0.980 0.707 0.001 0.006 0.027 0.002 0.002 0.000 0.001 0.000 0.000 0.001 0.004 0.000 0.002 0.042 0.000 0.000 0.000 0.001 0.000 0.001 0.001 0.001 0.384 0.014 0.002 0.008 0.040 0.720 0.001 0.017 0.844 0.001 0.004 0.000 0.001 0.001 0.001 0.002 0.138 0.006 0.001 0.023 0.000 0.001 0.013 0.006 0.001 0.008 0.000 0.002 0.001 
20 crab_vis 30 0.992 0.045 0.014 0.001 0.967 0.026 0.005 0.000 0.009 0.001 0.001 0.041 0.001 0.002 0.000 0.025 0.007 0.001 0.000 0.001 0.008 0.000 0.000 0.000 0.006 0.001 0.016 0.001 0.011 0.020 0.329 0.167 0.001 0.681 0.001 0.000 0.024 0.002 0.000 0.002 0.000 0.001 0.001 0.001 0.001 0.000 0.050 0.013 0.000 0.000 0.002 0.003 0.093 0.001 0.000 0.000 0.001 0.001 
21 frog_vis 30 0.018 0.024 0.004 0.001 0.010 0.994 0.001 0.001 0.379 0.963 0.000 0.001 0.008 0.052 0.001 0.005 0.007 0.000 0.012 0.000 0.003 0.000 0.000 0.000 0.002 0.001 0.001 0.001 0.001 0.013 0.003 0.008 0.000 0.002 0.000 0.001 0.003 0.048 0.001 0.001 0.000 0.002 0.057 0.000 0.001 0.008 0.818 0.007 0.010 0.000 0.001 0.223 0.282 0.001 0.016 0.722 0.012 0.012 
22 gecko_vis 30 0.005 0.021 0.004 0.001 0.003 0.993 0.002 0.009 0.991 0.002 0.000 0.029 0.020 0.007 0.000 0.001 0.074 0.000 0.007 0.000 0.001 0.000 0.000 0.000 0.005 0.001 0.000 0.001 0.001 0.005 0.009 0.004 0.000 0.000 0.001 0.001 0.073 0.027 0.000 0.001 0.000 0.002 0.002 0.002 0.010 0.019 0.912 0.029 0.019 0.001 0.003 0.227 0.014 0.001 0.000 0.002 0.006 0.001 
23 crocodile_vis 30 0.993 0.990 0.019 0.001 0.007 0.007 0.000 0.000 0.002 0.004 0.015 0.040 0.064 0.114 0.000 0.984 0.015 0.000 0.001 0.044 0.001 0.000 0.000 0.000 0.002 0.002 0.020 0.001 0.002 0.002 0.019 0.001 0.000 0.015 0.000 0.000 0.001 0.001 0.000 0.001 0.000 0.003 0.001 0.000 0.000 0.001 0.035 0.003 0.000 0.000 0.002 0.001 0.297 0.007 0.000 0.001 0.001 0.001 
24 axe_vis 30 0.004 0.000 0.026 0.001 0.007 0.994 0.955 0.001 0.002 0.008 0.054 0.003 0.000 0.000 0.001 0.000 0.001 0.080 0.000 0.022 0.008 0.000 0.000 0.000 0.001 0.000 0.019 0.002 0.003 0.009 0.005 0.001 0.001 0.454 0.868 0.001 0.073 0.225 0.001 0.238 0.000 0.002 0.001 0.001 0.000 0.009 0.001 0.001 0.002 0.001 0.001 0.001 0.006 0.001 0.001 0.001 0.003 0.001 
25 hammer_vis 30 0.003 0.000 0.018 0.001 0.007 0.995 0.985 0.001 0.002 0.005 0.012 0.000 0.000 0.000 0.001 0.000 0.001 0.017 0.000 0.004 0.002 0.000 0.000 0.001 0.001 0.000 0.000 0.004 0.005 0.005 0.002 0.001 0.001 0.001 0.002 0.146 0.006 0.906 0.001 0.556 0.058 0.000 0.001 0.003 0.000 0.000 0.000 0.002 0.002 0.000 0.001 0.054 0.001 0.000 0.001 0.000 0.002 0.002 
26 screwdriver_vis 30 0.004 0.000 0.003 0.001 0.003 0.995 0.956 0.001 0.002 0.006 0.001 0.016 0.000 0.000 0.000 0.000 0.001 0.001 0.000 0.000 0.002 0.000 0.000 0.000 0.001 0.000 0.000 0.002 0.001 0.025 0.001 0.001 0.000 0.030 0.067 0.004 0.930 0.156 0.001 0.021 0.000 0.001 0.001 0.002 0.000 0.008 0.001 0.001 0.024 0.000 0.001 0.001 0.001 0.001 0.025 0.000 0.004 0.001 
27 chisel_vis 30 0.004 0.000 0.006 0.001 0.003 0.995 0.911 0.001 0.002 0.002 0.001 0.001 0.000 0.000 0.001 0.000 0.001 0.001 0.000 0.000 0.001 0.000 0.000 0.000 0.001 0.000 0.000 0.002 0.001 0.031 0.001 0.001 0.000 0.008 0.006 0.003 0.104 0.988 0.001 0.073 0.001 0.001 0.001 0.003 0.000 0.011 0.001 0.001 0.014 0.000 0.001 0.089 0.001 0.000 0.001 0.000 0.002 0.001 
28 saw_vis 30 0.003 0.000 0.007 0.001 0.003 0.990 0.992 0.000 0.001 0.002 0.001 0.016 0.000 0.000 0.000 0.000 0.001 0.005 0.000 0.002 0.001 0.000 0.000 0.008 0.001 0.000 0.000 0.002 0.002 0.001 0.003 0.001 0.000 0.017 0.001 0.022 0.695 0.015 0.003 0.633 0.001 0.001 0.001 0.002 0.000 0.000 0.000 0.001 0.000 0.000 0.001 0.001 0.001 0.000 0.000 0.000 0.001 0.002 
29 drill_vis 30 0.004 0.000 0.024 0.001 0.003 0.992 0.993 0.000 0.001 0.003 0.311 0.001 0.000 0.000 0.000 0.000 0.001 0.410 0.000 0.010 0.001 0.001 0.000 0.050 0.001 0.000 0.002 0.002 0.230 0.001 0.002 0.001 0.000 0.025 0.003 0.042 0.034 0.029 0.002 0.990 0.019 0.001 0.000 0.001 0.000 0.000 0.000 0.009 0.000 0.000 0.001 0.001 0.001 0.001 0.000 0.000 0.003 0.048 
30 clamp_vis 30 0.002 0.000 0.001 0.001 0.001 0.995 0.706 0.803 0.002 0.001 0.000 0.001 0.000 0.000 0.000 0.000 0.001 0.000 0.000 0.000 0.001 0.000 0.000 0.001 0.001 0.000 0.000 0.013 0.000 0.004 0.001 0.000 0.000 0.000 0.001 0.002 0.037 0.905 0.000 0.032 0.014 0.001 0.003 0.086 0.001 0.012 0.001 0.001 0.001 0.000 0.001 0.006 0.001 0.000 0.001 0.001 0.001 0.000 
31 hoe_vis 30 0.003 0.001 0.001 0.001 0.001 0.994 0.009 0.989 0.016 0.001 0.000 0.008 0.000 0.001 0.002 0.000 0.001 0.000 0.001 0.000 0.001 0.000 0.001 0.000 0.001 0.004 0.000 0.013 0.001 0.002 0.001 0.000 0.001 0.000 0.001 0.001 0.004 0.190 0.001 0.002 0.004 0.009 0.011 0.990 0.001 0.157 0.002 0.001 0.107 0.001 0.024 0.024 0.001 0.001 0.001 0.001 0.001 0.001 
32 rake_vis 30 0.002 0.000 0.001 0.001 0.001 0.994 0.002 0.988 0.015 0.001 0.000 0.008 0.000 0.001 0.001 0.000 0.001 0.000 0.005 0.000 0.001 0.000 0.000 0.000 0.003 0.012 0.000 0.005 0.000 0.002 0.001 0.000 0.000 0.000 0.000 0.001 0.002 0.019 0.000 0.001 0.037 0.001 0.669 0.117 0.013 0.012 0.005 0.003 0.002 0.000 0.002 0.170 0.001 0.001 0.001 0.002 0.001 0.000 
33 shovel_vis 30 0.002 0.000 0.002 0.001 0.001 0.994 0.752 0.025 0.009 0.001 0.001 0.005 0.000 0.000 0.001 0.000 0.001 0.000 0.000 0.001 0.001 0.000 0.000 0.000 0.001 0.001 0.000 0.007 0.000 0.009 0.001 0.000 0.001 0.001 0.001 0.003 0.020 0.981 0.000 0.203 0.003 0.001 0.001 0.271 0.000 0.009 0.001 0.001 0.032 0.000 0.001 0.371 0.001 0.000 0.001 0.001 0.001 0.000 
34 spade_vis 30 0.002 0.001 0.001 0.001 0.001 0.994 0.001 0.053 0.986 0.001 0.000 0.010 0.002 0.002 0.000 0.000 0.002 0.000 0.026 0.000 0.001 0.000 0.000 0.001 0.001 0.017 0.000 0.002 0.000 0.001 0.002 0.001 0.005 0.000 0.000 0.001 0.001 0.148 0.000 0.001 0.001 0.001 0.010 0.021 0.121 0.001 0.051 0.027 0.117 0.000 0.005 0.977 0.009 0.001 0.000 0.002 0.001 0.000 
35 wrench_vis 30 0.002 0.001 0.001 0.001 0.001 0.994 0.005 0.985 0.017 0.001 0.000 0.043 0.000 0.001 0.002 0.000 0.001 0.000 0.001 0.000 0.001 0.000 0.001 0.000 0.001 0.007 0.000 0.030 0.001 0.002 0.001 0.000 0.000 0.000 0.001 0.001 0.003 0.607 0.000 0.020 0.071 0.001 0.002 0.984 0.003 0.711 0.002 0.001 0.027 0.001 0.002 0.165 0.001 0.001 0.001 0.006 0.001 0.000 
36 accordion_vis 30 0.005 0.069 0.003 0.001 0.001 0.993 0.001 0.012 0.993 0.002 0.001 0.027 0.098 0.104 0.001 0.001 0.082 0.000 0.042 0.000 0.001 0.000 0.000 0.000 0.066 0.001 0.001 0.001 0.001 0.002 0.004 0.027 0.000 0.000 0.015 0.001 0.078 0.009 0.001 0.002 0.000 0.004 0.001 0.001 0.004 0.023 0.984 0.024 0.009 0.006 0.011 0.016 0.018 0.002 0.000 0.001 0.007 0.001 
37 cello_vis 30 0.013 0.139 0.014 0.001 0.001 0.991 0.001 0.002 0.971 0.002 0.022 0.243 0.015 0.000 0.000 0.039 0.418 0.000 0.000 0.012 0.001 0.000 0.000 0.000 0.002 0.001 0.001 0.001 0.005 0.001 0.051 0.001 0.000 0.000 0.000 0.001 0.366 0.003 0.000 0.024 0.002 0.001 0.037 0.001 0.000 0.003 0.292 0.852 0.001 0.001 0.016 0.043 0.006 0.001 0.000 0.001 0.013 0.001 
38 flute_vis 30 0.003 0.019 0.005 0.001 0.001 0.994 0.023 0.041 0.924 0.002 0.003 0.030 0.000 0.001 0.002 0.000 0.002 0.000 0.005 0.002 0.001 0.002 0.000 0.000 0.001 0.001 0.000 0.001 0.001 0.004 0.001 0.000 0.010 0.000 0.002 0.004 0.012 0.326 0.001 0.006 0.001 0.001 0.001 0.731 0.000 0.024 0.003 0.001 0.937 0.001 0.024 0.435 0.001 0.001 0.000 0.008 0.002 0.001 
39 guitar_vis 30 0.005 0.147 0.006 0.001 0.001 0.994 0.005 0.062 0.836 0.004 0.078 0.197 0.001 0.000 0.001 0.001 0.025 0.000 0.000 0.006 0.001 0.001 0.000 0.000 0.001 0.001 0.000 0.001 0.001 0.018 0.001 0.000 0.000 0.000 0.007 0.001 0.416 0.251 0.000 0.004 0.001 0.009 0.001 0.006 0.000 0.834 0.045 0.001 0.746 0.003 0.002 0.182 0.001 0.001 0.001 0.049 0.003 0.001 
40 piano_vis 30 0.004 0.004 0.006 0.001 0.001 0.992 0.003 0.002 0.972 0.001 0.001 0.006 0.009 0.001 0.000 0.001 0.007 0.000 0.010 0.004 0.001 0.001 0.000 0.003 0.001 0.001 0.000 0.001 0.001 0.001 0.025 0.002 0.001 0.000 0.000 0.001 0.002 0.002 0.025 0.018 0.000 0.001 0.003 0.014 0.000 0.000 0.012 0.025 0.001 0.002 0.958 0.029 0.005 0.003 0.000 0.000 0.002 0.001 
41 trumpet_vis 30 0.003 0.002 0.005 0.001 0.001 0.993 0.001 0.002 0.989 0.001 0.001 0.009 0.003 0.001 0.000 0.000 0.004 0.000 0.013 0.002 0.001 0.000 0.000 0.000 0.001 0.008 0.000 0.001 0.001 0.001 0.005 0.001 0.002 0.000 0.000 0.001 0.001 0.026 0.000 0.002 0.003 0.001 0.006 0.002 0.005 0.000 0.005 0.182 0.011 0.000 0.009 0.950 0.005 0.001 0.000 0.001 0.001 0.001 
42 fork_vis 30 0.003 0.000 0.015 0.001 0.017 0.995 0.571 0.000 0.009 0.012 0.001 0.000 0.001 0.000 0.000 0.000 0.001 0.013 0.001 0.005 0.002 0.000 0.000 0.049 0.001 0.000 0.003 0.001 0.010 0.001 0.119 0.044 0.006 0.010 0.003 0.001 0.001 0.008 0.021 0.248 0.000 0.001 0.001 0.001 0.001 0.000 0.002 0.011 0.000 0.000 0.033 0.001 0.189 0.001 0.001 0.001 0.002 0.004 
43 spoon_vis 30 0.003 0.016 0.009 0.001 0.001 0.995 0.002 0.002 0.015 0.970 0.005 0.001 0.001 0.026 0.005 0.002 0.001 0.000 0.041 0.003 0.001 0.007 0.001 0.000 0.001 0.000 0.001 0.001 0.001 0.002 0.001 0.000 0.007 0.000 0.004 0.001 0.002 0.002 0.003 0.002 0.000 0.048 0.001 0.005 0.000 0.001 0.009 0.001 0.093 0.008 0.005 0.001 0.034 0.975 0.005 0.251 0.015 0.002 
44 tongs_vis 30 0.056 0.000 0.020 0.003 0.011 0.995 0.598 0.000 0.000 0.990 0.867 0.000 0.000 0.000 0.001 0.064 0.003 0.809 0.000 0.002 0.009 0.001 0.001 0.002 0.001 0.001 0.565 0.002 0.906 0.002 0.001 0.003 0.000 0.253 0.006 0.057 0.136 0.038 0.000 0.978 0.007 0.001 0.001 0.001 0.000 0.000 0.000 0.001 0.000 0.000 0.001 0.001 0.227 0.001 0.013 0.008 0.820 0.963 
45 ladle_vis 30 0.003 0.007 0.008 0.001 0.001 0.994 0.002 0.002 0.052 0.895 0.002 0.001 0.001 0.013 0.002 0.001 0.001 0.000 0.036 0.003 0.001 0.002 0.001 0.000 0.001 0.001 0.001 0.001 0.001 0.003 0.001 0.000 0.004 0.000 0.005 0.001 0.002 0.003 0.001 0.001 0.001 0.002 0.001 0.001 0.000 0.002 0.008 0.001 0.016 0.005 0.001 0.003 0.025 0.007 0.013 0.655 0.003 0.001 
46 knife_vis 30 0.005 0.001 0.005 0.001 0.001 0.995 0.112 0.000 0.001 0.993 0.008 0.000 0.001 0.000 0.016 0.000 0.001 0.005 0.000 0.000 0.001 0.002 0.000 0.000 0.001 0.000 0.038 0.001 0.005 0.002 0.001 0.025 0.000 0.001 0.114 0.003 0.011 0.003 0.045 0.021 0.000 0.005 0.002 0.001 0.000 0.000 0.001 0.001 0.000 0.002 0.001 0.000 0.002 0.018 0.004 0.002 0.959 0.104 
47 chopsticks_vis 30 0.057 0.001 0.020 0.003 0.009 0.995 0.481 0.000 0.000 0.994 0.862 0.000 0.001 0.000 0.000 0.081 0.003 0.796 0.000 0.002 0.008 0.001 0.001 0.002 0.001 0.001 0.613 0.001 0.919 0.002 0.001 0.003 0.000 0.235 0.003 0.055 0.153 0.027 0.000 0.979 0.009 0.001 0.001 0.000 0.000 0.000 0.000 0.002 0.000 0.000 0.001 0.000 0.163 0.001 0.010 0.008 0.886 0.979 
