0 beaver_vis 30 0.995 0.182 0.001 0.701 0.993 0.003 0.005 0.002 0.002 0.001 0.018 0.010 0.201 0.023 0.050 0.001 0.000 0.000 0.004 0.000 0.000 0.000 0.001 0.422 0.015 0.001 0.000 0.566 0.503 0.003 0.316 0.588 0.345 0.077 0.001 0.262 0.014 0.000 0.002 0.005 0.001 0.004 0.026 0.000 0.001 0.002 0.001 0.058 0.000 0.000 0.019 0.002 0.001 0.000 0.002 0.000 0.008 0.003 
1 bear_vis 30 0.995 0.070 0.001 0.007 0.922 0.004 0.890 0.001 0.001 0.001 0.008 0.019 0.014 0.094 0.000 0.050 0.000 0.003 0.000 0.000 0.004 0.000 0.001 0.010 0.000 0.000 0.008 0.011 0.977 0.005 0.026 0.018 0.003 0.017 0.005 0.007 0.645 0.001 0.129 0.015 0.002 0.001 0.001 0.000 0.000 0.002 0.001 0.004 0.000 0.000 0.002 0.001 0.001 0.000 0.002 0.000 0.012 0.001 
2 sheep_vis 30 0.996 0.089 0.001 0.413 0.981 0.002 0.093 0.001 0.001 0.001 0.061 0.004 0.047 0.135 0.001 0.001 0.000 0.000 0.001 0.000 0.001 0.000 0.001 0.024 0.192 0.003 0.001 0.022 0.914 0.004 0.469 0.378 0.007 0.004 0.001 0.172 0.004 0.000 0.002 0.004 0.002 0.002 0.028 0.000 0.001 0.001 0.001 0.029 0.000 0.000 0.002 0.003 0.001 0.000 0.001 0.000 0.005 0.002 
3 buffalo_vis 30 0.995 0.460 0.001 0.005 0.915 0.003 0.780 0.003 0.001 0.001 0.113 0.030 0.023 0.266 0.000 0.088 0.000 0.007 0.000 0.001 0.027 0.000 0.001 0.017 0.008 0.000 0.045 0.005 0.984 0.310 0.025 0.084 0.002 0.011 0.004 0.004 0.078 0.111 0.300 0.011 0.253 0.002 0.002 0.000 0.000 0.003 0.000 0.004 0.001 0.000 0.001 0.002 0.001 0.000 0.002 0.000 0.004 0.004 
4 poodle_vis 30 0.995 0.132 0.001 0.590 0.990 0.003 0.007 0.003 0.001 0.001 0.099 0.025 0.034 0.020 0.001 0.004 0.000 0.002 0.000 0.000 0.001 0.000 0.001 0.117 0.029 0.002 0.003 0.085 0.958 0.003 0.440 0.319 0.011 0.018 0.001 0.036 0.066 0.000 0.001 0.004 0.002 0.004 0.008 0.000 0.001 0.005 0.001 0.087 0.000 0.000 0.001 0.002 0.001 0.000 0.002 0.000 0.008 0.001 
5 giraffe_vis 30 0.995 0.145 0.001 0.020 0.985 0.003 0.239 0.002 0.001 0.001 0.110 0.099 0.049 0.004 0.000 0.084 0.000 0.019 0.000 0.001 0.072 0.000 0.001 0.005 0.011 0.000 0.127 0.008 0.984 0.019 0.140 0.121 0.003 0.075 0.001 0.003 0.294 0.001 0.003 0.019 0.003 0.001 0.001 0.000 0.001 0.002 0.001 0.039 0.000 0.000 0.001 0.001 0.002 0.000 0.003 0.000 0.003 0.001 
6 robin_vis 30 0.891 0.296 0.001 0.012 0.897 0.032 0.002 0.005 0.096 0.001 0.353 0.027 0.175 0.016 0.007 0.001 0.000 0.000 0.001 0.000 0.002 0.000 0.003 0.004 0.442 0.003 0.001 0.084 0.852 0.082 0.472 0.837 0.052 0.004 0.001 0.020 0.002 0.003 0.004 0.002 0.045 0.010 0.146 0.000 0.003 0.027 0.009 0.131 0.001 0.003 0.011 0.506 0.001 0.001 0.001 0.000 0.063 0.015 
7 swan_vis 30 0.014 0.001 0.001 0.003 0.011 0.993 0.002 0.965 0.063 0.001 0.006 0.014 0.001 0.000 0.000 0.005 0.000 0.001 0.000 0.000 0.001 0.000 0.002 0.001 0.001 0.000 0.003 0.023 0.280 0.016 0.005 0.012 0.002 0.028 0.000 0.002 0.002 0.004 0.001 0.001 0.169 0.155 0.020 0.012 0.021 0.834 0.027 0.004 0.003 0.001 0.001 0.208 0.002 0.000 0.001 0.000 0.004 0.003 
8 woodpecker_vis 30 0.981 0.962 0.019 0.001 0.323 0.004 0.001 0.001 0.020 0.001 0.001 0.973 0.974 0.096 0.942 0.001 0.004 0.001 0.733 0.000 0.000 0.004 0.002 0.009 0.000 0.001 0.000 0.010 0.009 0.024 0.005 0.961 0.139 0.129 0.000 0.002 0.001 0.000 0.298 0.001 0.000 0.001 0.003 0.000 0.001 0.098 0.006 0.001 0.000 0.012 0.334 0.001 0.003 0.238 0.001 0.000 0.006 0.002 
9 peacock_vis 30 0.636 0.034 0.001 0.001 0.981 0.479 0.002 0.220 0.987 0.001 0.001 0.912 0.003 0.001 0.002 0.004 0.000 0.000 0.003 0.008 0.003 0.000 0.005 0.001 0.000 0.000 0.000 0.071 0.006 0.977 0.031 0.314 0.800 0.053 0.000 0.009 0.177 0.051 0.045 0.001 0.002 0.003 0.766 0.021 0.001 0.978 0.972 0.002 0.029 0.110 0.509 0.796 0.001 0.006 0.001 0.000 0.003 0.006 
10 crow_vis 30 0.685 0.255 0.004 0.002 0.014 0.393 0.002 0.044 0.037 0.004 0.001 0.423 0.142 0.000 0.086 0.002 0.011 0.001 0.001 0.001 0.002 0.000 0.003 0.001 0.000 0.000 0.001 0.004 0.018 0.468 0.001 0.022 0.002 0.005 0.000 0.001 0.005 0.008 0.001 0.001 0.002 0.004 0.001 0.002 0.001 0.409 0.042 0.001 0.001 0.005 0.001 0.123 0.016 0.128 0.001 0.000 0.002 0.028 
11 eagle_vis 30 0.646 0.003 0.001 0.002 0.057 0.301 0.001 0.009 0.243 0.001 0.099 0.011 0.005 0.001 0.001 0.002 0.000 0.001 0.001 0.000 0.001 0.000 0.002 0.001 0.004 0.000 0.005 0.034 0.744 0.082 0.017 0.286 0.006 0.001 0.000 0.003 0.001 0.012 0.001 0.001 0.002 0.009 0.019 0.001 0.001 0.080 0.021 0.019 0.008 0.002 0.002 0.971 0.001 0.000 0.001 0.000 0.012 0.010 
12 tuna_vis 30 0.742 0.010 0.002 0.015 0.047 0.125 0.003 0.003 0.228 0.001 0.048 0.000 0.000 0.004 0.007 0.591 0.000 0.001 0.001 0.000 0.001 0.000 0.014 0.264 0.002 0.001 0.002 0.004 0.834 0.053 0.001 0.032 0.005 0.001 0.004 0.002 0.011 0.003 0.001 0.002 0.002 0.004 0.001 0.002 0.010 0.002 0.021 0.172 0.015 0.005 0.015 0.057 0.001 0.000 0.001 0.000 0.041 0.001 
13 goldfish_vis 30 0.988 0.248 0.001 0.014 0.800 0.129 0.989 0.002 0.002 0.001 0.030 0.000 0.001 0.617 0.000 0.899 0.000 0.006 0.000 0.000 0.040 0.000 0.007 0.492 0.000 0.000 0.015 0.002 0.960 0.030 0.002 0.002 0.002 0.001 0.470 0.020 0.917 0.003 0.334 0.021 0.004 0.003 0.001 0.000 0.001 0.001 0.001 0.005 0.004 0.001 0.004 0.001 0.001 0.000 0.014 0.001 0.059 0.001 
14 salmon_vis 30 0.666 0.019 0.001 0.004 0.836 0.212 0.003 0.004 0.313 0.001 0.142 0.015 0.044 0.002 0.002 0.002 0.000 0.000 0.001 0.000 0.004 0.000 0.002 0.002 0.258 0.001 0.000 0.025 0.799 0.005 0.908 0.500 0.149 0.003 0.002 0.043 0.088 0.001 0.001 0.003 0.000 0.009 0.102 0.000 0.013 0.016 0.009 0.969 0.002 0.007 0.063 0.018 0.001 0.000 0.015 0.000 0.197 0.005 
15 sardine_vis 30 0.995 0.222 0.001 0.876 0.977 0.003 0.003 0.002 0.002 0.001 0.185 0.001 0.005 0.203 0.011 0.030 0.000 0.000 0.001 0.000 0.000 0.000 0.002 0.648 0.096 0.002 0.001 0.012 0.948 0.003 0.013 0.208 0.008 0.001 0.003 0.002 0.003 0.001 0.001 0.002 0.010 0.020 0.002 0.000 0.001 0.001 0.001 0.007 0.001 0.000 0.002 0.005 0.001 0.000 0.001 0.000 0.020 0.001 
16 catfish_vis 30 0.686 0.001 0.001 0.016 0.051 0.979 0.904 0.003 0.002 0.001 0.002 0.003 0.001 0.003 0.000 0.006 0.000 0.042 0.000 0.008 0.009 0.000 0.001 0.001 0.000 0.003 0.302 0.003 0.534 0.003 0.025 0.001 0.003 0.003 0.002 0.012 0.970 0.004 0.003 0.005 0.000 0.001 0.005 0.020 0.001 0.003 0.001 0.034 0.005 0.001 0.013 0.001 0.001 0.000 0.002 0.000 0.022 0.001 
17 cod_vis 30 0.988 0.001 0.355 0.986 0.046 0.593 0.923 0.018 0.004 0.001 0.001 0.001 0.000 0.001 0.000 0.008 0.000 0.116 0.001 0.001 0.006 0.000 0.022 0.030 0.001 0.001 0.481 0.616 0.021 0.001 0.005 0.000 0.003 0.067 0.004 0.100 0.985 0.013 0.003 0.138 0.001 0.002 0.001 0.109 0.003 0.004 0.001 0.295 0.004 0.001 0.049 0.003 0.001 0.000 0.004 0.000 0.010 0.001 
18 turtle_vis 30 0.991 0.074 0.001 0.001 0.954 0.187 0.992 0.002 0.001 0.001 0.008 0.002 0.003 0.191 0.000 0.236 0.000 0.001 0.000 0.000 0.102 0.000 0.001 0.007 0.001 0.000 0.002 0.001 0.967 0.029 0.072 0.002 0.002 0.006 0.104 0.063 0.930 0.001 0.384 0.107 0.002 0.002 0.001 0.000 0.000 0.001 0.001 0.004 0.000 0.000 0.007 0.000 0.001 0.000 0.026 0.000 0.054 0.005 
19 rattlesnake_vis 30 0.991 0.041 0.001 0.087 0.976 0.006 0.304 0.002 0.005 0.001 0.001 0.010 0.001 0.014 0.002 0.539 0.000 0.000 0.000 0.000 0.003 0.000 0.011 0.317 0.000 0.001 0.002 0.001 0.855 0.175 0.004 0.019 0.033 0.011 0.001 0.002 0.069 0.000 0.004 0.012 0.001 0.005 0.001 0.000 0.001 0.002 0.006 0.002 0.001 0.001 0.008 0.001 0.002 0.001 0.002 0.000 0.007 0.001 
20 crab_vis 30 0.569 0.003 0.001 0.001 0.912 0.959 0.989 0.002 0.001 0.002 0.001 0.001 0.031 0.005 0.000 0.003 0.000 0.000 0.000 0.000 0.158 0.000 0.003 0.001 0.000 0.000 0.000 0.001 0.691 0.020 0.383 0.001 0.004 0.132 0.002 0.040 0.881 0.000 0.699 0.470 0.000 0.006 0.002 0.000 0.000 0.001 0.001 0.021 0.000 0.001 0.745 0.001 0.008 0.000 0.006 0.000 0.470 0.038 
21 frog_vis 30 0.995 0.050 0.001 0.182 0.986 0.002 0.015 0.001 0.001 0.001 0.049 0.032 0.015 0.002 0.000 0.012 0.000 0.002 0.000 0.000 0.007 0.000 0.001 0.006 0.002 0.000 0.071 0.018 0.974 0.004 0.127 0.083 0.008 0.063 0.000 0.003 0.121 0.000 0.001 0.005 0.002 0.001 0.001 0.000 0.001 0.002 0.001 0.013 0.000 0.000 0.001 0.001 0.001 0.000 0.001 0.000 0.001 0.000 
22 gecko_vis 30 0.660 0.005 0.001 0.001 0.991 0.730 0.008 0.002 0.969 0.001 0.001 0.014 0.131 0.001 0.037 0.002 0.019 0.000 0.000 0.000 0.004 0.000 0.025 0.001 0.001 0.000 0.000 0.002 0.049 0.221 0.540 0.140 0.728 0.239 0.001 0.341 0.113 0.000 0.003 0.011 0.000 0.011 0.352 0.000 0.005 0.043 0.037 0.685 0.001 0.114 0.967 0.001 0.021 0.001 0.009 0.000 0.148 0.006 
23 crocodile_vis 30 0.213 0.001 0.001 0.001 0.517 0.973 0.009 0.003 0.289 0.001 0.002 0.005 0.003 0.001 0.000 0.023 0.000 0.001 0.000 0.000 0.138 0.000 0.006 0.001 0.000 0.000 0.004 0.001 0.823 0.008 0.383 0.003 0.009 0.039 0.000 0.001 0.166 0.000 0.001 0.184 0.000 0.112 0.000 0.000 0.001 0.005 0.077 0.837 0.000 0.000 0.262 0.001 0.023 0.000 0.001 0.000 0.370 0.001 
24 axe_vis 30 0.002 0.000 0.001 0.002 0.001 0.996 0.764 0.001 0.007 0.001 0.000 0.000 0.000 0.001 0.000 0.001 0.000 0.005 0.000 0.001 0.001 0.000 0.001 0.001 0.000 0.000 0.002 0.001 0.004 0.001 0.001 0.000 0.001 0.000 0.002 0.014 0.570 0.001 0.003 0.036 0.000 0.001 0.001 0.002 0.001 0.000 0.001 0.007 0.004 0.001 0.020 0.001 0.000 0.000 0.001 0.000 0.017 0.001 
25 hammer_vis 30 0.002 0.000 0.001 0.007 0.002 0.996 0.992 0.002 0.004 0.283 0.000 0.000 0.000 0.001 0.000 0.000 0.003 0.000 0.000 0.000 0.002 0.001 0.001 0.001 0.003 0.001 0.000 0.001 0.001 0.002 0.009 0.000 0.001 0.000 0.002 0.933 0.006 0.033 0.001 0.942 0.000 0.028 0.001 0.001 0.000 0.000 0.001 0.002 0.002 0.000 0.001 0.001 0.006 0.001 0.002 0.000 0.004 0.013 
26 screwdriver_vis 30 0.005 0.000 0.001 0.001 0.002 0.997 0.969 0.002 0.003 0.001 0.000 0.000 0.000 0.001 0.000 0.001 0.000 0.002 0.000 0.001 0.005 0.000 0.001 0.001 0.000 0.000 0.004 0.001 0.121 0.001 0.001 0.000 0.001 0.001 0.001 0.006 0.912 0.001 0.009 0.016 0.000 0.001 0.001 0.002 0.000 0.000 0.001 0.013 0.002 0.001 0.081 0.001 0.000 0.000 0.001 0.000 0.031 0.001 
27 chisel_vis 30 0.002 0.000 0.001 0.002 0.001 0.997 0.764 0.003 0.526 0.001 0.000 0.000 0.000 0.001 0.000 0.000 0.000 0.000 0.000 0.000 0.001 0.000 0.001 0.001 0.001 0.001 0.000 0.002 0.001 0.002 0.003 0.000 0.001 0.000 0.001 0.712 0.047 0.014 0.001 0.015 0.000 0.003 0.035 0.011 0.000 0.001 0.001 0.010 0.046 0.001 0.003 0.020 0.000 0.000 0.001 0.000 0.003 0.005 
28 saw_vis 30 0.053 0.001 0.001 0.001 0.490 0.996 0.994 0.001 0.001 0.042 0.000 0.001 0.088 0.006 0.000 0.000 0.001 0.002 0.000 0.000 0.045 0.000 0.001 0.000 0.000 0.000 0.001 0.001 0.221 0.012 0.203 0.000 0.001 0.402 0.001 0.035 0.178 0.001 0.432 0.983 0.000 0.086 0.000 0.000 0.000 0.000 0.001 0.001 0.000 0.000 0.801 0.000 0.129 0.001 0.001 0.000 0.286 0.003 
29 drill_vis 30 0.003 0.000 0.001 0.001 0.010 0.996 0.991 0.001 0.002 0.003 0.000 0.000 0.012 0.003 0.000 0.000 0.001 0.002 0.000 0.000 0.010 0.000 0.001 0.000 0.000 0.000 0.001 0.001 0.122 0.002 0.008 0.000 0.001 0.030 0.001 0.005 0.460 0.001 0.076 0.967 0.000 0.040 0.000 0.000 0.000 0.000 0.001 0.001 0.001 0.000 0.941 0.000 0.010 0.000 0.001 0.000 0.534 0.001 
30 clamp_vis 30 0.002 0.000 0.001 0.001 0.002 0.997 0.007 0.987 0.001 0.002 0.000 0.000 0.000 0.001 0.000 0.000 0.000 0.000 0.000 0.000 0.003 0.000 0.001 0.001 0.000 0.000 0.000 0.002 0.029 0.002 0.003 0.000 0.000 0.001 0.000 0.003 0.034 0.001 0.001 0.003 0.054 0.145 0.357 0.065 0.003 0.013 0.001 0.001 0.004 0.000 0.001 0.001 0.001 0.000 0.057 0.001 0.001 0.000 
31 hoe_vis 30 0.002 0.001 0.001 0.002 0.002 0.997 0.001 0.500 0.029 0.006 0.000 0.009 0.016 0.001 0.013 0.000 0.001 0.000 0.001 0.000 0.000 0.000 0.002 0.001 0.000 0.000 0.000 0.001 0.001 0.002 0.000 0.048 0.017 0.051 0.000 0.001 0.001 0.001 0.000 0.004 0.001 0.627 0.002 0.008 0.034 0.028 0.084 0.001 0.009 0.001 0.008 0.003 0.046 0.006 0.001 0.006 0.021 0.000 
32 rake_vis 30 0.002 0.000 0.001 0.001 0.002 0.997 0.002 0.979 0.002 0.013 0.000 0.000 0.003 0.001 0.000 0.000 0.000 0.000 0.000 0.000 0.000 0.000 0.001 0.001 0.000 0.000 0.000 0.005 0.003 0.001 0.060 0.002 0.001 0.006 0.000 0.011 0.003 0.001 0.011 0.002 0.003 0.428 0.947 0.013 0.007 0.037 0.001 0.001 0.003 0.000 0.001 0.001 0.001 0.000 0.016 0.002 0.005 0.003 
33 shovel_vis 30 0.002 0.000 0.001 0.002 0.001 0.997 0.008 0.994 0.050 0.016 0.000 0.000 0.000 0.004 0.000 0.000 0.000 0.000 0.000 0.000 0.000 0.001 0.001 0.001 0.000 0.001 0.000 0.108 0.000 0.001 0.001 0.000 0.000 0.000 0.000 0.084 0.042 0.003 0.001 0.102 0.006 0.957 0.802 0.982 0.091 0.008 0.004 0.001 0.655 0.000 0.001 0.010 0.001 0.000 0.163 0.024 0.001 0.000 
34 spade_vis 30 0.002 0.000 0.001 0.002 0.004 0.997 0.001 0.993 0.016 0.007 0.002 0.001 0.000 0.001 0.000 0.000 0.000 0.000 0.000 0.000 0.001 0.000 0.001 0.001 0.000 0.000 0.000 0.006 0.007 0.002 0.089 0.010 0.004 0.005 0.000 0.002 0.001 0.001 0.000 0.007 0.011 0.975 0.194 0.027 0.120 0.116 0.166 0.004 0.004 0.000 0.001 0.045 0.010 0.000 0.024 0.001 0.007 0.001 
35 wrench_vis 30 0.002 0.003 0.001 0.001 0.001 0.997 0.001 0.864 0.014 0.049 0.000 0.001 0.005 0.013 0.000 0.000 0.000 0.000 0.000 0.000 0.000 0.001 0.001 0.001 0.000 0.000 0.000 0.003 0.001 0.001 0.001 0.001 0.001 0.002 0.000 0.001 0.001 0.001 0.010 0.004 0.005 0.592 0.118 0.022 0.003 0.120 0.005 0.001 0.006 0.001 0.001 0.005 0.002 0.002 0.003 0.048 0.026 0.001 
36 accordion_vis 30 0.002 0.000 0.003 0.002 0.001 0.996 0.001 0.001 0.995 0.001 0.000 0.002 0.000 0.001 0.001 0.001 0.050 0.000 0.011 0.007 0.000 0.001 0.003 0.001 0.000 0.007 0.000 0.010 0.000 0.007 0.000 0.004 0.012 0.000 0.000 0.002 0.001 0.001 0.000 0.007 0.000 0.006 0.000 0.001 0.001 0.001 0.904 0.002 0.015 0.003 0.077 0.016 0.001 0.023 0.001 0.000 0.003 0.000 
37 cello_vis 30 0.482 0.066 0.001 0.002 0.001 0.435 0.002 0.001 0.905 0.001 0.001 0.120 0.001 0.002 0.052 0.003 0.002 0.000 0.002 0.001 0.000 0.000 0.002 0.001 0.000 0.000 0.000 0.002 0.001 0.004 0.000 0.207 0.012 0.000 0.000 0.003 0.001 0.001 0.000 0.002 0.000 0.002 0.001 0.001 0.001 0.001 0.266 0.002 0.006 0.004 0.011 0.003 0.001 0.004 0.001 0.000 0.018 0.000 
38 flute_vis 30 0.010 0.022 0.001 0.001 0.001 0.997 0.004 0.001 0.583 0.002 0.000 0.000 0.000 0.153 0.008 0.002 0.001 0.000 0.001 0.000 0.000 0.000 0.001 0.002 0.000 0.000 0.000 0.001 0.000 0.023 0.000 0.001 0.001 0.000 0.000 0.005 0.001 0.007 0.001 0.002 0.000 0.009 0.001 0.003 0.000 0.000 0.007 0.001 0.275 0.037 0.004 0.001 0.000 0.049 0.001 0.003 0.027 0.000 
39 guitar_vis 30 0.026 0.086 0.001 0.001 0.001 0.996 0.001 0.001 0.639 0.002 0.000 0.006 0.000 0.053 0.014 0.001 0.002 0.000 0.002 0.000 0.000 0.000 0.001 0.001 0.000 0.000 0.000 0.000 0.000 0.007 0.000 0.011 0.002 0.000 0.000 0.002 0.001 0.003 0.000 0.001 0.000 0.002 0.001 0.001 0.000 0.001 0.043 0.000 0.104 0.056 0.004 0.001 0.000 0.037 0.001 0.002 0.033 0.000 
40 piano_vis 30 0.002 0.000 0.004 0.003 0.002 0.996 0.002 0.001 0.995 0.001 0.000 0.003 0.001 0.000 0.001 0.000 0.055 0.000 0.018 0.004 0.000 0.001 0.003 0.001 0.000 0.004 0.000 0.051 0.000 0.007 0.001 0.002 0.029 0.001 0.000 0.005 0.002 0.001 0.000 0.007 0.000 0.007 0.001 0.002 0.001 0.002 0.910 0.004 0.006 0.005 0.140 0.011 0.001 0.046 0.001 0.000 0.003 0.000 
41 trumpet_vis 30 0.002 0.000 0.001 0.003 0.005 0.996 0.001 0.368 0.831 0.002 0.000 0.001 0.029 0.000 0.001 0.000 0.001 0.000 0.001 0.000 0.000 0.002 0.004 0.001 0.001 0.000 0.000 0.045 0.009 0.014 0.022 0.019 0.004 0.003 0.000 0.002 0.001 0.005 0.000 0.010 0.001 0.875 0.005 0.003 0.002 0.207 0.550 0.012 0.017 0.001 0.002 0.837 0.004 0.002 0.001 0.000 0.169 0.003 
42 fork_vis 30 0.003 0.011 0.001 0.001 0.001 0.996 0.003 0.001 0.579 0.475 0.000 0.001 0.001 0.031 0.012 0.001 0.003 0.000 0.001 0.000 0.000 0.000 0.001 0.001 0.000 0.000 0.000 0.000 0.000 0.003 0.000 0.000 0.005 0.000 0.001 0.002 0.001 0.000 0.005 0.003 0.000 0.002 0.000 0.000 0.000 0.000 0.005 0.000 0.006 0.232 0.043 0.000 0.002 0.189 0.003 0.004 0.903 0.002 
43 spoon_vis 30 0.002 0.025 0.001 0.001 0.001 0.997 0.001 0.001 0.955 0.493 0.000 0.001 0.000 0.052 0.058 0.001 0.002 0.000 0.002 0.000 0.000 0.000 0.001 0.001 0.000 0.000 0.000 0.000 0.000 0.015 0.000 0.000 0.005 0.000 0.000 0.001 0.001 0.001 0.005 0.001 0.000 0.002 0.000 0.000 0.000 0.001 0.021 0.000 0.091 0.535 0.015 0.001 0.001 0.713 0.002 0.011 0.769 0.003 
44 tongs_vis 30 0.002 0.063 0.001 0.001 0.002 0.997 0.018 0.001 0.002 0.993 0.001 0.000 0.002 0.091 0.006 0.001 0.005 0.000 0.000 0.000 0.001 0.006 0.001 0.001 0.000 0.000 0.000 0.001 0.001 0.059 0.001 0.000 0.001 0.000 0.001 0.007 0.001 0.067 0.004 0.032 0.001 0.043 0.001 0.000 0.000 0.000 0.001 0.001 0.003 0.002 0.001 0.004 0.061 0.856 0.006 0.165 0.352 0.787 
45 ladle_vis 30 0.011 0.250 0.001 0.001 0.001 0.997 0.001 0.010 0.014 0.129 0.000 0.001 0.001 0.020 0.582 0.004 0.001 0.000 0.005 0.000 0.000 0.000 0.001 0.002 0.000 0.000 0.000 0.000 0.000 0.005 0.000 0.002 0.001 0.000 0.000 0.001 0.001 0.000 0.002 0.001 0.000 0.008 0.003 0.001 0.000 0.052 0.003 0.000 0.009 0.076 0.002 0.001 0.001 0.117 0.006 0.484 0.003 0.000 
46 knife_vis 30 0.002 0.017 0.001 0.001 0.001 0.997 0.001 0.001 0.785 0.401 0.000 0.000 0.001 0.042 0.029 0.001 0.002 0.000 0.001 0.000 0.000 0.000 0.001 0.001 0.000 0.000 0.000 0.000 0.000 0.008 0.000 0.000 0.004 0.000 0.000 0.001 0.001 0.001 0.004 0.001 0.000 0.001 0.000 0.000 0.000 0.001 0.009 0.000 0.030 0.437 0.030 0.001 0.001 0.320 0.002 0.008 0.875 0.002 
47 chopsticks_vis 30 0.002 0.065 0.001 0.001 0.001 0.996 0.003 0.001 0.011 0.993 0.000 0.000 0.001 0.141 0.057 0.001 0.029 0.000 0.001 0.000 0.000 0.000 0.001 0.001 0.000 0.000 0.000 0.000 0.000 0.178 0.000 0.000 0.002 0.000 0.000 0.002 0.001 0.009 0.005 0.004 0.000 0.003 0.000 0.000 0.000 0.001 0.002 0.000 0.003 0.009 0.001 0.001 0.011 0.989 0.005 0.020 0.034 0.051 
