0 beaver_vis 30 0.137 0.001 0.010 0.005 0.000 0.906 0.993 0.036 0.003 0.000 0.001 0.000 0.000 0.000 0.002 0.000 0.002 0.002 0.041 0.001 0.001 0.300 0.024 0.000 0.001 0.000 0.001 0.000 0.000 0.001 0.000 0.000 0.000 0.011 0.030 0.018 0.001 0.237 0.943 0.002 0.001 0.001 0.003 0.019 0.134 0.291 0.000 0.006 0.000 0.028 0.000 0.002 0.001 0.000 0.000 0.000 0.005 0.000 
1 bear_vis 30 0.022 0.000 0.018 0.006 0.000 0.967 0.992 0.024 0.004 0.000 0.001 0.000 0.000 0.000 0.001 0.000 0.003 0.049 0.029 0.003 0.001 0.011 0.043 0.000 0.000 0.001 0.005 0.000 0.000 0.001 0.000 0.000 0.000 0.029 0.005 0.039 0.004 0.188 0.794 0.005 0.001 0.000 0.006 0.039 0.046 0.094 0.000 0.009 0.000 0.007 0.000 0.002 0.001 0.000 0.001 0.000 0.003 0.000 
2 sheep_vis 30 0.155 0.001 0.005 0.006 0.000 0.963 0.994 0.010 0.003 0.000 0.007 0.001 0.000 0.000 0.001 0.003 0.001 0.001 0.016 0.000 0.001 0.467 0.007 0.000 0.001 0.000 0.001 0.000 0.000 0.001 0.000 0.000 0.000 0.003 0.251 0.016 0.021 0.109 0.728 0.002 0.001 0.000 0.003 0.064 0.004 0.020 0.000 0.002 0.001 0.001 0.000 0.002 0.001 0.000 0.000 0.000 0.001 0.000 
3 buffalo_vis 30 0.023 0.000 0.020 0.014 0.000 0.995 0.010 0.927 0.006 0.000 0.001 0.000 0.000 0.000 0.000 0.000 0.001 0.000 0.049 0.001 0.001 0.001 0.002 0.042 0.000 0.000 0.000 0.000 0.000 0.004 0.000 0.000 0.000 0.001 0.000 0.151 0.001 0.002 0.008 0.002 0.002 0.001 0.764 0.409 0.005 0.007 0.005 0.001 0.000 0.000 0.014 0.064 0.002 0.000 0.001 0.000 0.000 0.000 
4 poodle_vis 30 0.023 0.000 0.010 0.006 0.000 0.992 0.986 0.083 0.007 0.000 0.002 0.001 0.000 0.000 0.001 0.000 0.002 0.012 0.016 0.019 0.001 0.011 0.020 0.000 0.000 0.000 0.014 0.000 0.000 0.001 0.000 0.000 0.000 0.012 0.010 0.017 0.005 0.120 0.762 0.003 0.001 0.002 0.005 0.056 0.043 0.255 0.000 0.003 0.001 0.014 0.000 0.004 0.001 0.000 0.000 0.000 0.001 0.000 
5 giraffe_vis 30 0.024 0.000 0.016 0.013 0.000 0.993 0.143 0.846 0.004 0.000 0.002 0.001 0.000 0.000 0.001 0.000 0.002 0.001 0.039 0.001 0.001 0.002 0.006 0.019 0.000 0.000 0.000 0.000 0.000 0.001 0.000 0.000 0.000 0.001 0.001 0.036 0.002 0.006 0.043 0.004 0.001 0.001 0.026 0.661 0.004 0.025 0.001 0.002 0.000 0.000 0.001 0.022 0.001 0.000 0.001 0.000 0.000 0.000 
6 robin_vis 30 0.047 0.000 0.006 0.006 0.000 0.989 0.988 0.034 0.002 0.000 0.001 0.001 0.000 0.000 0.000 0.000 0.001 0.003 0.009 0.003 0.001 0.093 0.023 0.000 0.000 0.000 0.010 0.000 0.000 0.001 0.000 0.000 0.000 0.021 0.005 0.006 0.001 0.341 0.925 0.002 0.001 0.002 0.005 0.034 0.020 0.113 0.000 0.001 0.000 0.028 0.000 0.002 0.001 0.000 0.000 0.000 0.001 0.000 
7 swan_vis 30 0.017 0.000 0.022 0.005 0.000 0.987 0.982 0.100 0.002 0.000 0.001 0.000 0.000 0.000 0.001 0.000 0.010 0.007 0.011 0.001 0.001 0.010 0.011 0.001 0.000 0.000 0.000 0.000 0.000 0.001 0.000 0.000 0.000 0.003 0.002 0.361 0.013 0.517 0.058 0.002 0.001 0.001 0.019 0.062 0.003 0.022 0.000 0.002 0.000 0.001 0.008 0.002 0.002 0.000 0.001 0.000 0.001 0.000 
8 woodpecker_vis 30 0.016 0.000 0.058 0.014 0.000 0.763 0.822 0.012 0.002 0.001 0.001 0.000 0.000 0.000 0.010 0.000 0.030 0.002 0.094 0.000 0.001 0.006 0.071 0.001 0.001 0.000 0.000 0.000 0.000 0.002 0.000 0.000 0.000 0.002 0.000 0.930 0.003 0.008 0.062 0.002 0.001 0.000 0.012 0.008 0.009 0.001 0.001 0.011 0.000 0.000 0.016 0.002 0.001 0.000 0.006 0.000 0.000 0.000 
9 peacock_vis 30 0.010 0.000 0.027 0.006 0.000 0.966 0.903 0.010 0.003 0.001 0.001 0.000 0.000 0.000 0.013 0.000 0.042 0.001 0.017 0.000 0.001 0.003 0.009 0.003 0.000 0.000 0.000 0.001 0.000 0.008 0.000 0.000 0.000 0.001 0.001 0.970 0.025 0.017 0.007 0.005 0.001 0.000 0.044 0.006 0.003 0.001 0.001 0.006 0.000 0.000 0.140 0.002 0.012 0.000 0.038 0.000 0.000 0.000 
10 crow_vis 30 0.063 0.000 0.031 0.047 0.000 0.996 0.075 0.981 0.006 0.000 0.042 0.001 0.000 0.000 0.000 0.000 0.001 0.001 0.070 0.003 0.001 0.001 0.004 0.028 0.000 0.003 0.000 0.000 0.000 0.001 0.000 0.000 0.000 0.001 0.001 0.011 0.002 0.006 0.052 0.001 0.003 0.004 0.090 0.981 0.002 0.154 0.023 0.000 0.000 0.000 0.001 0.109 0.001 0.000 0.000 0.001 0.000 0.000 
11 eagle_vis 30 0.042 0.000 0.011 0.008 0.000 0.984 0.993 0.017 0.002 0.000 0.002 0.000 0.000 0.000 0.001 0.000 0.002 0.017 0.018 0.003 0.001 0.072 0.028 0.000 0.000 0.001 0.010 0.000 0.000 0.001 0.000 0.000 0.000 0.023 0.022 0.035 0.006 0.345 0.900 0.003 0.001 0.001 0.005 0.073 0.015 0.092 0.000 0.003 0.000 0.019 0.000 0.002 0.001 0.000 0.000 0.000 0.003 0.000 
12 tuna_vis 30 0.005 0.002 0.007 0.004 0.001 0.993 0.957 0.001 0.009 0.022 0.007 0.000 0.000 0.000 0.065 0.000 0.023 0.001 0.004 0.000 0.003 0.002 0.001 0.069 0.000 0.001 0.000 0.001 0.000 0.018 0.000 0.000 0.000 0.002 0.006 0.870 0.069 0.004 0.003 0.193 0.001 0.000 0.047 0.002 0.001 0.001 0.001 0.007 0.000 0.001 0.049 0.002 0.088 0.000 0.446 0.000 0.000 0.000 
13 goldfish_vis 30 0.038 0.000 0.018 0.024 0.000 0.995 0.022 0.946 0.004 0.000 0.006 0.001 0.000 0.000 0.000 0.000 0.001 0.000 0.053 0.001 0.001 0.001 0.004 0.045 0.000 0.001 0.000 0.000 0.000 0.001 0.000 0.000 0.000 0.001 0.000 0.023 0.001 0.002 0.012 0.002 0.002 0.001 0.056 0.928 0.003 0.015 0.011 0.001 0.000 0.000 0.002 0.047 0.001 0.000 0.001 0.000 0.000 0.000 
14 salmon_vis 30 0.096 0.001 0.005 0.004 0.000 0.947 0.991 0.007 0.003 0.000 0.005 0.000 0.000 0.000 0.002 0.003 0.001 0.004 0.013 0.000 0.001 0.086 0.007 0.001 0.001 0.001 0.001 0.000 0.000 0.001 0.000 0.000 0.000 0.004 0.106 0.011 0.145 0.024 0.104 0.002 0.001 0.000 0.003 0.008 0.005 0.004 0.000 0.003 0.001 0.001 0.000 0.002 0.001 0.000 0.000 0.000 0.002 0.000 
15 sardine_vis 30 0.070 0.000 0.016 0.037 0.000 0.995 0.055 0.957 0.006 0.000 0.018 0.001 0.000 0.000 0.000 0.000 0.001 0.000 0.068 0.001 0.001 0.002 0.004 0.048 0.000 0.001 0.000 0.000 0.000 0.001 0.000 0.000 0.000 0.001 0.001 0.010 0.002 0.004 0.027 0.001 0.003 0.002 0.027 0.958 0.002 0.038 0.019 0.001 0.001 0.000 0.001 0.065 0.001 0.000 0.001 0.000 0.000 0.000 
16 catfish_vis 30 0.012 0.000 0.030 0.005 0.000 0.993 0.944 0.036 0.002 0.001 0.001 0.000 0.000 0.000 0.007 0.000 0.041 0.001 0.013 0.000 0.002 0.003 0.004 0.001 0.000 0.000 0.000 0.000 0.000 0.014 0.000 0.000 0.000 0.001 0.001 0.978 0.066 0.058 0.004 0.003 0.001 0.000 0.375 0.026 0.002 0.001 0.001 0.003 0.000 0.000 0.368 0.002 0.013 0.000 0.010 0.000 0.000 0.000 
17 cod_vis 30 0.108 0.000 0.013 0.038 0.000 0.995 0.156 0.931 0.009 0.000 0.057 0.001 0.000 0.000 0.000 0.000 0.001 0.000 0.091 0.001 0.001 0.004 0.004 0.042 0.000 0.003 0.000 0.000 0.000 0.001 0.000 0.000 0.000 0.001 0.005 0.005 0.004 0.004 0.070 0.001 0.002 0.002 0.014 0.981 0.003 0.101 0.036 0.001 0.001 0.000 0.001 0.087 0.001 0.000 0.000 0.000 0.000 0.000 
18 turtle_vis 30 0.012 0.000 0.029 0.005 0.000 0.992 0.952 0.028 0.002 0.001 0.001 0.000 0.000 0.000 0.010 0.000 0.039 0.001 0.014 0.000 0.002 0.003 0.004 0.001 0.000 0.000 0.000 0.000 0.000 0.015 0.000 0.000 0.000 0.001 0.000 0.983 0.058 0.047 0.004 0.002 0.001 0.000 0.245 0.023 0.002 0.001 0.001 0.003 0.000 0.000 0.438 0.002 0.009 0.000 0.008 0.000 0.000 0.000 
19 rattlesnake_vis 30 0.054 0.000 0.031 0.048 0.000 0.995 0.038 0.984 0.005 0.000 0.016 0.001 0.000 0.000 0.000 0.000 0.001 0.000 0.056 0.002 0.001 0.001 0.004 0.029 0.000 0.001 0.000 0.000 0.000 0.001 0.000 0.000 0.000 0.001 0.000 0.023 0.001 0.006 0.040 0.001 0.002 0.005 0.174 0.978 0.001 0.064 0.008 0.001 0.000 0.000 0.004 0.103 0.001 0.000 0.000 0.000 0.000 0.000 
20 crab_vis 30 0.007 0.001 0.012 0.004 0.000 0.993 0.965 0.003 0.004 0.001 0.002 0.000 0.000 0.000 0.026 0.000 0.030 0.001 0.008 0.000 0.002 0.002 0.002 0.007 0.000 0.000 0.000 0.001 0.000 0.017 0.000 0.000 0.000 0.002 0.001 0.969 0.083 0.015 0.004 0.009 0.001 0.000 0.051 0.007 0.001 0.001 0.000 0.004 0.000 0.000 0.117 0.002 0.028 0.000 0.067 0.000 0.000 0.000 
21 frog_vis 30 0.020 0.000 0.023 0.013 0.000 0.994 0.004 0.958 0.003 0.001 0.001 0.000 0.000 0.000 0.000 0.000 0.002 0.000 0.021 0.000 0.001 0.001 0.002 0.019 0.000 0.000 0.000 0.000 0.000 0.005 0.000 0.000 0.000 0.001 0.000 0.148 0.001 0.002 0.003 0.001 0.004 0.002 0.825 0.288 0.002 0.002 0.003 0.001 0.000 0.000 0.058 0.022 0.002 0.000 0.001 0.001 0.000 0.000 
22 gecko_vis 30 0.005 0.001 0.009 0.003 0.000 0.992 0.943 0.001 0.008 0.003 0.002 0.000 0.000 0.000 0.045 0.000 0.022 0.001 0.007 0.000 0.002 0.002 0.002 0.024 0.000 0.000 0.000 0.001 0.000 0.016 0.000 0.000 0.000 0.002 0.001 0.931 0.066 0.003 0.004 0.039 0.001 0.000 0.025 0.002 0.001 0.001 0.001 0.012 0.000 0.000 0.059 0.003 0.036 0.000 0.153 0.000 0.000 0.000 
23 crocodile_vis 30 0.005 0.001 0.009 0.003 0.001 0.994 0.965 0.001 0.008 0.019 0.005 0.000 0.000 0.000 0.050 0.000 0.025 0.001 0.004 0.000 0.003 0.002 0.001 0.018 0.000 0.000 0.000 0.001 0.000 0.040 0.000 0.000 0.000 0.002 0.004 0.939 0.154 0.007 0.002 0.082 0.001 0.000 0.154 0.002 0.001 0.001 0.001 0.007 0.000 0.001 0.152 0.002 0.103 0.000 0.324 0.000 0.000 0.000 
24 axe_vis 30 0.005 0.002 0.002 0.007 0.000 0.995 0.994 0.004 0.002 0.001 0.003 0.001 0.000 0.000 0.001 0.000 0.001 0.008 0.002 0.002 0.001 0.003 0.003 0.004 0.003 0.001 0.068 0.000 0.000 0.001 0.000 0.000 0.000 0.005 0.175 0.005 0.002 0.009 0.324 0.590 0.001 0.001 0.002 0.003 0.043 0.014 0.000 0.001 0.015 0.001 0.000 0.001 0.001 0.000 0.000 0.002 0.007 0.001 
25 hammer_vis 30 0.083 0.001 0.015 0.018 0.000 0.984 0.995 0.041 0.005 0.000 0.023 0.001 0.000 0.000 0.010 0.000 0.003 0.009 0.330 0.001 0.001 0.103 0.048 0.002 0.001 0.001 0.000 0.000 0.000 0.001 0.000 0.000 0.000 0.024 0.088 0.377 0.054 0.074 0.986 0.044 0.001 0.000 0.004 0.586 0.010 0.036 0.000 0.006 0.000 0.001 0.000 0.008 0.001 0.000 0.000 0.000 0.002 0.000 
26 screwdriver_vis 30 0.318 0.001 0.005 0.008 0.000 0.981 0.994 0.011 0.004 0.000 0.008 0.001 0.000 0.000 0.009 0.000 0.001 0.000 0.060 0.001 0.001 0.845 0.015 0.000 0.001 0.000 0.000 0.000 0.000 0.001 0.000 0.000 0.000 0.009 0.103 0.068 0.017 0.139 0.986 0.004 0.001 0.000 0.003 0.279 0.004 0.032 0.000 0.002 0.000 0.002 0.000 0.003 0.001 0.000 0.000 0.000 0.001 0.000 
27 chisel_vis 30 0.037 0.000 0.020 0.020 0.000 0.988 0.994 0.037 0.004 0.000 0.030 0.001 0.000 0.000 0.005 0.000 0.004 0.057 0.317 0.001 0.001 0.019 0.054 0.005 0.000 0.006 0.001 0.000 0.000 0.001 0.000 0.000 0.000 0.022 0.063 0.418 0.093 0.062 0.953 0.032 0.001 0.001 0.006 0.642 0.006 0.021 0.000 0.003 0.000 0.001 0.000 0.007 0.001 0.000 0.001 0.000 0.001 0.000 
28 saw_vis 30 0.071 0.001 0.004 0.010 0.000 0.995 0.995 0.003 0.002 0.000 0.001 0.001 0.000 0.000 0.001 0.001 0.001 0.003 0.008 0.007 0.001 0.263 0.043 0.000 0.002 0.000 0.021 0.000 0.000 0.001 0.000 0.000 0.000 0.069 0.002 0.014 0.002 0.120 0.991 0.008 0.000 0.001 0.002 0.026 0.013 0.018 0.000 0.001 0.000 0.021 0.000 0.002 0.001 0.000 0.000 0.000 0.001 0.000 
29 drill_vis 30 0.003 0.004 0.001 0.013 0.000 0.996 0.993 0.001 0.001 0.004 0.002 0.002 0.000 0.000 0.001 0.001 0.001 0.002 0.001 0.001 0.001 0.002 0.001 0.036 0.012 0.000 0.109 0.000 0.000 0.001 0.000 0.000 0.000 0.002 0.048 0.006 0.001 0.004 0.130 0.961 0.000 0.001 0.002 0.002 0.043 0.003 0.000 0.001 0.012 0.001 0.000 0.001 0.003 0.000 0.001 0.003 0.004 0.018 
30 clamp_vis 30 0.009 0.000 0.011 0.016 0.000 0.994 0.009 0.926 0.011 0.000 0.001 0.001 0.000 0.000 0.001 0.000 0.001 0.000 0.253 0.003 0.001 0.001 0.013 0.337 0.001 0.000 0.000 0.000 0.000 0.001 0.000 0.000 0.000 0.001 0.000 0.034 0.001 0.001 0.057 0.141 0.001 0.001 0.790 0.005 0.845 0.002 0.000 0.001 0.000 0.000 0.000 0.509 0.001 0.000 0.001 0.002 0.000 0.000 
31 hoe_vis 30 0.092 0.000 0.060 0.045 0.000 0.629 0.002 0.536 0.002 0.005 0.001 0.001 0.000 0.000 0.000 0.000 0.001 0.000 0.143 0.001 0.001 0.001 0.099 0.009 0.005 0.000 0.000 0.000 0.000 0.001 0.000 0.000 0.002 0.000 0.000 0.002 0.000 0.001 0.003 0.001 0.002 0.004 0.021 0.002 0.141 0.002 0.020 0.001 0.000 0.000 0.001 0.003 0.001 0.001 0.005 0.002 0.000 0.000 
32 rake_vis 30 0.012 0.000 0.013 0.012 0.000 0.995 0.005 0.974 0.008 0.000 0.001 0.001 0.000 0.000 0.001 0.000 0.002 0.000 0.190 0.001 0.001 0.001 0.005 0.215 0.000 0.000 0.000 0.000 0.000 0.002 0.000 0.000 0.000 0.001 0.000 0.116 0.001 0.001 0.012 0.037 0.002 0.001 0.951 0.024 0.341 0.003 0.000 0.001 0.000 0.000 0.000 0.398 0.001 0.000 0.001 0.002 0.000 0.000 
33 shovel_vis 30 0.012 0.000 0.013 0.013 0.000 0.995 0.007 0.963 0.011 0.000 0.001 0.001 0.000 0.000 0.001 0.000 0.001 0.000 0.254 0.001 0.001 0.001 0.006 0.346 0.000 0.000 0.000 0.000 0.000 0.002 0.000 0.000 0.000 0.001 0.000 0.127 0.001 0.001 0.020 0.062 0.002 0.001 0.932 0.020 0.359 0.003 0.000 0.001 0.000 0.000 0.000 0.477 0.001 0.000 0.001 0.001 0.000 0.000 
34 spade_vis 30 0.015 0.000 0.067 0.051 0.000 0.808 0.004 0.922 0.003 0.002 0.001 0.001 0.000 0.000 0.001 0.000 0.002 0.000 0.549 0.001 0.001 0.001 0.243 0.122 0.021 0.000 0.000 0.000 0.000 0.001 0.000 0.000 0.002 0.000 0.000 0.004 0.001 0.001 0.016 0.002 0.002 0.001 0.061 0.002 0.793 0.002 0.011 0.001 0.000 0.000 0.000 0.052 0.001 0.000 0.005 0.003 0.000 0.000 
35 wrench_vis 30 0.003 0.000 0.002 0.001 0.000 0.993 0.004 0.981 0.003 0.001 0.001 0.001 0.000 0.000 0.000 0.000 0.001 0.000 0.002 0.003 0.001 0.001 0.001 0.001 0.000 0.000 0.000 0.000 0.000 0.001 0.000 0.000 0.000 0.000 0.001 0.001 0.001 0.001 0.003 0.002 0.003 0.002 0.007 0.002 0.978 0.155 0.000 0.001 0.003 0.000 0.000 0.008 0.001 0.002 0.000 0.093 0.000 0.000 
36 accordion_vis 30 0.009 0.002 0.008 0.000 0.047 0.995 0.001 0.017 0.984 0.009 0.001 0.001 0.001 0.105 0.000 0.000 0.001 0.000 0.002 0.001 0.005 0.002 0.001 0.018 0.001 0.005 0.000 0.000 0.001 0.001 0.000 0.025 0.013 0.001 0.000 0.002 0.002 0.001 0.002 0.001 0.003 0.031 0.003 0.017 0.001 0.001 0.622 0.003 0.058 0.013 0.550 0.068 0.001 0.029 0.005 0.013 0.001 0.000 
37 cello_vis 30 0.004 0.002 0.005 0.000 0.035 0.961 0.018 0.001 0.928 0.007 0.000 0.000 0.000 0.000 0.061 0.000 0.001 0.000 0.011 0.000 0.006 0.001 0.001 0.002 0.032 0.000 0.000 0.000 0.006 0.004 0.000 0.000 0.037 0.015 0.000 0.019 0.007 0.001 0.006 0.020 0.001 0.000 0.004 0.001 0.103 0.001 0.003 0.795 0.000 0.002 0.045 0.015 0.001 0.018 0.008 0.000 0.000 0.000 
38 flute_vis 30 0.029 0.001 0.026 0.000 0.019 0.996 0.007 0.152 0.994 0.000 0.000 0.000 0.000 0.004 0.001 0.000 0.001 0.000 0.037 0.005 0.005 0.001 0.002 0.001 0.000 0.000 0.000 0.000 0.001 0.002 0.000 0.000 0.009 0.006 0.000 0.003 0.011 0.001 0.037 0.001 0.001 0.001 0.003 0.035 0.114 0.043 0.768 0.033 0.001 0.301 0.037 0.721 0.001 0.018 0.000 0.000 0.001 0.000 
39 guitar_vis 30 0.007 0.002 0.005 0.000 0.041 0.996 0.003 0.002 0.952 0.007 0.001 0.001 0.001 0.031 0.000 0.000 0.001 0.001 0.002 0.000 0.005 0.001 0.001 0.014 0.000 0.008 0.000 0.000 0.001 0.002 0.000 0.023 0.009 0.002 0.000 0.002 0.006 0.001 0.002 0.000 0.001 0.001 0.002 0.003 0.001 0.002 0.875 0.010 0.076 0.007 0.125 0.030 0.001 0.058 0.005 0.008 0.002 0.000 
40 piano_vis 30 0.007 0.002 0.007 0.000 0.053 0.995 0.043 0.006 0.920 0.012 0.001 0.001 0.001 0.023 0.001 0.001 0.001 0.001 0.002 0.001 0.009 0.002 0.001 0.005 0.001 0.002 0.000 0.000 0.001 0.003 0.001 0.009 0.004 0.003 0.001 0.008 0.050 0.005 0.003 0.002 0.002 0.019 0.008 0.018 0.001 0.001 0.054 0.013 0.011 0.011 0.906 0.013 0.001 0.007 0.005 0.007 0.005 0.000 
41 trumpet_vis 30 0.005 0.001 0.006 0.000 0.023 0.891 0.003 0.001 0.980 0.003 0.000 0.000 0.000 0.000 0.036 0.000 0.001 0.000 0.023 0.000 0.004 0.001 0.002 0.001 0.015 0.000 0.000 0.000 0.005 0.003 0.000 0.000 0.148 0.008 0.000 0.005 0.002 0.001 0.005 0.002 0.001 0.000 0.005 0.001 0.192 0.001 0.013 0.924 0.000 0.002 0.089 0.020 0.001 0.032 0.006 0.000 0.000 0.000 
42 fork_vis 30 0.002 0.003 0.001 0.001 0.001 0.996 0.907 0.001 0.001 0.026 0.002 0.001 0.000 0.000 0.001 0.028 0.001 0.004 0.001 0.000 0.001 0.001 0.000 0.002 0.000 0.000 0.003 0.000 0.000 0.005 0.001 0.000 0.000 0.001 0.087 0.003 0.039 0.017 0.002 0.028 0.000 0.000 0.002 0.001 0.001 0.002 0.000 0.001 0.023 0.001 0.000 0.001 0.112 0.000 0.002 0.001 0.003 0.002 
43 spoon_vis 30 0.009 0.003 0.012 0.001 0.001 0.996 0.001 0.003 0.006 0.967 0.000 0.007 0.004 0.000 0.000 0.000 0.001 0.000 0.001 0.001 0.001 0.001 0.000 0.000 0.000 0.000 0.000 0.000 0.000 0.001 0.000 0.000 0.002 0.000 0.000 0.001 0.000 0.001 0.001 0.001 0.001 0.004 0.002 0.001 0.003 0.001 0.004 0.000 0.003 0.005 0.002 0.001 0.001 0.903 0.001 0.018 0.004 0.002 
44 tongs_vis 30 0.005 0.000 0.008 0.003 0.000 0.930 0.386 0.364 0.002 0.001 0.001 0.000 0.000 0.000 0.001 0.000 0.007 0.000 0.010 0.001 0.001 0.001 0.014 0.001 0.001 0.000 0.000 0.000 0.000 0.001 0.000 0.000 0.000 0.003 0.000 0.087 0.001 0.006 0.081 0.180 0.001 0.002 0.057 0.002 0.829 0.002 0.000 0.044 0.000 0.001 0.000 0.002 0.001 0.000 0.001 0.001 0.000 0.001 
45 ladle_vis 30 0.002 0.001 0.001 0.012 0.000 0.996 0.001 0.029 0.001 0.991 0.000 0.006 0.001 0.000 0.000 0.000 0.001 0.000 0.000 0.000 0.001 0.001 0.000 0.001 0.001 0.000 0.000 0.000 0.000 0.001 0.000 0.000 0.000 0.000 0.001 0.001 0.000 0.001 0.001 0.001 0.001 0.127 0.002 0.000 0.013 0.001 0.000 0.000 0.001 0.001 0.000 0.001 0.002 0.041 0.003 0.724 0.002 0.034 
46 knife_vis 30 0.003 0.000 0.002 0.009 0.000 0.996 0.002 0.172 0.001 0.766 0.000 0.002 0.000 0.000 0.000 0.000 0.001 0.000 0.001 0.001 0.001 0.001 0.002 0.000 0.000 0.000 0.001 0.000 0.000 0.001 0.000 0.000 0.001 0.000 0.002 0.001 0.000 0.002 0.002 0.001 0.001 0.165 0.002 0.001 0.012 0.002 0.000 0.000 0.000 0.001 0.001 0.001 0.001 0.015 0.001 0.066 0.001 0.021 
47 chopsticks_vis 30 0.002 0.001 0.001 0.004 0.000 0.996 0.978 0.002 0.007 0.009 0.001 0.001 0.000 0.000 0.002 0.002 0.001 0.001 0.001 0.001 0.001 0.001 0.001 0.018 0.002 0.000 0.010 0.000 0.000 0.002 0.000 0.000 0.000 0.013 0.010 0.065 0.002 0.008 0.024 0.957 0.001 0.001 0.004 0.001 0.023 0.001 0.000 0.035 0.002 0.000 0.000 0.001 0.004 0.000 0.001 0.001 0.000 0.015 
