0 beaver_vis 30 0.990 0.005 0.963 0.001 0.001 0.002 0.001 0.001 0.000 0.007 0.000 0.000 0.003 0.004 0.001 0.000 0.025 0.004 0.113 0.005 0.003 0.380 0.009 0.000 0.001 0.000 0.000 0.001 0.005 0.000 0.001 0.000 0.002 0.000 0.001 0.000 0.001 0.000 0.002 0.001 0.000 0.000 0.001 0.000 0.016 0.001 0.000 0.001 0.000 0.000 0.000 0.000 0.012 0.003 0.004 0.001 0.000 0.002 
1 bear_vis 30 0.993 0.027 0.876 0.001 0.004 0.002 0.001 0.001 0.000 0.014 0.000 0.001 0.002 0.043 0.001 0.001 0.011 0.001 0.958 0.025 0.003 0.024 0.017 0.000 0.000 0.000 0.000 0.001 0.003 0.000 0.001 0.000 0.022 0.001 0.001 0.000 0.001 0.000 0.003 0.001 0.000 0.000 0.001 0.000 0.005 0.000 0.000 0.000 0.000 0.004 0.000 0.000 0.001 0.029 0.001 0.000 0.001 0.022 
2 sheep_vis 30 0.988 0.007 0.916 0.001 0.002 0.003 0.001 0.001 0.000 0.011 0.000 0.000 0.002 0.006 0.001 0.000 0.022 0.001 0.325 0.007 0.002 0.089 0.007 0.000 0.000 0.000 0.000 0.001 0.002 0.000 0.001 0.000 0.004 0.000 0.001 0.000 0.001 0.000 0.002 0.001 0.000 0.000 0.001 0.000 0.011 0.000 0.000 0.001 0.000 0.000 0.000 0.000 0.002 0.008 0.002 0.000 0.000 0.003 
3 buffalo_vis 30 0.992 0.001 0.102 0.005 0.940 0.003 0.002 0.001 0.000 0.021 0.000 0.000 0.000 0.007 0.001 0.000 0.075 0.002 0.008 0.004 0.038 0.001 0.053 0.002 0.014 0.000 0.001 0.003 0.044 0.251 0.026 0.003 0.206 0.000 0.001 0.000 0.075 0.001 0.007 0.031 0.000 0.000 0.001 0.000 0.000 0.000 0.000 0.000 0.000 0.000 0.000 0.000 0.002 0.002 0.002 0.001 0.004 0.001 
4 poodle_vis 30 0.984 0.000 0.601 0.003 0.899 0.004 0.003 0.001 0.000 0.110 0.000 0.000 0.000 0.001 0.001 0.000 0.099 0.001 0.059 0.025 0.041 0.005 0.126 0.000 0.019 0.000 0.001 0.001 0.916 0.002 0.031 0.002 0.048 0.001 0.002 0.000 0.001 0.001 0.009 0.001 0.000 0.000 0.001 0.000 0.001 0.000 0.000 0.000 0.001 0.000 0.000 0.000 0.001 0.001 0.254 0.001 0.001 0.013 
5 giraffe_vis 30 0.992 0.003 0.911 0.004 0.003 0.003 0.001 0.001 0.000 0.008 0.000 0.000 0.003 0.004 0.000 0.000 0.007 0.006 0.112 0.004 0.006 0.464 0.045 0.000 0.010 0.000 0.001 0.001 0.004 0.000 0.001 0.000 0.011 0.000 0.001 0.000 0.001 0.000 0.003 0.001 0.000 0.000 0.001 0.000 0.004 0.000 0.000 0.000 0.000 0.000 0.000 0.000 0.022 0.003 0.002 0.000 0.001 0.003 
6 robin_vis 30 0.978 0.001 0.963 0.001 0.002 0.004 0.001 0.003 0.000 0.007 0.001 0.009 0.000 0.001 0.000 0.000 0.003 0.242 0.009 0.006 0.132 0.026 0.009 0.000 0.000 0.015 0.000 0.001 0.000 0.000 0.006 0.000 0.006 0.001 0.000 0.000 0.001 0.001 0.001 0.002 0.000 0.055 0.001 0.000 0.058 0.000 0.000 0.000 0.000 0.000 0.000 0.000 0.014 0.007 0.001 0.000 0.001 0.001 
7 swan_vis 30 0.993 0.001 0.662 0.173 0.007 0.047 0.009 0.001 0.000 0.089 0.000 0.000 0.000 0.002 0.000 0.001 0.002 0.013 0.033 0.004 0.063 0.002 0.418 0.010 0.000 0.000 0.000 0.011 0.000 0.003 0.001 0.000 0.720 0.000 0.000 0.021 0.034 0.000 0.003 0.950 0.000 0.000 0.002 0.000 0.001 0.000 0.000 0.000 0.000 0.000 0.001 0.000 0.005 0.014 0.001 0.000 0.007 0.001 
8 woodpecker_vis 30 0.992 0.030 0.852 0.002 0.001 0.003 0.001 0.001 0.000 0.012 0.000 0.002 0.004 0.043 0.000 0.000 0.008 0.002 0.963 0.020 0.003 0.058 0.020 0.000 0.000 0.001 0.000 0.001 0.002 0.000 0.001 0.000 0.012 0.000 0.001 0.000 0.001 0.000 0.002 0.001 0.000 0.000 0.001 0.000 0.014 0.000 0.000 0.000 0.000 0.001 0.000 0.000 0.001 0.028 0.001 0.000 0.001 0.011 
9 peacock_vis 30 0.050 0.001 0.754 0.001 0.002 0.917 0.013 0.001 0.025 0.992 0.000 0.002 0.001 0.035 0.001 0.018 0.027 0.003 0.934 0.567 0.003 0.220 0.024 0.000 0.000 0.001 0.000 0.001 0.000 0.000 0.001 0.000 0.041 0.002 0.001 0.143 0.001 0.002 0.415 0.016 0.001 0.000 0.010 0.000 0.734 0.000 0.000 0.505 0.000 0.126 0.141 0.087 0.007 0.971 0.591 0.002 0.005 0.890 
10 crow_vis 30 0.994 0.000 0.687 0.332 0.527 0.009 0.006 0.001 0.000 0.092 0.000 0.000 0.000 0.002 0.000 0.001 0.004 0.006 0.032 0.005 0.164 0.002 0.767 0.009 0.001 0.000 0.000 0.021 0.000 0.026 0.001 0.000 0.968 0.001 0.000 0.016 0.178 0.000 0.008 0.966 0.000 0.000 0.001 0.000 0.000 0.000 0.000 0.000 0.000 0.000 0.001 0.000 0.004 0.006 0.001 0.000 0.038 0.001 
11 eagle_vis 30 0.992 0.024 0.776 0.030 0.001 0.004 0.003 0.001 0.000 0.009 0.000 0.000 0.026 0.006 0.000 0.000 0.001 0.015 0.728 0.003 0.009 0.610 0.110 0.003 0.001 0.001 0.000 0.002 0.000 0.000 0.001 0.000 0.013 0.000 0.001 0.001 0.001 0.001 0.004 0.014 0.000 0.000 0.001 0.000 0.020 0.000 0.000 0.000 0.000 0.000 0.000 0.000 0.007 0.004 0.001 0.000 0.001 0.002 
12 tuna_vis 30 0.994 0.023 0.919 0.092 0.002 0.002 0.002 0.001 0.000 0.011 0.000 0.000 0.011 0.003 0.000 0.002 0.001 0.003 0.758 0.003 0.010 0.525 0.181 0.001 0.001 0.002 0.000 0.003 0.001 0.000 0.001 0.000 0.018 0.000 0.000 0.001 0.001 0.000 0.011 0.008 0.001 0.000 0.001 0.000 0.003 0.000 0.000 0.000 0.000 0.015 0.000 0.000 0.003 0.002 0.001 0.000 0.001 0.020 
13 goldfish_vis 30 0.993 0.000 0.169 0.978 0.003 0.002 0.001 0.001 0.000 0.008 0.000 0.000 0.000 0.001 0.000 0.000 0.001 0.002 0.181 0.001 0.055 0.133 0.964 0.140 0.048 0.004 0.000 0.003 0.001 0.000 0.001 0.000 0.268 0.000 0.000 0.000 0.000 0.000 0.030 0.020 0.000 0.000 0.001 0.000 0.001 0.000 0.000 0.000 0.000 0.000 0.000 0.000 0.011 0.001 0.001 0.000 0.001 0.002 
14 salmon_vis 30 0.993 0.000 0.460 0.964 0.003 0.002 0.002 0.001 0.000 0.037 0.000 0.000 0.000 0.001 0.000 0.000 0.001 0.003 0.034 0.002 0.189 0.070 0.881 0.004 0.029 0.006 0.000 0.002 0.001 0.000 0.001 0.000 0.141 0.001 0.001 0.001 0.001 0.000 0.008 0.014 0.001 0.000 0.001 0.000 0.001 0.000 0.000 0.000 0.000 0.001 0.000 0.000 0.027 0.001 0.001 0.000 0.009 0.005 
15 sardine_vis 30 0.994 0.000 0.245 0.967 0.003 0.002 0.001 0.001 0.000 0.010 0.000 0.000 0.001 0.001 0.000 0.000 0.001 0.002 0.204 0.002 0.044 0.185 0.945 0.046 0.040 0.007 0.000 0.003 0.001 0.000 0.001 0.000 0.131 0.000 0.000 0.000 0.000 0.000 0.018 0.012 0.000 0.000 0.001 0.000 0.001 0.000 0.000 0.000 0.000 0.000 0.000 0.000 0.010 0.001 0.001 0.000 0.001 0.004 
16 catfish_vis 30 0.993 0.000 0.318 0.979 0.003 0.002 0.001 0.001 0.000 0.017 0.000 0.000 0.000 0.001 0.000 0.000 0.001 0.002 0.099 0.002 0.115 0.100 0.974 0.026 0.034 0.003 0.000 0.006 0.001 0.000 0.001 0.000 0.316 0.000 0.001 0.001 0.001 0.000 0.027 0.029 0.001 0.000 0.001 0.000 0.001 0.000 0.000 0.000 0.000 0.000 0.000 0.000 0.010 0.001 0.001 0.000 0.001 0.003 
17 cod_vis 30 0.994 0.000 0.198 0.984 0.005 0.002 0.001 0.001 0.000 0.011 0.000 0.000 0.000 0.001 0.000 0.000 0.001 0.002 0.182 0.002 0.072 0.124 0.978 0.107 0.049 0.004 0.000 0.007 0.001 0.000 0.001 0.000 0.310 0.000 0.000 0.000 0.001 0.000 0.049 0.039 0.000 0.000 0.001 0.000 0.001 0.000 0.000 0.000 0.000 0.000 0.000 0.000 0.009 0.001 0.001 0.000 0.001 0.002 
18 turtle_vis 30 0.992 0.019 0.779 0.001 0.005 0.003 0.002 0.001 0.000 0.010 0.000 0.001 0.006 0.020 0.001 0.000 0.007 0.002 0.797 0.014 0.003 0.171 0.022 0.000 0.000 0.000 0.000 0.001 0.003 0.001 0.001 0.000 0.015 0.001 0.001 0.001 0.001 0.001 0.004 0.001 0.000 0.000 0.001 0.000 0.015 0.000 0.000 0.000 0.000 0.001 0.000 0.000 0.001 0.015 0.001 0.000 0.001 0.007 
19 rattlesnake_vis 30 0.992 0.000 0.497 0.007 0.750 0.004 0.002 0.001 0.000 0.102 0.000 0.000 0.000 0.001 0.001 0.000 0.054 0.001 0.037 0.016 0.051 0.001 0.102 0.000 0.019 0.000 0.001 0.003 0.197 0.008 0.005 0.001 0.159 0.001 0.001 0.001 0.003 0.001 0.018 0.006 0.001 0.000 0.001 0.000 0.001 0.000 0.000 0.000 0.000 0.000 0.000 0.000 0.002 0.002 0.042 0.001 0.006 0.010 
20 crab_vis 30 0.993 0.001 0.182 0.660 0.052 0.003 0.001 0.001 0.000 0.018 0.000 0.000 0.000 0.011 0.000 0.000 0.003 0.002 0.201 0.005 0.046 0.014 0.768 0.113 0.008 0.001 0.000 0.002 0.002 0.001 0.001 0.001 0.662 0.000 0.000 0.000 0.001 0.000 0.014 0.029 0.000 0.000 0.001 0.000 0.001 0.000 0.000 0.000 0.000 0.000 0.000 0.000 0.005 0.011 0.001 0.000 0.001 0.003 
21 frog_vis 30 0.994 0.018 0.779 0.002 0.004 0.003 0.001 0.001 0.000 0.008 0.000 0.000 0.011 0.008 0.000 0.000 0.003 0.004 0.628 0.010 0.004 0.380 0.034 0.000 0.000 0.001 0.000 0.001 0.001 0.000 0.001 0.000 0.016 0.001 0.000 0.001 0.001 0.001 0.003 0.001 0.000 0.000 0.001 0.000 0.022 0.000 0.000 0.000 0.000 0.000 0.000 0.000 0.003 0.009 0.001 0.000 0.001 0.003 
22 gecko_vis 30 0.994 0.025 0.756 0.010 0.004 0.003 0.001 0.001 0.000 0.007 0.000 0.000 0.027 0.008 0.000 0.000 0.002 0.007 0.775 0.004 0.005 0.559 0.098 0.001 0.000 0.001 0.000 0.001 0.001 0.000 0.001 0.000 0.020 0.000 0.000 0.000 0.001 0.000 0.005 0.003 0.000 0.000 0.001 0.000 0.020 0.000 0.000 0.000 0.000 0.000 0.000 0.000 0.004 0.005 0.001 0.000 0.001 0.002 
23 crocodile_vis 30 0.994 0.014 0.971 0.002 0.005 0.005 0.002 0.001 0.000 0.034 0.000 0.000 0.001 0.003 0.001 0.018 0.004 0.002 0.692 0.054 0.005 0.077 0.021 0.000 0.000 0.002 0.000 0.002 0.001 0.000 0.001 0.000 0.023 0.003 0.000 0.004 0.001 0.001 0.009 0.001 0.001 0.000 0.001 0.000 0.003 0.000 0.000 0.000 0.000 0.031 0.000 0.001 0.001 0.011 0.005 0.000 0.002 0.074 
24 axe_vis 30 0.047 0.000 0.625 0.000 0.002 0.996 0.794 0.001 0.008 0.858 0.000 0.000 0.000 0.000 0.003 0.001 0.001 0.080 0.000 0.913 0.002 0.000 0.001 0.000 0.000 0.000 0.000 0.001 0.000 0.002 0.001 0.000 0.002 0.000 0.001 0.225 0.970 0.703 0.001 0.002 0.000 0.014 0.034 0.000 0.000 0.000 0.009 0.000 0.003 0.000 0.000 0.028 0.001 0.002 0.004 0.868 0.728 0.006 
25 hammer_vis 30 0.052 0.000 0.774 0.001 0.002 0.996 0.850 0.001 0.001 0.351 0.002 0.000 0.000 0.000 0.000 0.007 0.000 0.365 0.001 0.486 0.002 0.025 0.004 0.000 0.000 0.001 0.000 0.003 0.000 0.000 0.000 0.001 0.002 0.002 0.001 0.961 0.003 0.054 0.008 0.016 0.006 0.001 0.001 0.000 0.002 0.002 0.000 0.000 0.001 0.001 0.001 0.029 0.004 0.001 0.005 0.001 0.005 0.344 
26 screwdriver_vis 30 0.005 0.000 0.007 0.000 0.032 0.996 0.992 0.001 0.012 0.217 0.000 0.000 0.000 0.001 0.001 0.000 0.002 0.002 0.000 0.013 0.002 0.000 0.002 0.000 0.000 0.000 0.000 0.002 0.000 0.051 0.004 0.002 0.010 0.000 0.010 0.006 0.983 0.068 0.007 0.043 0.000 0.001 0.004 0.002 0.000 0.000 0.007 0.000 0.010 0.000 0.001 0.000 0.001 0.007 0.003 0.012 0.245 0.004 
27 chisel_vis 30 0.060 0.000 0.700 0.000 0.002 0.996 0.959 0.001 0.001 0.304 0.001 0.000 0.000 0.000 0.000 0.001 0.000 0.740 0.000 0.350 0.003 0.001 0.001 0.000 0.000 0.000 0.000 0.003 0.000 0.001 0.000 0.001 0.002 0.001 0.001 0.311 0.169 0.219 0.004 0.008 0.001 0.075 0.003 0.000 0.000 0.003 0.000 0.000 0.001 0.000 0.001 0.009 0.015 0.001 0.004 0.073 0.027 0.023 
28 saw_vis 30 0.009 0.000 0.055 0.000 0.001 0.996 0.954 0.001 0.000 0.418 0.000 0.000 0.000 0.001 0.000 0.000 0.000 0.199 0.001 0.024 0.003 0.027 0.011 0.001 0.000 0.000 0.000 0.002 0.000 0.000 0.000 0.000 0.003 0.000 0.001 0.057 0.009 0.003 0.004 0.833 0.000 0.001 0.003 0.000 0.002 0.000 0.000 0.000 0.000 0.000 0.001 0.000 0.096 0.028 0.005 0.001 0.002 0.008 
29 drill_vis 30 0.006 0.000 0.028 0.000 0.001 0.996 0.972 0.003 0.000 0.322 0.000 0.000 0.000 0.001 0.000 0.000 0.000 0.143 0.001 0.005 0.003 0.019 0.008 0.000 0.000 0.000 0.000 0.002 0.000 0.001 0.000 0.000 0.001 0.000 0.001 0.012 0.050 0.001 0.001 0.657 0.000 0.002 0.002 0.000 0.001 0.000 0.000 0.000 0.000 0.000 0.000 0.000 0.093 0.007 0.002 0.002 0.004 0.002 
30 clamp_vis 30 0.003 0.001 0.001 0.001 0.001 0.997 0.001 0.974 0.002 0.012 0.000 0.000 0.000 0.000 0.000 0.003 0.000 0.001 0.000 0.003 0.004 0.000 0.001 0.000 0.000 0.001 0.000 0.002 0.000 0.001 0.001 0.000 0.000 0.009 0.000 0.023 0.001 0.001 0.000 0.001 0.024 0.015 0.900 0.001 0.001 0.004 0.001 0.000 0.000 0.001 0.001 0.014 0.001 0.001 0.003 0.001 0.002 0.000 
31 hoe_vis 30 0.004 0.000 0.118 0.000 0.001 0.996 0.001 0.699 0.000 0.584 0.000 0.000 0.000 0.000 0.000 0.000 0.001 0.011 0.000 0.015 0.014 0.028 0.001 0.000 0.000 0.000 0.000 0.001 0.000 0.000 0.002 0.000 0.000 0.001 0.000 0.001 0.001 0.001 0.000 0.001 0.000 0.085 0.090 0.002 0.002 0.003 0.001 0.000 0.000 0.000 0.000 0.003 0.070 0.003 0.012 0.697 0.001 0.000 
32 rake_vis 30 0.003 0.000 0.001 0.001 0.001 0.997 0.001 0.973 0.001 0.011 0.000 0.000 0.000 0.000 0.000 0.002 0.000 0.001 0.000 0.002 0.005 0.000 0.001 0.000 0.000 0.001 0.000 0.002 0.000 0.001 0.001 0.000 0.000 0.012 0.000 0.023 0.001 0.001 0.001 0.001 0.038 0.013 0.869 0.002 0.001 0.004 0.001 0.000 0.000 0.000 0.001 0.012 0.001 0.001 0.003 0.001 0.003 0.000 
33 shovel_vis 30 0.004 0.001 0.020 0.000 0.001 0.997 0.001 0.797 0.001 0.128 0.000 0.000 0.000 0.000 0.000 0.001 0.000 0.002 0.000 0.011 0.012 0.001 0.001 0.000 0.000 0.000 0.000 0.001 0.000 0.000 0.001 0.000 0.000 0.002 0.000 0.006 0.001 0.001 0.001 0.000 0.002 0.018 0.711 0.001 0.001 0.001 0.000 0.000 0.000 0.000 0.001 0.017 0.002 0.001 0.004 0.004 0.002 0.000 
34 spade_vis 30 0.002 0.000 0.011 0.000 0.001 0.996 0.001 0.155 0.000 0.356 0.000 0.000 0.000 0.000 0.000 0.000 0.000 0.001 0.001 0.003 0.024 0.026 0.030 0.000 0.000 0.000 0.000 0.001 0.000 0.000 0.002 0.000 0.001 0.001 0.000 0.001 0.001 0.001 0.001 0.046 0.001 0.003 0.027 0.001 0.152 0.000 0.000 0.001 0.000 0.000 0.000 0.001 0.165 0.042 0.006 0.001 0.000 0.000 
35 wrench_vis 30 0.003 0.004 0.001 0.000 0.001 0.997 0.001 0.979 0.005 0.003 0.000 0.000 0.000 0.000 0.000 0.006 0.000 0.001 0.000 0.002 0.001 0.000 0.001 0.000 0.000 0.000 0.000 0.001 0.000 0.000 0.001 0.000 0.000 0.003 0.000 0.014 0.001 0.001 0.001 0.000 0.004 0.026 0.952 0.001 0.002 0.003 0.004 0.000 0.000 0.001 0.001 0.026 0.001 0.000 0.002 0.001 0.001 0.000 
36 accordion_vis 30 0.005 0.001 0.001 0.000 0.009 0.996 0.007 0.001 0.980 0.025 0.000 0.000 0.000 0.022 0.001 0.004 0.001 0.001 0.001 0.004 0.000 0.000 0.001 0.000 0.000 0.000 0.000 0.000 0.000 0.004 0.001 0.000 0.002 0.001 0.000 0.014 0.283 0.001 0.001 0.002 0.000 0.002 0.002 0.000 0.001 0.000 0.082 0.001 0.037 0.191 0.821 0.002 0.001 0.011 0.001 0.001 0.117 0.005 
37 cello_vis 30 0.005 0.007 0.001 0.000 0.001 0.996 0.016 0.001 0.990 0.002 0.000 0.000 0.000 0.000 0.001 0.602 0.000 0.001 0.000 0.013 0.000 0.000 0.001 0.000 0.000 0.001 0.000 0.001 0.000 0.001 0.000 0.000 0.000 0.145 0.000 0.071 0.002 0.011 0.001 0.001 0.001 0.657 0.061 0.000 0.001 0.013 0.290 0.002 0.012 0.129 0.760 0.974 0.000 0.002 0.001 0.001 0.005 0.002 
38 flute_vis 30 0.073 0.000 0.225 0.000 0.001 0.996 0.257 0.001 0.005 0.373 0.000 0.000 0.000 0.000 0.000 0.026 0.000 0.385 0.000 0.246 0.001 0.001 0.001 0.000 0.000 0.000 0.000 0.001 0.000 0.000 0.000 0.001 0.001 0.001 0.000 0.950 0.050 0.034 0.003 0.003 0.002 0.002 0.010 0.000 0.001 0.000 0.000 0.000 0.001 0.003 0.001 0.032 0.001 0.001 0.002 0.002 0.592 0.019 
39 guitar_vis 30 0.026 0.031 0.001 0.000 0.002 0.996 0.556 0.001 0.990 0.003 0.000 0.000 0.000 0.000 0.006 0.602 0.000 0.002 0.000 0.077 0.000 0.000 0.001 0.000 0.000 0.000 0.000 0.001 0.000 0.003 0.000 0.003 0.001 0.012 0.000 0.953 0.767 0.071 0.001 0.001 0.001 0.014 0.262 0.000 0.001 0.001 0.193 0.000 0.015 0.363 0.664 0.699 0.000 0.001 0.001 0.001 0.447 0.006 
40 piano_vis 30 0.004 0.012 0.001 0.000 0.001 0.996 0.007 0.003 0.838 0.016 0.000 0.001 0.000 0.011 0.001 0.003 0.001 0.002 0.001 0.003 0.000 0.000 0.001 0.000 0.000 0.000 0.000 0.001 0.000 0.001 0.001 0.000 0.001 0.001 0.001 0.016 0.002 0.001 0.001 0.033 0.000 0.133 0.003 0.000 0.010 0.001 0.043 0.007 0.000 0.007 0.743 0.082 0.006 0.028 0.001 0.001 0.001 0.002 
41 trumpet_vis 30 0.002 0.002 0.001 0.000 0.006 0.996 0.001 0.008 0.961 0.002 0.000 0.000 0.000 0.000 0.001 0.101 0.000 0.000 0.000 0.003 0.001 0.000 0.000 0.000 0.000 0.001 0.000 0.000 0.000 0.001 0.002 0.006 0.000 0.221 0.000 0.010 0.002 0.002 0.000 0.000 0.003 0.291 0.103 0.000 0.001 0.003 0.087 0.001 0.102 0.044 0.197 0.884 0.000 0.001 0.001 0.001 0.018 0.000 
42 fork_vis 30 0.005 0.000 0.010 0.000 0.002 0.996 0.523 0.001 0.000 0.983 0.000 0.000 0.000 0.005 0.000 0.000 0.003 0.011 0.002 0.010 0.008 0.002 0.008 0.001 0.000 0.000 0.000 0.001 0.000 0.001 0.001 0.005 0.133 0.000 0.010 0.002 0.006 0.004 0.014 0.019 0.000 0.001 0.003 0.000 0.001 0.000 0.000 0.000 0.000 0.001 0.001 0.000 0.085 0.122 0.005 0.012 0.123 0.489 
43 spoon_vis 30 0.005 0.000 0.032 0.000 0.002 0.996 0.004 0.001 0.017 0.986 0.000 0.001 0.000 0.040 0.000 0.000 0.061 0.002 0.010 0.012 0.004 0.001 0.001 0.000 0.000 0.000 0.000 0.001 0.000 0.001 0.001 0.000 0.020 0.000 0.001 0.001 0.002 0.001 0.001 0.002 0.000 0.033 0.003 0.000 0.011 0.000 0.001 0.006 0.000 0.001 0.088 0.007 0.042 0.965 0.006 0.018 0.006 0.009 
44 tongs_vis 30 0.010 0.000 0.062 0.000 0.007 0.996 0.943 0.001 0.001 0.993 0.000 0.000 0.000 0.000 0.001 0.000 0.024 0.002 0.001 0.034 0.052 0.001 0.007 0.000 0.000 0.000 0.000 0.002 0.000 0.148 0.001 0.000 0.038 0.000 0.073 0.002 0.534 0.797 0.011 0.002 0.000 0.001 0.017 0.001 0.001 0.000 0.001 0.001 0.005 0.001 0.000 0.001 0.043 0.017 0.188 0.492 0.682 0.104 
45 ladle_vis 30 0.004 0.000 0.053 0.000 0.001 0.996 0.003 0.001 0.022 0.976 0.000 0.000 0.000 0.017 0.000 0.000 0.116 0.001 0.004 0.009 0.003 0.002 0.001 0.000 0.000 0.000 0.000 0.001 0.000 0.001 0.002 0.000 0.001 0.000 0.002 0.001 0.002 0.001 0.001 0.001 0.000 0.046 0.005 0.000 0.007 0.000 0.002 0.038 0.000 0.001 0.013 0.006 0.045 0.875 0.036 0.106 0.002 0.003 
46 knife_vis 30 0.005 0.000 0.005 0.000 0.003 0.995 0.012 0.001 0.004 0.988 0.000 0.000 0.000 0.003 0.000 0.000 0.001 0.001 0.029 0.020 0.002 0.003 0.018 0.000 0.000 0.001 0.000 0.000 0.002 0.001 0.000 0.013 0.049 0.001 0.001 0.002 0.002 0.002 0.056 0.001 0.001 0.000 0.001 0.000 0.000 0.000 0.001 0.000 0.002 0.062 0.002 0.001 0.005 0.052 0.002 0.004 0.184 0.889 
47 chopsticks_vis 30 0.005 0.000 0.014 0.000 0.005 0.996 0.886 0.001 0.001 0.985 0.000 0.000 0.000 0.005 0.000 0.000 0.001 0.001 0.021 0.068 0.006 0.001 0.031 0.002 0.000 0.000 0.000 0.001 0.000 0.001 0.001 0.009 0.637 0.000 0.002 0.004 0.008 0.125 0.551 0.004 0.000 0.000 0.003 0.000 0.001 0.000 0.000 0.000 0.000 0.002 0.001 0.001 0.003 0.148 0.012 0.002 0.080 0.635 
