0 beaver_vis 30 0.003 0.354 0.001 0.000 0.001 0.479 0.002 0.023 0.970 0.028 0.002 0.039 0.041 0.137 0.014 0.001 0.003 0.001 0.153 0.002 0.000 0.002 0.001 0.000 0.000 0.003 0.000 0.000 0.001 0.001 0.002 0.000 0.000 0.006 0.003 0.001 0.001 0.001 0.044 0.001 0.002 0.002 0.003 0.000 0.978 0.001 0.003 0.975 0.000 0.134 0.810 0.363 0.001 0.335 0.038 0.001 0.000 0.003 
1 bear_vis 30 0.003 0.188 0.001 0.000 0.001 0.519 0.002 0.021 0.948 0.030 0.001 0.020 0.023 0.080 0.016 0.001 0.005 0.000 0.085 0.002 0.000 0.002 0.001 0.000 0.000 0.003 0.000 0.000 0.003 0.001 0.004 0.000 0.000 0.005 0.005 0.001 0.001 0.001 0.035 0.001 0.003 0.002 0.002 0.001 0.946 0.001 0.003 0.963 0.001 0.090 0.667 0.284 0.001 0.171 0.067 0.001 0.001 0.003 
2 sheep_vis 30 0.003 0.059 0.001 0.000 0.001 0.986 0.003 0.007 0.958 0.008 0.001 0.001 0.011 0.005 0.025 0.000 0.003 0.001 0.003 0.001 0.000 0.002 0.001 0.000 0.000 0.000 0.000 0.000 0.001 0.001 0.004 0.000 0.000 0.001 0.006 0.001 0.001 0.001 0.001 0.001 0.001 0.001 0.001 0.001 0.205 0.011 0.012 0.976 0.001 0.039 0.010 0.112 0.002 0.002 0.010 0.001 0.001 0.003 
3 buffalo_vis 30 0.947 0.871 0.004 0.000 0.069 0.017 0.003 0.001 0.006 0.005 0.000 0.011 0.050 0.470 0.520 0.000 0.257 0.001 0.002 0.001 0.001 0.000 0.001 0.000 0.001 0.000 0.000 0.001 0.015 0.272 0.015 0.000 0.001 0.000 0.003 0.001 0.007 0.001 0.001 0.002 0.000 0.001 0.001 0.000 0.001 0.000 0.184 0.004 0.001 0.000 0.002 0.000 0.001 0.002 0.002 0.002 0.001 0.001 
4 poodle_vis 30 0.036 0.681 0.003 0.000 0.004 0.011 0.002 0.003 0.583 0.003 0.001 0.017 0.066 0.128 0.073 0.001 0.026 0.000 0.145 0.001 0.000 0.001 0.001 0.000 0.000 0.001 0.000 0.000 0.023 0.001 0.022 0.000 0.001 0.004 0.003 0.001 0.001 0.001 0.002 0.001 0.000 0.001 0.001 0.000 0.832 0.001 0.002 0.593 0.001 0.004 0.265 0.014 0.001 0.035 0.009 0.001 0.001 0.002 
5 giraffe_vis 30 0.006 0.481 0.002 0.000 0.001 0.165 0.002 0.048 0.942 0.034 0.002 0.056 0.063 0.164 0.044 0.001 0.012 0.000 0.202 0.002 0.000 0.003 0.001 0.000 0.000 0.003 0.000 0.000 0.003 0.001 0.007 0.000 0.000 0.007 0.002 0.001 0.001 0.001 0.046 0.001 0.002 0.003 0.006 0.000 0.963 0.001 0.003 0.973 0.001 0.057 0.772 0.306 0.001 0.440 0.082 0.001 0.001 0.002 
6 robin_vis 30 0.006 0.000 0.281 0.000 0.001 0.996 0.008 0.003 0.006 0.948 0.000 0.000 0.000 0.000 0.001 0.000 0.025 0.001 0.001 0.020 0.001 0.244 0.001 0.000 0.000 0.000 0.000 0.001 0.001 0.001 0.001 0.000 0.000 0.000 0.007 0.001 0.001 0.018 0.001 0.001 0.001 0.001 0.001 0.001 0.011 0.034 0.001 0.828 0.004 0.001 0.000 0.002 0.041 0.001 0.174 0.333 0.006 0.057 
7 swan_vis 30 0.009 0.000 0.119 0.000 0.001 0.996 0.789 0.006 0.000 0.676 0.000 0.000 0.000 0.000 0.000 0.000 0.002 0.779 0.000 0.006 0.002 0.169 0.001 0.000 0.000 0.000 0.001 0.002 0.000 0.001 0.000 0.000 0.000 0.000 0.003 0.005 0.021 0.003 0.000 0.257 0.000 0.022 0.002 0.001 0.001 0.001 0.001 0.000 0.000 0.000 0.000 0.000 0.838 0.002 0.003 0.049 0.006 0.002 
8 woodpecker_vis 30 0.004 0.001 0.018 0.001 0.002 0.996 0.669 0.002 0.001 0.979 0.000 0.000 0.000 0.000 0.001 0.000 0.003 0.002 0.001 0.030 0.004 0.034 0.015 0.000 0.004 0.000 0.012 0.001 0.205 0.001 0.000 0.001 0.001 0.000 0.848 0.001 0.001 0.245 0.006 0.001 0.001 0.001 0.001 0.001 0.001 0.002 0.000 0.013 0.060 0.001 0.000 0.001 0.067 0.001 0.096 0.042 0.110 0.938 
9 peacock_vis 30 0.028 0.000 0.633 0.000 0.001 0.996 0.978 0.001 0.001 0.517 0.001 0.000 0.000 0.000 0.003 0.001 0.001 0.413 0.000 0.344 0.002 0.002 0.001 0.000 0.000 0.000 0.000 0.002 0.000 0.001 0.000 0.000 0.000 0.000 0.004 0.053 0.273 0.328 0.001 0.012 0.001 0.019 0.003 0.001 0.001 0.002 0.000 0.002 0.003 0.000 0.000 0.029 0.015 0.001 0.045 0.149 0.010 0.070 
10 crow_vis 30 0.007 0.000 0.029 0.000 0.001 0.996 0.987 0.002 0.001 0.829 0.000 0.000 0.000 0.000 0.000 0.000 0.001 0.067 0.000 0.005 0.003 0.006 0.004 0.000 0.000 0.000 0.000 0.001 0.000 0.002 0.001 0.000 0.000 0.000 0.009 0.003 0.839 0.006 0.001 0.078 0.000 0.001 0.002 0.001 0.001 0.001 0.001 0.000 0.001 0.000 0.000 0.000 0.090 0.001 0.004 0.166 0.193 0.002 
11 eagle_vis 30 0.005 0.064 0.010 0.000 0.001 0.919 0.155 0.002 0.163 0.144 0.001 0.008 0.042 0.052 0.003 0.001 0.001 0.003 0.015 0.006 0.001 0.014 0.002 0.000 0.000 0.000 0.001 0.001 0.002 0.001 0.000 0.000 0.000 0.000 0.040 0.001 0.002 0.004 0.004 0.001 0.000 0.001 0.001 0.001 0.005 0.001 0.003 0.228 0.001 0.114 0.003 0.001 0.014 0.002 0.007 0.004 0.003 0.212 
12 tuna_vis 30 0.006 0.001 0.027 0.001 0.001 0.994 0.053 0.005 0.001 0.936 0.000 0.000 0.000 0.000 0.001 0.000 0.002 0.001 0.005 0.009 0.003 0.069 0.014 0.000 0.001 0.000 0.001 0.003 0.009 0.001 0.001 0.000 0.001 0.000 0.035 0.002 0.001 0.006 0.014 0.003 0.002 0.000 0.002 0.002 0.003 0.002 0.000 0.041 0.001 0.001 0.000 0.001 0.047 0.002 0.080 0.003 0.002 0.479 
13 goldfish_vis 30 0.746 0.212 0.242 0.768 0.001 0.007 0.008 0.682 0.000 0.005 0.010 0.000 0.594 0.002 0.002 0.000 0.015 0.002 0.004 0.001 0.095 0.636 0.173 0.005 0.913 0.024 0.059 0.007 0.038 0.003 0.138 0.000 0.000 0.002 0.014 0.001 0.001 0.001 0.003 0.005 0.003 0.000 0.001 0.010 0.057 0.014 0.000 0.002 0.000 0.000 0.000 0.000 0.037 0.000 0.016 0.001 0.000 0.001 
14 salmon_vis 30 0.004 0.005 0.001 0.007 0.001 0.987 0.957 0.020 0.001 0.006 0.004 0.000 0.057 0.001 0.001 0.000 0.000 0.003 0.000 0.002 0.001 0.023 0.002 0.001 0.065 0.000 0.047 0.002 0.002 0.001 0.000 0.000 0.000 0.000 0.967 0.001 0.001 0.006 0.003 0.001 0.001 0.001 0.001 0.007 0.002 0.086 0.004 0.027 0.002 0.002 0.000 0.000 0.101 0.000 0.005 0.001 0.001 0.007 
15 sardine_vis 30 0.037 0.001 0.788 0.003 0.001 0.975 0.005 0.424 0.000 0.933 0.002 0.000 0.001 0.000 0.001 0.000 0.010 0.004 0.001 0.005 0.021 0.955 0.018 0.000 0.001 0.000 0.001 0.004 0.000 0.001 0.001 0.000 0.000 0.000 0.003 0.002 0.001 0.002 0.001 0.002 0.004 0.001 0.004 0.003 0.206 0.850 0.000 0.733 0.000 0.000 0.000 0.000 0.765 0.001 0.405 0.083 0.001 0.002 
16 catfish_vis 30 0.007 0.005 0.001 0.014 0.001 0.992 0.988 0.075 0.001 0.004 0.004 0.000 0.032 0.000 0.001 0.000 0.000 0.002 0.000 0.002 0.001 0.027 0.003 0.001 0.026 0.000 0.009 0.011 0.001 0.001 0.001 0.000 0.000 0.000 0.959 0.002 0.001 0.014 0.013 0.003 0.001 0.001 0.002 0.024 0.005 0.031 0.001 0.013 0.001 0.002 0.000 0.000 0.050 0.000 0.009 0.001 0.001 0.003 
17 cod_vis 30 0.025 0.001 0.670 0.005 0.001 0.987 0.016 0.018 0.000 0.965 0.000 0.000 0.000 0.000 0.001 0.000 0.007 0.004 0.001 0.003 0.022 0.798 0.046 0.000 0.001 0.000 0.000 0.005 0.000 0.001 0.001 0.000 0.001 0.000 0.006 0.002 0.001 0.001 0.005 0.015 0.002 0.001 0.004 0.002 0.010 0.469 0.001 0.336 0.000 0.001 0.000 0.000 0.660 0.005 0.198 0.088 0.001 0.016 
18 turtle_vis 30 0.005 0.039 0.001 0.000 0.001 0.991 0.016 0.003 0.934 0.016 0.001 0.001 0.009 0.004 0.046 0.000 0.003 0.001 0.002 0.003 0.001 0.001 0.001 0.000 0.000 0.000 0.000 0.001 0.004 0.001 0.002 0.000 0.000 0.001 0.019 0.001 0.001 0.003 0.002 0.001 0.001 0.001 0.002 0.002 0.098 0.008 0.015 0.967 0.002 0.023 0.004 0.052 0.002 0.001 0.021 0.001 0.001 0.009 
19 rattlesnake_vis 30 0.895 0.030 0.005 0.006 0.907 0.016 0.005 0.001 0.003 0.006 0.000 0.001 0.005 0.014 0.088 0.000 0.042 0.000 0.008 0.002 0.002 0.001 0.002 0.001 0.085 0.000 0.003 0.001 0.888 0.065 0.144 0.009 0.005 0.004 0.006 0.001 0.003 0.002 0.004 0.001 0.001 0.000 0.002 0.001 0.001 0.000 0.001 0.004 0.007 0.001 0.001 0.001 0.001 0.001 0.026 0.001 0.001 0.002 
20 crab_vis 30 0.005 0.001 0.005 0.000 0.004 0.993 0.182 0.001 0.009 0.886 0.000 0.001 0.000 0.003 0.001 0.000 0.004 0.001 0.019 0.020 0.001 0.004 0.002 0.000 0.000 0.000 0.001 0.001 0.064 0.002 0.001 0.005 0.002 0.000 0.126 0.001 0.005 0.061 0.026 0.001 0.000 0.001 0.002 0.001 0.001 0.001 0.001 0.011 0.017 0.043 0.001 0.002 0.006 0.007 0.036 0.011 0.032 0.906 
21 frog_vis 30 0.012 0.001 0.611 0.000 0.001 0.996 0.008 0.006 0.018 0.980 0.002 0.000 0.000 0.000 0.002 0.001 0.064 0.006 0.001 0.021 0.001 0.216 0.001 0.000 0.000 0.000 0.001 0.001 0.001 0.001 0.000 0.000 0.000 0.000 0.005 0.004 0.001 0.005 0.001 0.001 0.001 0.005 0.002 0.001 0.026 0.261 0.001 0.932 0.002 0.002 0.000 0.006 0.071 0.004 0.664 0.484 0.001 0.035 
22 gecko_vis 30 0.006 0.001 0.162 0.000 0.002 0.996 0.005 0.001 0.008 0.981 0.000 0.000 0.000 0.000 0.002 0.000 0.074 0.001 0.003 0.017 0.002 0.022 0.001 0.000 0.000 0.000 0.000 0.001 0.007 0.001 0.003 0.000 0.000 0.001 0.004 0.001 0.002 0.004 0.001 0.001 0.001 0.001 0.002 0.001 0.008 0.003 0.001 0.580 0.002 0.001 0.000 0.007 0.014 0.005 0.537 0.142 0.001 0.028 
23 crocodile_vis 30 0.010 0.001 0.471 0.000 0.001 0.996 0.100 0.002 0.005 0.977 0.000 0.000 0.000 0.000 0.010 0.001 0.022 0.001 0.019 0.234 0.002 0.039 0.012 0.000 0.000 0.000 0.000 0.001 0.017 0.001 0.002 0.000 0.001 0.001 0.012 0.006 0.003 0.558 0.027 0.001 0.003 0.000 0.004 0.006 0.002 0.001 0.000 0.414 0.002 0.002 0.000 0.009 0.003 0.003 0.719 0.115 0.003 0.491 
24 axe_vis 30 0.005 0.001 0.050 0.000 0.002 0.996 0.962 0.001 0.005 0.916 0.000 0.000 0.000 0.001 0.003 0.000 0.015 0.006 0.001 0.058 0.001 0.001 0.001 0.000 0.000 0.000 0.000 0.001 0.000 0.004 0.001 0.000 0.001 0.000 0.004 0.002 0.981 0.031 0.001 0.001 0.000 0.001 0.002 0.000 0.001 0.001 0.016 0.001 0.002 0.000 0.000 0.001 0.001 0.001 0.003 0.846 0.484 0.004 
25 hammer_vis 30 0.018 0.006 0.002 0.001 0.001 0.996 0.969 0.028 0.006 0.005 0.003 0.000 0.000 0.000 0.001 0.012 0.000 0.148 0.000 0.021 0.000 0.000 0.001 0.001 0.000 0.001 0.000 0.004 0.000 0.000 0.000 0.001 0.000 0.001 0.001 0.919 0.030 0.018 0.005 0.023 0.009 0.014 0.010 0.000 0.001 0.001 0.002 0.000 0.002 0.002 0.003 0.011 0.001 0.000 0.002 0.000 0.011 0.017 
26 screwdriver_vis 30 0.004 0.000 0.016 0.000 0.033 0.996 0.990 0.001 0.001 0.967 0.000 0.000 0.000 0.000 0.001 0.000 0.003 0.005 0.000 0.062 0.003 0.000 0.002 0.000 0.000 0.000 0.000 0.001 0.001 0.007 0.004 0.001 0.004 0.000 0.008 0.002 0.989 0.163 0.002 0.004 0.000 0.001 0.002 0.001 0.001 0.000 0.001 0.000 0.007 0.000 0.000 0.000 0.001 0.001 0.003 0.669 0.808 0.003 
27 chisel_vis 30 0.016 0.001 0.003 0.001 0.002 0.996 0.944 0.006 0.006 0.026 0.000 0.000 0.000 0.000 0.001 0.016 0.000 0.057 0.000 0.062 0.001 0.000 0.001 0.001 0.000 0.000 0.000 0.002 0.000 0.001 0.000 0.002 0.001 0.001 0.001 0.880 0.232 0.028 0.003 0.007 0.003 0.008 0.019 0.000 0.001 0.001 0.003 0.000 0.003 0.002 0.003 0.010 0.000 0.000 0.002 0.001 0.156 0.012 
28 saw_vis 30 0.004 0.019 0.002 0.000 0.001 0.996 0.991 0.002 0.016 0.016 0.000 0.000 0.002 0.040 0.001 0.000 0.000 0.003 0.000 0.006 0.001 0.000 0.001 0.006 0.000 0.000 0.000 0.001 0.000 0.001 0.000 0.000 0.001 0.000 0.003 0.015 0.142 0.007 0.007 0.585 0.000 0.001 0.002 0.001 0.001 0.000 0.004 0.001 0.001 0.001 0.060 0.001 0.002 0.001 0.004 0.001 0.002 0.004 
29 drill_vis 30 0.004 0.020 0.001 0.000 0.001 0.996 0.992 0.004 0.001 0.012 0.000 0.000 0.006 0.018 0.000 0.000 0.000 0.014 0.000 0.002 0.001 0.001 0.001 0.010 0.000 0.000 0.000 0.001 0.000 0.001 0.000 0.000 0.000 0.000 0.002 0.012 0.084 0.001 0.002 0.791 0.000 0.001 0.002 0.000 0.001 0.000 0.003 0.000 0.000 0.000 0.017 0.000 0.012 0.001 0.001 0.002 0.002 0.001 
30 clamp_vis 30 0.002 0.001 0.001 0.002 0.001 0.997 0.001 0.978 0.002 0.001 0.000 0.000 0.000 0.000 0.000 0.002 0.000 0.000 0.000 0.001 0.005 0.000 0.001 0.001 0.000 0.002 0.000 0.003 0.000 0.000 0.001 0.000 0.000 0.017 0.000 0.019 0.001 0.001 0.000 0.000 0.092 0.008 0.781 0.005 0.002 0.007 0.001 0.001 0.001 0.000 0.001 0.010 0.001 0.000 0.002 0.000 0.003 0.000 
31 hoe_vis 30 0.002 0.001 0.001 0.000 0.001 0.996 0.001 0.955 0.005 0.003 0.001 0.000 0.000 0.000 0.000 0.005 0.000 0.002 0.000 0.001 0.001 0.000 0.000 0.000 0.000 0.004 0.001 0.001 0.000 0.000 0.002 0.000 0.000 0.003 0.001 0.003 0.001 0.001 0.000 0.000 0.001 0.655 0.050 0.003 0.003 0.070 0.010 0.001 0.001 0.001 0.002 0.015 0.005 0.001 0.002 0.003 0.003 0.000 
32 rake_vis 30 0.002 0.001 0.001 0.002 0.001 0.997 0.001 0.977 0.002 0.001 0.000 0.000 0.000 0.000 0.000 0.002 0.000 0.000 0.000 0.001 0.006 0.000 0.001 0.001 0.000 0.001 0.000 0.003 0.000 0.001 0.001 0.000 0.000 0.018 0.000 0.018 0.001 0.001 0.000 0.000 0.074 0.011 0.815 0.005 0.002 0.006 0.001 0.001 0.001 0.000 0.001 0.009 0.001 0.000 0.002 0.001 0.003 0.000 
33 shovel_vis 30 0.002 0.001 0.001 0.001 0.001 0.996 0.001 0.980 0.003 0.001 0.000 0.000 0.000 0.000 0.000 0.002 0.000 0.001 0.000 0.001 0.002 0.000 0.000 0.000 0.000 0.001 0.000 0.001 0.000 0.000 0.001 0.000 0.000 0.007 0.000 0.012 0.001 0.001 0.000 0.000 0.016 0.021 0.863 0.002 0.002 0.006 0.001 0.001 0.000 0.001 0.001 0.012 0.001 0.000 0.002 0.001 0.002 0.000 
34 spade_vis 30 0.002 0.037 0.001 0.000 0.001 0.934 0.001 0.982 0.001 0.003 0.002 0.004 0.008 0.010 0.000 0.001 0.000 0.005 0.000 0.001 0.001 0.002 0.000 0.004 0.000 0.003 0.000 0.001 0.000 0.000 0.001 0.000 0.000 0.001 0.000 0.001 0.001 0.001 0.000 0.030 0.000 0.791 0.016 0.003 0.886 0.003 0.003 0.004 0.000 0.000 0.329 0.002 0.546 0.180 0.002 0.001 0.000 0.000 
35 wrench_vis 30 0.002 0.001 0.001 0.002 0.001 0.996 0.001 0.968 0.007 0.001 0.000 0.000 0.000 0.000 0.001 0.002 0.000 0.000 0.000 0.001 0.002 0.000 0.000 0.000 0.000 0.004 0.000 0.001 0.000 0.000 0.001 0.000 0.000 0.016 0.000 0.018 0.001 0.001 0.000 0.000 0.276 0.005 0.402 0.003 0.002 0.018 0.001 0.001 0.001 0.001 0.001 0.022 0.001 0.000 0.002 0.001 0.002 0.000 
36 accordion_vis 30 0.003 0.006 0.001 0.000 0.001 0.996 0.009 0.001 0.986 0.008 0.000 0.001 0.000 0.046 0.002 0.001 0.001 0.001 0.000 0.002 0.000 0.000 0.000 0.000 0.000 0.000 0.000 0.000 0.000 0.002 0.001 0.000 0.000 0.000 0.001 0.002 0.130 0.001 0.000 0.001 0.000 0.005 0.001 0.000 0.001 0.001 0.373 0.001 0.003 0.036 0.469 0.001 0.001 0.002 0.001 0.002 0.017 0.002 
37 cello_vis 30 0.003 0.008 0.001 0.000 0.001 0.996 0.004 0.002 0.992 0.002 0.001 0.002 0.000 0.000 0.002 0.179 0.000 0.001 0.000 0.010 0.000 0.000 0.000 0.000 0.000 0.002 0.000 0.000 0.000 0.001 0.000 0.001 0.000 0.077 0.001 0.024 0.001 0.003 0.001 0.000 0.001 0.658 0.009 0.000 0.002 0.005 0.102 0.005 0.010 0.038 0.532 0.975 0.000 0.001 0.001 0.001 0.003 0.003 
38 flute_vis 30 0.004 0.064 0.001 0.000 0.001 0.996 0.005 0.468 0.992 0.003 0.003 0.000 0.000 0.000 0.004 0.157 0.000 0.000 0.000 0.028 0.000 0.000 0.000 0.000 0.000 0.167 0.000 0.000 0.000 0.000 0.000 0.001 0.000 0.137 0.001 0.236 0.001 0.011 0.001 0.000 0.802 0.008 0.001 0.000 0.024 0.655 0.007 0.009 0.435 0.817 0.132 0.916 0.000 0.000 0.002 0.001 0.007 0.013 
39 guitar_vis 30 0.004 0.009 0.001 0.000 0.009 0.996 0.002 0.003 0.993 0.010 0.001 0.000 0.000 0.001 0.002 0.020 0.000 0.000 0.001 0.005 0.000 0.000 0.000 0.000 0.000 0.022 0.000 0.000 0.000 0.001 0.000 0.000 0.000 0.335 0.001 0.025 0.002 0.002 0.001 0.000 0.664 0.001 0.001 0.000 0.002 0.049 0.017 0.021 0.751 0.968 0.413 0.614 0.000 0.001 0.002 0.001 0.028 0.012 
40 piano_vis 30 0.003 0.006 0.001 0.000 0.001 0.996 0.006 0.001 0.985 0.005 0.000 0.001 0.000 0.043 0.001 0.001 0.001 0.001 0.000 0.001 0.000 0.000 0.000 0.000 0.000 0.000 0.000 0.000 0.000 0.001 0.001 0.000 0.000 0.000 0.001 0.002 0.006 0.001 0.000 0.003 0.000 0.013 0.001 0.000 0.002 0.001 0.058 0.004 0.001 0.012 0.918 0.005 0.001 0.006 0.001 0.001 0.001 0.001 
41 trumpet_vis 30 0.002 0.020 0.001 0.000 0.001 0.996 0.001 0.008 0.987 0.001 0.001 0.137 0.000 0.000 0.001 0.005 0.000 0.000 0.000 0.026 0.000 0.000 0.000 0.000 0.000 0.038 0.000 0.000 0.000 0.000 0.001 0.001 0.000 0.018 0.000 0.002 0.000 0.001 0.000 0.000 0.004 0.032 0.002 0.000 0.071 0.004 0.001 0.019 0.002 0.024 0.011 0.987 0.000 0.000 0.001 0.001 0.000 0.000 
42 fork_vis 30 0.004 0.000 0.010 0.000 0.001 0.996 0.317 0.001 0.001 0.974 0.000 0.000 0.000 0.003 0.000 0.000 0.012 0.024 0.000 0.007 0.004 0.001 0.002 0.000 0.000 0.000 0.000 0.001 0.000 0.002 0.001 0.000 0.002 0.000 0.015 0.001 0.165 0.002 0.001 0.019 0.000 0.005 0.001 0.000 0.001 0.000 0.021 0.000 0.002 0.000 0.000 0.000 0.069 0.014 0.003 0.558 0.670 0.006 
43 spoon_vis 30 0.004 0.000 0.027 0.000 0.002 0.996 0.003 0.001 0.004 0.957 0.000 0.000 0.000 0.007 0.000 0.000 0.044 0.002 0.001 0.005 0.002 0.007 0.001 0.000 0.000 0.000 0.000 0.000 0.000 0.001 0.001 0.000 0.001 0.000 0.005 0.001 0.003 0.001 0.000 0.001 0.000 0.026 0.001 0.000 0.007 0.000 0.002 0.006 0.001 0.000 0.003 0.001 0.148 0.639 0.006 0.090 0.010 0.004 
44 tongs_vis 30 0.004 0.000 0.038 0.000 0.012 0.996 0.012 0.002 0.021 0.993 0.000 0.000 0.000 0.000 0.001 0.000 0.010 0.001 0.000 0.015 0.022 0.001 0.002 0.000 0.000 0.000 0.000 0.001 0.001 0.020 0.001 0.000 0.009 0.001 0.004 0.001 0.166 0.028 0.001 0.000 0.001 0.001 0.002 0.001 0.001 0.004 0.004 0.005 0.398 0.048 0.001 0.002 0.015 0.005 0.124 0.351 0.857 0.131 
45 ladle_vis 30 0.003 0.000 0.095 0.000 0.001 0.996 0.002 0.001 0.013 0.969 0.000 0.000 0.000 0.001 0.001 0.000 0.302 0.001 0.001 0.007 0.001 0.004 0.001 0.000 0.000 0.000 0.000 0.000 0.001 0.001 0.003 0.000 0.000 0.000 0.003 0.001 0.001 0.001 0.000 0.001 0.000 0.025 0.001 0.000 0.002 0.001 0.010 0.413 0.001 0.000 0.000 0.002 0.033 0.040 0.045 0.815 0.002 0.003 
46 knife_vis 30 0.004 0.000 0.023 0.000 0.002 0.996 0.002 0.001 0.023 0.982 0.000 0.001 0.000 0.036 0.000 0.000 0.035 0.001 0.011 0.009 0.001 0.001 0.001 0.000 0.000 0.000 0.000 0.000 0.000 0.001 0.001 0.000 0.003 0.000 0.003 0.001 0.002 0.001 0.001 0.001 0.000 0.013 0.001 0.000 0.005 0.000 0.002 0.005 0.001 0.002 0.024 0.005 0.016 0.793 0.003 0.031 0.034 0.010 
47 chopsticks_vis 30 0.004 0.000 0.015 0.000 0.002 0.996 0.436 0.001 0.001 0.988 0.000 0.000 0.000 0.001 0.001 0.000 0.001 0.001 0.010 0.046 0.003 0.010 0.022 0.000 0.000 0.000 0.001 0.001 0.022 0.001 0.000 0.006 0.008 0.000 0.072 0.001 0.003 0.081 0.061 0.001 0.001 0.000 0.001 0.000 0.001 0.001 0.000 0.001 0.005 0.006 0.000 0.001 0.017 0.006 0.028 0.007 0.086 0.978 
