0 beaver_vis 30 0.996 0.992 0.016 0.001 0.010 0.001 0.000 0.000 0.000 0.001 0.064 0.877 0.001 0.011 0.002 0.128 0.008 0.000 0.001 0.045 0.001 0.001 0.000 0.000 0.002 0.002 0.002 0.001 0.001 0.006 0.002 0.001 0.000 0.085 0.000 0.000 0.098 0.000 0.000 0.001 0.000 0.001 0.000 0.001 0.000 0.007 0.001 0.000 0.002 0.001 0.001 0.000 0.001 0.001 0.000 0.001 0.001 0.001 
1 bear_vis 30 0.995 0.990 0.009 0.001 0.032 0.001 0.000 0.000 0.001 0.001 0.009 0.922 0.000 0.007 0.001 0.007 0.004 0.000 0.001 0.019 0.001 0.000 0.000 0.000 0.001 0.015 0.000 0.002 0.000 0.112 0.002 0.000 0.002 0.007 0.000 0.000 0.019 0.000 0.000 0.000 0.000 0.002 0.000 0.001 0.000 0.246 0.002 0.000 0.625 0.000 0.001 0.025 0.001 0.001 0.004 0.001 0.001 0.000 
2 sheep_vis 30 0.996 0.992 0.008 0.323 0.005 0.001 0.000 0.000 0.000 0.001 0.751 0.344 0.017 0.001 0.014 0.027 0.049 0.000 0.001 0.003 0.001 0.001 0.002 0.000 0.011 0.020 0.013 0.010 0.014 0.003 0.001 0.001 0.000 0.005 0.001 0.001 0.150 0.000 0.000 0.005 0.001 0.002 0.000 0.001 0.000 0.035 0.001 0.001 0.001 0.005 0.001 0.000 0.001 0.001 0.001 0.001 0.001 0.001 
3 buffalo_vis 30 0.995 0.990 0.008 0.001 0.034 0.001 0.000 0.000 0.001 0.001 0.008 0.895 0.000 0.012 0.001 0.008 0.003 0.000 0.001 0.015 0.001 0.000 0.000 0.000 0.001 0.010 0.000 0.002 0.000 0.105 0.002 0.000 0.001 0.006 0.000 0.000 0.017 0.001 0.000 0.001 0.000 0.002 0.000 0.001 0.000 0.219 0.002 0.000 0.517 0.000 0.001 0.016 0.001 0.001 0.003 0.001 0.001 0.001 
4 poodle_vis 30 0.995 0.992 0.016 0.001 0.006 0.001 0.000 0.000 0.000 0.002 0.021 0.191 0.002 0.086 0.002 0.878 0.003 0.000 0.001 0.039 0.001 0.000 0.000 0.000 0.001 0.001 0.005 0.001 0.001 0.004 0.003 0.001 0.000 0.039 0.000 0.000 0.003 0.000 0.000 0.000 0.000 0.001 0.000 0.001 0.000 0.002 0.002 0.000 0.001 0.000 0.001 0.000 0.015 0.006 0.000 0.001 0.001 0.001 
5 giraffe_vis 30 0.995 0.991 0.010 0.001 0.022 0.001 0.000 0.000 0.001 0.001 0.018 0.923 0.001 0.011 0.001 0.026 0.005 0.000 0.001 0.031 0.001 0.000 0.000 0.000 0.001 0.003 0.001 0.001 0.001 0.026 0.003 0.000 0.001 0.026 0.000 0.000 0.064 0.000 0.000 0.001 0.000 0.001 0.000 0.001 0.000 0.054 0.002 0.000 0.051 0.001 0.001 0.001 0.001 0.001 0.001 0.001 0.001 0.001 
6 robin_vis 30 0.996 0.005 0.992 0.002 0.001 0.001 0.000 0.000 0.000 0.001 0.050 0.012 0.019 0.001 0.001 0.013 0.426 0.061 0.025 0.937 0.012 0.064 0.001 0.000 0.001 0.010 0.011 0.001 0.003 0.001 0.001 0.000 0.001 0.002 0.000 0.000 0.001 0.000 0.000 0.000 0.000 0.001 0.000 0.000 0.000 0.000 0.000 0.001 0.000 0.001 0.001 0.000 0.006 0.001 0.000 0.000 0.001 0.000 
7 swan_vis 30 0.996 0.001 0.993 0.001 0.020 0.001 0.000 0.000 0.000 0.001 0.001 0.002 0.000 0.001 0.000 0.001 0.007 0.438 0.018 0.684 0.802 0.001 0.001 0.001 0.000 0.001 0.010 0.001 0.001 0.001 0.054 0.001 0.003 0.310 0.000 0.000 0.001 0.000 0.000 0.001 0.000 0.000 0.000 0.000 0.000 0.000 0.000 0.000 0.000 0.000 0.001 0.000 0.010 0.000 0.001 0.000 0.001 0.001 
8 woodpecker_vis 30 0.996 0.006 0.988 0.001 0.001 0.001 0.000 0.000 0.001 0.001 0.001 0.042 0.002 0.013 0.001 0.002 0.239 0.001 0.647 0.224 0.018 0.002 0.001 0.000 0.001 0.003 0.001 0.001 0.000 0.001 0.001 0.001 0.001 0.001 0.000 0.000 0.002 0.000 0.000 0.000 0.000 0.001 0.000 0.000 0.000 0.001 0.008 0.000 0.002 0.001 0.001 0.001 0.001 0.000 0.000 0.000 0.001 0.000 
9 peacock_vis 30 0.996 0.016 0.990 0.001 0.001 0.001 0.000 0.000 0.001 0.001 0.002 0.213 0.001 0.001 0.000 0.023 0.865 0.002 0.127 0.451 0.036 0.001 0.001 0.000 0.001 0.004 0.001 0.001 0.000 0.001 0.003 0.001 0.001 0.006 0.000 0.000 0.028 0.000 0.000 0.000 0.000 0.001 0.000 0.000 0.000 0.001 0.032 0.000 0.000 0.000 0.001 0.000 0.004 0.001 0.000 0.000 0.001 0.000 
10 crow_vis 30 0.996 0.000 0.991 0.001 0.040 0.001 0.001 0.000 0.000 0.001 0.000 0.001 0.000 0.001 0.000 0.000 0.005 0.211 0.019 0.196 0.801 0.000 0.000 0.000 0.000 0.000 0.002 0.001 0.000 0.003 0.018 0.002 0.004 0.212 0.001 0.000 0.001 0.000 0.000 0.001 0.000 0.000 0.000 0.000 0.000 0.000 0.000 0.000 0.000 0.000 0.001 0.001 0.003 0.000 0.001 0.000 0.001 0.001 
11 eagle_vis 30 0.996 0.007 0.993 0.002 0.001 0.001 0.000 0.000 0.000 0.001 0.117 0.007 0.014 0.001 0.000 0.027 0.222 0.095 0.024 0.971 0.017 0.162 0.001 0.000 0.000 0.007 0.016 0.001 0.003 0.001 0.001 0.000 0.001 0.002 0.000 0.000 0.000 0.000 0.000 0.001 0.000 0.001 0.000 0.000 0.000 0.000 0.000 0.001 0.000 0.001 0.001 0.000 0.005 0.001 0.000 0.000 0.001 0.000 
12 tuna_vis 30 0.995 0.988 0.013 0.001 0.057 0.001 0.000 0.000 0.007 0.001 0.008 0.922 0.001 0.098 0.018 0.005 0.008 0.000 0.017 0.010 0.001 0.001 0.001 0.000 0.001 0.068 0.000 0.003 0.000 0.296 0.001 0.003 0.015 0.014 0.001 0.001 0.055 0.001 0.000 0.000 0.000 0.007 0.001 0.006 0.000 0.347 0.008 0.000 0.926 0.001 0.001 0.051 0.000 0.001 0.016 0.002 0.001 0.000 
13 goldfish_vis 30 0.994 0.973 0.031 0.002 0.064 0.003 0.001 0.000 0.240 0.001 0.011 0.971 0.003 0.007 0.002 0.030 0.199 0.000 0.006 0.033 0.001 0.001 0.001 0.000 0.001 0.720 0.001 0.003 0.001 0.101 0.008 0.006 0.011 0.020 0.001 0.002 0.096 0.001 0.000 0.001 0.000 0.008 0.001 0.027 0.002 0.075 0.037 0.001 0.656 0.001 0.003 0.768 0.002 0.001 0.004 0.001 0.001 0.001 
14 salmon_vis 30 0.995 0.992 0.011 0.002 0.014 0.001 0.000 0.000 0.001 0.001 0.031 0.743 0.002 0.027 0.029 0.077 0.003 0.000 0.001 0.019 0.001 0.001 0.001 0.000 0.002 0.003 0.001 0.002 0.001 0.037 0.001 0.001 0.001 0.030 0.001 0.001 0.024 0.000 0.001 0.001 0.000 0.001 0.001 0.001 0.000 0.055 0.001 0.000 0.087 0.002 0.001 0.001 0.001 0.002 0.002 0.002 0.001 0.001 
15 sardine_vis 30 0.994 0.966 0.004 0.002 0.042 0.001 0.000 0.000 0.024 0.001 0.001 0.380 0.001 0.633 0.078 0.001 0.002 0.000 0.150 0.000 0.001 0.001 0.001 0.000 0.002 0.017 0.000 0.002 0.000 0.112 0.001 0.004 0.166 0.001 0.002 0.002 0.003 0.000 0.001 0.000 0.000 0.035 0.001 0.040 0.000 0.020 0.009 0.000 0.982 0.037 0.010 0.006 0.000 0.005 0.012 0.002 0.001 0.000 
16 catfish_vis 30 0.996 0.991 0.012 0.156 0.030 0.001 0.000 0.000 0.000 0.002 0.519 0.014 0.599 0.001 0.001 0.657 0.337 0.001 0.000 0.003 0.001 0.001 0.001 0.000 0.010 0.206 0.029 0.005 0.364 0.002 0.001 0.007 0.000 0.002 0.000 0.001 0.041 0.000 0.000 0.003 0.000 0.024 0.001 0.000 0.000 0.001 0.001 0.001 0.000 0.001 0.002 0.002 0.008 0.002 0.000 0.001 0.003 0.002 
17 cod_vis 30 0.994 0.978 0.003 0.002 0.063 0.002 0.001 0.001 0.009 0.001 0.001 0.340 0.001 0.702 0.139 0.001 0.001 0.000 0.125 0.000 0.001 0.001 0.001 0.000 0.002 0.010 0.000 0.006 0.001 0.209 0.001 0.003 0.157 0.000 0.003 0.002 0.002 0.001 0.001 0.001 0.001 0.004 0.001 0.014 0.000 0.048 0.005 0.000 0.980 0.006 0.001 0.012 0.000 0.001 0.011 0.004 0.002 0.001 
18 turtle_vis 30 0.995 0.042 0.020 0.001 0.977 0.001 0.001 0.000 0.000 0.001 0.001 0.165 0.001 0.002 0.000 0.039 0.017 0.001 0.000 0.002 0.010 0.000 0.000 0.000 0.004 0.002 0.040 0.001 0.007 0.044 0.215 0.538 0.001 0.934 0.001 0.000 0.096 0.000 0.000 0.001 0.000 0.001 0.000 0.000 0.001 0.000 0.129 0.001 0.000 0.000 0.001 0.001 0.150 0.000 0.001 0.000 0.001 0.001 
19 rattlesnake_vis 30 0.995 0.045 0.004 0.001 0.987 0.001 0.003 0.000 0.000 0.001 0.000 0.007 0.000 0.209 0.011 0.000 0.001 0.000 0.005 0.000 0.006 0.000 0.000 0.000 0.001 0.001 0.000 0.011 0.001 0.890 0.004 0.215 0.329 0.272 0.353 0.001 0.002 0.004 0.001 0.001 0.000 0.001 0.000 0.001 0.001 0.027 0.004 0.000 0.255 0.000 0.001 0.001 0.001 0.000 0.127 0.000 0.001 0.001 
20 crab_vis 30 0.995 0.014 0.013 0.001 0.990 0.003 0.002 0.000 0.001 0.001 0.001 0.019 0.000 0.005 0.000 0.007 0.004 0.000 0.001 0.001 0.054 0.000 0.000 0.000 0.001 0.002 0.001 0.007 0.004 0.755 0.567 0.014 0.009 0.020 0.001 0.001 0.012 0.006 0.000 0.001 0.000 0.006 0.001 0.001 0.036 0.001 0.097 0.000 0.001 0.000 0.001 0.390 0.294 0.000 0.011 0.000 0.001 0.001 
21 frog_vis 30 0.995 0.982 0.019 0.001 0.070 0.001 0.000 0.000 0.003 0.001 0.031 0.967 0.000 0.006 0.002 0.008 0.013 0.000 0.002 0.031 0.002 0.000 0.000 0.000 0.001 0.060 0.001 0.002 0.001 0.322 0.003 0.001 0.005 0.073 0.000 0.001 0.130 0.000 0.000 0.001 0.000 0.003 0.000 0.004 0.000 0.514 0.003 0.000 0.784 0.000 0.001 0.056 0.001 0.001 0.021 0.001 0.001 0.001 
22 gecko_vis 30 0.995 0.986 0.009 0.001 0.118 0.001 0.001 0.000 0.010 0.001 0.003 0.912 0.000 0.062 0.004 0.002 0.003 0.000 0.007 0.005 0.002 0.000 0.000 0.000 0.001 0.011 0.000 0.005 0.000 0.407 0.003 0.001 0.013 0.002 0.001 0.001 0.016 0.001 0.000 0.000 0.000 0.002 0.000 0.007 0.001 0.353 0.004 0.000 0.913 0.001 0.001 0.058 0.001 0.001 0.011 0.001 0.001 0.000 
23 crocodile_vis 30 0.995 0.990 0.012 0.001 0.031 0.001 0.000 0.000 0.001 0.001 0.018 0.938 0.000 0.006 0.001 0.017 0.005 0.000 0.001 0.026 0.001 0.000 0.000 0.000 0.001 0.012 0.001 0.001 0.001 0.110 0.002 0.000 0.001 0.023 0.000 0.000 0.040 0.000 0.000 0.001 0.000 0.002 0.000 0.001 0.000 0.252 0.001 0.000 0.539 0.000 0.001 0.013 0.001 0.001 0.005 0.001 0.001 0.001 
24 axe_vis 30 0.005 0.000 0.010 0.001 0.004 0.994 0.901 0.002 0.005 0.013 0.003 0.001 0.000 0.000 0.001 0.000 0.001 0.003 0.000 0.001 0.004 0.000 0.000 0.000 0.001 0.000 0.001 0.001 0.001 0.025 0.001 0.001 0.000 0.028 0.629 0.001 0.408 0.440 0.001 0.003 0.000 0.098 0.001 0.001 0.000 0.010 0.003 0.000 0.030 0.001 0.001 0.001 0.001 0.001 0.003 0.001 0.048 0.001 
25 hammer_vis 30 0.004 0.000 0.010 0.001 0.013 0.994 0.989 0.002 0.038 0.007 0.000 0.001 0.000 0.000 0.001 0.000 0.001 0.000 0.000 0.000 0.011 0.000 0.000 0.000 0.001 0.000 0.000 0.003 0.001 0.016 0.012 0.001 0.002 0.000 0.002 0.051 0.107 0.968 0.002 0.032 0.001 0.000 0.001 0.022 0.000 0.000 0.000 0.001 0.034 0.000 0.001 0.033 0.001 0.000 0.001 0.000 0.008 0.002 
26 screwdriver_vis 30 0.004 0.000 0.003 0.001 0.009 0.994 0.989 0.005 0.089 0.038 0.000 0.006 0.000 0.000 0.000 0.000 0.001 0.000 0.000 0.000 0.007 0.000 0.000 0.000 0.001 0.000 0.000 0.002 0.001 0.150 0.003 0.000 0.000 0.001 0.057 0.016 0.987 0.585 0.001 0.004 0.000 0.027 0.001 0.004 0.000 0.003 0.006 0.000 0.259 0.002 0.001 0.002 0.001 0.000 0.029 0.000 0.255 0.001 
27 chisel_vis 30 0.004 0.000 0.008 0.001 0.014 0.994 0.987 0.009 0.095 0.011 0.000 0.001 0.000 0.000 0.001 0.000 0.001 0.000 0.000 0.000 0.014 0.000 0.000 0.000 0.001 0.000 0.000 0.003 0.001 0.124 0.014 0.000 0.000 0.000 0.005 0.017 0.303 0.990 0.001 0.062 0.001 0.001 0.001 0.044 0.000 0.002 0.001 0.000 0.080 0.000 0.001 0.127 0.001 0.000 0.001 0.000 0.057 0.001 
28 saw_vis 30 0.003 0.000 0.006 0.001 0.004 0.993 0.987 0.000 0.001 0.017 0.000 0.008 0.000 0.000 0.000 0.000 0.001 0.001 0.000 0.001 0.004 0.000 0.000 0.001 0.001 0.000 0.000 0.002 0.001 0.002 0.012 0.001 0.000 0.002 0.001 0.008 0.945 0.081 0.045 0.163 0.000 0.000 0.001 0.010 0.000 0.000 0.000 0.001 0.001 0.000 0.023 0.001 0.000 0.000 0.001 0.000 0.010 0.001 
29 drill_vis 30 0.003 0.000 0.032 0.001 0.007 0.994 0.991 0.001 0.003 0.009 0.004 0.001 0.000 0.000 0.000 0.000 0.001 0.003 0.000 0.014 0.011 0.000 0.000 0.003 0.001 0.000 0.000 0.002 0.006 0.002 0.181 0.000 0.000 0.001 0.001 0.003 0.070 0.166 0.035 0.910 0.000 0.001 0.001 0.007 0.000 0.000 0.000 0.001 0.000 0.001 0.110 0.001 0.001 0.000 0.000 0.000 0.108 0.002 
30 clamp_vis 30 0.004 0.000 0.001 0.007 0.001 0.995 0.763 0.791 0.000 0.003 0.000 0.001 0.000 0.000 0.001 0.000 0.001 0.000 0.000 0.000 0.001 0.000 0.002 0.028 0.001 0.001 0.000 0.010 0.000 0.004 0.000 0.001 0.010 0.000 0.002 0.024 0.038 0.216 0.002 0.001 0.156 0.001 0.022 0.010 0.001 0.005 0.000 0.001 0.001 0.000 0.000 0.001 0.001 0.000 0.046 0.001 0.001 0.001 
31 hoe_vis 30 0.004 0.001 0.001 0.001 0.001 0.994 0.011 0.990 0.018 0.003 0.000 0.184 0.000 0.000 0.001 0.000 0.002 0.000 0.001 0.000 0.001 0.000 0.001 0.000 0.001 0.001 0.000 0.003 0.000 0.005 0.001 0.000 0.000 0.000 0.002 0.003 0.783 0.004 0.000 0.001 0.008 0.017 0.009 0.958 0.000 0.015 0.003 0.000 0.027 0.011 0.004 0.003 0.001 0.001 0.003 0.004 0.002 0.001 
32 rake_vis 30 0.003 0.000 0.001 0.013 0.001 0.995 0.001 0.972 0.001 0.125 0.000 0.006 0.000 0.001 0.003 0.000 0.001 0.000 0.013 0.000 0.001 0.000 0.006 0.002 0.003 0.005 0.000 0.004 0.000 0.003 0.000 0.000 0.006 0.000 0.001 0.013 0.002 0.001 0.012 0.000 0.195 0.010 0.986 0.235 0.002 0.009 0.001 0.003 0.002 0.001 0.001 0.002 0.001 0.001 0.942 0.061 0.001 0.001 
33 shovel_vis 30 0.004 0.000 0.001 0.001 0.001 0.995 0.953 0.974 0.001 0.002 0.000 0.001 0.000 0.000 0.001 0.000 0.001 0.000 0.001 0.000 0.006 0.000 0.001 0.002 0.001 0.000 0.000 0.034 0.000 0.017 0.004 0.000 0.004 0.000 0.007 0.003 0.266 0.934 0.001 0.018 0.015 0.001 0.004 0.544 0.003 0.027 0.001 0.000 0.002 0.000 0.001 0.005 0.001 0.001 0.007 0.001 0.001 0.001 
34 spade_vis 30 0.003 0.000 0.001 0.002 0.001 0.994 0.003 0.993 0.003 0.002 0.000 0.007 0.000 0.001 0.001 0.000 0.001 0.000 0.001 0.000 0.001 0.000 0.001 0.000 0.001 0.003 0.000 0.007 0.000 0.003 0.000 0.000 0.001 0.000 0.001 0.001 0.004 0.072 0.000 0.001 0.038 0.004 0.031 0.969 0.002 0.063 0.001 0.000 0.017 0.001 0.002 0.010 0.001 0.001 0.002 0.003 0.001 0.000 
35 wrench_vis 30 0.004 0.001 0.001 0.004 0.001 0.994 0.001 0.901 0.002 0.652 0.001 0.001 0.000 0.004 0.003 0.000 0.002 0.000 0.035 0.001 0.001 0.000 0.056 0.000 0.002 0.003 0.003 0.003 0.000 0.005 0.000 0.000 0.004 0.000 0.002 0.002 0.001 0.001 0.000 0.000 0.053 0.015 0.020 0.002 0.009 0.103 0.002 0.001 0.003 0.002 0.001 0.002 0.003 0.001 0.536 0.431 0.001 0.001 
36 accordion_vis 30 0.006 0.066 0.003 0.001 0.001 0.992 0.001 0.015 0.990 0.004 0.001 0.031 0.034 0.078 0.004 0.001 0.051 0.000 0.041 0.000 0.001 0.000 0.000 0.000 0.028 0.001 0.001 0.001 0.001 0.005 0.002 0.015 0.000 0.000 0.015 0.001 0.100 0.015 0.001 0.001 0.000 0.003 0.001 0.002 0.003 0.046 0.968 0.008 0.039 0.006 0.004 0.021 0.007 0.002 0.000 0.004 0.006 0.001 
37 cello_vis 30 0.031 0.221 0.016 0.001 0.001 0.986 0.001 0.003 0.965 0.002 0.024 0.282 0.025 0.001 0.000 0.062 0.623 0.000 0.000 0.008 0.001 0.000 0.000 0.000 0.003 0.001 0.003 0.001 0.003 0.002 0.045 0.001 0.000 0.000 0.000 0.001 0.574 0.002 0.000 0.005 0.001 0.002 0.035 0.001 0.000 0.014 0.677 0.790 0.001 0.001 0.005 0.021 0.012 0.001 0.000 0.001 0.032 0.001 
38 flute_vis 30 0.006 0.045 0.004 0.001 0.001 0.991 0.005 0.053 0.955 0.007 0.001 0.021 0.001 0.019 0.056 0.000 0.003 0.000 0.027 0.000 0.001 0.001 0.001 0.000 0.001 0.001 0.000 0.001 0.001 0.068 0.001 0.001 0.001 0.000 0.039 0.002 0.031 0.339 0.001 0.001 0.009 0.001 0.001 0.002 0.001 0.733 0.107 0.001 0.944 0.005 0.001 0.087 0.001 0.001 0.001 0.517 0.002 0.001 
39 guitar_vis 30 0.007 0.130 0.004 0.001 0.001 0.988 0.002 0.005 0.965 0.006 0.001 0.021 0.006 0.036 0.028 0.001 0.013 0.000 0.014 0.000 0.001 0.001 0.000 0.000 0.020 0.000 0.001 0.001 0.001 0.007 0.001 0.004 0.000 0.000 0.004 0.001 0.205 0.009 0.001 0.002 0.001 0.001 0.002 0.001 0.000 0.051 0.558 0.025 0.024 0.017 0.002 0.001 0.001 0.002 0.001 0.015 0.044 0.001 
40 piano_vis 30 0.007 0.006 0.016 0.001 0.001 0.993 0.035 0.013 0.983 0.002 0.009 0.018 0.002 0.001 0.000 0.053 0.036 0.000 0.000 0.160 0.001 0.000 0.000 0.001 0.001 0.001 0.000 0.001 0.039 0.001 0.720 0.000 0.000 0.000 0.000 0.001 0.054 0.013 0.001 0.749 0.000 0.009 0.001 0.617 0.000 0.001 0.017 0.008 0.001 0.002 0.988 0.268 0.037 0.024 0.000 0.001 0.032 0.001 
41 trumpet_vis 30 0.009 0.054 0.008 0.001 0.001 0.991 0.001 0.009 0.987 0.002 0.002 0.084 0.007 0.002 0.000 0.003 0.060 0.000 0.004 0.002 0.001 0.000 0.000 0.000 0.001 0.003 0.000 0.001 0.001 0.002 0.019 0.003 0.000 0.000 0.000 0.001 0.011 0.111 0.000 0.006 0.006 0.001 0.496 0.001 0.001 0.002 0.320 0.846 0.030 0.001 0.020 0.767 0.005 0.001 0.000 0.003 0.002 0.001 
42 fork_vis 30 0.060 0.001 0.013 0.001 0.218 0.994 0.009 0.000 0.001 0.992 0.001 0.000 0.001 0.000 0.000 0.721 0.008 0.001 0.000 0.001 0.466 0.000 0.000 0.000 0.004 0.000 0.067 0.001 0.134 0.004 0.863 0.001 0.000 0.003 0.001 0.001 0.438 0.171 0.000 0.022 0.000 0.691 0.002 0.001 0.001 0.000 0.067 0.001 0.000 0.000 0.005 0.001 0.972 0.019 0.002 0.001 0.895 0.009 
43 spoon_vis 30 0.003 0.007 0.004 0.001 0.001 0.994 0.001 0.082 0.014 0.956 0.002 0.001 0.000 0.014 0.003 0.001 0.001 0.000 0.044 0.002 0.001 0.002 0.004 0.000 0.001 0.001 0.001 0.001 0.001 0.003 0.001 0.000 0.023 0.000 0.002 0.001 0.001 0.003 0.001 0.001 0.000 0.176 0.001 0.011 0.001 0.003 0.010 0.000 0.145 0.002 0.002 0.001 0.031 0.878 0.071 0.402 0.005 0.001 
44 tongs_vis 30 0.004 0.000 0.010 0.001 0.021 0.995 0.005 0.000 0.000 0.994 0.002 0.000 0.000 0.000 0.002 0.000 0.001 0.006 0.001 0.000 0.018 0.001 0.001 0.000 0.001 0.000 0.002 0.001 0.002 0.016 0.001 0.005 0.041 0.012 0.010 0.010 0.001 0.071 0.000 0.001 0.002 0.001 0.001 0.000 0.000 0.001 0.000 0.001 0.001 0.000 0.000 0.001 0.058 0.001 0.930 0.092 0.004 0.057 
45 ladle_vis 30 0.004 0.048 0.006 0.001 0.001 0.994 0.001 0.002 0.009 0.984 0.002 0.001 0.001 0.021 0.019 0.001 0.001 0.000 0.017 0.001 0.001 0.002 0.001 0.000 0.001 0.000 0.000 0.001 0.001 0.008 0.001 0.000 0.001 0.000 0.001 0.001 0.001 0.035 0.000 0.001 0.003 0.002 0.001 0.001 0.000 0.024 0.005 0.001 0.114 0.001 0.001 0.005 0.006 0.006 0.028 0.975 0.003 0.002 
46 knife_vis 30 0.006 0.002 0.005 0.001 0.002 0.994 0.001 0.001 0.002 0.987 0.001 0.000 0.000 0.008 0.001 0.001 0.001 0.000 0.001 0.000 0.003 0.000 0.000 0.000 0.001 0.000 0.004 0.001 0.001 0.003 0.001 0.004 0.000 0.001 0.001 0.001 0.004 0.025 0.001 0.002 0.000 0.025 0.007 0.001 0.000 0.001 0.141 0.001 0.001 0.001 0.001 0.001 0.031 0.004 0.003 0.002 0.685 0.006 
47 chopsticks_vis 30 0.007 0.001 0.012 0.001 0.118 0.995 0.002 0.000 0.001 0.993 0.004 0.000 0.001 0.001 0.001 0.001 0.001 0.002 0.008 0.000 0.075 0.000 0.000 0.000 0.001 0.000 0.013 0.001 0.007 0.007 0.035 0.004 0.021 0.010 0.001 0.001 0.001 0.030 0.000 0.005 0.000 0.001 0.001 0.000 0.024 0.000 0.018 0.004 0.000 0.000 0.001 0.004 0.833 0.001 0.319 0.003 0.012 0.067 
