0 beaver_vis 30 0.005 0.108 0.014 0.000 0.001 0.922 0.001 0.000 0.971 0.682 0.053 0.847 0.000 0.000 0.001 0.181 0.610 0.202 0.003 0.293 0.001 0.000 0.000 0.001 0.000 0.002 0.000 0.000 0.028 0.002 0.000 0.002 0.007 0.000 0.020 0.002 0.000 0.016 0.000 0.000 0.000 0.004 0.000 0.001 0.000 0.426 0.770 0.786 0.038 0.915 0.150 0.075 0.208 0.051 0.008 0.614 0.002 0.138 
1 bear_vis 30 0.008 0.023 0.001 0.000 0.001 0.915 0.003 0.007 0.905 0.001 0.132 0.114 0.002 0.000 0.022 0.002 0.033 0.001 0.032 0.194 0.000 0.000 0.000 0.394 0.001 0.000 0.000 0.000 0.433 0.006 0.001 0.000 0.001 0.000 0.001 0.001 0.022 0.086 0.000 0.000 0.000 0.168 0.000 0.233 0.000 0.571 0.103 0.770 0.000 0.045 0.881 0.039 0.000 0.000 0.000 0.109 0.000 0.000 
2 sheep_vis 30 0.269 0.077 0.007 0.000 0.001 0.820 0.001 0.000 0.495 0.004 0.188 0.278 0.000 0.000 0.013 0.006 0.132 0.009 0.032 0.623 0.000 0.000 0.000 0.029 0.000 0.000 0.000 0.000 0.089 0.002 0.000 0.000 0.001 0.000 0.001 0.001 0.000 0.011 0.000 0.000 0.000 0.018 0.000 0.001 0.000 0.513 0.147 0.609 0.000 0.099 0.221 0.011 0.001 0.002 0.000 0.189 0.000 0.001 
3 buffalo_vis 30 0.821 0.659 0.030 0.000 0.001 0.204 0.001 0.000 0.917 0.049 0.488 0.521 0.000 0.000 0.016 0.365 0.140 0.128 0.002 0.577 0.000 0.000 0.000 0.002 0.000 0.001 0.000 0.000 0.287 0.001 0.000 0.000 0.004 0.000 0.000 0.001 0.000 0.004 0.000 0.000 0.000 0.000 0.000 0.000 0.000 0.121 0.161 0.845 0.002 0.375 0.051 0.011 0.004 0.004 0.001 0.099 0.000 0.029 
4 poodle_vis 30 0.288 0.026 0.021 0.000 0.002 0.875 0.001 0.000 0.969 0.204 0.005 0.302 0.000 0.000 0.000 0.825 0.023 0.205 0.000 0.095 0.002 0.000 0.000 0.000 0.000 0.021 0.000 0.000 0.006 0.001 0.000 0.054 0.140 0.000 0.003 0.001 0.000 0.016 0.000 0.000 0.000 0.000 0.000 0.000 0.000 0.013 0.074 0.170 0.649 0.871 0.001 0.281 0.071 0.024 0.036 0.018 0.006 0.754 
5 giraffe_vis 30 0.489 0.777 0.014 0.000 0.001 0.302 0.001 0.000 0.984 0.039 0.794 0.944 0.000 0.000 0.024 0.429 0.306 0.119 0.003 0.840 0.000 0.000 0.000 0.004 0.000 0.000 0.000 0.000 0.364 0.001 0.000 0.000 0.002 0.000 0.001 0.001 0.000 0.006 0.000 0.000 0.000 0.001 0.000 0.000 0.000 0.393 0.447 0.967 0.000 0.817 0.260 0.012 0.003 0.002 0.000 0.289 0.000 0.007 
6 robin_vis 30 0.002 0.003 0.005 0.000 0.001 0.991 0.001 0.000 0.990 0.058 0.042 0.571 0.000 0.000 0.000 0.029 0.054 0.021 0.001 0.620 0.000 0.000 0.000 0.004 0.000 0.000 0.000 0.000 0.207 0.000 0.000 0.000 0.001 0.000 0.001 0.001 0.000 0.040 0.000 0.000 0.000 0.001 0.000 0.002 0.000 0.617 0.352 0.977 0.000 0.791 0.208 0.334 0.002 0.004 0.001 0.176 0.000 0.007 
7 swan_vis 30 0.002 0.004 0.007 0.000 0.001 0.990 0.001 0.000 0.990 0.069 0.018 0.502 0.000 0.000 0.000 0.085 0.035 0.028 0.000 0.398 0.000 0.000 0.000 0.001 0.000 0.000 0.000 0.000 0.097 0.000 0.000 0.000 0.002 0.000 0.001 0.001 0.000 0.042 0.000 0.000 0.000 0.000 0.000 0.001 0.000 0.328 0.310 0.939 0.003 0.869 0.053 0.353 0.007 0.005 0.002 0.100 0.000 0.030 
8 woodpecker_vis 30 0.358 0.000 0.923 0.000 0.001 0.983 0.001 0.229 0.001 0.868 0.002 0.038 0.000 0.000 0.000 0.000 0.221 0.339 0.134 0.420 0.012 0.005 0.000 0.016 0.000 0.018 0.000 0.000 0.000 0.000 0.000 0.000 0.000 0.000 0.000 0.001 0.000 0.004 0.000 0.000 0.000 0.038 0.116 0.006 0.000 0.382 0.001 0.034 0.000 0.001 0.003 0.005 0.001 0.101 0.323 0.236 0.019 0.064 
9 peacock_vis 30 0.118 0.000 0.132 0.001 0.001 0.945 0.001 0.005 0.001 0.715 0.000 0.004 0.000 0.000 0.000 0.000 0.004 0.056 0.002 0.021 0.031 0.011 0.000 0.000 0.000 0.015 0.000 0.000 0.000 0.000 0.000 0.038 0.001 0.000 0.002 0.001 0.000 0.015 0.000 0.000 0.000 0.000 0.011 0.000 0.020 0.007 0.004 0.001 0.003 0.008 0.000 0.003 0.191 0.052 0.099 0.005 0.329 0.242 
10 crow_vis 30 0.002 0.003 0.003 0.000 0.001 0.989 0.001 0.000 0.991 0.038 0.024 0.468 0.000 0.000 0.000 0.041 0.021 0.018 0.000 0.556 0.000 0.000 0.000 0.005 0.000 0.000 0.000 0.000 0.243 0.001 0.000 0.000 0.001 0.000 0.001 0.001 0.000 0.047 0.000 0.000 0.000 0.001 0.000 0.002 0.000 0.554 0.293 0.976 0.001 0.735 0.223 0.373 0.003 0.003 0.001 0.111 0.000 0.017 
11 eagle_vis 30 0.004 0.001 0.003 0.000 0.001 0.990 0.001 0.000 0.988 0.858 0.000 0.241 0.000 0.000 0.000 0.894 0.003 0.189 0.000 0.078 0.002 0.000 0.000 0.000 0.000 0.042 0.000 0.000 0.002 0.000 0.000 0.214 0.282 0.000 0.004 0.067 0.000 0.039 0.001 0.000 0.000 0.000 0.000 0.000 0.000 0.007 0.044 0.188 0.956 0.975 0.000 0.890 0.210 0.010 0.282 0.005 0.030 0.975 
12 tuna_vis 30 0.166 0.000 0.001 0.098 0.007 0.951 0.002 0.070 0.574 0.308 0.000 0.011 0.000 0.000 0.000 0.231 0.000 0.035 0.000 0.055 0.004 0.001 0.073 0.003 0.000 0.200 0.034 0.002 0.001 0.000 0.001 0.137 0.272 0.003 0.000 0.448 0.000 0.040 0.000 0.000 0.031 0.000 0.002 0.032 0.002 0.004 0.001 0.033 0.601 0.373 0.000 0.780 0.015 0.002 0.505 0.001 0.014 0.611 
13 goldfish_vis 30 0.952 0.021 0.000 0.020 0.955 0.052 0.111 0.000 0.005 0.000 0.190 0.000 0.008 0.000 0.387 0.000 0.000 0.000 0.000 0.002 0.000 0.000 0.171 0.721 0.009 0.000 0.000 0.000 0.892 0.389 0.946 0.000 0.096 0.025 0.001 0.002 0.567 0.056 0.000 0.004 0.000 0.004 0.000 0.035 0.000 0.001 0.000 0.021 0.000 0.000 0.515 0.005 0.000 0.000 0.000 0.000 0.000 0.000 
14 salmon_vis 30 0.939 0.557 0.144 0.104 0.001 0.055 0.001 0.094 0.000 0.002 0.011 0.003 0.044 0.002 0.001 0.000 0.016 0.001 0.041 0.003 0.001 0.009 0.001 0.009 0.011 0.001 0.001 0.024 0.003 0.001 0.000 0.000 0.001 0.000 0.000 0.001 0.000 0.006 0.000 0.000 0.004 0.021 0.063 0.005 0.001 0.014 0.001 0.001 0.000 0.000 0.005 0.001 0.000 0.002 0.002 0.007 0.000 0.000 
15 sardine_vis 30 0.007 0.000 0.000 0.000 0.041 0.983 0.930 0.006 0.792 0.000 0.015 0.000 0.000 0.000 0.001 0.000 0.000 0.000 0.001 0.011 0.000 0.000 0.019 0.671 0.001 0.001 0.000 0.000 0.598 0.089 0.158 0.000 0.006 0.001 0.004 0.030 0.885 0.239 0.000 0.011 0.006 0.255 0.000 0.718 0.000 0.151 0.002 0.325 0.000 0.000 0.813 0.071 0.000 0.000 0.000 0.005 0.000 0.000 
16 catfish_vis 30 0.004 0.000 0.000 0.000 0.170 0.994 0.955 0.005 0.729 0.000 0.006 0.000 0.000 0.000 0.001 0.000 0.000 0.000 0.000 0.007 0.000 0.000 0.063 0.481 0.001 0.000 0.000 0.000 0.471 0.094 0.248 0.001 0.017 0.002 0.007 0.132 0.933 0.266 0.002 0.074 0.022 0.092 0.000 0.702 0.000 0.064 0.001 0.176 0.002 0.000 0.663 0.158 0.000 0.000 0.000 0.003 0.000 0.000 
17 cod_vis 30 0.018 0.000 0.001 0.667 0.001 0.991 0.133 0.969 0.000 0.002 0.000 0.000 0.000 0.000 0.000 0.000 0.000 0.000 0.001 0.001 0.004 0.000 0.447 0.028 0.003 0.043 0.214 0.018 0.001 0.000 0.001 0.003 0.002 0.002 0.000 0.694 0.000 0.124 0.000 0.104 0.925 0.036 0.513 0.684 0.116 0.013 0.000 0.000 0.000 0.000 0.000 0.025 0.000 0.001 0.196 0.001 0.009 0.000 
18 turtle_vis 30 0.002 0.000 0.000 0.000 0.003 0.994 0.182 0.000 0.990 0.008 0.009 0.039 0.000 0.000 0.000 0.005 0.001 0.001 0.000 0.071 0.000 0.000 0.000 0.119 0.000 0.000 0.000 0.000 0.400 0.014 0.001 0.000 0.003 0.000 0.003 0.001 0.328 0.140 0.000 0.000 0.000 0.014 0.000 0.132 0.000 0.205 0.043 0.713 0.001 0.073 0.627 0.155 0.003 0.001 0.000 0.018 0.000 0.004 
19 rattlesnake_vis 30 0.007 0.001 0.000 0.000 0.007 0.988 0.184 0.000 0.982 0.003 0.001 0.012 0.000 0.000 0.000 0.033 0.000 0.001 0.000 0.029 0.000 0.000 0.001 0.003 0.000 0.003 0.000 0.000 0.060 0.003 0.000 0.004 0.119 0.000 0.004 0.183 0.017 0.105 0.001 0.000 0.000 0.000 0.000 0.020 0.000 0.017 0.007 0.220 0.177 0.077 0.009 0.629 0.005 0.000 0.005 0.002 0.000 0.012 
20 crab_vis 30 0.033 0.007 0.003 0.000 0.054 0.969 0.526 0.000 0.877 0.004 0.001 0.014 0.000 0.000 0.000 0.074 0.001 0.005 0.000 0.027 0.000 0.000 0.011 0.003 0.000 0.012 0.001 0.000 0.031 0.005 0.001 0.027 0.281 0.001 0.005 0.599 0.102 0.114 0.019 0.000 0.001 0.000 0.000 0.056 0.001 0.006 0.002 0.081 0.459 0.113 0.001 0.756 0.004 0.000 0.016 0.001 0.001 0.054 
21 frog_vis 30 0.061 0.003 0.000 0.000 0.190 0.948 0.687 0.001 0.623 0.000 0.003 0.001 0.000 0.000 0.001 0.018 0.000 0.000 0.000 0.011 0.000 0.000 0.039 0.013 0.000 0.004 0.001 0.000 0.074 0.019 0.013 0.009 0.179 0.005 0.008 0.569 0.381 0.151 0.034 0.007 0.005 0.001 0.000 0.129 0.001 0.005 0.001 0.051 0.103 0.016 0.008 0.541 0.001 0.000 0.003 0.001 0.000 0.003 
22 gecko_vis 30 0.095 0.024 0.002 0.000 0.002 0.943 0.001 0.000 0.947 0.468 0.001 0.107 0.000 0.000 0.000 0.898 0.000 0.118 0.000 0.101 0.002 0.000 0.000 0.000 0.000 0.099 0.000 0.000 0.004 0.000 0.000 0.267 0.571 0.000 0.002 0.230 0.000 0.035 0.001 0.000 0.000 0.000 0.000 0.000 0.000 0.003 0.007 0.187 0.923 0.900 0.000 0.897 0.068 0.002 0.341 0.001 0.012 0.910 
23 crocodile_vis 30 0.038 0.021 0.001 0.000 0.003 0.959 0.035 0.004 0.237 0.083 0.001 0.012 0.000 0.000 0.000 0.013 0.002 0.002 0.000 0.006 0.000 0.000 0.000 0.021 0.000 0.000 0.000 0.000 0.045 0.005 0.001 0.001 0.001 0.000 0.002 0.001 0.033 0.066 0.000 0.000 0.000 0.007 0.000 0.013 0.000 0.055 0.004 0.047 0.001 0.012 0.078 0.006 0.003 0.001 0.000 0.019 0.001 0.002 
24 axe_vis 30 0.002 0.000 0.000 0.000 0.006 0.995 0.692 0.000 0.216 0.014 0.000 0.001 0.000 0.000 0.000 0.005 0.000 0.000 0.000 0.000 0.001 0.000 0.000 0.000 0.000 0.001 0.005 0.000 0.000 0.022 0.000 0.100 0.002 0.007 0.491 0.005 0.002 0.159 0.412 0.001 0.000 0.000 0.000 0.000 0.074 0.000 0.019 0.000 0.324 0.022 0.000 0.002 0.283 0.001 0.000 0.001 0.023 0.014 
25 hammer_vis 30 0.012 0.000 0.000 0.001 0.565 0.994 0.989 0.008 0.059 0.000 0.000 0.000 0.000 0.000 0.000 0.003 0.000 0.000 0.000 0.001 0.001 0.000 0.386 0.009 0.000 0.025 0.065 0.000 0.026 0.025 0.075 0.130 0.376 0.110 0.019 0.981 0.735 0.234 0.641 0.180 0.163 0.001 0.000 0.310 0.016 0.002 0.000 0.003 0.420 0.001 0.002 0.614 0.002 0.000 0.011 0.000 0.001 0.001 
26 screwdriver_vis 30 0.002 0.000 0.000 0.000 0.005 0.995 0.786 0.000 0.071 0.001 0.000 0.000 0.000 0.000 0.000 0.000 0.000 0.000 0.000 0.000 0.000 0.000 0.000 0.000 0.000 0.000 0.000 0.000 0.001 0.072 0.000 0.003 0.000 0.003 0.743 0.002 0.009 0.196 0.080 0.004 0.000 0.001 0.000 0.000 0.021 0.000 0.066 0.000 0.003 0.001 0.001 0.000 0.206 0.000 0.000 0.001 0.001 0.000 
27 chisel_vis 30 0.003 0.000 0.000 0.000 0.032 0.995 0.987 0.001 0.043 0.000 0.000 0.000 0.000 0.000 0.000 0.000 0.000 0.000 0.000 0.000 0.000 0.000 0.001 0.001 0.000 0.000 0.001 0.000 0.003 0.134 0.001 0.001 0.001 0.010 0.423 0.007 0.235 0.255 0.087 0.082 0.002 0.006 0.000 0.001 0.007 0.001 0.010 0.000 0.001 0.000 0.011 0.001 0.016 0.000 0.000 0.001 0.000 0.000 
28 saw_vis 30 0.004 0.000 0.000 0.000 0.372 0.993 0.994 0.003 0.018 0.000 0.000 0.000 0.000 0.000 0.000 0.000 0.000 0.000 0.000 0.000 0.000 0.000 0.038 0.013 0.001 0.001 0.025 0.000 0.020 0.169 0.081 0.022 0.007 0.141 0.243 0.179 0.766 0.298 0.502 0.717 0.061 0.009 0.000 0.044 0.048 0.001 0.001 0.001 0.013 0.000 0.028 0.007 0.009 0.000 0.000 0.001 0.001 0.000 
29 drill_vis 30 0.008 0.000 0.000 0.046 0.078 0.994 0.976 0.493 0.000 0.001 0.000 0.000 0.000 0.000 0.000 0.000 0.000 0.000 0.000 0.000 0.001 0.000 0.334 0.012 0.001 0.015 0.206 0.003 0.001 0.014 0.019 0.036 0.012 0.137 0.061 0.743 0.085 0.228 0.287 0.623 0.648 0.007 0.002 0.303 0.145 0.002 0.000 0.000 0.006 0.000 0.001 0.051 0.003 0.000 0.019 0.000 0.005 0.000 
30 clamp_vis 30 0.005 0.000 0.001 0.230 0.001 0.995 0.009 0.992 0.000 0.002 0.000 0.000 0.000 0.000 0.000 0.000 0.000 0.000 0.002 0.000 0.001 0.000 0.037 0.024 0.008 0.002 0.014 0.013 0.000 0.000 0.000 0.000 0.000 0.000 0.000 0.023 0.000 0.130 0.000 0.064 0.842 0.257 0.524 0.259 0.056 0.023 0.000 0.000 0.000 0.000 0.000 0.001 0.000 0.001 0.012 0.003 0.002 0.000 
31 hoe_vis 30 0.002 0.000 0.001 0.000 0.001 0.995 0.001 0.363 0.000 0.528 0.000 0.001 0.000 0.000 0.000 0.000 0.070 0.000 0.001 0.000 0.000 0.000 0.000 0.000 0.000 0.000 0.000 0.000 0.000 0.000 0.000 0.000 0.000 0.000 0.000 0.001 0.000 0.019 0.000 0.000 0.000 0.115 0.000 0.001 0.000 0.142 0.016 0.000 0.000 0.000 0.002 0.000 0.001 0.024 0.000 0.671 0.000 0.000 
32 rake_vis 30 0.006 0.000 0.352 0.008 0.001 0.993 0.001 0.954 0.000 0.877 0.000 0.002 0.000 0.000 0.000 0.000 0.054 0.078 0.004 0.010 0.083 0.003 0.003 0.001 0.000 0.021 0.009 0.001 0.000 0.000 0.000 0.002 0.000 0.000 0.000 0.008 0.000 0.030 0.000 0.000 0.016 0.004 0.737 0.016 0.170 0.050 0.000 0.000 0.000 0.000 0.000 0.003 0.007 0.268 0.421 0.051 0.570 0.041 
33 shovel_vis 30 0.004 0.000 0.002 0.001 0.001 0.996 0.001 0.986 0.000 0.038 0.000 0.000 0.000 0.000 0.000 0.000 0.001 0.000 0.002 0.075 0.000 0.000 0.002 0.045 0.000 0.002 0.000 0.000 0.000 0.000 0.000 0.000 0.000 0.000 0.000 0.004 0.000 0.051 0.000 0.000 0.008 0.040 0.017 0.495 0.000 0.483 0.000 0.002 0.000 0.000 0.001 0.071 0.000 0.001 0.124 0.022 0.000 0.000 
34 spade_vis 30 0.003 0.000 0.001 0.067 0.001 0.994 0.012 0.973 0.000 0.135 0.000 0.000 0.000 0.000 0.000 0.000 0.000 0.000 0.000 0.000 0.017 0.000 0.001 0.000 0.004 0.001 0.374 0.146 0.000 0.000 0.000 0.001 0.000 0.002 0.001 0.002 0.000 0.108 0.000 0.341 0.553 0.055 0.805 0.001 0.886 0.001 0.000 0.000 0.000 0.000 0.000 0.001 0.003 0.014 0.011 0.003 0.231 0.000 
35 wrench_vis 30 0.002 0.000 0.006 0.000 0.001 0.996 0.001 0.381 0.015 0.445 0.000 0.003 0.000 0.000 0.000 0.000 0.007 0.001 0.001 0.713 0.000 0.000 0.000 0.014 0.000 0.000 0.000 0.000 0.001 0.000 0.000 0.000 0.000 0.000 0.000 0.001 0.000 0.021 0.000 0.000 0.000 0.009 0.000 0.074 0.000 0.926 0.000 0.206 0.000 0.000 0.002 0.148 0.000 0.003 0.047 0.241 0.000 0.000 
36 accordion_vis 30 0.002 0.000 0.000 0.000 0.001 0.996 0.001 0.000 0.993 0.166 0.000 0.169 0.000 0.000 0.000 0.000 0.013 0.000 0.000 0.000 0.000 0.000 0.000 0.000 0.000 0.000 0.000 0.000 0.000 0.001 0.000 0.000 0.000 0.000 0.248 0.001 0.000 0.038 0.000 0.000 0.000 0.001 0.000 0.000 0.000 0.007 0.961 0.050 0.001 0.141 0.023 0.001 0.239 0.004 0.000 0.451 0.000 0.000 
37 cello_vis 30 0.002 0.000 0.000 0.000 0.001 0.996 0.001 0.000 0.993 0.006 0.006 0.320 0.000 0.000 0.000 0.043 0.001 0.001 0.000 0.387 0.000 0.000 0.000 0.002 0.000 0.000 0.000 0.000 0.153 0.000 0.000 0.000 0.003 0.000 0.001 0.001 0.000 0.053 0.000 0.000 0.000 0.000 0.000 0.002 0.000 0.327 0.186 0.960 0.002 0.772 0.067 0.511 0.002 0.000 0.000 0.044 0.000 0.004 
38 flute_vis 30 0.004 0.000 0.000 0.000 0.001 0.996 0.001 0.000 0.991 0.832 0.000 0.158 0.000 0.000 0.000 0.922 0.000 0.170 0.000 0.088 0.002 0.000 0.000 0.000 0.000 0.091 0.000 0.000 0.002 0.000 0.000 0.356 0.524 0.000 0.003 0.263 0.000 0.044 0.001 0.000 0.000 0.000 0.000 0.000 0.001 0.003 0.018 0.193 0.989 0.973 0.000 0.950 0.172 0.005 0.471 0.001 0.033 0.980 
39 guitar_vis 30 0.002 0.000 0.000 0.000 0.001 0.996 0.001 0.000 0.991 0.037 0.001 0.243 0.000 0.000 0.000 0.068 0.001 0.002 0.000 0.092 0.000 0.000 0.000 0.000 0.000 0.000 0.000 0.000 0.028 0.001 0.000 0.001 0.002 0.000 0.005 0.001 0.000 0.054 0.000 0.000 0.000 0.000 0.000 0.000 0.000 0.078 0.217 0.767 0.013 0.809 0.007 0.240 0.022 0.001 0.000 0.021 0.000 0.022 
40 piano_vis 30 0.002 0.000 0.000 0.000 0.001 0.993 0.043 0.000 0.993 0.005 0.007 0.071 0.000 0.000 0.000 0.001 0.002 0.000 0.000 0.020 0.000 0.000 0.000 0.099 0.000 0.000 0.000 0.000 0.235 0.009 0.000 0.000 0.000 0.000 0.007 0.001 0.226 0.101 0.000 0.000 0.000 0.041 0.000 0.053 0.000 0.232 0.256 0.772 0.000 0.098 0.635 0.022 0.006 0.000 0.000 0.095 0.000 0.000 
41 trumpet_vis 30 0.004 0.000 0.000 0.000 0.001 0.995 0.002 0.000 0.990 0.673 0.000 0.172 0.000 0.000 0.000 0.890 0.000 0.116 0.000 0.179 0.001 0.000 0.000 0.000 0.000 0.058 0.000 0.000 0.006 0.000 0.000 0.127 0.527 0.000 0.001 0.215 0.000 0.045 0.000 0.000 0.000 0.000 0.000 0.001 0.000 0.007 0.016 0.402 0.969 0.960 0.000 0.970 0.074 0.003 0.384 0.002 0.007 0.950 
42 fork_vis 30 0.002 0.000 0.001 0.000 0.002 0.992 0.840 0.000 0.068 0.049 0.000 0.010 0.000 0.000 0.000 0.000 0.004 0.004 0.000 0.000 0.000 0.000 0.000 0.000 0.000 0.000 0.000 0.000 0.000 0.152 0.000 0.000 0.000 0.003 0.849 0.001 0.017 0.204 0.070 0.066 0.000 0.009 0.000 0.000 0.035 0.000 0.151 0.000 0.001 0.018 0.006 0.000 0.187 0.007 0.000 0.007 0.002 0.007 
43 spoon_vis 30 0.030 0.000 0.205 0.000 0.001 0.961 0.001 0.007 0.000 0.970 0.000 0.004 0.000 0.000 0.000 0.000 0.012 0.075 0.000 0.000 0.097 0.000 0.000 0.000 0.000 0.000 0.000 0.000 0.000 0.000 0.000 0.009 0.000 0.000 0.001 0.001 0.000 0.004 0.000 0.000 0.000 0.000 0.008 0.000 0.188 0.001 0.004 0.000 0.002 0.003 0.000 0.000 0.330 0.570 0.028 0.065 0.247 0.188 
44 tongs_vis 30 0.005 0.000 0.300 0.000 0.001 0.995 0.001 0.080 0.000 0.989 0.000 0.002 0.000 0.000 0.000 0.000 0.001 0.285 0.000 0.427 0.024 0.000 0.000 0.000 0.000 0.459 0.000 0.000 0.000 0.000 0.000 0.005 0.004 0.000 0.000 0.028 0.000 0.014 0.000 0.000 0.000 0.000 0.006 0.005 0.001 0.137 0.000 0.003 0.001 0.004 0.000 0.853 0.001 0.185 0.985 0.010 0.288 0.890 
45 ladle_vis 30 0.002 0.000 0.003 0.000 0.001 0.995 0.001 0.067 0.000 0.981 0.000 0.002 0.000 0.000 0.000 0.000 0.105 0.001 0.000 0.000 0.000 0.000 0.000 0.000 0.000 0.000 0.000 0.000 0.000 0.000 0.000 0.000 0.000 0.000 0.000 0.001 0.000 0.009 0.000 0.000 0.000 0.012 0.000 0.000 0.000 0.055 0.029 0.000 0.000 0.000 0.000 0.000 0.004 0.247 0.000 0.805 0.000 0.000 
46 knife_vis 30 0.008 0.000 0.001 0.000 0.001 0.995 0.001 0.000 0.152 0.736 0.000 0.012 0.000 0.000 0.000 0.032 0.001 0.022 0.000 0.000 0.020 0.000 0.000 0.000 0.000 0.001 0.000 0.000 0.000 0.000 0.000 0.292 0.000 0.000 0.187 0.001 0.000 0.028 0.002 0.000 0.000 0.000 0.000 0.000 0.050 0.000 0.070 0.000 0.480 0.297 0.000 0.000 0.807 0.018 0.003 0.001 0.437 0.601 
47 chopsticks_vis 30 0.002 0.000 0.000 0.000 0.001 0.995 0.001 0.000 0.456 0.834 0.000 0.031 0.000 0.000 0.000 0.021 0.003 0.010 0.000 0.000 0.001 0.000 0.000 0.000 0.000 0.000 0.000 0.000 0.000 0.000 0.000 0.008 0.001 0.000 0.026 0.001 0.000 0.042 0.000 0.000 0.000 0.000 0.000 0.000 0.003 0.001 0.129 0.002 0.112 0.277 0.000 0.003 0.375 0.016 0.002 0.009 0.066 0.176 
