0 beaver_vis 30 0.036 0.000 0.008 0.002 0.008 0.993 0.818 0.168 0.000 0.010 0.000 0.000 0.000 0.000 0.000 0.000 0.001 0.002 0.000 0.000 0.004 0.000 0.002 0.000 0.001 0.002 0.242 0.008 0.000 0.015 0.000 0.026 0.000 0.188 0.292 0.004 0.002 0.215 0.392 0.682 0.079 0.005 0.004 0.000 0.587 0.000 0.001 0.000 0.000 0.000 0.000 0.000 0.025 0.002 0.002 0.001 0.027 0.001 
1 bear_vis 30 0.659 0.000 0.014 0.610 0.004 0.912 0.000 0.588 0.000 0.014 0.000 0.001 0.000 0.000 0.000 0.000 0.005 0.002 0.009 0.005 0.001 0.001 0.294 0.265 0.003 0.051 0.007 0.003 0.001 0.000 0.005 0.001 0.008 0.001 0.000 0.036 0.000 0.042 0.000 0.000 0.074 0.157 0.003 0.357 0.000 0.112 0.000 0.000 0.000 0.000 0.023 0.010 0.001 0.004 0.003 0.007 0.002 0.000 
2 sheep_vis 30 0.067 0.000 0.013 0.010 0.021 0.991 0.769 0.335 0.000 0.010 0.000 0.000 0.000 0.000 0.000 0.000 0.001 0.002 0.000 0.000 0.002 0.000 0.091 0.016 0.001 0.004 0.014 0.001 0.003 0.003 0.015 0.004 0.004 0.016 0.004 0.264 0.029 0.181 0.011 0.262 0.253 0.013 0.005 0.128 0.014 0.003 0.000 0.000 0.000 0.000 0.003 0.012 0.001 0.002 0.004 0.001 0.003 0.001 
3 buffalo_vis 30 0.053 0.000 0.017 0.003 0.000 0.994 0.025 0.221 0.000 0.040 0.000 0.001 0.000 0.000 0.000 0.000 0.004 0.006 0.000 0.000 0.003 0.000 0.001 0.002 0.000 0.001 0.005 0.001 0.000 0.000 0.000 0.005 0.000 0.001 0.015 0.001 0.000 0.099 0.001 0.002 0.004 0.008 0.005 0.002 0.109 0.002 0.001 0.000 0.000 0.000 0.000 0.000 0.020 0.010 0.005 0.003 0.037 0.005 
4 poodle_vis 30 0.031 0.000 0.009 0.000 0.000 0.994 0.000 0.125 0.000 0.400 0.000 0.001 0.000 0.000 0.000 0.000 0.023 0.002 0.000 0.000 0.002 0.000 0.000 0.000 0.000 0.001 0.001 0.000 0.000 0.000 0.000 0.000 0.000 0.000 0.000 0.000 0.000 0.023 0.000 0.000 0.000 0.004 0.002 0.000 0.002 0.031 0.002 0.000 0.000 0.000 0.000 0.000 0.002 0.006 0.002 0.078 0.007 0.001 
5 giraffe_vis 30 0.035 0.000 0.024 0.000 0.000 0.995 0.000 0.633 0.000 0.440 0.000 0.001 0.000 0.000 0.000 0.000 0.005 0.006 0.000 0.001 0.003 0.000 0.000 0.001 0.000 0.002 0.000 0.000 0.000 0.000 0.000 0.000 0.000 0.000 0.000 0.000 0.000 0.032 0.000 0.000 0.000 0.004 0.011 0.002 0.006 0.015 0.001 0.000 0.000 0.000 0.000 0.001 0.003 0.016 0.038 0.008 0.030 0.003 
6 robin_vis 30 0.032 0.000 0.047 0.000 0.000 0.995 0.000 0.176 0.000 0.816 0.000 0.001 0.000 0.000 0.000 0.000 0.004 0.012 0.000 0.000 0.032 0.000 0.000 0.000 0.000 0.004 0.001 0.000 0.000 0.000 0.000 0.003 0.000 0.000 0.000 0.000 0.000 0.020 0.000 0.000 0.000 0.001 0.011 0.001 0.047 0.004 0.000 0.000 0.000 0.000 0.000 0.000 0.016 0.074 0.094 0.006 0.436 0.026 
7 swan_vis 30 0.087 0.000 0.011 0.422 0.000 0.985 0.003 0.931 0.000 0.014 0.000 0.001 0.000 0.000 0.000 0.000 0.002 0.004 0.002 0.001 0.008 0.000 0.074 0.050 0.006 0.011 0.034 0.010 0.000 0.000 0.000 0.002 0.000 0.000 0.000 0.025 0.000 0.096 0.000 0.026 0.744 0.164 0.455 0.442 0.036 0.029 0.000 0.000 0.000 0.000 0.000 0.002 0.001 0.004 0.027 0.002 0.009 0.003 
8 woodpecker_vis 30 0.022 0.000 0.004 0.000 0.001 0.995 0.018 0.084 0.375 0.051 0.000 0.002 0.000 0.000 0.000 0.005 0.001 0.002 0.001 0.002 0.000 0.000 0.001 0.026 0.000 0.001 0.000 0.000 0.002 0.001 0.000 0.015 0.005 0.000 0.009 0.006 0.000 0.087 0.001 0.000 0.000 0.026 0.000 0.020 0.002 0.022 0.004 0.002 0.127 0.035 0.008 0.031 0.037 0.001 0.003 0.003 0.005 0.043 
9 peacock_vis 30 0.430 0.000 0.101 0.000 0.000 0.993 0.000 0.001 0.000 0.636 0.000 0.000 0.000 0.000 0.000 0.000 0.002 0.022 0.000 0.000 0.134 0.000 0.000 0.000 0.000 0.020 0.001 0.000 0.000 0.000 0.000 0.017 0.000 0.000 0.000 0.000 0.000 0.008 0.000 0.000 0.000 0.000 0.002 0.000 0.026 0.000 0.000 0.000 0.000 0.000 0.000 0.000 0.011 0.028 0.072 0.002 0.362 0.044 
10 crow_vis 30 0.070 0.000 0.052 0.003 0.000 0.993 0.000 0.190 0.000 0.832 0.000 0.001 0.000 0.000 0.000 0.000 0.005 0.017 0.000 0.000 0.056 0.000 0.001 0.000 0.000 0.007 0.003 0.000 0.000 0.000 0.000 0.004 0.000 0.000 0.000 0.001 0.000 0.021 0.000 0.000 0.001 0.000 0.024 0.000 0.125 0.002 0.001 0.000 0.000 0.000 0.000 0.000 0.036 0.116 0.104 0.006 0.632 0.043 
11 eagle_vis 30 0.033 0.000 0.005 0.045 0.000 0.993 0.034 0.947 0.000 0.017 0.000 0.000 0.000 0.000 0.000 0.000 0.001 0.001 0.000 0.000 0.014 0.000 0.002 0.000 0.004 0.001 0.361 0.104 0.000 0.000 0.000 0.003 0.000 0.006 0.002 0.001 0.000 0.129 0.000 0.342 0.418 0.029 0.401 0.000 0.786 0.001 0.000 0.000 0.000 0.000 0.000 0.000 0.003 0.002 0.001 0.001 0.168 0.001 
12 tuna_vis 30 0.029 0.000 0.003 0.001 0.001 0.994 0.336 0.577 0.000 0.008 0.000 0.000 0.000 0.000 0.000 0.000 0.001 0.001 0.000 0.000 0.002 0.000 0.002 0.000 0.000 0.001 0.055 0.003 0.000 0.001 0.000 0.005 0.000 0.007 0.013 0.004 0.000 0.146 0.007 0.077 0.063 0.007 0.003 0.001 0.284 0.001 0.000 0.000 0.000 0.000 0.000 0.000 0.004 0.001 0.001 0.001 0.019 0.001 
13 goldfish_vis 30 0.006 0.000 0.001 0.000 0.016 0.995 0.753 0.000 0.446 0.006 0.000 0.001 0.000 0.000 0.000 0.000 0.000 0.000 0.000 0.001 0.000 0.000 0.001 0.003 0.000 0.000 0.000 0.000 0.017 0.039 0.000 0.001 0.002 0.001 0.062 0.003 0.142 0.181 0.005 0.002 0.000 0.003 0.000 0.004 0.001 0.004 0.005 0.016 0.001 0.002 0.021 0.006 0.003 0.001 0.000 0.002 0.000 0.000 
14 salmon_vis 30 0.667 0.000 0.005 0.056 0.041 0.718 0.003 0.108 0.000 0.007 0.000 0.000 0.000 0.000 0.000 0.000 0.001 0.001 0.000 0.000 0.013 0.000 0.001 0.000 0.000 0.004 0.151 0.006 0.000 0.001 0.000 0.168 0.001 0.057 0.011 0.001 0.000 0.047 0.003 0.001 0.005 0.001 0.006 0.000 0.104 0.000 0.000 0.000 0.000 0.000 0.000 0.000 0.004 0.001 0.001 0.001 0.010 0.000 
15 sardine_vis 30 0.053 0.000 0.005 0.004 0.016 0.991 0.793 0.026 0.411 0.007 0.002 0.000 0.000 0.000 0.000 0.000 0.001 0.001 0.000 0.003 0.001 0.000 0.006 0.316 0.000 0.001 0.001 0.000 0.242 0.040 0.049 0.001 0.001 0.001 0.005 0.007 0.563 0.199 0.001 0.010 0.003 0.121 0.001 0.321 0.002 0.050 0.001 0.078 0.000 0.000 0.520 0.016 0.000 0.001 0.001 0.003 0.001 0.001 
16 catfish_vis 30 0.318 0.000 0.000 0.000 0.281 0.841 0.480 0.000 0.195 0.013 0.000 0.003 0.000 0.000 0.000 0.002 0.000 0.001 0.000 0.001 0.000 0.000 0.001 0.001 0.000 0.000 0.000 0.000 0.006 0.063 0.008 0.001 0.001 0.023 0.051 0.001 0.015 0.126 0.004 0.013 0.000 0.001 0.000 0.000 0.001 0.001 0.005 0.007 0.002 0.018 0.004 0.004 0.006 0.001 0.000 0.001 0.001 0.004 
17 cod_vis 30 0.073 0.000 0.005 0.039 0.001 0.985 0.272 0.550 0.000 0.007 0.000 0.000 0.000 0.000 0.000 0.000 0.001 0.001 0.000 0.000 0.010 0.000 0.002 0.000 0.001 0.003 0.330 0.037 0.000 0.001 0.000 0.016 0.000 0.030 0.040 0.001 0.000 0.134 0.019 0.257 0.075 0.004 0.013 0.000 0.672 0.000 0.000 0.000 0.000 0.000 0.000 0.000 0.011 0.001 0.002 0.001 0.072 0.001 
18 turtle_vis 30 0.002 0.000 0.000 0.000 0.000 0.996 0.001 0.000 0.984 0.079 0.001 0.059 0.000 0.000 0.000 0.022 0.001 0.002 0.000 0.028 0.000 0.000 0.000 0.001 0.000 0.000 0.000 0.000 0.042 0.001 0.000 0.000 0.002 0.000 0.019 0.000 0.001 0.075 0.000 0.000 0.000 0.000 0.000 0.001 0.000 0.049 0.136 0.481 0.014 0.378 0.022 0.114 0.074 0.001 0.000 0.012 0.001 0.024 
19 rattlesnake_vis 30 0.005 0.000 0.001 0.000 0.000 0.994 0.001 0.000 0.960 0.813 0.000 0.127 0.000 0.000 0.000 0.822 0.001 0.124 0.000 0.028 0.003 0.000 0.000 0.000 0.000 0.039 0.000 0.000 0.001 0.000 0.000 0.317 0.243 0.000 0.011 0.079 0.000 0.040 0.001 0.000 0.000 0.000 0.000 0.000 0.001 0.002 0.034 0.077 0.959 0.945 0.000 0.682 0.326 0.007 0.210 0.001 0.056 0.960 
20 crab_vis 30 0.004 0.000 0.001 0.000 0.000 0.996 0.003 0.184 0.353 0.075 0.000 0.012 0.000 0.000 0.000 0.011 0.001 0.002 0.000 0.021 0.000 0.000 0.003 0.003 0.000 0.015 0.000 0.000 0.004 0.000 0.000 0.001 0.012 0.000 0.002 0.169 0.000 0.074 0.000 0.000 0.001 0.001 0.000 0.120 0.001 0.027 0.013 0.048 0.018 0.102 0.000 0.423 0.017 0.002 0.147 0.004 0.002 0.026 
21 frog_vis 30 0.035 0.000 0.005 0.000 0.000 0.995 0.000 0.000 0.875 0.291 0.000 0.050 0.000 0.000 0.000 0.359 0.001 0.029 0.000 0.012 0.003 0.000 0.000 0.000 0.000 0.006 0.000 0.000 0.002 0.000 0.000 0.045 0.039 0.000 0.003 0.002 0.000 0.034 0.000 0.000 0.000 0.000 0.000 0.000 0.001 0.002 0.013 0.053 0.613 0.689 0.000 0.298 0.085 0.004 0.018 0.001 0.019 0.582 
22 gecko_vis 30 0.194 0.000 0.008 0.000 0.000 0.992 0.000 0.000 0.553 0.419 0.000 0.024 0.000 0.000 0.000 0.386 0.001 0.063 0.000 0.001 0.017 0.000 0.000 0.000 0.000 0.025 0.000 0.000 0.000 0.000 0.000 0.353 0.031 0.000 0.005 0.002 0.000 0.020 0.000 0.000 0.000 0.000 0.000 0.000 0.003 0.000 0.006 0.002 0.711 0.513 0.000 0.063 0.204 0.005 0.024 0.001 0.078 0.803 
23 crocodile_vis 30 0.111 0.003 0.440 0.000 0.000 0.826 0.000 0.000 0.103 0.949 0.000 0.230 0.000 0.000 0.000 0.019 0.144 0.562 0.000 0.000 0.383 0.000 0.000 0.000 0.000 0.001 0.000 0.000 0.000 0.000 0.000 0.100 0.000 0.000 0.083 0.000 0.000 0.013 0.001 0.000 0.000 0.000 0.000 0.000 0.091 0.000 0.228 0.000 0.151 0.352 0.000 0.000 0.901 0.404 0.006 0.020 0.814 0.856 
24 axe_vis 30 0.065 0.000 0.001 0.000 0.000 0.995 0.006 0.101 0.001 0.049 0.000 0.000 0.000 0.000 0.000 0.000 0.000 0.000 0.000 0.000 0.005 0.000 0.000 0.000 0.000 0.001 0.010 0.001 0.000 0.000 0.000 0.021 0.000 0.001 0.074 0.001 0.000 0.083 0.004 0.000 0.000 0.001 0.002 0.000 0.174 0.000 0.004 0.000 0.008 0.001 0.000 0.000 0.126 0.001 0.000 0.001 0.057 0.003 
25 hammer_vis 30 0.002 0.000 0.000 0.000 0.081 0.995 0.990 0.005 0.002 0.000 0.000 0.000 0.000 0.000 0.000 0.000 0.000 0.000 0.000 0.000 0.000 0.000 0.001 0.002 0.006 0.000 0.002 0.001 0.003 0.541 0.016 0.001 0.000 0.074 0.796 0.001 0.718 0.364 0.260 0.946 0.014 0.073 0.000 0.001 0.038 0.000 0.010 0.000 0.000 0.000 0.079 0.000 0.015 0.000 0.000 0.001 0.000 0.000 
26 screwdriver_vis 30 0.003 0.000 0.000 0.000 0.001 0.995 0.567 0.487 0.001 0.001 0.000 0.000 0.000 0.000 0.000 0.000 0.000 0.000 0.000 0.000 0.000 0.000 0.001 0.008 0.008 0.000 0.000 0.001 0.000 0.015 0.001 0.000 0.000 0.004 0.115 0.000 0.003 0.223 0.002 0.490 0.022 0.236 0.000 0.002 0.019 0.005 0.001 0.000 0.000 0.000 0.020 0.000 0.002 0.000 0.000 0.003 0.000 0.000 
27 chisel_vis 30 0.002 0.000 0.000 0.000 0.002 0.996 0.762 0.129 0.000 0.004 0.000 0.000 0.000 0.000 0.000 0.000 0.000 0.000 0.000 0.000 0.001 0.000 0.000 0.000 0.000 0.000 0.037 0.001 0.000 0.014 0.000 0.026 0.000 0.027 0.442 0.001 0.001 0.199 0.319 0.101 0.005 0.005 0.001 0.000 0.471 0.000 0.004 0.000 0.003 0.000 0.000 0.000 0.116 0.001 0.000 0.001 0.035 0.000 
28 saw_vis 30 0.002 0.000 0.000 0.000 0.111 0.995 0.987 0.002 0.000 0.000 0.000 0.000 0.000 0.000 0.000 0.000 0.000 0.000 0.000 0.000 0.000 0.000 0.001 0.000 0.002 0.000 0.074 0.003 0.000 0.496 0.002 0.020 0.000 0.502 0.943 0.001 0.279 0.348 0.931 0.946 0.017 0.011 0.000 0.000 0.523 0.000 0.009 0.000 0.002 0.000 0.003 0.000 0.141 0.000 0.000 0.001 0.006 0.000 
29 drill_vis 30 0.002 0.000 0.000 0.000 0.002 0.996 0.955 0.050 0.001 0.001 0.000 0.000 0.000 0.000 0.000 0.000 0.001 0.000 0.000 0.000 0.000 0.000 0.000 0.027 0.080 0.000 0.000 0.000 0.006 0.487 0.007 0.000 0.000 0.001 0.620 0.000 0.522 0.368 0.002 0.841 0.001 0.797 0.000 0.001 0.004 0.003 0.030 0.000 0.000 0.000 0.828 0.000 0.004 0.000 0.000 0.008 0.001 0.000 
30 clamp_vis 30 0.002 0.000 0.000 0.001 0.001 0.996 0.721 0.769 0.000 0.000 0.000 0.000 0.000 0.000 0.000 0.000 0.000 0.000 0.000 0.000 0.000 0.000 0.001 0.003 0.045 0.000 0.010 0.013 0.000 0.010 0.000 0.000 0.000 0.025 0.183 0.001 0.001 0.270 0.022 0.873 0.097 0.367 0.001 0.001 0.243 0.002 0.001 0.000 0.000 0.000 0.054 0.000 0.006 0.000 0.000 0.003 0.002 0.000 
31 hoe_vis 30 0.010 0.000 0.001 0.011 0.000 0.996 0.000 0.971 0.000 0.007 0.000 0.000 0.000 0.000 0.000 0.000 0.001 0.000 0.047 0.027 0.000 0.000 0.013 0.445 0.007 0.003 0.000 0.000 0.001 0.000 0.000 0.000 0.000 0.000 0.000 0.010 0.000 0.074 0.000 0.000 0.098 0.392 0.039 0.828 0.000 0.452 0.000 0.001 0.000 0.000 0.102 0.050 0.000 0.001 0.090 0.014 0.000 0.000 
32 rake_vis 30 0.002 0.000 0.001 0.134 0.000 0.996 0.013 0.994 0.000 0.005 0.000 0.000 0.000 0.000 0.000 0.000 0.001 0.000 0.001 0.000 0.004 0.000 0.002 0.001 0.052 0.000 0.163 0.181 0.000 0.000 0.000 0.001 0.000 0.002 0.001 0.001 0.000 0.158 0.000 0.607 0.719 0.393 0.738 0.002 0.589 0.002 0.000 0.000 0.000 0.000 0.000 0.000 0.001 0.001 0.001 0.003 0.065 0.000 
33 shovel_vis 30 0.002 0.000 0.000 0.000 0.001 0.996 0.634 0.747 0.000 0.000 0.000 0.000 0.000 0.000 0.000 0.000 0.001 0.000 0.002 0.000 0.000 0.000 0.000 0.029 0.125 0.000 0.000 0.001 0.001 0.022 0.001 0.000 0.000 0.002 0.111 0.000 0.006 0.294 0.001 0.771 0.016 0.764 0.000 0.002 0.009 0.008 0.002 0.000 0.000 0.000 0.466 0.000 0.001 0.000 0.000 0.011 0.000 0.000 
34 spade_vis 30 0.006 0.000 0.002 0.641 0.000 0.996 0.024 0.992 0.000 0.010 0.000 0.000 0.000 0.000 0.000 0.000 0.000 0.000 0.001 0.000 0.008 0.000 0.149 0.007 0.005 0.015 0.351 0.076 0.000 0.000 0.000 0.002 0.000 0.002 0.000 0.189 0.000 0.125 0.000 0.207 0.916 0.067 0.890 0.263 0.483 0.007 0.000 0.000 0.000 0.000 0.000 0.002 0.000 0.002 0.097 0.002 0.057 0.000 
35 wrench_vis 30 0.002 0.000 0.001 0.000 0.000 0.996 0.000 0.119 0.000 0.289 0.000 0.001 0.000 0.000 0.000 0.000 0.062 0.000 0.001 0.000 0.000 0.000 0.000 0.000 0.000 0.000 0.000 0.000 0.000 0.000 0.000 0.000 0.000 0.000 0.000 0.000 0.000 0.023 0.000 0.000 0.000 0.044 0.000 0.000 0.000 0.096 0.011 0.000 0.000 0.000 0.002 0.000 0.001 0.003 0.000 0.297 0.000 0.000 
36 accordion_vis 30 0.001 0.000 0.000 0.000 0.000 0.996 0.001 0.000 0.950 0.173 0.000 0.043 0.000 0.000 0.000 0.001 0.005 0.001 0.000 0.000 0.000 0.000 0.000 0.000 0.000 0.000 0.000 0.000 0.001 0.003 0.000 0.000 0.000 0.000 0.212 0.000 0.000 0.072 0.000 0.000 0.000 0.001 0.000 0.000 0.000 0.004 0.643 0.006 0.001 0.180 0.004 0.000 0.326 0.001 0.000 0.036 0.001 0.004 
37 cello_vis 30 0.002 0.000 0.001 0.000 0.000 0.996 0.000 0.003 0.419 0.176 0.000 0.015 0.000 0.000 0.000 0.000 0.012 0.000 0.000 0.000 0.000 0.000 0.000 0.000 0.000 0.000 0.000 0.000 0.000 0.000 0.000 0.000 0.000 0.000 0.003 0.000 0.000 0.029 0.000 0.000 0.000 0.001 0.000 0.000 0.000 0.014 0.125 0.004 0.000 0.008 0.001 0.000 0.014 0.004 0.000 0.065 0.000 0.000 
38 flute_vis 30 0.001 0.000 0.000 0.000 0.000 0.996 0.000 0.005 0.719 0.070 0.000 0.008 0.000 0.000 0.000 0.000 0.003 0.000 0.000 0.001 0.000 0.000 0.000 0.000 0.000 0.000 0.000 0.000 0.001 0.001 0.000 0.000 0.000 0.000 0.013 0.000 0.000 0.077 0.000 0.000 0.000 0.006 0.000 0.000 0.000 0.024 0.152 0.024 0.000 0.010 0.017 0.000 0.009 0.002 0.000 0.040 0.001 0.000 
39 guitar_vis 30 0.001 0.000 0.001 0.000 0.000 0.996 0.000 0.078 0.000 0.769 0.000 0.001 0.000 0.000 0.000 0.000 0.119 0.000 0.000 0.000 0.000 0.000 0.000 0.000 0.000 0.000 0.000 0.000 0.000 0.000 0.000 0.000 0.000 0.000 0.000 0.000 0.000 0.021 0.000 0.000 0.000 0.020 0.000 0.000 0.000 0.141 0.020 0.000 0.000 0.000 0.000 0.000 0.002 0.010 0.000 0.494 0.000 0.000 
40 piano_vis 30 0.002 0.000 0.000 0.000 0.000 0.996 0.000 0.000 0.983 0.261 0.000 0.148 0.000 0.000 0.000 0.048 0.002 0.005 0.000 0.003 0.000 0.000 0.000 0.000 0.000 0.000 0.000 0.000 0.002 0.001 0.000 0.002 0.000 0.000 0.052 0.000 0.000 0.055 0.000 0.000 0.000 0.000 0.000 0.000 0.000 0.008 0.408 0.127 0.100 0.753 0.001 0.006 0.261 0.002 0.000 0.013 0.003 0.123 
41 trumpet_vis 30 0.002 0.000 0.000 0.000 0.004 0.996 0.498 0.002 0.942 0.001 0.001 0.006 0.000 0.000 0.000 0.000 0.001 0.000 0.000 0.002 0.000 0.000 0.000 0.177 0.000 0.000 0.000 0.000 0.203 0.081 0.007 0.000 0.000 0.000 0.019 0.000 0.514 0.198 0.000 0.002 0.000 0.148 0.000 0.067 0.000 0.061 0.057 0.143 0.000 0.012 0.660 0.002 0.002 0.000 0.000 0.015 0.000 0.000 
42 fork_vis 30 0.035 0.000 0.029 0.000 0.000 0.996 0.000 0.001 0.000 0.883 0.000 0.001 0.000 0.000 0.000 0.000 0.002 0.029 0.000 0.000 0.079 0.000 0.000 0.000 0.000 0.006 0.001 0.000 0.000 0.000 0.000 0.039 0.000 0.000 0.000 0.000 0.000 0.012 0.000 0.000 0.000 0.000 0.001 0.000 0.030 0.000 0.001 0.000 0.001 0.001 0.000 0.000 0.052 0.025 0.027 0.002 0.483 0.184 
43 spoon_vis 30 0.013 0.000 0.078 0.000 0.000 0.996 0.000 0.002 0.000 0.983 0.000 0.000 0.000 0.000 0.000 0.000 0.002 0.030 0.000 0.000 0.152 0.000 0.000 0.000 0.000 0.003 0.001 0.000 0.000 0.000 0.000 0.011 0.000 0.000 0.000 0.000 0.000 0.010 0.000 0.000 0.000 0.000 0.001 0.000 0.098 0.000 0.001 0.000 0.000 0.000 0.000 0.000 0.067 0.090 0.041 0.003 0.794 0.090 
44 tongs_vis 30 0.361 0.000 0.045 0.000 0.000 0.994 0.000 0.082 0.000 0.258 0.000 0.000 0.000 0.000 0.000 0.000 0.001 0.008 0.000 0.000 0.189 0.000 0.000 0.000 0.000 0.008 0.018 0.000 0.000 0.000 0.000 0.029 0.000 0.000 0.000 0.000 0.000 0.016 0.000 0.000 0.000 0.000 0.012 0.000 0.223 0.000 0.000 0.000 0.000 0.000 0.000 0.000 0.010 0.015 0.011 0.001 0.449 0.013 
45 ladle_vis 30 0.100 0.000 0.410 0.000 0.000 0.989 0.000 0.010 0.000 0.973 0.000 0.003 0.000 0.000 0.000 0.000 0.047 0.066 0.000 0.000 0.020 0.000 0.000 0.000 0.000 0.000 0.000 0.000 0.000 0.000 0.000 0.000 0.000 0.000 0.000 0.000 0.000 0.009 0.000 0.000 0.000 0.000 0.004 0.000 0.015 0.002 0.001 0.000 0.000 0.000 0.000 0.000 0.043 0.144 0.006 0.023 0.236 0.011 
46 knife_vis 30 0.009 0.000 0.079 0.000 0.000 0.996 0.000 0.002 0.000 0.987 0.000 0.000 0.000 0.000 0.000 0.000 0.002 0.032 0.000 0.000 0.155 0.000 0.000 0.000 0.000 0.003 0.001 0.000 0.000 0.000 0.000 0.011 0.000 0.000 0.000 0.000 0.000 0.011 0.000 0.000 0.000 0.000 0.002 0.000 0.113 0.000 0.000 0.000 0.000 0.000 0.000 0.000 0.077 0.103 0.050 0.003 0.836 0.108 
47 chopsticks_vis 30 0.047 0.000 0.081 0.000 0.000 0.996 0.000 0.002 0.000 0.963 0.000 0.000 0.000 0.000 0.000 0.000 0.001 0.029 0.000 0.000 0.183 0.000 0.000 0.000 0.000 0.004 0.001 0.000 0.000 0.000 0.000 0.017 0.000 0.000 0.000 0.000 0.000 0.009 0.000 0.000 0.000 0.000 0.001 0.000 0.079 0.000 0.000 0.000 0.000 0.000 0.000 0.000 0.048 0.061 0.037 0.002 0.757 0.081 
