0 beaver_vis 30 0.995 0.984 0.191 0.010 0.001 0.003 0.001 0.001 0.001 0.020 0.002 0.942 0.338 0.003 0.000 0.116 0.001 0.014 0.307 0.000 0.001 0.274 0.131 0.000 0.001 0.000 0.000 0.000 0.000 0.000 0.001 0.000 0.001 0.011 0.000 0.000 0.000 0.000 0.000 0.002 0.000 0.012 0.000 0.000 0.000 0.001 0.000 0.000 0.000 0.001 0.000 0.000 0.002 0.036 0.138 0.004 0.000 0.001 
1 bear_vis 30 0.995 0.992 0.012 0.023 0.000 0.003 0.000 0.001 0.001 0.004 0.001 0.969 0.124 0.010 0.001 0.093 0.000 0.005 0.167 0.000 0.000 0.003 0.003 0.009 0.001 0.001 0.000 0.001 0.000 0.000 0.001 0.000 0.000 0.000 0.000 0.000 0.000 0.001 0.000 0.001 0.000 0.599 0.000 0.000 0.000 0.001 0.000 0.000 0.000 0.004 0.000 0.000 0.000 0.004 0.001 0.001 0.000 0.000 
2 sheep_vis 30 0.995 0.027 0.060 0.888 0.001 0.003 0.001 0.001 0.001 0.002 0.000 0.114 0.003 0.025 0.001 0.001 0.001 0.002 0.061 0.168 0.000 0.001 0.001 0.784 0.140 0.018 0.012 0.001 0.000 0.000 0.000 0.001 0.000 0.001 0.000 0.000 0.001 0.000 0.001 0.031 0.000 0.001 0.000 0.000 0.014 0.000 0.003 0.000 0.002 0.000 0.000 0.000 0.000 0.001 0.001 0.000 0.000 0.000 
3 buffalo_vis 30 0.994 0.988 0.006 0.053 0.000 0.007 0.000 0.001 0.001 0.007 0.000 0.948 0.009 0.029 0.011 0.002 0.000 0.006 0.001 0.000 0.000 0.001 0.002 0.044 0.001 0.000 0.000 0.005 0.000 0.000 0.001 0.000 0.000 0.000 0.000 0.000 0.001 0.003 0.001 0.069 0.000 0.029 0.000 0.000 0.000 0.001 0.000 0.000 0.001 0.001 0.000 0.000 0.000 0.004 0.003 0.001 0.001 0.000 
4 poodle_vis 30 0.995 0.941 0.012 0.040 0.001 0.004 0.001 0.001 0.001 0.011 0.001 0.760 0.008 0.010 0.003 0.002 0.000 0.005 0.003 0.000 0.001 0.007 0.001 0.071 0.001 0.000 0.000 0.003 0.000 0.000 0.001 0.000 0.000 0.001 0.000 0.000 0.001 0.000 0.001 0.007 0.000 0.010 0.000 0.000 0.000 0.001 0.000 0.000 0.000 0.001 0.000 0.000 0.001 0.003 0.003 0.000 0.001 0.000 
5 giraffe_vis 30 0.995 0.990 0.020 0.039 0.000 0.003 0.000 0.001 0.001 0.005 0.001 0.961 0.075 0.013 0.002 0.100 0.000 0.006 0.133 0.000 0.000 0.006 0.003 0.029 0.001 0.001 0.000 0.004 0.000 0.000 0.001 0.000 0.000 0.000 0.000 0.000 0.000 0.001 0.001 0.000 0.000 0.634 0.000 0.000 0.000 0.001 0.000 0.000 0.001 0.031 0.000 0.000 0.000 0.004 0.001 0.001 0.001 0.000 
6 robin_vis 30 0.993 0.001 0.985 0.001 0.011 0.004 0.723 0.001 0.001 0.002 0.000 0.000 0.018 0.002 0.002 0.000 0.402 0.001 0.037 0.929 0.071 0.026 0.000 0.000 0.032 0.000 0.000 0.000 0.049 0.006 0.000 0.081 0.000 0.002 0.044 0.000 0.120 0.000 0.006 0.671 0.000 0.000 0.001 0.000 0.000 0.000 0.002 0.000 0.001 0.000 0.059 0.000 0.003 0.000 0.002 0.000 0.000 0.002 
7 swan_vis 30 0.994 0.001 0.948 0.001 0.000 0.006 0.150 0.001 0.001 0.001 0.000 0.003 0.000 0.008 0.000 0.000 0.001 0.005 0.003 0.911 0.001 0.003 0.000 0.000 0.096 0.000 0.000 0.000 0.001 0.000 0.000 0.000 0.000 0.000 0.001 0.000 0.030 0.000 0.014 0.842 0.000 0.000 0.000 0.000 0.001 0.000 0.003 0.000 0.001 0.000 0.000 0.000 0.000 0.001 0.020 0.000 0.000 0.000 
8 woodpecker_vis 30 0.995 0.002 0.992 0.001 0.001 0.003 0.002 0.001 0.001 0.001 0.000 0.003 0.001 0.001 0.000 0.010 0.027 0.039 0.484 0.235 0.001 0.137 0.001 0.000 0.003 0.001 0.000 0.000 0.000 0.000 0.000 0.009 0.000 0.001 0.001 0.000 0.001 0.000 0.001 0.004 0.000 0.000 0.000 0.000 0.000 0.000 0.051 0.001 0.000 0.000 0.001 0.000 0.001 0.002 0.006 0.001 0.000 0.000 
9 peacock_vis 30 0.995 0.001 0.989 0.002 0.000 0.003 0.005 0.001 0.001 0.001 0.000 0.005 0.000 0.023 0.000 0.001 0.001 0.016 0.006 0.929 0.004 0.003 0.001 0.001 0.121 0.000 0.000 0.000 0.001 0.000 0.000 0.001 0.000 0.000 0.000 0.000 0.012 0.000 0.009 0.155 0.000 0.000 0.000 0.000 0.000 0.000 0.026 0.000 0.001 0.000 0.000 0.000 0.000 0.001 0.002 0.000 0.000 0.000 
10 crow_vis 30 0.994 0.001 0.970 0.003 0.001 0.003 0.008 0.001 0.001 0.001 0.000 0.003 0.000 0.013 0.000 0.000 0.002 0.014 0.005 0.094 0.005 0.002 0.000 0.122 0.001 0.000 0.000 0.000 0.001 0.000 0.000 0.000 0.000 0.000 0.001 0.000 0.002 0.000 0.082 0.002 0.000 0.000 0.000 0.000 0.000 0.000 0.001 0.000 0.000 0.000 0.001 0.000 0.001 0.001 0.001 0.000 0.000 0.000 
11 eagle_vis 30 0.994 0.005 0.901 0.001 0.001 0.004 0.005 0.001 0.001 0.004 0.000 0.003 0.001 0.013 0.000 0.000 0.001 0.007 0.002 0.228 0.003 0.035 0.001 0.000 0.006 0.000 0.000 0.000 0.000 0.000 0.000 0.000 0.000 0.001 0.001 0.000 0.005 0.000 0.004 0.201 0.000 0.000 0.000 0.000 0.000 0.000 0.004 0.000 0.000 0.000 0.000 0.000 0.001 0.002 0.013 0.000 0.000 0.000 
12 tuna_vis 30 0.995 0.967 0.018 0.176 0.000 0.003 0.000 0.001 0.001 0.002 0.001 0.178 0.007 0.186 0.003 0.037 0.000 0.003 0.021 0.000 0.000 0.004 0.006 0.544 0.001 0.001 0.000 0.003 0.000 0.000 0.000 0.000 0.000 0.001 0.000 0.000 0.000 0.000 0.000 0.004 0.000 0.002 0.000 0.001 0.000 0.001 0.000 0.000 0.000 0.001 0.000 0.000 0.000 0.001 0.003 0.001 0.000 0.000 
13 goldfish_vis 30 0.995 0.574 0.006 0.473 0.000 0.013 0.000 0.018 0.001 0.001 0.000 0.041 0.001 0.133 0.004 0.418 0.000 0.003 0.003 0.004 0.000 0.002 0.006 0.052 0.046 0.000 0.001 0.628 0.000 0.004 0.001 0.000 0.000 0.000 0.000 0.000 0.000 0.002 0.000 0.035 0.000 0.123 0.000 0.536 0.000 0.001 0.000 0.000 0.146 0.043 0.000 0.000 0.000 0.001 0.002 0.090 0.005 0.000 
14 salmon_vis 30 0.995 0.021 0.010 0.984 0.000 0.005 0.001 0.007 0.001 0.001 0.000 0.002 0.000 0.430 0.001 0.131 0.000 0.001 0.001 0.869 0.000 0.000 0.004 0.517 0.942 0.001 0.008 0.032 0.001 0.043 0.000 0.017 0.000 0.000 0.000 0.001 0.001 0.000 0.001 0.108 0.000 0.001 0.000 0.599 0.002 0.001 0.073 0.000 0.330 0.001 0.000 0.000 0.000 0.000 0.001 0.001 0.001 0.000 
15 sardine_vis 30 0.995 0.004 0.001 0.988 0.001 0.003 0.001 0.002 0.001 0.001 0.000 0.013 0.001 0.009 0.000 0.006 0.000 0.001 0.017 0.004 0.000 0.000 0.003 0.939 0.035 0.049 0.019 0.009 0.000 0.001 0.000 0.001 0.001 0.000 0.000 0.000 0.000 0.000 0.000 0.002 0.000 0.001 0.001 0.001 0.007 0.001 0.002 0.000 0.002 0.001 0.000 0.000 0.000 0.000 0.001 0.000 0.000 0.000 
16 catfish_vis 30 0.995 0.067 0.054 0.934 0.000 0.003 0.000 0.012 0.001 0.001 0.000 0.026 0.001 0.354 0.001 0.105 0.000 0.004 0.002 0.808 0.000 0.001 0.002 0.308 0.851 0.001 0.005 0.049 0.000 0.015 0.001 0.009 0.000 0.000 0.000 0.000 0.001 0.000 0.001 0.076 0.000 0.001 0.000 0.542 0.001 0.001 0.027 0.000 0.354 0.002 0.000 0.000 0.000 0.001 0.001 0.003 0.001 0.000 
17 cod_vis 30 0.995 0.012 0.002 0.989 0.000 0.013 0.001 0.562 0.001 0.001 0.000 0.001 0.000 0.093 0.000 0.398 0.000 0.001 0.001 0.815 0.000 0.000 0.003 0.782 0.859 0.002 0.029 0.318 0.000 0.022 0.000 0.019 0.000 0.000 0.000 0.001 0.000 0.001 0.000 0.051 0.000 0.035 0.000 0.928 0.001 0.001 0.005 0.000 0.733 0.025 0.000 0.000 0.000 0.000 0.001 0.006 0.001 0.000 
18 turtle_vis 30 0.995 0.002 0.019 0.001 0.983 0.003 0.002 0.001 0.001 0.007 0.001 0.000 0.008 0.000 0.012 0.000 0.003 0.008 0.000 0.000 0.021 0.012 0.002 0.000 0.001 0.000 0.006 0.002 0.135 0.053 0.079 0.001 0.001 0.028 0.001 0.001 0.002 0.009 0.001 0.078 0.000 0.001 0.001 0.000 0.000 0.001 0.000 0.000 0.000 0.000 0.012 0.000 0.020 0.001 0.003 0.001 0.002 0.003 
19 rattlesnake_vis 30 0.994 0.001 0.001 0.001 0.989 0.003 0.002 0.002 0.001 0.013 0.001 0.000 0.049 0.000 0.001 0.000 0.004 0.002 0.000 0.000 0.001 0.052 0.010 0.000 0.000 0.003 0.001 0.001 0.002 0.043 0.086 0.001 0.004 0.550 0.002 0.001 0.000 0.007 0.001 0.006 0.001 0.015 0.089 0.000 0.000 0.002 0.000 0.001 0.000 0.001 0.002 0.002 0.056 0.001 0.007 0.002 0.001 0.050 
20 crab_vis 30 0.995 0.846 0.773 0.143 0.001 0.002 0.000 0.001 0.001 0.004 0.001 0.708 0.070 0.001 0.000 0.224 0.001 0.013 0.842 0.008 0.001 0.015 0.014 0.003 0.004 0.017 0.000 0.000 0.000 0.000 0.001 0.000 0.002 0.002 0.000 0.000 0.000 0.000 0.000 0.001 0.000 0.003 0.000 0.000 0.001 0.001 0.003 0.000 0.000 0.001 0.000 0.000 0.001 0.003 0.007 0.001 0.000 0.000 
21 frog_vis 30 0.995 0.001 0.001 0.001 0.992 0.003 0.004 0.001 0.002 0.012 0.000 0.000 0.233 0.000 0.000 0.000 0.033 0.001 0.000 0.000 0.001 0.331 0.061 0.000 0.000 0.003 0.001 0.000 0.002 0.205 0.078 0.027 0.026 0.964 0.018 0.001 0.000 0.002 0.001 0.008 0.010 0.028 0.230 0.001 0.000 0.001 0.000 0.001 0.000 0.001 0.005 0.002 0.143 0.001 0.033 0.012 0.000 0.149 
22 gecko_vis 30 0.995 0.038 0.001 0.832 0.154 0.003 0.001 0.015 0.001 0.006 0.001 0.156 0.109 0.000 0.000 0.075 0.001 0.002 0.022 0.000 0.000 0.031 0.841 0.001 0.003 0.389 0.001 0.009 0.000 0.003 0.008 0.001 0.044 0.270 0.000 0.000 0.000 0.001 0.000 0.001 0.000 0.163 0.044 0.000 0.019 0.001 0.001 0.001 0.000 0.026 0.000 0.000 0.001 0.004 0.095 0.021 0.000 0.001 
23 crocodile_vis 30 0.995 0.007 0.635 0.001 0.326 0.003 0.001 0.001 0.001 0.023 0.002 0.001 0.078 0.000 0.000 0.001 0.045 0.007 0.029 0.008 0.003 0.142 0.005 0.000 0.001 0.001 0.000 0.000 0.000 0.006 0.003 0.027 0.003 0.148 0.003 0.000 0.001 0.000 0.000 0.004 0.001 0.002 0.005 0.000 0.000 0.001 0.002 0.001 0.000 0.000 0.001 0.000 0.034 0.002 0.009 0.002 0.000 0.013 
24 axe_vis 30 0.004 0.001 0.002 0.001 0.001 0.997 0.995 0.001 0.005 0.006 0.000 0.000 0.000 0.002 0.017 0.000 0.001 0.001 0.000 0.029 0.036 0.000 0.000 0.001 0.007 0.000 0.002 0.000 0.013 0.000 0.000 0.000 0.000 0.000 0.004 0.045 0.967 0.082 0.017 0.016 0.031 0.000 0.001 0.002 0.003 0.006 0.000 0.000 0.005 0.000 0.002 0.000 0.001 0.000 0.044 0.000 0.023 0.000 
25 hammer_vis 30 0.004 0.000 0.000 0.003 0.002 0.997 0.987 0.039 0.002 0.001 0.000 0.000 0.000 0.000 0.010 0.000 0.001 0.000 0.000 0.001 0.003 0.000 0.000 0.013 0.001 0.000 0.012 0.001 0.003 0.001 0.001 0.001 0.000 0.000 0.001 0.736 0.007 0.004 0.010 0.238 0.003 0.000 0.037 0.009 0.002 0.002 0.000 0.000 0.007 0.000 0.014 0.001 0.000 0.000 0.004 0.000 0.002 0.001 
26 screwdriver_vis 30 0.003 0.001 0.001 0.001 0.001 0.997 0.994 0.001 0.003 0.008 0.000 0.000 0.000 0.001 0.007 0.000 0.000 0.000 0.000 0.034 0.015 0.000 0.000 0.000 0.009 0.000 0.001 0.000 0.006 0.000 0.000 0.001 0.000 0.000 0.002 0.048 0.977 0.009 0.007 0.047 0.072 0.000 0.001 0.002 0.004 0.001 0.000 0.000 0.003 0.000 0.002 0.000 0.001 0.000 0.122 0.000 0.010 0.001 
27 chisel_vis 30 0.003 0.000 0.000 0.002 0.001 0.997 0.090 0.979 0.003 0.001 0.000 0.000 0.000 0.000 0.001 0.000 0.000 0.000 0.000 0.000 0.000 0.000 0.000 0.005 0.001 0.000 0.011 0.021 0.000 0.004 0.001 0.000 0.000 0.000 0.008 0.059 0.002 0.040 0.001 0.015 0.036 0.001 0.010 0.969 0.000 0.035 0.000 0.000 0.068 0.000 0.001 0.002 0.000 0.000 0.001 0.001 0.015 0.001 
28 saw_vis 30 0.005 0.000 0.001 0.001 0.001 0.996 0.994 0.005 0.001 0.002 0.000 0.000 0.000 0.000 0.008 0.000 0.002 0.000 0.000 0.007 0.005 0.000 0.000 0.007 0.001 0.000 0.004 0.000 0.002 0.001 0.000 0.001 0.000 0.000 0.002 0.069 0.006 0.002 0.129 0.976 0.001 0.001 0.010 0.004 0.030 0.000 0.000 0.000 0.002 0.000 0.019 0.000 0.000 0.000 0.003 0.000 0.002 0.001 
29 drill_vis 30 0.003 0.000 0.000 0.001 0.001 0.997 0.992 0.003 0.001 0.002 0.000 0.000 0.000 0.000 0.004 0.000 0.001 0.000 0.000 0.006 0.002 0.000 0.000 0.001 0.001 0.000 0.002 0.000 0.001 0.001 0.000 0.001 0.000 0.000 0.003 0.050 0.007 0.001 0.005 0.949 0.001 0.001 0.007 0.004 0.010 0.000 0.000 0.000 0.002 0.000 0.010 0.000 0.000 0.000 0.005 0.000 0.001 0.001 
30 clamp_vis 30 0.003 0.000 0.000 0.002 0.001 0.997 0.059 0.995 0.002 0.001 0.000 0.000 0.000 0.000 0.000 0.000 0.000 0.000 0.000 0.000 0.000 0.000 0.001 0.004 0.000 0.000 0.011 0.007 0.000 0.037 0.000 0.001 0.000 0.000 0.003 0.588 0.000 0.001 0.000 0.079 0.030 0.001 0.161 0.976 0.001 0.004 0.000 0.000 0.039 0.000 0.016 0.001 0.000 0.000 0.002 0.001 0.003 0.001 
31 hoe_vis 30 0.002 0.001 0.000 0.001 0.001 0.997 0.001 0.995 0.001 0.009 0.000 0.000 0.000 0.000 0.000 0.011 0.000 0.000 0.000 0.000 0.000 0.001 0.002 0.000 0.000 0.000 0.000 0.002 0.000 0.001 0.000 0.000 0.000 0.001 0.001 0.000 0.000 0.001 0.000 0.000 0.101 0.800 0.018 0.022 0.003 0.363 0.000 0.000 0.000 0.003 0.000 0.001 0.000 0.000 0.032 0.007 0.000 0.001 
32 rake_vis 30 0.003 0.000 0.000 0.002 0.001 0.997 0.007 0.995 0.002 0.002 0.000 0.000 0.000 0.000 0.000 0.002 0.001 0.000 0.004 0.000 0.000 0.001 0.001 0.001 0.000 0.009 0.000 0.000 0.000 0.029 0.000 0.005 0.000 0.001 0.005 0.006 0.000 0.000 0.001 0.039 0.003 0.002 0.954 0.138 0.010 0.002 0.004 0.000 0.000 0.000 0.000 0.001 0.000 0.000 0.040 0.001 0.000 0.001 
33 shovel_vis 30 0.003 0.000 0.000 0.002 0.001 0.997 0.015 0.995 0.001 0.002 0.000 0.000 0.000 0.000 0.000 0.001 0.000 0.000 0.000 0.000 0.000 0.000 0.001 0.001 0.000 0.000 0.003 0.022 0.000 0.019 0.001 0.000 0.000 0.001 0.052 0.035 0.000 0.003 0.000 0.072 0.029 0.010 0.120 0.985 0.000 0.027 0.000 0.000 0.041 0.001 0.001 0.001 0.000 0.000 0.002 0.002 0.003 0.001 
34 spade_vis 30 0.002 0.001 0.000 0.002 0.001 0.997 0.009 0.966 0.001 0.104 0.000 0.030 0.000 0.000 0.000 0.000 0.000 0.000 0.033 0.000 0.000 0.001 0.001 0.000 0.000 0.002 0.000 0.000 0.000 0.000 0.000 0.001 0.000 0.001 0.001 0.001 0.000 0.000 0.003 0.002 0.002 0.025 0.110 0.001 0.458 0.001 0.000 0.000 0.000 0.000 0.000 0.001 0.001 0.000 0.606 0.000 0.000 0.001 
35 wrench_vis 30 0.003 0.002 0.000 0.002 0.001 0.997 0.001 0.995 0.001 0.017 0.000 0.000 0.000 0.000 0.000 0.069 0.000 0.001 0.000 0.000 0.000 0.011 0.002 0.001 0.000 0.001 0.000 0.016 0.000 0.001 0.001 0.000 0.000 0.002 0.026 0.001 0.000 0.002 0.000 0.000 0.006 0.164 0.335 0.584 0.001 0.659 0.000 0.000 0.001 0.005 0.000 0.002 0.000 0.000 0.019 0.005 0.001 0.002 
36 accordion_vis 30 0.003 0.001 0.002 0.013 0.001 0.996 0.010 0.006 0.984 0.002 0.000 0.001 0.000 0.169 0.000 0.001 0.000 0.007 0.000 0.005 0.000 0.000 0.001 0.222 0.005 0.001 0.000 0.001 0.000 0.001 0.000 0.000 0.000 0.000 0.002 0.048 0.001 0.000 0.027 0.000 0.000 0.000 0.003 0.001 0.001 0.003 0.444 0.002 0.863 0.011 0.008 0.000 0.000 0.006 0.000 0.000 0.019 0.001 
37 cello_vis 30 0.004 0.001 0.003 0.002 0.001 0.996 0.052 0.002 0.994 0.147 0.001 0.000 0.000 0.002 0.000 0.001 0.002 0.018 0.000 0.001 0.003 0.000 0.004 0.000 0.004 0.001 0.000 0.001 0.000 0.001 0.001 0.001 0.004 0.001 0.001 0.002 0.147 0.001 0.001 0.000 0.044 0.000 0.002 0.000 0.004 0.008 0.062 0.975 0.005 0.005 0.022 0.009 0.000 0.002 0.001 0.003 0.005 0.078 
38 flute_vis 30 0.003 0.000 0.000 0.045 0.001 0.997 0.010 0.072 0.975 0.001 0.000 0.000 0.000 0.026 0.000 0.000 0.000 0.001 0.000 0.002 0.000 0.000 0.001 0.091 0.008 0.001 0.001 0.006 0.000 0.000 0.000 0.000 0.000 0.000 0.003 0.313 0.001 0.004 0.001 0.001 0.000 0.000 0.014 0.064 0.001 0.003 0.056 0.000 0.986 0.004 0.005 0.001 0.000 0.000 0.000 0.001 0.039 0.001 
39 guitar_vis 30 0.003 0.019 0.001 0.002 0.000 0.997 0.001 0.021 0.911 0.051 0.000 0.019 0.000 0.003 0.000 0.044 0.000 0.023 0.001 0.000 0.000 0.000 0.003 0.001 0.000 0.002 0.000 0.002 0.000 0.001 0.001 0.000 0.000 0.000 0.001 0.000 0.000 0.001 0.001 0.000 0.000 0.004 0.001 0.001 0.001 0.128 0.005 0.001 0.005 0.973 0.001 0.002 0.002 0.037 0.000 0.009 0.010 0.001 
40 piano_vis 30 0.004 0.002 0.010 0.001 0.001 0.996 0.051 0.001 0.991 0.003 0.000 0.000 0.000 0.062 0.006 0.000 0.002 0.001 0.000 0.002 0.067 0.000 0.000 0.041 0.001 0.000 0.002 0.000 0.002 0.001 0.000 0.000 0.000 0.000 0.003 0.024 0.016 0.000 0.029 0.000 0.000 0.000 0.001 0.000 0.000 0.001 0.059 0.003 0.068 0.001 0.951 0.001 0.001 0.001 0.000 0.000 0.064 0.002 
41 trumpet_vis 30 0.003 0.001 0.000 0.003 0.001 0.997 0.014 0.018 0.950 0.010 0.000 0.000 0.000 0.000 0.000 0.002 0.000 0.001 0.000 0.000 0.000 0.000 0.003 0.000 0.001 0.002 0.009 0.003 0.001 0.000 0.002 0.001 0.000 0.001 0.000 0.304 0.001 0.013 0.000 0.000 0.052 0.001 0.009 0.002 0.003 0.024 0.001 0.003 0.032 0.008 0.014 0.128 0.000 0.001 0.001 0.006 0.005 0.008 
42 fork_vis 30 0.003 0.003 0.001 0.001 0.001 0.997 0.005 0.001 0.001 0.992 0.000 0.001 0.035 0.000 0.000 0.000 0.002 0.001 0.000 0.000 0.000 0.002 0.001 0.000 0.000 0.000 0.000 0.000 0.000 0.001 0.001 0.000 0.000 0.005 0.001 0.000 0.001 0.006 0.001 0.013 0.007 0.006 0.002 0.000 0.009 0.001 0.000 0.001 0.000 0.000 0.000 0.001 0.156 0.005 0.115 0.006 0.003 0.317 
43 spoon_vis 30 0.002 0.003 0.000 0.001 0.001 0.997 0.002 0.001 0.005 0.991 0.000 0.001 0.000 0.001 0.000 0.006 0.000 0.001 0.001 0.000 0.000 0.002 0.003 0.000 0.000 0.000 0.000 0.000 0.000 0.001 0.001 0.000 0.000 0.001 0.002 0.000 0.001 0.000 0.001 0.002 0.001 0.001 0.001 0.001 0.001 0.001 0.002 0.008 0.001 0.010 0.000 0.000 0.001 0.136 0.034 0.644 0.037 0.020 
44 tongs_vis 30 0.004 0.001 0.000 0.001 0.006 0.997 0.004 0.624 0.001 0.901 0.000 0.015 0.001 0.000 0.000 0.000 0.000 0.000 0.006 0.000 0.000 0.043 0.003 0.000 0.000 0.000 0.000 0.001 0.000 0.006 0.001 0.000 0.000 0.023 0.003 0.001 0.000 0.001 0.002 0.013 0.004 0.020 0.493 0.002 0.034 0.002 0.000 0.000 0.000 0.000 0.000 0.001 0.002 0.000 0.836 0.002 0.001 0.032 
45 ladle_vis 30 0.003 0.001 0.000 0.001 0.001 0.997 0.002 0.045 0.012 0.959 0.000 0.000 0.000 0.000 0.000 0.013 0.000 0.001 0.000 0.000 0.000 0.001 0.004 0.000 0.000 0.000 0.000 0.001 0.000 0.004 0.001 0.000 0.000 0.001 0.009 0.000 0.000 0.003 0.001 0.001 0.161 0.008 0.003 0.054 0.001 0.010 0.000 0.007 0.001 0.036 0.000 0.000 0.001 0.003 0.030 0.974 0.033 0.007 
46 knife_vis 30 0.002 0.001 0.000 0.001 0.000 0.997 0.001 0.002 0.003 0.804 0.000 0.000 0.000 0.006 0.000 0.001 0.000 0.001 0.000 0.000 0.000 0.000 0.001 0.000 0.000 0.000 0.000 0.007 0.000 0.001 0.001 0.000 0.000 0.001 0.001 0.000 0.002 0.001 0.001 0.002 0.004 0.000 0.001 0.047 0.000 0.002 0.000 0.000 0.071 0.004 0.001 0.000 0.000 0.006 0.002 0.246 0.517 0.005 
47 chopsticks_vis 30 0.004 0.002 0.000 0.001 0.005 0.997 0.003 0.005 0.009 0.994 0.000 0.000 0.007 0.000 0.000 0.000 0.001 0.001 0.000 0.000 0.000 0.001 0.005 0.000 0.000 0.000 0.000 0.001 0.000 0.003 0.005 0.000 0.000 0.016 0.002 0.001 0.001 0.005 0.000 0.011 0.017 0.001 0.015 0.001 0.002 0.002 0.000 0.096 0.000 0.001 0.002 0.003 0.020 0.012 0.125 0.065 0.017 0.838 
