0 beaver_vis 30 0.995 0.994 0.001 0.001 0.004 0.001 0.000 0.001 0.010 0.001 0.003 0.924 0.011 0.010 0.007 0.532 0.001 0.003 0.001 0.000 0.006 0.000 0.000 0.002 0.000 0.003 0.001 0.001 0.002 0.001 0.062 0.000 0.000 0.000 0.001 0.002 0.002 0.000 0.001 0.000 0.001 0.001 0.001 0.000 0.000 0.003 0.049 0.005 0.027 0.001 0.004 0.001 0.000 0.001 0.000 0.001 0.001 0.000 
1 bear_vis 30 0.995 0.994 0.001 0.001 0.004 0.001 0.000 0.001 0.058 0.001 0.001 0.937 0.026 0.018 0.004 0.757 0.001 0.003 0.001 0.000 0.007 0.000 0.000 0.004 0.000 0.002 0.001 0.002 0.002 0.001 0.105 0.000 0.000 0.000 0.001 0.002 0.001 0.000 0.001 0.000 0.001 0.001 0.002 0.000 0.000 0.007 0.123 0.006 0.074 0.001 0.008 0.001 0.000 0.001 0.000 0.001 0.001 0.000 
2 sheep_vis 30 0.995 0.982 0.004 0.001 0.006 0.001 0.000 0.001 0.005 0.001 0.007 0.258 0.008 0.007 0.110 0.450 0.001 0.001 0.001 0.000 0.147 0.020 0.000 0.003 0.000 0.001 0.001 0.016 0.002 0.001 0.028 0.000 0.001 0.001 0.001 0.001 0.021 0.001 0.001 0.001 0.001 0.001 0.001 0.000 0.000 0.007 0.023 0.001 0.020 0.001 0.002 0.001 0.000 0.001 0.000 0.001 0.002 0.000 
3 buffalo_vis 30 0.995 0.994 0.001 0.001 0.003 0.001 0.001 0.001 0.127 0.001 0.001 0.032 0.016 0.006 0.010 0.968 0.001 0.001 0.001 0.000 0.002 0.001 0.000 0.018 0.000 0.001 0.001 0.001 0.001 0.003 0.010 0.001 0.000 0.000 0.001 0.004 0.001 0.002 0.001 0.000 0.020 0.001 0.001 0.000 0.000 0.002 0.007 0.213 0.027 0.001 0.004 0.128 0.000 0.001 0.000 0.003 0.001 0.000 
4 poodle_vis 30 0.995 0.994 0.001 0.001 0.003 0.001 0.001 0.001 0.114 0.001 0.001 0.105 0.024 0.008 0.016 0.958 0.001 0.001 0.001 0.000 0.003 0.001 0.000 0.010 0.000 0.001 0.001 0.003 0.001 0.002 0.020 0.000 0.000 0.000 0.001 0.004 0.001 0.001 0.001 0.000 0.001 0.001 0.001 0.000 0.000 0.004 0.023 0.107 0.036 0.001 0.004 0.024 0.000 0.001 0.000 0.004 0.001 0.000 
5 giraffe_vis 30 0.995 0.994 0.001 0.001 0.003 0.001 0.000 0.001 0.148 0.001 0.001 0.036 0.018 0.006 0.012 0.968 0.001 0.001 0.001 0.000 0.002 0.001 0.000 0.017 0.000 0.001 0.001 0.002 0.001 0.003 0.012 0.000 0.000 0.000 0.001 0.004 0.001 0.002 0.001 0.000 0.006 0.001 0.001 0.000 0.000 0.002 0.010 0.216 0.033 0.001 0.003 0.073 0.000 0.001 0.000 0.003 0.001 0.000 
6 robin_vis 30 0.996 0.962 0.041 0.001 0.002 0.001 0.001 0.001 0.001 0.001 0.038 0.465 0.004 0.003 0.229 0.113 0.001 0.005 0.002 0.001 0.274 0.009 0.000 0.001 0.001 0.003 0.003 0.012 0.002 0.001 0.013 0.001 0.000 0.001 0.004 0.001 0.232 0.001 0.001 0.000 0.001 0.001 0.001 0.001 0.001 0.003 0.003 0.001 0.017 0.001 0.001 0.001 0.000 0.001 0.000 0.001 0.001 0.000 
7 swan_vis 30 0.996 0.976 0.007 0.001 0.003 0.001 0.002 0.001 0.000 0.001 0.962 0.041 0.027 0.000 0.003 0.003 0.001 0.045 0.003 0.001 0.002 0.002 0.000 0.001 0.002 0.001 0.016 0.001 0.018 0.001 0.000 0.001 0.000 0.001 0.006 0.000 0.001 0.000 0.001 0.001 0.001 0.001 0.001 0.001 0.002 0.001 0.001 0.000 0.001 0.001 0.000 0.001 0.000 0.001 0.000 0.000 0.001 0.000 
8 woodpecker_vis 30 0.996 0.958 0.006 0.001 0.001 0.001 0.001 0.001 0.001 0.001 0.023 0.778 0.004 0.002 0.060 0.039 0.001 0.008 0.001 0.001 0.030 0.001 0.000 0.001 0.001 0.004 0.005 0.004 0.001 0.001 0.004 0.000 0.000 0.001 0.004 0.000 0.177 0.000 0.001 0.000 0.001 0.001 0.001 0.000 0.001 0.001 0.004 0.001 0.004 0.001 0.001 0.001 0.000 0.001 0.000 0.001 0.001 0.000 
9 peacock_vis 30 0.995 0.889 0.008 0.002 0.001 0.001 0.001 0.001 0.001 0.001 0.284 0.262 0.023 0.000 0.003 0.001 0.001 0.162 0.006 0.004 0.001 0.001 0.000 0.001 0.005 0.001 0.040 0.001 0.002 0.001 0.000 0.000 0.000 0.001 0.014 0.000 0.001 0.000 0.001 0.000 0.000 0.001 0.001 0.000 0.001 0.001 0.001 0.000 0.000 0.001 0.000 0.000 0.000 0.001 0.001 0.000 0.001 0.000 
10 crow_vis 30 0.994 0.993 0.002 0.001 0.001 0.001 0.002 0.001 0.066 0.001 0.001 0.144 0.010 0.004 0.009 0.780 0.001 0.001 0.001 0.000 0.006 0.000 0.000 0.006 0.001 0.002 0.001 0.003 0.001 0.001 0.003 0.001 0.000 0.001 0.002 0.006 0.006 0.001 0.002 0.000 0.002 0.001 0.001 0.001 0.001 0.001 0.002 0.095 0.013 0.001 0.006 0.072 0.000 0.001 0.000 0.001 0.001 0.000 
11 eagle_vis 30 0.996 0.986 0.003 0.001 0.004 0.001 0.001 0.001 0.001 0.001 0.839 0.100 0.022 0.001 0.013 0.011 0.001 0.008 0.003 0.001 0.003 0.001 0.000 0.001 0.001 0.001 0.008 0.001 0.006 0.001 0.001 0.001 0.000 0.001 0.003 0.000 0.003 0.000 0.001 0.001 0.001 0.001 0.001 0.000 0.001 0.001 0.001 0.001 0.001 0.001 0.001 0.001 0.000 0.001 0.000 0.000 0.001 0.000 
12 tuna_vis 30 0.992 0.026 0.001 0.966 0.003 0.001 0.001 0.001 0.001 0.001 0.001 0.056 0.002 0.000 0.001 0.001 0.001 0.018 0.002 0.001 0.000 0.000 0.001 0.106 0.044 0.395 0.409 0.002 0.004 0.001 0.002 0.001 0.000 0.009 0.014 0.001 0.001 0.000 0.001 0.000 0.001 0.001 0.001 0.000 0.002 0.001 0.002 0.033 0.001 0.001 0.001 0.001 0.000 0.001 0.001 0.000 0.001 0.000 
13 goldfish_vis 30 0.992 0.859 0.001 0.115 0.793 0.001 0.001 0.001 0.873 0.001 0.001 0.139 0.002 0.023 0.001 0.778 0.001 0.000 0.001 0.000 0.001 0.000 0.000 0.693 0.001 0.221 0.004 0.001 0.020 0.310 0.899 0.004 0.001 0.002 0.001 0.103 0.000 0.000 0.001 0.000 0.008 0.001 0.002 0.000 0.001 0.003 0.137 0.668 0.180 0.001 0.087 0.245 0.000 0.001 0.001 0.004 0.001 0.000 
14 salmon_vis 30 0.989 0.017 0.001 0.988 0.003 0.001 0.001 0.001 0.001 0.001 0.001 0.012 0.002 0.000 0.000 0.001 0.001 0.003 0.006 0.001 0.001 0.000 0.003 0.006 0.536 0.438 0.054 0.002 0.001 0.002 0.001 0.004 0.000 0.001 0.044 0.001 0.001 0.001 0.001 0.000 0.001 0.001 0.001 0.000 0.005 0.001 0.001 0.006 0.001 0.001 0.001 0.001 0.000 0.001 0.002 0.001 0.001 0.000 
15 sardine_vis 30 0.993 0.016 0.001 0.984 0.005 0.001 0.002 0.001 0.003 0.001 0.001 0.058 0.001 0.000 0.001 0.001 0.001 0.001 0.001 0.000 0.001 0.000 0.001 0.212 0.004 0.906 0.025 0.003 0.002 0.003 0.004 0.002 0.000 0.007 0.003 0.003 0.001 0.000 0.001 0.000 0.001 0.001 0.001 0.000 0.002 0.001 0.002 0.150 0.001 0.001 0.001 0.011 0.000 0.001 0.001 0.001 0.001 0.000 
16 catfish_vis 30 0.991 0.026 0.001 0.982 0.005 0.001 0.002 0.001 0.001 0.001 0.002 0.022 0.002 0.000 0.001 0.001 0.001 0.010 0.002 0.000 0.001 0.001 0.002 0.189 0.042 0.348 0.559 0.003 0.007 0.003 0.001 0.001 0.000 0.014 0.011 0.001 0.001 0.001 0.001 0.001 0.001 0.001 0.001 0.000 0.003 0.001 0.001 0.040 0.000 0.001 0.001 0.001 0.000 0.001 0.001 0.000 0.001 0.000 
17 cod_vis 30 0.992 0.013 0.001 0.983 0.007 0.001 0.001 0.001 0.014 0.001 0.001 0.055 0.001 0.000 0.001 0.002 0.001 0.001 0.001 0.000 0.001 0.000 0.001 0.410 0.002 0.853 0.021 0.002 0.002 0.004 0.008 0.002 0.000 0.006 0.002 0.005 0.001 0.000 0.001 0.000 0.001 0.001 0.001 0.000 0.001 0.001 0.002 0.184 0.002 0.001 0.001 0.016 0.000 0.001 0.001 0.001 0.001 0.000 
18 turtle_vis 30 0.995 0.926 0.001 0.004 0.157 0.001 0.001 0.001 0.226 0.001 0.001 0.044 0.001 0.002 0.002 0.759 0.001 0.000 0.000 0.000 0.003 0.000 0.000 0.028 0.000 0.009 0.001 0.001 0.008 0.018 0.248 0.003 0.000 0.001 0.001 0.027 0.000 0.001 0.001 0.000 0.003 0.001 0.001 0.000 0.001 0.003 0.004 0.203 0.043 0.001 0.010 0.077 0.000 0.000 0.001 0.001 0.001 0.000 
19 rattlesnake_vis 30 0.734 0.021 0.001 0.006 0.390 0.002 0.001 0.001 0.128 0.001 0.000 0.006 0.001 0.001 0.000 0.019 0.001 0.000 0.000 0.000 0.001 0.000 0.000 0.095 0.000 0.004 0.001 0.001 0.007 0.070 0.138 0.009 0.000 0.001 0.001 0.933 0.000 0.000 0.001 0.000 0.003 0.001 0.011 0.000 0.001 0.001 0.001 0.016 0.009 0.001 0.942 0.002 0.000 0.000 0.000 0.001 0.001 0.000 
20 crab_vis 30 0.994 0.992 0.001 0.004 0.026 0.001 0.001 0.001 0.277 0.001 0.001 0.021 0.006 0.004 0.005 0.930 0.001 0.000 0.000 0.000 0.001 0.000 0.000 0.044 0.000 0.007 0.001 0.001 0.002 0.022 0.041 0.001 0.000 0.001 0.001 0.018 0.000 0.001 0.001 0.000 0.007 0.001 0.001 0.000 0.000 0.002 0.004 0.458 0.031 0.001 0.006 0.209 0.000 0.000 0.000 0.002 0.000 0.000 
21 frog_vis 30 0.990 0.024 0.001 0.010 0.982 0.001 0.001 0.001 0.529 0.001 0.001 0.010 0.005 0.001 0.001 0.007 0.001 0.002 0.001 0.000 0.001 0.000 0.000 0.007 0.002 0.012 0.001 0.001 0.484 0.170 0.173 0.100 0.004 0.001 0.002 0.018 0.000 0.001 0.001 0.000 0.001 0.001 0.001 0.000 0.001 0.003 0.002 0.393 0.003 0.006 0.006 0.089 0.000 0.001 0.001 0.001 0.001 0.000 
22 gecko_vis 30 0.994 0.978 0.001 0.013 0.116 0.001 0.001 0.001 0.685 0.001 0.001 0.079 0.004 0.013 0.002 0.890 0.001 0.000 0.000 0.000 0.001 0.000 0.000 0.179 0.000 0.029 0.001 0.001 0.004 0.104 0.181 0.002 0.000 0.001 0.001 0.050 0.000 0.000 0.001 0.000 0.017 0.001 0.001 0.000 0.001 0.001 0.010 0.808 0.070 0.001 0.025 0.341 0.000 0.000 0.000 0.002 0.000 0.000 
23 crocodile_vis 30 0.995 0.035 0.525 0.175 0.026 0.001 0.015 0.001 0.001 0.001 0.001 0.109 0.001 0.000 0.006 0.003 0.000 0.007 0.001 0.001 0.089 0.001 0.000 0.020 0.002 0.483 0.022 0.010 0.007 0.003 0.023 0.006 0.001 0.049 0.004 0.045 0.001 0.003 0.001 0.000 0.001 0.001 0.002 0.000 0.002 0.001 0.002 0.017 0.015 0.001 0.001 0.004 0.000 0.000 0.002 0.001 0.001 0.000 
24 axe_vis 30 0.704 0.790 0.446 0.004 0.002 0.178 0.261 0.002 0.011 0.006 0.758 0.120 0.256 0.006 0.086 0.035 0.029 0.446 0.114 0.008 0.100 0.027 0.001 0.002 0.056 0.005 0.034 0.002 0.104 0.002 0.002 0.003 0.001 0.001 0.522 0.002 0.015 0.012 0.011 0.003 0.001 0.001 0.001 0.009 0.002 0.009 0.001 0.006 0.012 0.023 0.001 0.001 0.001 0.007 0.001 0.002 0.002 0.010 
25 hammer_vis 30 0.014 0.081 0.001 0.001 0.001 0.983 0.955 0.001 0.008 0.001 0.000 0.011 0.001 0.000 0.006 0.004 0.000 0.000 0.001 0.000 0.002 0.000 0.000 0.002 0.000 0.022 0.000 0.001 0.003 0.002 0.001 0.001 0.000 0.001 0.008 0.678 0.019 0.048 0.001 0.001 0.015 0.001 0.001 0.001 0.001 0.001 0.001 0.109 0.082 0.001 0.001 0.001 0.000 0.001 0.002 0.001 0.001 0.001 
26 screwdriver_vis 30 0.821 0.967 0.003 0.001 0.001 0.862 0.070 0.002 0.007 0.001 0.002 0.217 0.007 0.033 0.024 0.534 0.001 0.009 0.009 0.000 0.215 0.001 0.000 0.003 0.000 0.002 0.001 0.002 0.000 0.001 0.002 0.001 0.000 0.000 0.008 0.006 0.262 0.002 0.001 0.001 0.001 0.001 0.001 0.002 0.001 0.007 0.001 0.002 0.752 0.002 0.002 0.001 0.000 0.001 0.001 0.001 0.001 0.001 
27 chisel_vis 30 0.007 0.074 0.029 0.001 0.001 0.995 0.968 0.002 0.007 0.012 0.002 0.001 0.007 0.001 0.014 0.006 0.001 0.001 0.002 0.000 0.009 0.002 0.000 0.001 0.001 0.000 0.000 0.001 0.001 0.001 0.000 0.001 0.000 0.000 0.008 0.003 0.013 0.970 0.001 0.007 0.002 0.001 0.001 0.003 0.001 0.001 0.001 0.003 0.008 0.015 0.001 0.001 0.001 0.001 0.001 0.001 0.063 0.001 
28 saw_vis 30 0.003 0.005 0.011 0.003 0.002 0.989 0.964 0.002 0.014 0.003 0.000 0.001 0.001 0.000 0.002 0.001 0.010 0.001 0.001 0.000 0.002 0.001 0.001 0.017 0.001 0.001 0.001 0.003 0.005 0.001 0.001 0.002 0.000 0.001 0.027 0.009 0.449 0.002 0.956 0.009 0.002 0.001 0.001 0.001 0.007 0.001 0.001 0.003 0.001 0.008 0.029 0.001 0.027 0.018 0.002 0.001 0.001 0.001 
29 drill_vis 30 0.003 0.005 0.020 0.005 0.002 0.810 0.579 0.002 0.012 0.003 0.001 0.001 0.001 0.000 0.004 0.001 0.087 0.001 0.002 0.000 0.001 0.001 0.002 0.023 0.000 0.001 0.001 0.004 0.010 0.002 0.001 0.002 0.000 0.001 0.017 0.003 0.198 0.002 0.923 0.012 0.003 0.001 0.001 0.001 0.022 0.001 0.001 0.004 0.001 0.007 0.017 0.001 0.030 0.014 0.004 0.001 0.001 0.001 
30 clamp_vis 30 0.017 0.040 0.001 0.003 0.003 0.493 0.001 0.175 0.002 0.001 0.000 0.001 0.001 0.000 0.000 0.000 0.000 0.000 0.001 0.000 0.000 0.000 0.000 0.002 0.001 0.001 0.000 0.001 0.002 0.002 0.000 0.001 0.000 0.000 0.001 0.013 0.000 0.010 0.001 0.001 0.178 0.001 0.007 0.002 0.008 0.001 0.001 0.001 0.000 0.000 0.001 0.048 0.000 0.000 0.004 0.001 0.001 0.000 
31 hoe_vis 30 0.002 0.004 0.001 0.009 0.002 0.995 0.000 0.983 0.064 0.001 0.000 0.001 0.002 0.000 0.000 0.001 0.000 0.000 0.001 0.000 0.000 0.000 0.003 0.006 0.000 0.000 0.000 0.001 0.001 0.001 0.001 0.001 0.001 0.000 0.001 0.000 0.000 0.001 0.001 0.001 0.004 0.824 0.001 0.001 0.276 0.059 0.113 0.001 0.001 0.001 0.033 0.027 0.001 0.000 0.001 0.004 0.001 0.000 
32 rake_vis 30 0.002 0.004 0.001 0.001 0.002 0.994 0.001 0.964 0.001 0.001 0.000 0.000 0.001 0.000 0.000 0.000 0.000 0.000 0.001 0.000 0.000 0.000 0.000 0.001 0.001 0.000 0.000 0.001 0.000 0.001 0.000 0.001 0.000 0.000 0.001 0.001 0.000 0.006 0.001 0.001 0.736 0.002 0.011 0.003 0.020 0.001 0.001 0.001 0.000 0.000 0.005 0.024 0.001 0.000 0.004 0.001 0.001 0.000 
33 shovel_vis 30 0.003 0.528 0.004 0.001 0.001 0.995 0.003 0.984 0.002 0.001 0.025 0.001 0.029 0.000 0.008 0.002 0.000 0.016 0.051 0.000 0.010 0.009 0.000 0.000 0.001 0.000 0.000 0.002 0.000 0.001 0.000 0.001 0.000 0.000 0.003 0.000 0.002 0.281 0.001 0.006 0.012 0.001 0.020 0.896 0.002 0.366 0.001 0.001 0.001 0.001 0.001 0.006 0.000 0.000 0.002 0.001 0.002 0.001 
34 spade_vis 30 0.002 0.017 0.001 0.014 0.002 0.910 0.001 0.991 0.002 0.001 0.000 0.003 0.002 0.000 0.000 0.000 0.000 0.000 0.001 0.000 0.000 0.000 0.008 0.001 0.001 0.000 0.001 0.021 0.002 0.001 0.000 0.002 0.001 0.000 0.002 0.000 0.001 0.001 0.003 0.002 0.024 0.030 0.002 0.019 0.966 0.004 0.013 0.001 0.000 0.000 0.001 0.025 0.003 0.000 0.004 0.001 0.001 0.000 
35 wrench_vis 30 0.003 0.033 0.001 0.001 0.002 0.995 0.001 0.019 0.728 0.001 0.000 0.000 0.002 0.000 0.000 0.002 0.000 0.000 0.001 0.000 0.001 0.000 0.000 0.001 0.001 0.000 0.000 0.001 0.000 0.002 0.000 0.001 0.000 0.000 0.001 0.001 0.000 0.004 0.001 0.000 0.032 0.002 0.002 0.001 0.002 0.085 0.003 0.006 0.001 0.001 0.001 0.909 0.000 0.000 0.001 0.001 0.001 0.000 
36 accordion_vis 30 0.003 0.038 0.001 0.005 0.003 0.983 0.001 0.001 0.994 0.002 0.000 0.024 0.004 0.000 0.000 0.005 0.000 0.001 0.000 0.000 0.001 0.000 0.000 0.007 0.002 0.000 0.001 0.000 0.006 0.002 0.004 0.001 0.000 0.000 0.033 0.001 0.001 0.001 0.002 0.000 0.001 0.001 0.001 0.000 0.003 0.016 0.963 0.135 0.011 0.022 0.030 0.003 0.000 0.002 0.014 0.014 0.001 0.000 
37 cello_vis 30 0.005 0.017 0.001 0.004 0.008 0.915 0.001 0.001 0.995 0.001 0.000 0.001 0.001 0.000 0.000 0.006 0.000 0.000 0.000 0.000 0.000 0.000 0.000 0.016 0.001 0.001 0.000 0.000 0.012 0.072 0.003 0.001 0.000 0.000 0.002 0.002 0.000 0.001 0.001 0.000 0.001 0.001 0.001 0.000 0.001 0.001 0.020 0.980 0.007 0.001 0.010 0.147 0.000 0.001 0.003 0.003 0.001 0.000 
38 flute_vis 30 0.007 0.145 0.001 0.001 0.001 0.995 0.025 0.002 0.722 0.001 0.000 0.131 0.001 0.034 0.000 0.240 0.000 0.003 0.001 0.000 0.014 0.000 0.000 0.007 0.000 0.001 0.000 0.000 0.001 0.001 0.010 0.001 0.000 0.000 0.005 0.013 0.096 0.002 0.001 0.001 0.001 0.001 0.001 0.001 0.001 0.040 0.007 0.011 0.982 0.009 0.008 0.001 0.000 0.001 0.001 0.004 0.001 0.000 
39 guitar_vis 30 0.620 0.815 0.001 0.001 0.002 0.588 0.001 0.001 0.201 0.001 0.001 0.020 0.017 0.089 0.001 0.579 0.001 0.002 0.006 0.000 0.019 0.000 0.000 0.010 0.000 0.000 0.001 0.000 0.001 0.001 0.006 0.001 0.000 0.000 0.002 0.001 0.007 0.001 0.001 0.001 0.001 0.001 0.001 0.000 0.001 0.060 0.032 0.010 0.593 0.010 0.005 0.001 0.000 0.001 0.001 0.004 0.001 0.000 
40 piano_vis 30 0.004 0.032 0.001 0.007 0.006 0.829 0.001 0.001 0.989 0.001 0.000 0.003 0.003 0.000 0.000 0.004 0.000 0.000 0.000 0.000 0.000 0.000 0.000 0.011 0.001 0.000 0.001 0.000 0.008 0.011 0.002 0.001 0.000 0.000 0.004 0.001 0.000 0.001 0.003 0.000 0.001 0.001 0.001 0.000 0.004 0.002 0.265 0.559 0.004 0.002 0.035 0.032 0.000 0.001 0.004 0.005 0.001 0.000 
41 trumpet_vis 30 0.002 0.006 0.001 0.003 0.003 0.995 0.001 0.004 0.987 0.001 0.000 0.000 0.001 0.000 0.000 0.002 0.000 0.000 0.000 0.000 0.000 0.000 0.000 0.009 0.000 0.000 0.000 0.000 0.003 0.012 0.001 0.001 0.000 0.000 0.001 0.001 0.000 0.002 0.001 0.000 0.009 0.004 0.001 0.000 0.006 0.157 0.017 0.373 0.001 0.001 0.001 0.986 0.000 0.000 0.001 0.002 0.001 0.000 
42 fork_vis 30 0.003 0.008 0.001 0.001 0.007 0.993 0.003 0.002 0.001 0.993 0.000 0.001 0.001 0.000 0.002 0.000 0.001 0.000 0.001 0.004 0.001 0.000 0.001 0.001 0.002 0.000 0.001 0.002 0.001 0.002 0.000 0.001 0.001 0.003 0.003 0.001 0.002 0.001 0.003 0.004 0.001 0.001 0.001 0.001 0.012 0.001 0.087 0.001 0.001 0.001 0.002 0.001 0.180 0.103 0.762 0.002 0.002 0.005 
43 spoon_vis 30 0.004 0.003 0.002 0.001 0.003 0.995 0.001 0.001 0.005 0.993 0.000 0.000 0.002 0.004 0.003 0.001 0.023 0.001 0.001 0.006 0.001 0.001 0.001 0.002 0.007 0.000 0.001 0.001 0.001 0.009 0.001 0.000 0.002 0.008 0.001 0.001 0.008 0.001 0.004 0.001 0.001 0.001 0.001 0.001 0.001 0.001 0.007 0.001 0.001 0.011 0.001 0.001 0.026 0.892 0.006 0.024 0.035 0.017 
44 tongs_vis 30 0.106 0.169 0.001 0.012 0.027 0.136 0.023 0.003 0.056 0.002 0.001 0.002 0.003 0.000 0.000 0.001 0.000 0.000 0.001 0.000 0.001 0.000 0.000 0.006 0.001 0.001 0.001 0.001 0.058 0.100 0.001 0.001 0.000 0.000 0.003 0.001 0.001 0.030 0.001 0.006 0.009 0.001 0.001 0.001 0.004 0.001 0.001 0.309 0.001 0.001 0.001 0.005 0.001 0.000 0.034 0.001 0.001 0.001 
45 ladle_vis 30 0.002 0.002 0.001 0.001 0.003 0.996 0.000 0.908 0.002 0.079 0.000 0.000 0.001 0.001 0.000 0.000 0.002 0.000 0.001 0.000 0.000 0.001 0.039 0.002 0.000 0.000 0.000 0.001 0.000 0.002 0.001 0.000 0.009 0.000 0.001 0.000 0.000 0.001 0.001 0.001 0.001 0.835 0.002 0.001 0.003 0.002 0.016 0.001 0.001 0.001 0.001 0.001 0.020 0.001 0.001 0.103 0.001 0.001 
46 knife_vis 30 0.008 0.011 0.011 0.001 0.001 0.995 0.003 0.001 0.006 0.987 0.000 0.000 0.005 0.001 0.009 0.002 0.004 0.000 0.001 0.000 0.003 0.013 0.000 0.001 0.002 0.000 0.000 0.001 0.000 0.001 0.000 0.001 0.001 0.003 0.003 0.001 0.005 0.018 0.002 0.007 0.001 0.001 0.001 0.001 0.001 0.002 0.001 0.001 0.002 0.019 0.001 0.001 0.013 0.010 0.002 0.011 0.888 0.004 
47 chopsticks_vis 30 0.003 0.009 0.001 0.001 0.007 0.994 0.002 0.002 0.002 0.992 0.000 0.001 0.002 0.000 0.001 0.001 0.000 0.000 0.001 0.006 0.001 0.000 0.001 0.001 0.003 0.000 0.000 0.001 0.001 0.003 0.000 0.001 0.001 0.007 0.003 0.001 0.001 0.002 0.001 0.003 0.001 0.001 0.006 0.001 0.002 0.001 0.005 0.001 0.001 0.001 0.001 0.001 0.062 0.003 0.890 0.001 0.002 0.065 
