0 beaver_vis 30 0.006 0.114 0.007 0.003 0.003 0.992 0.116 0.010 0.194 0.004 0.002 0.130 0.105 0.005 0.001 0.031 0.001 0.292 0.007 0.001 0.016 0.002 0.001 0.007 0.011 0.001 0.002 0.001 0.016 0.003 0.003 0.002 0.001 0.001 0.314 0.003 0.005 0.002 0.014 0.015 0.001 0.007 0.001 0.003 0.001 0.049 0.007 0.006 0.104 0.219 0.015 0.002 0.001 0.018 0.001 0.010 0.001 0.003 
1 bear_vis 30 0.002 0.002 0.001 0.001 0.003 0.995 0.001 0.002 0.875 0.001 0.000 0.001 0.000 0.001 0.000 0.002 0.000 0.000 0.000 0.000 0.001 0.000 0.000 0.013 0.000 0.000 0.000 0.001 0.001 0.002 0.002 0.001 0.000 0.000 0.000 0.007 0.002 0.000 0.005 0.031 0.036 0.003 0.001 0.000 0.001 0.001 0.004 0.005 0.007 0.001 0.972 0.001 0.002 0.001 0.001 0.002 0.001 0.000 
2 sheep_vis 30 0.002 0.002 0.001 0.005 0.004 0.996 0.010 0.004 0.890 0.002 0.000 0.004 0.011 0.002 0.000 0.012 0.001 0.038 0.001 0.000 0.002 0.000 0.000 0.023 0.016 0.000 0.002 0.000 0.013 0.015 0.007 0.002 0.001 0.000 0.026 0.003 0.001 0.002 0.003 0.006 0.001 0.005 0.001 0.001 0.001 0.125 0.007 0.008 0.734 0.229 0.008 0.002 0.000 0.001 0.001 0.019 0.001 0.001 
3 buffalo_vis 30 0.002 0.002 0.001 0.001 0.003 0.992 0.015 0.007 0.325 0.001 0.000 0.001 0.000 0.001 0.000 0.006 0.001 0.000 0.000 0.000 0.001 0.000 0.000 0.023 0.000 0.000 0.000 0.001 0.001 0.002 0.003 0.001 0.000 0.000 0.001 0.040 0.008 0.001 0.027 0.338 0.028 0.002 0.005 0.001 0.001 0.001 0.002 0.004 0.010 0.002 0.979 0.001 0.024 0.001 0.006 0.001 0.001 0.000 
4 poodle_vis 30 0.002 0.002 0.001 0.003 0.003 0.996 0.254 0.027 0.411 0.004 0.000 0.007 0.004 0.001 0.000 0.006 0.001 0.051 0.001 0.000 0.003 0.000 0.001 0.022 0.005 0.001 0.002 0.001 0.020 0.006 0.006 0.002 0.001 0.001 0.009 0.013 0.020 0.001 0.032 0.114 0.002 0.005 0.003 0.002 0.001 0.006 0.004 0.002 0.064 0.274 0.126 0.001 0.003 0.005 0.001 0.004 0.001 0.001 
5 giraffe_vis 30 0.002 0.002 0.001 0.001 0.003 0.993 0.004 0.004 0.715 0.001 0.000 0.001 0.000 0.001 0.000 0.004 0.000 0.000 0.000 0.000 0.001 0.000 0.000 0.015 0.000 0.000 0.000 0.001 0.001 0.002 0.002 0.001 0.000 0.000 0.001 0.014 0.004 0.001 0.010 0.202 0.030 0.002 0.002 0.000 0.001 0.001 0.004 0.005 0.007 0.001 0.986 0.001 0.008 0.001 0.004 0.001 0.001 0.000 
6 robin_vis 30 0.002 0.002 0.004 0.004 0.003 0.996 0.015 0.994 0.005 0.002 0.001 0.001 0.002 0.001 0.001 0.001 0.001 0.017 0.014 0.000 0.003 0.000 0.003 0.002 0.001 0.000 0.002 0.003 0.005 0.001 0.001 0.003 0.001 0.001 0.007 0.001 0.004 0.001 0.004 0.013 0.003 0.008 0.016 0.881 0.002 0.020 0.001 0.001 0.003 0.003 0.001 0.002 0.001 0.001 0.001 0.002 0.001 0.003 
7 swan_vis 30 0.002 0.001 0.007 0.003 0.003 0.996 0.035 0.995 0.001 0.003 0.001 0.001 0.001 0.000 0.001 0.000 0.001 0.007 0.018 0.000 0.003 0.001 0.011 0.002 0.000 0.000 0.001 0.012 0.003 0.001 0.001 0.003 0.002 0.001 0.004 0.002 0.007 0.001 0.020 0.064 0.005 0.018 0.007 0.940 0.007 0.003 0.000 0.001 0.002 0.001 0.002 0.001 0.004 0.001 0.001 0.001 0.001 0.007 
8 woodpecker_vis 30 0.002 0.001 0.001 0.005 0.003 0.996 0.001 0.589 0.182 0.002 0.000 0.000 0.002 0.001 0.000 0.002 0.001 0.013 0.001 0.000 0.001 0.000 0.001 0.024 0.002 0.000 0.002 0.001 0.004 0.003 0.002 0.001 0.002 0.001 0.001 0.001 0.001 0.001 0.001 0.000 0.001 0.018 0.004 0.009 0.001 0.664 0.006 0.001 0.006 0.152 0.001 0.004 0.000 0.001 0.000 0.006 0.001 0.002 
9 peacock_vis 30 0.002 0.001 0.003 0.004 0.004 0.996 0.004 0.995 0.001 0.020 0.000 0.000 0.000 0.003 0.001 0.000 0.002 0.001 0.008 0.001 0.001 0.000 0.068 0.002 0.000 0.000 0.001 0.005 0.001 0.001 0.001 0.001 0.008 0.001 0.001 0.001 0.001 0.000 0.001 0.033 0.005 0.077 0.017 0.923 0.001 0.003 0.001 0.001 0.002 0.001 0.001 0.001 0.008 0.001 0.000 0.004 0.001 0.056 
10 crow_vis 30 0.003 0.002 0.002 0.003 0.003 0.996 0.082 0.838 0.003 0.002 0.000 0.001 0.001 0.001 0.002 0.001 0.001 0.020 0.002 0.000 0.010 0.000 0.001 0.005 0.001 0.001 0.003 0.016 0.005 0.001 0.001 0.003 0.001 0.001 0.002 0.007 0.472 0.001 0.019 0.005 0.011 0.003 0.009 0.156 0.001 0.005 0.001 0.001 0.004 0.009 0.004 0.001 0.001 0.005 0.001 0.001 0.003 0.002 
11 eagle_vis 30 0.002 0.001 0.004 0.004 0.003 0.996 0.017 0.995 0.002 0.002 0.000 0.000 0.001 0.001 0.000 0.001 0.001 0.003 0.011 0.000 0.002 0.001 0.013 0.002 0.000 0.000 0.002 0.009 0.003 0.001 0.001 0.002 0.002 0.001 0.001 0.002 0.005 0.001 0.005 0.065 0.013 0.018 0.011 0.922 0.003 0.003 0.001 0.001 0.002 0.001 0.001 0.001 0.003 0.000 0.001 0.002 0.001 0.005 
12 tuna_vis 30 0.002 0.001 0.001 0.025 0.003 0.996 0.002 0.994 0.001 0.002 0.000 0.000 0.000 0.001 0.000 0.000 0.001 0.002 0.007 0.000 0.000 0.000 0.019 0.003 0.000 0.000 0.003 0.006 0.001 0.001 0.001 0.001 0.001 0.001 0.001 0.001 0.002 0.000 0.002 0.025 0.010 0.013 0.013 0.614 0.006 0.001 0.001 0.001 0.001 0.000 0.001 0.001 0.002 0.001 0.001 0.001 0.001 0.001 
13 goldfish_vis 30 0.002 0.002 0.001 0.002 0.003 0.992 0.137 0.012 0.078 0.002 0.000 0.001 0.000 0.000 0.000 0.001 0.001 0.000 0.000 0.000 0.000 0.000 0.000 0.005 0.000 0.000 0.001 0.001 0.001 0.001 0.001 0.002 0.000 0.000 0.001 0.010 0.039 0.001 0.054 0.365 0.065 0.002 0.001 0.001 0.002 0.001 0.001 0.003 0.002 0.001 0.603 0.001 0.052 0.001 0.003 0.001 0.001 0.001 
14 salmon_vis 30 0.002 0.006 0.001 0.011 0.002 0.976 0.002 0.994 0.003 0.001 0.000 0.003 0.001 0.000 0.000 0.001 0.000 0.000 0.001 0.000 0.001 0.000 0.007 0.001 0.000 0.000 0.001 0.030 0.002 0.001 0.001 0.002 0.001 0.000 0.001 0.001 0.002 0.001 0.011 0.004 0.024 0.016 0.002 0.034 0.891 0.001 0.003 0.001 0.001 0.001 0.004 0.002 0.006 0.001 0.001 0.001 0.001 0.001 
15 sardine_vis 30 0.002 0.001 0.017 0.006 0.002 0.995 0.890 0.026 0.007 0.003 0.000 0.000 0.001 0.000 0.001 0.001 0.016 0.003 0.001 0.000 0.001 0.001 0.001 0.011 0.000 0.001 0.001 0.004 0.005 0.001 0.001 0.003 0.000 0.001 0.004 0.003 0.124 0.001 0.934 0.014 0.002 0.002 0.001 0.002 0.005 0.001 0.001 0.001 0.001 0.028 0.010 0.001 0.035 0.023 0.001 0.001 0.001 0.001 
16 catfish_vis 30 0.020 0.001 0.032 0.774 0.003 0.333 0.203 0.006 0.003 0.007 0.000 0.000 0.000 0.000 0.000 0.001 0.003 0.003 0.013 0.000 0.001 0.347 0.014 0.069 0.001 0.001 0.050 0.300 0.001 0.001 0.000 0.004 0.000 0.001 0.003 0.003 0.006 0.001 0.289 0.366 0.002 0.002 0.001 0.001 0.014 0.001 0.001 0.001 0.001 0.021 0.007 0.001 0.025 0.001 0.001 0.002 0.006 0.001 
17 cod_vis 30 0.002 0.001 0.003 0.005 0.003 0.994 0.817 0.029 0.004 0.003 0.000 0.001 0.000 0.000 0.001 0.001 0.002 0.003 0.001 0.000 0.001 0.000 0.001 0.007 0.000 0.001 0.002 0.004 0.002 0.001 0.001 0.003 0.000 0.001 0.001 0.005 0.532 0.001 0.427 0.211 0.004 0.002 0.001 0.002 0.003 0.001 0.001 0.001 0.001 0.006 0.019 0.001 0.016 0.002 0.001 0.001 0.001 0.001 
18 turtle_vis 30 0.089 0.004 0.348 0.011 0.094 0.647 0.923 0.003 0.006 0.002 0.011 0.000 0.018 0.000 0.023 0.006 0.687 0.001 0.001 0.000 0.003 0.201 0.001 0.052 0.001 0.000 0.005 0.015 0.470 0.717 0.001 0.004 0.001 0.019 0.002 0.401 0.001 0.016 0.187 0.781 0.002 0.002 0.002 0.001 0.003 0.001 0.000 0.002 0.001 0.066 0.014 0.001 0.011 0.001 0.001 0.001 0.015 0.001 
19 rattlesnake_vis 30 0.002 0.001 0.008 0.002 0.004 0.995 0.946 0.004 0.049 0.004 0.000 0.000 0.001 0.000 0.001 0.001 0.019 0.000 0.001 0.000 0.001 0.009 0.000 0.007 0.000 0.000 0.000 0.002 0.017 0.022 0.001 0.002 0.000 0.001 0.001 0.166 0.001 0.041 0.176 0.665 0.019 0.004 0.001 0.001 0.003 0.001 0.001 0.003 0.002 0.010 0.082 0.001 0.104 0.001 0.001 0.001 0.006 0.001 
20 crab_vis 30 0.008 0.002 0.001 0.002 0.006 0.989 0.003 0.004 0.301 0.001 0.000 0.002 0.000 0.007 0.000 0.075 0.001 0.000 0.000 0.000 0.001 0.000 0.000 0.354 0.000 0.001 0.000 0.001 0.001 0.026 0.094 0.001 0.000 0.000 0.000 0.832 0.001 0.000 0.003 0.002 0.028 0.005 0.003 0.001 0.001 0.001 0.001 0.005 0.485 0.001 0.893 0.002 0.001 0.000 0.001 0.001 0.001 0.001 
21 frog_vis 30 0.002 0.001 0.026 0.003 0.005 0.995 0.979 0.006 0.007 0.003 0.000 0.000 0.001 0.000 0.003 0.001 0.048 0.000 0.001 0.000 0.001 0.023 0.001 0.009 0.000 0.000 0.001 0.004 0.043 0.041 0.000 0.005 0.001 0.002 0.006 0.108 0.002 0.051 0.114 0.660 0.005 0.002 0.001 0.001 0.006 0.001 0.000 0.002 0.001 0.015 0.012 0.001 0.027 0.001 0.001 0.001 0.008 0.001 
22 gecko_vis 30 0.002 0.002 0.001 0.004 0.005 0.996 0.004 0.986 0.003 0.002 0.000 0.002 0.000 0.001 0.001 0.001 0.001 0.000 0.001 0.000 0.001 0.000 0.002 0.012 0.000 0.001 0.001 0.028 0.001 0.003 0.001 0.001 0.001 0.001 0.001 0.006 0.466 0.000 0.003 0.006 0.124 0.012 0.059 0.228 0.002 0.001 0.001 0.001 0.001 0.000 0.004 0.002 0.001 0.001 0.001 0.002 0.001 0.001 
23 crocodile_vis 30 0.002 0.002 0.001 0.002 0.006 0.990 0.001 0.299 0.001 0.747 0.000 0.000 0.001 0.001 0.000 0.000 0.002 0.000 0.001 0.001 0.000 0.000 0.032 0.001 0.000 0.000 0.000 0.002 0.000 0.002 0.000 0.001 0.002 0.001 0.001 0.001 0.001 0.000 0.002 0.013 0.002 0.027 0.038 0.003 0.081 0.001 0.001 0.001 0.001 0.000 0.074 0.001 0.721 0.001 0.160 0.001 0.001 0.003 
24 axe_vis 30 0.002 0.002 0.232 0.047 0.012 0.996 0.994 0.026 0.576 0.091 0.001 0.000 0.004 0.000 0.001 0.002 0.068 0.001 0.014 0.000 0.004 0.000 0.002 0.015 0.002 0.001 0.001 0.003 0.020 0.098 0.001 0.417 0.001 0.001 0.670 0.460 0.061 0.127 0.988 0.402 0.224 0.008 0.001 0.026 0.319 0.001 0.001 0.154 0.008 0.064 0.543 0.004 0.312 0.009 0.003 0.001 0.001 0.035 
25 hammer_vis 30 0.002 0.001 0.003 0.002 0.004 0.996 0.631 0.980 0.008 0.001 0.000 0.000 0.000 0.000 0.014 0.003 0.001 0.000 0.001 0.000 0.004 0.000 0.000 0.023 0.000 0.001 0.000 0.060 0.001 0.001 0.001 0.005 0.001 0.002 0.001 0.409 0.157 0.007 0.006 0.004 0.858 0.003 0.004 0.209 0.001 0.001 0.000 0.002 0.011 0.001 0.005 0.009 0.001 0.000 0.001 0.001 0.001 0.001 
26 screwdriver_vis 30 0.002 0.001 0.002 0.004 0.003 0.996 0.054 0.995 0.008 0.001 0.000 0.001 0.000 0.001 0.001 0.002 0.001 0.001 0.003 0.000 0.004 0.000 0.001 0.006 0.000 0.001 0.001 0.019 0.001 0.001 0.001 0.004 0.001 0.001 0.002 0.009 0.388 0.001 0.009 0.008 0.044 0.008 0.010 0.825 0.002 0.004 0.001 0.001 0.012 0.001 0.002 0.002 0.001 0.000 0.000 0.001 0.001 0.001 
27 chisel_vis 30 0.002 0.001 0.003 0.003 0.004 0.996 0.069 0.993 0.007 0.001 0.000 0.000 0.000 0.000 0.001 0.001 0.001 0.003 0.006 0.000 0.003 0.000 0.003 0.003 0.000 0.001 0.001 0.005 0.004 0.002 0.001 0.005 0.001 0.001 0.003 0.016 0.013 0.007 0.003 0.020 0.023 0.004 0.011 0.870 0.001 0.004 0.000 0.002 0.009 0.001 0.001 0.003 0.001 0.000 0.001 0.001 0.001 0.003 
28 saw_vis 30 0.002 0.001 0.024 0.002 0.003 0.996 0.984 0.009 0.037 0.004 0.000 0.000 0.000 0.000 0.001 0.001 0.042 0.001 0.001 0.000 0.001 0.001 0.000 0.008 0.000 0.001 0.000 0.002 0.011 0.003 0.001 0.007 0.000 0.001 0.003 0.036 0.016 0.003 0.942 0.022 0.020 0.002 0.001 0.002 0.004 0.001 0.000 0.003 0.004 0.028 0.028 0.001 0.069 0.010 0.001 0.001 0.001 0.001 
29 drill_vis 30 0.002 0.001 0.013 0.002 0.004 0.996 0.993 0.008 0.022 0.010 0.000 0.000 0.000 0.000 0.001 0.001 0.009 0.000 0.001 0.000 0.001 0.002 0.000 0.004 0.000 0.000 0.000 0.003 0.004 0.010 0.000 0.008 0.000 0.001 0.002 0.084 0.009 0.248 0.186 0.807 0.116 0.002 0.001 0.002 0.002 0.001 0.000 0.003 0.003 0.011 0.027 0.001 0.083 0.000 0.002 0.001 0.013 0.001 
30 clamp_vis 30 0.002 0.001 0.007 0.002 0.005 0.996 0.491 0.988 0.002 0.001 0.000 0.000 0.000 0.000 0.002 0.001 0.001 0.000 0.001 0.000 0.002 0.002 0.001 0.006 0.000 0.000 0.000 0.049 0.004 0.003 0.001 0.004 0.001 0.002 0.000 0.132 0.004 0.047 0.002 0.084 0.468 0.013 0.008 0.648 0.003 0.001 0.000 0.001 0.004 0.000 0.002 0.007 0.002 0.000 0.001 0.001 0.001 0.006 
31 hoe_vis 30 0.002 0.001 0.001 0.002 0.004 0.996 0.000 0.989 0.003 0.022 0.000 0.000 0.001 0.014 0.000 0.000 0.001 0.000 0.001 0.000 0.001 0.000 0.040 0.003 0.000 0.000 0.000 0.002 0.000 0.002 0.002 0.001 0.014 0.000 0.000 0.001 0.001 0.001 0.001 0.001 0.003 0.930 0.012 0.013 0.002 0.007 0.002 0.001 0.005 0.001 0.003 0.002 0.012 0.001 0.000 0.028 0.001 0.005 
32 rake_vis 30 0.002 0.001 0.003 0.003 0.006 0.996 0.286 0.995 0.004 0.001 0.000 0.000 0.000 0.001 0.001 0.001 0.001 0.000 0.002 0.000 0.002 0.000 0.002 0.010 0.000 0.000 0.001 0.049 0.003 0.002 0.001 0.003 0.001 0.001 0.000 0.187 0.004 0.003 0.002 0.037 0.308 0.031 0.020 0.848 0.002 0.002 0.000 0.001 0.011 0.000 0.003 0.005 0.002 0.000 0.000 0.002 0.001 0.005 
33 shovel_vis 30 0.002 0.001 0.002 0.003 0.003 0.996 0.052 0.996 0.002 0.001 0.000 0.001 0.001 0.001 0.001 0.001 0.001 0.001 0.007 0.000 0.003 0.000 0.004 0.002 0.000 0.000 0.001 0.019 0.001 0.001 0.001 0.003 0.002 0.001 0.001 0.005 0.036 0.002 0.002 0.042 0.034 0.026 0.019 0.965 0.003 0.006 0.001 0.001 0.003 0.001 0.001 0.002 0.001 0.000 0.000 0.002 0.001 0.005 
34 spade_vis 30 0.002 0.001 0.002 0.001 0.007 0.996 0.001 0.995 0.005 0.051 0.000 0.000 0.000 0.002 0.002 0.001 0.002 0.000 0.001 0.000 0.001 0.003 0.037 0.013 0.000 0.000 0.000 0.092 0.000 0.002 0.003 0.001 0.021 0.006 0.000 0.022 0.002 0.001 0.001 0.060 0.173 0.299 0.052 0.788 0.004 0.002 0.001 0.001 0.027 0.000 0.005 0.005 0.026 0.000 0.001 0.006 0.001 0.231 
35 wrench_vis 30 0.002 0.001 0.002 0.006 0.004 0.996 0.012 0.995 0.007 0.001 0.000 0.000 0.001 0.001 0.000 0.001 0.001 0.002 0.007 0.000 0.002 0.000 0.009 0.004 0.000 0.000 0.001 0.006 0.002 0.001 0.001 0.004 0.003 0.001 0.001 0.004 0.003 0.001 0.003 0.063 0.020 0.097 0.010 0.916 0.002 0.024 0.001 0.001 0.012 0.001 0.003 0.004 0.001 0.000 0.000 0.003 0.001 0.003 
36 accordion_vis 30 0.002 0.002 0.001 0.008 0.003 0.996 0.003 0.992 0.034 0.001 0.000 0.000 0.001 0.001 0.000 0.002 0.001 0.001 0.003 0.000 0.001 0.000 0.003 0.008 0.000 0.000 0.001 0.005 0.001 0.001 0.001 0.004 0.001 0.000 0.002 0.002 0.023 0.001 0.012 0.013 0.059 0.058 0.004 0.353 0.007 0.015 0.004 0.002 0.010 0.002 0.011 0.006 0.002 0.001 0.001 0.003 0.001 0.001 
37 cello_vis 30 0.002 0.002 0.001 0.003 0.004 0.996 0.004 0.504 0.584 0.001 0.000 0.000 0.000 0.000 0.000 0.002 0.000 0.000 0.000 0.000 0.001 0.000 0.000 0.021 0.000 0.000 0.000 0.001 0.001 0.004 0.001 0.004 0.000 0.000 0.001 0.009 0.001 0.001 0.008 0.001 0.745 0.025 0.002 0.001 0.007 0.001 0.001 0.008 0.007 0.001 0.130 0.262 0.001 0.000 0.001 0.001 0.001 0.001 
38 flute_vis 30 0.003 0.002 0.002 0.006 0.004 0.996 0.024 0.989 0.020 0.001 0.000 0.001 0.001 0.001 0.001 0.002 0.001 0.013 0.003 0.000 0.004 0.000 0.001 0.005 0.001 0.001 0.003 0.001 0.005 0.003 0.001 0.007 0.001 0.001 0.005 0.009 0.040 0.004 0.002 0.001 0.010 0.008 0.013 0.467 0.001 0.071 0.001 0.006 0.018 0.002 0.002 0.010 0.000 0.001 0.001 0.002 0.001 0.002 
39 guitar_vis 30 0.003 0.002 0.002 0.008 0.005 0.996 0.008 0.987 0.029 0.001 0.000 0.001 0.001 0.001 0.000 0.003 0.001 0.011 0.002 0.000 0.005 0.000 0.001 0.009 0.001 0.001 0.002 0.001 0.003 0.003 0.002 0.006 0.001 0.000 0.006 0.004 0.050 0.002 0.004 0.001 0.005 0.024 0.008 0.187 0.002 0.171 0.001 0.006 0.021 0.005 0.003 0.012 0.000 0.001 0.001 0.004 0.001 0.001 
40 piano_vis 30 0.002 0.002 0.001 0.004 0.003 0.981 0.032 0.015 0.113 0.002 0.000 0.000 0.000 0.000 0.000 0.001 0.001 0.000 0.000 0.000 0.001 0.000 0.001 0.003 0.000 0.000 0.000 0.001 0.005 0.002 0.001 0.006 0.000 0.000 0.002 0.007 0.001 0.001 0.754 0.001 0.052 0.004 0.001 0.001 0.880 0.001 0.001 0.011 0.003 0.001 0.041 0.117 0.034 0.001 0.003 0.001 0.001 0.001 
41 trumpet_vis 30 0.002 0.002 0.001 0.003 0.004 0.996 0.001 0.772 0.580 0.001 0.000 0.000 0.000 0.000 0.000 0.002 0.000 0.000 0.000 0.000 0.001 0.000 0.000 0.028 0.000 0.000 0.000 0.001 0.000 0.003 0.001 0.003 0.001 0.000 0.001 0.015 0.001 0.001 0.003 0.001 0.930 0.052 0.004 0.001 0.006 0.002 0.001 0.003 0.006 0.001 0.230 0.246 0.001 0.000 0.001 0.001 0.001 0.001 
42 fork_vis 30 0.002 0.001 0.017 0.003 0.003 0.995 0.989 0.004 0.036 0.004 0.000 0.000 0.001 0.000 0.001 0.001 0.022 0.000 0.001 0.000 0.001 0.003 0.001 0.005 0.000 0.000 0.000 0.001 0.010 0.008 0.001 0.008 0.000 0.001 0.012 0.041 0.004 0.022 0.350 0.368 0.012 0.002 0.001 0.001 0.011 0.001 0.000 0.007 0.002 0.009 0.028 0.001 0.057 0.001 0.001 0.001 0.002 0.001 
43 spoon_vis 30 0.004 0.020 0.004 0.016 0.005 0.984 0.604 0.005 0.149 0.004 0.003 0.107 0.014 0.001 0.002 0.006 0.001 0.144 0.003 0.001 0.015 0.002 0.001 0.009 0.086 0.006 0.009 0.002 0.132 0.003 0.012 0.008 0.001 0.001 0.947 0.002 0.010 0.004 0.014 0.002 0.001 0.003 0.001 0.004 0.002 0.031 0.007 0.014 0.140 0.136 0.002 0.001 0.001 0.009 0.001 0.017 0.001 0.016 
44 tongs_vis 30 0.002 0.001 0.011 0.002 0.004 0.996 0.275 0.979 0.004 0.001 0.000 0.000 0.000 0.000 0.002 0.001 0.004 0.000 0.001 0.000 0.002 0.024 0.001 0.006 0.000 0.000 0.001 0.051 0.008 0.004 0.001 0.004 0.001 0.001 0.001 0.031 0.003 0.030 0.006 0.307 0.206 0.003 0.004 0.431 0.003 0.001 0.000 0.001 0.003 0.001 0.004 0.005 0.005 0.000 0.001 0.001 0.002 0.001 
45 ladle_vis 30 0.002 0.001 0.001 0.002 0.004 0.996 0.001 0.985 0.005 0.030 0.000 0.000 0.001 0.002 0.000 0.001 0.002 0.000 0.001 0.000 0.001 0.000 0.082 0.004 0.000 0.000 0.000 0.001 0.000 0.002 0.001 0.001 0.009 0.001 0.001 0.001 0.001 0.001 0.002 0.001 0.002 0.951 0.004 0.005 0.003 0.010 0.003 0.001 0.003 0.001 0.002 0.002 0.020 0.001 0.001 0.035 0.001 0.002 
46 knife_vis 30 0.003 0.079 0.006 0.004 0.004 0.993 0.950 0.011 0.019 0.019 0.004 0.059 0.040 0.001 0.005 0.002 0.001 0.073 0.013 0.001 0.050 0.002 0.000 0.002 0.082 0.003 0.002 0.002 0.022 0.002 0.001 0.008 0.001 0.001 0.968 0.005 0.076 0.051 0.010 0.008 0.002 0.002 0.001 0.042 0.002 0.011 0.001 0.005 0.034 0.036 0.002 0.002 0.001 0.005 0.003 0.002 0.002 0.038 
47 chopsticks_vis 30 0.002 0.001 0.011 0.002 0.004 0.996 0.987 0.009 0.018 0.002 0.000 0.000 0.000 0.000 0.001 0.001 0.007 0.000 0.001 0.000 0.001 0.005 0.000 0.005 0.000 0.000 0.000 0.002 0.010 0.016 0.001 0.006 0.000 0.001 0.002 0.500 0.002 0.045 0.113 0.525 0.046 0.003 0.001 0.003 0.002 0.001 0.000 0.004 0.004 0.001 0.044 0.002 0.065 0.000 0.001 0.001 0.001 0.002 
