0 beaver_vis 30 0.963 0.003 0.004 0.534 0.021 0.017 0.001 0.002 0.006 0.006 0.000 0.001 0.000 0.001 0.029 0.009 0.022 0.000 0.001 0.000 0.005 0.092 0.022 0.732 0.000 0.003 0.011 0.597 0.002 0.006 0.025 0.001 0.002 0.356 0.000 0.024 0.027 0.000 0.002 0.050 0.001 0.001 0.014 0.000 0.000 0.001 0.003 0.001 0.004 0.003 0.019 0.001 0.003 0.001 0.000 0.061 0.089 0.000 
1 bear_vis 30 0.088 0.013 0.001 0.004 0.044 0.180 0.000 0.001 0.718 0.001 0.000 0.014 0.000 0.001 0.000 0.025 0.001 0.000 0.000 0.000 0.001 0.000 0.000 0.225 0.000 0.001 0.001 0.001 0.003 0.081 0.044 0.001 0.000 0.001 0.000 0.939 0.001 0.000 0.002 0.001 0.039 0.001 0.088 0.000 0.000 0.001 0.001 0.019 0.018 0.001 0.980 0.001 0.000 0.001 0.001 0.001 0.001 0.000 
2 sheep_vis 30 0.985 0.087 0.001 0.374 0.029 0.009 0.001 0.001 0.087 0.001 0.000 0.003 0.000 0.001 0.000 0.128 0.001 0.000 0.001 0.000 0.001 0.000 0.000 0.727 0.000 0.006 0.004 0.002 0.001 0.006 0.046 0.001 0.001 0.001 0.000 0.004 0.001 0.000 0.001 0.000 0.007 0.001 0.005 0.000 0.000 0.001 0.010 0.027 0.018 0.002 0.048 0.017 0.000 0.001 0.000 0.003 0.001 0.000 
3 buffalo_vis 30 0.506 0.020 0.001 0.006 0.244 0.011 0.001 0.001 0.121 0.001 0.000 0.001 0.000 0.001 0.000 0.146 0.001 0.000 0.000 0.000 0.001 0.000 0.000 0.496 0.000 0.001 0.001 0.002 0.004 0.272 0.048 0.001 0.001 0.001 0.000 0.871 0.001 0.000 0.001 0.004 0.029 0.001 0.030 0.000 0.000 0.001 0.001 0.001 0.005 0.002 0.949 0.001 0.000 0.001 0.000 0.001 0.001 0.000 
4 poodle_vis 30 0.957 0.002 0.001 0.018 0.141 0.030 0.001 0.001 0.005 0.001 0.000 0.000 0.000 0.002 0.002 0.012 0.031 0.000 0.000 0.000 0.004 0.003 0.002 0.624 0.000 0.001 0.001 0.033 0.002 0.062 0.077 0.001 0.002 0.017 0.000 0.013 0.002 0.000 0.002 0.016 0.001 0.001 0.003 0.000 0.000 0.001 0.002 0.001 0.004 0.007 0.090 0.001 0.001 0.001 0.000 0.046 0.004 0.000 
5 giraffe_vis 30 0.217 0.022 0.001 0.005 0.093 0.016 0.001 0.001 0.302 0.001 0.000 0.006 0.000 0.001 0.000 0.047 0.001 0.000 0.000 0.000 0.001 0.000 0.000 0.344 0.000 0.001 0.001 0.001 0.004 0.176 0.051 0.001 0.000 0.001 0.000 0.919 0.001 0.000 0.001 0.001 0.013 0.001 0.075 0.000 0.000 0.001 0.001 0.004 0.009 0.002 0.976 0.001 0.000 0.001 0.000 0.001 0.001 0.000 
6 robin_vis 30 0.993 0.004 0.003 0.834 0.702 0.006 0.001 0.002 0.524 0.001 0.000 0.000 0.000 0.001 0.001 0.188 0.002 0.000 0.001 0.000 0.005 0.001 0.000 0.971 0.000 0.006 0.334 0.015 0.002 0.233 0.242 0.001 0.002 0.229 0.000 0.009 0.003 0.002 0.001 0.001 0.369 0.001 0.003 0.000 0.000 0.002 0.023 0.430 0.016 0.006 0.012 0.307 0.000 0.001 0.000 0.361 0.049 0.000 
7 swan_vis 30 0.995 0.002 0.983 0.001 0.033 0.017 0.003 0.003 0.001 0.003 0.000 0.000 0.000 0.010 0.071 0.002 0.699 0.000 0.001 0.001 0.020 0.118 0.001 0.211 0.000 0.001 0.006 0.019 0.003 0.002 0.009 0.001 0.006 0.340 0.000 0.052 0.018 0.000 0.002 0.015 0.005 0.001 0.003 0.001 0.000 0.001 0.000 0.000 0.001 0.002 0.003 0.001 0.029 0.001 0.000 0.039 0.252 0.000 
8 woodpecker_vis 30 0.989 0.091 0.001 0.362 0.014 0.009 0.001 0.002 0.124 0.001 0.000 0.012 0.000 0.001 0.001 0.073 0.001 0.001 0.001 0.000 0.002 0.000 0.000 0.586 0.000 0.008 0.007 0.007 0.001 0.002 0.024 0.001 0.001 0.001 0.000 0.002 0.002 0.000 0.001 0.001 0.001 0.001 0.002 0.000 0.000 0.001 0.038 0.056 0.014 0.004 0.013 0.006 0.000 0.001 0.000 0.003 0.002 0.000 
9 peacock_vis 30 0.995 0.002 0.559 0.009 0.009 0.004 0.001 0.002 0.001 0.012 0.000 0.001 0.000 0.001 0.057 0.001 0.003 0.001 0.001 0.209 0.003 0.802 0.004 0.014 0.000 0.001 0.012 0.221 0.001 0.001 0.006 0.001 0.002 0.199 0.000 0.002 0.010 0.000 0.002 0.002 0.001 0.001 0.001 0.000 0.000 0.001 0.001 0.000 0.001 0.001 0.001 0.001 0.007 0.001 0.000 0.003 0.060 0.000 
10 crow_vis 30 0.995 0.031 0.953 0.001 0.418 0.004 0.001 0.002 0.001 0.001 0.000 0.000 0.001 0.655 0.073 0.186 0.512 0.000 0.001 0.001 0.340 0.007 0.000 0.036 0.000 0.001 0.001 0.009 0.002 0.017 0.135 0.001 0.304 0.006 0.000 0.005 0.004 0.001 0.002 0.002 0.005 0.002 0.001 0.000 0.000 0.012 0.001 0.002 0.011 0.040 0.002 0.091 0.000 0.005 0.000 0.190 0.095 0.000 
11 eagle_vis 30 0.990 0.002 0.954 0.002 0.060 0.016 0.007 0.005 0.001 0.003 0.000 0.000 0.000 0.017 0.083 0.003 0.790 0.000 0.002 0.001 0.019 0.102 0.001 0.451 0.000 0.001 0.017 0.062 0.003 0.005 0.009 0.001 0.013 0.519 0.000 0.056 0.041 0.000 0.003 0.063 0.031 0.001 0.011 0.001 0.000 0.001 0.001 0.001 0.002 0.002 0.010 0.001 0.057 0.001 0.000 0.034 0.484 0.000 
12 tuna_vis 30 0.970 0.006 0.001 0.761 0.006 0.005 0.001 0.002 0.001 0.001 0.000 0.004 0.000 0.001 0.002 0.001 0.001 0.000 0.001 0.000 0.001 0.017 0.001 0.308 0.000 0.002 0.013 0.750 0.001 0.002 0.003 0.001 0.001 0.004 0.000 0.002 0.008 0.000 0.001 0.004 0.001 0.001 0.002 0.000 0.001 0.001 0.001 0.001 0.001 0.001 0.004 0.001 0.000 0.001 0.000 0.001 0.001 0.000 
13 goldfish_vis 30 0.012 0.004 0.001 0.003 0.014 0.873 0.001 0.002 0.978 0.001 0.000 0.011 0.000 0.001 0.000 0.016 0.001 0.000 0.000 0.000 0.001 0.000 0.000 0.100 0.000 0.001 0.001 0.001 0.001 0.019 0.013 0.001 0.000 0.001 0.000 0.963 0.001 0.000 0.003 0.001 0.256 0.001 0.123 0.000 0.000 0.001 0.001 0.055 0.038 0.001 0.990 0.002 0.001 0.001 0.005 0.001 0.001 0.000 
14 salmon_vis 30 0.962 0.002 0.001 0.855 0.008 0.010 0.001 0.002 0.112 0.001 0.000 0.000 0.000 0.001 0.000 0.018 0.001 0.000 0.000 0.000 0.001 0.000 0.000 0.958 0.000 0.001 0.003 0.021 0.001 0.005 0.005 0.001 0.000 0.001 0.000 0.011 0.001 0.000 0.002 0.001 0.003 0.001 0.001 0.000 0.000 0.001 0.001 0.001 0.002 0.001 0.081 0.002 0.000 0.001 0.000 0.003 0.001 0.000 
15 sardine_vis 30 0.469 0.010 0.001 0.014 0.173 0.111 0.001 0.002 0.049 0.001 0.000 0.000 0.000 0.001 0.001 0.221 0.001 0.000 0.000 0.000 0.001 0.000 0.000 0.673 0.000 0.001 0.001 0.007 0.003 0.317 0.044 0.001 0.001 0.001 0.000 0.887 0.001 0.000 0.002 0.008 0.083 0.001 0.057 0.000 0.000 0.001 0.001 0.001 0.012 0.001 0.763 0.001 0.000 0.001 0.000 0.001 0.001 0.000 
16 catfish_vis 30 0.940 0.002 0.001 0.880 0.009 0.012 0.011 0.002 0.207 0.001 0.000 0.000 0.000 0.001 0.001 0.012 0.001 0.000 0.000 0.000 0.001 0.001 0.000 0.947 0.000 0.002 0.006 0.044 0.001 0.006 0.003 0.001 0.000 0.009 0.000 0.066 0.003 0.000 0.004 0.008 0.007 0.001 0.004 0.000 0.001 0.001 0.001 0.002 0.001 0.001 0.152 0.001 0.001 0.001 0.000 0.002 0.004 0.000 
17 cod_vis 30 0.259 0.012 0.001 0.010 0.179 0.183 0.001 0.002 0.210 0.001 0.000 0.000 0.000 0.001 0.000 0.175 0.001 0.000 0.000 0.000 0.001 0.000 0.000 0.609 0.000 0.001 0.001 0.004 0.003 0.278 0.038 0.001 0.000 0.001 0.000 0.909 0.001 0.000 0.002 0.007 0.215 0.001 0.117 0.000 0.000 0.001 0.001 0.002 0.009 0.001 0.941 0.002 0.000 0.001 0.000 0.001 0.001 0.000 
18 turtle_vis 30 0.986 0.006 0.001 0.818 0.129 0.006 0.001 0.001 0.364 0.001 0.000 0.000 0.000 0.001 0.001 0.150 0.004 0.000 0.000 0.000 0.001 0.000 0.000 0.971 0.000 0.001 0.029 0.043 0.002 0.065 0.017 0.002 0.001 0.002 0.000 0.068 0.001 0.000 0.007 0.032 0.443 0.001 0.001 0.000 0.000 0.001 0.001 0.002 0.003 0.005 0.720 0.001 0.000 0.000 0.000 0.003 0.002 0.000 
19 rattlesnake_vis 30 0.826 0.016 0.001 0.026 0.337 0.008 0.001 0.001 0.182 0.001 0.000 0.000 0.001 0.001 0.001 0.203 0.002 0.000 0.000 0.000 0.002 0.000 0.000 0.718 0.000 0.001 0.001 0.015 0.002 0.251 0.021 0.003 0.001 0.001 0.000 0.672 0.001 0.000 0.005 0.020 0.321 0.001 0.017 0.000 0.000 0.001 0.001 0.002 0.004 0.003 0.911 0.002 0.000 0.000 0.000 0.002 0.001 0.000 
20 crab_vis 30 0.849 0.178 0.001 0.011 0.760 0.019 0.000 0.001 0.621 0.001 0.000 0.001 0.000 0.001 0.001 0.426 0.001 0.000 0.000 0.000 0.001 0.000 0.000 0.622 0.000 0.002 0.001 0.002 0.006 0.722 0.059 0.001 0.001 0.003 0.000 0.888 0.000 0.004 0.001 0.001 0.144 0.001 0.102 0.000 0.000 0.001 0.001 0.049 0.017 0.001 0.384 0.004 0.000 0.000 0.001 0.001 0.001 0.000 
21 frog_vis 30 0.982 0.005 0.001 0.825 0.103 0.010 0.001 0.002 0.312 0.001 0.000 0.000 0.001 0.001 0.001 0.103 0.002 0.000 0.001 0.000 0.002 0.000 0.000 0.958 0.000 0.001 0.021 0.032 0.001 0.062 0.008 0.005 0.001 0.002 0.000 0.063 0.001 0.001 0.005 0.019 0.531 0.001 0.001 0.000 0.001 0.001 0.001 0.003 0.004 0.003 0.574 0.003 0.000 0.000 0.000 0.002 0.001 0.000 
22 gecko_vis 30 0.986 0.007 0.001 0.821 0.037 0.006 0.000 0.001 0.069 0.001 0.000 0.000 0.000 0.001 0.001 0.076 0.001 0.000 0.000 0.000 0.001 0.000 0.000 0.956 0.000 0.002 0.005 0.014 0.002 0.028 0.031 0.001 0.001 0.002 0.000 0.050 0.000 0.000 0.001 0.000 0.048 0.001 0.002 0.000 0.000 0.001 0.001 0.004 0.004 0.001 0.067 0.101 0.000 0.000 0.000 0.005 0.001 0.000 
23 crocodile_vis 30 0.966 0.001 0.001 0.879 0.012 0.004 0.001 0.002 0.008 0.001 0.000 0.000 0.000 0.001 0.001 0.009 0.001 0.000 0.000 0.000 0.001 0.001 0.001 0.914 0.000 0.001 0.004 0.066 0.001 0.002 0.010 0.001 0.001 0.003 0.000 0.007 0.001 0.000 0.001 0.001 0.002 0.001 0.001 0.000 0.000 0.001 0.001 0.001 0.002 0.001 0.011 0.001 0.000 0.001 0.000 0.006 0.001 0.000 
24 axe_vis 30 0.005 0.003 0.001 0.004 0.012 0.995 0.008 0.005 0.975 0.001 0.000 0.028 0.028 0.006 0.000 0.031 0.001 0.119 0.001 0.000 0.004 0.000 0.000 0.044 0.019 0.001 0.001 0.001 0.030 0.070 0.029 0.002 0.001 0.001 0.003 0.078 0.002 0.002 0.002 0.017 0.001 0.002 0.142 0.001 0.000 0.073 0.012 0.008 0.718 0.412 0.248 0.001 0.000 0.001 0.003 0.014 0.002 0.001 
25 hammer_vis 30 0.164 0.009 0.001 0.004 0.188 0.875 0.163 0.002 0.049 0.001 0.000 0.002 0.001 0.003 0.006 0.453 0.001 0.000 0.000 0.000 0.016 0.001 0.000 0.335 0.000 0.008 0.001 0.043 0.013 0.222 0.234 0.002 0.001 0.013 0.000 0.986 0.001 0.011 0.001 0.056 0.009 0.001 0.046 0.000 0.000 0.001 0.001 0.005 0.533 0.002 0.181 0.001 0.000 0.001 0.000 0.003 0.002 0.000 
26 screwdriver_vis 30 0.007 0.006 0.001 0.003 0.005 0.995 0.067 0.006 0.915 0.001 0.000 0.138 0.000 0.038 0.000 0.080 0.001 0.001 0.000 0.000 0.009 0.000 0.000 0.087 0.000 0.011 0.001 0.002 0.001 0.002 0.299 0.002 0.001 0.001 0.003 0.170 0.184 0.001 0.001 0.001 0.003 0.002 0.002 0.001 0.000 0.021 0.010 0.007 0.990 0.004 0.044 0.001 0.000 0.001 0.000 0.004 0.001 0.001 
27 chisel_vis 30 0.809 0.002 0.004 0.002 0.829 0.740 0.005 0.003 0.194 0.001 0.000 0.005 0.000 0.011 0.001 0.503 0.001 0.001 0.000 0.000 0.662 0.001 0.000 0.181 0.000 0.003 0.009 0.004 0.110 0.010 0.939 0.006 0.064 0.014 0.000 0.545 0.004 0.007 0.001 0.009 0.001 0.001 0.031 0.001 0.000 0.097 0.001 0.003 0.927 0.249 0.013 0.001 0.000 0.001 0.000 0.013 0.056 0.000 
28 saw_vis 30 0.005 0.002 0.001 0.002 0.007 0.994 0.009 0.010 0.940 0.001 0.000 0.003 0.000 0.001 0.000 0.020 0.001 0.001 0.000 0.000 0.001 0.000 0.000 0.120 0.000 0.001 0.001 0.002 0.002 0.013 0.010 0.002 0.000 0.001 0.000 0.741 0.002 0.001 0.035 0.161 0.025 0.007 0.060 0.000 0.001 0.001 0.001 0.003 0.075 0.005 0.992 0.001 0.004 0.001 0.001 0.002 0.001 0.000 
29 drill_vis 30 0.005 0.002 0.001 0.005 0.007 0.995 0.021 0.003 0.923 0.001 0.000 0.001 0.000 0.001 0.000 0.020 0.001 0.000 0.000 0.000 0.001 0.000 0.000 0.263 0.000 0.001 0.001 0.002 0.001 0.004 0.005 0.001 0.000 0.001 0.000 0.082 0.076 0.001 0.059 0.080 0.023 0.001 0.002 0.000 0.001 0.001 0.010 0.002 0.041 0.024 0.980 0.001 0.002 0.001 0.000 0.001 0.001 0.000 
30 clamp_vis 30 0.016 0.006 0.001 0.005 0.032 0.994 0.000 0.994 0.001 0.014 0.000 0.002 0.000 0.002 0.018 0.001 0.001 0.000 0.000 0.000 0.001 0.001 0.003 0.025 0.000 0.000 0.000 0.753 0.001 0.005 0.008 0.001 0.012 0.065 0.000 0.118 0.004 0.000 0.001 0.038 0.374 0.015 0.985 0.085 0.002 0.001 0.001 0.001 0.002 0.001 0.010 0.001 0.024 0.000 0.054 0.002 0.002 0.002 
31 hoe_vis 30 0.004 0.001 0.001 0.002 0.005 0.996 0.000 0.980 0.003 0.031 0.000 0.000 0.000 0.003 0.000 0.001 0.001 0.000 0.000 0.000 0.001 0.000 0.055 0.004 0.000 0.000 0.000 0.002 0.000 0.002 0.003 0.001 0.008 0.001 0.000 0.001 0.001 0.000 0.001 0.000 0.002 0.955 0.005 0.001 0.003 0.004 0.014 0.001 0.002 0.001 0.003 0.002 0.017 0.001 0.000 0.039 0.001 0.001 
32 rake_vis 30 0.016 0.006 0.001 0.005 0.033 0.993 0.000 0.988 0.059 0.001 0.000 0.012 0.001 0.001 0.000 0.002 0.001 0.000 0.000 0.000 0.001 0.000 0.001 0.030 0.000 0.000 0.001 0.004 0.001 0.013 0.011 0.001 0.003 0.001 0.000 0.012 0.001 0.000 0.001 0.001 0.018 0.028 0.979 0.001 0.001 0.040 0.028 0.001 0.004 0.001 0.153 0.018 0.000 0.000 0.001 0.002 0.001 0.001 
33 shovel_vis 30 0.005 0.002 0.001 0.007 0.008 0.996 0.000 0.980 0.062 0.001 0.000 0.002 0.001 0.004 0.001 0.008 0.001 0.016 0.001 0.000 0.008 0.000 0.000 0.055 0.001 0.001 0.002 0.003 0.004 0.003 0.021 0.001 0.003 0.001 0.000 0.003 0.003 0.001 0.001 0.000 0.001 0.010 0.113 0.029 0.000 0.899 0.005 0.001 0.111 0.033 0.001 0.013 0.000 0.001 0.000 0.006 0.002 0.001 
34 spade_vis 30 0.005 0.002 0.001 0.002 0.021 0.996 0.000 0.994 0.002 0.062 0.000 0.000 0.000 0.002 0.000 0.001 0.002 0.000 0.000 0.000 0.001 0.000 0.090 0.006 0.000 0.000 0.000 0.005 0.000 0.013 0.002 0.001 0.013 0.001 0.000 0.002 0.001 0.000 0.001 0.001 0.006 0.402 0.970 0.002 0.001 0.001 0.003 0.001 0.001 0.001 0.063 0.002 0.075 0.001 0.005 0.006 0.001 0.001 
35 wrench_vis 30 0.004 0.002 0.001 0.009 0.012 0.996 0.001 0.964 0.344 0.001 0.000 0.000 0.025 0.001 0.000 0.013 0.001 0.057 0.001 0.000 0.007 0.000 0.000 0.080 0.007 0.001 0.002 0.002 0.017 0.014 0.008 0.001 0.005 0.001 0.000 0.002 0.001 0.002 0.001 0.001 0.001 0.003 0.382 0.007 0.000 0.974 0.015 0.001 0.011 0.837 0.001 0.043 0.000 0.001 0.000 0.007 0.005 0.000 
36 accordion_vis 30 0.004 0.024 0.001 0.005 0.006 0.993 0.001 0.002 0.995 0.002 0.000 0.022 0.001 0.001 0.000 0.007 0.001 0.001 0.000 0.000 0.001 0.000 0.000 0.018 0.001 0.001 0.001 0.001 0.003 0.002 0.011 0.001 0.000 0.001 0.002 0.001 0.005 0.001 0.003 0.000 0.001 0.001 0.001 0.000 0.001 0.011 0.984 0.012 0.013 0.088 0.038 0.002 0.000 0.010 0.009 0.005 0.002 0.000 
37 cello_vis 30 0.013 0.005 0.001 0.003 0.034 0.970 0.001 0.001 0.989 0.001 0.000 0.001 0.004 0.001 0.000 0.014 0.001 0.001 0.000 0.000 0.001 0.000 0.000 0.050 0.001 0.001 0.001 0.001 0.009 0.069 0.005 0.001 0.000 0.001 0.000 0.026 0.001 0.002 0.002 0.047 0.004 0.001 0.050 0.000 0.000 0.002 0.100 0.003 0.003 0.180 0.487 0.001 0.001 0.001 0.026 0.002 0.001 0.000 
38 flute_vis 30 0.006 0.003 0.001 0.003 0.012 0.996 0.010 0.004 0.979 0.001 0.000 0.032 0.003 0.007 0.000 0.062 0.001 0.028 0.001 0.000 0.010 0.000 0.000 0.073 0.004 0.003 0.001 0.001 0.010 0.014 0.079 0.002 0.001 0.001 0.001 0.095 0.005 0.002 0.001 0.005 0.001 0.001 0.061 0.000 0.000 0.064 0.027 0.005 0.779 0.513 0.096 0.001 0.000 0.001 0.001 0.008 0.003 0.000 
39 guitar_vis 30 0.008 0.003 0.007 0.002 0.010 0.996 0.002 0.002 0.983 0.002 0.000 0.002 0.029 0.001 0.000 0.059 0.001 0.129 0.000 0.000 0.054 0.002 0.000 0.029 0.004 0.001 0.001 0.001 0.018 0.007 0.014 0.001 0.001 0.001 0.001 0.004 0.003 0.006 0.004 0.006 0.001 0.001 0.006 0.000 0.000 0.321 0.116 0.003 0.043 0.980 0.019 0.001 0.000 0.056 0.001 0.026 0.019 0.000 
40 piano_vis 30 0.004 0.004 0.001 0.003 0.008 0.991 0.001 0.001 0.986 0.001 0.000 0.002 0.001 0.001 0.000 0.005 0.001 0.000 0.000 0.000 0.001 0.000 0.000 0.017 0.000 0.001 0.001 0.001 0.002 0.009 0.002 0.001 0.000 0.001 0.000 0.012 0.001 0.000 0.008 0.040 0.005 0.001 0.003 0.000 0.001 0.001 0.172 0.004 0.003 0.005 0.759 0.001 0.003 0.001 0.021 0.001 0.001 0.000 
41 trumpet_vis 30 0.006 0.004 0.001 0.002 0.013 0.994 0.000 0.006 0.972 0.001 0.000 0.001 0.001 0.001 0.000 0.004 0.001 0.001 0.000 0.000 0.001 0.000 0.000 0.021 0.001 0.000 0.001 0.001 0.003 0.011 0.003 0.001 0.001 0.001 0.000 0.007 0.001 0.001 0.001 0.003 0.004 0.002 0.030 0.000 0.000 0.002 0.340 0.002 0.003 0.057 0.268 0.002 0.000 0.001 0.009 0.002 0.001 0.000 
42 fork_vis 30 0.005 0.001 0.002 0.006 0.007 0.996 0.036 0.003 0.471 0.012 0.000 0.000 0.003 0.001 0.001 0.012 0.003 0.000 0.001 0.000 0.002 0.012 0.000 0.112 0.000 0.000 0.001 0.013 0.002 0.004 0.007 0.001 0.001 0.001 0.000 0.007 0.008 0.001 0.058 0.969 0.002 0.003 0.001 0.000 0.000 0.001 0.003 0.001 0.011 0.882 0.324 0.001 0.012 0.001 0.000 0.040 0.026 0.001 
43 spoon_vis 30 0.007 0.001 0.002 0.002 0.016 0.996 0.001 0.002 0.511 0.983 0.000 0.001 0.005 0.166 0.001 0.002 0.037 0.001 0.000 0.004 0.003 0.000 0.002 0.047 0.004 0.001 0.001 0.001 0.001 0.030 0.077 0.001 0.011 0.002 0.000 0.002 0.010 0.000 0.005 0.000 0.001 0.003 0.001 0.000 0.000 0.009 0.630 0.003 0.031 0.453 0.003 0.001 0.002 0.981 0.001 0.791 0.011 0.002 
44 tongs_vis 30 0.006 0.001 0.001 0.002 0.009 0.996 0.036 0.018 0.893 0.003 0.000 0.001 0.000 0.002 0.001 0.167 0.001 0.000 0.000 0.000 0.037 0.001 0.000 0.311 0.000 0.000 0.001 0.059 0.001 0.004 0.043 0.001 0.001 0.001 0.000 0.216 0.370 0.001 0.019 0.613 0.005 0.003 0.013 0.000 0.000 0.002 0.009 0.001 0.397 0.535 0.823 0.001 0.001 0.001 0.000 0.010 0.183 0.001 
45 ladle_vis 30 0.004 0.001 0.009 0.008 0.006 0.996 0.000 0.602 0.006 0.230 0.000 0.000 0.000 0.007 0.001 0.001 0.036 0.000 0.002 0.000 0.001 0.100 0.145 0.087 0.000 0.000 0.000 0.013 0.000 0.002 0.008 0.001 0.048 0.001 0.000 0.001 0.001 0.000 0.001 0.001 0.001 0.221 0.002 0.002 0.000 0.013 0.012 0.001 0.004 0.003 0.001 0.001 0.005 0.003 0.000 0.871 0.004 0.001 
46 knife_vis 30 0.028 0.001 0.002 0.001 0.290 0.996 0.001 0.002 0.118 0.872 0.000 0.000 0.000 0.030 0.002 0.005 0.001 0.000 0.000 0.000 0.052 0.001 0.000 0.028 0.000 0.001 0.001 0.003 0.001 0.005 0.313 0.001 0.044 0.038 0.000 0.010 0.035 0.002 0.001 0.001 0.001 0.001 0.009 0.000 0.000 0.004 0.026 0.001 0.214 0.056 0.003 0.001 0.001 0.006 0.001 0.270 0.917 0.001 
47 chopsticks_vis 30 0.009 0.001 0.002 0.002 0.021 0.996 0.001 0.016 0.044 0.950 0.000 0.000 0.000 0.099 0.003 0.002 0.019 0.000 0.000 0.000 0.004 0.010 0.001 0.290 0.000 0.000 0.001 0.099 0.001 0.014 0.078 0.001 0.016 0.027 0.000 0.230 0.040 0.000 0.004 0.466 0.002 0.004 0.194 0.000 0.000 0.001 0.004 0.001 0.036 0.009 0.827 0.001 0.257 0.002 0.001 0.406 0.734 0.002 
