0 beaver_vis 30 0.996 0.723 0.005 0.001 0.005 0.001 0.001 0.005 0.001 0.001 0.467 0.001 0.278 0.006 0.010 0.009 0.015 0.000 0.001 0.000 0.003 0.115 0.001 0.000 0.000 0.000 0.000 0.001 0.002 0.002 0.000 0.015 0.001 0.003 0.000 0.001 0.000 0.000 0.000 0.000 0.006 0.000 0.001 0.000 0.000 0.000 0.001 0.000 0.000 0.004 0.000 0.000 0.001 0.001 0.000 0.001 0.000 0.000 
1 bear_vis 30 0.996 0.902 0.002 0.001 0.007 0.002 0.001 0.001 0.001 0.000 0.000 0.001 0.557 0.002 0.001 0.017 0.001 0.000 0.000 0.000 0.014 0.000 0.001 0.000 0.001 0.000 0.000 0.001 0.001 0.002 0.000 0.019 0.001 0.000 0.001 0.001 0.000 0.000 0.000 0.000 0.001 0.000 0.000 0.000 0.000 0.058 0.001 0.000 0.001 0.002 0.000 0.000 0.000 0.000 0.000 0.001 0.000 0.000 
2 sheep_vis 30 0.996 0.947 0.427 0.000 0.192 0.001 0.001 0.000 0.002 0.001 0.193 0.001 0.001 0.079 0.367 0.616 0.828 0.000 0.001 0.000 0.040 0.014 0.000 0.000 0.000 0.000 0.000 0.001 0.259 0.028 0.000 0.726 0.004 0.005 0.001 0.001 0.000 0.000 0.000 0.000 0.001 0.001 0.000 0.000 0.000 0.000 0.001 0.001 0.001 0.130 0.000 0.000 0.000 0.001 0.000 0.000 0.002 0.000 
3 buffalo_vis 30 0.996 0.704 0.002 0.001 0.781 0.001 0.001 0.000 0.051 0.000 0.017 0.002 0.001 0.008 0.059 0.088 0.017 0.000 0.000 0.000 0.016 0.000 0.002 0.001 0.000 0.000 0.001 0.003 0.169 0.054 0.000 0.841 0.012 0.006 0.001 0.001 0.000 0.000 0.000 0.000 0.001 0.001 0.000 0.000 0.000 0.000 0.001 0.025 0.001 0.397 0.000 0.000 0.000 0.001 0.000 0.000 0.001 0.000 
4 poodle_vis 30 0.996 0.770 0.296 0.001 0.074 0.001 0.001 0.000 0.001 0.001 0.053 0.001 0.004 0.029 0.233 0.161 0.654 0.000 0.000 0.000 0.030 0.526 0.001 0.001 0.000 0.000 0.000 0.001 0.043 0.022 0.000 0.593 0.009 0.025 0.001 0.001 0.000 0.000 0.000 0.000 0.004 0.001 0.000 0.000 0.000 0.000 0.000 0.000 0.001 0.023 0.000 0.000 0.000 0.001 0.000 0.004 0.003 0.000 
5 giraffe_vis 30 0.996 0.868 0.075 0.001 0.240 0.001 0.001 0.000 0.001 0.001 0.024 0.001 0.006 0.036 0.043 0.323 0.374 0.000 0.000 0.000 0.082 0.107 0.001 0.001 0.000 0.000 0.000 0.002 0.096 0.019 0.000 0.633 0.008 0.021 0.001 0.001 0.000 0.000 0.000 0.000 0.003 0.001 0.000 0.000 0.000 0.000 0.000 0.000 0.001 0.044 0.000 0.000 0.000 0.001 0.000 0.001 0.002 0.000 
6 robin_vis 30 0.994 0.002 0.977 0.000 0.001 0.069 0.001 0.000 0.002 0.001 0.000 0.000 0.001 0.001 0.000 0.003 0.178 0.003 0.002 0.000 0.035 0.057 0.000 0.000 0.000 0.000 0.000 0.000 0.001 0.003 0.000 0.001 0.001 0.000 0.001 0.001 0.000 0.000 0.000 0.000 0.001 0.001 0.000 0.000 0.000 0.000 0.001 0.000 0.001 0.002 0.000 0.000 0.000 0.001 0.000 0.001 0.018 0.001 
7 swan_vis 30 0.996 0.003 0.993 0.000 0.009 0.001 0.001 0.002 0.001 0.001 0.007 0.000 0.006 0.001 0.003 0.015 0.927 0.005 0.003 0.002 0.866 0.899 0.001 0.001 0.001 0.000 0.000 0.557 0.004 0.150 0.000 0.021 0.008 0.008 0.000 0.001 0.000 0.000 0.000 0.000 0.128 0.028 0.000 0.000 0.000 0.000 0.002 0.000 0.000 0.003 0.000 0.000 0.000 0.000 0.000 0.011 0.001 0.000 
8 woodpecker_vis 30 0.993 0.001 0.993 0.000 0.001 0.061 0.039 0.000 0.001 0.007 0.000 0.000 0.001 0.001 0.000 0.002 0.718 0.007 0.001 0.000 0.370 0.727 0.000 0.000 0.000 0.000 0.000 0.003 0.001 0.008 0.000 0.001 0.013 0.006 0.013 0.002 0.000 0.002 0.001 0.000 0.001 0.000 0.000 0.000 0.000 0.000 0.000 0.000 0.001 0.000 0.000 0.000 0.000 0.001 0.001 0.011 0.028 0.001 
9 peacock_vis 30 0.996 0.007 0.916 0.000 0.004 0.001 0.001 0.000 0.001 0.001 0.000 0.000 0.003 0.001 0.001 0.005 0.030 0.001 0.093 0.000 0.011 0.219 0.000 0.000 0.001 0.000 0.000 0.000 0.001 0.004 0.000 0.002 0.001 0.006 0.001 0.001 0.000 0.000 0.000 0.000 0.001 0.000 0.001 0.000 0.000 0.000 0.000 0.000 0.000 0.001 0.000 0.000 0.000 0.001 0.000 0.001 0.001 0.001 
10 crow_vis 30 0.982 0.001 0.985 0.000 0.001 0.031 0.003 0.002 0.019 0.001 0.001 0.000 0.001 0.001 0.001 0.004 0.875 0.000 0.007 0.001 0.063 0.053 0.000 0.000 0.000 0.000 0.000 0.001 0.001 0.002 0.000 0.002 0.001 0.000 0.004 0.004 0.000 0.001 0.000 0.000 0.008 0.002 0.000 0.000 0.000 0.000 0.026 0.000 0.002 0.005 0.000 0.000 0.001 0.002 0.000 0.001 0.108 0.000 
11 eagle_vis 30 0.996 0.003 0.993 0.000 0.004 0.001 0.001 0.000 0.001 0.001 0.000 0.000 0.002 0.001 0.001 0.003 0.318 0.001 0.011 0.000 0.246 0.883 0.000 0.000 0.001 0.000 0.000 0.001 0.001 0.141 0.000 0.002 0.002 0.071 0.001 0.001 0.000 0.000 0.000 0.000 0.001 0.001 0.000 0.000 0.000 0.000 0.000 0.000 0.000 0.001 0.000 0.000 0.000 0.001 0.001 0.002 0.001 0.001 
12 tuna_vis 30 0.996 0.351 0.001 0.004 0.993 0.001 0.000 0.000 0.003 0.001 0.001 0.057 0.000 0.003 0.567 0.056 0.001 0.000 0.000 0.000 0.003 0.000 0.181 0.019 0.000 0.000 0.111 0.002 0.018 0.949 0.001 0.981 0.221 0.473 0.005 0.001 0.000 0.000 0.000 0.000 0.001 0.001 0.000 0.000 0.000 0.000 0.000 0.002 0.001 0.810 0.000 0.000 0.000 0.002 0.001 0.001 0.002 0.014 
13 goldfish_vis 30 0.996 0.003 0.001 0.003 0.991 0.001 0.000 0.000 0.001 0.000 0.000 0.001 0.000 0.001 0.001 0.003 0.004 0.000 0.000 0.000 0.009 0.000 0.001 0.008 0.000 0.000 0.000 0.015 0.157 0.048 0.000 0.981 0.046 0.000 0.208 0.001 0.000 0.001 0.000 0.000 0.001 0.001 0.000 0.000 0.000 0.000 0.000 0.000 0.088 0.035 0.000 0.000 0.000 0.000 0.000 0.001 0.003 0.000 
14 salmon_vis 30 0.996 0.122 0.001 0.001 0.993 0.001 0.000 0.000 0.184 0.000 0.002 0.003 0.000 0.003 0.029 0.012 0.002 0.000 0.000 0.000 0.006 0.000 0.019 0.002 0.000 0.000 0.034 0.010 0.272 0.205 0.000 0.984 0.053 0.008 0.002 0.000 0.000 0.000 0.000 0.000 0.001 0.000 0.000 0.000 0.000 0.000 0.001 0.113 0.001 0.754 0.000 0.000 0.000 0.001 0.000 0.000 0.001 0.000 
15 sardine_vis 30 0.996 0.004 0.001 0.001 0.991 0.001 0.001 0.000 0.001 0.000 0.000 0.001 0.000 0.002 0.001 0.003 0.005 0.000 0.000 0.000 0.006 0.000 0.001 0.003 0.000 0.000 0.000 0.007 0.165 0.032 0.000 0.966 0.124 0.000 0.295 0.001 0.000 0.000 0.000 0.000 0.001 0.001 0.000 0.000 0.000 0.000 0.000 0.001 0.026 0.046 0.000 0.000 0.000 0.001 0.000 0.000 0.003 0.000 
16 catfish_vis 30 0.996 0.003 0.001 0.004 0.989 0.001 0.000 0.000 0.000 0.000 0.000 0.001 0.000 0.002 0.001 0.001 0.003 0.000 0.000 0.000 0.004 0.000 0.002 0.006 0.000 0.000 0.001 0.005 0.174 0.021 0.000 0.952 0.183 0.000 0.132 0.001 0.000 0.000 0.000 0.000 0.001 0.001 0.000 0.000 0.000 0.000 0.000 0.000 0.008 0.108 0.000 0.000 0.000 0.001 0.000 0.001 0.003 0.000 
17 cod_vis 30 0.996 0.003 0.001 0.001 0.992 0.001 0.000 0.000 0.001 0.000 0.000 0.001 0.000 0.001 0.001 0.004 0.007 0.000 0.000 0.000 0.009 0.000 0.001 0.004 0.000 0.000 0.000 0.014 0.159 0.049 0.001 0.981 0.056 0.000 0.325 0.001 0.000 0.000 0.000 0.000 0.001 0.001 0.000 0.000 0.000 0.000 0.000 0.000 0.098 0.026 0.000 0.000 0.000 0.001 0.000 0.000 0.004 0.000 
18 turtle_vis 30 0.995 0.001 0.001 0.001 0.965 0.002 0.002 0.000 0.000 0.001 0.000 0.000 0.000 0.001 0.001 0.001 0.006 0.000 0.000 0.000 0.004 0.000 0.001 0.001 0.000 0.000 0.000 0.005 0.012 0.005 0.000 0.619 0.294 0.000 0.805 0.001 0.000 0.001 0.000 0.000 0.001 0.000 0.000 0.000 0.000 0.000 0.000 0.000 0.001 0.001 0.000 0.000 0.000 0.003 0.000 0.001 0.007 0.001 
19 rattlesnake_vis 30 0.994 0.001 0.001 0.001 0.703 0.055 0.001 0.000 0.000 0.001 0.000 0.000 0.000 0.001 0.000 0.000 0.001 0.000 0.000 0.000 0.004 0.000 0.001 0.001 0.000 0.000 0.000 0.002 0.001 0.006 0.000 0.011 0.227 0.000 0.001 0.001 0.000 0.001 0.000 0.000 0.000 0.001 0.000 0.000 0.000 0.000 0.000 0.000 0.001 0.181 0.000 0.000 0.000 0.003 0.001 0.001 0.018 0.001 
20 crab_vis 30 0.996 0.001 0.001 0.001 0.970 0.001 0.002 0.000 0.000 0.001 0.000 0.000 0.000 0.002 0.001 0.001 0.007 0.000 0.000 0.000 0.003 0.000 0.001 0.001 0.000 0.000 0.000 0.005 0.012 0.004 0.001 0.648 0.314 0.000 0.844 0.001 0.000 0.001 0.000 0.000 0.001 0.000 0.000 0.000 0.000 0.000 0.000 0.000 0.001 0.001 0.000 0.000 0.000 0.003 0.000 0.001 0.008 0.001 
21 frog_vis 30 0.995 0.001 0.001 0.001 0.988 0.001 0.001 0.000 0.001 0.001 0.000 0.000 0.000 0.002 0.001 0.001 0.003 0.000 0.000 0.000 0.003 0.000 0.001 0.001 0.000 0.000 0.000 0.003 0.059 0.006 0.000 0.372 0.859 0.000 0.178 0.001 0.000 0.001 0.000 0.000 0.001 0.000 0.000 0.000 0.000 0.000 0.000 0.000 0.001 0.151 0.000 0.000 0.000 0.005 0.000 0.001 0.014 0.001 
22 gecko_vis 30 0.995 0.001 0.001 0.004 0.817 0.076 0.001 0.000 0.000 0.001 0.000 0.000 0.000 0.001 0.000 0.000 0.001 0.000 0.000 0.000 0.008 0.000 0.001 0.001 0.000 0.000 0.000 0.004 0.002 0.007 0.000 0.022 0.881 0.001 0.004 0.001 0.000 0.003 0.000 0.000 0.000 0.000 0.000 0.000 0.000 0.001 0.000 0.000 0.001 0.004 0.000 0.000 0.000 0.001 0.008 0.002 0.044 0.001 
23 crocodile_vis 30 0.996 0.002 0.001 0.001 0.992 0.001 0.001 0.000 0.000 0.001 0.000 0.000 0.000 0.003 0.001 0.001 0.002 0.000 0.000 0.000 0.003 0.000 0.001 0.002 0.000 0.000 0.000 0.002 0.057 0.012 0.001 0.515 0.953 0.001 0.085 0.002 0.000 0.000 0.000 0.000 0.000 0.000 0.000 0.000 0.000 0.000 0.000 0.000 0.000 0.038 0.000 0.000 0.000 0.002 0.001 0.001 0.012 0.001 
24 axe_vis 30 0.012 0.001 0.002 0.000 0.003 0.995 0.965 0.000 0.003 0.001 0.000 0.000 0.000 0.000 0.000 0.000 0.001 0.000 0.000 0.000 0.003 0.000 0.001 0.000 0.000 0.000 0.000 0.001 0.000 0.001 0.000 0.002 0.001 0.000 0.969 0.001 0.002 0.006 0.001 0.003 0.001 0.001 0.000 0.000 0.000 0.000 0.000 0.000 0.035 0.001 0.000 0.000 0.000 0.014 0.001 0.001 0.225 0.001 
25 hammer_vis 30 0.006 0.002 0.001 0.000 0.021 0.996 0.025 0.001 0.001 0.712 0.000 0.000 0.000 0.001 0.000 0.000 0.001 0.000 0.000 0.000 0.001 0.000 0.000 0.000 0.000 0.000 0.000 0.000 0.000 0.000 0.000 0.025 0.010 0.000 0.003 0.002 0.001 0.042 0.000 0.000 0.001 0.000 0.000 0.001 0.000 0.001 0.000 0.000 0.001 0.002 0.000 0.000 0.001 0.028 0.004 0.001 0.837 0.002 
26 screwdriver_vis 30 0.003 0.001 0.001 0.001 0.017 0.995 0.013 0.000 0.047 0.511 0.000 0.001 0.000 0.001 0.001 0.001 0.001 0.000 0.000 0.000 0.002 0.000 0.001 0.000 0.000 0.000 0.000 0.001 0.000 0.001 0.000 0.015 0.004 0.000 0.073 0.001 0.002 0.002 0.000 0.001 0.001 0.001 0.000 0.000 0.000 0.000 0.000 0.000 0.003 0.002 0.000 0.000 0.001 0.303 0.001 0.001 0.902 0.001 
27 chisel_vis 30 0.003 0.002 0.001 0.000 0.012 0.995 0.019 0.001 0.013 0.611 0.000 0.002 0.000 0.001 0.001 0.001 0.001 0.000 0.000 0.000 0.001 0.000 0.001 0.000 0.000 0.000 0.000 0.000 0.000 0.000 0.000 0.025 0.003 0.000 0.022 0.001 0.002 0.016 0.000 0.000 0.001 0.001 0.000 0.000 0.000 0.000 0.000 0.000 0.003 0.001 0.000 0.000 0.000 0.201 0.002 0.002 0.948 0.001 
28 saw_vis 30 0.580 0.001 0.003 0.000 0.048 0.613 0.592 0.000 0.001 0.002 0.000 0.000 0.000 0.000 0.000 0.000 0.002 0.000 0.000 0.000 0.003 0.000 0.000 0.000 0.000 0.000 0.000 0.001 0.000 0.001 0.000 0.003 0.018 0.000 0.902 0.001 0.000 0.012 0.002 0.000 0.001 0.000 0.000 0.000 0.000 0.000 0.000 0.000 0.002 0.000 0.000 0.000 0.000 0.002 0.001 0.001 0.120 0.001 
29 drill_vis 30 0.332 0.001 0.001 0.000 0.004 0.974 0.419 0.000 0.001 0.002 0.000 0.000 0.000 0.000 0.000 0.000 0.001 0.000 0.000 0.000 0.001 0.000 0.001 0.000 0.000 0.000 0.000 0.000 0.000 0.001 0.000 0.003 0.002 0.000 0.816 0.001 0.001 0.002 0.001 0.000 0.001 0.001 0.000 0.000 0.000 0.000 0.000 0.000 0.004 0.001 0.000 0.000 0.000 0.004 0.001 0.001 0.103 0.001 
30 clamp_vis 30 0.001 0.001 0.001 0.001 0.001 0.996 0.129 0.050 0.000 0.599 0.000 0.000 0.002 0.001 0.000 0.000 0.001 0.000 0.000 0.000 0.002 0.001 0.000 0.000 0.000 0.000 0.000 0.013 0.000 0.000 0.002 0.000 0.003 0.000 0.000 0.002 0.001 0.751 0.000 0.001 0.009 0.001 0.001 0.287 0.001 0.005 0.000 0.000 0.001 0.000 0.000 0.001 0.047 0.000 0.031 0.008 0.116 0.001 
31 hoe_vis 30 0.004 0.001 0.001 0.001 0.001 0.995 0.003 0.282 0.001 0.444 0.000 0.001 0.000 0.000 0.003 0.000 0.000 0.000 0.000 0.000 0.002 0.000 0.003 0.000 0.000 0.000 0.001 0.006 0.000 0.001 0.000 0.012 0.001 0.000 0.001 0.001 0.008 0.162 0.000 0.000 0.001 0.120 0.000 0.002 0.002 0.013 0.001 0.000 0.003 0.002 0.000 0.000 0.001 0.023 0.002 0.097 0.330 0.000 
32 rake_vis 30 0.001 0.001 0.001 0.001 0.001 0.995 0.002 0.018 0.000 0.974 0.000 0.000 0.001 0.001 0.000 0.000 0.003 0.000 0.000 0.000 0.001 0.001 0.001 0.000 0.000 0.000 0.000 0.001 0.001 0.000 0.000 0.000 0.011 0.000 0.000 0.011 0.001 0.021 0.000 0.000 0.011 0.001 0.003 0.008 0.001 0.004 0.000 0.000 0.001 0.001 0.000 0.001 0.071 0.000 0.531 0.014 0.015 0.002 
33 shovel_vis 30 0.002 0.001 0.001 0.001 0.001 0.995 0.007 0.023 0.001 0.942 0.000 0.000 0.001 0.001 0.000 0.000 0.000 0.000 0.000 0.000 0.001 0.000 0.001 0.000 0.000 0.000 0.000 0.002 0.000 0.000 0.000 0.002 0.004 0.000 0.000 0.001 0.002 0.136 0.000 0.000 0.001 0.002 0.000 0.012 0.001 0.011 0.000 0.000 0.001 0.001 0.000 0.001 0.002 0.001 0.010 0.025 0.800 0.001 
34 spade_vis 30 0.002 0.001 0.001 0.006 0.001 0.995 0.001 0.991 0.003 0.002 0.001 0.001 0.001 0.000 0.004 0.000 0.000 0.000 0.000 0.001 0.005 0.000 0.008 0.000 0.000 0.000 0.001 0.140 0.000 0.001 0.000 0.013 0.000 0.000 0.000 0.001 0.002 0.015 0.000 0.000 0.004 0.913 0.000 0.053 0.030 0.114 0.110 0.000 0.043 0.001 0.000 0.000 0.001 0.001 0.003 0.014 0.016 0.000 
35 wrench_vis 30 0.001 0.001 0.001 0.023 0.001 0.995 0.001 0.986 0.009 0.003 0.000 0.002 0.002 0.000 0.000 0.000 0.000 0.000 0.000 0.000 0.025 0.000 0.011 0.000 0.000 0.000 0.001 0.162 0.000 0.001 0.000 0.015 0.001 0.000 0.000 0.001 0.001 0.014 0.000 0.000 0.002 0.644 0.000 0.025 0.013 0.710 0.121 0.000 0.135 0.004 0.000 0.002 0.001 0.001 0.007 0.014 0.023 0.000 
36 accordion_vis 30 0.005 0.001 0.002 0.001 0.002 0.995 0.876 0.001 0.065 0.006 0.000 0.001 0.000 0.000 0.000 0.000 0.002 0.000 0.000 0.000 0.005 0.000 0.002 0.000 0.000 0.000 0.000 0.007 0.000 0.001 0.000 0.004 0.002 0.000 0.961 0.001 0.001 0.003 0.007 0.003 0.001 0.001 0.000 0.000 0.000 0.000 0.008 0.001 0.016 0.003 0.001 0.000 0.001 0.115 0.000 0.001 0.087 0.001 
37 cello_vis 30 0.002 0.001 0.001 0.000 0.104 0.995 0.001 0.001 0.994 0.004 0.001 0.000 0.001 0.000 0.002 0.002 0.002 0.000 0.000 0.001 0.006 0.000 0.004 0.000 0.000 0.001 0.001 0.000 0.001 0.036 0.000 0.102 0.001 0.000 0.002 0.001 0.000 0.000 0.000 0.000 0.001 0.001 0.000 0.000 0.000 0.132 0.019 0.022 0.107 0.978 0.002 0.026 0.001 0.001 0.002 0.001 0.145 0.001 
38 flute_vis 30 0.002 0.001 0.001 0.001 0.098 0.995 0.001 0.001 0.994 0.004 0.001 0.001 0.001 0.000 0.001 0.002 0.003 0.000 0.000 0.001 0.027 0.000 0.005 0.000 0.000 0.002 0.000 0.001 0.001 0.063 0.000 0.073 0.001 0.000 0.004 0.001 0.001 0.001 0.000 0.000 0.001 0.004 0.000 0.001 0.000 0.130 0.019 0.004 0.444 0.957 0.003 0.031 0.001 0.007 0.004 0.001 0.200 0.001 
39 guitar_vis 30 0.002 0.001 0.001 0.000 0.016 0.995 0.001 0.000 0.095 0.985 0.000 0.000 0.000 0.001 0.001 0.000 0.001 0.000 0.000 0.000 0.001 0.000 0.002 0.000 0.000 0.000 0.000 0.000 0.001 0.001 0.000 0.023 0.011 0.000 0.003 0.001 0.001 0.001 0.000 0.000 0.001 0.001 0.000 0.000 0.000 0.002 0.001 0.000 0.003 0.266 0.000 0.001 0.002 0.201 0.002 0.002 0.824 0.011 
40 piano_vis 30 0.004 0.001 0.002 0.000 0.021 0.993 0.001 0.001 0.971 0.001 0.000 0.001 0.001 0.000 0.001 0.035 0.002 0.000 0.010 0.001 0.012 0.000 0.002 0.000 0.000 0.001 0.000 0.001 0.000 0.032 0.000 0.021 0.001 0.000 0.031 0.001 0.000 0.000 0.001 0.000 0.001 0.001 0.000 0.000 0.000 0.002 0.712 0.051 0.007 0.015 0.002 0.000 0.000 0.001 0.000 0.001 0.005 0.001 
41 trumpet_vis 30 0.001 0.001 0.001 0.001 0.005 0.995 0.001 0.951 0.019 0.013 0.004 0.000 0.005 0.000 0.000 0.000 0.001 0.000 0.000 0.001 0.001 0.001 0.001 0.000 0.000 0.001 0.001 0.001 0.003 0.000 0.000 0.001 0.001 0.003 0.000 0.007 0.000 0.001 0.000 0.000 0.017 0.003 0.172 0.218 0.001 0.340 0.001 0.001 0.004 0.004 0.001 0.393 0.004 0.000 0.758 0.001 0.004 0.001 
42 fork_vis 30 0.005 0.003 0.001 0.000 0.018 0.995 0.002 0.000 0.012 0.949 0.000 0.000 0.000 0.001 0.003 0.000 0.001 0.000 0.000 0.000 0.001 0.000 0.004 0.000 0.000 0.000 0.001 0.001 0.000 0.001 0.000 0.076 0.024 0.000 0.028 0.001 0.003 0.002 0.000 0.000 0.000 0.001 0.000 0.000 0.000 0.001 0.001 0.000 0.001 0.032 0.000 0.000 0.007 0.435 0.001 0.013 0.256 0.003 
43 spoon_vis 30 0.003 0.001 0.001 0.000 0.005 0.996 0.018 0.000 0.029 0.898 0.000 0.001 0.000 0.001 0.001 0.000 0.002 0.002 0.000 0.000 0.001 0.000 0.006 0.000 0.000 0.000 0.000 0.004 0.000 0.001 0.000 0.032 0.020 0.000 0.103 0.001 0.015 0.003 0.000 0.000 0.000 0.002 0.000 0.000 0.000 0.000 0.003 0.000 0.001 0.006 0.000 0.000 0.016 0.670 0.001 0.006 0.157 0.002 
44 tongs_vis 30 0.003 0.001 0.001 0.000 0.004 0.996 0.001 0.001 0.000 0.991 0.000 0.000 0.000 0.000 0.001 0.000 0.000 0.000 0.000 0.000 0.001 0.000 0.001 0.000 0.000 0.000 0.000 0.000 0.000 0.000 0.000 0.013 0.031 0.000 0.000 0.001 0.001 0.005 0.000 0.000 0.001 0.001 0.000 0.000 0.000 0.004 0.000 0.000 0.001 0.003 0.000 0.000 0.001 0.001 0.032 0.021 0.843 0.005 
45 ladle_vis 30 0.002 0.001 0.001 0.001 0.001 0.996 0.020 0.003 0.003 0.920 0.000 0.001 0.000 0.001 0.001 0.000 0.001 0.001 0.000 0.000 0.001 0.000 0.008 0.000 0.000 0.000 0.000 0.014 0.000 0.001 0.000 0.010 0.010 0.000 0.037 0.001 0.019 0.060 0.000 0.000 0.001 0.008 0.000 0.000 0.000 0.002 0.003 0.000 0.001 0.004 0.000 0.000 0.010 0.755 0.002 0.122 0.110 0.001 
46 knife_vis 30 0.002 0.001 0.001 0.000 0.005 0.996 0.005 0.000 0.049 0.871 0.000 0.000 0.000 0.000 0.002 0.000 0.004 0.000 0.000 0.000 0.001 0.000 0.003 0.000 0.000 0.000 0.000 0.001 0.000 0.001 0.000 0.004 0.007 0.000 0.012 0.001 0.003 0.002 0.000 0.000 0.000 0.001 0.000 0.000 0.000 0.001 0.000 0.000 0.001 0.038 0.000 0.000 0.007 0.280 0.002 0.010 0.921 0.010 
47 chopsticks_vis 30 0.002 0.003 0.001 0.000 0.013 0.996 0.001 0.000 0.010 0.988 0.000 0.000 0.000 0.001 0.005 0.000 0.001 0.000 0.000 0.000 0.001 0.000 0.001 0.000 0.000 0.000 0.001 0.000 0.000 0.001 0.000 0.025 0.010 0.000 0.001 0.001 0.001 0.001 0.000 0.000 0.000 0.001 0.000 0.000 0.000 0.001 0.000 0.000 0.001 0.074 0.000 0.000 0.001 0.102 0.003 0.009 0.828 0.013 
