0 beaver_vis 30 0.996 0.059 0.002 0.989 0.003 0.002 0.001 0.001 0.293 0.001 0.001 0.000 0.001 0.139 0.000 0.008 0.000 0.001 0.001 0.000 0.101 0.000 0.040 0.141 0.019 0.230 0.161 0.001 0.000 0.000 0.001 0.001 0.005 0.000 0.001 0.000 0.225 0.002 0.001 0.001 0.000 0.002 0.001 0.006 0.002 0.008 0.001 0.014 0.714 0.000 0.025 0.001 0.000 0.000 0.001 0.004 0.000 0.000 
1 bear_vis 30 0.996 0.091 0.004 0.992 0.031 0.002 0.001 0.001 0.257 0.000 0.000 0.001 0.001 0.047 0.000 0.007 0.000 0.001 0.001 0.000 0.368 0.000 0.159 0.051 0.044 0.726 0.165 0.001 0.000 0.001 0.001 0.001 0.102 0.000 0.001 0.000 0.943 0.013 0.001 0.001 0.000 0.003 0.001 0.012 0.007 0.039 0.001 0.084 0.801 0.000 0.043 0.001 0.000 0.000 0.001 0.013 0.000 0.000 
2 sheep_vis 30 0.996 0.023 0.009 0.991 0.009 0.001 0.001 0.002 0.002 0.001 0.001 0.001 0.001 0.103 0.000 0.000 0.000 0.001 0.001 0.000 0.809 0.000 0.828 0.012 0.328 0.615 0.712 0.002 0.001 0.000 0.153 0.003 0.036 0.000 0.003 0.000 0.124 0.017 0.001 0.001 0.002 0.003 0.001 0.007 0.003 0.548 0.001 0.020 0.139 0.000 0.002 0.001 0.000 0.000 0.001 0.018 0.000 0.000 
3 buffalo_vis 30 0.996 0.978 0.239 0.243 0.001 0.001 0.002 0.001 0.001 0.001 0.011 0.025 0.038 0.589 0.001 0.002 0.001 0.005 0.007 0.000 0.928 0.001 0.278 0.002 0.008 0.082 0.098 0.001 0.000 0.000 0.000 0.010 0.003 0.000 0.002 0.000 0.899 0.020 0.001 0.001 0.000 0.001 0.000 0.004 0.001 0.019 0.001 0.002 0.040 0.000 0.001 0.001 0.000 0.000 0.001 0.215 0.007 0.000 
4 poodle_vis 30 0.996 0.020 0.003 0.992 0.004 0.001 0.001 0.001 0.029 0.001 0.000 0.000 0.001 0.052 0.000 0.007 0.000 0.004 0.001 0.000 0.156 0.000 0.026 0.012 0.025 0.793 0.670 0.000 0.000 0.000 0.000 0.001 0.007 0.000 0.001 0.000 0.941 0.002 0.001 0.001 0.000 0.002 0.000 0.008 0.002 0.006 0.001 0.432 0.065 0.000 0.359 0.001 0.000 0.000 0.001 0.008 0.000 0.000 
5 giraffe_vis 30 0.996 0.904 0.161 0.264 0.002 0.001 0.001 0.001 0.001 0.001 0.003 0.003 0.003 0.341 0.000 0.001 0.000 0.009 0.003 0.001 0.897 0.001 0.176 0.001 0.025 0.240 0.258 0.001 0.000 0.000 0.001 0.005 0.009 0.000 0.001 0.000 0.280 0.009 0.001 0.001 0.000 0.002 0.000 0.006 0.002 0.088 0.001 0.017 0.031 0.000 0.002 0.001 0.000 0.000 0.001 0.217 0.001 0.000 
6 robin_vis 30 0.528 0.001 0.326 0.010 0.120 0.099 0.002 0.001 0.373 0.001 0.000 0.000 0.000 0.002 0.000 0.274 0.000 0.428 0.001 0.328 0.098 0.006 0.001 0.000 0.015 0.601 0.042 0.000 0.012 0.001 0.002 0.008 0.005 0.027 0.002 0.000 0.077 0.001 0.001 0.001 0.001 0.001 0.001 0.014 0.002 0.008 0.062 0.734 0.003 0.000 0.933 0.037 0.000 0.000 0.002 0.029 0.000 0.000 
7 swan_vis 30 0.309 0.001 0.106 0.012 0.079 0.179 0.003 0.001 0.551 0.001 0.000 0.000 0.000 0.002 0.000 0.091 0.000 0.304 0.001 0.158 0.116 0.002 0.001 0.000 0.011 0.470 0.071 0.000 0.012 0.001 0.001 0.004 0.005 0.014 0.003 0.000 0.109 0.001 0.001 0.001 0.001 0.001 0.001 0.012 0.003 0.018 0.049 0.769 0.004 0.000 0.954 0.026 0.000 0.000 0.002 0.049 0.000 0.000 
8 woodpecker_vis 30 0.015 0.001 0.020 0.033 0.005 0.704 0.004 0.001 0.829 0.001 0.000 0.000 0.000 0.002 0.000 0.001 0.000 0.574 0.005 0.003 0.279 0.000 0.003 0.000 0.003 0.061 0.465 0.000 0.010 0.001 0.000 0.001 0.003 0.000 0.023 0.000 0.144 0.001 0.001 0.001 0.002 0.001 0.001 0.007 0.008 0.151 0.004 0.981 0.011 0.000 0.937 0.016 0.000 0.000 0.014 0.191 0.000 0.000 
9 peacock_vis 30 0.019 0.001 0.008 0.036 0.014 0.933 0.007 0.001 0.967 0.001 0.000 0.000 0.000 0.004 0.000 0.000 0.000 0.253 0.002 0.001 0.319 0.000 0.004 0.000 0.003 0.032 0.374 0.000 0.010 0.001 0.000 0.001 0.008 0.001 0.149 0.000 0.315 0.001 0.001 0.001 0.001 0.001 0.001 0.008 0.016 0.367 0.011 0.938 0.117 0.000 0.953 0.007 0.000 0.000 0.006 0.462 0.000 0.000 
10 crow_vis 30 0.348 0.001 0.127 0.010 0.128 0.141 0.002 0.001 0.639 0.001 0.000 0.000 0.000 0.004 0.000 0.089 0.000 0.352 0.001 0.146 0.141 0.002 0.001 0.000 0.016 0.416 0.083 0.000 0.017 0.001 0.002 0.003 0.009 0.020 0.002 0.000 0.121 0.001 0.001 0.001 0.001 0.001 0.001 0.015 0.001 0.013 0.085 0.819 0.004 0.000 0.960 0.035 0.000 0.000 0.002 0.037 0.000 0.000 
11 eagle_vis 30 0.467 0.001 0.333 0.020 0.024 0.177 0.005 0.001 0.463 0.001 0.000 0.000 0.000 0.006 0.000 0.101 0.000 0.508 0.003 0.185 0.183 0.005 0.002 0.000 0.009 0.327 0.107 0.000 0.012 0.001 0.001 0.002 0.004 0.005 0.010 0.000 0.122 0.001 0.001 0.001 0.001 0.001 0.001 0.013 0.008 0.034 0.068 0.779 0.005 0.000 0.937 0.018 0.000 0.000 0.003 0.078 0.000 0.000 
12 tuna_vis 30 0.791 0.001 0.029 0.202 0.328 0.099 0.040 0.316 0.005 0.001 0.000 0.000 0.001 0.001 0.000 0.000 0.000 0.001 0.004 0.001 0.739 0.000 0.378 0.000 0.004 0.187 0.023 0.001 0.001 0.001 0.000 0.084 0.909 0.000 0.006 0.000 0.945 0.019 0.001 0.008 0.001 0.048 0.001 0.009 0.694 0.697 0.001 0.047 0.121 0.001 0.002 0.001 0.000 0.000 0.001 0.040 0.001 0.000 
13 goldfish_vis 30 0.995 0.003 0.014 0.670 0.029 0.001 0.005 0.003 0.001 0.000 0.000 0.000 0.001 0.004 0.000 0.000 0.000 0.001 0.001 0.000 0.811 0.000 0.334 0.002 0.009 0.504 0.055 0.001 0.000 0.000 0.001 0.054 0.585 0.000 0.001 0.000 0.938 0.011 0.001 0.001 0.001 0.003 0.000 0.006 0.035 0.165 0.000 0.002 0.022 0.000 0.001 0.001 0.000 0.000 0.001 0.005 0.000 0.000 
14 salmon_vis 30 0.994 0.002 0.031 0.443 0.027 0.002 0.003 0.008 0.001 0.001 0.000 0.000 0.001 0.004 0.000 0.000 0.000 0.001 0.001 0.000 0.917 0.000 0.296 0.001 0.014 0.360 0.075 0.001 0.001 0.000 0.002 0.076 0.455 0.000 0.032 0.000 0.226 0.012 0.001 0.001 0.001 0.003 0.001 0.006 0.010 0.759 0.001 0.004 0.133 0.000 0.001 0.001 0.000 0.000 0.001 0.010 0.000 0.000 
15 sardine_vis 30 0.995 0.003 0.004 0.988 0.028 0.001 0.014 0.008 0.001 0.001 0.000 0.000 0.001 0.009 0.000 0.000 0.000 0.001 0.001 0.000 0.916 0.000 0.545 0.004 0.021 0.923 0.167 0.002 0.001 0.000 0.001 0.124 0.581 0.000 0.004 0.000 0.985 0.019 0.001 0.001 0.001 0.005 0.000 0.012 0.048 0.385 0.001 0.005 0.050 0.000 0.001 0.001 0.000 0.000 0.001 0.012 0.000 0.000 
16 catfish_vis 30 0.995 0.003 0.003 0.710 0.013 0.001 0.004 0.004 0.001 0.000 0.000 0.000 0.001 0.002 0.000 0.000 0.000 0.001 0.001 0.000 0.197 0.000 0.293 0.002 0.006 0.359 0.030 0.001 0.000 0.000 0.001 0.013 0.488 0.000 0.001 0.000 0.606 0.005 0.001 0.001 0.000 0.005 0.000 0.005 0.057 0.036 0.000 0.001 0.010 0.000 0.001 0.001 0.000 0.000 0.001 0.003 0.000 0.000 
17 cod_vis 30 0.984 0.001 0.495 0.129 0.417 0.002 0.007 0.039 0.001 0.001 0.000 0.000 0.001 0.001 0.000 0.000 0.000 0.001 0.007 0.000 0.891 0.000 0.214 0.000 0.011 0.052 0.005 0.002 0.001 0.001 0.001 0.140 0.811 0.000 0.004 0.000 0.958 0.019 0.001 0.001 0.001 0.005 0.000 0.017 0.181 0.328 0.001 0.002 0.030 0.000 0.001 0.001 0.000 0.000 0.001 0.006 0.000 0.000 
18 turtle_vis 30 0.994 0.001 0.001 0.008 0.979 0.002 0.022 0.002 0.001 0.000 0.000 0.000 0.001 0.000 0.000 0.000 0.000 0.001 0.000 0.000 0.009 0.000 0.001 0.001 0.001 0.001 0.002 0.002 0.003 0.001 0.001 0.033 0.041 0.002 0.005 0.000 0.075 0.004 0.001 0.042 0.001 0.001 0.000 0.005 0.033 0.001 0.001 0.000 0.001 0.000 0.001 0.001 0.000 0.000 0.000 0.001 0.000 0.000 
19 rattlesnake_vis 30 0.992 0.001 0.001 0.004 0.990 0.005 0.101 0.002 0.001 0.001 0.000 0.000 0.001 0.000 0.001 0.000 0.000 0.001 0.000 0.000 0.007 0.000 0.001 0.001 0.000 0.001 0.001 0.003 0.002 0.004 0.000 0.236 0.381 0.004 0.016 0.000 0.100 0.008 0.001 0.154 0.001 0.001 0.000 0.003 0.052 0.000 0.001 0.000 0.003 0.000 0.001 0.001 0.000 0.000 0.001 0.001 0.000 0.000 
20 crab_vis 30 0.994 0.001 0.001 0.025 0.954 0.002 0.014 0.002 0.001 0.000 0.000 0.000 0.001 0.000 0.000 0.000 0.000 0.001 0.000 0.000 0.009 0.000 0.001 0.001 0.001 0.002 0.003 0.002 0.001 0.001 0.000 0.024 0.024 0.002 0.003 0.000 0.069 0.004 0.001 0.034 0.001 0.001 0.000 0.003 0.056 0.001 0.001 0.001 0.002 0.000 0.001 0.001 0.000 0.000 0.000 0.001 0.000 0.000 
21 frog_vis 30 0.990 0.001 0.027 0.007 0.952 0.002 0.035 0.007 0.001 0.001 0.000 0.000 0.002 0.000 0.000 0.000 0.000 0.001 0.001 0.000 0.068 0.000 0.001 0.000 0.001 0.002 0.002 0.006 0.008 0.001 0.001 0.072 0.474 0.002 0.012 0.000 0.546 0.006 0.001 0.002 0.001 0.002 0.000 0.018 0.041 0.001 0.001 0.001 0.002 0.000 0.001 0.001 0.000 0.000 0.001 0.001 0.000 0.000 
22 gecko_vis 30 0.994 0.001 0.001 0.006 0.988 0.003 0.039 0.004 0.001 0.001 0.000 0.000 0.001 0.000 0.000 0.000 0.000 0.001 0.000 0.000 0.005 0.000 0.001 0.000 0.001 0.001 0.002 0.002 0.001 0.002 0.000 0.078 0.146 0.004 0.007 0.000 0.050 0.004 0.001 0.118 0.001 0.001 0.000 0.003 0.100 0.001 0.001 0.001 0.002 0.000 0.001 0.001 0.000 0.000 0.001 0.001 0.000 0.000 
23 crocodile_vis 30 0.993 0.001 0.002 0.005 0.983 0.005 0.049 0.009 0.001 0.001 0.000 0.000 0.001 0.000 0.000 0.000 0.000 0.001 0.000 0.000 0.007 0.000 0.001 0.000 0.001 0.001 0.001 0.003 0.007 0.001 0.000 0.071 0.063 0.004 0.019 0.000 0.075 0.005 0.001 0.020 0.001 0.001 0.000 0.006 0.202 0.001 0.001 0.001 0.002 0.000 0.001 0.001 0.000 0.000 0.001 0.001 0.000 0.000 
24 axe_vis 30 0.006 0.005 0.001 0.003 0.010 0.991 0.993 0.019 0.002 0.002 0.001 0.000 0.049 0.003 0.000 0.000 0.000 0.001 0.000 0.000 0.034 0.000 0.001 0.003 0.001 0.001 0.002 0.029 0.001 0.002 0.050 0.001 0.033 0.006 0.012 0.000 0.459 0.973 0.002 0.008 0.005 0.001 0.001 0.046 0.011 0.008 0.001 0.001 0.121 0.000 0.003 0.001 0.005 0.000 0.001 0.004 0.540 0.000 
25 hammer_vis 30 0.007 0.005 0.001 0.002 0.048 0.995 0.995 0.057 0.001 0.002 0.001 0.000 0.150 0.000 0.001 0.000 0.000 0.002 0.000 0.000 0.003 0.000 0.001 0.001 0.000 0.001 0.001 0.033 0.002 0.002 0.087 0.001 0.003 0.036 0.022 0.003 0.064 0.988 0.005 0.044 0.056 0.001 0.001 0.052 0.034 0.001 0.001 0.001 0.103 0.000 0.002 0.001 0.121 0.000 0.001 0.001 0.067 0.001 
26 screwdriver_vis 30 0.005 0.002 0.001 0.023 0.005 0.983 0.992 0.004 0.009 0.001 0.000 0.000 0.001 0.066 0.001 0.000 0.001 0.001 0.003 0.000 0.027 0.000 0.003 0.003 0.001 0.001 0.009 0.052 0.002 0.029 0.000 0.002 0.011 0.000 0.040 0.000 0.992 0.048 0.006 0.011 0.001 0.006 0.001 0.036 0.067 0.003 0.001 0.001 0.003 0.001 0.042 0.001 0.000 0.000 0.001 0.127 0.027 0.000 
27 chisel_vis 30 0.012 0.003 0.001 0.002 0.035 0.992 0.993 0.057 0.001 0.001 0.001 0.000 0.222 0.000 0.000 0.000 0.000 0.002 0.000 0.000 0.003 0.000 0.001 0.000 0.001 0.001 0.001 0.050 0.002 0.001 0.051 0.001 0.002 0.060 0.016 0.001 0.049 0.982 0.001 0.015 0.030 0.001 0.001 0.053 0.031 0.001 0.001 0.001 0.067 0.000 0.002 0.001 0.134 0.000 0.001 0.002 0.038 0.000 
28 saw_vis 30 0.005 0.002 0.001 0.003 0.027 0.991 0.995 0.002 0.003 0.002 0.000 0.000 0.001 0.000 0.004 0.000 0.000 0.001 0.000 0.000 0.001 0.000 0.000 0.030 0.000 0.001 0.004 0.006 0.003 0.138 0.000 0.007 0.001 0.001 0.048 0.002 0.396 0.019 0.016 0.893 0.001 0.001 0.001 0.007 0.164 0.000 0.002 0.000 0.001 0.007 0.005 0.001 0.002 0.000 0.001 0.001 0.001 0.016 
29 drill_vis 30 0.004 0.002 0.001 0.017 0.008 0.984 0.993 0.003 0.010 0.002 0.000 0.000 0.001 0.054 0.001 0.000 0.001 0.001 0.002 0.000 0.025 0.000 0.002 0.003 0.001 0.001 0.008 0.055 0.003 0.036 0.000 0.003 0.011 0.000 0.077 0.001 0.991 0.043 0.006 0.023 0.001 0.006 0.001 0.023 0.091 0.003 0.001 0.001 0.003 0.001 0.034 0.001 0.001 0.000 0.001 0.129 0.018 0.001 
30 clamp_vis 30 0.089 0.001 0.001 0.002 0.295 0.995 0.866 0.989 0.001 0.003 0.001 0.000 0.007 0.000 0.000 0.000 0.000 0.014 0.000 0.000 0.004 0.000 0.001 0.000 0.001 0.001 0.001 0.001 0.007 0.000 0.084 0.001 0.001 0.032 0.032 0.000 0.009 0.900 0.003 0.002 0.461 0.007 0.002 0.793 0.272 0.057 0.000 0.001 0.007 0.000 0.003 0.011 0.094 0.000 0.003 0.002 0.001 0.000 
31 hoe_vis 30 0.015 0.001 0.089 0.062 0.017 0.993 0.735 0.994 0.006 0.012 0.001 0.000 0.001 0.000 0.000 0.000 0.000 0.005 0.001 0.000 0.042 0.000 0.085 0.000 0.007 0.001 0.001 0.002 0.002 0.000 0.001 0.001 0.028 0.001 0.018 0.000 0.074 0.697 0.015 0.001 0.408 0.774 0.010 0.707 0.915 0.864 0.001 0.001 0.163 0.000 0.003 0.334 0.002 0.000 0.004 0.031 0.009 0.000 
32 rake_vis 30 0.061 0.001 0.016 0.018 0.167 0.994 0.965 0.994 0.002 0.013 0.004 0.000 0.005 0.000 0.000 0.000 0.000 0.114 0.001 0.000 0.030 0.000 0.007 0.000 0.003 0.001 0.001 0.001 0.017 0.000 0.005 0.002 0.003 0.003 0.111 0.001 0.042 0.920 0.005 0.005 0.731 0.085 0.007 0.773 0.959 0.873 0.001 0.001 0.090 0.000 0.005 0.046 0.015 0.000 0.011 0.011 0.002 0.000 
33 shovel_vis 30 0.071 0.001 0.002 0.003 0.170 0.995 0.799 0.965 0.002 0.002 0.000 0.000 0.006 0.000 0.000 0.000 0.000 0.020 0.001 0.000 0.008 0.000 0.002 0.000 0.002 0.001 0.001 0.001 0.006 0.000 0.093 0.001 0.002 0.028 0.010 0.000 0.017 0.919 0.001 0.002 0.350 0.008 0.002 0.651 0.160 0.130 0.001 0.001 0.009 0.000 0.002 0.004 0.050 0.000 0.001 0.004 0.002 0.000 
34 spade_vis 30 0.010 0.001 0.032 0.054 0.020 0.995 0.777 0.994 0.004 0.020 0.001 0.000 0.000 0.000 0.000 0.000 0.000 0.002 0.001 0.000 0.007 0.000 0.026 0.000 0.002 0.001 0.001 0.001 0.001 0.000 0.001 0.001 0.012 0.001 0.021 0.000 0.038 0.415 0.135 0.001 0.678 0.884 0.006 0.503 0.957 0.368 0.001 0.001 0.056 0.000 0.004 0.307 0.009 0.000 0.010 0.018 0.002 0.000 
35 wrench_vis 30 0.081 0.001 0.016 0.012 0.194 0.994 0.967 0.994 0.003 0.009 0.003 0.000 0.007 0.000 0.000 0.000 0.000 0.126 0.001 0.000 0.051 0.000 0.017 0.000 0.005 0.001 0.001 0.001 0.014 0.000 0.011 0.001 0.006 0.003 0.099 0.001 0.046 0.958 0.001 0.005 0.710 0.032 0.008 0.703 0.950 0.867 0.001 0.001 0.106 0.000 0.002 0.016 0.017 0.000 0.007 0.011 0.005 0.000 
36 accordion_vis 30 0.005 0.001 0.001 0.009 0.005 0.994 0.020 0.001 0.995 0.001 0.000 0.001 0.001 0.004 0.000 0.005 0.001 0.002 0.002 0.000 0.004 0.000 0.002 0.017 0.001 0.001 0.001 0.005 0.001 0.031 0.000 0.000 0.013 0.037 0.004 0.002 0.045 0.002 0.002 0.011 0.001 0.002 0.002 0.002 0.002 0.001 0.888 0.005 0.092 0.157 0.051 0.004 0.000 0.001 0.001 0.003 0.002 0.001 
37 cello_vis 30 0.004 0.001 0.001 0.022 0.004 0.995 0.008 0.001 0.995 0.001 0.000 0.006 0.000 0.001 0.000 0.002 0.001 0.004 0.014 0.000 0.004 0.000 0.009 0.006 0.001 0.001 0.003 0.001 0.001 0.014 0.000 0.000 0.007 0.002 0.007 0.008 0.014 0.001 0.002 0.008 0.001 0.001 0.008 0.002 0.003 0.002 0.412 0.124 0.126 0.356 0.016 0.008 0.000 0.001 0.001 0.003 0.001 0.006 
38 flute_vis 30 0.006 0.005 0.002 0.007 0.005 0.995 0.070 0.001 0.995 0.001 0.001 0.001 0.001 0.002 0.000 0.000 0.000 0.027 0.001 0.000 0.051 0.000 0.043 0.001 0.001 0.001 0.004 0.001 0.001 0.001 0.001 0.000 0.023 0.027 0.179 0.001 0.033 0.035 0.001 0.001 0.002 0.001 0.001 0.002 0.006 0.110 0.008 0.034 0.990 0.017 0.030 0.004 0.000 0.000 0.001 0.013 0.016 0.002 
39 guitar_vis 30 0.006 0.001 0.001 0.011 0.004 0.994 0.004 0.001 0.994 0.001 0.000 0.002 0.001 0.001 0.000 0.001 0.000 0.002 0.002 0.000 0.003 0.000 0.018 0.001 0.001 0.001 0.002 0.001 0.001 0.011 0.000 0.000 0.019 0.014 0.033 0.001 0.007 0.001 0.001 0.002 0.001 0.006 0.001 0.001 0.018 0.010 0.065 0.040 0.959 0.463 0.003 0.003 0.000 0.000 0.001 0.004 0.003 0.007 
40 piano_vis 30 0.004 0.001 0.001 0.008 0.003 0.992 0.037 0.001 0.995 0.000 0.000 0.000 0.001 0.016 0.001 0.018 0.001 0.006 0.001 0.001 0.007 0.000 0.001 0.011 0.001 0.004 0.003 0.002 0.001 0.003 0.000 0.000 0.005 0.014 0.007 0.001 0.051 0.001 0.002 0.004 0.001 0.001 0.001 0.002 0.001 0.001 0.584 0.013 0.034 0.003 0.267 0.007 0.000 0.000 0.001 0.003 0.001 0.000 
41 trumpet_vis 30 0.009 0.001 0.094 0.059 0.004 0.995 0.002 0.014 0.994 0.001 0.000 0.000 0.000 0.000 0.000 0.000 0.000 0.015 0.021 0.003 0.001 0.000 0.005 0.000 0.001 0.001 0.001 0.000 0.001 0.000 0.000 0.000 0.001 0.001 0.002 0.000 0.017 0.001 0.030 0.001 0.001 0.116 0.045 0.011 0.355 0.005 0.004 0.183 0.014 0.001 0.019 0.929 0.000 0.000 0.200 0.002 0.000 0.000 
42 fork_vis 30 0.002 0.002 0.001 0.002 0.001 0.993 0.324 0.004 0.005 0.863 0.033 0.001 0.001 0.003 0.001 0.000 0.032 0.001 0.001 0.000 0.007 0.001 0.001 0.000 0.000 0.001 0.002 0.002 0.001 0.002 0.001 0.001 0.002 0.000 0.009 0.004 0.030 0.008 0.166 0.001 0.008 0.003 0.001 0.013 0.002 0.001 0.001 0.001 0.001 0.001 0.019 0.001 0.358 0.001 0.001 0.057 0.289 0.004 
43 spoon_vis 30 0.003 0.020 0.005 0.001 0.001 0.995 0.105 0.002 0.004 0.970 0.001 0.001 0.001 0.006 0.000 0.000 0.070 0.001 0.001 0.000 0.010 0.001 0.001 0.000 0.000 0.001 0.001 0.000 0.000 0.004 0.000 0.001 0.001 0.000 0.003 0.000 0.569 0.004 0.088 0.002 0.000 0.080 0.001 0.004 0.002 0.000 0.004 0.001 0.001 0.001 0.004 0.001 0.077 0.014 0.001 0.962 0.606 0.002 
44 tongs_vis 30 0.016 0.001 0.007 0.001 0.001 0.995 0.006 0.306 0.001 0.931 0.057 0.000 0.001 0.000 0.000 0.000 0.000 0.156 0.001 0.000 0.001 0.004 0.001 0.000 0.000 0.001 0.001 0.000 0.001 0.001 0.000 0.001 0.001 0.000 0.112 0.001 0.002 0.001 0.003 0.001 0.456 0.002 0.001 0.006 0.010 0.001 0.001 0.001 0.001 0.000 0.001 0.003 0.905 0.000 0.554 0.058 0.001 0.001 
45 ladle_vis 30 0.004 0.010 0.011 0.001 0.001 0.994 0.044 0.008 0.002 0.967 0.000 0.000 0.001 0.004 0.000 0.000 0.034 0.001 0.001 0.001 0.018 0.011 0.001 0.000 0.000 0.001 0.001 0.000 0.000 0.002 0.000 0.001 0.001 0.000 0.017 0.000 0.753 0.002 0.073 0.001 0.001 0.158 0.001 0.016 0.003 0.001 0.001 0.001 0.001 0.000 0.004 0.001 0.042 0.005 0.004 0.987 0.162 0.002 
46 knife_vis 30 0.004 0.007 0.001 0.001 0.001 0.995 0.002 0.007 0.023 0.976 0.001 0.005 0.002 0.001 0.000 0.000 0.003 0.001 0.002 0.004 0.002 0.000 0.001 0.000 0.000 0.001 0.001 0.000 0.000 0.003 0.000 0.001 0.002 0.001 0.001 0.001 0.003 0.002 0.001 0.002 0.000 0.013 0.002 0.001 0.001 0.003 0.008 0.001 0.003 0.035 0.001 0.001 0.004 0.046 0.001 0.013 0.988 0.003 
47 chopsticks_vis 30 0.005 0.010 0.011 0.001 0.001 0.978 0.002 0.004 0.005 0.941 0.000 0.001 0.001 0.033 0.000 0.000 0.002 0.006 0.010 0.007 0.107 0.016 0.001 0.000 0.000 0.001 0.003 0.000 0.000 0.002 0.000 0.001 0.001 0.000 0.102 0.000 0.016 0.001 0.002 0.001 0.001 0.006 0.001 0.001 0.001 0.021 0.001 0.004 0.001 0.001 0.002 0.001 0.002 0.007 0.053 0.951 0.214 0.004 
