0 beaver_vis 30 0.006 0.001 0.001 0.001 0.000 0.996 0.006 0.001 0.029 0.891 0.000 0.001 0.001 0.000 0.004 0.000 0.008 0.000 0.023 0.001 0.000 0.000 0.004 0.001 0.000 0.001 0.000 0.000 0.000 0.001 0.000 0.000 0.001 0.001 0.002 0.000 0.003 0.090 0.001 0.007 0.001 0.000 0.000 0.001 0.001 0.001 0.001 0.000 0.034 0.001 0.007 0.002 0.003 0.002 0.001 0.013 0.876 0.005 
1 bear_vis 30 0.003 0.005 0.001 0.001 0.000 0.996 0.010 0.001 0.850 0.005 0.001 0.001 0.023 0.001 0.009 0.000 0.001 0.000 0.024 0.001 0.000 0.000 0.002 0.001 0.000 0.000 0.000 0.000 0.000 0.001 0.000 0.000 0.001 0.001 0.006 0.000 0.102 0.015 0.001 0.006 0.001 0.000 0.000 0.003 0.001 0.001 0.004 0.000 0.357 0.002 0.018 0.004 0.001 0.002 0.001 0.001 0.163 0.001 
2 sheep_vis 30 0.003 0.006 0.001 0.001 0.000 0.996 0.017 0.001 0.699 0.004 0.001 0.001 0.021 0.000 0.008 0.000 0.000 0.000 0.023 0.001 0.000 0.000 0.001 0.001 0.000 0.000 0.000 0.000 0.000 0.001 0.000 0.000 0.001 0.001 0.003 0.000 0.249 0.011 0.001 0.006 0.001 0.000 0.000 0.002 0.001 0.001 0.004 0.000 0.198 0.002 0.014 0.004 0.001 0.003 0.001 0.001 0.177 0.001 
3 buffalo_vis 30 0.020 0.043 0.001 0.001 0.000 0.996 0.914 0.001 0.133 0.002 0.001 0.001 0.019 0.001 0.030 0.000 0.001 0.000 0.024 0.001 0.000 0.000 0.001 0.001 0.000 0.000 0.000 0.000 0.000 0.054 0.000 0.000 0.001 0.001 0.008 0.001 0.781 0.373 0.001 0.403 0.002 0.000 0.000 0.003 0.001 0.001 0.003 0.000 0.092 0.001 0.065 0.006 0.002 0.002 0.001 0.001 0.112 0.001 
4 poodle_vis 30 0.021 0.045 0.001 0.000 0.000 0.996 0.938 0.001 0.100 0.002 0.001 0.001 0.017 0.001 0.023 0.000 0.000 0.000 0.014 0.001 0.000 0.000 0.001 0.001 0.000 0.000 0.000 0.000 0.000 0.091 0.000 0.000 0.001 0.000 0.005 0.002 0.844 0.513 0.001 0.511 0.003 0.000 0.000 0.004 0.001 0.001 0.002 0.000 0.090 0.001 0.053 0.006 0.003 0.002 0.001 0.002 0.109 0.001 
5 giraffe_vis 30 0.007 0.017 0.001 0.000 0.000 0.996 0.726 0.001 0.177 0.004 0.001 0.001 0.013 0.001 0.025 0.000 0.000 0.000 0.019 0.001 0.000 0.000 0.001 0.001 0.000 0.000 0.000 0.000 0.000 0.013 0.000 0.000 0.001 0.001 0.009 0.001 0.409 0.480 0.001 0.232 0.001 0.000 0.000 0.003 0.001 0.001 0.003 0.000 0.193 0.001 0.051 0.007 0.001 0.002 0.001 0.002 0.238 0.001 
6 robin_vis 30 0.010 0.070 0.001 0.001 0.000 0.996 0.071 0.001 0.960 0.001 0.003 0.004 0.235 0.001 0.054 0.000 0.001 0.000 0.019 0.001 0.000 0.000 0.001 0.001 0.001 0.001 0.000 0.001 0.000 0.003 0.000 0.000 0.001 0.000 0.016 0.000 0.503 0.002 0.001 0.004 0.001 0.001 0.000 0.008 0.001 0.001 0.014 0.000 0.523 0.005 0.009 0.009 0.000 0.003 0.001 0.001 0.037 0.001 
7 swan_vis 30 0.013 0.031 0.001 0.001 0.001 0.996 0.942 0.001 0.028 0.002 0.001 0.001 0.014 0.002 0.003 0.000 0.001 0.000 0.004 0.001 0.000 0.000 0.001 0.001 0.001 0.000 0.000 0.000 0.000 0.088 0.000 0.000 0.001 0.000 0.001 0.002 0.775 0.610 0.001 0.463 0.004 0.001 0.000 0.004 0.001 0.001 0.002 0.000 0.034 0.001 0.007 0.001 0.003 0.001 0.001 0.002 0.124 0.001 
8 woodpecker_vis 30 0.023 0.057 0.001 0.000 0.000 0.996 0.909 0.001 0.099 0.002 0.002 0.003 0.035 0.001 0.023 0.000 0.001 0.000 0.019 0.001 0.000 0.000 0.001 0.001 0.000 0.001 0.000 0.000 0.000 0.033 0.000 0.000 0.001 0.001 0.005 0.001 0.863 0.188 0.001 0.218 0.001 0.000 0.000 0.003 0.001 0.001 0.004 0.000 0.054 0.001 0.030 0.006 0.001 0.002 0.001 0.001 0.067 0.001 
9 peacock_vis 30 0.022 0.046 0.001 0.000 0.000 0.996 0.942 0.001 0.097 0.002 0.001 0.001 0.016 0.001 0.020 0.000 0.000 0.000 0.012 0.001 0.000 0.000 0.001 0.001 0.000 0.000 0.000 0.000 0.000 0.087 0.000 0.000 0.001 0.001 0.002 0.002 0.838 0.495 0.001 0.532 0.003 0.000 0.000 0.004 0.001 0.001 0.003 0.000 0.086 0.001 0.079 0.005 0.003 0.002 0.001 0.002 0.110 0.000 
10 crow_vis 30 0.021 0.055 0.001 0.000 0.000 0.996 0.892 0.001 0.141 0.002 0.001 0.003 0.028 0.001 0.030 0.000 0.000 0.000 0.017 0.001 0.000 0.000 0.001 0.001 0.000 0.000 0.000 0.000 0.000 0.046 0.000 0.000 0.001 0.001 0.004 0.001 0.847 0.290 0.001 0.308 0.001 0.000 0.000 0.004 0.001 0.001 0.007 0.000 0.098 0.001 0.052 0.009 0.002 0.002 0.001 0.001 0.081 0.000 
11 eagle_vis 30 0.028 0.057 0.001 0.001 0.000 0.996 0.924 0.001 0.068 0.001 0.002 0.001 0.040 0.001 0.010 0.000 0.001 0.000 0.009 0.001 0.000 0.000 0.001 0.001 0.000 0.001 0.000 0.000 0.000 0.025 0.000 0.000 0.001 0.000 0.004 0.004 0.933 0.090 0.001 0.099 0.001 0.000 0.000 0.008 0.001 0.001 0.003 0.000 0.040 0.002 0.015 0.003 0.001 0.001 0.001 0.001 0.034 0.001 
12 tuna_vis 30 0.041 0.001 0.006 0.000 0.000 0.996 0.243 0.001 0.018 0.844 0.000 0.001 0.001 0.000 0.002 0.000 0.018 0.001 0.033 0.002 0.000 0.001 0.014 0.001 0.000 0.000 0.000 0.000 0.000 0.003 0.000 0.000 0.007 0.001 0.002 0.000 0.069 0.094 0.001 0.054 0.001 0.000 0.000 0.001 0.001 0.001 0.001 0.000 0.025 0.001 0.012 0.002 0.083 0.003 0.001 0.007 0.942 0.002 
13 goldfish_vis 30 0.010 0.001 0.005 0.000 0.000 0.996 0.144 0.001 0.026 0.817 0.000 0.001 0.001 0.000 0.003 0.000 0.021 0.001 0.037 0.002 0.000 0.001 0.013 0.001 0.000 0.000 0.000 0.000 0.000 0.002 0.000 0.000 0.002 0.001 0.004 0.000 0.051 0.101 0.001 0.033 0.001 0.000 0.000 0.001 0.001 0.001 0.001 0.000 0.033 0.001 0.011 0.002 0.042 0.003 0.001 0.008 0.940 0.002 
14 salmon_vis 30 0.029 0.001 0.009 0.000 0.000 0.996 0.356 0.001 0.031 0.465 0.000 0.001 0.001 0.000 0.002 0.000 0.053 0.001 0.050 0.004 0.000 0.001 0.011 0.000 0.000 0.000 0.000 0.000 0.000 0.003 0.000 0.000 0.002 0.001 0.002 0.000 0.114 0.073 0.001 0.059 0.001 0.000 0.000 0.001 0.001 0.001 0.002 0.000 0.023 0.001 0.027 0.003 0.091 0.003 0.001 0.004 0.888 0.001 
15 sardine_vis 30 0.011 0.002 0.002 0.000 0.000 0.996 0.002 0.001 0.980 0.062 0.000 0.001 0.002 0.000 0.010 0.000 0.001 0.001 0.124 0.002 0.000 0.000 0.003 0.001 0.000 0.000 0.000 0.000 0.000 0.001 0.000 0.000 0.001 0.001 0.002 0.000 0.025 0.002 0.001 0.004 0.001 0.000 0.000 0.001 0.001 0.001 0.002 0.000 0.398 0.001 0.057 0.011 0.001 0.003 0.001 0.001 0.338 0.001 
16 catfish_vis 30 0.147 0.001 0.007 0.001 0.000 0.995 0.019 0.001 0.014 0.921 0.000 0.001 0.001 0.000 0.003 0.000 0.005 0.000 0.023 0.001 0.000 0.001 0.020 0.001 0.000 0.000 0.000 0.000 0.000 0.002 0.000 0.000 0.055 0.001 0.004 0.000 0.022 0.084 0.001 0.008 0.001 0.000 0.000 0.001 0.001 0.001 0.001 0.000 0.087 0.001 0.006 0.001 0.017 0.002 0.001 0.017 0.949 0.004 
17 cod_vis 30 0.009 0.001 0.004 0.000 0.000 0.996 0.368 0.001 0.034 0.623 0.000 0.001 0.001 0.000 0.002 0.000 0.023 0.001 0.040 0.002 0.000 0.001 0.007 0.000 0.000 0.000 0.000 0.000 0.000 0.003 0.000 0.000 0.002 0.001 0.002 0.000 0.106 0.107 0.001 0.073 0.001 0.000 0.000 0.001 0.001 0.001 0.002 0.000 0.029 0.001 0.012 0.002 0.068 0.003 0.001 0.005 0.925 0.001 
18 turtle_vis 30 0.925 0.004 0.694 0.000 0.000 0.275 0.009 0.001 0.016 0.006 0.000 0.001 0.005 0.001 0.001 0.000 0.569 0.001 0.032 0.003 0.001 0.045 0.004 0.000 0.001 0.000 0.000 0.000 0.000 0.001 0.000 0.000 0.001 0.001 0.004 0.000 0.168 0.001 0.001 0.002 0.000 0.000 0.000 0.001 0.001 0.001 0.002 0.000 0.009 0.001 0.021 0.002 0.009 0.002 0.001 0.003 0.052 0.001 
19 rattlesnake_vis 30 0.065 0.001 0.017 0.000 0.000 0.996 0.667 0.001 0.010 0.378 0.000 0.001 0.001 0.000 0.001 0.000 0.105 0.001 0.013 0.006 0.000 0.002 0.008 0.000 0.000 0.000 0.000 0.000 0.000 0.017 0.000 0.000 0.002 0.001 0.002 0.001 0.685 0.056 0.001 0.076 0.001 0.000 0.000 0.002 0.001 0.001 0.003 0.000 0.015 0.001 0.035 0.002 0.394 0.002 0.001 0.011 0.743 0.001 
20 crab_vis 30 0.667 0.001 0.066 0.000 0.000 0.995 0.225 0.001 0.008 0.045 0.001 0.001 0.001 0.000 0.001 0.000 0.373 0.001 0.019 0.003 0.000 0.003 0.006 0.000 0.000 0.000 0.000 0.000 0.000 0.004 0.000 0.000 0.002 0.001 0.002 0.001 0.432 0.010 0.001 0.006 0.001 0.000 0.000 0.002 0.001 0.001 0.002 0.000 0.007 0.001 0.012 0.001 0.084 0.003 0.001 0.007 0.368 0.001 
21 frog_vis 30 0.433 0.027 0.005 0.000 0.000 0.996 0.259 0.001 0.876 0.005 0.000 0.002 0.007 0.000 0.075 0.001 0.001 0.001 0.107 0.005 0.000 0.001 0.002 0.000 0.000 0.000 0.000 0.000 0.000 0.003 0.000 0.000 0.001 0.001 0.002 0.005 0.738 0.005 0.001 0.044 0.000 0.000 0.000 0.009 0.001 0.001 0.004 0.000 0.400 0.001 0.758 0.029 0.003 0.002 0.001 0.001 0.028 0.000 
22 gecko_vis 30 0.931 0.003 0.875 0.000 0.000 0.134 0.002 0.001 0.004 0.065 0.000 0.001 0.003 0.006 0.001 0.000 0.410 0.003 0.009 0.006 0.001 0.225 0.002 0.000 0.001 0.000 0.000 0.000 0.000 0.001 0.000 0.000 0.003 0.001 0.001 0.000 0.217 0.002 0.001 0.002 0.000 0.000 0.000 0.001 0.001 0.001 0.002 0.000 0.004 0.001 0.015 0.001 0.094 0.003 0.001 0.028 0.045 0.001 
23 crocodile_vis 30 0.933 0.003 0.682 0.000 0.000 0.375 0.007 0.001 0.010 0.009 0.000 0.001 0.004 0.001 0.001 0.000 0.686 0.001 0.024 0.007 0.000 0.031 0.003 0.000 0.001 0.000 0.000 0.000 0.000 0.001 0.000 0.000 0.001 0.001 0.002 0.000 0.240 0.001 0.001 0.002 0.000 0.000 0.000 0.001 0.001 0.001 0.002 0.000 0.006 0.001 0.031 0.002 0.019 0.002 0.001 0.005 0.049 0.001 
24 axe_vis 30 0.001 0.001 0.001 0.002 0.000 0.996 0.170 0.003 0.971 0.002 0.001 0.001 0.005 0.000 0.002 0.000 0.008 0.000 0.003 0.000 0.000 0.000 0.001 0.001 0.088 0.001 0.001 0.003 0.000 0.001 0.000 0.000 0.001 0.000 0.641 0.000 0.005 0.089 0.001 0.001 0.001 0.001 0.000 0.066 0.001 0.013 0.005 0.000 0.489 0.652 0.001 0.002 0.000 0.002 0.002 0.001 0.035 0.011 
25 hammer_vis 30 0.001 0.002 0.001 0.001 0.000 0.996 0.355 0.005 0.993 0.006 0.001 0.000 0.010 0.001 0.002 0.000 0.002 0.000 0.002 0.000 0.000 0.000 0.001 0.002 0.028 0.000 0.000 0.002 0.000 0.002 0.000 0.000 0.001 0.000 0.508 0.001 0.008 0.273 0.001 0.002 0.001 0.000 0.000 0.061 0.001 0.036 0.005 0.000 0.887 0.549 0.001 0.001 0.000 0.001 0.009 0.002 0.076 0.004 
26 screwdriver_vis 30 0.004 0.009 0.001 0.000 0.000 0.996 0.727 0.002 0.072 0.011 0.001 0.000 0.012 0.001 0.002 0.000 0.001 0.000 0.003 0.000 0.000 0.000 0.000 0.001 0.000 0.000 0.000 0.000 0.000 0.015 0.000 0.000 0.001 0.000 0.002 0.001 0.356 0.547 0.001 0.200 0.002 0.000 0.000 0.004 0.001 0.001 0.004 0.000 0.127 0.002 0.002 0.001 0.001 0.002 0.002 0.003 0.396 0.000 
27 chisel_vis 30 0.001 0.001 0.001 0.005 0.000 0.996 0.221 0.005 0.992 0.003 0.001 0.000 0.004 0.001 0.001 0.000 0.003 0.000 0.003 0.000 0.000 0.000 0.001 0.002 0.074 0.001 0.001 0.004 0.000 0.002 0.000 0.001 0.001 0.000 0.726 0.001 0.004 0.189 0.001 0.001 0.001 0.001 0.000 0.041 0.001 0.087 0.014 0.000 0.755 0.908 0.000 0.002 0.000 0.002 0.004 0.004 0.036 0.010 
28 saw_vis 30 0.002 0.023 0.001 0.000 0.000 0.996 0.039 0.002 0.961 0.010 0.001 0.000 0.130 0.002 0.005 0.000 0.001 0.000 0.004 0.000 0.000 0.000 0.000 0.001 0.001 0.000 0.000 0.000 0.000 0.002 0.000 0.000 0.001 0.000 0.003 0.001 0.247 0.020 0.001 0.009 0.001 0.000 0.000 0.012 0.001 0.001 0.021 0.000 0.755 0.011 0.003 0.002 0.000 0.004 0.002 0.002 0.130 0.000 
29 drill_vis 30 0.001 0.002 0.001 0.000 0.000 0.996 0.221 0.005 0.067 0.923 0.000 0.000 0.002 0.000 0.002 0.000 0.002 0.000 0.005 0.001 0.000 0.000 0.001 0.001 0.000 0.000 0.000 0.000 0.000 0.001 0.000 0.000 0.005 0.000 0.002 0.001 0.058 0.451 0.001 0.058 0.001 0.000 0.000 0.002 0.001 0.001 0.003 0.000 0.385 0.002 0.006 0.002 0.009 0.002 0.007 0.017 0.975 0.008 
30 clamp_vis 30 0.007 0.002 0.001 0.001 0.000 0.996 0.929 0.004 0.009 0.007 0.000 0.000 0.001 0.001 0.000 0.000 0.001 0.000 0.001 0.000 0.000 0.000 0.000 0.001 0.002 0.000 0.000 0.000 0.000 0.045 0.000 0.000 0.001 0.000 0.001 0.023 0.361 0.916 0.001 0.020 0.004 0.001 0.000 0.056 0.001 0.003 0.001 0.000 0.036 0.009 0.001 0.001 0.001 0.001 0.008 0.005 0.052 0.001 
31 hoe_vis 30 0.002 0.001 0.001 0.001 0.005 0.996 0.001 0.983 0.429 0.003 0.009 0.000 0.000 0.001 0.000 0.000 0.000 0.002 0.001 0.000 0.000 0.000 0.000 0.006 0.001 0.000 0.034 0.000 0.007 0.178 0.002 0.001 0.001 0.000 0.006 0.001 0.001 0.020 0.001 0.001 0.003 0.361 0.012 0.324 0.001 0.959 0.005 0.002 0.008 0.730 0.000 0.086 0.000 0.001 0.003 0.100 0.004 0.001 
32 rake_vis 30 0.002 0.001 0.001 0.001 0.001 0.996 0.001 0.936 0.017 0.003 0.001 0.000 0.000 0.001 0.000 0.000 0.000 0.000 0.001 0.000 0.000 0.000 0.000 0.018 0.001 0.000 0.003 0.000 0.000 0.008 0.000 0.000 0.001 0.000 0.001 0.001 0.002 0.045 0.001 0.001 0.008 0.001 0.008 0.951 0.001 0.052 0.001 0.001 0.033 0.005 0.000 0.032 0.000 0.001 0.003 0.003 0.005 0.002 
33 shovel_vis 30 0.001 0.001 0.001 0.002 0.000 0.996 0.112 0.006 0.922 0.003 0.000 0.000 0.003 0.001 0.000 0.000 0.014 0.000 0.001 0.000 0.000 0.000 0.001 0.001 0.079 0.000 0.001 0.003 0.000 0.001 0.000 0.000 0.001 0.000 0.447 0.000 0.002 0.106 0.001 0.001 0.001 0.001 0.000 0.066 0.001 0.016 0.002 0.000 0.375 0.595 0.000 0.001 0.000 0.001 0.003 0.002 0.038 0.010 
34 spade_vis 30 0.003 0.001 0.001 0.000 0.001 0.996 0.001 0.962 0.008 0.005 0.001 0.000 0.000 0.001 0.000 0.000 0.000 0.000 0.001 0.001 0.001 0.000 0.000 0.007 0.001 0.000 0.004 0.000 0.002 0.023 0.001 0.000 0.001 0.000 0.001 0.001 0.001 0.047 0.001 0.001 0.003 0.001 0.134 0.877 0.001 0.619 0.002 0.001 0.043 0.004 0.000 0.029 0.000 0.001 0.004 0.004 0.004 0.002 
35 wrench_vis 30 0.004 0.001 0.001 0.001 0.001 0.996 0.001 0.040 0.994 0.003 0.001 0.000 0.000 0.001 0.022 0.001 0.000 0.000 0.001 0.001 0.000 0.000 0.000 0.042 0.001 0.001 0.004 0.000 0.000 0.298 0.000 0.004 0.001 0.000 0.001 0.000 0.001 0.020 0.001 0.001 0.003 0.018 0.001 0.480 0.001 0.217 0.003 0.017 0.337 0.598 0.000 0.851 0.000 0.001 0.003 0.008 0.005 0.001 
36 accordion_vis 30 0.004 0.060 0.001 0.000 0.001 0.996 0.001 0.001 0.995 0.005 0.000 0.028 0.103 0.001 0.463 0.001 0.000 0.000 0.096 0.002 0.000 0.000 0.000 0.001 0.000 0.000 0.000 0.001 0.000 0.001 0.000 0.000 0.001 0.001 0.002 0.000 0.042 0.003 0.001 0.003 0.000 0.000 0.000 0.004 0.001 0.010 0.427 0.001 0.991 0.014 0.086 0.231 0.000 0.004 0.001 0.002 0.041 0.000 
37 cello_vis 30 0.003 0.063 0.001 0.000 0.000 0.996 0.018 0.001 0.995 0.020 0.000 0.001 0.072 0.000 0.378 0.005 0.000 0.000 0.064 0.001 0.000 0.000 0.000 0.002 0.000 0.000 0.000 0.001 0.000 0.004 0.000 0.000 0.001 0.001 0.013 0.000 0.216 0.037 0.000 0.013 0.000 0.000 0.000 0.024 0.001 0.020 0.544 0.001 0.994 0.113 0.231 0.350 0.000 0.004 0.010 0.004 0.090 0.000 
38 flute_vis 30 0.002 0.076 0.001 0.000 0.000 0.996 0.014 0.001 0.995 0.012 0.000 0.001 0.097 0.000 0.280 0.005 0.000 0.000 0.076 0.001 0.000 0.000 0.000 0.002 0.000 0.000 0.000 0.001 0.000 0.016 0.000 0.000 0.001 0.000 0.017 0.000 0.246 0.025 0.001 0.021 0.001 0.001 0.000 0.010 0.001 0.046 0.913 0.002 0.993 0.688 0.109 0.412 0.000 0.011 0.006 0.036 0.071 0.000 
39 guitar_vis 30 0.002 0.009 0.001 0.001 0.000 0.996 0.013 0.001 0.995 0.004 0.000 0.001 0.024 0.000 0.116 0.001 0.000 0.000 0.017 0.001 0.000 0.000 0.000 0.002 0.001 0.001 0.000 0.002 0.000 0.002 0.000 0.000 0.001 0.000 0.034 0.000 0.020 0.035 0.001 0.001 0.001 0.001 0.000 0.026 0.001 0.013 0.064 0.000 0.985 0.155 0.011 0.064 0.000 0.002 0.002 0.002 0.042 0.001 
40 piano_vis 30 0.003 0.054 0.001 0.000 0.000 0.996 0.006 0.001 0.995 0.017 0.000 0.001 0.055 0.001 0.361 0.005 0.000 0.000 0.057 0.001 0.000 0.000 0.000 0.001 0.000 0.000 0.000 0.001 0.000 0.002 0.000 0.000 0.001 0.001 0.003 0.000 0.140 0.023 0.000 0.007 0.000 0.000 0.000 0.017 0.001 0.015 0.368 0.001 0.994 0.029 0.200 0.294 0.000 0.002 0.007 0.003 0.049 0.000 
41 trumpet_vis 30 0.003 0.001 0.001 0.000 0.001 0.996 0.001 0.001 0.995 0.003 0.000 0.000 0.001 0.000 0.008 0.003 0.000 0.000 0.002 0.001 0.000 0.000 0.000 0.001 0.000 0.000 0.000 0.000 0.000 0.047 0.000 0.002 0.001 0.001 0.000 0.000 0.006 0.008 0.000 0.001 0.001 0.003 0.001 0.010 0.001 0.046 0.031 0.027 0.455 0.447 0.003 0.368 0.000 0.001 0.003 0.060 0.003 0.000 
42 fork_vis 30 0.003 0.001 0.004 0.000 0.000 0.996 0.001 0.001 0.053 0.979 0.000 0.000 0.001 0.001 0.000 0.000 0.031 0.001 0.005 0.001 0.000 0.001 0.001 0.000 0.000 0.000 0.000 0.000 0.000 0.001 0.000 0.000 0.002 0.000 0.002 0.000 0.035 0.003 0.001 0.001 0.000 0.000 0.000 0.002 0.001 0.008 0.006 0.000 0.280 0.001 0.002 0.001 0.004 0.015 0.001 0.075 0.557 0.006 
43 spoon_vis 30 0.269 0.001 0.020 0.000 0.000 0.996 0.001 0.001 0.009 0.991 0.000 0.001 0.002 0.010 0.000 0.000 0.006 0.003 0.004 0.002 0.001 0.051 0.007 0.000 0.000 0.000 0.000 0.000 0.000 0.006 0.000 0.000 0.259 0.000 0.003 0.000 0.006 0.006 0.001 0.001 0.000 0.000 0.000 0.001 0.001 0.025 0.016 0.000 0.166 0.001 0.001 0.001 0.003 0.035 0.003 0.045 0.844 0.002 
44 tongs_vis 30 0.002 0.024 0.001 0.000 0.000 0.996 0.036 0.001 0.995 0.014 0.000 0.001 0.082 0.001 0.063 0.000 0.000 0.000 0.016 0.001 0.000 0.000 0.000 0.001 0.001 0.000 0.000 0.001 0.000 0.002 0.000 0.000 0.001 0.000 0.053 0.000 0.068 0.038 0.001 0.002 0.001 0.000 0.000 0.024 0.001 0.013 0.152 0.000 0.987 0.128 0.004 0.019 0.000 0.005 0.003 0.003 0.095 0.001 
45 ladle_vis 30 0.002 0.001 0.005 0.000 0.000 0.996 0.001 0.007 0.011 0.944 0.000 0.000 0.001 0.001 0.000 0.000 0.001 0.008 0.002 0.001 0.000 0.002 0.000 0.000 0.000 0.000 0.000 0.000 0.000 0.003 0.000 0.000 0.006 0.000 0.001 0.000 0.017 0.001 0.001 0.001 0.000 0.002 0.000 0.001 0.001 0.019 0.029 0.001 0.008 0.002 0.001 0.001 0.008 0.015 0.001 0.956 0.022 0.001 
46 knife_vis 30 0.002 0.001 0.004 0.000 0.000 0.996 0.002 0.002 0.015 0.979 0.001 0.000 0.001 0.001 0.000 0.000 0.123 0.001 0.004 0.001 0.000 0.001 0.002 0.001 0.001 0.000 0.000 0.000 0.000 0.001 0.000 0.000 0.001 0.000 0.009 0.000 0.014 0.005 0.001 0.001 0.001 0.001 0.000 0.003 0.001 0.011 0.003 0.000 0.246 0.003 0.000 0.001 0.003 0.020 0.001 0.078 0.731 0.013 
47 chopsticks_vis 30 0.002 0.001 0.004 0.000 0.000 0.996 0.002 0.002 0.010 0.979 0.000 0.000 0.001 0.001 0.000 0.000 0.258 0.001 0.004 0.001 0.000 0.001 0.002 0.000 0.000 0.000 0.000 0.000 0.000 0.001 0.000 0.000 0.001 0.000 0.006 0.000 0.017 0.006 0.001 0.001 0.001 0.000 0.000 0.005 0.001 0.007 0.002 0.000 0.372 0.002 0.001 0.001 0.002 0.014 0.001 0.060 0.820 0.016 
