0 beaver_vis 30 0.891 0.789 0.002 0.001 0.000 0.990 0.533 0.001 0.137 0.001 0.002 0.034 0.555 0.002 0.072 0.000 0.006 0.000 0.096 0.001 0.000 0.001 0.001 0.001 0.013 0.009 0.000 0.000 0.000 0.000 0.000 0.000 0.001 0.000 0.001 0.000 0.009 0.070 0.002 0.040 0.001 0.000 0.000 0.001 0.001 0.001 0.005 0.000 0.010 0.001 0.022 0.002 0.000 0.003 0.001 0.001 0.076 0.000 
1 bear_vis 30 0.011 0.119 0.001 0.001 0.000 0.996 0.070 0.001 0.996 0.101 0.001 0.232 0.049 0.000 0.698 0.000 0.000 0.000 0.959 0.003 0.000 0.000 0.002 0.008 0.000 0.015 0.000 0.000 0.000 0.002 0.000 0.000 0.007 0.001 0.005 0.000 0.158 0.404 0.033 0.706 0.006 0.000 0.000 0.004 0.001 0.001 0.255 0.000 0.956 0.011 0.372 0.552 0.001 0.007 0.001 0.001 0.930 0.001 
2 sheep_vis 30 0.006 0.066 0.001 0.001 0.000 0.996 0.006 0.001 0.995 0.219 0.001 0.080 0.033 0.000 0.317 0.000 0.000 0.000 0.917 0.003 0.000 0.000 0.002 0.002 0.000 0.014 0.000 0.000 0.000 0.001 0.000 0.000 0.004 0.001 0.002 0.000 0.010 0.104 0.018 0.285 0.002 0.001 0.000 0.001 0.001 0.001 0.074 0.000 0.926 0.004 0.116 0.202 0.001 0.006 0.001 0.001 0.942 0.002 
3 buffalo_vis 30 0.008 0.588 0.001 0.003 0.000 0.996 0.069 0.001 0.996 0.013 0.003 0.827 0.470 0.000 0.983 0.001 0.000 0.000 0.973 0.002 0.000 0.000 0.001 0.070 0.001 0.046 0.000 0.000 0.000 0.002 0.000 0.001 0.004 0.002 0.005 0.000 0.196 0.706 0.010 0.895 0.009 0.000 0.000 0.029 0.001 0.038 0.870 0.000 0.979 0.328 0.286 0.895 0.001 0.037 0.001 0.001 0.953 0.000 
4 poodle_vis 30 0.011 0.037 0.001 0.001 0.000 0.996 0.009 0.001 0.995 0.001 0.001 0.026 0.038 0.000 0.158 0.000 0.000 0.000 0.178 0.001 0.000 0.000 0.001 0.001 0.000 0.003 0.000 0.000 0.000 0.001 0.000 0.000 0.001 0.001 0.003 0.000 0.012 0.008 0.001 0.065 0.001 0.000 0.000 0.001 0.001 0.001 0.015 0.000 0.544 0.001 0.061 0.025 0.001 0.004 0.001 0.001 0.423 0.000 
5 giraffe_vis 30 0.010 0.468 0.001 0.001 0.000 0.996 0.033 0.001 0.996 0.004 0.002 0.674 0.378 0.000 0.974 0.001 0.000 0.000 0.939 0.001 0.000 0.000 0.001 0.023 0.000 0.027 0.000 0.000 0.000 0.002 0.000 0.000 0.001 0.001 0.005 0.000 0.095 0.415 0.002 0.619 0.002 0.000 0.000 0.010 0.001 0.015 0.782 0.000 0.961 0.176 0.196 0.794 0.001 0.014 0.001 0.001 0.906 0.000 
6 robin_vis 30 0.002 0.551 0.001 0.003 0.000 0.996 0.017 0.001 0.995 0.015 0.004 0.871 0.539 0.000 0.984 0.001 0.001 0.000 0.970 0.002 0.000 0.000 0.001 0.074 0.001 0.040 0.000 0.000 0.000 0.003 0.000 0.001 0.003 0.001 0.002 0.000 0.057 0.667 0.004 0.778 0.007 0.001 0.000 0.022 0.001 0.113 0.966 0.000 0.992 0.676 0.080 0.929 0.000 0.079 0.001 0.002 0.975 0.001 
7 swan_vis 30 0.589 0.784 0.002 0.001 0.000 0.987 0.679 0.001 0.062 0.001 0.109 0.011 0.637 0.005 0.173 0.000 0.010 0.001 0.300 0.001 0.000 0.004 0.001 0.001 0.008 0.002 0.000 0.000 0.000 0.001 0.000 0.000 0.001 0.000 0.001 0.001 0.029 0.034 0.077 0.849 0.013 0.001 0.000 0.001 0.004 0.001 0.005 0.000 0.008 0.001 0.015 0.004 0.001 0.004 0.001 0.001 0.192 0.000 
8 woodpecker_vis 30 0.003 0.072 0.001 0.001 0.000 0.996 0.003 0.001 0.995 0.010 0.001 0.209 0.119 0.000 0.738 0.000 0.001 0.000 0.738 0.001 0.000 0.000 0.002 0.003 0.000 0.011 0.000 0.000 0.000 0.001 0.000 0.000 0.001 0.001 0.002 0.000 0.004 0.010 0.001 0.117 0.001 0.001 0.000 0.001 0.001 0.001 0.372 0.000 0.974 0.029 0.034 0.324 0.000 0.012 0.001 0.001 0.894 0.001 
9 peacock_vis 30 0.005 0.019 0.001 0.001 0.000 0.996 0.187 0.001 0.429 0.002 0.001 0.007 0.032 0.000 0.048 0.000 0.000 0.000 0.034 0.001 0.000 0.000 0.001 0.001 0.000 0.001 0.000 0.000 0.000 0.001 0.000 0.000 0.001 0.000 0.003 0.000 0.100 0.032 0.001 0.052 0.001 0.000 0.000 0.001 0.001 0.001 0.007 0.000 0.109 0.002 0.057 0.009 0.000 0.003 0.001 0.001 0.481 0.000 
10 crow_vis 30 0.008 0.034 0.001 0.001 0.000 0.996 0.071 0.001 0.963 0.002 0.001 0.011 0.034 0.000 0.099 0.000 0.000 0.000 0.060 0.001 0.000 0.000 0.001 0.001 0.000 0.001 0.000 0.000 0.000 0.001 0.000 0.000 0.001 0.000 0.005 0.000 0.336 0.010 0.001 0.023 0.001 0.001 0.000 0.002 0.001 0.001 0.010 0.000 0.479 0.002 0.094 0.027 0.000 0.003 0.001 0.001 0.140 0.000 
11 eagle_vis 30 0.397 0.851 0.007 0.004 0.000 0.996 0.002 0.001 0.995 0.001 0.011 0.624 0.861 0.000 0.974 0.002 0.007 0.000 0.964 0.003 0.000 0.000 0.001 0.001 0.008 0.506 0.001 0.000 0.000 0.000 0.000 0.009 0.001 0.000 0.001 0.000 0.005 0.001 0.001 0.153 0.001 0.001 0.000 0.005 0.001 0.001 0.688 0.000 0.899 0.051 0.024 0.618 0.000 0.405 0.001 0.001 0.409 0.001 
12 tuna_vis 30 0.713 0.002 0.226 0.001 0.000 0.996 0.009 0.001 0.560 0.048 0.001 0.018 0.003 0.000 0.061 0.000 0.003 0.001 0.881 0.017 0.000 0.001 0.046 0.001 0.000 0.003 0.000 0.000 0.000 0.001 0.000 0.000 0.055 0.001 0.002 0.000 0.003 0.004 0.035 0.027 0.001 0.000 0.000 0.001 0.001 0.001 0.003 0.000 0.199 0.001 0.121 0.010 0.002 0.005 0.001 0.001 0.958 0.001 
13 goldfish_vis 30 0.565 0.002 0.145 0.001 0.000 0.996 0.004 0.001 0.811 0.104 0.001 0.019 0.003 0.000 0.075 0.000 0.003 0.001 0.886 0.018 0.000 0.001 0.044 0.001 0.000 0.002 0.000 0.000 0.000 0.001 0.000 0.000 0.071 0.001 0.004 0.000 0.005 0.005 0.027 0.033 0.001 0.000 0.000 0.001 0.001 0.001 0.004 0.000 0.371 0.001 0.083 0.018 0.002 0.007 0.001 0.001 0.973 0.001 
14 salmon_vis 30 0.969 0.027 0.731 0.002 0.000 0.996 0.046 0.001 0.231 0.002 0.001 0.082 0.020 0.000 0.135 0.000 0.021 0.001 0.951 0.017 0.000 0.003 0.011 0.001 0.001 0.020 0.000 0.000 0.000 0.001 0.000 0.000 0.008 0.001 0.003 0.000 0.005 0.003 0.067 0.033 0.001 0.000 0.000 0.001 0.001 0.001 0.004 0.000 0.075 0.001 0.192 0.014 0.001 0.006 0.001 0.001 0.857 0.001 
15 sardine_vis 30 0.005 0.469 0.001 0.003 0.000 0.996 0.039 0.001 0.995 0.031 0.002 0.830 0.436 0.000 0.978 0.000 0.000 0.000 0.973 0.003 0.000 0.000 0.001 0.054 0.001 0.040 0.000 0.000 0.000 0.002 0.000 0.001 0.005 0.002 0.002 0.000 0.101 0.693 0.014 0.874 0.008 0.000 0.000 0.018 0.001 0.043 0.900 0.000 0.985 0.333 0.202 0.891 0.001 0.049 0.001 0.001 0.970 0.001 
16 catfish_vis 30 0.117 0.002 0.017 0.001 0.000 0.995 0.007 0.001 0.953 0.762 0.001 0.002 0.002 0.000 0.011 0.000 0.001 0.001 0.439 0.005 0.000 0.001 0.020 0.001 0.000 0.001 0.000 0.000 0.000 0.000 0.000 0.000 0.010 0.001 0.002 0.000 0.004 0.052 0.003 0.017 0.001 0.000 0.000 0.001 0.001 0.001 0.003 0.000 0.704 0.001 0.164 0.004 0.003 0.005 0.001 0.001 0.909 0.006 
17 cod_vis 30 0.008 0.006 0.037 0.001 0.000 0.996 0.003 0.001 0.995 0.369 0.001 0.101 0.017 0.000 0.336 0.000 0.021 0.001 0.967 0.013 0.000 0.000 0.007 0.001 0.000 0.006 0.000 0.000 0.000 0.001 0.000 0.000 0.002 0.001 0.006 0.000 0.009 0.031 0.006 0.091 0.001 0.000 0.000 0.002 0.001 0.001 0.062 0.000 0.974 0.005 0.052 0.174 0.001 0.037 0.001 0.001 0.972 0.011 
18 turtle_vis 30 0.953 0.014 0.908 0.000 0.000 0.403 0.006 0.001 0.060 0.007 0.000 0.005 0.012 0.001 0.004 0.000 0.124 0.001 0.416 0.026 0.000 0.039 0.002 0.000 0.002 0.001 0.000 0.000 0.000 0.001 0.000 0.000 0.017 0.001 0.001 0.000 0.018 0.003 0.001 0.003 0.000 0.000 0.000 0.001 0.001 0.001 0.006 0.000 0.019 0.001 0.062 0.004 0.003 0.003 0.001 0.001 0.305 0.000 
19 rattlesnake_vis 30 0.105 0.001 0.031 0.000 0.000 0.996 0.014 0.001 0.417 0.149 0.000 0.001 0.001 0.000 0.003 0.000 0.005 0.001 0.286 0.016 0.000 0.001 0.004 0.000 0.000 0.000 0.000 0.000 0.000 0.001 0.000 0.000 0.002 0.001 0.001 0.000 0.096 0.003 0.001 0.009 0.000 0.000 0.000 0.001 0.001 0.002 0.010 0.001 0.342 0.001 0.422 0.010 0.014 0.004 0.001 0.002 0.756 0.001 
20 crab_vis 30 0.734 0.002 0.106 0.000 0.000 0.996 0.001 0.001 0.179 0.126 0.000 0.002 0.002 0.000 0.010 0.000 0.016 0.001 0.353 0.006 0.000 0.001 0.013 0.000 0.001 0.001 0.000 0.000 0.000 0.000 0.000 0.000 0.001 0.001 0.002 0.000 0.003 0.005 0.001 0.005 0.000 0.000 0.000 0.001 0.001 0.001 0.003 0.000 0.103 0.001 0.038 0.004 0.002 0.004 0.001 0.001 0.804 0.001 
21 frog_vis 30 0.008 0.519 0.002 0.001 0.000 0.996 0.012 0.001 0.995 0.003 0.001 0.589 0.538 0.000 0.921 0.001 0.000 0.000 0.923 0.002 0.000 0.000 0.001 0.020 0.001 0.010 0.000 0.000 0.000 0.001 0.000 0.001 0.001 0.001 0.005 0.000 0.695 0.028 0.001 0.068 0.001 0.000 0.000 0.111 0.001 0.004 0.835 0.000 0.983 0.219 0.248 0.854 0.001 0.106 0.001 0.001 0.890 0.000 
22 gecko_vis 30 0.910 0.005 0.746 0.000 0.000 0.715 0.004 0.001 0.059 0.013 0.000 0.004 0.005 0.001 0.004 0.000 0.056 0.001 0.311 0.015 0.000 0.049 0.007 0.000 0.001 0.001 0.000 0.000 0.000 0.001 0.000 0.000 0.020 0.001 0.001 0.000 0.009 0.003 0.001 0.004 0.000 0.000 0.000 0.001 0.001 0.001 0.005 0.000 0.017 0.001 0.069 0.005 0.006 0.003 0.001 0.001 0.558 0.000 
23 crocodile_vis 30 0.961 0.018 0.945 0.001 0.000 0.753 0.004 0.001 0.068 0.007 0.000 0.006 0.008 0.000 0.012 0.000 0.032 0.001 0.716 0.073 0.000 0.007 0.003 0.000 0.001 0.001 0.000 0.000 0.000 0.001 0.000 0.001 0.006 0.001 0.001 0.000 0.052 0.001 0.001 0.003 0.000 0.000 0.000 0.001 0.001 0.001 0.005 0.001 0.106 0.001 0.310 0.007 0.006 0.003 0.001 0.001 0.295 0.000 
24 axe_vis 30 0.001 0.002 0.001 0.005 0.000 0.996 0.082 0.001 0.996 0.002 0.001 0.003 0.007 0.000 0.018 0.000 0.000 0.000 0.033 0.001 0.000 0.000 0.001 0.004 0.009 0.021 0.000 0.005 0.000 0.001 0.000 0.005 0.001 0.001 0.647 0.000 0.006 0.057 0.001 0.001 0.001 0.001 0.000 0.011 0.001 0.077 0.261 0.003 0.981 0.924 0.009 0.097 0.000 0.003 0.002 0.002 0.040 0.004 
25 hammer_vis 30 0.001 0.001 0.001 0.011 0.001 0.996 0.181 0.002 0.995 0.002 0.001 0.001 0.004 0.000 0.002 0.000 0.001 0.000 0.008 0.000 0.000 0.000 0.002 0.002 0.050 0.006 0.001 0.005 0.000 0.003 0.000 0.006 0.001 0.000 0.761 0.001 0.005 0.106 0.001 0.002 0.001 0.004 0.000 0.009 0.001 0.206 0.264 0.003 0.699 0.955 0.001 0.011 0.000 0.002 0.003 0.014 0.034 0.005 
26 screwdriver_vis 30 0.001 0.034 0.001 0.000 0.000 0.996 0.871 0.023 0.990 0.473 0.001 0.002 0.107 0.003 0.008 0.000 0.000 0.000 0.013 0.000 0.000 0.000 0.000 0.001 0.002 0.000 0.000 0.000 0.000 0.001 0.000 0.000 0.004 0.000 0.018 0.000 0.081 0.680 0.004 0.256 0.001 0.001 0.000 0.002 0.003 0.009 0.225 0.000 0.978 0.027 0.015 0.003 0.000 0.007 0.097 0.002 0.961 0.000 
27 chisel_vis 30 0.001 0.001 0.001 0.003 0.000 0.996 0.536 0.019 0.986 0.004 0.001 0.000 0.005 0.001 0.001 0.000 0.003 0.000 0.002 0.000 0.000 0.000 0.001 0.001 0.199 0.000 0.001 0.001 0.000 0.001 0.000 0.000 0.001 0.000 0.747 0.001 0.005 0.299 0.001 0.001 0.001 0.001 0.000 0.047 0.001 0.036 0.007 0.000 0.379 0.870 0.000 0.001 0.000 0.003 0.007 0.002 0.051 0.020 
28 saw_vis 30 0.002 0.085 0.001 0.000 0.000 0.996 0.988 0.033 0.819 0.247 0.001 0.002 0.089 0.008 0.021 0.000 0.000 0.000 0.018 0.000 0.000 0.000 0.000 0.001 0.001 0.000 0.000 0.000 0.000 0.008 0.000 0.000 0.004 0.000 0.024 0.001 0.562 0.845 0.005 0.721 0.003 0.000 0.000 0.003 0.005 0.004 0.066 0.000 0.934 0.008 0.085 0.005 0.001 0.002 0.082 0.003 0.934 0.000 
29 drill_vis 30 0.001 0.019 0.001 0.000 0.000 0.996 0.840 0.015 0.946 0.448 0.001 0.001 0.028 0.002 0.011 0.000 0.000 0.000 0.012 0.000 0.000 0.000 0.000 0.001 0.001 0.000 0.000 0.000 0.000 0.001 0.000 0.000 0.002 0.000 0.003 0.000 0.136 0.806 0.002 0.304 0.001 0.000 0.000 0.002 0.004 0.002 0.055 0.000 0.926 0.007 0.058 0.005 0.001 0.002 0.093 0.002 0.932 0.000 
30 clamp_vis 30 0.002 0.003 0.001 0.001 0.000 0.996 0.004 0.002 0.994 0.005 0.000 0.000 0.004 0.000 0.015 0.001 0.000 0.000 0.005 0.000 0.000 0.000 0.000 0.001 0.001 0.000 0.000 0.000 0.000 0.002 0.000 0.000 0.001 0.000 0.001 0.001 0.062 0.037 0.001 0.003 0.001 0.001 0.000 0.009 0.001 0.002 0.011 0.000 0.940 0.011 0.014 0.043 0.000 0.001 0.002 0.003 0.032 0.001 
31 hoe_vis 30 0.001 0.001 0.001 0.001 0.002 0.996 0.143 0.096 0.634 0.018 0.000 0.000 0.001 0.000 0.000 0.000 0.001 0.000 0.001 0.000 0.000 0.000 0.000 0.001 0.020 0.000 0.000 0.000 0.000 0.004 0.000 0.000 0.005 0.000 0.001 0.000 0.001 0.962 0.029 0.001 0.002 0.194 0.000 0.002 0.001 0.031 0.005 0.001 0.009 0.980 0.000 0.001 0.000 0.001 0.012 0.390 0.045 0.008 
32 rake_vis 30 0.009 0.026 0.001 0.000 0.000 0.996 0.001 0.050 0.995 0.002 0.007 0.000 0.001 0.000 0.502 0.009 0.000 0.000 0.001 0.000 0.000 0.000 0.000 0.017 0.000 0.000 0.000 0.000 0.000 0.377 0.000 0.000 0.001 0.000 0.001 0.000 0.003 0.004 0.001 0.002 0.002 0.002 0.001 0.250 0.001 0.024 0.021 0.001 0.727 0.047 0.001 0.957 0.000 0.001 0.002 0.004 0.004 0.001 
33 shovel_vis 30 0.001 0.001 0.001 0.003 0.000 0.996 0.161 0.007 0.955 0.003 0.000 0.000 0.003 0.000 0.000 0.000 0.011 0.000 0.001 0.000 0.000 0.000 0.001 0.001 0.099 0.000 0.001 0.003 0.000 0.001 0.000 0.000 0.001 0.000 0.520 0.000 0.002 0.144 0.001 0.001 0.001 0.001 0.000 0.062 0.001 0.022 0.002 0.000 0.390 0.730 0.000 0.001 0.000 0.001 0.004 0.002 0.038 0.012 
34 spade_vis 30 0.003 0.012 0.001 0.000 0.000 0.996 0.001 0.001 0.995 0.003 0.000 0.000 0.015 0.000 0.121 0.009 0.000 0.000 0.007 0.000 0.000 0.000 0.000 0.001 0.000 0.000 0.000 0.001 0.000 0.102 0.000 0.000 0.001 0.000 0.001 0.000 0.038 0.007 0.001 0.005 0.001 0.001 0.000 0.004 0.001 0.008 0.431 0.005 0.910 0.684 0.003 0.278 0.000 0.001 0.002 0.164 0.006 0.000 
35 wrench_vis 30 0.001 0.001 0.001 0.009 0.001 0.996 0.048 0.005 0.995 0.003 0.000 0.000 0.002 0.000 0.001 0.000 0.001 0.000 0.004 0.001 0.000 0.000 0.001 0.002 0.044 0.002 0.001 0.004 0.000 0.007 0.000 0.007 0.001 0.000 0.283 0.000 0.001 0.200 0.001 0.001 0.001 0.017 0.000 0.007 0.001 0.363 0.236 0.014 0.472 0.977 0.001 0.017 0.000 0.001 0.005 0.074 0.007 0.004 
36 accordion_vis 30 0.003 0.055 0.001 0.000 0.001 0.996 0.001 0.001 0.996 0.007 0.000 0.572 0.047 0.001 0.003 0.002 0.000 0.000 0.024 0.012 0.000 0.001 0.000 0.000 0.000 0.000 0.000 0.001 0.000 0.006 0.000 0.007 0.004 0.001 0.001 0.000 0.013 0.001 0.001 0.001 0.000 0.001 0.000 0.001 0.001 0.341 0.995 0.029 0.527 0.398 0.086 0.164 0.000 0.015 0.002 0.157 0.005 0.000 
37 cello_vis 30 0.002 0.051 0.001 0.000 0.000 0.996 0.001 0.001 0.996 0.007 0.001 0.042 0.137 0.000 0.198 0.001 0.000 0.000 0.119 0.001 0.000 0.000 0.000 0.001 0.000 0.001 0.000 0.001 0.000 0.005 0.000 0.001 0.001 0.001 0.003 0.000 0.032 0.002 0.001 0.002 0.000 0.001 0.000 0.001 0.001 0.011 0.972 0.001 0.895 0.825 0.027 0.263 0.000 0.013 0.002 0.007 0.016 0.000 
38 flute_vis 30 0.002 0.086 0.001 0.000 0.000 0.996 0.004 0.001 0.996 0.003 0.001 0.054 0.214 0.000 0.172 0.000 0.000 0.000 0.190 0.001 0.000 0.000 0.000 0.001 0.000 0.001 0.000 0.001 0.000 0.008 0.000 0.001 0.001 0.000 0.038 0.000 0.115 0.003 0.001 0.007 0.000 0.001 0.000 0.002 0.001 0.028 0.989 0.001 0.973 0.965 0.022 0.374 0.000 0.082 0.001 0.023 0.041 0.000 
39 guitar_vis 30 0.002 0.081 0.001 0.000 0.000 0.996 0.003 0.001 0.996 0.003 0.001 0.069 0.206 0.000 0.162 0.000 0.000 0.000 0.196 0.001 0.000 0.000 0.000 0.001 0.000 0.001 0.000 0.001 0.000 0.008 0.000 0.001 0.001 0.000 0.031 0.000 0.081 0.003 0.001 0.005 0.000 0.001 0.000 0.001 0.001 0.032 0.991 0.002 0.967 0.971 0.017 0.353 0.000 0.075 0.001 0.024 0.034 0.000 
40 piano_vis 30 0.003 0.049 0.001 0.000 0.000 0.996 0.001 0.001 0.996 0.011 0.000 0.009 0.056 0.001 0.110 0.002 0.000 0.000 0.074 0.002 0.000 0.000 0.000 0.001 0.000 0.000 0.000 0.001 0.000 0.002 0.000 0.001 0.001 0.001 0.001 0.000 0.060 0.004 0.001 0.003 0.000 0.000 0.000 0.001 0.001 0.019 0.878 0.001 0.980 0.189 0.099 0.242 0.000 0.005 0.003 0.006 0.013 0.000 
41 trumpet_vis 30 0.009 0.027 0.001 0.000 0.000 0.996 0.001 0.026 0.996 0.005 0.004 0.001 0.001 0.000 0.249 0.060 0.000 0.000 0.002 0.001 0.000 0.000 0.000 0.005 0.000 0.000 0.000 0.000 0.000 0.486 0.000 0.001 0.001 0.001 0.000 0.000 0.005 0.002 0.000 0.002 0.001 0.003 0.000 0.061 0.001 0.145 0.215 0.023 0.568 0.042 0.008 0.955 0.000 0.001 0.002 0.051 0.003 0.000 
42 fork_vis 30 0.001 0.001 0.002 0.000 0.000 0.996 0.052 0.005 0.099 0.992 0.000 0.001 0.001 0.000 0.001 0.000 0.003 0.000 0.022 0.002 0.000 0.000 0.001 0.000 0.000 0.000 0.000 0.000 0.000 0.001 0.000 0.000 0.007 0.000 0.001 0.000 0.016 0.393 0.001 0.009 0.001 0.001 0.000 0.001 0.001 0.005 0.014 0.001 0.327 0.002 0.006 0.003 0.009 0.007 0.003 0.050 0.982 0.026 
43 spoon_vis 30 0.001 0.001 0.002 0.000 0.000 0.996 0.134 0.016 0.080 0.991 0.000 0.001 0.001 0.000 0.000 0.000 0.002 0.001 0.014 0.002 0.000 0.000 0.002 0.000 0.000 0.000 0.000 0.000 0.000 0.001 0.000 0.000 0.047 0.000 0.001 0.000 0.031 0.358 0.005 0.017 0.001 0.001 0.000 0.001 0.001 0.008 0.039 0.001 0.158 0.011 0.001 0.001 0.018 0.021 0.007 0.155 0.981 0.032 
44 tongs_vis 30 0.002 0.062 0.001 0.000 0.000 0.996 0.011 0.001 0.996 0.005 0.001 0.085 0.181 0.000 0.197 0.000 0.000 0.000 0.183 0.001 0.000 0.000 0.000 0.001 0.001 0.001 0.000 0.001 0.000 0.004 0.000 0.001 0.001 0.000 0.099 0.000 0.053 0.005 0.001 0.006 0.001 0.001 0.000 0.002 0.001 0.020 0.948 0.001 0.985 0.838 0.037 0.258 0.000 0.046 0.001 0.005 0.118 0.001 
45 ladle_vis 30 0.001 0.001 0.007 0.000 0.000 0.996 0.001 0.020 0.063 0.988 0.000 0.001 0.001 0.001 0.000 0.000 0.000 0.002 0.005 0.004 0.000 0.002 0.001 0.000 0.000 0.000 0.000 0.000 0.000 0.005 0.000 0.000 0.213 0.000 0.001 0.000 0.004 0.194 0.001 0.002 0.000 0.008 0.000 0.001 0.001 0.201 0.187 0.006 0.009 0.014 0.001 0.001 0.022 0.007 0.006 0.976 0.294 0.001 
46 knife_vis 30 0.001 0.001 0.003 0.001 0.001 0.996 0.088 0.076 0.809 0.663 0.000 0.000 0.001 0.000 0.000 0.000 0.545 0.001 0.007 0.001 0.002 0.000 0.588 0.001 0.028 0.000 0.001 0.000 0.000 0.004 0.000 0.000 0.022 0.000 0.644 0.000 0.001 0.341 0.078 0.001 0.001 0.021 0.000 0.001 0.001 0.542 0.012 0.002 0.034 0.987 0.000 0.001 0.000 0.004 0.001 0.527 0.743 0.800 
47 chopsticks_vis 30 0.001 0.001 0.001 0.000 0.000 0.996 0.005 0.012 0.967 0.115 0.001 0.001 0.003 0.000 0.001 0.000 0.003 0.001 0.018 0.001 0.000 0.000 0.002 0.000 0.001 0.000 0.000 0.000 0.000 0.004 0.000 0.000 0.003 0.000 0.001 0.000 0.002 0.045 0.001 0.003 0.001 0.001 0.000 0.001 0.001 0.013 0.111 0.000 0.093 0.517 0.002 0.002 0.000 0.006 0.001 0.154 0.614 0.001 
