0 beaver_vis 30 0.996 0.992 0.022 0.000 0.002 0.002 0.002 0.000 0.002 0.001 0.919 0.001 0.048 0.421 0.025 0.102 0.008 0.003 0.003 0.000 0.013 0.283 0.000 0.000 0.000 0.000 0.000 0.000 0.000 0.001 0.134 0.139 0.000 0.000 0.127 0.000 0.546 0.000 0.001 0.000 0.001 0.000 0.001 0.000 0.000 0.001 0.001 0.001 0.001 0.000 0.000 0.001 0.000 0.001 0.001 0.000 0.000 0.000 
1 bear_vis 30 0.996 0.994 0.005 0.000 0.002 0.002 0.001 0.000 0.002 0.001 0.010 0.260 0.043 0.957 0.006 0.072 0.001 0.000 0.002 0.153 0.005 0.009 0.000 0.000 0.000 0.000 0.001 0.000 0.001 0.001 0.026 0.000 0.000 0.001 0.000 0.000 0.001 0.000 0.001 0.001 0.005 0.000 0.001 0.000 0.000 0.001 0.000 0.001 0.273 0.000 0.000 0.001 0.000 0.000 0.000 0.001 0.000 0.000 
2 sheep_vis 30 0.996 0.991 0.013 0.001 0.003 0.002 0.008 0.000 0.001 0.001 0.909 0.001 0.123 0.200 0.014 0.010 0.020 0.004 0.006 0.000 0.002 0.180 0.000 0.000 0.000 0.003 0.000 0.001 0.001 0.001 0.018 0.018 0.000 0.000 0.426 0.000 0.031 0.000 0.000 0.000 0.001 0.000 0.001 0.000 0.000 0.001 0.000 0.000 0.001 0.000 0.000 0.000 0.000 0.000 0.004 0.000 0.000 0.000 
3 buffalo_vis 30 0.996 0.993 0.002 0.000 0.003 0.002 0.001 0.000 0.002 0.001 0.002 0.546 0.048 0.922 0.001 0.189 0.000 0.000 0.000 0.436 0.004 0.005 0.000 0.000 0.000 0.000 0.001 0.000 0.000 0.001 0.013 0.000 0.000 0.001 0.001 0.000 0.002 0.000 0.000 0.000 0.001 0.000 0.001 0.000 0.001 0.002 0.000 0.000 0.635 0.000 0.000 0.001 0.000 0.000 0.000 0.001 0.000 0.001 
4 poodle_vis 30 0.995 0.976 0.024 0.000 0.001 0.002 0.001 0.000 0.004 0.001 0.009 0.059 0.001 0.026 0.004 0.163 0.003 0.001 0.002 0.001 0.026 0.022 0.000 0.000 0.000 0.000 0.000 0.000 0.000 0.002 0.001 0.001 0.000 0.000 0.000 0.001 0.008 0.000 0.001 0.000 0.001 0.000 0.001 0.000 0.000 0.001 0.001 0.001 0.010 0.000 0.000 0.001 0.001 0.009 0.000 0.001 0.000 0.000 
5 giraffe_vis 30 0.996 0.993 0.003 0.000 0.002 0.002 0.001 0.000 0.003 0.001 0.003 0.730 0.023 0.962 0.001 0.055 0.000 0.000 0.001 0.515 0.004 0.004 0.000 0.000 0.000 0.000 0.001 0.000 0.000 0.001 0.009 0.000 0.000 0.000 0.000 0.000 0.002 0.000 0.000 0.000 0.006 0.000 0.001 0.000 0.001 0.002 0.000 0.000 0.749 0.000 0.000 0.003 0.000 0.000 0.000 0.003 0.000 0.000 
6 robin_vis 30 0.995 0.002 0.993 0.000 0.029 0.002 0.000 0.000 0.002 0.004 0.001 0.001 0.001 0.001 0.000 0.000 0.951 0.075 0.016 0.001 0.697 0.046 0.001 0.000 0.000 0.000 0.000 0.000 0.001 0.009 0.000 0.013 0.001 0.000 0.000 0.007 0.001 0.002 0.000 0.000 0.028 0.000 0.040 0.000 0.000 0.001 0.031 0.010 0.000 0.001 0.045 0.001 0.001 0.024 0.000 0.000 0.006 0.000 
7 swan_vis 30 0.995 0.002 0.993 0.000 0.085 0.002 0.000 0.000 0.003 0.001 0.001 0.001 0.000 0.001 0.000 0.003 0.753 0.014 0.001 0.002 0.979 0.015 0.000 0.000 0.000 0.000 0.000 0.000 0.000 0.201 0.001 0.001 0.000 0.002 0.000 0.001 0.004 0.017 0.000 0.000 0.003 0.000 0.007 0.000 0.000 0.002 0.002 0.024 0.000 0.001 0.015 0.001 0.002 0.090 0.000 0.000 0.000 0.000 
8 woodpecker_vis 30 0.995 0.002 0.995 0.000 0.266 0.002 0.000 0.000 0.007 0.010 0.001 0.001 0.001 0.001 0.001 0.000 0.943 0.041 0.016 0.001 0.976 0.061 0.001 0.000 0.000 0.000 0.000 0.000 0.001 0.037 0.000 0.058 0.032 0.001 0.000 0.002 0.001 0.001 0.001 0.000 0.036 0.000 0.013 0.000 0.000 0.001 0.273 0.190 0.000 0.001 0.680 0.001 0.000 0.689 0.000 0.000 0.007 0.000 
9 peacock_vis 30 0.996 0.004 0.994 0.013 0.001 0.002 0.001 0.000 0.004 0.001 0.001 0.001 0.010 0.001 0.001 0.004 0.006 0.958 0.010 0.054 0.128 0.087 0.058 0.000 0.000 0.017 0.027 0.000 0.020 0.001 0.000 0.000 0.002 0.004 0.000 0.001 0.002 0.002 0.001 0.000 0.001 0.000 0.001 0.000 0.000 0.001 0.001 0.002 0.000 0.006 0.000 0.001 0.000 0.000 0.000 0.000 0.011 0.000 
10 crow_vis 30 0.995 0.001 0.991 0.001 0.002 0.002 0.000 0.011 0.004 0.006 0.001 0.001 0.001 0.001 0.000 0.000 0.283 0.010 0.002 0.023 0.031 0.003 0.001 0.000 0.000 0.000 0.000 0.000 0.000 0.001 0.000 0.001 0.000 0.001 0.000 0.001 0.001 0.001 0.001 0.000 0.006 0.000 0.003 0.001 0.002 0.005 0.002 0.001 0.000 0.001 0.000 0.001 0.001 0.077 0.000 0.001 0.000 0.001 
11 eagle_vis 30 0.996 0.002 0.995 0.000 0.191 0.002 0.000 0.000 0.005 0.006 0.001 0.001 0.001 0.001 0.000 0.000 0.958 0.025 0.014 0.001 0.973 0.066 0.001 0.000 0.000 0.000 0.000 0.000 0.000 0.034 0.000 0.019 0.012 0.001 0.000 0.003 0.003 0.001 0.001 0.000 0.038 0.000 0.063 0.000 0.001 0.001 0.092 0.106 0.000 0.001 0.648 0.001 0.001 0.598 0.000 0.000 0.006 0.000 
12 tuna_vis 30 0.995 0.002 0.977 0.022 0.002 0.002 0.001 0.000 0.002 0.001 0.001 0.001 0.000 0.001 0.002 0.000 0.006 0.509 0.099 0.175 0.004 0.003 0.063 0.000 0.000 0.000 0.027 0.000 0.006 0.001 0.000 0.000 0.001 0.005 0.000 0.002 0.000 0.000 0.002 0.000 0.001 0.000 0.001 0.000 0.000 0.000 0.000 0.001 0.000 0.000 0.000 0.001 0.000 0.000 0.000 0.000 0.000 0.000 
13 goldfish_vis 30 0.995 0.001 0.016 0.004 0.987 0.002 0.005 0.001 0.171 0.001 0.000 0.001 0.000 0.001 0.000 0.000 0.001 0.007 0.000 0.150 0.020 0.008 0.048 0.001 0.000 0.001 0.026 0.000 0.025 0.002 0.054 0.002 0.002 0.954 0.001 0.000 0.002 0.108 0.006 0.000 0.022 0.000 0.001 0.004 0.010 0.015 0.000 0.065 0.001 0.008 0.000 0.011 0.000 0.000 0.000 0.000 0.000 0.000 
14 salmon_vis 30 0.979 0.002 0.001 0.932 0.050 0.002 0.000 0.000 0.001 0.002 0.002 0.001 0.004 0.001 0.001 0.000 0.041 0.001 0.000 0.000 0.001 0.001 0.006 0.082 0.010 0.039 0.001 0.140 0.004 0.009 0.000 0.010 0.001 0.000 0.002 0.003 0.000 0.000 0.000 0.000 0.002 0.000 0.006 0.000 0.001 0.000 0.000 0.000 0.000 0.000 0.000 0.000 0.001 0.000 0.046 0.012 0.000 0.001 
15 sardine_vis 30 0.995 0.001 0.011 0.900 0.054 0.002 0.000 0.906 0.001 0.001 0.038 0.001 0.001 0.001 0.000 0.000 0.006 0.003 0.001 0.002 0.001 0.001 0.034 0.016 0.000 0.033 0.001 0.001 0.001 0.002 0.001 0.009 0.000 0.001 0.003 0.000 0.000 0.003 0.000 0.000 0.021 0.001 0.024 0.780 0.001 0.074 0.001 0.000 0.000 0.000 0.000 0.001 0.000 0.000 0.001 0.002 0.000 0.001 
16 catfish_vis 30 0.994 0.002 0.003 0.002 0.989 0.002 0.002 0.000 0.051 0.001 0.001 0.001 0.000 0.001 0.000 0.005 0.001 0.006 0.000 0.252 0.013 0.003 0.011 0.000 0.000 0.001 0.150 0.000 0.022 0.003 0.137 0.002 0.001 0.889 0.001 0.000 0.002 0.114 0.002 0.000 0.003 0.000 0.001 0.000 0.016 0.027 0.000 0.024 0.010 0.037 0.000 0.001 0.000 0.000 0.000 0.000 0.000 0.000 
17 cod_vis 30 0.994 0.001 0.011 0.623 0.036 0.002 0.000 0.943 0.001 0.001 0.001 0.001 0.000 0.001 0.000 0.000 0.012 0.001 0.001 0.000 0.001 0.001 0.023 0.004 0.000 0.003 0.000 0.000 0.000 0.032 0.000 0.005 0.001 0.000 0.001 0.000 0.000 0.001 0.001 0.000 0.108 0.000 0.070 0.007 0.002 0.002 0.001 0.000 0.000 0.000 0.000 0.001 0.000 0.000 0.000 0.006 0.000 0.000 
18 turtle_vis 30 0.995 0.001 0.013 0.005 0.971 0.002 0.004 0.001 0.084 0.001 0.000 0.001 0.000 0.001 0.000 0.001 0.001 0.013 0.000 0.160 0.017 0.008 0.047 0.000 0.000 0.001 0.059 0.000 0.024 0.002 0.033 0.001 0.002 0.940 0.000 0.000 0.002 0.117 0.004 0.000 0.013 0.000 0.001 0.002 0.010 0.014 0.001 0.040 0.001 0.011 0.000 0.004 0.000 0.000 0.000 0.000 0.000 0.000 
19 rattlesnake_vis 30 0.992 0.001 0.989 0.001 0.001 0.052 0.000 0.047 0.018 0.002 0.002 0.001 0.000 0.001 0.000 0.000 0.288 0.001 0.036 0.006 0.028 0.002 0.000 0.000 0.000 0.000 0.000 0.000 0.000 0.004 0.000 0.000 0.000 0.001 0.000 0.002 0.002 0.002 0.001 0.000 0.022 0.000 0.200 0.004 0.001 0.011 0.013 0.001 0.000 0.002 0.001 0.010 0.001 0.006 0.000 0.000 0.000 0.000 
20 crab_vis 30 0.996 0.002 0.935 0.029 0.010 0.002 0.007 0.000 0.001 0.001 0.002 0.002 0.000 0.001 0.000 0.001 0.002 0.616 0.028 0.941 0.003 0.003 0.033 0.001 0.000 0.001 0.351 0.000 0.008 0.001 0.001 0.000 0.001 0.021 0.000 0.000 0.001 0.001 0.009 0.000 0.001 0.000 0.001 0.000 0.000 0.001 0.000 0.001 0.000 0.000 0.000 0.001 0.000 0.000 0.000 0.000 0.000 0.000 
21 frog_vis 30 0.994 0.002 0.002 0.006 0.989 0.002 0.001 0.000 0.001 0.001 0.027 0.001 0.001 0.001 0.000 0.001 0.012 0.014 0.000 0.000 0.004 0.003 0.001 0.001 0.000 0.014 0.000 0.001 0.002 0.053 0.764 0.279 0.001 0.020 0.006 0.000 0.137 0.062 0.000 0.000 0.008 0.000 0.002 0.006 0.000 0.007 0.002 0.001 0.001 0.000 0.002 0.001 0.001 0.001 0.001 0.001 0.001 0.000 
22 gecko_vis 30 0.969 0.001 0.518 0.007 0.001 0.049 0.001 0.000 0.003 0.003 0.000 0.001 0.000 0.000 0.003 0.000 0.015 0.048 0.062 0.002 0.006 0.003 0.019 0.000 0.000 0.000 0.001 0.000 0.002 0.001 0.000 0.000 0.001 0.002 0.000 0.004 0.000 0.000 0.002 0.000 0.001 0.000 0.001 0.000 0.001 0.000 0.001 0.001 0.000 0.001 0.000 0.001 0.000 0.001 0.000 0.000 0.000 0.000 
23 crocodile_vis 30 0.995 0.003 0.991 0.000 0.061 0.002 0.001 0.000 0.007 0.001 0.001 0.001 0.001 0.001 0.001 0.049 0.009 0.897 0.004 0.017 0.928 0.058 0.001 0.000 0.000 0.000 0.001 0.000 0.006 0.002 0.002 0.003 0.003 0.020 0.000 0.001 0.006 0.009 0.001 0.000 0.001 0.000 0.001 0.000 0.000 0.001 0.001 0.013 0.000 0.124 0.000 0.001 0.000 0.166 0.000 0.000 0.001 0.000 
24 axe_vis 30 0.002 0.008 0.001 0.000 0.205 0.996 0.924 0.000 0.277 0.005 0.002 0.001 0.000 0.000 0.000 0.191 0.000 0.099 0.000 0.000 0.003 0.001 0.000 0.000 0.000 0.000 0.001 0.000 0.000 0.002 0.624 0.004 0.000 0.002 0.877 0.000 0.967 0.124 0.001 0.001 0.001 0.000 0.001 0.000 0.000 0.297 0.001 0.024 0.957 0.380 0.001 0.001 0.040 0.168 0.000 0.001 0.119 0.001 
25 hammer_vis 30 0.036 0.000 0.017 0.017 0.000 0.895 0.796 0.005 0.004 0.001 0.001 0.001 0.000 0.000 0.004 0.000 0.009 0.003 0.011 0.001 0.001 0.006 0.009 0.002 0.000 0.000 0.000 0.000 0.000 0.002 0.000 0.000 0.000 0.003 0.001 0.693 0.038 0.045 0.034 0.001 0.001 0.001 0.003 0.073 0.001 0.001 0.001 0.001 0.000 0.001 0.013 0.001 0.002 0.000 0.001 0.000 0.000 0.000 
26 screwdriver_vis 30 0.005 0.006 0.002 0.000 0.053 0.996 0.093 0.001 0.648 0.004 0.001 0.001 0.001 0.004 0.001 0.001 0.001 0.005 0.001 0.000 0.004 0.002 0.000 0.029 0.000 0.006 0.000 0.000 0.001 0.005 0.006 0.008 0.002 0.001 0.008 0.001 0.209 0.005 0.002 0.040 0.003 0.001 0.014 0.016 0.000 0.001 0.036 0.002 0.051 0.009 0.903 0.007 0.003 0.002 0.009 0.001 0.010 0.000 
27 chisel_vis 30 0.012 0.001 0.005 0.000 0.021 0.996 0.019 0.006 0.994 0.001 0.000 0.015 0.000 0.004 0.000 0.002 0.000 0.000 0.001 0.758 0.027 0.001 0.001 0.002 0.000 0.000 0.206 0.000 0.000 0.001 0.000 0.000 0.001 0.399 0.000 0.000 0.005 0.008 0.302 0.002 0.002 0.031 0.001 0.019 0.003 0.020 0.001 0.003 0.948 0.861 0.008 0.878 0.001 0.000 0.000 0.000 0.000 0.000 
28 saw_vis 30 0.012 0.001 0.012 0.014 0.000 0.995 0.993 0.003 0.003 0.001 0.001 0.001 0.000 0.000 0.000 0.000 0.001 0.049 0.013 0.035 0.001 0.010 0.090 0.001 0.001 0.000 0.068 0.000 0.000 0.001 0.000 0.000 0.000 0.119 0.001 0.018 0.002 0.118 0.985 0.029 0.001 0.001 0.001 0.022 0.021 0.019 0.000 0.002 0.000 0.019 0.000 0.001 0.001 0.000 0.000 0.000 0.003 0.000 
29 drill_vis 30 0.004 0.001 0.002 0.027 0.000 0.996 0.993 0.002 0.002 0.001 0.001 0.002 0.000 0.000 0.000 0.000 0.001 0.018 0.002 0.031 0.001 0.002 0.030 0.002 0.002 0.000 0.320 0.000 0.000 0.000 0.000 0.000 0.000 0.052 0.006 0.007 0.001 0.070 0.908 0.641 0.000 0.004 0.001 0.001 0.064 0.006 0.000 0.002 0.002 0.005 0.000 0.001 0.001 0.000 0.000 0.000 0.002 0.004 
30 clamp_vis 30 0.016 0.000 0.101 0.020 0.000 0.916 0.001 0.993 0.006 0.055 0.000 0.001 0.000 0.000 0.000 0.000 0.009 0.000 0.036 0.001 0.001 0.001 0.034 0.006 0.000 0.000 0.000 0.000 0.000 0.001 0.000 0.001 0.000 0.000 0.000 0.001 0.000 0.001 0.003 0.001 0.790 0.157 0.100 0.007 0.149 0.003 0.040 0.001 0.000 0.001 0.044 0.008 0.000 0.002 0.033 0.042 0.000 0.001 
31 hoe_vis 30 0.020 0.000 0.089 0.290 0.000 0.996 0.000 0.969 0.050 0.001 0.000 0.026 0.000 0.000 0.000 0.000 0.000 0.004 0.001 0.072 0.001 0.001 0.143 0.000 0.000 0.008 0.209 0.000 0.000 0.000 0.000 0.000 0.000 0.000 0.000 0.000 0.000 0.088 0.194 0.000 0.011 0.991 0.001 0.052 0.003 0.011 0.001 0.000 0.001 0.422 0.002 0.003 0.000 0.001 0.000 0.003 0.001 0.371 
32 rake_vis 30 0.010 0.000 0.023 0.009 0.000 0.996 0.000 0.986 0.009 0.002 0.000 0.001 0.000 0.000 0.000 0.000 0.000 0.000 0.001 0.015 0.001 0.001 0.018 0.000 0.000 0.000 0.001 0.000 0.000 0.001 0.000 0.000 0.000 0.000 0.000 0.000 0.000 0.003 0.006 0.000 0.002 0.798 0.010 0.010 0.061 0.027 0.001 0.000 0.001 0.034 0.001 0.006 0.000 0.001 0.000 0.010 0.000 0.001 
33 shovel_vis 30 0.012 0.000 0.005 0.002 0.001 0.996 0.003 0.964 0.014 0.001 0.001 0.004 0.000 0.000 0.000 0.000 0.000 0.001 0.001 0.014 0.001 0.001 0.001 0.000 0.000 0.000 0.003 0.000 0.000 0.001 0.000 0.000 0.000 0.001 0.003 0.000 0.000 0.057 0.004 0.000 0.002 0.049 0.001 0.080 0.004 0.917 0.001 0.000 0.063 0.018 0.001 0.006 0.001 0.000 0.000 0.002 0.000 0.000 
34 spade_vis 30 0.004 0.000 0.008 0.002 0.000 0.995 0.000 0.718 0.019 0.014 0.000 0.001 0.000 0.000 0.000 0.000 0.000 0.000 0.001 0.001 0.001 0.001 0.016 0.000 0.001 0.000 0.000 0.000 0.000 0.001 0.000 0.000 0.001 0.000 0.000 0.000 0.000 0.001 0.001 0.000 0.002 0.104 0.002 0.001 0.753 0.005 0.001 0.001 0.000 0.007 0.000 0.004 0.000 0.022 0.000 0.029 0.000 0.000 
35 wrench_vis 30 0.010 0.000 0.004 0.002 0.001 0.997 0.002 0.982 0.012 0.001 0.001 0.003 0.000 0.000 0.000 0.000 0.000 0.002 0.001 0.011 0.001 0.001 0.001 0.000 0.000 0.000 0.002 0.000 0.000 0.001 0.000 0.000 0.000 0.001 0.008 0.000 0.000 0.082 0.002 0.000 0.005 0.073 0.001 0.035 0.015 0.961 0.001 0.000 0.098 0.021 0.000 0.004 0.001 0.001 0.000 0.007 0.000 0.000 
36 accordion_vis 30 0.015 0.001 0.007 0.000 0.020 0.996 0.000 0.041 0.988 0.047 0.000 0.001 0.000 0.003 0.000 0.000 0.000 0.001 0.001 0.001 0.003 0.001 0.001 0.001 0.000 0.001 0.000 0.000 0.000 0.001 0.000 0.006 0.009 0.001 0.000 0.000 0.000 0.000 0.001 0.000 0.001 0.004 0.003 0.013 0.002 0.064 0.807 0.001 0.011 0.432 0.229 0.046 0.000 0.425 0.000 0.008 0.100 0.000 
37 cello_vis 30 0.011 0.001 0.007 0.000 0.027 0.996 0.000 0.016 0.939 0.030 0.001 0.001 0.001 0.012 0.000 0.000 0.000 0.001 0.002 0.001 0.003 0.001 0.001 0.004 0.000 0.004 0.000 0.000 0.000 0.001 0.000 0.015 0.010 0.001 0.000 0.000 0.001 0.000 0.002 0.000 0.002 0.002 0.002 0.003 0.002 0.060 0.687 0.002 0.025 0.106 0.102 0.032 0.000 0.375 0.002 0.024 0.040 0.000 
38 flute_vis 30 0.008 0.001 0.003 0.000 0.037 0.996 0.000 0.001 0.989 0.006 0.000 0.001 0.001 0.003 0.000 0.000 0.000 0.001 0.001 0.001 0.002 0.001 0.000 0.001 0.000 0.003 0.000 0.000 0.001 0.001 0.000 0.013 0.022 0.001 0.000 0.000 0.001 0.001 0.001 0.000 0.001 0.001 0.001 0.002 0.001 0.006 0.930 0.001 0.079 0.319 0.091 0.017 0.000 0.098 0.000 0.001 0.020 0.000 
39 guitar_vis 30 0.039 0.000 0.071 0.000 0.032 0.996 0.000 0.006 0.995 0.001 0.000 0.001 0.000 0.001 0.000 0.000 0.000 0.002 0.001 0.003 0.022 0.003 0.002 0.000 0.000 0.001 0.001 0.000 0.000 0.001 0.000 0.003 0.117 0.002 0.000 0.000 0.000 0.001 0.007 0.000 0.001 0.017 0.001 0.014 0.001 0.015 0.898 0.001 0.005 0.981 0.640 0.106 0.000 0.060 0.000 0.000 0.018 0.000 
40 piano_vis 30 0.008 0.002 0.007 0.000 0.050 0.996 0.000 0.002 0.940 0.058 0.001 0.001 0.001 0.016 0.000 0.000 0.000 0.001 0.002 0.001 0.003 0.001 0.001 0.008 0.000 0.007 0.000 0.000 0.001 0.001 0.000 0.031 0.014 0.001 0.000 0.000 0.001 0.000 0.001 0.000 0.002 0.000 0.001 0.003 0.001 0.003 0.974 0.002 0.037 0.016 0.114 0.029 0.000 0.076 0.005 0.006 0.035 0.000 
41 trumpet_vis 30 0.040 0.000 0.032 0.000 0.033 0.996 0.000 0.024 0.995 0.001 0.000 0.001 0.000 0.004 0.000 0.000 0.000 0.001 0.013 0.001 0.004 0.001 0.001 0.001 0.000 0.002 0.000 0.000 0.000 0.001 0.000 0.004 0.060 0.001 0.000 0.000 0.001 0.000 0.007 0.000 0.002 0.001 0.004 0.094 0.003 0.011 0.987 0.003 0.001 0.410 0.546 0.443 0.000 0.029 0.000 0.000 0.007 0.000 
42 fork_vis 30 0.002 0.001 0.001 0.000 0.103 0.996 0.000 0.000 0.089 0.989 0.000 0.001 0.002 0.000 0.000 0.219 0.000 0.001 0.000 0.000 0.004 0.001 0.000 0.000 0.000 0.000 0.000 0.000 0.001 0.004 0.000 0.007 0.057 0.000 0.000 0.000 0.001 0.001 0.001 0.000 0.001 0.001 0.001 0.000 0.001 0.001 0.007 0.016 0.005 0.175 0.298 0.001 0.017 0.905 0.001 0.002 0.511 0.003 
43 spoon_vis 30 0.005 0.022 0.003 0.000 0.014 0.996 0.000 0.001 0.065 0.988 0.000 0.004 0.005 0.000 0.000 0.021 0.000 0.000 0.000 0.001 0.008 0.001 0.000 0.000 0.000 0.000 0.000 0.000 0.000 0.001 0.000 0.002 0.010 0.000 0.000 0.000 0.000 0.000 0.001 0.000 0.001 0.001 0.001 0.000 0.001 0.001 0.022 0.001 0.032 0.047 0.026 0.001 0.004 0.963 0.000 0.002 0.047 0.001 
44 tongs_vis 30 0.003 0.016 0.003 0.045 0.000 0.995 0.960 0.002 0.004 0.084 0.000 0.001 0.001 0.000 0.106 0.000 0.004 0.001 0.006 0.000 0.001 0.001 0.001 0.785 0.088 0.000 0.002 0.001 0.000 0.002 0.000 0.000 0.000 0.001 0.002 0.448 0.001 0.003 0.013 0.960 0.001 0.001 0.002 0.002 0.006 0.001 0.001 0.002 0.001 0.001 0.001 0.001 0.004 0.000 0.521 0.003 0.000 0.007 
45 ladle_vis 30 0.002 0.001 0.001 0.003 0.001 0.997 0.000 0.004 0.003 0.994 0.000 0.019 0.003 0.000 0.000 0.000 0.001 0.000 0.000 0.001 0.001 0.000 0.000 0.001 0.001 0.000 0.000 0.000 0.000 0.001 0.000 0.001 0.000 0.000 0.000 0.000 0.000 0.000 0.000 0.000 0.001 0.020 0.001 0.000 0.009 0.001 0.001 0.000 0.003 0.002 0.000 0.001 0.007 0.221 0.007 0.708 0.014 0.013 
46 knife_vis 30 0.002 0.002 0.001 0.000 0.191 0.997 0.013 0.000 0.825 0.983 0.000 0.001 0.029 0.000 0.000 0.364 0.000 0.069 0.000 0.000 0.006 0.002 0.000 0.000 0.000 0.002 0.003 0.000 0.032 0.001 0.001 0.014 0.009 0.001 0.011 0.000 0.022 0.005 0.001 0.000 0.001 0.001 0.001 0.000 0.001 0.001 0.008 0.005 0.019 0.977 0.116 0.001 0.002 0.194 0.000 0.001 0.980 0.036 
47 chopsticks_vis 30 0.002 0.001 0.001 0.011 0.002 0.996 0.001 0.001 0.009 0.991 0.000 0.002 0.025 0.000 0.000 0.005 0.006 0.001 0.000 0.000 0.001 0.001 0.001 0.000 0.008 0.000 0.002 0.012 0.000 0.001 0.000 0.001 0.001 0.000 0.001 0.001 0.000 0.002 0.001 0.003 0.001 0.006 0.001 0.000 0.001 0.001 0.001 0.001 0.001 0.011 0.014 0.001 0.093 0.007 0.032 0.026 0.551 0.849 
