0 beaver_vis 30 0.084 0.123 0.001 0.025 0.084 0.174 0.001 0.001 0.896 0.001 0.000 0.010 0.025 0.001 0.000 0.017 0.000 0.001 0.000 0.000 0.000 0.000 0.000 0.036 0.003 0.001 0.005 0.000 0.030 0.102 0.009 0.001 0.000 0.000 0.001 0.001 0.001 0.001 0.002 0.001 0.003 0.002 0.006 0.000 0.001 0.005 0.214 0.130 0.007 0.006 0.160 0.012 0.000 0.001 0.007 0.003 0.001 0.000 
1 bear_vis 30 0.004 0.010 0.001 0.001 0.010 0.969 0.001 0.001 0.995 0.001 0.000 0.019 0.001 0.001 0.000 0.009 0.000 0.000 0.000 0.000 0.000 0.000 0.000 0.028 0.000 0.001 0.000 0.000 0.003 0.100 0.010 0.001 0.000 0.000 0.001 0.357 0.001 0.001 0.002 0.000 0.010 0.001 0.161 0.000 0.001 0.001 0.015 0.669 0.031 0.002 0.864 0.033 0.000 0.001 0.179 0.001 0.001 0.000 
2 sheep_vis 30 0.014 0.045 0.001 0.007 0.021 0.620 0.001 0.001 0.924 0.001 0.000 0.003 0.005 0.000 0.000 0.007 0.000 0.001 0.000 0.000 0.000 0.000 0.000 0.019 0.001 0.000 0.002 0.000 0.007 0.047 0.003 0.001 0.000 0.000 0.001 0.001 0.001 0.001 0.002 0.001 0.008 0.001 0.005 0.000 0.001 0.002 0.067 0.141 0.013 0.003 0.150 0.006 0.000 0.001 0.012 0.002 0.001 0.000 
3 buffalo_vis 30 0.095 0.062 0.001 0.004 0.111 0.676 0.002 0.001 0.976 0.001 0.000 0.051 0.000 0.001 0.000 0.041 0.000 0.000 0.000 0.000 0.001 0.000 0.000 0.097 0.000 0.011 0.001 0.001 0.007 0.211 0.068 0.001 0.000 0.001 0.001 0.814 0.001 0.001 0.002 0.000 0.011 0.001 0.301 0.000 0.001 0.001 0.007 0.618 0.102 0.002 0.699 0.027 0.000 0.001 0.070 0.001 0.001 0.000 
4 poodle_vis 30 0.002 0.016 0.001 0.002 0.005 0.991 0.001 0.002 0.992 0.002 0.000 0.031 0.004 0.001 0.000 0.004 0.000 0.002 0.000 0.000 0.001 0.000 0.000 0.008 0.002 0.000 0.001 0.001 0.005 0.006 0.003 0.001 0.000 0.000 0.001 0.002 0.004 0.001 0.004 0.004 0.001 0.001 0.044 0.000 0.001 0.003 0.631 0.010 0.009 0.008 0.639 0.001 0.001 0.001 0.201 0.002 0.001 0.000 
5 giraffe_vis 30 0.104 0.080 0.001 0.003 0.113 0.683 0.002 0.001 0.977 0.001 0.000 0.071 0.000 0.001 0.000 0.041 0.000 0.000 0.000 0.000 0.001 0.000 0.000 0.082 0.000 0.013 0.001 0.000 0.006 0.154 0.081 0.001 0.000 0.001 0.001 0.725 0.001 0.001 0.002 0.000 0.010 0.001 0.337 0.000 0.001 0.001 0.015 0.594 0.122 0.002 0.593 0.027 0.000 0.001 0.083 0.001 0.001 0.000 
6 robin_vis 30 0.002 0.003 0.001 0.004 0.004 0.996 0.014 0.002 0.935 0.002 0.000 0.005 0.011 0.002 0.000 0.016 0.001 0.040 0.001 0.000 0.002 0.000 0.000 0.027 0.014 0.001 0.002 0.001 0.018 0.016 0.009 0.001 0.001 0.000 0.022 0.003 0.001 0.002 0.004 0.006 0.001 0.002 0.001 0.000 0.001 0.078 0.010 0.011 0.671 0.311 0.014 0.001 0.001 0.002 0.001 0.016 0.001 0.001 
7 swan_vis 30 0.002 0.003 0.003 0.003 0.006 0.996 0.832 0.021 0.055 0.092 0.001 0.033 0.004 0.000 0.005 0.002 0.001 0.276 0.001 0.000 0.039 0.001 0.000 0.007 0.039 0.012 0.008 0.014 0.111 0.006 0.001 0.007 0.001 0.009 0.014 0.034 0.287 0.008 0.073 0.068 0.002 0.001 0.221 0.002 0.001 0.001 0.003 0.001 0.003 0.596 0.016 0.001 0.003 0.205 0.024 0.001 0.202 0.001 
8 woodpecker_vis 30 0.002 0.025 0.001 0.003 0.003 0.992 0.001 0.001 0.991 0.002 0.000 0.012 0.004 0.000 0.000 0.004 0.000 0.001 0.000 0.000 0.000 0.000 0.000 0.006 0.002 0.000 0.001 0.000 0.004 0.002 0.003 0.001 0.000 0.000 0.004 0.001 0.001 0.001 0.002 0.001 0.001 0.001 0.001 0.000 0.001 0.010 0.689 0.020 0.008 0.025 0.048 0.002 0.000 0.001 0.015 0.004 0.001 0.000 
9 peacock_vis 30 0.002 0.004 0.001 0.001 0.007 0.996 0.001 0.002 0.413 0.689 0.000 0.001 0.001 0.001 0.000 0.001 0.001 0.000 0.000 0.000 0.000 0.000 0.000 0.003 0.001 0.000 0.000 0.001 0.000 0.012 0.002 0.001 0.000 0.001 0.000 0.001 0.001 0.000 0.003 0.001 0.001 0.004 0.004 0.000 0.001 0.001 0.349 0.009 0.002 0.001 0.077 0.001 0.013 0.002 0.149 0.020 0.001 0.001 
10 crow_vis 30 0.807 0.022 0.001 0.022 0.372 0.588 0.020 0.006 0.261 0.002 0.000 0.067 0.001 0.331 0.001 0.660 0.001 0.005 0.001 0.000 0.123 0.000 0.000 0.710 0.000 0.166 0.017 0.005 0.020 0.088 0.823 0.010 0.014 0.005 0.001 0.447 0.042 0.001 0.010 0.005 0.021 0.001 0.236 0.001 0.001 0.042 0.006 0.001 0.896 0.057 0.133 0.001 0.001 0.001 0.001 0.003 0.027 0.001 
11 eagle_vis 30 0.002 0.003 0.002 0.005 0.004 0.996 0.418 0.004 0.398 0.042 0.001 0.008 0.007 0.000 0.001 0.003 0.002 0.156 0.001 0.000 0.010 0.001 0.000 0.014 0.030 0.003 0.008 0.002 0.064 0.005 0.002 0.002 0.001 0.001 0.037 0.004 0.098 0.004 0.070 0.025 0.001 0.001 0.002 0.001 0.001 0.007 0.018 0.002 0.004 0.733 0.009 0.001 0.002 0.280 0.003 0.001 0.029 0.001 
12 tuna_vis 30 0.002 0.003 0.001 0.001 0.006 0.986 0.001 0.002 0.990 0.004 0.000 0.002 0.001 0.001 0.000 0.001 0.001 0.000 0.000 0.000 0.000 0.000 0.000 0.010 0.000 0.000 0.000 0.001 0.003 0.086 0.001 0.001 0.000 0.000 0.000 0.083 0.001 0.000 0.003 0.006 0.005 0.002 0.114 0.000 0.001 0.001 0.006 0.075 0.002 0.001 0.982 0.003 0.003 0.001 0.066 0.002 0.001 0.000 
13 goldfish_vis 30 0.002 0.002 0.001 0.001 0.003 0.988 0.003 0.001 0.994 0.001 0.000 0.004 0.000 0.000 0.000 0.004 0.000 0.000 0.000 0.000 0.000 0.000 0.000 0.028 0.000 0.000 0.000 0.000 0.001 0.014 0.003 0.001 0.000 0.000 0.001 0.830 0.001 0.001 0.004 0.001 0.144 0.001 0.029 0.000 0.001 0.001 0.002 0.188 0.035 0.001 0.993 0.005 0.002 0.001 0.011 0.001 0.001 0.000 
14 salmon_vis 30 0.002 0.003 0.001 0.001 0.004 0.983 0.002 0.001 0.992 0.002 0.000 0.004 0.000 0.000 0.000 0.003 0.000 0.000 0.000 0.000 0.000 0.000 0.000 0.021 0.000 0.000 0.000 0.000 0.001 0.016 0.002 0.001 0.000 0.000 0.001 0.623 0.001 0.001 0.007 0.002 0.072 0.002 0.060 0.000 0.001 0.001 0.003 0.064 0.010 0.001 0.993 0.003 0.002 0.001 0.014 0.001 0.001 0.000 
15 sardine_vis 30 0.002 0.002 0.001 0.001 0.004 0.985 0.003 0.001 0.993 0.002 0.000 0.005 0.000 0.000 0.000 0.004 0.000 0.000 0.000 0.000 0.000 0.000 0.000 0.028 0.000 0.000 0.000 0.000 0.001 0.014 0.003 0.001 0.000 0.000 0.001 0.793 0.001 0.001 0.006 0.002 0.124 0.002 0.056 0.000 0.001 0.001 0.002 0.097 0.022 0.001 0.992 0.004 0.002 0.001 0.010 0.001 0.001 0.000 
16 catfish_vis 30 0.002 0.002 0.001 0.001 0.003 0.995 0.060 0.002 0.817 0.004 0.000 0.000 0.001 0.000 0.000 0.003 0.002 0.001 0.000 0.000 0.000 0.000 0.000 0.027 0.000 0.000 0.001 0.001 0.003 0.015 0.001 0.001 0.000 0.001 0.001 0.069 0.002 0.001 0.052 0.046 0.017 0.002 0.002 0.000 0.002 0.001 0.001 0.004 0.010 0.004 0.901 0.001 0.010 0.001 0.003 0.001 0.001 0.000 
17 cod_vis 30 0.002 0.002 0.001 0.001 0.004 0.987 0.003 0.001 0.993 0.001 0.000 0.004 0.000 0.000 0.000 0.004 0.000 0.000 0.000 0.000 0.000 0.000 0.000 0.030 0.000 0.000 0.000 0.000 0.001 0.014 0.003 0.001 0.000 0.000 0.001 0.813 0.001 0.001 0.006 0.002 0.143 0.002 0.053 0.000 0.001 0.001 0.002 0.097 0.022 0.001 0.993 0.004 0.002 0.001 0.009 0.001 0.001 0.000 
18 turtle_vis 30 0.002 0.002 0.001 0.001 0.004 0.990 0.004 0.001 0.994 0.001 0.000 0.001 0.000 0.000 0.000 0.002 0.000 0.000 0.000 0.000 0.000 0.000 0.000 0.014 0.000 0.000 0.000 0.000 0.001 0.040 0.001 0.001 0.000 0.000 0.001 0.369 0.001 0.001 0.007 0.002 0.050 0.002 0.016 0.000 0.002 0.001 0.002 0.195 0.004 0.001 0.991 0.005 0.003 0.001 0.017 0.001 0.001 0.000 
19 rattlesnake_vis 30 0.002 0.002 0.001 0.001 0.003 0.993 0.002 0.001 0.994 0.001 0.000 0.001 0.000 0.000 0.000 0.002 0.000 0.000 0.000 0.000 0.000 0.000 0.000 0.008 0.000 0.000 0.000 0.000 0.001 0.039 0.001 0.001 0.000 0.000 0.001 0.065 0.001 0.001 0.006 0.001 0.025 0.002 0.003 0.000 0.002 0.001 0.003 0.268 0.003 0.001 0.962 0.007 0.002 0.001 0.015 0.001 0.001 0.000 
20 crab_vis 30 0.002 0.003 0.001 0.001 0.004 0.992 0.002 0.001 0.995 0.001 0.000 0.003 0.000 0.000 0.000 0.004 0.000 0.000 0.000 0.000 0.000 0.000 0.000 0.019 0.000 0.000 0.000 0.000 0.001 0.016 0.002 0.001 0.000 0.000 0.000 0.509 0.001 0.001 0.002 0.001 0.105 0.001 0.008 0.000 0.001 0.001 0.003 0.568 0.038 0.001 0.963 0.010 0.001 0.001 0.018 0.001 0.001 0.000 
21 frog_vis 30 0.002 0.002 0.001 0.001 0.004 0.993 0.003 0.001 0.995 0.001 0.000 0.001 0.001 0.000 0.000 0.002 0.000 0.000 0.000 0.000 0.000 0.000 0.000 0.008 0.000 0.000 0.000 0.000 0.002 0.069 0.001 0.001 0.000 0.000 0.001 0.047 0.001 0.001 0.006 0.001 0.017 0.002 0.003 0.000 0.003 0.001 0.002 0.417 0.003 0.001 0.931 0.010 0.002 0.001 0.022 0.001 0.001 0.000 
22 gecko_vis 30 0.002 0.002 0.001 0.001 0.004 0.986 0.001 0.001 0.994 0.001 0.000 0.002 0.000 0.000 0.000 0.003 0.000 0.000 0.000 0.000 0.000 0.000 0.000 0.019 0.000 0.000 0.000 0.000 0.001 0.028 0.002 0.001 0.000 0.000 0.001 0.711 0.000 0.000 0.003 0.001 0.076 0.002 0.036 0.000 0.001 0.001 0.003 0.223 0.008 0.001 0.993 0.007 0.002 0.001 0.016 0.001 0.001 0.000 
23 crocodile_vis 30 0.002 0.002 0.001 0.001 0.005 0.986 0.001 0.001 0.994 0.002 0.000 0.001 0.001 0.000 0.000 0.002 0.000 0.000 0.000 0.000 0.000 0.000 0.000 0.011 0.000 0.000 0.000 0.000 0.003 0.136 0.001 0.001 0.000 0.000 0.001 0.248 0.001 0.000 0.004 0.002 0.014 0.002 0.045 0.000 0.002 0.001 0.002 0.251 0.002 0.001 0.987 0.008 0.003 0.001 0.034 0.001 0.001 0.000 
24 axe_vis 30 0.002 0.017 0.003 0.025 0.006 0.992 0.978 0.003 0.088 0.047 0.002 0.131 0.008 0.001 0.005 0.003 0.001 0.093 0.004 0.001 0.017 0.002 0.001 0.004 0.128 0.014 0.008 0.004 0.134 0.003 0.006 0.029 0.001 0.001 0.990 0.004 0.070 0.022 0.077 0.005 0.001 0.002 0.001 0.009 0.013 0.008 0.010 0.043 0.060 0.079 0.007 0.001 0.001 0.026 0.007 0.006 0.002 0.099 
25 hammer_vis 30 0.002 0.006 0.001 0.002 0.005 0.995 0.065 0.002 0.896 0.003 0.000 0.002 0.001 0.000 0.000 0.002 0.000 0.000 0.000 0.000 0.001 0.000 0.000 0.003 0.001 0.000 0.000 0.001 0.002 0.012 0.001 0.004 0.000 0.000 0.009 0.016 0.001 0.009 0.005 0.002 0.012 0.002 0.001 0.000 0.002 0.002 0.003 0.123 0.191 0.002 0.037 0.002 0.001 0.001 0.014 0.001 0.001 0.001 
26 screwdriver_vis 30 0.002 0.012 0.001 0.002 0.003 0.995 0.001 0.004 0.938 0.002 0.000 0.003 0.001 0.000 0.000 0.002 0.000 0.000 0.000 0.000 0.000 0.000 0.000 0.004 0.001 0.000 0.001 0.001 0.002 0.002 0.001 0.001 0.000 0.000 0.003 0.001 0.001 0.001 0.004 0.001 0.002 0.003 0.001 0.000 0.002 0.013 0.225 0.013 0.010 0.002 0.057 0.002 0.001 0.001 0.011 0.003 0.001 0.000 
27 chisel_vis 30 0.002 0.007 0.001 0.008 0.005 0.995 0.860 0.003 0.129 0.014 0.001 0.033 0.005 0.001 0.001 0.004 0.001 0.059 0.002 0.000 0.006 0.000 0.000 0.005 0.059 0.003 0.005 0.001 0.052 0.005 0.003 0.007 0.001 0.001 0.871 0.005 0.014 0.015 0.007 0.009 0.001 0.002 0.001 0.004 0.001 0.010 0.004 0.017 0.167 0.049 0.008 0.001 0.001 0.003 0.004 0.004 0.001 0.027 
28 saw_vis 30 0.002 0.005 0.003 0.008 0.003 0.992 0.685 0.002 0.147 0.006 0.000 0.009 0.001 0.001 0.001 0.003 0.001 0.006 0.002 0.000 0.003 0.000 0.001 0.012 0.002 0.003 0.002 0.001 0.015 0.003 0.004 0.005 0.000 0.001 0.335 0.005 0.029 0.003 0.146 0.005 0.003 0.002 0.001 0.002 0.010 0.002 0.003 0.023 0.043 0.018 0.025 0.001 0.003 0.005 0.003 0.003 0.001 0.002 
29 drill_vis 30 0.002 0.003 0.001 0.002 0.003 0.990 0.012 0.002 0.629 0.002 0.000 0.000 0.001 0.000 0.000 0.001 0.000 0.000 0.000 0.000 0.000 0.000 0.000 0.006 0.000 0.000 0.000 0.001 0.001 0.003 0.001 0.002 0.000 0.000 0.002 0.003 0.001 0.001 0.045 0.216 0.025 0.012 0.001 0.000 0.019 0.001 0.004 0.036 0.003 0.001 0.966 0.003 0.011 0.001 0.004 0.001 0.001 0.000 
30 clamp_vis 30 0.002 0.003 0.001 0.001 0.003 0.995 0.014 0.001 0.953 0.002 0.000 0.000 0.000 0.000 0.000 0.001 0.000 0.000 0.000 0.000 0.000 0.000 0.000 0.004 0.000 0.000 0.000 0.001 0.001 0.007 0.000 0.001 0.000 0.000 0.001 0.012 0.001 0.002 0.004 0.007 0.050 0.002 0.001 0.000 0.002 0.001 0.003 0.062 0.005 0.001 0.601 0.002 0.002 0.001 0.007 0.001 0.001 0.000 
31 hoe_vis 30 0.002 0.002 0.001 0.003 0.002 0.996 0.001 0.891 0.116 0.003 0.000 0.000 0.001 0.000 0.000 0.001 0.000 0.000 0.000 0.000 0.000 0.000 0.000 0.008 0.000 0.000 0.000 0.001 0.000 0.001 0.001 0.001 0.000 0.000 0.001 0.001 0.001 0.000 0.009 0.002 0.012 0.033 0.001 0.000 0.007 0.004 0.077 0.002 0.002 0.001 0.089 0.002 0.002 0.001 0.001 0.003 0.001 0.000 
32 rake_vis 30 0.002 0.003 0.001 0.001 0.003 0.995 0.010 0.001 0.987 0.002 0.000 0.000 0.000 0.000 0.000 0.002 0.000 0.000 0.000 0.000 0.000 0.000 0.000 0.005 0.000 0.000 0.000 0.001 0.001 0.014 0.001 0.001 0.000 0.000 0.001 0.016 0.001 0.001 0.004 0.004 0.043 0.002 0.001 0.000 0.002 0.001 0.002 0.120 0.005 0.001 0.700 0.003 0.002 0.001 0.007 0.001 0.001 0.000 
33 shovel_vis 30 0.002 0.009 0.001 0.002 0.003 0.995 0.005 0.001 0.974 0.002 0.000 0.002 0.001 0.000 0.000 0.003 0.000 0.000 0.000 0.000 0.001 0.000 0.000 0.005 0.001 0.000 0.001 0.001 0.002 0.003 0.001 0.001 0.000 0.000 0.004 0.001 0.001 0.001 0.005 0.002 0.003 0.002 0.001 0.000 0.001 0.003 0.093 0.059 0.030 0.005 0.060 0.002 0.001 0.001 0.009 0.003 0.001 0.000 
34 spade_vis 30 0.002 0.002 0.001 0.002 0.003 0.995 0.003 0.181 0.495 0.002 0.000 0.000 0.000 0.000 0.000 0.002 0.000 0.000 0.000 0.000 0.000 0.000 0.000 0.011 0.000 0.000 0.000 0.001 0.001 0.003 0.001 0.001 0.000 0.000 0.001 0.003 0.001 0.001 0.020 0.001 0.189 0.046 0.001 0.000 0.020 0.001 0.006 0.022 0.002 0.001 0.096 0.348 0.001 0.001 0.001 0.001 0.001 0.000 
35 wrench_vis 30 0.002 0.011 0.001 0.006 0.006 0.995 0.011 0.012 0.971 0.003 0.000 0.001 0.003 0.000 0.000 0.004 0.000 0.000 0.001 0.000 0.001 0.000 0.000 0.007 0.001 0.000 0.001 0.001 0.003 0.009 0.001 0.003 0.000 0.000 0.009 0.002 0.001 0.003 0.012 0.001 0.003 0.004 0.001 0.000 0.006 0.085 0.246 0.314 0.008 0.010 0.041 0.115 0.001 0.001 0.006 0.006 0.001 0.000 
36 accordion_vis 30 0.002 0.020 0.001 0.007 0.005 0.991 0.002 0.002 0.995 0.004 0.000 0.010 0.005 0.000 0.000 0.004 0.000 0.001 0.000 0.000 0.000 0.000 0.000 0.010 0.003 0.000 0.001 0.001 0.006 0.003 0.003 0.001 0.000 0.000 0.018 0.001 0.001 0.001 0.010 0.001 0.002 0.005 0.001 0.000 0.007 0.017 0.952 0.083 0.008 0.254 0.091 0.002 0.001 0.009 0.014 0.012 0.001 0.000 
37 cello_vis 30 0.002 0.010 0.001 0.005 0.008 0.989 0.009 0.001 0.996 0.002 0.000 0.002 0.001 0.000 0.000 0.005 0.000 0.000 0.000 0.000 0.000 0.000 0.000 0.014 0.000 0.000 0.000 0.001 0.006 0.025 0.002 0.003 0.000 0.000 0.005 0.007 0.001 0.001 0.028 0.001 0.015 0.015 0.001 0.000 0.030 0.001 0.132 0.975 0.010 0.002 0.191 0.184 0.001 0.001 0.014 0.008 0.001 0.000 
38 flute_vis 30 0.003 0.007 0.001 0.016 0.010 0.996 0.098 0.002 0.952 0.006 0.000 0.003 0.021 0.002 0.000 0.027 0.000 0.028 0.001 0.000 0.002 0.000 0.000 0.035 0.028 0.001 0.003 0.001 0.022 0.022 0.011 0.008 0.001 0.000 0.191 0.003 0.001 0.008 0.012 0.010 0.001 0.009 0.001 0.001 0.002 0.124 0.026 0.070 0.841 0.354 0.024 0.001 0.001 0.002 0.003 0.061 0.001 0.002 
39 guitar_vis 30 0.002 0.006 0.001 0.009 0.007 0.996 0.032 0.002 0.937 0.004 0.000 0.003 0.015 0.001 0.000 0.016 0.000 0.023 0.001 0.000 0.002 0.000 0.000 0.023 0.019 0.001 0.002 0.001 0.013 0.014 0.007 0.005 0.001 0.000 0.111 0.002 0.001 0.004 0.009 0.007 0.001 0.006 0.001 0.001 0.002 0.095 0.035 0.044 0.778 0.271 0.021 0.002 0.001 0.002 0.003 0.037 0.001 0.001 
40 piano_vis 30 0.002 0.004 0.001 0.004 0.004 0.990 0.012 0.002 0.934 0.002 0.000 0.000 0.001 0.000 0.000 0.002 0.000 0.000 0.000 0.000 0.000 0.000 0.000 0.007 0.000 0.000 0.000 0.000 0.001 0.006 0.001 0.003 0.000 0.000 0.003 0.003 0.001 0.001 0.054 0.015 0.023 0.021 0.001 0.000 0.052 0.001 0.016 0.093 0.002 0.001 0.842 0.034 0.004 0.001 0.005 0.002 0.001 0.000 
41 trumpet_vis 30 0.002 0.008 0.001 0.003 0.006 0.989 0.010 0.001 0.996 0.002 0.000 0.001 0.001 0.000 0.000 0.005 0.000 0.000 0.000 0.000 0.000 0.000 0.000 0.013 0.000 0.000 0.000 0.001 0.005 0.021 0.001 0.002 0.000 0.000 0.004 0.005 0.001 0.001 0.029 0.001 0.012 0.007 0.001 0.000 0.019 0.001 0.091 0.979 0.009 0.002 0.179 0.143 0.002 0.001 0.010 0.007 0.001 0.000 
42 fork_vis 30 0.002 0.002 0.001 0.002 0.003 0.988 0.006 0.001 0.994 0.003 0.000 0.000 0.000 0.000 0.000 0.003 0.001 0.000 0.000 0.000 0.000 0.000 0.000 0.024 0.000 0.000 0.000 0.001 0.002 0.004 0.001 0.001 0.000 0.000 0.001 0.002 0.002 0.001 0.227 0.002 0.007 0.004 0.001 0.000 0.009 0.001 0.024 0.130 0.002 0.007 0.960 0.004 0.015 0.001 0.001 0.003 0.001 0.000 
43 spoon_vis 30 0.002 0.005 0.001 0.002 0.008 0.995 0.001 0.001 0.962 0.676 0.000 0.001 0.002 0.001 0.000 0.001 0.001 0.000 0.000 0.000 0.000 0.000 0.000 0.010 0.001 0.000 0.001 0.001 0.001 0.004 0.002 0.001 0.001 0.000 0.001 0.001 0.002 0.000 0.044 0.001 0.001 0.002 0.001 0.000 0.002 0.001 0.983 0.004 0.003 0.043 0.103 0.001 0.006 0.445 0.039 0.055 0.001 0.000 
44 tongs_vis 30 0.002 0.004 0.001 0.002 0.003 0.992 0.012 0.001 0.991 0.002 0.000 0.000 0.001 0.000 0.000 0.003 0.000 0.000 0.000 0.000 0.000 0.000 0.000 0.010 0.000 0.000 0.000 0.001 0.001 0.006 0.001 0.002 0.000 0.000 0.001 0.006 0.001 0.001 0.040 0.002 0.019 0.004 0.001 0.000 0.008 0.001 0.008 0.286 0.004 0.001 0.745 0.006 0.004 0.001 0.005 0.002 0.001 0.000 
45 ladle_vis 30 0.002 0.002 0.001 0.002 0.002 0.994 0.001 0.001 0.901 0.096 0.000 0.001 0.001 0.000 0.000 0.001 0.001 0.000 0.000 0.000 0.000 0.000 0.001 0.012 0.000 0.000 0.001 0.001 0.001 0.001 0.001 0.001 0.000 0.000 0.001 0.001 0.002 0.000 0.259 0.012 0.001 0.004 0.001 0.000 0.006 0.001 0.868 0.002 0.002 0.041 0.805 0.001 0.053 0.020 0.002 0.010 0.001 0.000 
46 knife_vis 30 0.005 0.044 0.008 0.004 0.004 0.996 0.013 0.002 0.979 0.007 0.000 0.006 0.214 0.001 0.000 0.126 0.002 0.371 0.002 0.000 0.027 0.001 0.000 0.026 0.006 0.000 0.001 0.001 0.008 0.003 0.004 0.001 0.000 0.000 0.019 0.001 0.006 0.002 0.035 0.002 0.001 0.002 0.001 0.000 0.001 0.309 0.154 0.005 0.042 0.989 0.008 0.001 0.001 0.438 0.001 0.025 0.005 0.001 
47 chopsticks_vis 30 0.002 0.003 0.001 0.003 0.004 0.993 0.009 0.001 0.995 0.003 0.000 0.000 0.001 0.000 0.000 0.004 0.001 0.000 0.000 0.000 0.000 0.000 0.000 0.045 0.000 0.000 0.000 0.001 0.003 0.004 0.001 0.001 0.000 0.000 0.001 0.004 0.001 0.001 0.806 0.003 0.009 0.002 0.001 0.000 0.016 0.001 0.266 0.086 0.003 0.035 0.962 0.005 0.025 0.003 0.002 0.002 0.001 0.000 
