0 beaver_vis 30 0.996 0.969 0.010 0.001 0.002 0.001 0.001 0.001 0.001 0.001 0.054 0.001 0.946 0.006 0.033 0.000 0.182 0.004 0.001 0.000 0.002 0.003 0.000 0.000 0.002 0.001 0.001 0.164 0.001 0.001 0.055 0.003 0.001 0.003 0.003 0.001 0.001 0.005 0.001 0.000 0.001 0.001 0.000 0.001 0.000 0.000 0.000 0.000 0.001 0.000 0.001 0.001 0.035 0.000 0.001 0.000 0.001 0.003 
1 bear_vis 30 0.996 0.067 0.987 0.001 0.189 0.001 0.001 0.001 0.001 0.002 0.001 0.000 0.769 0.000 0.022 0.000 0.010 0.946 0.001 0.101 0.010 0.431 0.000 0.000 0.002 0.001 0.001 0.000 0.024 0.001 0.144 0.119 0.001 0.717 0.001 0.000 0.001 0.003 0.001 0.000 0.260 0.001 0.000 0.003 0.000 0.000 0.001 0.000 0.001 0.000 0.001 0.013 0.705 0.000 0.075 0.001 0.000 0.001 
2 sheep_vis 30 0.996 0.984 0.020 0.001 0.003 0.001 0.001 0.001 0.001 0.001 0.043 0.001 0.979 0.007 0.095 0.000 0.036 0.020 0.001 0.000 0.004 0.004 0.000 0.000 0.004 0.001 0.001 0.036 0.001 0.001 0.147 0.002 0.001 0.044 0.001 0.001 0.001 0.012 0.001 0.000 0.001 0.000 0.000 0.001 0.000 0.000 0.001 0.000 0.001 0.000 0.001 0.001 0.025 0.000 0.001 0.001 0.001 0.002 
3 buffalo_vis 30 0.996 0.128 0.824 0.001 0.083 0.001 0.001 0.001 0.001 0.001 0.001 0.000 0.338 0.000 0.015 0.000 0.006 0.608 0.001 0.019 0.008 0.050 0.000 0.000 0.002 0.001 0.001 0.000 0.009 0.001 0.097 0.010 0.001 0.576 0.001 0.000 0.001 0.001 0.001 0.000 0.118 0.001 0.000 0.002 0.000 0.000 0.001 0.000 0.001 0.000 0.001 0.050 0.469 0.000 0.018 0.001 0.000 0.001 
4 poodle_vis 30 0.996 0.968 0.011 0.001 0.002 0.001 0.001 0.001 0.001 0.001 0.012 0.000 0.415 0.046 0.098 0.001 0.033 0.019 0.000 0.001 0.003 0.008 0.000 0.001 0.004 0.001 0.001 0.004 0.001 0.004 0.037 0.004 0.001 0.003 0.001 0.000 0.001 0.002 0.001 0.000 0.001 0.001 0.000 0.001 0.000 0.000 0.001 0.000 0.001 0.000 0.001 0.001 0.008 0.000 0.002 0.001 0.000 0.002 
5 giraffe_vis 30 0.996 0.324 0.941 0.001 0.081 0.006 0.001 0.001 0.001 0.001 0.001 0.000 0.564 0.001 0.010 0.001 0.004 0.947 0.001 0.010 0.009 0.018 0.000 0.000 0.003 0.001 0.001 0.000 0.013 0.001 0.122 0.004 0.001 0.808 0.001 0.000 0.001 0.001 0.001 0.000 0.006 0.000 0.000 0.001 0.000 0.000 0.002 0.000 0.002 0.000 0.001 0.053 0.104 0.000 0.005 0.001 0.000 0.000 
6 robin_vis 30 0.996 0.235 0.992 0.001 0.506 0.036 0.001 0.001 0.001 0.001 0.001 0.000 0.426 0.000 0.030 0.004 0.023 0.987 0.001 0.044 0.005 0.024 0.000 0.000 0.001 0.001 0.001 0.000 0.004 0.001 0.310 0.028 0.001 0.910 0.001 0.000 0.001 0.001 0.001 0.001 0.017 0.001 0.000 0.002 0.001 0.000 0.005 0.001 0.009 0.000 0.002 0.349 0.343 0.000 0.020 0.001 0.000 0.000 
7 swan_vis 30 0.996 0.155 0.989 0.001 0.506 0.017 0.001 0.001 0.001 0.001 0.001 0.000 0.341 0.000 0.017 0.003 0.017 0.986 0.001 0.032 0.003 0.027 0.000 0.000 0.001 0.001 0.001 0.000 0.004 0.001 0.330 0.017 0.001 0.897 0.001 0.000 0.001 0.001 0.001 0.001 0.011 0.001 0.000 0.002 0.001 0.000 0.004 0.001 0.008 0.000 0.002 0.313 0.242 0.000 0.020 0.001 0.000 0.000 
8 woodpecker_vis 30 0.996 0.108 0.992 0.001 0.490 0.012 0.001 0.001 0.001 0.001 0.001 0.000 0.308 0.000 0.020 0.002 0.030 0.980 0.002 0.114 0.010 0.180 0.000 0.000 0.002 0.002 0.001 0.000 0.010 0.001 0.116 0.077 0.001 0.748 0.001 0.000 0.001 0.001 0.001 0.001 0.009 0.001 0.000 0.002 0.001 0.000 0.002 0.001 0.003 0.000 0.002 0.157 0.356 0.000 0.068 0.001 0.000 0.000 
9 peacock_vis 30 0.996 0.114 0.991 0.001 0.292 0.006 0.001 0.001 0.001 0.001 0.003 0.000 0.219 0.000 0.023 0.001 0.016 0.984 0.002 0.170 0.007 0.372 0.000 0.000 0.002 0.002 0.001 0.000 0.039 0.001 0.031 0.109 0.001 0.746 0.001 0.000 0.001 0.001 0.001 0.001 0.008 0.001 0.000 0.003 0.001 0.000 0.001 0.001 0.001 0.000 0.002 0.102 0.432 0.000 0.122 0.001 0.000 0.000 
10 crow_vis 30 0.996 0.021 0.994 0.001 0.241 0.009 0.001 0.001 0.001 0.001 0.000 0.000 0.492 0.001 0.001 0.416 0.234 0.960 0.009 0.826 0.088 0.147 0.000 0.000 0.063 0.005 0.001 0.000 0.002 0.001 0.306 0.006 0.009 0.650 0.000 0.000 0.001 0.000 0.001 0.000 0.001 0.002 0.001 0.003 0.000 0.000 0.172 0.001 0.024 0.000 0.006 0.641 0.009 0.000 0.010 0.002 0.003 0.000 
11 eagle_vis 30 0.996 0.019 0.992 0.001 0.483 0.134 0.001 0.001 0.001 0.001 0.001 0.000 0.043 0.000 0.075 0.002 0.104 0.972 0.001 0.018 0.003 0.114 0.000 0.000 0.001 0.001 0.001 0.000 0.005 0.001 0.027 0.051 0.001 0.771 0.001 0.000 0.001 0.000 0.001 0.001 0.210 0.001 0.000 0.005 0.001 0.000 0.001 0.001 0.006 0.000 0.002 0.835 0.739 0.000 0.098 0.001 0.000 0.001 
12 tuna_vis 30 0.996 0.004 0.003 0.919 0.062 0.001 0.001 0.001 0.001 0.000 0.049 0.000 0.005 0.001 0.001 0.000 0.000 0.028 0.002 0.000 0.006 0.001 0.014 0.001 0.161 0.003 0.136 0.006 0.160 0.001 0.257 0.002 0.001 0.001 0.038 0.002 0.001 0.007 0.001 0.000 0.046 0.001 0.001 0.005 0.003 0.001 0.000 0.001 0.002 0.000 0.001 0.002 0.000 0.000 0.003 0.000 0.000 0.000 
13 goldfish_vis 30 0.996 0.001 0.020 0.022 0.969 0.001 0.001 0.001 0.001 0.000 0.001 0.000 0.010 0.001 0.001 0.000 0.001 0.035 0.004 0.000 0.006 0.103 0.000 0.000 0.132 0.001 0.008 0.008 0.860 0.005 0.165 0.025 0.001 0.087 0.017 0.001 0.001 0.001 0.001 0.000 0.008 0.001 0.001 0.061 0.001 0.000 0.000 0.000 0.001 0.000 0.004 0.001 0.002 0.000 0.001 0.000 0.000 0.000 
14 salmon_vis 30 0.996 0.002 0.002 0.586 0.507 0.001 0.001 0.001 0.001 0.000 0.001 0.000 0.049 0.002 0.001 0.000 0.000 0.001 0.001 0.000 0.003 0.003 0.001 0.001 0.553 0.003 0.008 0.073 0.086 0.001 0.910 0.002 0.001 0.039 0.006 0.001 0.001 0.002 0.001 0.000 0.007 0.001 0.001 0.020 0.001 0.000 0.000 0.000 0.001 0.000 0.003 0.001 0.000 0.000 0.001 0.000 0.000 0.000 
15 sardine_vis 30 0.996 0.002 0.005 0.980 0.040 0.001 0.001 0.001 0.001 0.000 0.010 0.000 0.002 0.003 0.001 0.000 0.000 0.004 0.011 0.000 0.005 0.006 0.013 0.001 0.538 0.005 0.091 0.012 0.087 0.001 0.067 0.001 0.001 0.001 0.008 0.001 0.002 0.001 0.001 0.000 0.003 0.001 0.001 0.009 0.001 0.001 0.000 0.001 0.001 0.000 0.002 0.002 0.000 0.000 0.002 0.000 0.000 0.000 
16 catfish_vis 30 0.996 0.001 0.054 0.011 0.982 0.001 0.001 0.002 0.001 0.000 0.002 0.000 0.006 0.000 0.001 0.000 0.001 0.084 0.010 0.001 0.004 0.177 0.000 0.000 0.118 0.001 0.009 0.006 0.949 0.011 0.069 0.037 0.001 0.133 0.024 0.002 0.001 0.001 0.001 0.000 0.009 0.001 0.001 0.085 0.001 0.000 0.000 0.000 0.001 0.000 0.005 0.002 0.003 0.000 0.002 0.000 0.000 0.000 
17 cod_vis 30 0.996 0.001 0.001 0.739 0.485 0.001 0.001 0.001 0.001 0.000 0.001 0.000 0.017 0.003 0.001 0.000 0.000 0.001 0.001 0.000 0.003 0.004 0.001 0.001 0.525 0.003 0.009 0.093 0.073 0.001 0.886 0.001 0.001 0.010 0.009 0.001 0.001 0.001 0.001 0.000 0.004 0.001 0.001 0.025 0.001 0.000 0.000 0.000 0.001 0.000 0.003 0.001 0.000 0.000 0.001 0.000 0.000 0.000 
18 turtle_vis 30 0.996 0.001 0.066 0.005 0.989 0.001 0.001 0.002 0.001 0.000 0.001 0.000 0.004 0.001 0.001 0.000 0.001 0.102 0.038 0.000 0.006 0.132 0.000 0.000 0.090 0.001 0.014 0.007 0.982 0.040 0.036 0.020 0.001 0.077 0.043 0.003 0.001 0.001 0.001 0.001 0.005 0.000 0.002 0.112 0.001 0.000 0.000 0.000 0.001 0.000 0.009 0.001 0.002 0.000 0.001 0.000 0.000 0.000 
19 rattlesnake_vis 30 0.996 0.001 0.168 0.005 0.991 0.001 0.001 0.003 0.001 0.000 0.004 0.000 0.002 0.000 0.004 0.000 0.001 0.138 0.003 0.003 0.004 0.413 0.000 0.001 0.035 0.002 0.013 0.001 0.817 0.012 0.178 0.586 0.001 0.190 0.008 0.001 0.001 0.001 0.001 0.001 0.031 0.001 0.001 0.071 0.005 0.000 0.000 0.000 0.001 0.000 0.004 0.005 0.015 0.000 0.008 0.000 0.000 0.000 
20 crab_vis 30 0.996 0.001 0.125 0.003 0.993 0.001 0.001 0.003 0.001 0.000 0.001 0.000 0.005 0.000 0.001 0.000 0.002 0.039 0.071 0.000 0.009 0.088 0.000 0.000 0.037 0.001 0.006 0.014 0.952 0.020 0.115 0.037 0.002 0.022 0.116 0.003 0.001 0.001 0.001 0.001 0.006 0.001 0.003 0.085 0.001 0.000 0.000 0.000 0.001 0.000 0.014 0.001 0.001 0.000 0.001 0.000 0.000 0.000 
21 frog_vis 30 0.996 0.001 0.244 0.003 0.994 0.001 0.001 0.007 0.001 0.000 0.001 0.000 0.004 0.000 0.001 0.000 0.003 0.050 0.050 0.000 0.006 0.177 0.000 0.000 0.036 0.001 0.005 0.011 0.901 0.016 0.226 0.140 0.003 0.026 0.066 0.002 0.001 0.001 0.001 0.001 0.011 0.001 0.003 0.101 0.004 0.000 0.000 0.000 0.001 0.000 0.010 0.001 0.004 0.000 0.003 0.000 0.000 0.000 
22 gecko_vis 30 0.996 0.001 0.047 0.009 0.988 0.001 0.001 0.002 0.001 0.000 0.001 0.000 0.003 0.001 0.001 0.000 0.001 0.061 0.030 0.000 0.006 0.114 0.000 0.001 0.074 0.001 0.015 0.008 0.962 0.029 0.051 0.024 0.002 0.041 0.045 0.002 0.002 0.001 0.001 0.001 0.004 0.001 0.002 0.096 0.001 0.000 0.001 0.000 0.001 0.000 0.011 0.001 0.002 0.000 0.001 0.000 0.000 0.000 
23 crocodile_vis 30 0.996 0.001 0.083 0.009 0.987 0.001 0.001 0.003 0.001 0.000 0.003 0.000 0.003 0.000 0.002 0.000 0.001 0.070 0.004 0.002 0.003 0.278 0.000 0.000 0.057 0.001 0.006 0.003 0.780 0.007 0.125 0.226 0.001 0.142 0.011 0.001 0.001 0.001 0.001 0.001 0.014 0.001 0.001 0.059 0.003 0.000 0.000 0.000 0.001 0.000 0.004 0.004 0.008 0.000 0.005 0.000 0.000 0.000 
24 axe_vis 30 0.028 0.006 0.001 0.002 0.068 0.964 0.989 0.001 0.003 0.001 0.001 0.000 0.009 0.001 0.054 0.000 0.001 0.001 0.000 0.000 0.008 0.000 0.001 0.019 0.001 0.001 0.007 0.020 0.012 0.043 0.001 0.046 0.002 0.027 0.971 0.004 0.076 0.073 0.001 0.004 0.009 0.001 0.001 0.002 0.027 0.001 0.001 0.001 0.062 0.001 0.004 0.001 0.002 0.000 0.001 0.002 0.001 0.043 
25 hammer_vis 30 0.004 0.001 0.001 0.002 0.005 0.994 0.883 0.003 0.007 0.009 0.007 0.001 0.001 0.000 0.002 0.000 0.000 0.001 0.000 0.000 0.001 0.000 0.001 0.106 0.000 0.001 0.002 0.002 0.003 0.012 0.001 0.001 0.001 0.005 0.007 0.970 0.001 0.006 0.006 0.057 0.008 0.001 0.043 0.002 0.003 0.000 0.001 0.000 0.001 0.072 0.001 0.001 0.006 0.000 0.001 0.001 0.003 0.022 
26 screwdriver_vis 30 0.007 0.002 0.001 0.021 0.009 0.953 0.992 0.002 0.007 0.001 0.001 0.000 0.001 0.063 0.001 0.000 0.001 0.001 0.004 0.000 0.024 0.000 0.002 0.005 0.001 0.001 0.011 0.046 0.004 0.033 0.000 0.003 0.007 0.001 0.053 0.001 0.987 0.025 0.007 0.019 0.001 0.003 0.001 0.029 0.066 0.002 0.001 0.000 0.002 0.001 0.052 0.001 0.001 0.000 0.001 0.101 0.010 0.001 
27 chisel_vis 30 0.017 0.004 0.001 0.002 0.030 0.990 0.991 0.010 0.001 0.001 0.002 0.000 0.012 0.000 0.001 0.000 0.000 0.002 0.000 0.000 0.002 0.000 0.001 0.004 0.001 0.001 0.002 0.010 0.005 0.006 0.011 0.002 0.001 0.009 0.014 0.003 0.059 0.942 0.002 0.018 0.014 0.001 0.001 0.020 0.018 0.001 0.001 0.000 0.018 0.000 0.002 0.001 0.074 0.000 0.001 0.001 0.046 0.001 
28 saw_vis 30 0.004 0.001 0.001 0.002 0.007 0.993 0.994 0.002 0.002 0.004 0.001 0.000 0.001 0.000 0.002 0.000 0.001 0.001 0.000 0.000 0.001 0.000 0.000 0.029 0.000 0.001 0.001 0.002 0.002 0.018 0.000 0.001 0.001 0.001 0.005 0.027 0.008 0.011 0.789 0.420 0.003 0.001 0.003 0.004 0.009 0.000 0.001 0.000 0.001 0.002 0.002 0.001 0.025 0.000 0.001 0.001 0.001 0.006 
29 drill_vis 30 0.005 0.001 0.001 0.002 0.014 0.990 0.993 0.002 0.001 0.002 0.001 0.000 0.001 0.000 0.003 0.000 0.000 0.001 0.000 0.000 0.001 0.000 0.000 0.060 0.000 0.001 0.001 0.002 0.001 0.022 0.000 0.004 0.001 0.001 0.002 0.009 0.010 0.003 0.049 0.985 0.001 0.001 0.004 0.002 0.046 0.000 0.001 0.000 0.001 0.004 0.001 0.001 0.004 0.000 0.001 0.000 0.001 0.008 
30 clamp_vis 30 0.015 0.001 0.002 0.002 0.008 0.994 0.004 0.263 0.346 0.003 0.002 0.000 0.001 0.000 0.000 0.000 0.000 0.024 0.001 0.000 0.001 0.000 0.001 0.000 0.001 0.001 0.005 0.000 0.003 0.002 0.002 0.001 0.001 0.016 0.006 0.042 0.001 0.003 0.006 0.001 0.740 0.003 0.015 0.007 0.015 0.005 0.000 0.021 0.176 0.000 0.001 0.009 0.011 0.000 0.012 0.001 0.001 0.001 
31 hoe_vis 30 0.008 0.001 0.004 0.005 0.003 0.990 0.004 0.993 0.001 0.002 0.000 0.000 0.001 0.000 0.000 0.000 0.000 0.001 0.001 0.000 0.001 0.000 0.002 0.000 0.002 0.001 0.001 0.001 0.001 0.000 0.000 0.001 0.001 0.000 0.002 0.000 0.010 0.002 0.060 0.001 0.009 0.929 0.003 0.081 0.304 0.005 0.001 0.001 0.001 0.000 0.001 0.013 0.025 0.000 0.002 0.004 0.001 0.000 
32 rake_vis 30 0.008 0.001 0.014 0.008 0.003 0.992 0.002 0.034 0.951 0.001 0.001 0.000 0.001 0.000 0.000 0.000 0.000 0.018 0.008 0.001 0.001 0.000 0.002 0.000 0.001 0.001 0.001 0.000 0.002 0.000 0.000 0.001 0.001 0.001 0.003 0.001 0.002 0.001 0.001 0.001 0.002 0.006 0.143 0.003 0.029 0.002 0.001 0.035 0.001 0.000 0.002 0.766 0.000 0.000 0.041 0.001 0.000 0.000 
33 shovel_vis 30 0.013 0.001 0.003 0.005 0.006 0.993 0.010 0.992 0.002 0.001 0.001 0.000 0.001 0.000 0.000 0.000 0.000 0.004 0.001 0.002 0.002 0.000 0.002 0.000 0.002 0.001 0.001 0.001 0.003 0.000 0.001 0.001 0.001 0.001 0.003 0.001 0.003 0.021 0.001 0.001 0.016 0.084 0.105 0.035 0.055 0.071 0.001 0.001 0.002 0.000 0.001 0.005 0.003 0.000 0.002 0.002 0.019 0.000 
34 spade_vis 30 0.022 0.001 0.002 0.002 0.010 0.993 0.002 0.024 0.875 0.001 0.000 0.000 0.001 0.000 0.000 0.000 0.000 0.032 0.003 0.000 0.001 0.000 0.001 0.000 0.001 0.001 0.001 0.000 0.001 0.000 0.000 0.001 0.001 0.001 0.006 0.000 0.003 0.001 0.001 0.004 0.001 0.004 0.013 0.003 0.458 0.001 0.001 0.004 0.003 0.000 0.001 0.335 0.000 0.000 0.116 0.001 0.000 0.000 
35 wrench_vis 30 0.008 0.001 0.012 0.005 0.003 0.992 0.001 0.993 0.003 0.002 0.001 0.000 0.001 0.000 0.000 0.000 0.000 0.003 0.001 0.001 0.005 0.001 0.031 0.000 0.005 0.001 0.001 0.001 0.002 0.000 0.002 0.001 0.002 0.001 0.009 0.001 0.001 0.023 0.001 0.001 0.023 0.386 0.023 0.008 0.178 0.698 0.001 0.001 0.022 0.000 0.001 0.010 0.001 0.000 0.003 0.005 0.016 0.000 
36 accordion_vis 30 0.007 0.001 0.001 0.009 0.004 0.991 0.003 0.001 0.994 0.001 0.000 0.002 0.001 0.002 0.001 0.034 0.002 0.002 0.003 0.001 0.002 0.000 0.002 0.028 0.001 0.002 0.001 0.004 0.001 0.026 0.001 0.001 0.011 0.060 0.002 0.004 0.010 0.001 0.003 0.041 0.001 0.001 0.006 0.002 0.001 0.001 0.946 0.008 0.038 0.165 0.032 0.011 0.000 0.002 0.001 0.001 0.002 0.002 
37 cello_vis 30 0.025 0.001 0.116 0.091 0.007 0.915 0.001 0.001 0.982 0.001 0.001 0.001 0.001 0.004 0.000 0.001 0.000 0.891 0.050 0.002 0.246 0.000 0.043 0.000 0.006 0.011 0.866 0.000 0.044 0.004 0.001 0.001 0.002 0.001 0.015 0.002 0.099 0.001 0.005 0.001 0.043 0.001 0.018 0.007 0.007 0.367 0.019 0.989 0.041 0.000 0.920 0.244 0.000 0.000 0.166 0.776 0.001 0.001 
38 flute_vis 30 0.008 0.002 0.002 0.006 0.004 0.993 0.004 0.001 0.993 0.001 0.001 0.001 0.001 0.001 0.001 0.016 0.001 0.017 0.001 0.000 0.012 0.000 0.008 0.001 0.001 0.002 0.003 0.001 0.002 0.001 0.001 0.001 0.008 0.069 0.024 0.001 0.005 0.005 0.001 0.002 0.002 0.015 0.001 0.001 0.041 0.019 0.007 0.039 0.981 0.010 0.014 0.019 0.000 0.000 0.001 0.003 0.003 0.002 
39 guitar_vis 30 0.007 0.002 0.002 0.024 0.004 0.990 0.008 0.002 0.992 0.001 0.001 0.005 0.001 0.001 0.001 0.001 0.001 0.001 0.008 0.000 0.003 0.000 0.031 0.002 0.001 0.001 0.003 0.002 0.001 0.024 0.001 0.001 0.012 0.004 0.061 0.004 0.003 0.001 0.002 0.002 0.001 0.014 0.002 0.001 0.037 0.009 0.013 0.021 0.743 0.849 0.002 0.002 0.000 0.000 0.001 0.003 0.005 0.014 
40 piano_vis 30 0.005 0.001 0.022 0.008 0.003 0.994 0.002 0.001 0.816 0.001 0.001 0.000 0.001 0.001 0.001 0.001 0.001 0.065 0.001 0.001 0.002 0.000 0.001 0.000 0.015 0.001 0.001 0.001 0.004 0.001 0.002 0.001 0.001 0.003 0.001 0.001 0.004 0.001 0.001 0.001 0.001 0.002 0.029 0.029 0.001 0.002 0.004 0.002 0.005 0.000 0.685 0.459 0.000 0.000 0.001 0.001 0.001 0.000 
41 trumpet_vis 30 0.005 0.001 0.015 0.010 0.003 0.993 0.001 0.002 0.992 0.001 0.000 0.000 0.000 0.000 0.000 0.000 0.000 0.007 0.001 0.000 0.001 0.000 0.002 0.000 0.001 0.001 0.001 0.000 0.002 0.000 0.000 0.000 0.001 0.001 0.004 0.001 0.001 0.000 0.007 0.001 0.002 0.010 0.008 0.002 0.032 0.001 0.001 0.099 0.001 0.000 0.005 0.933 0.000 0.000 0.066 0.001 0.000 0.000 
42 fork_vis 30 0.006 0.002 0.006 0.001 0.001 0.995 0.007 0.002 0.001 0.981 0.595 0.001 0.005 0.000 0.001 0.000 0.048 0.128 0.000 0.000 0.001 0.001 0.000 0.000 0.000 0.001 0.001 0.000 0.001 0.001 0.000 0.001 0.001 0.000 0.004 0.014 0.001 0.003 0.006 0.001 0.092 0.001 0.003 0.003 0.001 0.000 0.001 0.001 0.001 0.000 0.001 0.003 0.967 0.000 0.048 0.004 0.015 0.006 
43 spoon_vis 30 0.004 0.010 0.012 0.001 0.001 0.970 0.007 0.001 0.003 0.982 0.001 0.002 0.001 0.010 0.001 0.000 0.035 0.002 0.002 0.001 0.049 0.014 0.001 0.000 0.000 0.001 0.001 0.000 0.000 0.002 0.000 0.001 0.001 0.000 0.076 0.001 0.015 0.001 0.018 0.001 0.001 0.002 0.001 0.001 0.001 0.000 0.002 0.001 0.001 0.001 0.004 0.001 0.007 0.124 0.008 0.929 0.024 0.023 
44 tongs_vis 30 0.017 0.001 0.006 0.001 0.001 0.991 0.002 0.004 0.001 0.959 0.002 0.000 0.001 0.000 0.000 0.000 0.000 0.034 0.001 0.000 0.001 0.000 0.001 0.000 0.000 0.001 0.001 0.000 0.001 0.001 0.000 0.001 0.000 0.000 0.016 0.001 0.001 0.001 0.001 0.001 0.030 0.001 0.002 0.001 0.016 0.000 0.000 0.001 0.001 0.000 0.001 0.003 0.016 0.001 0.980 0.004 0.000 0.064 
45 ladle_vis 30 0.004 0.006 0.020 0.001 0.001 0.979 0.006 0.002 0.002 0.979 0.001 0.001 0.001 0.005 0.001 0.000 0.041 0.002 0.001 0.001 0.025 0.023 0.001 0.000 0.000 0.001 0.001 0.000 0.000 0.001 0.000 0.001 0.001 0.000 0.130 0.000 0.042 0.001 0.021 0.001 0.001 0.012 0.001 0.002 0.001 0.000 0.001 0.001 0.001 0.000 0.005 0.001 0.016 0.032 0.012 0.967 0.026 0.008 
46 knife_vis 30 0.005 0.006 0.002 0.001 0.001 0.995 0.001 0.010 0.005 0.970 0.001 0.002 0.001 0.001 0.001 0.001 0.003 0.002 0.001 0.053 0.001 0.000 0.000 0.000 0.000 0.001 0.001 0.000 0.000 0.002 0.000 0.001 0.001 0.001 0.001 0.001 0.001 0.001 0.001 0.001 0.001 0.013 0.001 0.001 0.001 0.002 0.002 0.001 0.002 0.007 0.001 0.001 0.016 0.016 0.002 0.008 0.980 0.005 
47 chopsticks_vis 30 0.007 0.003 0.002 0.001 0.001 0.989 0.007 0.001 0.001 0.990 0.002 0.001 0.001 0.000 0.004 0.000 0.001 0.011 0.001 0.000 0.001 0.000 0.000 0.000 0.000 0.001 0.001 0.000 0.001 0.001 0.000 0.001 0.000 0.000 0.039 0.002 0.001 0.001 0.014 0.001 0.032 0.001 0.001 0.001 0.003 0.000 0.001 0.005 0.001 0.001 0.001 0.001 0.014 0.012 0.735 0.021 0.001 0.866 
